# nJobs | nMachines
20 5
# Job Weights
40
61
100
42
70
23
72
54
94
86
52
42
8
93
10
1
72
97
64
24
# P_bar : m1 | m2 | m3 | m4 | m5
27 79 22 93 38
92 23 93 22 84
75 66 62 64 62
94 5 53 81 10
18 15 30 94 11
41 51 34 97 93
37 2 27 54 57
58 81 30 82 81
56 12 54 11 10
20 40 77 91 40
2 59 24 23 62
39 32 47 32 49
91 16 39 26 90
81 87 66 22 34
33 78 41 12 11
14 41 46 23 81
88 43 24 34 51
22 94 23 87 21
36 1 68 59 39
65 93 50 2 27
# P_hat : m1 | m2 | m3 | m4 | m5
10.80 31.60 8.80 37.20 15.20
36.80 9.20 37.20 8.80 33.60
30.00 26.40 24.80 25.60 24.80
37.60 2.00 21.20 32.40 4.00
7.20 6.00 12.00 37.60 4.40
16.40 20.40 13.60 38.80 37.20
14.80 0.80 10.80 21.60 22.80
23.20 32.40 12.00 32.80 32.40
22.40 4.80 21.60 4.40 4.00
8.00 16.00 30.80 36.40 16.00
0.80 23.60 9.60 9.20 24.80
15.60 12.80 18.80 12.80 19.60
36.40 6.40 15.60 10.40 36.00
32.40 34.80 26.40 8.80 13.60
13.20 31.20 16.40 4.80 4.40
5.60 16.40 18.40 9.20 32.40
35.20 17.20 9.60 13.60 20.40
8.80 37.60 9.20 34.80 8.40
14.40 0.40 27.20 23.60 15.60
26.00 37.20 20.00 0.80 10.80
