# nJobs | nMachines
20 5
# Job Weights
77
14
86
20
71
63
81
63
11
43
35
46
63
97
44
51
51
100
33
16
# P_bar : m1 | m2 | m3 | m4 | m5
34 5 86 28 8
20 48 35 39 91
57 80 5 55 45
47 43 93 21 55
62 34 74 25 75
40 2 12 88 18
74 87 40 59 59
94 68 95 40 86
9 28 80 90 45
62 84 6 18 89
86 30 92 33 11
13 35 14 10 54
78 42 83 59 38
46 39 49 92 41
83 85 36 15 64
52 34 38 77 98
13 36 43 31 83
70 9 89 85 36
40 96 94 85 61
60 84 33 99 19
# P_hat : m1 | m2 | m3 | m4 | m5
13.60 2.00 34.40 11.20 3.20
8.00 19.20 14.00 15.60 36.40
22.80 32.00 2.00 22.00 18.00
18.80 17.20 37.20 8.40 22.00
24.80 13.60 29.60 10.00 30.00
16.00 0.80 4.80 35.20 7.20
29.60 34.80 16.00 23.60 23.60
37.60 27.20 38.00 16.00 34.40
3.60 11.20 32.00 36.00 18.00
24.80 33.60 2.40 7.20 35.60
34.40 12.00 36.80 13.20 4.40
5.20 14.00 5.60 4.00 21.60
31.20 16.80 33.20 23.60 15.20
18.40 15.60 19.60 36.80 16.40
33.20 34.00 14.40 6.00 25.60
20.80 13.60 15.20 30.80 39.20
5.20 14.40 17.20 12.40 33.20
28.00 3.60 35.60 34.00 14.40
16.00 38.40 37.60 34.00 24.40
24.00 33.60 13.20 39.60 7.60
