# nJobs | nMachines
20 5
# Job Weights
93
77
90
63
63
2
29
15
94
35
69
15
93
34
30
69
6
14
56
8
# P_bar : m1 | m2 | m3 | m4 | m5
53 93 90 65 64
19 79 92 97 38
99 88 35 27 44
62 77 13 25 46
88 94 75 61 66
93 39 55 24 31
34 74 80 97 48
72 46 67 61 27
42 17 3 75 82
65 30 93 92 51
39 62 54 73 90
79 77 67 21 63
9 43 25 29 85
26 98 77 3 36
72 48 38 96 69
29 14 98 51 67
36 45 96 26 81
48 25 20 44 18
57 98 15 56 81
95 30 36 31 72
# P_hat : m1 | m2 | m3 | m4 | m5
21.20 37.20 36.00 26.00 25.60
7.60 31.60 36.80 38.80 15.20
39.60 35.20 14.00 10.80 17.60
24.80 30.80 5.20 10.00 18.40
35.20 37.60 30.00 24.40 26.40
37.20 15.60 22.00 9.60 12.40
13.60 29.60 32.00 38.80 19.20
28.80 18.40 26.80 24.40 10.80
16.80 6.80 1.20 30.00 32.80
26.00 12.00 37.20 36.80 20.40
15.60 24.80 21.60 29.20 36.00
31.60 30.80 26.80 8.40 25.20
3.60 17.20 10.00 11.60 34.00
10.40 39.20 30.80 1.20 14.40
28.80 19.20 15.20 38.40 27.60
11.60 5.60 39.20 20.40 26.80
14.40 18.00 38.40 10.40 32.40
19.20 10.00 8.00 17.60 7.20
22.80 39.20 6.00 22.40 32.40
38.00 12.00 14.40 12.40 28.80
