# nJobs | nMachines
20 5
# Job Weights
77
50
74
94
78
96
47
28
38
44
52
32
70
75
22
83
84
55
12
92
# P_bar : m1 | m2 | m3 | m4 | m5
54 79 16 66 58
83 3 89 58 56
15 11 49 31 20
71 99 15 68 85
77 56 89 78 53
36 70 45 91 35
53 99 60 13 53
38 60 23 59 41
27 5 57 49 69
87 56 64 85 13
76 3 7 85 86
91 61 1 9 72
14 73 63 39 8
29 75 41 41 49
12 47 63 56 47
77 14 47 40 87
32 21 26 54 58
87 86 75 77 18
68 5 77 51 68
94 77 40 31 28
# P_hat : m1 | m2 | m3 | m4 | m5
5.40 7.90 1.60 6.60 5.80
8.30 0.30 8.90 5.80 5.60
1.50 1.10 4.90 3.10 2.00
7.10 9.90 1.50 6.80 8.50
7.70 5.60 8.90 7.80 5.30
3.60 7.00 4.50 9.10 3.50
5.30 9.90 6.00 1.30 5.30
3.80 6.00 2.30 5.90 4.10
2.70 0.50 5.70 4.90 6.90
8.70 5.60 6.40 8.50 1.30
7.60 0.30 0.70 8.50 8.60
9.10 6.10 0.10 0.90 7.20
1.40 7.30 6.30 3.90 0.80
2.90 7.50 4.10 4.10 4.90
1.20 4.70 6.30 5.60 4.70
7.70 1.40 4.70 4.00 8.70
3.20 2.10 2.60 5.40 5.80
8.70 8.60 7.50 7.70 1.80
6.80 0.50 7.70 5.10 6.80
9.40 7.70 4.00 3.10 2.80
