# nJobs | nMachines
20 5
# Job Weights
31
9
25
50
98
23
30
70
38
22
49
17
65
72
36
1
36
32
72
18
# P_bar : m1 | m2 | m3 | m4 | m5
15 28 77 1 45
64 4 36 59 73
64 43 57 95 59
48 93 15 49 63
9 1 81 90 54
91 81 82 78 98
27 77 98 3 39
34 69 97 69 75
42 52 12 99 33
3 28 35 41 8
11 28 84 73 86
54 77 70 28 41
27 42 27 99 41
30 53 37 13 22
9 46 59 59 43
15 49 42 47 34
88 15 57 8 80
55 43 16 92 16
50 65 11 87 37
57 41 34 62 94
# P_hat : m1 | m2 | m3 | m4 | m5
1.50 2.80 7.70 0.10 4.50
6.40 0.40 3.60 5.90 7.30
6.40 4.30 5.70 9.50 5.90
4.80 9.30 1.50 4.90 6.30
0.90 0.10 8.10 9.00 5.40
9.10 8.10 8.20 7.80 9.80
2.70 7.70 9.80 0.30 3.90
3.40 6.90 9.70 6.90 7.50
4.20 5.20 1.20 9.90 3.30
0.30 2.80 3.50 4.10 0.80
1.10 2.80 8.40 7.30 8.60
5.40 7.70 7.00 2.80 4.10
2.70 4.20 2.70 9.90 4.10
3.00 5.30 3.70 1.30 2.20
0.90 4.60 5.90 5.90 4.30
1.50 4.90 4.20 4.70 3.40
8.80 1.50 5.70 0.80 8.00
5.50 4.30 1.60 9.20 1.60
5.00 6.50 1.10 8.70 3.70
5.70 4.10 3.40 6.20 9.40
