# nJobs | nMachines
20 20
# Job Weights
94
34
14
52
10
96
34
1
93
57
30
50
86
13
21
38
70
65
79
90
# P_bar : m1 | m2 | m3 | m4 | m5 | m6 | m7 | m8 | m9 | m10 | m11 | m12 | m13 | m14 | m15 | m16 | m17 | m18 | m19 | m20
55 74 99 34 59 20 94 12 76 12 97 50 5 76 84 4 75 79 18 99
56 41 82 67 33 35 43 8 4 78 44 71 87 5 21 24 39 35 85 52
21 10 14 16 71 25 68 15 45 58 93 27 66 59 4 88 38 97 7 21
77 36 14 83 49 81 77 21 25 13 11 86 33 52 37 53 72 68 2 41
83 69 63 64 22 19 42 75 23 22 74 24 2 16 72 7 26 93 93 69
43 1 67 32 6 4 75 84 77 53 69 58 32 14 86 35 50 29 20 88
11 21 16 43 68 42 17 29 3 92 60 20 43 3 17 45 83 94 50 80
64 72 46 67 14 58 85 15 20 7 95 12 16 1 96 45 15 14 95 83
59 37 28 37 36 18 54 26 49 62 83 61 96 24 38 43 71 84 3 4
37 54 91 79 17 19 83 83 35 94 97 57 22 47 43 31 13 29 30 99
96 88 69 31 30 73 30 38 29 8 37 34 17 19 13 58 94 35 44 59
27 65 34 41 83 14 52 32 59 81 86 64 75 76 81 88 16 13 97 47
9 97 9 3 94 44 89 13 14 5 61 43 31 13 12 52 28 51 13 92
63 71 7 11 53 13 54 10 94 24 68 94 62 67 57 99 17 49 7 11
82 13 43 71 30 11 74 23 11 98 87 37 76 7 62 87 95 40 72 73
31 90 62 21 74 55 86 28 17 85 19 13 30 7 87 47 65 11 49 31
27 88 29 26 24 91 27 42 80 75 12 28 8 14 90 32 84 98 83 70
67 39 70 98 47 51 22 68 70 57 39 2 34 99 94 24 93 61 75 15
82 46 28 39 76 42 24 78 20 37 85 82 35 5 94 99 98 19 63 57
65 89 62 73 28 47 11 39 25 96 6 10 73 11 81 22 65 53 47 19
# P_hat : m1 | m2 | m3 | m4 | m5 | m6 | m7 | m8 | m9 | m10 | m11 | m12 | m13 | m14 | m15 | m16 | m17 | m18 | m19 | m20
27.50 37.00 49.50 17.00 29.50 10.00 47.00 6.00 38.00 6.00 48.50 25.00 2.50 38.00 42.00 2.00 37.50 39.50 9.00 49.50
28.00 20.50 41.00 33.50 16.50 17.50 21.50 4.00 2.00 39.00 22.00 35.50 43.50 2.50 10.50 12.00 19.50 17.50 42.50 26.00
10.50 5.00 7.00 8.00 35.50 12.50 34.00 7.50 22.50 29.00 46.50 13.50 33.00 29.50 2.00 44.00 19.00 48.50 3.50 10.50
38.50 18.00 7.00 41.50 24.50 40.50 38.50 10.50 12.50 6.50 5.50 43.00 16.50 26.00 18.50 26.50 36.00 34.00 1.00 20.50
41.50 34.50 31.50 32.00 11.00 9.50 21.00 37.50 11.50 11.00 37.00 12.00 1.00 8.00 36.00 3.50 13.00 46.50 46.50 34.50
21.50 0.50 33.50 16.00 3.00 2.00 37.50 42.00 38.50 26.50 34.50 29.00 16.00 7.00 43.00 17.50 25.00 14.50 10.00 44.00
5.50 10.50 8.00 21.50 34.00 21.00 8.50 14.50 1.50 46.00 30.00 10.00 21.50 1.50 8.50 22.50 41.50 47.00 25.00 40.00
32.00 36.00 23.00 33.50 7.00 29.00 42.50 7.50 10.00 3.50 47.50 6.00 8.00 0.50 48.00 22.50 7.50 7.00 47.50 41.50
29.50 18.50 14.00 18.50 18.00 9.00 27.00 13.00 24.50 31.00 41.50 30.50 48.00 12.00 19.00 21.50 35.50 42.00 1.50 2.00
18.50 27.00 45.50 39.50 8.50 9.50 41.50 41.50 17.50 47.00 48.50 28.50 11.00 23.50 21.50 15.50 6.50 14.50 15.00 49.50
48.00 44.00 34.50 15.50 15.00 36.50 15.00 19.00 14.50 4.00 18.50 17.00 8.50 9.50 6.50 29.00 47.00 17.50 22.00 29.50
13.50 32.50 17.00 20.50 41.50 7.00 26.00 16.00 29.50 40.50 43.00 32.00 37.50 38.00 40.50 44.00 8.00 6.50 48.50 23.50
4.50 48.50 4.50 1.50 47.00 22.00 44.50 6.50 7.00 2.50 30.50 21.50 15.50 6.50 6.00 26.00 14.00 25.50 6.50 46.00
31.50 35.50 3.50 5.50 26.50 6.50 27.00 5.00 47.00 12.00 34.00 47.00 31.00 33.50 28.50 49.50 8.50 24.50 3.50 5.50
41.00 6.50 21.50 35.50 15.00 5.50 37.00 11.50 5.50 49.00 43.50 18.50 38.00 3.50 31.00 43.50 47.50 20.00 36.00 36.50
15.50 45.00 31.00 10.50 37.00 27.50 43.00 14.00 8.50 42.50 9.50 6.50 15.00 3.50 43.50 23.50 32.50 5.50 24.50 15.50
13.50 44.00 14.50 13.00 12.00 45.50 13.50 21.00 40.00 37.50 6.00 14.00 4.00 7.00 45.00 16.00 42.00 49.00 41.50 35.00
33.50 19.50 35.00 49.00 23.50 25.50 11.00 34.00 35.00 28.50 19.50 1.00 17.00 49.50 47.00 12.00 46.50 30.50 37.50 7.50
41.00 23.00 14.00 19.50 38.00 21.00 12.00 39.00 10.00 18.50 42.50 41.00 17.50 2.50 47.00 49.50 49.00 9.50 31.50 28.50
32.50 44.50 31.00 36.50 14.00 23.50 5.50 19.50 12.50 48.00 3.00 5.00 36.50 5.50 40.50 11.00 32.50 26.50 23.50 9.50
