# nJobs | nMachines
20 10
# Job Weights
19
18
70
5
63
2
7
63
13
34
20
53
56
9
34
56
80
12
39
80
# P_bar : m1 | m2 | m3 | m4 | m5 | m6 | m7 | m8 | m9 | m10
64 43 9 38 2 79 16 85 89 69
44 97 87 85 74 18 95 77 6 88
58 49 3 29 16 99 26 74 41 24
7 2 15 26 21 75 25 17 22 41
69 54 55 23 10 47 71 38 68 53
12 12 5 28 98 96 50 42 83 8
5 31 8 19 74 6 38 20 79 58
69 52 94 10 84 22 15 68 69 19
46 29 60 72 55 3 85 93 44 50
23 98 18 33 19 29 20 15 64 21
95 46 20 21 20 12 25 28 77 43
24 83 65 79 37 53 67 91 46 18
58 78 50 55 90 42 7 32 76 74
88 52 76 69 76 61 12 56 64 50
46 63 75 38 10 49 50 70 25 20
65 66 7 15 81 56 8 51 55 81
31 45 82 58 27 9 82 9 30 98
84 49 49 36 52 6 5 94 89 92
4 21 3 11 21 54 9 63 96 21
73 13 56 98 1 57 41 33 71 83
# P_hat : m1 | m2 | m3 | m4 | m5 | m6 | m7 | m8 | m9 | m10
25.60 17.20 3.60 15.20 0.80 31.60 6.40 34.00 35.60 27.60
17.60 38.80 34.80 34.00 29.60 7.20 38.00 30.80 2.40 35.20
23.20 19.60 1.20 11.60 6.40 39.60 10.40 29.60 16.40 9.60
2.80 0.80 6.00 10.40 8.40 30.00 10.00 6.80 8.80 16.40
27.60 21.60 22.00 9.20 4.00 18.80 28.40 15.20 27.20 21.20
4.80 4.80 2.00 11.20 39.20 38.40 20.00 16.80 33.20 3.20
2.00 12.40 3.20 7.60 29.60 2.40 15.20 8.00 31.60 23.20
27.60 20.80 37.60 4.00 33.60 8.80 6.00 27.20 27.60 7.60
18.40 11.60 24.00 28.80 22.00 1.20 34.00 37.20 17.60 20.00
9.20 39.20 7.20 13.20 7.60 11.60 8.00 6.00 25.60 8.40
38.00 18.40 8.00 8.40 8.00 4.80 10.00 11.20 30.80 17.20
9.60 33.20 26.00 31.60 14.80 21.20 26.80 36.40 18.40 7.20
23.20 31.20 20.00 22.00 36.00 16.80 2.80 12.80 30.40 29.60
35.20 20.80 30.40 27.60 30.40 24.40 4.80 22.40 25.60 20.00
18.40 25.20 30.00 15.20 4.00 19.60 20.00 28.00 10.00 8.00
26.00 26.40 2.80 6.00 32.40 22.40 3.20 20.40 22.00 32.40
12.40 18.00 32.80 23.20 10.80 3.60 32.80 3.60 12.00 39.20
33.60 19.60 19.60 14.40 20.80 2.40 2.00 37.60 35.60 36.80
1.60 8.40 1.20 4.40 8.40 21.60 3.60 25.20 38.40 8.40
29.20 5.20 22.40 39.20 0.40 22.80 16.40 13.20 28.40 33.20
