# nJobs | nMachines
50 20
# Job Weights
88
22
2
44
64
70
99
16
70
55
40
83
63
33
25
98
83
46
52
39
98
77
83
72
57
54
93
91
16
24
40
98
54
80
41
75
95
37
23
58
74
39
91
19
60
37
72
98
69
73
# P_bar : m1 | m2 | m3 | m4 | m5 | m6 | m7 | m8 | m9 | m10 | m11 | m12 | m13 | m14 | m15 | m16 | m17 | m18 | m19 | m20
25 77 2 2 86 68 47 2 91 64 35 76 87 78 30 63 69 62 30 37
14 67 27 8 85 82 44 51 66 49 21 89 61 45 86 18 45 71 63 2
99 89 92 28 80 27 33 72 32 4 89 41 91 82 47 23 63 98 24 36
5 40 7 1 21 7 15 39 65 45 51 75 63 71 86 55 62 10 57 60
68 6 64 17 79 47 31 67 75 21 47 35 65 80 3 25 63 28 8 82
98 5 44 76 59 59 53 57 89 56 64 45 95 67 38 47 19 46 4 50
72 85 84 43 67 96 44 19 82 19 57 68 70 35 82 91 44 8 17 46
39 62 76 79 27 94 8 11 11 75 71 3 60 72 91 8 2 9 97 87
79 19 43 88 29 65 22 18 82 3 48 71 34 92 83 14 14 43 38 27
13 73 18 13 5 19 88 75 33 96 50 94 4 96 59 7 8 74 66 24
24 55 27 3 13 82 30 24 64 97 78 76 39 31 98 37 61 93 35 69
14 24 91 2 8 44 1 96 82 17 43 88 44 24 17 74 79 62 86 91
82 18 23 39 84 33 24 61 53 53 40 1 87 41 54 56 72 99 7 10
90 64 17 39 42 13 81 68 67 38 33 29 50 35 37 88 90 82 85 80
28 41 84 16 15 88 83 1 21 25 59 59 71 79 33 9 2 67 10 74
50 55 90 95 18 93 96 35 24 7 81 21 50 63 34 14 7 45 3 14
75 37 98 40 13 78 10 21 44 25 46 34 82 74 29 64 82 22 59 51
86 44 93 13 18 4 86 9 59 24 35 55 80 58 5 40 9 21 74 40
57 45 96 27 75 57 15 27 39 82 28 85 75 61 88 22 12 97 52 95
4 5 56 73 23 44 98 63 84 53 57 54 30 50 89 10 94 73 78 51
73 26 99 7 5 44 3 52 6 32 14 98 74 44 28 17 68 88 40 54
82 34 78 62 60 42 27 27 83 57 92 2 43 68 23 16 99 51 84 66
22 9 23 35 96 15 92 12 10 83 29 53 48 98 21 1 27 89 39 62
75 65 70 40 32 68 23 70 72 61 40 89 10 87 95 52 85 37 4 25
6 23 96 68 98 95 13 27 96 59 54 56 81 39 62 11 37 58 44 15
32 89 3 95 26 81 82 26 13 4 10 79 53 61 9 10 3 7 62 27
92 86 69 34 67 73 53 11 64 56 22 61 56 96 92 17 5 41 1 89
84 22 68 12 94 26 93 28 42 75 39 54 97 87 98 49 9 2 67 90
54 97 75 60 17 76 31 72 11 16 33 72 76 93 98 60 67 69 12 2
37 59 85 6 90 52 79 96 20 18 92 22 18 87 60 81 17 44 7 4
73 24 45 66 49 27 32 76 18 70 85 97 21 95 14 79 81 19 61 89
16 45 36 74 39 55 27 37 77 88 38 89 33 22 42 71 33 57 95 11
26 70 80 26 97 7 2 9 30 53 44 96 69 89 4 22 85 56 15 34
50 66 56 77 3 85 64 2 35 61 60 73 19 4 78 44 89 75 96 64
36 33 39 20 13 53 57 79 91 37 66 40 50 18 29 27 19 61 67 11
97 86 35 45 52 63 62 50 11 57 57 52 99 77 47 3 93 34 23 36
94 86 8 81 50 98 30 52 27 16 62 63 63 25 13 34 54 89 2 73
57 23 28 34 32 62 79 47 15 72 59 29 37 51 50 20 41 95 74 70
91 7 78 30 16 16 11 37 12 53 10 7 85 2 16 30 16 71 70 85
39 80 29 54 59 71 66 93 15 76 34 66 5 49 4 5 76 57 13 82
16 24 39 12 79 45 86 64 73 75 23 11 59 20 80 42 21 91 90 60
55 96 87 38 8 66 10 68 20 69 82 47 18 41 12 63 11 61 17 19
47 24 75 87 16 60 34 5 56 35 94 11 61 4 31 20 78 24 11 30
33 74 97 63 4 82 97 57 24 35 48 68 68 50 69 43 45 25 22 5
30 62 22 69 7 63 47 37 63 20 85 77 82 50 57 1 85 10 64 20
50 43 61 22 45 54 38 47 35 79 88 29 70 67 77 81 82 8 27 45
87 6 88 81 4 22 29 3 81 22 20 8 24 95 61 83 32 81 13 77
85 83 22 91 94 13 11 51 15 52 32 22 35 41 92 99 48 38 76 31
71 75 7 90 64 74 89 27 48 4 57 13 90 51 84 58 76 99 79 70
2 77 19 47 79 90 51 96 51 97 82 18 94 31 92 69 33 11 81 46
# P_hat : m1 | m2 | m3 | m4 | m5 | m6 | m7 | m8 | m9 | m10 | m11 | m12 | m13 | m14 | m15 | m16 | m17 | m18 | m19 | m20
10.00 30.80 0.80 0.80 34.40 27.20 18.80 0.80 36.40 25.60 14.00 30.40 34.80 31.20 12.00 25.20 27.60 24.80 12.00 14.80
5.60 26.80 10.80 3.20 34.00 32.80 17.60 20.40 26.40 19.60 8.40 35.60 24.40 18.00 34.40 7.20 18.00 28.40 25.20 0.80
39.60 35.60 36.80 11.20 32.00 10.80 13.20 28.80 12.80 1.60 35.60 16.40 36.40 32.80 18.80 9.20 25.20 39.20 9.60 14.40
2.00 16.00 2.80 0.40 8.40 2.80 6.00 15.60 26.00 18.00 20.40 30.00 25.20 28.40 34.40 22.00 24.80 4.00 22.80 24.00
27.20 2.40 25.60 6.80 31.60 18.80 12.40 26.80 30.00 8.40 18.80 14.00 26.00 32.00 1.20 10.00 25.20 11.20 3.20 32.80
39.20 2.00 17.60 30.40 23.60 23.60 21.20 22.80 35.60 22.40 25.60 18.00 38.00 26.80 15.20 18.80 7.60 18.40 1.60 20.00
28.80 34.00 33.60 17.20 26.80 38.40 17.60 7.60 32.80 7.60 22.80 27.20 28.00 14.00 32.80 36.40 17.60 3.20 6.80 18.40
15.60 24.80 30.40 31.60 10.80 37.60 3.20 4.40 4.40 30.00 28.40 1.20 24.00 28.80 36.40 3.20 0.80 3.60 38.80 34.80
31.60 7.60 17.20 35.20 11.60 26.00 8.80 7.20 32.80 1.20 19.20 28.40 13.60 36.80 33.20 5.60 5.60 17.20 15.20 10.80
5.20 29.20 7.20 5.20 2.00 7.60 35.20 30.00 13.20 38.40 20.00 37.60 1.60 38.40 23.60 2.80 3.20 29.60 26.40 9.60
9.60 22.00 10.80 1.20 5.20 32.80 12.00 9.60 25.60 38.80 31.20 30.40 15.60 12.40 39.20 14.80 24.40 37.20 14.00 27.60
5.60 9.60 36.40 0.80 3.20 17.60 0.40 38.40 32.80 6.80 17.20 35.20 17.60 9.60 6.80 29.60 31.60 24.80 34.40 36.40
32.80 7.20 9.20 15.60 33.60 13.20 9.60 24.40 21.20 21.20 16.00 0.40 34.80 16.40 21.60 22.40 28.80 39.60 2.80 4.00
36.00 25.60 6.80 15.60 16.80 5.20 32.40 27.20 26.80 15.20 13.20 11.60 20.00 14.00 14.80 35.20 36.00 32.80 34.00 32.00
11.20 16.40 33.60 6.40 6.00 35.20 33.20 0.40 8.40 10.00 23.60 23.60 28.40 31.60 13.20 3.60 0.80 26.80 4.00 29.60
20.00 22.00 36.00 38.00 7.20 37.20 38.40 14.00 9.60 2.80 32.40 8.40 20.00 25.20 13.60 5.60 2.80 18.00 1.20 5.60
30.00 14.80 39.20 16.00 5.20 31.20 4.00 8.40 17.60 10.00 18.40 13.60 32.80 29.60 11.60 25.60 32.80 8.80 23.60 20.40
34.40 17.60 37.20 5.20 7.20 1.60 34.40 3.60 23.60 9.60 14.00 22.00 32.00 23.20 2.00 16.00 3.60 8.40 29.60 16.00
22.80 18.00 38.40 10.80 30.00 22.80 6.00 10.80 15.60 32.80 11.20 34.00 30.00 24.40 35.20 8.80 4.80 38.80 20.80 38.00
1.60 2.00 22.40 29.20 9.20 17.60 39.20 25.20 33.60 21.20 22.80 21.60 12.00 20.00 35.60 4.00 37.60 29.20 31.20 20.40
29.20 10.40 39.60 2.80 2.00 17.60 1.20 20.80 2.40 12.80 5.60 39.20 29.60 17.60 11.20 6.80 27.20 35.20 16.00 21.60
32.80 13.60 31.20 24.80 24.00 16.80 10.80 10.80 33.20 22.80 36.80 0.80 17.20 27.20 9.20 6.40 39.60 20.40 33.60 26.40
8.80 3.60 9.20 14.00 38.40 6.00 36.80 4.80 4.00 33.20 11.60 21.20 19.20 39.20 8.40 0.40 10.80 35.60 15.60 24.80
30.00 26.00 28.00 16.00 12.80 27.20 9.20 28.00 28.80 24.40 16.00 35.60 4.00 34.80 38.00 20.80 34.00 14.80 1.60 10.00
2.40 9.20 38.40 27.20 39.20 38.00 5.20 10.80 38.40 23.60 21.60 22.40 32.40 15.60 24.80 4.40 14.80 23.20 17.60 6.00
12.80 35.60 1.20 38.00 10.40 32.40 32.80 10.40 5.20 1.60 4.00 31.60 21.20 24.40 3.60 4.00 1.20 2.80 24.80 10.80
36.80 34.40 27.60 13.60 26.80 29.20 21.20 4.40 25.60 22.40 8.80 24.40 22.40 38.40 36.80 6.80 2.00 16.40 0.40 35.60
33.60 8.80 27.20 4.80 37.60 10.40 37.20 11.20 16.80 30.00 15.60 21.60 38.80 34.80 39.20 19.60 3.60 0.80 26.80 36.00
21.60 38.80 30.00 24.00 6.80 30.40 12.40 28.80 4.40 6.40 13.20 28.80 30.40 37.20 39.20 24.00 26.80 27.60 4.80 0.80
14.80 23.60 34.00 2.40 36.00 20.80 31.60 38.40 8.00 7.20 36.80 8.80 7.20 34.80 24.00 32.40 6.80 17.60 2.80 1.60
29.20 9.60 18.00 26.40 19.60 10.80 12.80 30.40 7.20 28.00 34.00 38.80 8.40 38.00 5.60 31.60 32.40 7.60 24.40 35.60
6.40 18.00 14.40 29.60 15.60 22.00 10.80 14.80 30.80 35.20 15.20 35.60 13.20 8.80 16.80 28.40 13.20 22.80 38.00 4.40
10.40 28.00 32.00 10.40 38.80 2.80 0.80 3.60 12.00 21.20 17.60 38.40 27.60 35.60 1.60 8.80 34.00 22.40 6.00 13.60
20.00 26.40 22.40 30.80 1.20 34.00 25.60 0.80 14.00 24.40 24.00 29.20 7.60 1.60 31.20 17.60 35.60 30.00 38.40 25.60
14.40 13.20 15.60 8.00 5.20 21.20 22.80 31.60 36.40 14.80 26.40 16.00 20.00 7.20 11.60 10.80 7.60 24.40 26.80 4.40
38.80 34.40 14.00 18.00 20.80 25.20 24.80 20.00 4.40 22.80 22.80 20.80 39.60 30.80 18.80 1.20 37.20 13.60 9.20 14.40
37.60 34.40 3.20 32.40 20.00 39.20 12.00 20.80 10.80 6.40 24.80 25.20 25.20 10.00 5.20 13.60 21.60 35.60 0.80 29.20
22.80 9.20 11.20 13.60 12.80 24.80 31.60 18.80 6.00 28.80 23.60 11.60 14.80 20.40 20.00 8.00 16.40 38.00 29.60 28.00
36.40 2.80 31.20 12.00 6.40 6.40 4.40 14.80 4.80 21.20 4.00 2.80 34.00 0.80 6.40 12.00 6.40 28.40 28.00 34.00
15.60 32.00 11.60 21.60 23.60 28.40 26.40 37.20 6.00 30.40 13.60 26.40 2.00 19.60 1.60 2.00 30.40 22.80 5.20 32.80
6.40 9.60 15.60 4.80 31.60 18.00 34.40 25.60 29.20 30.00 9.20 4.40 23.60 8.00 32.00 16.80 8.40 36.40 36.00 24.00
22.00 38.40 34.80 15.20 3.20 26.40 4.00 27.20 8.00 27.60 32.80 18.80 7.20 16.40 4.80 25.20 4.40 24.40 6.80 7.60
18.80 9.60 30.00 34.80 6.40 24.00 13.60 2.00 22.40 14.00 37.60 4.40 24.40 1.60 12.40 8.00 31.20 9.60 4.40 12.00
13.20 29.60 38.80 25.20 1.60 32.80 38.80 22.80 9.60 14.00 19.20 27.20 27.20 20.00 27.60 17.20 18.00 10.00 8.80 2.00
12.00 24.80 8.80 27.60 2.80 25.20 18.80 14.80 25.20 8.00 34.00 30.80 32.80 20.00 22.80 0.40 34.00 4.00 25.60 8.00
20.00 17.20 24.40 8.80 18.00 21.60 15.20 18.80 14.00 31.60 35.20 11.60 28.00 26.80 30.80 32.40 32.80 3.20 10.80 18.00
34.80 2.40 35.20 32.40 1.60 8.80 11.60 1.20 32.40 8.80 8.00 3.20 9.60 38.00 24.40 33.20 12.80 32.40 5.20 30.80
34.00 33.20 8.80 36.40 37.60 5.20 4.40 20.40 6.00 20.80 12.80 8.80 14.00 16.40 36.80 39.60 19.20 15.20 30.40 12.40
28.40 30.00 2.80 36.00 25.60 29.60 35.60 10.80 19.20 1.60 22.80 5.20 36.00 20.40 33.60 23.20 30.40 39.60 31.60 28.00
0.80 30.80 7.60 18.80 31.60 36.00 20.40 38.40 20.40 38.80 32.80 7.20 37.60 12.40 36.80 27.60 13.20 4.40 32.40 18.40
