# nJobs | nMachines
50 10
# Job Weights
71
82
66
83
43
53
88
82
68
13
25
77
28
12
6
83
2
3
17
39
41
44
74
72
50
19
1
85
21
70
42
24
88
100
61
16
32
90
55
17
9
86
43
63
37
92
66
63
54
59
# P_bar : m1 | m2 | m3 | m4 | m5 | m6 | m7 | m8 | m9 | m10
66 55 65 57 58 38 5 26 66 93
46 63 35 72 66 23 13 40 41 95
25 71 49 48 5 13 36 84 74 48
30 21 2 6 69 1 54 84 62 71
17 74 95 10 38 10 76 74 70 30
40 65 14 98 93 76 40 39 30 22
17 52 67 55 59 49 67 65 66 3
20 91 8 71 56 2 31 15 11 22
73 12 62 19 26 81 35 71 51 82
5 22 25 28 96 43 48 92 43 35
60 12 2 31 60 51 85 44 32 56
3 26 40 79 18 71 41 27 23 14
91 97 68 69 74 29 82 93 20 88
34 30 75 11 93 44 95 2 1 41
81 30 72 4 12 26 15 55 54 4
58 12 5 12 56 27 24 44 55 52
48 94 5 71 36 27 77 55 65 17
71 46 10 62 71 56 6 23 22 95
57 20 33 2 38 21 79 25 99 15
5 73 56 95 96 76 36 1 97 85
8 58 89 35 84 88 18 51 21 12
19 10 54 82 84 9 21 12 63 11
78 77 31 57 65 33 34 47 45 24
2 27 1 7 17 6 42 98 70 71
1 33 61 24 78 40 74 41 41 46
78 53 25 62 45 64 46 18 6 59
8 23 11 70 83 5 1 44 70 16
14 2 7 89 53 5 88 72 33 33
46 65 88 87 60 7 29 88 97 53
98 35 65 21 60 5 95 60 32 22
50 7 74 54 9 76 67 29 28 49
88 54 16 16 7 63 41 99 54 44
28 43 87 72 51 35 98 2 63 76
66 87 57 31 85 94 31 17 16 88
43 56 89 24 66 65 25 79 12 45
23 4 85 94 6 25 70 6 2 52
93 29 46 18 3 6 62 29 50 31
52 35 54 83 93 87 45 89 48 66
1 37 23 36 88 60 59 4 34 17
77 53 23 73 40 33 68 70 75 68
54 10 96 67 85 67 22 10 45 99
45 90 79 74 92 81 81 79 2 78
56 95 70 75 15 93 44 64 39 87
54 85 33 93 51 98 80 92 4 45
57 2 50 16 55 9 88 42 46 78
23 36 18 74 19 94 25 79 11 51
18 85 65 70 58 49 93 56 66 87
88 5 87 16 84 27 61 94 59 4
38 3 18 81 4 62 1 26 28 45
72 45 15 93 23 90 97 93 74 9
# P_hat : m1 | m2 | m3 | m4 | m5 | m6 | m7 | m8 | m9 | m10
19.80 16.50 19.50 17.10 17.40 11.40 1.50 7.80 19.80 27.90
13.80 18.90 10.50 21.60 19.80 6.90 3.90 12.00 12.30 28.50
7.50 21.30 14.70 14.40 1.50 3.90 10.80 25.20 22.20 14.40
9.00 6.30 0.60 1.80 20.70 0.30 16.20 25.20 18.60 21.30
5.10 22.20 28.50 3.00 11.40 3.00 22.80 22.20 21.00 9.00
12.00 19.50 4.20 29.40 27.90 22.80 12.00 11.70 9.00 6.60
5.10 15.60 20.10 16.50 17.70 14.70 20.10 19.50 19.80 0.90
6.00 27.30 2.40 21.30 16.80 0.60 9.30 4.50 3.30 6.60
21.90 3.60 18.60 5.70 7.80 24.30 10.50 21.30 15.30 24.60
1.50 6.60 7.50 8.40 28.80 12.90 14.40 27.60 12.90 10.50
18.00 3.60 0.60 9.30 18.00 15.30 25.50 13.20 9.60 16.80
0.90 7.80 12.00 23.70 5.40 21.30 12.30 8.10 6.90 4.20
27.30 29.10 20.40 20.70 22.20 8.70 24.60 27.90 6.00 26.40
10.20 9.00 22.50 3.30 27.90 13.20 28.50 0.60 0.30 12.30
24.30 9.00 21.60 1.20 3.60 7.80 4.50 16.50 16.20 1.20
17.40 3.60 1.50 3.60 16.80 8.10 7.20 13.20 16.50 15.60
14.40 28.20 1.50 21.30 10.80 8.10 23.10 16.50 19.50 5.10
21.30 13.80 3.00 18.60 21.30 16.80 1.80 6.90 6.60 28.50
17.10 6.00 9.90 0.60 11.40 6.30 23.70 7.50 29.70 4.50
1.50 21.90 16.80 28.50 28.80 22.80 10.80 0.30 29.10 25.50
2.40 17.40 26.70 10.50 25.20 26.40 5.40 15.30 6.30 3.60
5.70 3.00 16.20 24.60 25.20 2.70 6.30 3.60 18.90 3.30
23.40 23.10 9.30 17.10 19.50 9.90 10.20 14.10 13.50 7.20
0.60 8.10 0.30 2.10 5.10 1.80 12.60 29.40 21.00 21.30
0.30 9.90 18.30 7.20 23.40 12.00 22.20 12.30 12.30 13.80
23.40 15.90 7.50 18.60 13.50 19.20 13.80 5.40 1.80 17.70
2.40 6.90 3.30 21.00 24.90 1.50 0.30 13.20 21.00 4.80
4.20 0.60 2.10 26.70 15.90 1.50 26.40 21.60 9.90 9.90
13.80 19.50 26.40 26.10 18.00 2.10 8.70 26.40 29.10 15.90
29.40 10.50 19.50 6.30 18.00 1.50 28.50 18.00 9.60 6.60
15.00 2.10 22.20 16.20 2.70 22.80 20.10 8.70 8.40 14.70
26.40 16.20 4.80 4.80 2.10 18.90 12.30 29.70 16.20 13.20
8.40 12.90 26.10 21.60 15.30 10.50 29.40 0.60 18.90 22.80
19.80 26.10 17.10 9.30 25.50 28.20 9.30 5.10 4.80 26.40
12.90 16.80 26.70 7.20 19.80 19.50 7.50 23.70 3.60 13.50
6.90 1.20 25.50 28.20 1.80 7.50 21.00 1.80 0.60 15.60
27.90 8.70 13.80 5.40 0.90 1.80 18.60 8.70 15.00 9.30
15.60 10.50 16.20 24.90 27.90 26.10 13.50 26.70 14.40 19.80
0.30 11.10 6.90 10.80 26.40 18.00 17.70 1.20 10.20 5.10
23.10 15.90 6.90 21.90 12.00 9.90 20.40 21.00 22.50 20.40
16.20 3.00 28.80 20.10 25.50 20.10 6.60 3.00 13.50 29.70
13.50 27.00 23.70 22.20 27.60 24.30 24.30 23.70 0.60 23.40
16.80 28.50 21.00 22.50 4.50 27.90 13.20 19.20 11.70 26.10
16.20 25.50 9.90 27.90 15.30 29.40 24.00 27.60 1.20 13.50
17.10 0.60 15.00 4.80 16.50 2.70 26.40 12.60 13.80 23.40
6.90 10.80 5.40 22.20 5.70 28.20 7.50 23.70 3.30 15.30
5.40 25.50 19.50 21.00 17.40 14.70 27.90 16.80 19.80 26.10
26.40 1.50 26.10 4.80 25.20 8.10 18.30 28.20 17.70 1.20
11.40 0.90 5.40 24.30 1.20 18.60 0.30 7.80 8.40 13.50
21.60 13.50 4.50 27.90 6.90 27.00 29.10 27.90 22.20 2.70
