# nJobs | nMachines
20 20
# Job Weights
3
77
76
50
50
16
74
55
74
97
22
42
49
82
17
63
63
1
33
43
# P_bar : m1 | m2 | m3 | m4 | m5 | m6 | m7 | m8 | m9 | m10 | m11 | m12 | m13 | m14 | m15 | m16 | m17 | m18 | m19 | m20
50 78 36 85 9 75 46 73 71 7 49 3 60 12 75 31 70 20 88 9
90 56 43 88 92 64 94 3 49 40 49 53 88 47 19 61 78 78 30 41
39 9 10 60 98 96 6 56 36 33 15 59 15 46 60 47 41 38 34 22
34 43 19 98 44 95 19 73 87 64 18 7 26 17 87 32 9 26 33 34
66 84 55 4 51 22 20 80 8 5 65 65 11 43 27 34 47 64 21 83
81 73 48 99 8 41 51 82 25 25 55 58 16 16 48 69 94 62 7 55
27 66 85 53 31 26 85 36 76 89 1 24 55 91 72 32 26 11 94 3
48 38 70 21 15 33 92 98 73 95 79 55 59 94 88 1 65 38 10 8
46 83 82 33 47 68 43 90 80 58 10 26 81 73 48 1 17 68 73 75
68 57 39 53 31 9 75 46 6 83 37 40 53 89 59 80 42 37 85 30
48 97 91 63 80 81 70 10 6 28 77 89 92 12 74 19 59 74 82 57
92 52 82 18 83 28 70 46 33 35 80 94 23 58 86 57 80 9 62 65
78 77 85 45 20 61 36 65 79 74 79 51 55 25 49 98 7 65 99 89
84 13 17 29 84 69 31 83 10 5 84 74 79 24 94 37 75 16 67 60
93 12 6 43 69 37 76 75 93 6 93 54 13 55 15 31 63 38 61 90
39 2 54 41 49 57 63 47 65 9 21 86 89 1 95 51 96 85 10 84
43 65 87 80 93 36 89 61 26 3 85 22 2 67 41 66 7 50 4 74
1 93 85 4 39 80 46 28 73 2 64 83 17 3 94 38 10 62 70 17
65 39 4 31 13 96 25 59 42 35 46 19 97 1 15 62 47 39 31 2
87 1 72 19 88 74 88 22 18 41 35 44 41 71 71 72 38 97 49 19
# P_hat : m1 | m2 | m3 | m4 | m5 | m6 | m7 | m8 | m9 | m10 | m11 | m12 | m13 | m14 | m15 | m16 | m17 | m18 | m19 | m20
10.00 15.60 7.20 17.00 1.80 15.00 9.20 14.60 14.20 1.40 9.80 0.60 12.00 2.40 15.00 6.20 14.00 4.00 17.60 1.80
18.00 11.20 8.60 17.60 18.40 12.80 18.80 0.60 9.80 8.00 9.80 10.60 17.60 9.40 3.80 12.20 15.60 15.60 6.00 8.20
7.80 1.80 2.00 12.00 19.60 19.20 1.20 11.20 7.20 6.60 3.00 11.80 3.00 9.20 12.00 9.40 8.20 7.60 6.80 4.40
6.80 8.60 3.80 19.60 8.80 19.00 3.80 14.60 17.40 12.80 3.60 1.40 5.20 3.40 17.40 6.40 1.80 5.20 6.60 6.80
13.20 16.80 11.00 0.80 10.20 4.40 4.00 16.00 1.60 1.00 13.00 13.00 2.20 8.60 5.40 6.80 9.40 12.80 4.20 16.60
16.20 14.60 9.60 19.80 1.60 8.20 10.20 16.40 5.00 5.00 11.00 11.60 3.20 3.20 9.60 13.80 18.80 12.40 1.40 11.00
5.40 13.20 17.00 10.60 6.20 5.20 17.00 7.20 15.20 17.80 0.20 4.80 11.00 18.20 14.40 6.40 5.20 2.20 18.80 0.60
9.60 7.60 14.00 4.20 3.00 6.60 18.40 19.60 14.60 19.00 15.80 11.00 11.80 18.80 17.60 0.20 13.00 7.60 2.00 1.60
9.20 16.60 16.40 6.60 9.40 13.60 8.60 18.00 16.00 11.60 2.00 5.20 16.20 14.60 9.60 0.20 3.40 13.60 14.60 15.00
13.60 11.40 7.80 10.60 6.20 1.80 15.00 9.20 1.20 16.60 7.40 8.00 10.60 17.80 11.80 16.00 8.40 7.40 17.00 6.00
9.60 19.40 18.20 12.60 16.00 16.20 14.00 2.00 1.20 5.60 15.40 17.80 18.40 2.40 14.80 3.80 11.80 14.80 16.40 11.40
18.40 10.40 16.40 3.60 16.60 5.60 14.00 9.20 6.60 7.00 16.00 18.80 4.60 11.60 17.20 11.40 16.00 1.80 12.40 13.00
15.60 15.40 17.00 9.00 4.00 12.20 7.20 13.00 15.80 14.80 15.80 10.20 11.00 5.00 9.80 19.60 1.40 13.00 19.80 17.80
16.80 2.60 3.40 5.80 16.80 13.80 6.20 16.60 2.00 1.00 16.80 14.80 15.80 4.80 18.80 7.40 15.00 3.20 13.40 12.00
18.60 2.40 1.20 8.60 13.80 7.40 15.20 15.00 18.60 1.20 18.60 10.80 2.60 11.00 3.00 6.20 12.60 7.60 12.20 18.00
7.80 0.40 10.80 8.20 9.80 11.40 12.60 9.40 13.00 1.80 4.20 17.20 17.80 0.20 19.00 10.20 19.20 17.00 2.00 16.80
8.60 13.00 17.40 16.00 18.60 7.20 17.80 12.20 5.20 0.60 17.00 4.40 0.40 13.40 8.20 13.20 1.40 10.00 0.80 14.80
0.20 18.60 17.00 0.80 7.80 16.00 9.20 5.60 14.60 0.40 12.80 16.60 3.40 0.60 18.80 7.60 2.00 12.40 14.00 3.40
13.00 7.80 0.80 6.20 2.60 19.20 5.00 11.80 8.40 7.00 9.20 3.80 19.40 0.20 3.00 12.40 9.40 7.80 6.20 0.40
17.40 0.20 14.40 3.80 17.60 14.80 17.60 4.40 3.60 8.20 7.00 8.80 8.20 14.20 14.20 14.40 7.60 19.40 9.80 3.80
