# nJobs | nMachines
100 20
# Job Weights
48
71
39
13
50
94
73
30
45
10
25
6
70
3
70
86
76
97
13
94
24
8
93
25
100
14
60
53
59
100
66
88
67
84
42
76
42
46
44
94
25
28
74
52
22
54
36
32
76
76
35
2
83
53
27
19
75
68
22
37
41
93
34
39
6
91
51
98
65
96
70
50
41
52
32
15
54
13
76
85
42
95
99
63
39
70
4
31
69
63
42
33
30
11
20
7
98
48
19
72
# P_bar : m1 | m2 | m3 | m4 | m5 | m6 | m7 | m8 | m9 | m10 | m11 | m12 | m13 | m14 | m15 | m16 | m17 | m18 | m19 | m20
43 31 67 26 20 22 77 94 11 23 30 40 99 66 12 75 64 21 43 84
50 19 37 49 64 39 26 51 54 2 34 81 12 85 44 21 66 30 47 73
51 14 74 42 97 64 69 39 39 29 75 34 33 81 89 81 16 19 50 59
88 10 4 15 82 56 97 5 65 60 91 19 43 9 11 70 11 49 94 32
95 78 15 66 36 9 76 19 70 1 2 84 99 32 63 94 36 15 39 38
52 15 93 67 99 17 37 71 17 88 45 72 19 62 62 67 87 57 17 33
15 91 4 40 41 55 50 76 17 17 7 55 87 60 20 70 99 66 67 35
25 35 9 97 30 40 99 23 99 54 99 36 90 68 19 92 3 98 63 83
2 79 33 13 80 87 80 92 97 8 91 23 8 30 75 87 73 4 88 49
21 78 97 54 70 60 68 81 45 9 52 93 23 53 43 83 18 75 98 64
74 45 79 23 61 92 24 88 35 10 52 27 34 47 94 90 31 95 8 6
1 79 75 1 42 11 47 8 50 20 28 39 31 35 16 57 3 99 13 99
89 47 91 74 51 51 7 71 5 12 3 1 39 93 75 53 10 24 81 41
78 33 79 95 15 78 70 9 48 7 80 92 46 71 51 77 77 4 76 95
14 75 23 45 16 3 91 68 75 5 77 77 62 16 9 37 25 43 9 50
48 81 60 3 60 73 87 16 71 68 36 36 94 15 61 37 98 53 70 58
91 66 97 80 47 48 73 87 44 16 98 23 71 11 68 45 65 81 78 45
33 78 55 78 15 38 7 3 60 79 60 42 8 26 80 36 5 29 60 18
46 41 76 31 26 92 20 7 59 54 81 83 42 85 14 79 46 31 58 2
1 38 14 76 96 81 70 38 24 55 47 97 48 85 76 53 4 58 22 77
39 55 2 52 82 85 3 69 39 41 50 92 22 47 18 37 21 65 40 88
51 75 3 79 98 90 7 23 64 26 48 58 36 29 44 29 49 97 30 85
62 5 3 71 59 46 12 17 39 6 35 9 47 95 63 79 83 68 23 24
77 57 64 58 19 72 76 27 1 78 17 25 47 4 17 49 44 14 61 70
77 67 94 9 1 58 2 60 65 35 80 87 33 92 29 2 71 56 88 51
29 12 63 61 50 60 66 75 65 74 49 88 56 66 36 16 48 44 34 70
82 21 48 20 16 94 45 65 1 68 90 69 75 20 69 36 63 24 20 69
39 88 67 53 2 85 13 33 12 72 98 79 11 65 83 39 88 21 83 45
62 47 32 62 6 94 33 47 97 6 45 9 83 31 53 9 87 15 85 20
27 42 15 45 68 63 66 60 31 73 25 48 59 91 31 5 28 87 29 32
47 12 45 25 86 23 8 23 21 12 12 9 3 65 71 35 6 17 40 46
17 25 31 59 62 92 54 30 71 18 15 14 39 16 61 54 7 3 41 99
60 32 10 71 58 45 4 73 1 85 8 19 46 30 55 98 32 28 84 67
15 89 70 96 23 97 50 4 37 3 23 89 24 78 85 61 85 85 61 68
94 11 75 34 12 14 98 82 89 66 28 21 60 9 35 18 1 56 60 33
97 34 71 50 89 80 38 8 24 72 62 32 20 90 62 41 54 22 31 74
65 10 50 25 19 59 52 36 15 72 97 15 91 2 87 15 59 60 78 78
35 95 25 36 31 30 58 20 94 61 30 77 61 11 48 19 10 52 41 87
5 9 74 18 70 24 57 70 22 22 50 28 16 37 91 75 95 4 45 95
1 88 94 34 68 44 13 42 94 77 70 98 61 84 25 17 42 31 55 89
66 79 7 39 29 99 8 62 33 86 77 15 98 43 95 4 2 58 27 38
49 60 79 39 47 33 9 49 84 46 2 80 44 77 38 19 11 38 7 45
3 59 25 81 43 90 8 21 45 72 75 76 5 14 85 7 32 36 26 71
33 81 74 62 47 25 95 3 19 31 88 54 12 24 22 44 71 4 54 33
98 4 14 25 45 54 27 18 48 27 52 90 45 71 12 54 24 34 48 53
45 58 95 82 92 91 28 96 89 8 1 44 35 17 89 55 56 19 56 78
3 40 54 91 81 61 17 41 33 67 41 34 55 53 84 46 23 22 51 44
25 95 74 26 44 29 38 94 63 5 53 3 35 84 70 46 71 74 52 9
74 81 44 63 84 1 72 41 38 88 16 34 90 83 35 84 85 24 91 18
61 1 44 78 64 59 89 58 26 31 75 9 22 50 59 73 91 18 64 23
57 67 25 91 30 64 53 27 3 55 68 36 66 83 29 28 49 9 54 35
90 68 21 13 58 60 51 38 64 36 99 77 70 82 15 52 88 82 68 85
81 38 12 94 95 75 99 8 6 65 6 4 17 62 66 32 33 96 61 60
15 40 6 52 96 83 24 21 65 96 2 46 22 63 87 51 63 97 2 9
66 28 56 7 92 41 98 26 89 96 18 15 67 6 43 21 69 98 50 94
1 5 19 71 54 27 52 5 13 96 35 96 87 29 54 92 28 78 61 53
89 26 75 1 18 94 67 2 71 91 77 1 34 66 84 60 99 35 46 32
31 59 35 84 20 22 31 65 22 82 57 25 36 13 85 87 52 26 41 34
20 77 64 38 27 96 34 58 2 3 60 39 94 60 8 54 53 48 16 59
46 60 89 61 59 21 61 83 33 47 60 32 36 24 2 30 14 67 88 95
93 69 99 32 22 53 60 10 99 4 85 42 23 94 89 60 23 78 4 10
78 57 36 49 93 77 17 34 71 93 93 9 13 38 58 36 50 87 67 2
41 43 32 63 6 85 82 29 51 74 50 36 36 55 71 59 37 2 57 38
30 90 53 72 95 33 25 82 61 12 38 83 56 26 69 39 93 97 11 71
42 30 67 86 58 20 12 89 33 95 54 34 18 62 80 16 18 57 65 93
71 46 68 63 12 1 61 32 57 82 11 49 50 73 25 55 77 62 99 24
6 49 97 80 16 90 84 47 56 42 7 53 39 91 74 22 84 81 4 31
16 77 9 87 93 71 89 43 33 99 5 43 71 16 66 41 28 73 89 73
76 67 16 55 40 62 11 42 32 57 15 74 59 90 60 13 61 49 93 77
63 54 55 53 87 94 25 42 52 44 23 80 80 37 8 99 81 60 8 91
54 7 91 99 5 86 50 16 86 79 2 49 35 14 14 25 82 97 47 94
38 38 5 7 41 61 11 7 6 48 73 13 77 81 27 2 29 22 22 58
88 26 81 35 88 15 61 11 9 23 14 61 78 19 63 54 88 12 26 48
36 83 67 72 92 87 81 27 88 31 44 77 79 84 31 55 80 8 89 93
69 95 86 45 64 53 14 46 87 57 51 31 46 18 96 23 64 35 77 90
51 44 26 14 45 30 72 78 57 55 43 30 36 54 57 62 29 42 10 85
67 84 41 36 13 77 86 73 98 52 78 61 3 39 14 98 19 44 8 78
54 41 48 35 61 9 87 27 92 4 74 79 56 61 32 46 1 67 66 60
76 5 28 86 51 34 7 69 39 83 31 59 72 29 2 82 34 46 48 38
47 12 19 81 70 2 57 38 38 88 99 38 77 25 3 70 68 24 69 55
37 87 88 41 81 39 81 41 78 67 95 54 82 66 72 83 57 68 99 63
15 16 37 58 25 54 33 38 54 67 52 19 97 69 44 72 15 68 51 70
6 4 40 34 54 8 52 50 31 20 40 50 18 12 33 21 78 5 63 84
62 83 23 43 97 44 4 28 53 34 2 24 32 73 72 56 95 84 51 16
19 97 27 47 85 12 73 76 92 41 27 77 87 50 1 36 7 58 95 25
7 58 11 10 7 93 98 39 69 59 56 99 20 23 72 41 28 1 95 56
97 80 8 23 65 18 2 51 52 74 12 88 40 36 9 5 76 84 23 66
37 22 5 36 84 88 27 57 87 35 19 91 55 25 65 7 48 59 65 51
37 1 87 56 80 21 46 39 11 8 76 25 40 90 79 1 2 67 72 99
60 89 39 84 65 54 84 46 34 26 83 4 1 28 38 23 12 2 92 4
81 98 32 53 21 94 7 69 67 90 48 5 84 27 49 2 67 74 74 52
28 92 23 85 9 5 48 15 52 25 59 56 37 73 93 48 7 5 75 87
87 90 82 32 32 43 67 22 30 23 62 81 26 17 38 65 24 58 46 29
95 20 32 8 95 89 86 7 9 23 56 73 47 28 72 6 42 96 88 83
85 14 95 33 20 98 6 67 78 71 96 82 68 84 31 75 91 34 46 22
76 76 19 67 28 99 36 16 34 1 18 46 4 83 51 6 17 50 56 56
69 23 88 65 64 43 14 50 14 72 58 87 50 27 89 43 79 92 74 12
44 54 29 35 29 85 86 76 24 49 29 46 8 84 90 67 95 15 66 36
70 18 54 19 82 80 75 13 64 73 4 85 51 37 95 26 86 74 47 88
24 34 11 92 82 7 21 11 6 18 27 76 4 28 76 79 96 90 9 77
# P_hat : m1 | m2 | m3 | m4 | m5 | m6 | m7 | m8 | m9 | m10 | m11 | m12 | m13 | m14 | m15 | m16 | m17 | m18 | m19 | m20
17.20 12.40 26.80 10.40 8.00 8.80 30.80 37.60 4.40 9.20 12.00 16.00 39.60 26.40 4.80 30.00 25.60 8.40 17.20 33.60
20.00 7.60 14.80 19.60 25.60 15.60 10.40 20.40 21.60 0.80 13.60 32.40 4.80 34.00 17.60 8.40 26.40 12.00 18.80 29.20
20.40 5.60 29.60 16.80 38.80 25.60 27.60 15.60 15.60 11.60 30.00 13.60 13.20 32.40 35.60 32.40 6.40 7.60 20.00 23.60
35.20 4.00 1.60 6.00 32.80 22.40 38.80 2.00 26.00 24.00 36.40 7.60 17.20 3.60 4.40 28.00 4.40 19.60 37.60 12.80
38.00 31.20 6.00 26.40 14.40 3.60 30.40 7.60 28.00 0.40 0.80 33.60 39.60 12.80 25.20 37.60 14.40 6.00 15.60 15.20
20.80 6.00 37.20 26.80 39.60 6.80 14.80 28.40 6.80 35.20 18.00 28.80 7.60 24.80 24.80 26.80 34.80 22.80 6.80 13.20
6.00 36.40 1.60 16.00 16.40 22.00 20.00 30.40 6.80 6.80 2.80 22.00 34.80 24.00 8.00 28.00 39.60 26.40 26.80 14.00
10.00 14.00 3.60 38.80 12.00 16.00 39.60 9.20 39.60 21.60 39.60 14.40 36.00 27.20 7.60 36.80 1.20 39.20 25.20 33.20
0.80 31.60 13.20 5.20 32.00 34.80 32.00 36.80 38.80 3.20 36.40 9.20 3.20 12.00 30.00 34.80 29.20 1.60 35.20 19.60
8.40 31.20 38.80 21.60 28.00 24.00 27.20 32.40 18.00 3.60 20.80 37.20 9.20 21.20 17.20 33.20 7.20 30.00 39.20 25.60
29.60 18.00 31.60 9.20 24.40 36.80 9.60 35.20 14.00 4.00 20.80 10.80 13.60 18.80 37.60 36.00 12.40 38.00 3.20 2.40
0.40 31.60 30.00 0.40 16.80 4.40 18.80 3.20 20.00 8.00 11.20 15.60 12.40 14.00 6.40 22.80 1.20 39.60 5.20 39.60
35.60 18.80 36.40 29.60 20.40 20.40 2.80 28.40 2.00 4.80 1.20 0.40 15.60 37.20 30.00 21.20 4.00 9.60 32.40 16.40
31.20 13.20 31.60 38.00 6.00 31.20 28.00 3.60 19.20 2.80 32.00 36.80 18.40 28.40 20.40 30.80 30.80 1.60 30.40 38.00
5.60 30.00 9.20 18.00 6.40 1.20 36.40 27.20 30.00 2.00 30.80 30.80 24.80 6.40 3.60 14.80 10.00 17.20 3.60 20.00
19.20 32.40 24.00 1.20 24.00 29.20 34.80 6.40 28.40 27.20 14.40 14.40 37.60 6.00 24.40 14.80 39.20 21.20 28.00 23.20
36.40 26.40 38.80 32.00 18.80 19.20 29.20 34.80 17.60 6.40 39.20 9.20 28.40 4.40 27.20 18.00 26.00 32.40 31.20 18.00
13.20 31.20 22.00 31.20 6.00 15.20 2.80 1.20 24.00 31.60 24.00 16.80 3.20 10.40 32.00 14.40 2.00 11.60 24.00 7.20
18.40 16.40 30.40 12.40 10.40 36.80 8.00 2.80 23.60 21.60 32.40 33.20 16.80 34.00 5.60 31.60 18.40 12.40 23.20 0.80
0.40 15.20 5.60 30.40 38.40 32.40 28.00 15.20 9.60 22.00 18.80 38.80 19.20 34.00 30.40 21.20 1.60 23.20 8.80 30.80
15.60 22.00 0.80 20.80 32.80 34.00 1.20 27.60 15.60 16.40 20.00 36.80 8.80 18.80 7.20 14.80 8.40 26.00 16.00 35.20
20.40 30.00 1.20 31.60 39.20 36.00 2.80 9.20 25.60 10.40 19.20 23.20 14.40 11.60 17.60 11.60 19.60 38.80 12.00 34.00
24.80 2.00 1.20 28.40 23.60 18.40 4.80 6.80 15.60 2.40 14.00 3.60 18.80 38.00 25.20 31.60 33.20 27.20 9.20 9.60
30.80 22.80 25.60 23.20 7.60 28.80 30.40 10.80 0.40 31.20 6.80 10.00 18.80 1.60 6.80 19.60 17.60 5.60 24.40 28.00
30.80 26.80 37.60 3.60 0.40 23.20 0.80 24.00 26.00 14.00 32.00 34.80 13.20 36.80 11.60 0.80 28.40 22.40 35.20 20.40
11.60 4.80 25.20 24.40 20.00 24.00 26.40 30.00 26.00 29.60 19.60 35.20 22.40 26.40 14.40 6.40 19.20 17.60 13.60 28.00
32.80 8.40 19.20 8.00 6.40 37.60 18.00 26.00 0.40 27.20 36.00 27.60 30.00 8.00 27.60 14.40 25.20 9.60 8.00 27.60
15.60 35.20 26.80 21.20 0.80 34.00 5.20 13.20 4.80 28.80 39.20 31.60 4.40 26.00 33.20 15.60 35.20 8.40 33.20 18.00
24.80 18.80 12.80 24.80 2.40 37.60 13.20 18.80 38.80 2.40 18.00 3.60 33.20 12.40 21.20 3.60 34.80 6.00 34.00 8.00
10.80 16.80 6.00 18.00 27.20 25.20 26.40 24.00 12.40 29.20 10.00 19.20 23.60 36.40 12.40 2.00 11.20 34.80 11.60 12.80
18.80 4.80 18.00 10.00 34.40 9.20 3.20 9.20 8.40 4.80 4.80 3.60 1.20 26.00 28.40 14.00 2.40 6.80 16.00 18.40
6.80 10.00 12.40 23.60 24.80 36.80 21.60 12.00 28.40 7.20 6.00 5.60 15.60 6.40 24.40 21.60 2.80 1.20 16.40 39.60
24.00 12.80 4.00 28.40 23.20 18.00 1.60 29.20 0.40 34.00 3.20 7.60 18.40 12.00 22.00 39.20 12.80 11.20 33.60 26.80
6.00 35.60 28.00 38.40 9.20 38.80 20.00 1.60 14.80 1.20 9.20 35.60 9.60 31.20 34.00 24.40 34.00 34.00 24.40 27.20
37.60 4.40 30.00 13.60 4.80 5.60 39.20 32.80 35.60 26.40 11.20 8.40 24.00 3.60 14.00 7.20 0.40 22.40 24.00 13.20
38.80 13.60 28.40 20.00 35.60 32.00 15.20 3.20 9.60 28.80 24.80 12.80 8.00 36.00 24.80 16.40 21.60 8.80 12.40 29.60
26.00 4.00 20.00 10.00 7.60 23.60 20.80 14.40 6.00 28.80 38.80 6.00 36.40 0.80 34.80 6.00 23.60 24.00 31.20 31.20
14.00 38.00 10.00 14.40 12.40 12.00 23.20 8.00 37.60 24.40 12.00 30.80 24.40 4.40 19.20 7.60 4.00 20.80 16.40 34.80
2.00 3.60 29.60 7.20 28.00 9.60 22.80 28.00 8.80 8.80 20.00 11.20 6.40 14.80 36.40 30.00 38.00 1.60 18.00 38.00
0.40 35.20 37.60 13.60 27.20 17.60 5.20 16.80 37.60 30.80 28.00 39.20 24.40 33.60 10.00 6.80 16.80 12.40 22.00 35.60
26.40 31.60 2.80 15.60 11.60 39.60 3.20 24.80 13.20 34.40 30.80 6.00 39.20 17.20 38.00 1.60 0.80 23.20 10.80 15.20
19.60 24.00 31.60 15.60 18.80 13.20 3.60 19.60 33.60 18.40 0.80 32.00 17.60 30.80 15.20 7.60 4.40 15.20 2.80 18.00
1.20 23.60 10.00 32.40 17.20 36.00 3.20 8.40 18.00 28.80 30.00 30.40 2.00 5.60 34.00 2.80 12.80 14.40 10.40 28.40
13.20 32.40 29.60 24.80 18.80 10.00 38.00 1.20 7.60 12.40 35.20 21.60 4.80 9.60 8.80 17.60 28.40 1.60 21.60 13.20
39.20 1.60 5.60 10.00 18.00 21.60 10.80 7.20 19.20 10.80 20.80 36.00 18.00 28.40 4.80 21.60 9.60 13.60 19.20 21.20
18.00 23.20 38.00 32.80 36.80 36.40 11.20 38.40 35.60 3.20 0.40 17.60 14.00 6.80 35.60 22.00 22.40 7.60 22.40 31.20
1.20 16.00 21.60 36.40 32.40 24.40 6.80 16.40 13.20 26.80 16.40 13.60 22.00 21.20 33.60 18.40 9.20 8.80 20.40 17.60
10.00 38.00 29.60 10.40 17.60 11.60 15.20 37.60 25.20 2.00 21.20 1.20 14.00 33.60 28.00 18.40 28.40 29.60 20.80 3.60
29.60 32.40 17.60 25.20 33.60 0.40 28.80 16.40 15.20 35.20 6.40 13.60 36.00 33.20 14.00 33.60 34.00 9.60 36.40 7.20
24.40 0.40 17.60 31.20 25.60 23.60 35.60 23.20 10.40 12.40 30.00 3.60 8.80 20.00 23.60 29.20 36.40 7.20 25.60 9.20
22.80 26.80 10.00 36.40 12.00 25.60 21.20 10.80 1.20 22.00 27.20 14.40 26.40 33.20 11.60 11.20 19.60 3.60 21.60 14.00
36.00 27.20 8.40 5.20 23.20 24.00 20.40 15.20 25.60 14.40 39.60 30.80 28.00 32.80 6.00 20.80 35.20 32.80 27.20 34.00
32.40 15.20 4.80 37.60 38.00 30.00 39.60 3.20 2.40 26.00 2.40 1.60 6.80 24.80 26.40 12.80 13.20 38.40 24.40 24.00
6.00 16.00 2.40 20.80 38.40 33.20 9.60 8.40 26.00 38.40 0.80 18.40 8.80 25.20 34.80 20.40 25.20 38.80 0.80 3.60
26.40 11.20 22.40 2.80 36.80 16.40 39.20 10.40 35.60 38.40 7.20 6.00 26.80 2.40 17.20 8.40 27.60 39.20 20.00 37.60
0.40 2.00 7.60 28.40 21.60 10.80 20.80 2.00 5.20 38.40 14.00 38.40 34.80 11.60 21.60 36.80 11.20 31.20 24.40 21.20
35.60 10.40 30.00 0.40 7.20 37.60 26.80 0.80 28.40 36.40 30.80 0.40 13.60 26.40 33.60 24.00 39.60 14.00 18.40 12.80
12.40 23.60 14.00 33.60 8.00 8.80 12.40 26.00 8.80 32.80 22.80 10.00 14.40 5.20 34.00 34.80 20.80 10.40 16.40 13.60
8.00 30.80 25.60 15.20 10.80 38.40 13.60 23.20 0.80 1.20 24.00 15.60 37.60 24.00 3.20 21.60 21.20 19.20 6.40 23.60
18.40 24.00 35.60 24.40 23.60 8.40 24.40 33.20 13.20 18.80 24.00 12.80 14.40 9.60 0.80 12.00 5.60 26.80 35.20 38.00
37.20 27.60 39.60 12.80 8.80 21.20 24.00 4.00 39.60 1.60 34.00 16.80 9.20 37.60 35.60 24.00 9.20 31.20 1.60 4.00
31.20 22.80 14.40 19.60 37.20 30.80 6.80 13.60 28.40 37.20 37.20 3.60 5.20 15.20 23.20 14.40 20.00 34.80 26.80 0.80
16.40 17.20 12.80 25.20 2.40 34.00 32.80 11.60 20.40 29.60 20.00 14.40 14.40 22.00 28.40 23.60 14.80 0.80 22.80 15.20
12.00 36.00 21.20 28.80 38.00 13.20 10.00 32.80 24.40 4.80 15.20 33.20 22.40 10.40 27.60 15.60 37.20 38.80 4.40 28.40
16.80 12.00 26.80 34.40 23.20 8.00 4.80 35.60 13.20 38.00 21.60 13.60 7.20 24.80 32.00 6.40 7.20 22.80 26.00 37.20
28.40 18.40 27.20 25.20 4.80 0.40 24.40 12.80 22.80 32.80 4.40 19.60 20.00 29.20 10.00 22.00 30.80 24.80 39.60 9.60
2.40 19.60 38.80 32.00 6.40 36.00 33.60 18.80 22.40 16.80 2.80 21.20 15.60 36.40 29.60 8.80 33.60 32.40 1.60 12.40
6.40 30.80 3.60 34.80 37.20 28.40 35.60 17.20 13.20 39.60 2.00 17.20 28.40 6.40 26.40 16.40 11.20 29.20 35.60 29.20
30.40 26.80 6.40 22.00 16.00 24.80 4.40 16.80 12.80 22.80 6.00 29.60 23.60 36.00 24.00 5.20 24.40 19.60 37.20 30.80
25.20 21.60 22.00 21.20 34.80 37.60 10.00 16.80 20.80 17.60 9.20 32.00 32.00 14.80 3.20 39.60 32.40 24.00 3.20 36.40
21.60 2.80 36.40 39.60 2.00 34.40 20.00 6.40 34.40 31.60 0.80 19.60 14.00 5.60 5.60 10.00 32.80 38.80 18.80 37.60
15.20 15.20 2.00 2.80 16.40 24.40 4.40 2.80 2.40 19.20 29.20 5.20 30.80 32.40 10.80 0.80 11.60 8.80 8.80 23.20
35.20 10.40 32.40 14.00 35.20 6.00 24.40 4.40 3.60 9.20 5.60 24.40 31.20 7.60 25.20 21.60 35.20 4.80 10.40 19.20
14.40 33.20 26.80 28.80 36.80 34.80 32.40 10.80 35.20 12.40 17.60 30.80 31.60 33.60 12.40 22.00 32.00 3.20 35.60 37.20
27.60 38.00 34.40 18.00 25.60 21.20 5.60 18.40 34.80 22.80 20.40 12.40 18.40 7.20 38.40 9.20 25.60 14.00 30.80 36.00
20.40 17.60 10.40 5.60 18.00 12.00 28.80 31.20 22.80 22.00 17.20 12.00 14.40 21.60 22.80 24.80 11.60 16.80 4.00 34.00
26.80 33.60 16.40 14.40 5.20 30.80 34.40 29.20 39.20 20.80 31.20 24.40 1.20 15.60 5.60 39.20 7.60 17.60 3.20 31.20
21.60 16.40 19.20 14.00 24.40 3.60 34.80 10.80 36.80 1.60 29.60 31.60 22.40 24.40 12.80 18.40 0.40 26.80 26.40 24.00
30.40 2.00 11.20 34.40 20.40 13.60 2.80 27.60 15.60 33.20 12.40 23.60 28.80 11.60 0.80 32.80 13.60 18.40 19.20 15.20
18.80 4.80 7.60 32.40 28.00 0.80 22.80 15.20 15.20 35.20 39.60 15.20 30.80 10.00 1.20 28.00 27.20 9.60 27.60 22.00
14.80 34.80 35.20 16.40 32.40 15.60 32.40 16.40 31.20 26.80 38.00 21.60 32.80 26.40 28.80 33.20 22.80 27.20 39.60 25.20
6.00 6.40 14.80 23.20 10.00 21.60 13.20 15.20 21.60 26.80 20.80 7.60 38.80 27.60 17.60 28.80 6.00 27.20 20.40 28.00
2.40 1.60 16.00 13.60 21.60 3.20 20.80 20.00 12.40 8.00 16.00 20.00 7.20 4.80 13.20 8.40 31.20 2.00 25.20 33.60
24.80 33.20 9.20 17.20 38.80 17.60 1.60 11.20 21.20 13.60 0.80 9.60 12.80 29.20 28.80 22.40 38.00 33.60 20.40 6.40
7.60 38.80 10.80 18.80 34.00 4.80 29.20 30.40 36.80 16.40 10.80 30.80 34.80 20.00 0.40 14.40 2.80 23.20 38.00 10.00
2.80 23.20 4.40 4.00 2.80 37.20 39.20 15.60 27.60 23.60 22.40 39.60 8.00 9.20 28.80 16.40 11.20 0.40 38.00 22.40
38.80 32.00 3.20 9.20 26.00 7.20 0.80 20.40 20.80 29.60 4.80 35.20 16.00 14.40 3.60 2.00 30.40 33.60 9.20 26.40
14.80 8.80 2.00 14.40 33.60 35.20 10.80 22.80 34.80 14.00 7.60 36.40 22.00 10.00 26.00 2.80 19.20 23.60 26.00 20.40
14.80 0.40 34.80 22.40 32.00 8.40 18.40 15.60 4.40 3.20 30.40 10.00 16.00 36.00 31.60 0.40 0.80 26.80 28.80 39.60
24.00 35.60 15.60 33.60 26.00 21.60 33.60 18.40 13.60 10.40 33.20 1.60 0.40 11.20 15.20 9.20 4.80 0.80 36.80 1.60
32.40 39.20 12.80 21.20 8.40 37.60 2.80 27.60 26.80 36.00 19.20 2.00 33.60 10.80 19.60 0.80 26.80 29.60 29.60 20.80
11.20 36.80 9.20 34.00 3.60 2.00 19.20 6.00 20.80 10.00 23.60 22.40 14.80 29.20 37.20 19.20 2.80 2.00 30.00 34.80
34.80 36.00 32.80 12.80 12.80 17.20 26.80 8.80 12.00 9.20 24.80 32.40 10.40 6.80 15.20 26.00 9.60 23.20 18.40 11.60
38.00 8.00 12.80 3.20 38.00 35.60 34.40 2.80 3.60 9.20 22.40 29.20 18.80 11.20 28.80 2.40 16.80 38.40 35.20 33.20
34.00 5.60 38.00 13.20 8.00 39.20 2.40 26.80 31.20 28.40 38.40 32.80 27.20 33.60 12.40 30.00 36.40 13.60 18.40 8.80
30.40 30.40 7.60 26.80 11.20 39.60 14.40 6.40 13.60 0.40 7.20 18.40 1.60 33.20 20.40 2.40 6.80 20.00 22.40 22.40
27.60 9.20 35.20 26.00 25.60 17.20 5.60 20.00 5.60 28.80 23.20 34.80 20.00 10.80 35.60 17.20 31.60 36.80 29.60 4.80
17.60 21.60 11.60 14.00 11.60 34.00 34.40 30.40 9.60 19.60 11.60 18.40 3.20 33.60 36.00 26.80 38.00 6.00 26.40 14.40
28.00 7.20 21.60 7.60 32.80 32.00 30.00 5.20 25.60 29.20 1.60 34.00 20.40 14.80 38.00 10.40 34.40 29.60 18.80 35.20
9.60 13.60 4.40 36.80 32.80 2.80 8.40 4.40 2.40 7.20 10.80 30.40 1.60 11.20 30.40 31.60 38.40 36.00 3.60 30.80
