# nJobs | nMachines
100 5
# Job Weights
46
2
96
34
22
11
16
76
33
77
86
70
53
49
11
26
49
52
10
1
17
6
73
84
34
49
15
100
63
57
13
86
82
97
37
97
55
13
39
35
79
57
49
35
21
29
9
66
36
91
78
29
46
56
81
20
39
83
10
10
5
37
24
6
9
95
22
63
16
88
45
27
67
24
21
39
55
99
58
42
81
51
69
28
3
76
75
58
16
82
72
28
68
36
74
69
15
17
47
71
# P_bar : m1 | m2 | m3 | m4 | m5
7 62 29 10 30
41 67 39 54 10
6 30 31 89 54
14 5 3 9 3
62 26 50 52 63
1 57 37 47 63
40 28 85 5 90
16 5 70 39 60
76 41 22 31 88
75 81 35 93 36
80 44 59 56 92
73 93 61 44 1
73 45 65 60 90
38 20 88 79 23
66 50 28 91 49
64 55 35 17 96
5 87 69 23 95
47 90 22 76 46
26 36 89 46 23
54 15 21 30 91
48 14 25 43 50
54 24 66 54 82
76 42 88 44 13
1 53 90 84 77
57 92 55 56 51
89 39 65 9 4
39 55 58 25 32
20 77 55 56 90
16 40 2 15 4
40 66 92 27 73
5 42 72 98 21
94 19 22 81 10
53 54 6 99 58
12 79 26 77 54
64 64 65 72 76
83 66 36 5 12
22 71 14 21 89
78 89 97 8 23
20 72 75 11 7
93 13 13 73 89
89 67 81 34 97
41 72 27 17 70
77 46 85 80 67
81 69 16 1 81
57 82 12 42 91
95 94 29 3 51
12 26 21 59 47
83 50 63 32 73
31 11 23 49 76
19 58 74 12 74
66 11 25 26 13
73 89 92 61 11
79 23 73 15 5
21 29 5 20 28
91 53 73 24 56
48 42 1 77 37
17 37 36 40 3
76 96 7 75 15
59 58 11 83 95
79 41 95 50 94
12 6 24 82 25
88 49 59 91 56
91 34 71 78 79
60 86 71 88 5
8 77 69 16 33
95 92 67 60 45
59 98 28 23 42
41 65 55 18 74
56 1 66 29 9
20 18 48 45 31
70 70 46 26 42
16 27 39 66 45
4 46 6 73 72
13 95 20 90 87
40 70 72 91 37
64 12 70 68 19
88 41 61 15 10
92 4 83 26 25
95 44 79 11 38
14 32 82 22 59
16 70 62 62 58
2 27 91 96 96
21 22 8 52 36
97 57 88 72 86
59 31 25 17 93
87 20 9 48 38
70 86 34 49 47
11 30 20 99 73
98 27 93 80 18
75 47 7 30 10
28 90 13 6 71
51 47 11 33 30
27 41 57 89 99
58 47 27 12 82
19 29 7 80 11
64 12 44 94 45
5 14 99 52 79
82 1 51 41 67
12 42 88 49 35
55 67 17 93 23
# P_hat : m1 | m2 | m3 | m4 | m5
1.40 12.40 5.80 2.00 6.00
8.20 13.40 7.80 10.80 2.00
1.20 6.00 6.20 17.80 10.80
2.80 1.00 0.60 1.80 0.60
12.40 5.20 10.00 10.40 12.60
0.20 11.40 7.40 9.40 12.60
8.00 5.60 17.00 1.00 18.00
3.20 1.00 14.00 7.80 12.00
15.20 8.20 4.40 6.20 17.60
15.00 16.20 7.00 18.60 7.20
16.00 8.80 11.80 11.20 18.40
14.60 18.60 12.20 8.80 0.20
14.60 9.00 13.00 12.00 18.00
7.60 4.00 17.60 15.80 4.60
13.20 10.00 5.60 18.20 9.80
12.80 11.00 7.00 3.40 19.20
1.00 17.40 13.80 4.60 19.00
9.40 18.00 4.40 15.20 9.20
5.20 7.20 17.80 9.20 4.60
10.80 3.00 4.20 6.00 18.20
9.60 2.80 5.00 8.60 10.00
10.80 4.80 13.20 10.80 16.40
15.20 8.40 17.60 8.80 2.60
0.20 10.60 18.00 16.80 15.40
11.40 18.40 11.00 11.20 10.20
17.80 7.80 13.00 1.80 0.80
7.80 11.00 11.60 5.00 6.40
4.00 15.40 11.00 11.20 18.00
3.20 8.00 0.40 3.00 0.80
8.00 13.20 18.40 5.40 14.60
1.00 8.40 14.40 19.60 4.20
18.80 3.80 4.40 16.20 2.00
10.60 10.80 1.20 19.80 11.60
2.40 15.80 5.20 15.40 10.80
12.80 12.80 13.00 14.40 15.20
16.60 13.20 7.20 1.00 2.40
4.40 14.20 2.80 4.20 17.80
15.60 17.80 19.40 1.60 4.60
4.00 14.40 15.00 2.20 1.40
18.60 2.60 2.60 14.60 17.80
17.80 13.40 16.20 6.80 19.40
8.20 14.40 5.40 3.40 14.00
15.40 9.20 17.00 16.00 13.40
16.20 13.80 3.20 0.20 16.20
11.40 16.40 2.40 8.40 18.20
19.00 18.80 5.80 0.60 10.20
2.40 5.20 4.20 11.80 9.40
16.60 10.00 12.60 6.40 14.60
6.20 2.20 4.60 9.80 15.20
3.80 11.60 14.80 2.40 14.80
13.20 2.20 5.00 5.20 2.60
14.60 17.80 18.40 12.20 2.20
15.80 4.60 14.60 3.00 1.00
4.20 5.80 1.00 4.00 5.60
18.20 10.60 14.60 4.80 11.20
9.60 8.40 0.20 15.40 7.40
3.40 7.40 7.20 8.00 0.60
15.20 19.20 1.40 15.00 3.00
11.80 11.60 2.20 16.60 19.00
15.80 8.20 19.00 10.00 18.80
2.40 1.20 4.80 16.40 5.00
17.60 9.80 11.80 18.20 11.20
18.20 6.80 14.20 15.60 15.80
12.00 17.20 14.20 17.60 1.00
1.60 15.40 13.80 3.20 6.60
19.00 18.40 13.40 12.00 9.00
11.80 19.60 5.60 4.60 8.40
8.20 13.00 11.00 3.60 14.80
11.20 0.20 13.20 5.80 1.80
4.00 3.60 9.60 9.00 6.20
14.00 14.00 9.20 5.20 8.40
3.20 5.40 7.80 13.20 9.00
0.80 9.20 1.20 14.60 14.40
2.60 19.00 4.00 18.00 17.40
8.00 14.00 14.40 18.20 7.40
12.80 2.40 14.00 13.60 3.80
17.60 8.20 12.20 3.00 2.00
18.40 0.80 16.60 5.20 5.00
19.00 8.80 15.80 2.20 7.60
2.80 6.40 16.40 4.40 11.80
3.20 14.00 12.40 12.40 11.60
0.40 5.40 18.20 19.20 19.20
4.20 4.40 1.60 10.40 7.20
19.40 11.40 17.60 14.40 17.20
11.80 6.20 5.00 3.40 18.60
17.40 4.00 1.80 9.60 7.60
14.00 17.20 6.80 9.80 9.40
2.20 6.00 4.00 19.80 14.60
19.60 5.40 18.60 16.00 3.60
15.00 9.40 1.40 6.00 2.00
5.60 18.00 2.60 1.20 14.20
10.20 9.40 2.20 6.60 6.00
5.40 8.20 11.40 17.80 19.80
11.60 9.40 5.40 2.40 16.40
3.80 5.80 1.40 16.00 2.20
12.80 2.40 8.80 18.80 9.00
1.00 2.80 19.80 10.40 15.80
16.40 0.20 10.20 8.20 13.40
2.40 8.40 17.60 9.80 7.00
11.00 13.40 3.40 18.60 4.60
