# nJobs | nMachines
20 5
# Job Weights
77
50
74
94
78
96
47
28
38
44
52
32
70
75
22
83
84
55
12
92
# P_bar : m1 | m2 | m3 | m4 | m5
54 79 16 66 58
83 3 89 58 56
15 11 49 31 20
71 99 15 68 85
77 56 89 78 53
36 70 45 91 35
53 99 60 13 53
38 60 23 59 41
27 5 57 49 69
87 56 64 85 13
76 3 7 85 86
91 61 1 9 72
14 73 63 39 8
29 75 41 41 49
12 47 63 56 47
77 14 47 40 87
32 21 26 54 58
87 86 75 77 18
68 5 77 51 68
94 77 40 31 28
# P_hat : m1 | m2 | m3 | m4 | m5
21.60 31.60 6.40 26.40 23.20
33.20 1.20 35.60 23.20 22.40
6.00 4.40 19.60 12.40 8.00
28.40 39.60 6.00 27.20 34.00
30.80 22.40 35.60 31.20 21.20
14.40 28.00 18.00 36.40 14.00
21.20 39.60 24.00 5.20 21.20
15.20 24.00 9.20 23.60 16.40
10.80 2.00 22.80 19.60 27.60
34.80 22.40 25.60 34.00 5.20
30.40 1.20 2.80 34.00 34.40
36.40 24.40 0.40 3.60 28.80
5.60 29.20 25.20 15.60 3.20
11.60 30.00 16.40 16.40 19.60
4.80 18.80 25.20 22.40 18.80
30.80 5.60 18.80 16.00 34.80
12.80 8.40 10.40 21.60 23.20
34.80 34.40 30.00 30.80 7.20
27.20 2.00 30.80 20.40 27.20
37.60 30.80 16.00 12.40 11.20
