# nJobs | nMachines
50 5
# Job Weights
65
56
14
50
71
32
92
26
27
12
20
9
22
75
2
75
76
81
2
37
57
9
7
3
97
53
50
97
41
83
36
40
78
84
87
57
70
12
13
79
3
42
85
76
51
71
22
53
91
83
# P_bar : m1 | m2 | m3 | m4 | m5
9 80 28 70 55
19 54 58 1 39
86 73 52 23 86
38 83 11 18 40
71 15 21 42 92
82 5 97 96 2
12 27 49 2 65
20 20 55 52 91
37 75 16 49 67
22 24 4 82 92
97 73 82 4 55
85 88 60 67 40
93 17 5 77 1
33 24 52 24 81
69 53 42 68 2
70 86 61 37 78
29 10 87 28 25
48 30 89 65 27
28 71 76 93 46
76 5 46 68 61
91 11 32 18 46
54 97 18 6 59
71 10 3 49 16
36 84 60 67 41
13 58 34 93 65
44 47 69 3 75
27 69 47 10 69
23 80 95 80 68
95 49 92 44 68
15 74 70 26 23
25 37 71 83 30
88 94 73 4 29
46 51 58 50 37
5 1 17 74 64
38 9 26 14 44
74 16 39 8 69
21 89 60 67 36
36 2 72 18 9
21 80 93 60 45
4 38 27 3 8
96 94 27 43 50
78 93 63 31 10
7 89 59 59 46
72 95 76 69 83
80 95 97 13 91
38 63 85 46 79
17 17 57 53 39
98 98 49 27 83
88 2 60 28 36
78 19 30 63 28
# P_hat : m1 | m2 | m3 | m4 | m5
3.60 32.00 11.20 28.00 22.00
7.60 21.60 23.20 0.40 15.60
34.40 29.20 20.80 9.20 34.40
15.20 33.20 4.40 7.20 16.00
28.40 6.00 8.40 16.80 36.80
32.80 2.00 38.80 38.40 0.80
4.80 10.80 19.60 0.80 26.00
8.00 8.00 22.00 20.80 36.40
14.80 30.00 6.40 19.60 26.80
8.80 9.60 1.60 32.80 36.80
38.80 29.20 32.80 1.60 22.00
34.00 35.20 24.00 26.80 16.00
37.20 6.80 2.00 30.80 0.40
13.20 9.60 20.80 9.60 32.40
27.60 21.20 16.80 27.20 0.80
28.00 34.40 24.40 14.80 31.20
11.60 4.00 34.80 11.20 10.00
19.20 12.00 35.60 26.00 10.80
11.20 28.40 30.40 37.20 18.40
30.40 2.00 18.40 27.20 24.40
36.40 4.40 12.80 7.20 18.40
21.60 38.80 7.20 2.40 23.60
28.40 4.00 1.20 19.60 6.40
14.40 33.60 24.00 26.80 16.40
5.20 23.20 13.60 37.20 26.00
17.60 18.80 27.60 1.20 30.00
10.80 27.60 18.80 4.00 27.60
9.20 32.00 38.00 32.00 27.20
38.00 19.60 36.80 17.60 27.20
6.00 29.60 28.00 10.40 9.20
10.00 14.80 28.40 33.20 12.00
35.20 37.60 29.20 1.60 11.60
18.40 20.40 23.20 20.00 14.80
2.00 0.40 6.80 29.60 25.60
15.20 3.60 10.40 5.60 17.60
29.60 6.40 15.60 3.20 27.60
8.40 35.60 24.00 26.80 14.40
14.40 0.80 28.80 7.20 3.60
8.40 32.00 37.20 24.00 18.00
1.60 15.20 10.80 1.20 3.20
38.40 37.60 10.80 17.20 20.00
31.20 37.20 25.20 12.40 4.00
2.80 35.60 23.60 23.60 18.40
28.80 38.00 30.40 27.60 33.20
32.00 38.00 38.80 5.20 36.40
15.20 25.20 34.00 18.40 31.60
6.80 6.80 22.80 21.20 15.60
39.20 39.20 19.60 10.80 33.20
35.20 0.80 24.00 11.20 14.40
31.20 7.60 12.00 25.20 11.20
