# nJobs | nMachines
50 5
# Job Weights
16
18
50
70
67
70
73
76
18
73
98
2
70
94
80
71
83
98
76
90
35
54
48
3
78
21
4
72
40
69
93
62
88
68
58
22
39
83
31
74
97
44
11
56
30
24
47
28
31
79
# P_bar : m1 | m2 | m3 | m4 | m5
75 26 48 26 77
87 37 4 67 94
13 25 92 4 9
11 95 92 14 57
41 49 72 93 29
43 12 45 54 79
93 59 5 21 55
69 17 98 20 73
80 46 93 6 65
13 20 17 18 86
24 52 79 75 25
72 44 11 25 39
38 92 16 16 76
81 75 89 77 24
83 95 81 28 38
88 33 92 24 5
26 10 45 15 91
6 45 61 77 29
89 2 39 36 22
67 62 28 16 27
70 62 94 32 39
30 82 87 46 31
89 29 23 21 46
30 29 1 81 18
68 94 55 28 93
21 20 91 70 58
78 42 67 89 85
46 80 91 54 58
99 94 4 96 97
10 35 60 62 10
17 8 38 46 79
23 41 25 60 93
83 65 90 19 2
47 4 93 97 87
86 71 13 13 17
18 30 65 7 18
67 14 25 44 10
46 32 34 7 50
4 50 47 73 8
14 30 98 15 26
4 27 91 66 14
20 98 11 70 21
88 39 46 97 15
50 84 50 33 10
84 65 77 97 85
58 12 5 64 46
93 58 14 73 42
76 45 47 28 18
50 49 80 4 36
30 15 45 87 2
# P_hat : m1 | m2 | m3 | m4 | m5
15.00 5.20 9.60 5.20 15.40
17.40 7.40 0.80 13.40 18.80
2.60 5.00 18.40 0.80 1.80
2.20 19.00 18.40 2.80 11.40
8.20 9.80 14.40 18.60 5.80
8.60 2.40 9.00 10.80 15.80
18.60 11.80 1.00 4.20 11.00
13.80 3.40 19.60 4.00 14.60
16.00 9.20 18.60 1.20 13.00
2.60 4.00 3.40 3.60 17.20
4.80 10.40 15.80 15.00 5.00
14.40 8.80 2.20 5.00 7.80
7.60 18.40 3.20 3.20 15.20
16.20 15.00 17.80 15.40 4.80
16.60 19.00 16.20 5.60 7.60
17.60 6.60 18.40 4.80 1.00
5.20 2.00 9.00 3.00 18.20
1.20 9.00 12.20 15.40 5.80
17.80 0.40 7.80 7.20 4.40
13.40 12.40 5.60 3.20 5.40
14.00 12.40 18.80 6.40 7.80
6.00 16.40 17.40 9.20 6.20
17.80 5.80 4.60 4.20 9.20
6.00 5.80 0.20 16.20 3.60
13.60 18.80 11.00 5.60 18.60
4.20 4.00 18.20 14.00 11.60
15.60 8.40 13.40 17.80 17.00
9.20 16.00 18.20 10.80 11.60
19.80 18.80 0.80 19.20 19.40
2.00 7.00 12.00 12.40 2.00
3.40 1.60 7.60 9.20 15.80
4.60 8.20 5.00 12.00 18.60
16.60 13.00 18.00 3.80 0.40
9.40 0.80 18.60 19.40 17.40
17.20 14.20 2.60 2.60 3.40
3.60 6.00 13.00 1.40 3.60
13.40 2.80 5.00 8.80 2.00
9.20 6.40 6.80 1.40 10.00
0.80 10.00 9.40 14.60 1.60
2.80 6.00 19.60 3.00 5.20
0.80 5.40 18.20 13.20 2.80
4.00 19.60 2.20 14.00 4.20
17.60 7.80 9.20 19.40 3.00
10.00 16.80 10.00 6.60 2.00
16.80 13.00 15.40 19.40 17.00
11.60 2.40 1.00 12.80 9.20
18.60 11.60 2.80 14.60 8.40
15.20 9.00 9.40 5.60 3.60
10.00 9.80 16.00 0.80 7.20
6.00 3.00 9.00 17.40 0.40
