# nJobs | nMachines
50 20
# Job Weights
98
81
95
54
69
100
13
60
29
48
76
23
12
82
86
16
14
69
89
18
90
12
78
39
91
95
63
27
29
11
11
87
67
51
7
17
30
95
31
21
43
13
94
3
8
51
2
65
72
47
# P_bar : m1 | m2 | m3 | m4 | m5 | m6 | m7 | m8 | m9 | m10 | m11 | m12 | m13 | m14 | m15 | m16 | m17 | m18 | m19 | m20
52 63 82 16 63 94 79 22 80 96 53 54 71 27 95 3 92 80 61 74
95 99 21 26 55 34 21 6 13 3 19 67 90 93 53 80 62 38 86 38
42 69 79 46 59 89 93 24 64 50 99 25 59 49 54 78 11 55 16 4
75 70 95 66 35 62 32 55 77 57 62 77 82 63 22 32 83 34 42 31
44 53 46 76 21 47 8 48 17 66 88 38 22 65 84 53 87 85 14 62
57 21 23 31 59 66 45 57 78 84 93 98 88 34 54 43 66 44 92 39
89 10 40 36 78 76 37 78 82 98 34 96 35 10 2 85 98 47 67 97
53 31 95 8 25 15 78 5 4 55 72 20 49 56 80 19 42 66 77 57
84 80 87 37 30 18 26 50 72 70 42 15 78 51 84 48 23 19 46 9
62 18 37 21 38 54 98 83 93 32 65 36 69 97 66 49 45 66 41 54
91 5 24 3 78 24 17 70 68 31 39 65 76 52 25 66 52 61 78 13
14 18 24 76 79 55 25 21 25 64 79 97 2 46 16 22 6 60 3 47
95 17 65 67 58 96 21 71 67 11 9 27 14 16 79 37 3 98 72 6
89 71 62 5 44 10 28 58 80 9 26 25 3 50 90 51 64 82 95 70
4 90 19 47 38 12 68 36 43 32 72 61 22 96 51 82 55 79 53 19
95 93 67 72 76 96 24 50 93 58 29 24 26 85 29 59 97 71 59 97
2 14 66 66 70 53 62 31 21 98 36 97 44 61 29 88 83 28 34 41
97 49 6 56 72 92 89 86 33 95 48 61 1 76 90 77 42 74 66 1
68 52 65 95 85 77 60 29 14 25 57 75 4 30 83 19 81 27 42 57
20 7 59 49 8 6 64 30 30 4 95 92 16 90 83 32 92 33 63 60
33 78 2 47 10 91 38 93 59 45 93 73 55 42 19 52 68 13 27 62
51 57 67 26 84 14 90 49 83 60 79 21 43 88 95 9 46 9 92 14
98 41 82 81 42 41 87 83 85 87 88 29 87 37 87 96 56 12 8 90
8 75 90 56 67 30 1 89 85 31 77 3 35 43 12 23 88 51 65 76
85 98 30 76 20 85 99 44 70 1 94 96 76 88 34 64 50 16 34 12
86 93 63 66 24 17 34 38 35 96 39 51 98 91 23 22 13 49 6 89
73 33 5 36 75 23 9 62 2 22 74 26 78 14 44 37 23 83 42 37
4 75 93 53 23 60 22 45 76 95 46 44 81 63 30 3 13 48 39 35
40 68 53 26 33 76 74 22 46 73 17 56 48 65 82 52 49 13 2 91
98 33 85 52 60 39 14 85 72 77 30 31 25 74 83 44 18 78 7 69
12 60 81 29 20 85 14 39 69 30 62 64 81 71 42 11 50 96 85 55
59 82 73 36 75 10 84 98 46 88 77 38 27 8 56 21 94 77 32 48
44 24 34 68 83 65 75 56 3 14 43 44 84 39 89 85 71 68 14 56
46 99 74 21 26 15 37 68 57 22 98 46 59 95 38 6 64 88 74 84
2 4 13 71 92 55 32 84 71 93 48 66 98 82 96 40 31 77 59 22
41 97 78 61 29 41 29 77 77 48 14 31 14 17 10 68 21 76 95 51
28 24 35 71 39 28 32 67 33 10 45 48 32 38 3 30 2 73 48 43
83 50 20 69 14 93 89 53 49 7 25 27 95 69 53 35 63 92 37 50
28 55 16 28 74 88 12 46 59 14 98 82 30 17 97 58 58 72 59 62
21 91 48 86 66 27 47 24 82 91 30 51 13 24 11 31 36 87 4 61
80 46 12 27 86 77 19 52 59 5 90 90 68 66 65 11 64 66 42 10
71 58 11 41 10 81 97 96 70 43 92 63 19 75 47 11 52 98 93 87
4 17 80 86 27 19 7 2 76 30 35 85 57 52 76 6 8 40 32 99
60 47 9 55 8 76 12 88 10 79 13 36 65 59 22 59 94 31 30 40
34 82 24 17 7 55 43 33 65 39 75 69 13 4 17 64 51 75 16 91
55 6 76 62 97 67 89 27 19 34 55 67 63 73 14 65 36 45 95 64
53 15 32 96 84 65 14 49 77 77 80 81 26 56 11 23 82 98 58 62
96 91 35 59 56 8 33 78 86 81 67 18 96 19 69 80 30 90 12 53
37 74 66 53 61 18 56 82 21 11 3 81 53 39 91 75 17 4 95 33
37 42 48 93 9 56 57 65 75 10 93 72 94 51 53 63 21 23 21 16
# P_hat : m1 | m2 | m3 | m4 | m5 | m6 | m7 | m8 | m9 | m10 | m11 | m12 | m13 | m14 | m15 | m16 | m17 | m18 | m19 | m20
20.80 25.20 32.80 6.40 25.20 37.60 31.60 8.80 32.00 38.40 21.20 21.60 28.40 10.80 38.00 1.20 36.80 32.00 24.40 29.60
38.00 39.60 8.40 10.40 22.00 13.60 8.40 2.40 5.20 1.20 7.60 26.80 36.00 37.20 21.20 32.00 24.80 15.20 34.40 15.20
16.80 27.60 31.60 18.40 23.60 35.60 37.20 9.60 25.60 20.00 39.60 10.00 23.60 19.60 21.60 31.20 4.40 22.00 6.40 1.60
30.00 28.00 38.00 26.40 14.00 24.80 12.80 22.00 30.80 22.80 24.80 30.80 32.80 25.20 8.80 12.80 33.20 13.60 16.80 12.40
17.60 21.20 18.40 30.40 8.40 18.80 3.20 19.20 6.80 26.40 35.20 15.20 8.80 26.00 33.60 21.20 34.80 34.00 5.60 24.80
22.80 8.40 9.20 12.40 23.60 26.40 18.00 22.80 31.20 33.60 37.20 39.20 35.20 13.60 21.60 17.20 26.40 17.60 36.80 15.60
35.60 4.00 16.00 14.40 31.20 30.40 14.80 31.20 32.80 39.20 13.60 38.40 14.00 4.00 0.80 34.00 39.20 18.80 26.80 38.80
21.20 12.40 38.00 3.20 10.00 6.00 31.20 2.00 1.60 22.00 28.80 8.00 19.60 22.40 32.00 7.60 16.80 26.40 30.80 22.80
33.60 32.00 34.80 14.80 12.00 7.20 10.40 20.00 28.80 28.00 16.80 6.00 31.20 20.40 33.60 19.20 9.20 7.60 18.40 3.60
24.80 7.20 14.80 8.40 15.20 21.60 39.20 33.20 37.20 12.80 26.00 14.40 27.60 38.80 26.40 19.60 18.00 26.40 16.40 21.60
36.40 2.00 9.60 1.20 31.20 9.60 6.80 28.00 27.20 12.40 15.60 26.00 30.40 20.80 10.00 26.40 20.80 24.40 31.20 5.20
5.60 7.20 9.60 30.40 31.60 22.00 10.00 8.40 10.00 25.60 31.60 38.80 0.80 18.40 6.40 8.80 2.40 24.00 1.20 18.80
38.00 6.80 26.00 26.80 23.20 38.40 8.40 28.40 26.80 4.40 3.60 10.80 5.60 6.40 31.60 14.80 1.20 39.20 28.80 2.40
35.60 28.40 24.80 2.00 17.60 4.00 11.20 23.20 32.00 3.60 10.40 10.00 1.20 20.00 36.00 20.40 25.60 32.80 38.00 28.00
1.60 36.00 7.60 18.80 15.20 4.80 27.20 14.40 17.20 12.80 28.80 24.40 8.80 38.40 20.40 32.80 22.00 31.60 21.20 7.60
38.00 37.20 26.80 28.80 30.40 38.40 9.60 20.00 37.20 23.20 11.60 9.60 10.40 34.00 11.60 23.60 38.80 28.40 23.60 38.80
0.80 5.60 26.40 26.40 28.00 21.20 24.80 12.40 8.40 39.20 14.40 38.80 17.60 24.40 11.60 35.20 33.20 11.20 13.60 16.40
38.80 19.60 2.40 22.40 28.80 36.80 35.60 34.40 13.20 38.00 19.20 24.40 0.40 30.40 36.00 30.80 16.80 29.60 26.40 0.40
27.20 20.80 26.00 38.00 34.00 30.80 24.00 11.60 5.60 10.00 22.80 30.00 1.60 12.00 33.20 7.60 32.40 10.80 16.80 22.80
8.00 2.80 23.60 19.60 3.20 2.40 25.60 12.00 12.00 1.60 38.00 36.80 6.40 36.00 33.20 12.80 36.80 13.20 25.20 24.00
13.20 31.20 0.80 18.80 4.00 36.40 15.20 37.20 23.60 18.00 37.20 29.20 22.00 16.80 7.60 20.80 27.20 5.20 10.80 24.80
20.40 22.80 26.80 10.40 33.60 5.60 36.00 19.60 33.20 24.00 31.60 8.40 17.20 35.20 38.00 3.60 18.40 3.60 36.80 5.60
39.20 16.40 32.80 32.40 16.80 16.40 34.80 33.20 34.00 34.80 35.20 11.60 34.80 14.80 34.80 38.40 22.40 4.80 3.20 36.00
3.20 30.00 36.00 22.40 26.80 12.00 0.40 35.60 34.00 12.40 30.80 1.20 14.00 17.20 4.80 9.20 35.20 20.40 26.00 30.40
34.00 39.20 12.00 30.40 8.00 34.00 39.60 17.60 28.00 0.40 37.60 38.40 30.40 35.20 13.60 25.60 20.00 6.40 13.60 4.80
34.40 37.20 25.20 26.40 9.60 6.80 13.60 15.20 14.00 38.40 15.60 20.40 39.20 36.40 9.20 8.80 5.20 19.60 2.40 35.60
29.20 13.20 2.00 14.40 30.00 9.20 3.60 24.80 0.80 8.80 29.60 10.40 31.20 5.60 17.60 14.80 9.20 33.20 16.80 14.80
1.60 30.00 37.20 21.20 9.20 24.00 8.80 18.00 30.40 38.00 18.40 17.60 32.40 25.20 12.00 1.20 5.20 19.20 15.60 14.00
16.00 27.20 21.20 10.40 13.20 30.40 29.60 8.80 18.40 29.20 6.80 22.40 19.20 26.00 32.80 20.80 19.60 5.20 0.80 36.40
39.20 13.20 34.00 20.80 24.00 15.60 5.60 34.00 28.80 30.80 12.00 12.40 10.00 29.60 33.20 17.60 7.20 31.20 2.80 27.60
4.80 24.00 32.40 11.60 8.00 34.00 5.60 15.60 27.60 12.00 24.80 25.60 32.40 28.40 16.80 4.40 20.00 38.40 34.00 22.00
23.60 32.80 29.20 14.40 30.00 4.00 33.60 39.20 18.40 35.20 30.80 15.20 10.80 3.20 22.40 8.40 37.60 30.80 12.80 19.20
17.60 9.60 13.60 27.20 33.20 26.00 30.00 22.40 1.20 5.60 17.20 17.60 33.60 15.60 35.60 34.00 28.40 27.20 5.60 22.40
18.40 39.60 29.60 8.40 10.40 6.00 14.80 27.20 22.80 8.80 39.20 18.40 23.60 38.00 15.20 2.40 25.60 35.20 29.60 33.60
0.80 1.60 5.20 28.40 36.80 22.00 12.80 33.60 28.40 37.20 19.20 26.40 39.20 32.80 38.40 16.00 12.40 30.80 23.60 8.80
16.40 38.80 31.20 24.40 11.60 16.40 11.60 30.80 30.80 19.20 5.60 12.40 5.60 6.80 4.00 27.20 8.40 30.40 38.00 20.40
11.20 9.60 14.00 28.40 15.60 11.20 12.80 26.80 13.20 4.00 18.00 19.20 12.80 15.20 1.20 12.00 0.80 29.20 19.20 17.20
33.20 20.00 8.00 27.60 5.60 37.20 35.60 21.20 19.60 2.80 10.00 10.80 38.00 27.60 21.20 14.00 25.20 36.80 14.80 20.00
11.20 22.00 6.40 11.20 29.60 35.20 4.80 18.40 23.60 5.60 39.20 32.80 12.00 6.80 38.80 23.20 23.20 28.80 23.60 24.80
8.40 36.40 19.20 34.40 26.40 10.80 18.80 9.60 32.80 36.40 12.00 20.40 5.20 9.60 4.40 12.40 14.40 34.80 1.60 24.40
32.00 18.40 4.80 10.80 34.40 30.80 7.60 20.80 23.60 2.00 36.00 36.00 27.20 26.40 26.00 4.40 25.60 26.40 16.80 4.00
28.40 23.20 4.40 16.40 4.00 32.40 38.80 38.40 28.00 17.20 36.80 25.20 7.60 30.00 18.80 4.40 20.80 39.20 37.20 34.80
1.60 6.80 32.00 34.40 10.80 7.60 2.80 0.80 30.40 12.00 14.00 34.00 22.80 20.80 30.40 2.40 3.20 16.00 12.80 39.60
24.00 18.80 3.60 22.00 3.20 30.40 4.80 35.20 4.00 31.60 5.20 14.40 26.00 23.60 8.80 23.60 37.60 12.40 12.00 16.00
13.60 32.80 9.60 6.80 2.80 22.00 17.20 13.20 26.00 15.60 30.00 27.60 5.20 1.60 6.80 25.60 20.40 30.00 6.40 36.40
22.00 2.40 30.40 24.80 38.80 26.80 35.60 10.80 7.60 13.60 22.00 26.80 25.20 29.20 5.60 26.00 14.40 18.00 38.00 25.60
21.20 6.00 12.80 38.40 33.60 26.00 5.60 19.60 30.80 30.80 32.00 32.40 10.40 22.40 4.40 9.20 32.80 39.20 23.20 24.80
38.40 36.40 14.00 23.60 22.40 3.20 13.20 31.20 34.40 32.40 26.80 7.20 38.40 7.60 27.60 32.00 12.00 36.00 4.80 21.20
14.80 29.60 26.40 21.20 24.40 7.20 22.40 32.80 8.40 4.40 1.20 32.40 21.20 15.60 36.40 30.00 6.80 1.60 38.00 13.20
14.80 16.80 19.20 37.20 3.60 22.40 22.80 26.00 30.00 4.00 37.20 28.80 37.60 20.40 21.20 25.20 8.40 9.20 8.40 6.40
