# nJobs | nMachines
50 5
# Job Weights
32
49
78
17
44
22
76
7
70
21
80
15
34
100
69
14
57
99
56
81
60
46
53
34
73
68
14
30
88
60
10
58
55
43
17
1
66
99
88
90
50
38
42
32
29
32
37
4
79
8
# P_bar : m1 | m2 | m3 | m4 | m5
34 24 20 65 47
40 85 61 39 62
22 19 69 68 11
6 94 28 40 6
50 59 69 82 21
64 65 35 31 60
48 42 17 29 82
74 8 59 17 2
67 10 16 69 31
22 15 54 44 27
26 96 6 19 81
13 63 18 29 34
24 30 2 60 7
54 20 4 27 6
22 31 80 93 53
9 94 45 35 19
28 35 2 17 28
48 84 18 1 63
83 83 83 99 29
85 53 21 96 34
79 57 41 1 96
78 25 51 62 39
40 71 85 84 19
15 22 56 42 45
95 31 88 60 64
75 35 40 42 72
73 40 20 66 26
41 76 16 1 59
52 14 22 1 51
71 48 98 31 74
84 42 56 41 3
73 11 69 62 11
25 92 90 83 96
41 68 9 74 50
74 55 81 38 23
15 88 65 56 43
58 52 38 57 36
55 36 75 54 52
47 62 60 45 9
12 42 81 39 44
36 51 59 85 32
48 68 94 40 2
96 10 3 21 78
47 38 19 84 83
64 29 15 17 69
5 56 29 24 47
24 23 94 65 17
78 71 48 98 35
59 45 39 90 45
4 98 3 46 30
# P_hat : m1 | m2 | m3 | m4 | m5
6.80 4.80 4.00 13.00 9.40
8.00 17.00 12.20 7.80 12.40
4.40 3.80 13.80 13.60 2.20
1.20 18.80 5.60 8.00 1.20
10.00 11.80 13.80 16.40 4.20
12.80 13.00 7.00 6.20 12.00
9.60 8.40 3.40 5.80 16.40
14.80 1.60 11.80 3.40 0.40
13.40 2.00 3.20 13.80 6.20
4.40 3.00 10.80 8.80 5.40
5.20 19.20 1.20 3.80 16.20
2.60 12.60 3.60 5.80 6.80
4.80 6.00 0.40 12.00 1.40
10.80 4.00 0.80 5.40 1.20
4.40 6.20 16.00 18.60 10.60
1.80 18.80 9.00 7.00 3.80
5.60 7.00 0.40 3.40 5.60
9.60 16.80 3.60 0.20 12.60
16.60 16.60 16.60 19.80 5.80
17.00 10.60 4.20 19.20 6.80
15.80 11.40 8.20 0.20 19.20
15.60 5.00 10.20 12.40 7.80
8.00 14.20 17.00 16.80 3.80
3.00 4.40 11.20 8.40 9.00
19.00 6.20 17.60 12.00 12.80
15.00 7.00 8.00 8.40 14.40
14.60 8.00 4.00 13.20 5.20
8.20 15.20 3.20 0.20 11.80
10.40 2.80 4.40 0.20 10.20
14.20 9.60 19.60 6.20 14.80
16.80 8.40 11.20 8.20 0.60
14.60 2.20 13.80 12.40 2.20
5.00 18.40 18.00 16.60 19.20
8.20 13.60 1.80 14.80 10.00
14.80 11.00 16.20 7.60 4.60
3.00 17.60 13.00 11.20 8.60
11.60 10.40 7.60 11.40 7.20
11.00 7.20 15.00 10.80 10.40
9.40 12.40 12.00 9.00 1.80
2.40 8.40 16.20 7.80 8.80
7.20 10.20 11.80 17.00 6.40
9.60 13.60 18.80 8.00 0.40
19.20 2.00 0.60 4.20 15.60
9.40 7.60 3.80 16.80 16.60
12.80 5.80 3.00 3.40 13.80
1.00 11.20 5.80 4.80 9.40
4.80 4.60 18.80 13.00 3.40
15.60 14.20 9.60 19.60 7.00
11.80 9.00 7.80 18.00 9.00
0.80 19.60 0.60 9.20 6.00
