# nJobs | nMachines
100 5
# Job Weights
24
63
36
49
5
30
67
30
82
61
92
38
14
71
74
98
63
72
27
93
99
14
91
47
30
56
1
60
92
26
31
58
69
64
82
22
56
42
65
34
97
55
16
24
44
6
29
11
92
4
54
15
96
10
84
44
48
48
81
12
83
10
20
99
23
3
95
35
20
5
36
67
52
91
65
72
93
11
51
60
56
56
58
13
96
81
65
53
72
79
30
37
43
78
87
8
90
66
17
77
# P_bar : m1 | m2 | m3 | m4 | m5
14 21 3 9 6
28 16 24 18 52
71 40 75 42 73
57 45 31 29 71
82 1 52 30 48
68 97 53 60 53
58 17 73 56 68
61 65 3 30 72
84 51 60 73 91
7 35 26 44 74
31 22 43 42 35
12 27 69 10 34
75 78 65 48 41
91 23 58 96 86
47 46 40 95 86
53 6 46 65 19
35 85 54 3 49
89 29 40 31 11
64 63 72 39 60
67 7 71 92 25
1 5 91 71 73
70 9 74 24 25
52 99 44 75 44
31 31 25 11 45
74 83 18 63 51
37 74 83 40 68
83 31 99 40 25
21 76 9 74 12
28 66 52 37 53
46 73 75 8 73
79 79 88 88 24
95 48 58 90 39
27 69 21 30 47
71 81 72 62 45
24 89 95 60 35
99 75 73 3 69
7 74 72 40 32
68 8 64 79 94
35 62 82 38 4
83 36 91 97 6
36 24 13 13 99
89 86 98 23 93
79 94 38 99 30
64 67 44 43 24
51 85 94 99 72
97 39 47 92 9
3 43 49 74 72
9 92 32 97 78
94 87 81 42 37
45 23 54 21 18
17 1 21 73 79
56 19 52 90 20
58 49 99 16 40
49 32 83 45 89
32 75 3 97 81
49 74 30 7 86
26 19 57 47 28
53 25 54 33 21
67 5 74 77 94
31 75 29 91 53
72 71 45 10 53
71 80 97 22 46
93 72 3 22 31
23 60 55 3 84
42 64 81 82 79
79 36 47 4 91
19 23 71 57 87
43 7 37 21 45
26 52 98 97 23
71 8 48 58 59
17 87 96 27 75
37 5 11 25 52
93 44 48 38 45
11 37 5 49 21
21 66 65 13 59
79 74 2 68 21
51 6 40 43 9
26 44 29 60 61
85 30 23 25 6
41 78 96 63 58
76 99 11 48 71
28 34 55 13 69
76 77 33 36 2
40 51 44 71 50
83 57 67 27 55
18 68 22 14 92
74 27 33 11 29
8 36 96 87 2
75 36 90 27 94
66 70 69 6 57
50 66 11 63 36
16 79 23 61 74
14 74 37 55 87
12 63 30 62 32
98 47 6 34 76
71 40 66 17 86
47 28 94 11 22
22 44 19 28 29
71 30 18 46 90
44 48 57 63 44
# P_hat : m1 | m2 | m3 | m4 | m5
2.80 4.20 0.60 1.80 1.20
5.60 3.20 4.80 3.60 10.40
14.20 8.00 15.00 8.40 14.60
11.40 9.00 6.20 5.80 14.20
16.40 0.20 10.40 6.00 9.60
13.60 19.40 10.60 12.00 10.60
11.60 3.40 14.60 11.20 13.60
12.20 13.00 0.60 6.00 14.40
16.80 10.20 12.00 14.60 18.20
1.40 7.00 5.20 8.80 14.80
6.20 4.40 8.60 8.40 7.00
2.40 5.40 13.80 2.00 6.80
15.00 15.60 13.00 9.60 8.20
18.20 4.60 11.60 19.20 17.20
9.40 9.20 8.00 19.00 17.20
10.60 1.20 9.20 13.00 3.80
7.00 17.00 10.80 0.60 9.80
17.80 5.80 8.00 6.20 2.20
12.80 12.60 14.40 7.80 12.00
13.40 1.40 14.20 18.40 5.00
0.20 1.00 18.20 14.20 14.60
14.00 1.80 14.80 4.80 5.00
10.40 19.80 8.80 15.00 8.80
6.20 6.20 5.00 2.20 9.00
14.80 16.60 3.60 12.60 10.20
7.40 14.80 16.60 8.00 13.60
16.60 6.20 19.80 8.00 5.00
4.20 15.20 1.80 14.80 2.40
5.60 13.20 10.40 7.40 10.60
9.20 14.60 15.00 1.60 14.60
15.80 15.80 17.60 17.60 4.80
19.00 9.60 11.60 18.00 7.80
5.40 13.80 4.20 6.00 9.40
14.20 16.20 14.40 12.40 9.00
4.80 17.80 19.00 12.00 7.00
19.80 15.00 14.60 0.60 13.80
1.40 14.80 14.40 8.00 6.40
13.60 1.60 12.80 15.80 18.80
7.00 12.40 16.40 7.60 0.80
16.60 7.20 18.20 19.40 1.20
7.20 4.80 2.60 2.60 19.80
17.80 17.20 19.60 4.60 18.60
15.80 18.80 7.60 19.80 6.00
12.80 13.40 8.80 8.60 4.80
10.20 17.00 18.80 19.80 14.40
19.40 7.80 9.40 18.40 1.80
0.60 8.60 9.80 14.80 14.40
1.80 18.40 6.40 19.40 15.60
18.80 17.40 16.20 8.40 7.40
9.00 4.60 10.80 4.20 3.60
3.40 0.20 4.20 14.60 15.80
11.20 3.80 10.40 18.00 4.00
11.60 9.80 19.80 3.20 8.00
9.80 6.40 16.60 9.00 17.80
6.40 15.00 0.60 19.40 16.20
9.80 14.80 6.00 1.40 17.20
5.20 3.80 11.40 9.40 5.60
10.60 5.00 10.80 6.60 4.20
13.40 1.00 14.80 15.40 18.80
6.20 15.00 5.80 18.20 10.60
14.40 14.20 9.00 2.00 10.60
14.20 16.00 19.40 4.40 9.20
18.60 14.40 0.60 4.40 6.20
4.60 12.00 11.00 0.60 16.80
8.40 12.80 16.20 16.40 15.80
15.80 7.20 9.40 0.80 18.20
3.80 4.60 14.20 11.40 17.40
8.60 1.40 7.40 4.20 9.00
5.20 10.40 19.60 19.40 4.60
14.20 1.60 9.60 11.60 11.80
3.40 17.40 19.20 5.40 15.00
7.40 1.00 2.20 5.00 10.40
18.60 8.80 9.60 7.60 9.00
2.20 7.40 1.00 9.80 4.20
4.20 13.20 13.00 2.60 11.80
15.80 14.80 0.40 13.60 4.20
10.20 1.20 8.00 8.60 1.80
5.20 8.80 5.80 12.00 12.20
17.00 6.00 4.60 5.00 1.20
8.20 15.60 19.20 12.60 11.60
15.20 19.80 2.20 9.60 14.20
5.60 6.80 11.00 2.60 13.80
15.20 15.40 6.60 7.20 0.40
8.00 10.20 8.80 14.20 10.00
16.60 11.40 13.40 5.40 11.00
3.60 13.60 4.40 2.80 18.40
14.80 5.40 6.60 2.20 5.80
1.60 7.20 19.20 17.40 0.40
15.00 7.20 18.00 5.40 18.80
13.20 14.00 13.80 1.20 11.40
10.00 13.20 2.20 12.60 7.20
3.20 15.80 4.60 12.20 14.80
2.80 14.80 7.40 11.00 17.40
2.40 12.60 6.00 12.40 6.40
19.60 9.40 1.20 6.80 15.20
14.20 8.00 13.20 3.40 17.20
9.40 5.60 18.80 2.20 4.40
4.40 8.80 3.80 5.60 5.80
14.20 6.00 3.60 9.20 18.00
8.80 9.60 11.40 12.60 8.80
