# nJobs | nMachines
100 20
# Job Weights
50
77
32
5
6
56
22
11
14
73
40
43
19
63
53
42
94
96
42
2
30
88
95
57
45
49
67
20
24
98
47
45
33
66
27
94
58
61
65
20
89
79
53
99
79
92
73
10
23
94
43
43
27
9
31
55
34
58
59
46
89
31
54
15
30
92
26
34
21
57
63
91
52
66
5
10
22
17
73
57
5
93
78
75
47
61
57
88
67
91
74
98
95
20
31
79
48
70
74
46
# P_bar : m1 | m2 | m3 | m4 | m5 | m6 | m7 | m8 | m9 | m10 | m11 | m12 | m13 | m14 | m15 | m16 | m17 | m18 | m19 | m20
26 10 96 51 22 56 43 91 72 41 28 80 27 7 70 73 37 27 32 31
99 37 7 11 57 24 51 78 40 61 96 54 80 2 18 59 80 32 41 42
68 69 16 52 50 10 85 60 88 28 51 21 35 31 13 18 47 59 6 95
38 91 74 11 63 91 51 42 94 93 98 17 75 22 35 30 12 89 44 39
74 75 74 22 22 7 86 29 27 79 40 79 49 82 26 14 31 6 69 55
84 54 50 20 18 95 23 77 83 81 5 75 86 9 97 5 87 66 87 90
3 37 76 52 85 47 33 65 82 38 48 95 63 59 17 81 98 89 40 3
38 44 65 60 89 96 86 60 53 41 96 86 30 31 63 37 64 63 80 69
60 37 34 95 35 30 12 97 44 63 51 95 33 69 9 17 74 96 28 21
87 69 69 57 93 96 94 88 6 90 80 22 70 44 7 78 29 36 39 61
87 45 64 17 14 91 2 72 86 66 90 86 34 57 98 57 22 58 66 21
88 56 47 77 94 3 36 62 18 77 8 24 86 59 43 64 88 27 94 56
68 6 28 48 90 45 96 6 14 51 81 75 19 11 79 10 27 72 98 78
37 76 59 10 39 18 63 88 47 41 65 34 65 7 84 65 52 47 46 53
99 60 45 97 69 9 10 12 26 11 92 10 56 69 54 45 67 13 48 29
62 41 19 62 89 50 66 57 46 35 50 65 95 5 9 49 67 81 83 90
75 13 69 11 93 81 18 78 88 44 27 63 62 61 65 97 2 4 61 77
54 92 37 54 80 91 79 96 48 5 53 2 72 13 50 5 32 57 85 71
8 74 41 35 40 70 98 9 8 14 26 70 77 30 13 31 92 31 61 77
36 44 39 12 50 96 58 18 66 61 61 6 17 63 66 17 6 56 94 71
85 41 28 40 33 98 45 24 89 27 57 39 72 63 11 41 87 19 77 75
20 16 2 99 90 15 97 68 16 80 9 6 62 59 71 16 15 21 9 95
68 6 77 73 12 42 46 45 49 30 74 82 43 90 50 68 43 33 85 45
55 74 48 60 92 11 32 6 46 66 6 55 85 24 77 77 38 60 42 2
22 50 57 9 96 67 11 29 3 10 68 63 75 19 70 5 23 43 6 16
48 18 75 70 50 87 63 18 12 18 51 48 80 53 21 13 77 39 74 20
9 62 88 7 25 24 6 40 21 73 18 39 45 38 13 28 46 10 83 60
38 96 46 35 15 8 38 70 55 9 10 26 95 75 36 4 20 74 67 12
44 50 97 36 65 43 32 62 15 68 25 80 89 40 42 89 84 89 18 96
37 12 64 75 8 70 29 62 2 94 6 92 33 35 43 15 92 98 39 26
63 46 15 20 57 83 87 9 87 97 56 32 93 95 89 20 91 68 52 22
60 54 7 89 66 49 42 86 17 96 42 76 83 6 21 4 88 50 95 26
43 53 88 20 29 38 8 15 68 21 43 38 19 85 89 46 31 33 72 30
97 72 41 10 20 46 8 76 76 73 63 93 52 94 24 88 68 61 64 58
42 10 89 73 35 75 90 23 87 6 50 22 57 21 50 55 85 30 7 9
68 52 95 54 59 13 48 40 77 13 91 17 55 84 98 84 18 51 68 22
45 88 77 88 1 12 89 63 77 53 32 48 24 92 7 66 32 33 26 61
46 95 13 70 73 35 94 39 12 79 81 25 4 49 76 9 22 26 9 76
19 41 88 25 45 96 47 24 56 66 92 74 96 49 20 82 45 6 87 54
69 91 70 48 79 7 23 36 57 39 85 60 31 98 66 43 94 24 4 56
66 5 85 2 64 10 59 24 7 35 40 34 17 38 87 2 84 70 95 19
22 37 68 67 54 89 61 89 46 38 70 14 93 28 19 59 98 68 75 45
42 47 4 56 49 91 58 9 69 18 51 92 23 60 64 61 74 80 64 27
54 96 31 59 24 36 83 18 2 82 48 95 34 38 62 37 8 13 19 60
2 53 67 7 81 33 89 89 69 62 7 51 27 58 19 90 37 73 85 74
94 14 67 32 94 52 95 32 5 37 44 50 70 82 94 90 21 13 2 40
95 6 75 61 67 34 3 56 77 93 75 96 26 20 12 71 51 35 70 84
69 4 9 32 70 94 78 77 53 84 99 89 80 39 69 82 62 39 96 11
15 15 9 59 39 73 46 76 39 48 91 94 4 24 5 88 68 44 58 2
38 7 44 33 87 36 5 8 55 58 22 10 48 43 44 6 43 86 19 27
15 96 24 60 21 27 8 56 17 56 93 91 81 76 75 57 97 24 27 31
53 43 16 72 13 27 59 85 3 88 88 50 76 3 23 32 70 30 39 31
43 12 25 79 90 81 25 79 54 24 29 72 28 28 66 90 24 83 6 53
94 42 42 89 70 1 67 72 18 37 94 60 64 82 5 69 65 27 67 45
90 89 88 42 71 1 15 50 12 94 11 98 47 26 82 92 35 74 51 86
92 86 85 49 86 83 90 39 96 4 13 27 4 71 25 54 4 81 72 31
3 7 17 4 41 22 99 69 82 92 47 85 46 4 67 98 28 15 20 2
31 56 32 94 23 73 38 96 67 88 12 71 84 71 76 59 45 13 84 13
74 20 36 30 18 98 19 94 8 37 81 63 20 93 68 51 37 87 35 74
35 34 60 23 63 2 77 83 25 3 77 29 77 75 57 12 40 27 58 50
51 77 85 89 9 88 61 76 55 70 15 34 66 98 86 46 39 88 46 44
75 24 15 7 50 32 55 55 25 30 97 61 21 84 13 45 68 17 88 7
61 85 65 76 87 78 12 33 76 92 64 56 94 35 97 27 70 37 38 5
27 52 68 35 43 57 8 15 2 54 87 35 77 53 73 26 12 65 79 10
17 93 62 47 33 74 95 76 59 94 33 9 53 45 6 8 28 45 82 60
31 31 60 77 18 30 88 36 72 72 93 12 34 18 90 56 9 6 27 58
9 65 27 47 28 56 55 54 88 86 65 53 53 32 71 12 99 77 91 69
70 94 9 10 21 90 81 67 48 18 89 67 48 59 5 14 83 27 14 4
56 45 97 88 61 5 9 56 75 23 3 16 18 2 70 90 92 20 86 42
98 20 73 16 57 48 32 92 44 28 97 68 89 33 91 96 41 1 3 21
67 79 41 88 69 98 62 18 10 11 3 12 76 63 28 66 62 28 50 39
57 19 89 82 9 36 50 67 22 33 31 45 86 47 26 97 83 69 40 58
41 3 95 34 18 55 75 94 42 57 80 25 42 99 75 32 34 81 91 99
78 96 71 52 68 54 66 28 98 84 47 83 57 8 34 98 24 87 29 28
60 84 7 79 8 7 43 1 33 71 8 76 77 41 10 16 6 33 26 8
7 18 79 77 24 85 87 33 52 31 79 7 86 23 80 14 2 6 42 2
15 26 75 74 90 61 40 36 1 47 62 97 71 38 38 86 89 98 36 2
21 52 15 8 7 94 98 18 99 38 80 63 21 49 16 48 24 25 42 4
43 68 86 69 47 88 42 3 37 34 11 78 4 86 5 65 22 49 66 81
26 28 9 11 32 33 49 65 74 25 95 76 5 54 99 4 13 32 21 24
42 84 74 18 95 78 50 44 35 95 5 40 2 12 13 47 42 9 28 57
82 23 45 37 70 89 29 79 15 20 83 57 66 57 83 86 99 19 58 19
7 1 83 47 86 18 28 86 58 39 48 37 81 1 45 8 22 24 60 24
43 44 31 84 86 14 35 19 15 90 23 93 49 3 93 99 80 63 23 46
14 3 84 17 8 46 48 58 41 17 8 92 42 63 96 37 96 37 48 27
1 37 70 70 71 20 37 30 48 58 60 54 14 7 62 42 20 11 24 51
62 42 63 74 23 89 42 64 94 98 54 92 4 35 70 76 79 68 2 12
71 1 2 26 50 17 11 4 96 39 12 42 64 78 96 84 4 94 31 18
26 55 42 90 53 65 38 65 89 99 97 29 30 54 58 63 92 34 80 78
96 76 79 53 32 80 24 57 8 44 98 85 52 89 65 63 26 33 50 87
17 41 59 74 6 13 97 73 82 45 36 3 86 7 16 78 28 90 47 71
75 71 59 87 38 70 45 37 36 53 95 10 34 2 29 41 5 58 61 83
5 40 11 30 93 7 54 44 31 88 69 6 86 34 46 62 34 36 91 7
38 31 73 8 66 43 28 51 13 8 46 53 94 41 77 54 41 57 71 33
28 9 44 60 1 24 4 21 26 17 93 34 94 25 36 79 9 4 39 54
20 8 13 60 99 23 68 15 40 13 44 45 3 56 24 40 55 81 65 30
32 46 63 74 62 31 89 63 77 72 92 78 60 40 66 57 12 84 63 84
85 20 25 34 5 38 86 65 83 60 71 96 90 89 60 17 78 8 78 8
97 66 68 46 37 63 39 28 44 62 63 17 35 92 86 63 37 8 87 4
36 19 94 26 41 43 71 82 77 2 74 85 96 12 12 28 15 8 96 95
# P_hat : m1 | m2 | m3 | m4 | m5 | m6 | m7 | m8 | m9 | m10 | m11 | m12 | m13 | m14 | m15 | m16 | m17 | m18 | m19 | m20
13.00 5.00 48.00 25.50 11.00 28.00 21.50 45.50 36.00 20.50 14.00 40.00 13.50 3.50 35.00 36.50 18.50 13.50 16.00 15.50
49.50 18.50 3.50 5.50 28.50 12.00 25.50 39.00 20.00 30.50 48.00 27.00 40.00 1.00 9.00 29.50 40.00 16.00 20.50 21.00
34.00 34.50 8.00 26.00 25.00 5.00 42.50 30.00 44.00 14.00 25.50 10.50 17.50 15.50 6.50 9.00 23.50 29.50 3.00 47.50
19.00 45.50 37.00 5.50 31.50 45.50 25.50 21.00 47.00 46.50 49.00 8.50 37.50 11.00 17.50 15.00 6.00 44.50 22.00 19.50
37.00 37.50 37.00 11.00 11.00 3.50 43.00 14.50 13.50 39.50 20.00 39.50 24.50 41.00 13.00 7.00 15.50 3.00 34.50 27.50
42.00 27.00 25.00 10.00 9.00 47.50 11.50 38.50 41.50 40.50 2.50 37.50 43.00 4.50 48.50 2.50 43.50 33.00 43.50 45.00
1.50 18.50 38.00 26.00 42.50 23.50 16.50 32.50 41.00 19.00 24.00 47.50 31.50 29.50 8.50 40.50 49.00 44.50 20.00 1.50
19.00 22.00 32.50 30.00 44.50 48.00 43.00 30.00 26.50 20.50 48.00 43.00 15.00 15.50 31.50 18.50 32.00 31.50 40.00 34.50
30.00 18.50 17.00 47.50 17.50 15.00 6.00 48.50 22.00 31.50 25.50 47.50 16.50 34.50 4.50 8.50 37.00 48.00 14.00 10.50
43.50 34.50 34.50 28.50 46.50 48.00 47.00 44.00 3.00 45.00 40.00 11.00 35.00 22.00 3.50 39.00 14.50 18.00 19.50 30.50
43.50 22.50 32.00 8.50 7.00 45.50 1.00 36.00 43.00 33.00 45.00 43.00 17.00 28.50 49.00 28.50 11.00 29.00 33.00 10.50
44.00 28.00 23.50 38.50 47.00 1.50 18.00 31.00 9.00 38.50 4.00 12.00 43.00 29.50 21.50 32.00 44.00 13.50 47.00 28.00
34.00 3.00 14.00 24.00 45.00 22.50 48.00 3.00 7.00 25.50 40.50 37.50 9.50 5.50 39.50 5.00 13.50 36.00 49.00 39.00
18.50 38.00 29.50 5.00 19.50 9.00 31.50 44.00 23.50 20.50 32.50 17.00 32.50 3.50 42.00 32.50 26.00 23.50 23.00 26.50
49.50 30.00 22.50 48.50 34.50 4.50 5.00 6.00 13.00 5.50 46.00 5.00 28.00 34.50 27.00 22.50 33.50 6.50 24.00 14.50
31.00 20.50 9.50 31.00 44.50 25.00 33.00 28.50 23.00 17.50 25.00 32.50 47.50 2.50 4.50 24.50 33.50 40.50 41.50 45.00
37.50 6.50 34.50 5.50 46.50 40.50 9.00 39.00 44.00 22.00 13.50 31.50 31.00 30.50 32.50 48.50 1.00 2.00 30.50 38.50
27.00 46.00 18.50 27.00 40.00 45.50 39.50 48.00 24.00 2.50 26.50 1.00 36.00 6.50 25.00 2.50 16.00 28.50 42.50 35.50
4.00 37.00 20.50 17.50 20.00 35.00 49.00 4.50 4.00 7.00 13.00 35.00 38.50 15.00 6.50 15.50 46.00 15.50 30.50 38.50
18.00 22.00 19.50 6.00 25.00 48.00 29.00 9.00 33.00 30.50 30.50 3.00 8.50 31.50 33.00 8.50 3.00 28.00 47.00 35.50
42.50 20.50 14.00 20.00 16.50 49.00 22.50 12.00 44.50 13.50 28.50 19.50 36.00 31.50 5.50 20.50 43.50 9.50 38.50 37.50
10.00 8.00 1.00 49.50 45.00 7.50 48.50 34.00 8.00 40.00 4.50 3.00 31.00 29.50 35.50 8.00 7.50 10.50 4.50 47.50
34.00 3.00 38.50 36.50 6.00 21.00 23.00 22.50 24.50 15.00 37.00 41.00 21.50 45.00 25.00 34.00 21.50 16.50 42.50 22.50
27.50 37.00 24.00 30.00 46.00 5.50 16.00 3.00 23.00 33.00 3.00 27.50 42.50 12.00 38.50 38.50 19.00 30.00 21.00 1.00
11.00 25.00 28.50 4.50 48.00 33.50 5.50 14.50 1.50 5.00 34.00 31.50 37.50 9.50 35.00 2.50 11.50 21.50 3.00 8.00
24.00 9.00 37.50 35.00 25.00 43.50 31.50 9.00 6.00 9.00 25.50 24.00 40.00 26.50 10.50 6.50 38.50 19.50 37.00 10.00
4.50 31.00 44.00 3.50 12.50 12.00 3.00 20.00 10.50 36.50 9.00 19.50 22.50 19.00 6.50 14.00 23.00 5.00 41.50 30.00
19.00 48.00 23.00 17.50 7.50 4.00 19.00 35.00 27.50 4.50 5.00 13.00 47.50 37.50 18.00 2.00 10.00 37.00 33.50 6.00
22.00 25.00 48.50 18.00 32.50 21.50 16.00 31.00 7.50 34.00 12.50 40.00 44.50 20.00 21.00 44.50 42.00 44.50 9.00 48.00
18.50 6.00 32.00 37.50 4.00 35.00 14.50 31.00 1.00 47.00 3.00 46.00 16.50 17.50 21.50 7.50 46.00 49.00 19.50 13.00
31.50 23.00 7.50 10.00 28.50 41.50 43.50 4.50 43.50 48.50 28.00 16.00 46.50 47.50 44.50 10.00 45.50 34.00 26.00 11.00
30.00 27.00 3.50 44.50 33.00 24.50 21.00 43.00 8.50 48.00 21.00 38.00 41.50 3.00 10.50 2.00 44.00 25.00 47.50 13.00
21.50 26.50 44.00 10.00 14.50 19.00 4.00 7.50 34.00 10.50 21.50 19.00 9.50 42.50 44.50 23.00 15.50 16.50 36.00 15.00
48.50 36.00 20.50 5.00 10.00 23.00 4.00 38.00 38.00 36.50 31.50 46.50 26.00 47.00 12.00 44.00 34.00 30.50 32.00 29.00
21.00 5.00 44.50 36.50 17.50 37.50 45.00 11.50 43.50 3.00 25.00 11.00 28.50 10.50 25.00 27.50 42.50 15.00 3.50 4.50
34.00 26.00 47.50 27.00 29.50 6.50 24.00 20.00 38.50 6.50 45.50 8.50 27.50 42.00 49.00 42.00 9.00 25.50 34.00 11.00
22.50 44.00 38.50 44.00 0.50 6.00 44.50 31.50 38.50 26.50 16.00 24.00 12.00 46.00 3.50 33.00 16.00 16.50 13.00 30.50
23.00 47.50 6.50 35.00 36.50 17.50 47.00 19.50 6.00 39.50 40.50 12.50 2.00 24.50 38.00 4.50 11.00 13.00 4.50 38.00
9.50 20.50 44.00 12.50 22.50 48.00 23.50 12.00 28.00 33.00 46.00 37.00 48.00 24.50 10.00 41.00 22.50 3.00 43.50 27.00
34.50 45.50 35.00 24.00 39.50 3.50 11.50 18.00 28.50 19.50 42.50 30.00 15.50 49.00 33.00 21.50 47.00 12.00 2.00 28.00
33.00 2.50 42.50 1.00 32.00 5.00 29.50 12.00 3.50 17.50 20.00 17.00 8.50 19.00 43.50 1.00 42.00 35.00 47.50 9.50
11.00 18.50 34.00 33.50 27.00 44.50 30.50 44.50 23.00 19.00 35.00 7.00 46.50 14.00 9.50 29.50 49.00 34.00 37.50 22.50
21.00 23.50 2.00 28.00 24.50 45.50 29.00 4.50 34.50 9.00 25.50 46.00 11.50 30.00 32.00 30.50 37.00 40.00 32.00 13.50
27.00 48.00 15.50 29.50 12.00 18.00 41.50 9.00 1.00 41.00 24.00 47.50 17.00 19.00 31.00 18.50 4.00 6.50 9.50 30.00
1.00 26.50 33.50 3.50 40.50 16.50 44.50 44.50 34.50 31.00 3.50 25.50 13.50 29.00 9.50 45.00 18.50 36.50 42.50 37.00
47.00 7.00 33.50 16.00 47.00 26.00 47.50 16.00 2.50 18.50 22.00 25.00 35.00 41.00 47.00 45.00 10.50 6.50 1.00 20.00
47.50 3.00 37.50 30.50 33.50 17.00 1.50 28.00 38.50 46.50 37.50 48.00 13.00 10.00 6.00 35.50 25.50 17.50 35.00 42.00
34.50 2.00 4.50 16.00 35.00 47.00 39.00 38.50 26.50 42.00 49.50 44.50 40.00 19.50 34.50 41.00 31.00 19.50 48.00 5.50
7.50 7.50 4.50 29.50 19.50 36.50 23.00 38.00 19.50 24.00 45.50 47.00 2.00 12.00 2.50 44.00 34.00 22.00 29.00 1.00
19.00 3.50 22.00 16.50 43.50 18.00 2.50 4.00 27.50 29.00 11.00 5.00 24.00 21.50 22.00 3.00 21.50 43.00 9.50 13.50
7.50 48.00 12.00 30.00 10.50 13.50 4.00 28.00 8.50 28.00 46.50 45.50 40.50 38.00 37.50 28.50 48.50 12.00 13.50 15.50
26.50 21.50 8.00 36.00 6.50 13.50 29.50 42.50 1.50 44.00 44.00 25.00 38.00 1.50 11.50 16.00 35.00 15.00 19.50 15.50
21.50 6.00 12.50 39.50 45.00 40.50 12.50 39.50 27.00 12.00 14.50 36.00 14.00 14.00 33.00 45.00 12.00 41.50 3.00 26.50
47.00 21.00 21.00 44.50 35.00 0.50 33.50 36.00 9.00 18.50 47.00 30.00 32.00 41.00 2.50 34.50 32.50 13.50 33.50 22.50
45.00 44.50 44.00 21.00 35.50 0.50 7.50 25.00 6.00 47.00 5.50 49.00 23.50 13.00 41.00 46.00 17.50 37.00 25.50 43.00
46.00 43.00 42.50 24.50 43.00 41.50 45.00 19.50 48.00 2.00 6.50 13.50 2.00 35.50 12.50 27.00 2.00 40.50 36.00 15.50
1.50 3.50 8.50 2.00 20.50 11.00 49.50 34.50 41.00 46.00 23.50 42.50 23.00 2.00 33.50 49.00 14.00 7.50 10.00 1.00
15.50 28.00 16.00 47.00 11.50 36.50 19.00 48.00 33.50 44.00 6.00 35.50 42.00 35.50 38.00 29.50 22.50 6.50 42.00 6.50
37.00 10.00 18.00 15.00 9.00 49.00 9.50 47.00 4.00 18.50 40.50 31.50 10.00 46.50 34.00 25.50 18.50 43.50 17.50 37.00
17.50 17.00 30.00 11.50 31.50 1.00 38.50 41.50 12.50 1.50 38.50 14.50 38.50 37.50 28.50 6.00 20.00 13.50 29.00 25.00
25.50 38.50 42.50 44.50 4.50 44.00 30.50 38.00 27.50 35.00 7.50 17.00 33.00 49.00 43.00 23.00 19.50 44.00 23.00 22.00
37.50 12.00 7.50 3.50 25.00 16.00 27.50 27.50 12.50 15.00 48.50 30.50 10.50 42.00 6.50 22.50 34.00 8.50 44.00 3.50
30.50 42.50 32.50 38.00 43.50 39.00 6.00 16.50 38.00 46.00 32.00 28.00 47.00 17.50 48.50 13.50 35.00 18.50 19.00 2.50
13.50 26.00 34.00 17.50 21.50 28.50 4.00 7.50 1.00 27.00 43.50 17.50 38.50 26.50 36.50 13.00 6.00 32.50 39.50 5.00
8.50 46.50 31.00 23.50 16.50 37.00 47.50 38.00 29.50 47.00 16.50 4.50 26.50 22.50 3.00 4.00 14.00 22.50 41.00 30.00
15.50 15.50 30.00 38.50 9.00 15.00 44.00 18.00 36.00 36.00 46.50 6.00 17.00 9.00 45.00 28.00 4.50 3.00 13.50 29.00
4.50 32.50 13.50 23.50 14.00 28.00 27.50 27.00 44.00 43.00 32.50 26.50 26.50 16.00 35.50 6.00 49.50 38.50 45.50 34.50
35.00 47.00 4.50 5.00 10.50 45.00 40.50 33.50 24.00 9.00 44.50 33.50 24.00 29.50 2.50 7.00 41.50 13.50 7.00 2.00
28.00 22.50 48.50 44.00 30.50 2.50 4.50 28.00 37.50 11.50 1.50 8.00 9.00 1.00 35.00 45.00 46.00 10.00 43.00 21.00
49.00 10.00 36.50 8.00 28.50 24.00 16.00 46.00 22.00 14.00 48.50 34.00 44.50 16.50 45.50 48.00 20.50 0.50 1.50 10.50
33.50 39.50 20.50 44.00 34.50 49.00 31.00 9.00 5.00 5.50 1.50 6.00 38.00 31.50 14.00 33.00 31.00 14.00 25.00 19.50
28.50 9.50 44.50 41.00 4.50 18.00 25.00 33.50 11.00 16.50 15.50 22.50 43.00 23.50 13.00 48.50 41.50 34.50 20.00 29.00
20.50 1.50 47.50 17.00 9.00 27.50 37.50 47.00 21.00 28.50 40.00 12.50 21.00 49.50 37.50 16.00 17.00 40.50 45.50 49.50
39.00 48.00 35.50 26.00 34.00 27.00 33.00 14.00 49.00 42.00 23.50 41.50 28.50 4.00 17.00 49.00 12.00 43.50 14.50 14.00
30.00 42.00 3.50 39.50 4.00 3.50 21.50 0.50 16.50 35.50 4.00 38.00 38.50 20.50 5.00 8.00 3.00 16.50 13.00 4.00
3.50 9.00 39.50 38.50 12.00 42.50 43.50 16.50 26.00 15.50 39.50 3.50 43.00 11.50 40.00 7.00 1.00 3.00 21.00 1.00
7.50 13.00 37.50 37.00 45.00 30.50 20.00 18.00 0.50 23.50 31.00 48.50 35.50 19.00 19.00 43.00 44.50 49.00 18.00 1.00
10.50 26.00 7.50 4.00 3.50 47.00 49.00 9.00 49.50 19.00 40.00 31.50 10.50 24.50 8.00 24.00 12.00 12.50 21.00 2.00
21.50 34.00 43.00 34.50 23.50 44.00 21.00 1.50 18.50 17.00 5.50 39.00 2.00 43.00 2.50 32.50 11.00 24.50 33.00 40.50
13.00 14.00 4.50 5.50 16.00 16.50 24.50 32.50 37.00 12.50 47.50 38.00 2.50 27.00 49.50 2.00 6.50 16.00 10.50 12.00
21.00 42.00 37.00 9.00 47.50 39.00 25.00 22.00 17.50 47.50 2.50 20.00 1.00 6.00 6.50 23.50 21.00 4.50 14.00 28.50
41.00 11.50 22.50 18.50 35.00 44.50 14.50 39.50 7.50 10.00 41.50 28.50 33.00 28.50 41.50 43.00 49.50 9.50 29.00 9.50
3.50 0.50 41.50 23.50 43.00 9.00 14.00 43.00 29.00 19.50 24.00 18.50 40.50 0.50 22.50 4.00 11.00 12.00 30.00 12.00
21.50 22.00 15.50 42.00 43.00 7.00 17.50 9.50 7.50 45.00 11.50 46.50 24.50 1.50 46.50 49.50 40.00 31.50 11.50 23.00
7.00 1.50 42.00 8.50 4.00 23.00 24.00 29.00 20.50 8.50 4.00 46.00 21.00 31.50 48.00 18.50 48.00 18.50 24.00 13.50
0.50 18.50 35.00 35.00 35.50 10.00 18.50 15.00 24.00 29.00 30.00 27.00 7.00 3.50 31.00 21.00 10.00 5.50 12.00 25.50
31.00 21.00 31.50 37.00 11.50 44.50 21.00 32.00 47.00 49.00 27.00 46.00 2.00 17.50 35.00 38.00 39.50 34.00 1.00 6.00
35.50 0.50 1.00 13.00 25.00 8.50 5.50 2.00 48.00 19.50 6.00 21.00 32.00 39.00 48.00 42.00 2.00 47.00 15.50 9.00
13.00 27.50 21.00 45.00 26.50 32.50 19.00 32.50 44.50 49.50 48.50 14.50 15.00 27.00 29.00 31.50 46.00 17.00 40.00 39.00
48.00 38.00 39.50 26.50 16.00 40.00 12.00 28.50 4.00 22.00 49.00 42.50 26.00 44.50 32.50 31.50 13.00 16.50 25.00 43.50
8.50 20.50 29.50 37.00 3.00 6.50 48.50 36.50 41.00 22.50 18.00 1.50 43.00 3.50 8.00 39.00 14.00 45.00 23.50 35.50
37.50 35.50 29.50 43.50 19.00 35.00 22.50 18.50 18.00 26.50 47.50 5.00 17.00 1.00 14.50 20.50 2.50 29.00 30.50 41.50
2.50 20.00 5.50 15.00 46.50 3.50 27.00 22.00 15.50 44.00 34.50 3.00 43.00 17.00 23.00 31.00 17.00 18.00 45.50 3.50
19.00 15.50 36.50 4.00 33.00 21.50 14.00 25.50 6.50 4.00 23.00 26.50 47.00 20.50 38.50 27.00 20.50 28.50 35.50 16.50
14.00 4.50 22.00 30.00 0.50 12.00 2.00 10.50 13.00 8.50 46.50 17.00 47.00 12.50 18.00 39.50 4.50 2.00 19.50 27.00
10.00 4.00 6.50 30.00 49.50 11.50 34.00 7.50 20.00 6.50 22.00 22.50 1.50 28.00 12.00 20.00 27.50 40.50 32.50 15.00
16.00 23.00 31.50 37.00 31.00 15.50 44.50 31.50 38.50 36.00 46.00 39.00 30.00 20.00 33.00 28.50 6.00 42.00 31.50 42.00
42.50 10.00 12.50 17.00 2.50 19.00 43.00 32.50 41.50 30.00 35.50 48.00 45.00 44.50 30.00 8.50 39.00 4.00 39.00 4.00
48.50 33.00 34.00 23.00 18.50 31.50 19.50 14.00 22.00 31.00 31.50 8.50 17.50 46.00 43.00 31.50 18.50 4.00 43.50 2.00
18.00 9.50 47.00 13.00 20.50 21.50 35.50 41.00 38.50 1.00 37.00 42.50 48.00 6.00 6.00 14.00 7.50 4.00 48.00 47.50
