# nJobs | nMachines
20 5
# Job Weights
77
14
86
20
71
63
81
63
11
43
35
46
63
97
44
51
51
100
33
16
# P_bar : m1 | m2 | m3 | m4 | m5
34 5 86 28 8
20 48 35 39 91
57 80 5 55 45
47 43 93 21 55
62 34 74 25 75
40 2 12 88 18
74 87 40 59 59
94 68 95 40 86
9 28 80 90 45
62 84 6 18 89
86 30 92 33 11
13 35 14 10 54
78 42 83 59 38
46 39 49 92 41
83 85 36 15 64
52 34 38 77 98
13 36 43 31 83
70 9 89 85 36
40 96 94 85 61
60 84 33 99 19
# P_hat : m1 | m2 | m3 | m4 | m5
17.00 2.50 43.00 14.00 4.00
10.00 24.00 17.50 19.50 45.50
28.50 40.00 2.50 27.50 22.50
23.50 21.50 46.50 10.50 27.50
31.00 17.00 37.00 12.50 37.50
20.00 1.00 6.00 44.00 9.00
37.00 43.50 20.00 29.50 29.50
47.00 34.00 47.50 20.00 43.00
4.50 14.00 40.00 45.00 22.50
31.00 42.00 3.00 9.00 44.50
43.00 15.00 46.00 16.50 5.50
6.50 17.50 7.00 5.00 27.00
39.00 21.00 41.50 29.50 19.00
23.00 19.50 24.50 46.00 20.50
41.50 42.50 18.00 7.50 32.00
26.00 17.00 19.00 38.50 49.00
6.50 18.00 21.50 15.50 41.50
35.00 4.50 44.50 42.50 18.00
20.00 48.00 47.00 42.50 30.50
30.00 42.00 16.50 49.50 9.50
