# nJobs | nMachines
200 10
# Job Weights
56
86
16
88
23
85
55
70
83
99
41
11
56
92
22
3
50
90
65
91
23
68
7
20
23
59
100
80
81
63
37
28
52
48
78
4
50
87
24
27
49
75
21
41
66
34
90
22
95
17
18
74
76
64
52
66
71
7
5
60
50
67
98
32
15
78
72
98
84
85
75
69
92
33
6
15
98
95
59
57
32
39
30
24
55
80
72
14
60
73
100
45
39
70
66
19
73
28
82
2
41
42
89
65
73
61
85
13
57
94
85
19
32
33
12
13
2
16
100
26
61
63
81
57
86
70
56
56
63
16
65
62
9
55
77
25
94
80
6
44
72
30
38
27
46
42
20
19
23
97
91
75
81
28
79
12
16
43
91
58
96
71
29
74
61
67
50
55
87
56
97
31
45
52
2
16
14
94
89
10
23
56
83
32
73
84
5
94
15
1
73
45
26
57
70
85
100
57
32
86
# P_bar : m1 | m2 | m3 | m4 | m5 | m6 | m7 | m8 | m9 | m10
79 63 83 65 35 53 51 68 34 87
23 55 95 94 52 52 17 6 50 70
2 35 73 77 46 9 35 38 86 78
94 95 87 47 86 62 11 6 40 31
66 20 65 42 25 68 25 24 65 98
87 22 59 67 73 92 90 58 40 10
2 7 14 6 17 93 89 99 83 75
19 96 91 70 40 6 3 85 24 57
50 58 79 42 66 80 13 54 9 73
25 10 95 26 21 28 76 19 19 74
36 4 39 49 24 1 44 30 90 49
87 73 74 64 94 28 66 29 9 50
55 76 52 60 86 41 12 5 21 6
14 25 13 14 35 90 94 56 89 95
68 45 10 3 58 19 47 81 92 40
11 80 93 36 66 51 22 65 94 48
14 89 56 17 30 8 40 20 23 37
58 97 98 61 97 38 48 4 6 33
17 99 71 11 44 19 52 90 55 63
34 46 20 98 81 54 85 8 54 35
88 80 49 14 43 27 90 9 78 43
98 37 68 76 63 79 16 52 92 13
53 3 8 94 43 67 77 41 20 31
7 41 28 49 50 75 4 93 11 75
2 20 56 7 86 57 24 70 33 39
15 7 9 99 50 74 29 93 77 24
89 12 69 20 96 11 29 56 49 78
46 61 22 73 35 80 56 21 98 84
15 37 28 87 67 75 17 16 96 68
42 1 55 92 36 17 95 9 73 25
66 97 99 78 96 78 74 29 50 46
50 66 28 14 60 58 56 9 5 68
28 88 86 62 65 13 61 19 17 45
45 56 47 99 53 77 97 13 76 11
18 63 18 94 86 7 48 11 84 80
72 64 4 22 45 38 55 41 53 27
23 25 29 45 88 97 33 88 10 93
20 67 40 44 95 22 1 71 39 17
2 99 60 36 86 57 29 66 58 16
46 20 21 88 98 93 39 56 92 43
68 55 81 76 46 42 5 13 92 31
98 7 52 61 78 4 51 49 24 98
2 19 2 62 74 16 94 29 65 99
65 22 31 7 26 95 36 89 38 72
69 47 53 50 43 76 94 27 13 83
80 85 66 67 63 86 19 68 97 45
87 52 46 50 29 2 22 77 79 32
60 62 8 45 67 91 53 72 88 82
22 81 63 63 83 76 98 78 84 94
3 14 70 31 62 10 63 20 38 40
85 98 36 83 68 34 4 80 55 24
24 96 92 52 80 48 61 92 5 79
95 91 40 89 55 47 66 22 52 56
95 25 96 53 41 62 28 95 60 3
36 65 45 9 17 80 37 86 40 24
2 61 35 27 5 60 55 29 44 10
67 34 45 56 71 16 96 28 63 50
71 33 94 10 48 63 28 11 47 64
18 27 13 74 44 8 77 59 68 68
18 95 95 76 22 29 87 16 90 84
32 15 84 13 69 39 34 58 30 49
15 31 82 26 21 70 32 38 78 66
72 27 81 80 47 95 92 5 8 77
30 45 77 76 37 44 27 2 7 55
41 86 25 15 90 84 80 70 8 74
29 39 84 89 63 86 69 13 40 33
71 50 63 86 25 7 54 14 63 40
51 22 20 94 53 98 19 56 89 64
1 26 58 74 32 40 7 53 62 94
71 50 97 72 60 37 82 17 68 17
27 69 53 44 15 32 24 14 51 69
98 9 96 4 40 80 91 94 9 89
15 98 30 63 42 26 52 96 97 91
73 39 63 19 27 58 35 60 22 65
87 61 26 12 24 16 60 95 42 59
49 4 18 76 9 55 62 11 62 1
97 57 19 60 44 47 87 77 26 95
74 79 3 13 57 54 68 75 44 86
29 80 84 50 25 30 42 41 72 98
50 24 46 45 92 38 80 9 38 15
32 81 70 99 10 43 14 8 44 33
13 28 50 85 47 38 49 17 62 86
55 38 49 15 76 96 20 51 85 87
40 14 90 84 87 45 74 62 97 13
4 92 64 18 91 95 31 72 77 93
82 86 23 65 25 35 21 55 69 10
89 85 38 30 17 23 71 53 25 16
43 87 63 73 77 24 33 31 49 43
88 70 87 25 24 77 46 66 60 86
10 2 19 19 51 36 8 57 22 38
13 8 8 88 89 85 33 24 4 42
93 26 48 2 69 14 58 11 7 99
58 56 22 83 90 92 20 47 54 77
60 56 74 26 78 69 28 75 62 31
2 91 82 49 21 95 93 25 95 51
30 74 67 58 13 64 40 62 26 12
73 88 16 72 40 87 40 13 24 56
84 56 74 26 55 67 44 41 46 11
51 58 57 43 40 36 18 20 24 24
80 74 2 68 91 53 7 98 20 95
92 93 37 49 83 65 56 65 8 58
9 18 18 50 76 57 94 51 59 61
53 35 12 96 23 10 37 28 66 51
77 76 45 79 40 17 68 70 53 10
84 43 49 47 55 46 11 56 30 1
57 58 9 54 15 97 17 86 24 43
27 34 77 9 10 77 90 30 25 81
26 26 85 81 6 27 31 63 84 33
95 79 57 26 70 67 85 77 70 76
61 36 97 76 21 34 64 65 95 61
5 29 52 59 57 19 44 24 48 50
67 69 19 69 40 33 54 65 76 40
88 99 27 5 43 21 61 64 62 94
37 97 90 74 37 70 78 83 99 27
2 52 33 49 75 22 91 10 78 2
32 62 78 41 44 43 40 23 73 31
94 76 58 11 95 25 45 34 25 94
18 51 86 62 33 66 33 9 62 60
82 41 11 28 41 18 70 58 39 77
39 9 33 4 82 50 58 33 51 31
99 56 47 18 21 68 83 92 31 50
88 65 68 59 27 30 14 46 91 75
68 84 35 40 64 31 48 86 11 94
33 21 60 72 95 5 65 43 41 39
86 66 4 1 41 88 8 23 78 57
34 95 52 11 21 32 30 75 71 27
75 10 52 96 45 56 77 52 49 89
30 90 38 3 37 36 90 15 48 10
51 51 81 83 52 93 60 34 90 68
35 86 21 31 7 71 50 8 38 86
40 30 21 7 97 45 19 3 6 46
10 41 89 59 65 39 13 36 27 81
82 70 46 53 24 22 49 16 19 52
1 72 48 77 55 19 12 62 20 25
26 81 65 94 52 2 98 12 43 75
3 72 31 28 17 31 16 62 38 43
51 8 43 43 51 99 37 37 3 51
31 28 28 20 81 74 97 99 73 58
74 68 86 71 76 52 14 85 32 9
87 39 77 80 44 22 47 55 74 56
52 76 88 76 22 43 35 83 78 89
79 15 26 23 48 77 55 11 67 39
51 96 99 54 24 43 23 40 21 95
36 61 36 73 18 22 35 15 52 35
46 85 30 50 29 52 6 45 6 60
5 22 98 58 93 75 16 27 6 77
12 29 66 45 18 13 25 53 1 39
65 67 9 88 79 98 78 50 90 32
58 69 95 19 74 15 84 42 22 28
78 96 73 44 22 15 71 86 13 21
50 14 73 49 29 11 70 12 88 69
51 93 95 30 87 60 87 77 26 95
12 20 8 1 67 86 53 35 10 78
99 27 72 40 50 52 97 92 79 40
38 84 52 79 30 69 27 11 9 86
72 78 34 78 56 14 63 16 98 58
73 73 65 28 17 85 84 38 29 71
39 38 21 91 22 5 16 18 37 21
10 49 56 61 6 40 71 83 57 39
35 6 11 18 1 4 7 29 36 45
44 58 60 18 24 13 44 75 12 50
96 5 91 90 39 38 35 42 65 60
68 34 94 20 21 13 89 92 17 7
51 84 94 47 93 17 2 99 59 69
9 45 76 46 13 37 76 64 65 29
89 98 32 45 83 89 8 71 12 58
72 74 71 59 44 67 68 57 50 62
16 25 17 14 48 86 99 9 59 99
42 83 53 49 70 92 68 70 90 10
24 62 50 14 34 89 47 68 16 65
99 29 90 68 77 69 6 93 70 34
62 99 36 88 82 67 60 75 69 91
30 48 6 24 69 19 17 82 8 67
49 97 42 43 14 41 51 49 23 94
91 18 74 87 85 84 69 74 78 3
31 61 17 82 48 10 53 78 45 50
98 81 45 96 67 6 29 6 72 88
90 74 26 21 12 22 65 67 26 20
70 48 57 46 15 19 42 95 88 42
79 46 33 93 24 63 32 18 43 39
47 47 51 29 88 60 45 48 37 75
4 96 48 12 81 67 16 72 91 46
95 1 45 94 95 22 27 29 63 78
78 27 21 96 26 88 42 32 10 72
49 45 79 40 25 27 51 48 23 84
35 52 54 84 31 32 78 58 75 84
39 9 22 35 47 19 19 88 23 25
27 39 32 45 30 42 57 83 23 24
53 5 9 38 53 57 16 91 4 55
55 2 22 84 19 40 99 32 71 39
11 1 26 17 68 97 74 96 76 41
6 32 68 43 6 22 15 59 98 13
40 80 80 91 68 88 15 67 2 37
51 23 35 25 34 98 65 7 62 40
45 16 86 18 15 62 15 89 44 87
45 17 7 8 3 29 43 27 8 53
29 29 92 41 17 79 52 56 10 96
29 31 30 78 62 40 74 63 61 8
96 65 17 37 28 44 35 20 33 3
46 27 71 66 14 62 92 28 43 48
# P_hat : m1 | m2 | m3 | m4 | m5 | m6 | m7 | m8 | m9 | m10
39.50 31.50 41.50 32.50 17.50 26.50 25.50 34.00 17.00 43.50
11.50 27.50 47.50 47.00 26.00 26.00 8.50 3.00 25.00 35.00
1.00 17.50 36.50 38.50 23.00 4.50 17.50 19.00 43.00 39.00
47.00 47.50 43.50 23.50 43.00 31.00 5.50 3.00 20.00 15.50
33.00 10.00 32.50 21.00 12.50 34.00 12.50 12.00 32.50 49.00
43.50 11.00 29.50 33.50 36.50 46.00 45.00 29.00 20.00 5.00
1.00 3.50 7.00 3.00 8.50 46.50 44.50 49.50 41.50 37.50
9.50 48.00 45.50 35.00 20.00 3.00 1.50 42.50 12.00 28.50
25.00 29.00 39.50 21.00 33.00 40.00 6.50 27.00 4.50 36.50
12.50 5.00 47.50 13.00 10.50 14.00 38.00 9.50 9.50 37.00
18.00 2.00 19.50 24.50 12.00 0.50 22.00 15.00 45.00 24.50
43.50 36.50 37.00 32.00 47.00 14.00 33.00 14.50 4.50 25.00
27.50 38.00 26.00 30.00 43.00 20.50 6.00 2.50 10.50 3.00
7.00 12.50 6.50 7.00 17.50 45.00 47.00 28.00 44.50 47.50
34.00 22.50 5.00 1.50 29.00 9.50 23.50 40.50 46.00 20.00
5.50 40.00 46.50 18.00 33.00 25.50 11.00 32.50 47.00 24.00
7.00 44.50 28.00 8.50 15.00 4.00 20.00 10.00 11.50 18.50
29.00 48.50 49.00 30.50 48.50 19.00 24.00 2.00 3.00 16.50
8.50 49.50 35.50 5.50 22.00 9.50 26.00 45.00 27.50 31.50
17.00 23.00 10.00 49.00 40.50 27.00 42.50 4.00 27.00 17.50
44.00 40.00 24.50 7.00 21.50 13.50 45.00 4.50 39.00 21.50
49.00 18.50 34.00 38.00 31.50 39.50 8.00 26.00 46.00 6.50
26.50 1.50 4.00 47.00 21.50 33.50 38.50 20.50 10.00 15.50
3.50 20.50 14.00 24.50 25.00 37.50 2.00 46.50 5.50 37.50
1.00 10.00 28.00 3.50 43.00 28.50 12.00 35.00 16.50 19.50
7.50 3.50 4.50 49.50 25.00 37.00 14.50 46.50 38.50 12.00
44.50 6.00 34.50 10.00 48.00 5.50 14.50 28.00 24.50 39.00
23.00 30.50 11.00 36.50 17.50 40.00 28.00 10.50 49.00 42.00
7.50 18.50 14.00 43.50 33.50 37.50 8.50 8.00 48.00 34.00
21.00 0.50 27.50 46.00 18.00 8.50 47.50 4.50 36.50 12.50
33.00 48.50 49.50 39.00 48.00 39.00 37.00 14.50 25.00 23.00
25.00 33.00 14.00 7.00 30.00 29.00 28.00 4.50 2.50 34.00
14.00 44.00 43.00 31.00 32.50 6.50 30.50 9.50 8.50 22.50
22.50 28.00 23.50 49.50 26.50 38.50 48.50 6.50 38.00 5.50
9.00 31.50 9.00 47.00 43.00 3.50 24.00 5.50 42.00 40.00
36.00 32.00 2.00 11.00 22.50 19.00 27.50 20.50 26.50 13.50
11.50 12.50 14.50 22.50 44.00 48.50 16.50 44.00 5.00 46.50
10.00 33.50 20.00 22.00 47.50 11.00 0.50 35.50 19.50 8.50
1.00 49.50 30.00 18.00 43.00 28.50 14.50 33.00 29.00 8.00
23.00 10.00 10.50 44.00 49.00 46.50 19.50 28.00 46.00 21.50
34.00 27.50 40.50 38.00 23.00 21.00 2.50 6.50 46.00 15.50
49.00 3.50 26.00 30.50 39.00 2.00 25.50 24.50 12.00 49.00
1.00 9.50 1.00 31.00 37.00 8.00 47.00 14.50 32.50 49.50
32.50 11.00 15.50 3.50 13.00 47.50 18.00 44.50 19.00 36.00
34.50 23.50 26.50 25.00 21.50 38.00 47.00 13.50 6.50 41.50
40.00 42.50 33.00 33.50 31.50 43.00 9.50 34.00 48.50 22.50
43.50 26.00 23.00 25.00 14.50 1.00 11.00 38.50 39.50 16.00
30.00 31.00 4.00 22.50 33.50 45.50 26.50 36.00 44.00 41.00
11.00 40.50 31.50 31.50 41.50 38.00 49.00 39.00 42.00 47.00
1.50 7.00 35.00 15.50 31.00 5.00 31.50 10.00 19.00 20.00
42.50 49.00 18.00 41.50 34.00 17.00 2.00 40.00 27.50 12.00
12.00 48.00 46.00 26.00 40.00 24.00 30.50 46.00 2.50 39.50
47.50 45.50 20.00 44.50 27.50 23.50 33.00 11.00 26.00 28.00
47.50 12.50 48.00 26.50 20.50 31.00 14.00 47.50 30.00 1.50
18.00 32.50 22.50 4.50 8.50 40.00 18.50 43.00 20.00 12.00
1.00 30.50 17.50 13.50 2.50 30.00 27.50 14.50 22.00 5.00
33.50 17.00 22.50 28.00 35.50 8.00 48.00 14.00 31.50 25.00
35.50 16.50 47.00 5.00 24.00 31.50 14.00 5.50 23.50 32.00
9.00 13.50 6.50 37.00 22.00 4.00 38.50 29.50 34.00 34.00
9.00 47.50 47.50 38.00 11.00 14.50 43.50 8.00 45.00 42.00
16.00 7.50 42.00 6.50 34.50 19.50 17.00 29.00 15.00 24.50
7.50 15.50 41.00 13.00 10.50 35.00 16.00 19.00 39.00 33.00
36.00 13.50 40.50 40.00 23.50 47.50 46.00 2.50 4.00 38.50
15.00 22.50 38.50 38.00 18.50 22.00 13.50 1.00 3.50 27.50
20.50 43.00 12.50 7.50 45.00 42.00 40.00 35.00 4.00 37.00
14.50 19.50 42.00 44.50 31.50 43.00 34.50 6.50 20.00 16.50
35.50 25.00 31.50 43.00 12.50 3.50 27.00 7.00 31.50 20.00
25.50 11.00 10.00 47.00 26.50 49.00 9.50 28.00 44.50 32.00
0.50 13.00 29.00 37.00 16.00 20.00 3.50 26.50 31.00 47.00
35.50 25.00 48.50 36.00 30.00 18.50 41.00 8.50 34.00 8.50
13.50 34.50 26.50 22.00 7.50 16.00 12.00 7.00 25.50 34.50
49.00 4.50 48.00 2.00 20.00 40.00 45.50 47.00 4.50 44.50
7.50 49.00 15.00 31.50 21.00 13.00 26.00 48.00 48.50 45.50
36.50 19.50 31.50 9.50 13.50 29.00 17.50 30.00 11.00 32.50
43.50 30.50 13.00 6.00 12.00 8.00 30.00 47.50 21.00 29.50
24.50 2.00 9.00 38.00 4.50 27.50 31.00 5.50 31.00 0.50
48.50 28.50 9.50 30.00 22.00 23.50 43.50 38.50 13.00 47.50
37.00 39.50 1.50 6.50 28.50 27.00 34.00 37.50 22.00 43.00
14.50 40.00 42.00 25.00 12.50 15.00 21.00 20.50 36.00 49.00
25.00 12.00 23.00 22.50 46.00 19.00 40.00 4.50 19.00 7.50
16.00 40.50 35.00 49.50 5.00 21.50 7.00 4.00 22.00 16.50
6.50 14.00 25.00 42.50 23.50 19.00 24.50 8.50 31.00 43.00
27.50 19.00 24.50 7.50 38.00 48.00 10.00 25.50 42.50 43.50
20.00 7.00 45.00 42.00 43.50 22.50 37.00 31.00 48.50 6.50
2.00 46.00 32.00 9.00 45.50 47.50 15.50 36.00 38.50 46.50
41.00 43.00 11.50 32.50 12.50 17.50 10.50 27.50 34.50 5.00
44.50 42.50 19.00 15.00 8.50 11.50 35.50 26.50 12.50 8.00
21.50 43.50 31.50 36.50 38.50 12.00 16.50 15.50 24.50 21.50
44.00 35.00 43.50 12.50 12.00 38.50 23.00 33.00 30.00 43.00
5.00 1.00 9.50 9.50 25.50 18.00 4.00 28.50 11.00 19.00
6.50 4.00 4.00 44.00 44.50 42.50 16.50 12.00 2.00 21.00
46.50 13.00 24.00 1.00 34.50 7.00 29.00 5.50 3.50 49.50
29.00 28.00 11.00 41.50 45.00 46.00 10.00 23.50 27.00 38.50
30.00 28.00 37.00 13.00 39.00 34.50 14.00 37.50 31.00 15.50
1.00 45.50 41.00 24.50 10.50 47.50 46.50 12.50 47.50 25.50
15.00 37.00 33.50 29.00 6.50 32.00 20.00 31.00 13.00 6.00
36.50 44.00 8.00 36.00 20.00 43.50 20.00 6.50 12.00 28.00
42.00 28.00 37.00 13.00 27.50 33.50 22.00 20.50 23.00 5.50
25.50 29.00 28.50 21.50 20.00 18.00 9.00 10.00 12.00 12.00
40.00 37.00 1.00 34.00 45.50 26.50 3.50 49.00 10.00 47.50
46.00 46.50 18.50 24.50 41.50 32.50 28.00 32.50 4.00 29.00
4.50 9.00 9.00 25.00 38.00 28.50 47.00 25.50 29.50 30.50
26.50 17.50 6.00 48.00 11.50 5.00 18.50 14.00 33.00 25.50
38.50 38.00 22.50 39.50 20.00 8.50 34.00 35.00 26.50 5.00
42.00 21.50 24.50 23.50 27.50 23.00 5.50 28.00 15.00 0.50
28.50 29.00 4.50 27.00 7.50 48.50 8.50 43.00 12.00 21.50
13.50 17.00 38.50 4.50 5.00 38.50 45.00 15.00 12.50 40.50
13.00 13.00 42.50 40.50 3.00 13.50 15.50 31.50 42.00 16.50
47.50 39.50 28.50 13.00 35.00 33.50 42.50 38.50 35.00 38.00
30.50 18.00 48.50 38.00 10.50 17.00 32.00 32.50 47.50 30.50
2.50 14.50 26.00 29.50 28.50 9.50 22.00 12.00 24.00 25.00
33.50 34.50 9.50 34.50 20.00 16.50 27.00 32.50 38.00 20.00
44.00 49.50 13.50 2.50 21.50 10.50 30.50 32.00 31.00 47.00
18.50 48.50 45.00 37.00 18.50 35.00 39.00 41.50 49.50 13.50
1.00 26.00 16.50 24.50 37.50 11.00 45.50 5.00 39.00 1.00
16.00 31.00 39.00 20.50 22.00 21.50 20.00 11.50 36.50 15.50
47.00 38.00 29.00 5.50 47.50 12.50 22.50 17.00 12.50 47.00
9.00 25.50 43.00 31.00 16.50 33.00 16.50 4.50 31.00 30.00
41.00 20.50 5.50 14.00 20.50 9.00 35.00 29.00 19.50 38.50
19.50 4.50 16.50 2.00 41.00 25.00 29.00 16.50 25.50 15.50
49.50 28.00 23.50 9.00 10.50 34.00 41.50 46.00 15.50 25.00
44.00 32.50 34.00 29.50 13.50 15.00 7.00 23.00 45.50 37.50
34.00 42.00 17.50 20.00 32.00 15.50 24.00 43.00 5.50 47.00
16.50 10.50 30.00 36.00 47.50 2.50 32.50 21.50 20.50 19.50
43.00 33.00 2.00 0.50 20.50 44.00 4.00 11.50 39.00 28.50
17.00 47.50 26.00 5.50 10.50 16.00 15.00 37.50 35.50 13.50
37.50 5.00 26.00 48.00 22.50 28.00 38.50 26.00 24.50 44.50
15.00 45.00 19.00 1.50 18.50 18.00 45.00 7.50 24.00 5.00
25.50 25.50 40.50 41.50 26.00 46.50 30.00 17.00 45.00 34.00
17.50 43.00 10.50 15.50 3.50 35.50 25.00 4.00 19.00 43.00
20.00 15.00 10.50 3.50 48.50 22.50 9.50 1.50 3.00 23.00
5.00 20.50 44.50 29.50 32.50 19.50 6.50 18.00 13.50 40.50
41.00 35.00 23.00 26.50 12.00 11.00 24.50 8.00 9.50 26.00
0.50 36.00 24.00 38.50 27.50 9.50 6.00 31.00 10.00 12.50
13.00 40.50 32.50 47.00 26.00 1.00 49.00 6.00 21.50 37.50
1.50 36.00 15.50 14.00 8.50 15.50 8.00 31.00 19.00 21.50
25.50 4.00 21.50 21.50 25.50 49.50 18.50 18.50 1.50 25.50
15.50 14.00 14.00 10.00 40.50 37.00 48.50 49.50 36.50 29.00
37.00 34.00 43.00 35.50 38.00 26.00 7.00 42.50 16.00 4.50
43.50 19.50 38.50 40.00 22.00 11.00 23.50 27.50 37.00 28.00
26.00 38.00 44.00 38.00 11.00 21.50 17.50 41.50 39.00 44.50
39.50 7.50 13.00 11.50 24.00 38.50 27.50 5.50 33.50 19.50
25.50 48.00 49.50 27.00 12.00 21.50 11.50 20.00 10.50 47.50
18.00 30.50 18.00 36.50 9.00 11.00 17.50 7.50 26.00 17.50
23.00 42.50 15.00 25.00 14.50 26.00 3.00 22.50 3.00 30.00
2.50 11.00 49.00 29.00 46.50 37.50 8.00 13.50 3.00 38.50
6.00 14.50 33.00 22.50 9.00 6.50 12.50 26.50 0.50 19.50
32.50 33.50 4.50 44.00 39.50 49.00 39.00 25.00 45.00 16.00
29.00 34.50 47.50 9.50 37.00 7.50 42.00 21.00 11.00 14.00
39.00 48.00 36.50 22.00 11.00 7.50 35.50 43.00 6.50 10.50
25.00 7.00 36.50 24.50 14.50 5.50 35.00 6.00 44.00 34.50
25.50 46.50 47.50 15.00 43.50 30.00 43.50 38.50 13.00 47.50
6.00 10.00 4.00 0.50 33.50 43.00 26.50 17.50 5.00 39.00
49.50 13.50 36.00 20.00 25.00 26.00 48.50 46.00 39.50 20.00
19.00 42.00 26.00 39.50 15.00 34.50 13.50 5.50 4.50 43.00
36.00 39.00 17.00 39.00 28.00 7.00 31.50 8.00 49.00 29.00
36.50 36.50 32.50 14.00 8.50 42.50 42.00 19.00 14.50 35.50
19.50 19.00 10.50 45.50 11.00 2.50 8.00 9.00 18.50 10.50
5.00 24.50 28.00 30.50 3.00 20.00 35.50 41.50 28.50 19.50
17.50 3.00 5.50 9.00 0.50 2.00 3.50 14.50 18.00 22.50
22.00 29.00 30.00 9.00 12.00 6.50 22.00 37.50 6.00 25.00
48.00 2.50 45.50 45.00 19.50 19.00 17.50 21.00 32.50 30.00
34.00 17.00 47.00 10.00 10.50 6.50 44.50 46.00 8.50 3.50
25.50 42.00 47.00 23.50 46.50 8.50 1.00 49.50 29.50 34.50
4.50 22.50 38.00 23.00 6.50 18.50 38.00 32.00 32.50 14.50
44.50 49.00 16.00 22.50 41.50 44.50 4.00 35.50 6.00 29.00
36.00 37.00 35.50 29.50 22.00 33.50 34.00 28.50 25.00 31.00
8.00 12.50 8.50 7.00 24.00 43.00 49.50 4.50 29.50 49.50
21.00 41.50 26.50 24.50 35.00 46.00 34.00 35.00 45.00 5.00
12.00 31.00 25.00 7.00 17.00 44.50 23.50 34.00 8.00 32.50
49.50 14.50 45.00 34.00 38.50 34.50 3.00 46.50 35.00 17.00
31.00 49.50 18.00 44.00 41.00 33.50 30.00 37.50 34.50 45.50
15.00 24.00 3.00 12.00 34.50 9.50 8.50 41.00 4.00 33.50
24.50 48.50 21.00 21.50 7.00 20.50 25.50 24.50 11.50 47.00
45.50 9.00 37.00 43.50 42.50 42.00 34.50 37.00 39.00 1.50
15.50 30.50 8.50 41.00 24.00 5.00 26.50 39.00 22.50 25.00
49.00 40.50 22.50 48.00 33.50 3.00 14.50 3.00 36.00 44.00
45.00 37.00 13.00 10.50 6.00 11.00 32.50 33.50 13.00 10.00
35.00 24.00 28.50 23.00 7.50 9.50 21.00 47.50 44.00 21.00
39.50 23.00 16.50 46.50 12.00 31.50 16.00 9.00 21.50 19.50
23.50 23.50 25.50 14.50 44.00 30.00 22.50 24.00 18.50 37.50
2.00 48.00 24.00 6.00 40.50 33.50 8.00 36.00 45.50 23.00
47.50 0.50 22.50 47.00 47.50 11.00 13.50 14.50 31.50 39.00
39.00 13.50 10.50 48.00 13.00 44.00 21.00 16.00 5.00 36.00
24.50 22.50 39.50 20.00 12.50 13.50 25.50 24.00 11.50 42.00
17.50 26.00 27.00 42.00 15.50 16.00 39.00 29.00 37.50 42.00
19.50 4.50 11.00 17.50 23.50 9.50 9.50 44.00 11.50 12.50
13.50 19.50 16.00 22.50 15.00 21.00 28.50 41.50 11.50 12.00
26.50 2.50 4.50 19.00 26.50 28.50 8.00 45.50 2.00 27.50
27.50 1.00 11.00 42.00 9.50 20.00 49.50 16.00 35.50 19.50
5.50 0.50 13.00 8.50 34.00 48.50 37.00 48.00 38.00 20.50
3.00 16.00 34.00 21.50 3.00 11.00 7.50 29.50 49.00 6.50
20.00 40.00 40.00 45.50 34.00 44.00 7.50 33.50 1.00 18.50
25.50 11.50 17.50 12.50 17.00 49.00 32.50 3.50 31.00 20.00
22.50 8.00 43.00 9.00 7.50 31.00 7.50 44.50 22.00 43.50
22.50 8.50 3.50 4.00 1.50 14.50 21.50 13.50 4.00 26.50
14.50 14.50 46.00 20.50 8.50 39.50 26.00 28.00 5.00 48.00
14.50 15.50 15.00 39.00 31.00 20.00 37.00 31.50 30.50 4.00
48.00 32.50 8.50 18.50 14.00 22.00 17.50 10.00 16.50 1.50
23.00 13.50 35.50 33.00 7.00 31.00 46.00 14.00 21.50 24.00
