# nJobs | nMachines
50 5
# Job Weights
51
31
41
26
89
93
35
47
99
14
11
81
33
9
30
79
1
92
90
100
29
21
81
54
86
89
85
16
23
89
70
7
15
68
16
52
42
91
15
74
98
72
45
11
66
11
4
92
68
13
# P_bar : m1 | m2 | m3 | m4 | m5
82 6 49 57 34
73 49 25 88 31
84 84 46 88 15
63 72 37 43 32
14 39 56 25 45
73 51 50 81 50
84 77 9 3 81
9 59 62 3 46
38 97 10 78 93
67 5 89 97 13
76 83 66 74 47
18 51 98 71 50
70 9 10 50 70
69 9 70 70 21
4 59 92 23 41
58 30 36 43 12
66 86 82 51 18
11 49 54 97 28
1 46 34 57 22
51 13 34 77 60
38 45 5 90 69
16 51 12 58 49
81 68 3 75 38
39 82 56 4 80
56 6 44 12 52
83 99 41 2 45
27 12 14 4 34
29 8 25 28 3
93 36 78 54 61
70 24 25 39 96
64 82 89 30 99
22 73 83 71 49
84 66 78 89 78
25 69 23 33 34
73 71 51 85 78
81 70 7 2 79
10 61 20 69 64
46 42 30 20 55
32 77 30 64 63
38 10 30 94 24
68 2 63 3 58
40 6 82 41 25
33 24 40 37 93
79 97 39 36 73
64 15 37 74 45
36 91 44 53 93
62 32 2 49 37
82 68 27 77 64
44 17 71 13 92
99 1 45 37 59
# P_hat : m1 | m2 | m3 | m4 | m5
16.40 1.20 9.80 11.40 6.80
14.60 9.80 5.00 17.60 6.20
16.80 16.80 9.20 17.60 3.00
12.60 14.40 7.40 8.60 6.40
2.80 7.80 11.20 5.00 9.00
14.60 10.20 10.00 16.20 10.00
16.80 15.40 1.80 0.60 16.20
1.80 11.80 12.40 0.60 9.20
7.60 19.40 2.00 15.60 18.60
13.40 1.00 17.80 19.40 2.60
15.20 16.60 13.20 14.80 9.40
3.60 10.20 19.60 14.20 10.00
14.00 1.80 2.00 10.00 14.00
13.80 1.80 14.00 14.00 4.20
0.80 11.80 18.40 4.60 8.20
11.60 6.00 7.20 8.60 2.40
13.20 17.20 16.40 10.20 3.60
2.20 9.80 10.80 19.40 5.60
0.20 9.20 6.80 11.40 4.40
10.20 2.60 6.80 15.40 12.00
7.60 9.00 1.00 18.00 13.80
3.20 10.20 2.40 11.60 9.80
16.20 13.60 0.60 15.00 7.60
7.80 16.40 11.20 0.80 16.00
11.20 1.20 8.80 2.40 10.40
16.60 19.80 8.20 0.40 9.00
5.40 2.40 2.80 0.80 6.80
5.80 1.60 5.00 5.60 0.60
18.60 7.20 15.60 10.80 12.20
14.00 4.80 5.00 7.80 19.20
12.80 16.40 17.80 6.00 19.80
4.40 14.60 16.60 14.20 9.80
16.80 13.20 15.60 17.80 15.60
5.00 13.80 4.60 6.60 6.80
14.60 14.20 10.20 17.00 15.60
16.20 14.00 1.40 0.40 15.80
2.00 12.20 4.00 13.80 12.80
9.20 8.40 6.00 4.00 11.00
6.40 15.40 6.00 12.80 12.60
7.60 2.00 6.00 18.80 4.80
13.60 0.40 12.60 0.60 11.60
8.00 1.20 16.40 8.20 5.00
6.60 4.80 8.00 7.40 18.60
15.80 19.40 7.80 7.20 14.60
12.80 3.00 7.40 14.80 9.00
7.20 18.20 8.80 10.60 18.60
12.40 6.40 0.40 9.80 7.40
16.40 13.60 5.40 15.40 12.80
8.80 3.40 14.20 2.60 18.40
19.80 0.20 9.00 7.40 11.80
