# nJobs | nMachines
200 10
# Job Weights
21
27
81
81
45
33
74
8
48
59
45
62
56
63
30
77
79
6
67
34
89
11
9
89
97
19
42
55
41
92
9
86
77
22
89
15
61
15
23
7
82
3
77
38
86
22
64
67
61
53
96
37
49
52
4
10
53
24
62
43
16
19
33
42
14
83
90
52
1
74
61
63
73
71
70
40
52
71
30
75
6
35
74
50
1
27
66
28
74
22
99
22
36
90
30
74
10
2
25
48
43
34
24
70
39
66
65
71
50
19
82
93
50
95
3
38
53
45
84
87
33
50
52
6
47
46
64
52
7
42
51
51
91
47
2
78
59
33
100
11
4
8
33
3
2
66
35
53
4
81
67
55
13
49
84
7
11
22
16
80
14
12
1
7
43
57
24
37
39
29
3
74
3
90
91
17
69
97
39
71
81
21
13
37
33
99
61
11
80
67
62
35
97
53
13
1
35
8
2
55
# P_bar : m1 | m2 | m3 | m4 | m5 | m6 | m7 | m8 | m9 | m10
91 3 26 16 53 43 43 5 26 20
23 29 31 35 53 78 7 37 50 68
99 65 7 98 66 80 16 23 93 70
12 40 88 8 74 43 2 27 73 50
22 51 75 63 76 75 19 78 76 40
38 79 15 68 6 90 96 86 46 87
26 20 37 18 76 69 38 81 81 59
67 13 10 80 95 39 90 49 9 16
57 12 13 68 11 76 72 88 53 52
2 19 57 46 15 26 80 91 30 60
73 84 68 21 54 71 21 16 30 35
71 15 91 4 47 88 77 25 66 18
54 56 32 95 94 46 55 55 75 1
75 80 28 60 55 42 94 34 32 52
65 69 98 2 63 97 67 93 60 74
28 48 4 56 56 25 73 22 47 95
85 75 77 50 74 37 20 78 26 94
43 7 28 55 93 54 25 43 23 64
40 5 24 31 34 46 1 98 79 31
66 91 54 69 8 46 43 62 36 64
35 25 13 73 62 81 78 3 99 91
84 9 91 35 52 34 61 15 99 37
47 13 69 10 11 90 9 8 53 33
37 18 55 75 50 81 22 2 11 90
65 59 13 49 27 38 43 11 90 58
11 56 98 33 73 27 23 75 14 74
81 57 13 41 87 88 10 65 81 68
32 21 74 65 7 42 22 37 60 87
23 25 46 83 31 76 3 76 86 18
77 78 99 71 63 60 82 8 5 31
17 73 50 37 83 7 80 76 44 72
46 89 50 95 79 38 47 67 84 19
41 3 26 46 19 97 59 95 95 67
85 26 22 34 6 48 96 12 15 69
74 81 5 59 36 28 28 93 75 80
82 24 79 50 31 6 50 73 72 63
87 86 33 65 28 93 8 31 78 20
62 8 41 17 19 8 43 68 74 22
49 66 78 93 80 55 94 46 51 6
93 25 15 91 5 51 78 77 87 86
99 49 78 10 77 65 87 70 50 66
84 87 40 97 5 93 52 60 48 99
45 31 23 42 25 52 6 27 70 59
98 15 68 95 13 36 44 58 62 21
50 99 55 3 87 10 37 25 84 37
77 1 64 86 8 8 11 72 81 26
25 52 11 17 92 50 6 72 52 73
10 46 42 85 89 93 32 11 7 69
69 27 86 4 21 79 70 43 35 28
53 17 16 54 56 54 16 80 93 29
39 8 96 12 49 83 63 74 71 41
62 84 67 10 75 85 39 59 74 26
75 94 97 61 59 33 18 11 81 76
81 36 34 33 70 76 4 76 94 77
24 21 48 70 68 73 32 64 44 48
99 61 55 97 36 54 21 89 33 17
78 8 59 55 9 89 75 12 94 71
6 9 14 78 9 92 3 64 62 5
70 78 86 7 25 58 77 89 57 28
75 19 54 72 2 47 2 87 89 24
22 36 19 90 73 71 53 73 67 47
18 68 60 38 73 99 17 14 5 74
87 61 55 37 32 86 93 38 15 94
37 68 1 30 60 67 57 94 72 99
17 11 28 24 25 34 78 26 79 98
20 90 59 17 12 83 27 20 56 52
84 5 70 76 15 93 3 9 87 12
7 97 51 35 75 20 67 38 14 33
84 35 67 36 56 93 26 77 46 18
79 3 55 26 35 31 67 24 68 77
29 76 20 75 78 22 64 49 90 85
22 9 56 69 15 39 70 95 84 6
29 49 4 67 35 90 47 15 23 45
44 85 30 80 22 99 34 8 10 8
74 10 33 47 10 66 58 22 64 18
2 19 67 40 34 61 56 43 45 19
23 84 52 82 28 86 74 95 54 71
83 71 24 87 49 72 93 87 57 99
79 8 66 86 26 22 84 75 34 26
91 67 18 29 29 2 75 91 28 89
17 23 92 77 66 98 89 77 51 20
80 11 5 10 19 13 64 30 35 67
39 74 58 43 33 34 46 49 82 8
64 32 65 97 9 37 12 4 21 44
30 37 67 37 92 20 52 48 34 7
73 52 80 25 98 18 97 82 46 23
7 69 27 23 35 45 29 18 21 35
53 68 82 28 73 49 49 34 86 32
98 34 49 40 91 58 25 37 15 88
88 9 8 69 69 93 5 27 16 35
92 5 53 31 35 29 30 52 93 90
31 69 18 63 92 98 8 56 21 16
46 41 31 1 79 85 10 29 55 40
92 8 2 92 74 15 66 99 1 51
14 50 17 78 90 28 61 82 52 83
51 18 74 91 90 41 80 35 5 2
77 97 4 36 58 97 52 50 23 8
65 49 53 30 99 53 16 79 54 31
8 57 48 96 27 25 80 83 31 75
32 63 18 18 90 72 88 67 56 37
53 1 52 42 49 69 80 53 11 27
52 73 41 88 19 34 50 16 87 39
87 39 23 28 57 89 24 45 46 38
88 41 87 99 4 15 83 61 70 95
44 87 6 20 7 28 10 62 25 29
20 98 44 31 5 2 59 88 63 49
89 48 47 49 36 54 51 84 87 52
69 39 54 39 89 1 75 3 12 6
73 74 84 9 87 28 66 44 23 26
49 87 31 11 75 94 6 70 40 89
93 88 33 70 38 2 26 26 22 75
7 4 44 13 19 11 86 94 31 30
62 98 25 93 83 78 50 12 79 98
4 19 2 60 64 19 6 54 4 53
54 94 56 12 98 6 87 79 47 66
55 25 72 7 85 48 18 18 73 95
46 46 41 69 84 34 65 55 54 72
37 27 9 19 89 61 48 20 44 89
47 70 87 62 38 3 46 53 45 41
43 85 79 44 52 26 54 25 48 42
20 42 63 25 75 45 70 86 39 95
61 18 40 96 50 83 9 50 76 22
32 92 87 22 77 41 79 79 67 79
85 62 23 61 41 93 81 94 26 93
93 22 3 54 19 33 71 11 75 72
23 38 35 95 91 40 91 26 70 77
73 82 92 72 14 93 80 9 89 46
12 48 55 67 12 76 88 17 49 58
76 23 6 66 82 43 44 99 50 2
38 98 80 44 33 15 33 91 63 71
13 25 27 6 58 41 66 53 73 71
85 73 77 30 8 79 6 49 52 42
79 34 99 42 97 58 77 71 49 5
22 94 63 21 99 41 13 33 81 43
81 10 92 22 27 54 79 31 7 75
75 73 89 65 1 98 99 34 83 54
7 47 16 75 1 89 22 92 70 63
27 95 24 71 15 95 60 92 77 80
87 18 23 92 50 74 30 18 39 97
96 69 52 90 25 82 95 73 61 70
45 29 62 4 85 82 40 33 58 22
94 11 72 94 40 71 55 98 48 85
12 42 36 86 26 2 17 52 34 93
39 98 2 75 93 62 51 19 58 39
59 82 71 61 17 86 24 63 48 18
19 98 62 5 39 79 85 33 29 95
12 86 9 89 72 26 94 59 38 52
85 96 40 27 74 79 4 37 8 26
99 90 93 65 9 51 21 71 88 5
81 24 3 4 66 52 84 93 29 28
5 6 13 98 79 27 91 14 74 46
17 18 34 89 77 8 7 35 70 15
17 43 54 17 10 5 36 6 7 5
30 25 29 20 7 18 41 72 64 83
36 20 71 89 62 10 62 37 26 96
73 34 67 12 30 17 54 34 58 25
87 34 59 96 99 60 65 64 85 64
44 58 77 98 40 50 63 81 65 71
37 47 64 48 44 94 89 77 44 2
12 76 19 37 86 96 81 66 84 40
97 79 63 58 86 20 90 41 56 39
47 66 15 72 97 82 35 78 54 4
7 12 36 73 60 45 91 70 25 47
91 26 53 34 91 72 69 48 93 75
24 95 8 2 87 96 29 8 37 48
76 27 39 27 6 30 76 56 61 39
76 74 38 4 16 29 40 90 16 34
65 4 8 45 6 22 60 36 75 76
97 82 48 1 46 88 28 24 49 38
32 36 56 30 36 26 4 81 82 55
99 38 96 99 87 12 22 85 50 26
83 9 68 75 66 80 91 77 86 4
70 76 47 87 43 14 70 46 5 90
17 69 95 31 15 13 66 89 63 93
88 18 43 81 33 77 41 39 24 60
42 38 54 61 85 7 23 49 32 31
63 72 58 6 55 27 13 40 98 73
54 46 79 22 73 64 58 31 1 79
10 57 3 27 53 71 54 13 95 46
3 45 36 26 35 92 66 30 14 10
5 95 9 28 46 46 6 71 26 14
75 26 78 41 81 92 3 27 25 8
92 70 28 49 57 22 60 68 8 33
13 37 34 32 18 8 71 99 96 58
27 42 12 60 43 6 54 35 23 39
13 31 72 22 84 69 39 38 75 94
35 42 22 79 95 55 69 52 95 74
63 88 54 96 41 13 8 18 9 92
4 22 54 88 81 11 85 92 21 16
46 21 16 61 31 84 72 14 70 68
60 83 18 46 46 61 63 66 16 13
44 31 76 84 39 34 56 18 7 72
88 72 94 80 64 48 1 9 96 27
64 17 56 98 36 44 38 87 54 22
13 50 31 99 37 15 88 60 50 65
82 37 97 97 94 35 94 47 19 28
67 33 18 60 15 40 55 23 62 82
33 90 72 89 7 97 87 10 56 6
64 85 12 5 93 10 82 33 95 58
19 88 83 70 61 50 31 32 56 60
# P_hat : m1 | m2 | m3 | m4 | m5 | m6 | m7 | m8 | m9 | m10
18.20 0.60 5.20 3.20 10.60 8.60 8.60 1.00 5.20 4.00
4.60 5.80 6.20 7.00 10.60 15.60 1.40 7.40 10.00 13.60
19.80 13.00 1.40 19.60 13.20 16.00 3.20 4.60 18.60 14.00
2.40 8.00 17.60 1.60 14.80 8.60 0.40 5.40 14.60 10.00
4.40 10.20 15.00 12.60 15.20 15.00 3.80 15.60 15.20 8.00
7.60 15.80 3.00 13.60 1.20 18.00 19.20 17.20 9.20 17.40
5.20 4.00 7.40 3.60 15.20 13.80 7.60 16.20 16.20 11.80
13.40 2.60 2.00 16.00 19.00 7.80 18.00 9.80 1.80 3.20
11.40 2.40 2.60 13.60 2.20 15.20 14.40 17.60 10.60 10.40
0.40 3.80 11.40 9.20 3.00 5.20 16.00 18.20 6.00 12.00
14.60 16.80 13.60 4.20 10.80 14.20 4.20 3.20 6.00 7.00
14.20 3.00 18.20 0.80 9.40 17.60 15.40 5.00 13.20 3.60
10.80 11.20 6.40 19.00 18.80 9.20 11.00 11.00 15.00 0.20
15.00 16.00 5.60 12.00 11.00 8.40 18.80 6.80 6.40 10.40
13.00 13.80 19.60 0.40 12.60 19.40 13.40 18.60 12.00 14.80
5.60 9.60 0.80 11.20 11.20 5.00 14.60 4.40 9.40 19.00
17.00 15.00 15.40 10.00 14.80 7.40 4.00 15.60 5.20 18.80
8.60 1.40 5.60 11.00 18.60 10.80 5.00 8.60 4.60 12.80
8.00 1.00 4.80 6.20 6.80 9.20 0.20 19.60 15.80 6.20
13.20 18.20 10.80 13.80 1.60 9.20 8.60 12.40 7.20 12.80
7.00 5.00 2.60 14.60 12.40 16.20 15.60 0.60 19.80 18.20
16.80 1.80 18.20 7.00 10.40 6.80 12.20 3.00 19.80 7.40
9.40 2.60 13.80 2.00 2.20 18.00 1.80 1.60 10.60 6.60
7.40 3.60 11.00 15.00 10.00 16.20 4.40 0.40 2.20 18.00
13.00 11.80 2.60 9.80 5.40 7.60 8.60 2.20 18.00 11.60
2.20 11.20 19.60 6.60 14.60 5.40 4.60 15.00 2.80 14.80
16.20 11.40 2.60 8.20 17.40 17.60 2.00 13.00 16.20 13.60
6.40 4.20 14.80 13.00 1.40 8.40 4.40 7.40 12.00 17.40
4.60 5.00 9.20 16.60 6.20 15.20 0.60 15.20 17.20 3.60
15.40 15.60 19.80 14.20 12.60 12.00 16.40 1.60 1.00 6.20
3.40 14.60 10.00 7.40 16.60 1.40 16.00 15.20 8.80 14.40
9.20 17.80 10.00 19.00 15.80 7.60 9.40 13.40 16.80 3.80
8.20 0.60 5.20 9.20 3.80 19.40 11.80 19.00 19.00 13.40
17.00 5.20 4.40 6.80 1.20 9.60 19.20 2.40 3.00 13.80
14.80 16.20 1.00 11.80 7.20 5.60 5.60 18.60 15.00 16.00
16.40 4.80 15.80 10.00 6.20 1.20 10.00 14.60 14.40 12.60
17.40 17.20 6.60 13.00 5.60 18.60 1.60 6.20 15.60 4.00
12.40 1.60 8.20 3.40 3.80 1.60 8.60 13.60 14.80 4.40
9.80 13.20 15.60 18.60 16.00 11.00 18.80 9.20 10.20 1.20
18.60 5.00 3.00 18.20 1.00 10.20 15.60 15.40 17.40 17.20
19.80 9.80 15.60 2.00 15.40 13.00 17.40 14.00 10.00 13.20
16.80 17.40 8.00 19.40 1.00 18.60 10.40 12.00 9.60 19.80
9.00 6.20 4.60 8.40 5.00 10.40 1.20 5.40 14.00 11.80
19.60 3.00 13.60 19.00 2.60 7.20 8.80 11.60 12.40 4.20
10.00 19.80 11.00 0.60 17.40 2.00 7.40 5.00 16.80 7.40
15.40 0.20 12.80 17.20 1.60 1.60 2.20 14.40 16.20 5.20
5.00 10.40 2.20 3.40 18.40 10.00 1.20 14.40 10.40 14.60
2.00 9.20 8.40 17.00 17.80 18.60 6.40 2.20 1.40 13.80
13.80 5.40 17.20 0.80 4.20 15.80 14.00 8.60 7.00 5.60
10.60 3.40 3.20 10.80 11.20 10.80 3.20 16.00 18.60 5.80
7.80 1.60 19.20 2.40 9.80 16.60 12.60 14.80 14.20 8.20
12.40 16.80 13.40 2.00 15.00 17.00 7.80 11.80 14.80 5.20
15.00 18.80 19.40 12.20 11.80 6.60 3.60 2.20 16.20 15.20
16.20 7.20 6.80 6.60 14.00 15.20 0.80 15.20 18.80 15.40
4.80 4.20 9.60 14.00 13.60 14.60 6.40 12.80 8.80 9.60
19.80 12.20 11.00 19.40 7.20 10.80 4.20 17.80 6.60 3.40
15.60 1.60 11.80 11.00 1.80 17.80 15.00 2.40 18.80 14.20
1.20 1.80 2.80 15.60 1.80 18.40 0.60 12.80 12.40 1.00
14.00 15.60 17.20 1.40 5.00 11.60 15.40 17.80 11.40 5.60
15.00 3.80 10.80 14.40 0.40 9.40 0.40 17.40 17.80 4.80
4.40 7.20 3.80 18.00 14.60 14.20 10.60 14.60 13.40 9.40
3.60 13.60 12.00 7.60 14.60 19.80 3.40 2.80 1.00 14.80
17.40 12.20 11.00 7.40 6.40 17.20 18.60 7.60 3.00 18.80
7.40 13.60 0.20 6.00 12.00 13.40 11.40 18.80 14.40 19.80
3.40 2.20 5.60 4.80 5.00 6.80 15.60 5.20 15.80 19.60
4.00 18.00 11.80 3.40 2.40 16.60 5.40 4.00 11.20 10.40
16.80 1.00 14.00 15.20 3.00 18.60 0.60 1.80 17.40 2.40
1.40 19.40 10.20 7.00 15.00 4.00 13.40 7.60 2.80 6.60
16.80 7.00 13.40 7.20 11.20 18.60 5.20 15.40 9.20 3.60
15.80 0.60 11.00 5.20 7.00 6.20 13.40 4.80 13.60 15.40
5.80 15.20 4.00 15.00 15.60 4.40 12.80 9.80 18.00 17.00
4.40 1.80 11.20 13.80 3.00 7.80 14.00 19.00 16.80 1.20
5.80 9.80 0.80 13.40 7.00 18.00 9.40 3.00 4.60 9.00
8.80 17.00 6.00 16.00 4.40 19.80 6.80 1.60 2.00 1.60
14.80 2.00 6.60 9.40 2.00 13.20 11.60 4.40 12.80 3.60
0.40 3.80 13.40 8.00 6.80 12.20 11.20 8.60 9.00 3.80
4.60 16.80 10.40 16.40 5.60 17.20 14.80 19.00 10.80 14.20
16.60 14.20 4.80 17.40 9.80 14.40 18.60 17.40 11.40 19.80
15.80 1.60 13.20 17.20 5.20 4.40 16.80 15.00 6.80 5.20
18.20 13.40 3.60 5.80 5.80 0.40 15.00 18.20 5.60 17.80
3.40 4.60 18.40 15.40 13.20 19.60 17.80 15.40 10.20 4.00
16.00 2.20 1.00 2.00 3.80 2.60 12.80 6.00 7.00 13.40
7.80 14.80 11.60 8.60 6.60 6.80 9.20 9.80 16.40 1.60
12.80 6.40 13.00 19.40 1.80 7.40 2.40 0.80 4.20 8.80
6.00 7.40 13.40 7.40 18.40 4.00 10.40 9.60 6.80 1.40
14.60 10.40 16.00 5.00 19.60 3.60 19.40 16.40 9.20 4.60
1.40 13.80 5.40 4.60 7.00 9.00 5.80 3.60 4.20 7.00
10.60 13.60 16.40 5.60 14.60 9.80 9.80 6.80 17.20 6.40
19.60 6.80 9.80 8.00 18.20 11.60 5.00 7.40 3.00 17.60
17.60 1.80 1.60 13.80 13.80 18.60 1.00 5.40 3.20 7.00
18.40 1.00 10.60 6.20 7.00 5.80 6.00 10.40 18.60 18.00
6.20 13.80 3.60 12.60 18.40 19.60 1.60 11.20 4.20 3.20
9.20 8.20 6.20 0.20 15.80 17.00 2.00 5.80 11.00 8.00
18.40 1.60 0.40 18.40 14.80 3.00 13.20 19.80 0.20 10.20
2.80 10.00 3.40 15.60 18.00 5.60 12.20 16.40 10.40 16.60
10.20 3.60 14.80 18.20 18.00 8.20 16.00 7.00 1.00 0.40
15.40 19.40 0.80 7.20 11.60 19.40 10.40 10.00 4.60 1.60
13.00 9.80 10.60 6.00 19.80 10.60 3.20 15.80 10.80 6.20
1.60 11.40 9.60 19.20 5.40 5.00 16.00 16.60 6.20 15.00
6.40 12.60 3.60 3.60 18.00 14.40 17.60 13.40 11.20 7.40
10.60 0.20 10.40 8.40 9.80 13.80 16.00 10.60 2.20 5.40
10.40 14.60 8.20 17.60 3.80 6.80 10.00 3.20 17.40 7.80
17.40 7.80 4.60 5.60 11.40 17.80 4.80 9.00 9.20 7.60
17.60 8.20 17.40 19.80 0.80 3.00 16.60 12.20 14.00 19.00
8.80 17.40 1.20 4.00 1.40 5.60 2.00 12.40 5.00 5.80
4.00 19.60 8.80 6.20 1.00 0.40 11.80 17.60 12.60 9.80
17.80 9.60 9.40 9.80 7.20 10.80 10.20 16.80 17.40 10.40
13.80 7.80 10.80 7.80 17.80 0.20 15.00 0.60 2.40 1.20
14.60 14.80 16.80 1.80 17.40 5.60 13.20 8.80 4.60 5.20
9.80 17.40 6.20 2.20 15.00 18.80 1.20 14.00 8.00 17.80
18.60 17.60 6.60 14.00 7.60 0.40 5.20 5.20 4.40 15.00
1.40 0.80 8.80 2.60 3.80 2.20 17.20 18.80 6.20 6.00
12.40 19.60 5.00 18.60 16.60 15.60 10.00 2.40 15.80 19.60
0.80 3.80 0.40 12.00 12.80 3.80 1.20 10.80 0.80 10.60
10.80 18.80 11.20 2.40 19.60 1.20 17.40 15.80 9.40 13.20
11.00 5.00 14.40 1.40 17.00 9.60 3.60 3.60 14.60 19.00
9.20 9.20 8.20 13.80 16.80 6.80 13.00 11.00 10.80 14.40
7.40 5.40 1.80 3.80 17.80 12.20 9.60 4.00 8.80 17.80
9.40 14.00 17.40 12.40 7.60 0.60 9.20 10.60 9.00 8.20
8.60 17.00 15.80 8.80 10.40 5.20 10.80 5.00 9.60 8.40
4.00 8.40 12.60 5.00 15.00 9.00 14.00 17.20 7.80 19.00
12.20 3.60 8.00 19.20 10.00 16.60 1.80 10.00 15.20 4.40
6.40 18.40 17.40 4.40 15.40 8.20 15.80 15.80 13.40 15.80
17.00 12.40 4.60 12.20 8.20 18.60 16.20 18.80 5.20 18.60
18.60 4.40 0.60 10.80 3.80 6.60 14.20 2.20 15.00 14.40
4.60 7.60 7.00 19.00 18.20 8.00 18.20 5.20 14.00 15.40
14.60 16.40 18.40 14.40 2.80 18.60 16.00 1.80 17.80 9.20
2.40 9.60 11.00 13.40 2.40 15.20 17.60 3.40 9.80 11.60
15.20 4.60 1.20 13.20 16.40 8.60 8.80 19.80 10.00 0.40
7.60 19.60 16.00 8.80 6.60 3.00 6.60 18.20 12.60 14.20
2.60 5.00 5.40 1.20 11.60 8.20 13.20 10.60 14.60 14.20
17.00 14.60 15.40 6.00 1.60 15.80 1.20 9.80 10.40 8.40
15.80 6.80 19.80 8.40 19.40 11.60 15.40 14.20 9.80 1.00
4.40 18.80 12.60 4.20 19.80 8.20 2.60 6.60 16.20 8.60
16.20 2.00 18.40 4.40 5.40 10.80 15.80 6.20 1.40 15.00
15.00 14.60 17.80 13.00 0.20 19.60 19.80 6.80 16.60 10.80
1.40 9.40 3.20 15.00 0.20 17.80 4.40 18.40 14.00 12.60
5.40 19.00 4.80 14.20 3.00 19.00 12.00 18.40 15.40 16.00
17.40 3.60 4.60 18.40 10.00 14.80 6.00 3.60 7.80 19.40
19.20 13.80 10.40 18.00 5.00 16.40 19.00 14.60 12.20 14.00
9.00 5.80 12.40 0.80 17.00 16.40 8.00 6.60 11.60 4.40
18.80 2.20 14.40 18.80 8.00 14.20 11.00 19.60 9.60 17.00
2.40 8.40 7.20 17.20 5.20 0.40 3.40 10.40 6.80 18.60
7.80 19.60 0.40 15.00 18.60 12.40 10.20 3.80 11.60 7.80
11.80 16.40 14.20 12.20 3.40 17.20 4.80 12.60 9.60 3.60
3.80 19.60 12.40 1.00 7.80 15.80 17.00 6.60 5.80 19.00
2.40 17.20 1.80 17.80 14.40 5.20 18.80 11.80 7.60 10.40
17.00 19.20 8.00 5.40 14.80 15.80 0.80 7.40 1.60 5.20
19.80 18.00 18.60 13.00 1.80 10.20 4.20 14.20 17.60 1.00
16.20 4.80 0.60 0.80 13.20 10.40 16.80 18.60 5.80 5.60
1.00 1.20 2.60 19.60 15.80 5.40 18.20 2.80 14.80 9.20
3.40 3.60 6.80 17.80 15.40 1.60 1.40 7.00 14.00 3.00
3.40 8.60 10.80 3.40 2.00 1.00 7.20 1.20 1.40 1.00
6.00 5.00 5.80 4.00 1.40 3.60 8.20 14.40 12.80 16.60
7.20 4.00 14.20 17.80 12.40 2.00 12.40 7.40 5.20 19.20
14.60 6.80 13.40 2.40 6.00 3.40 10.80 6.80 11.60 5.00
17.40 6.80 11.80 19.20 19.80 12.00 13.00 12.80 17.00 12.80
8.80 11.60 15.40 19.60 8.00 10.00 12.60 16.20 13.00 14.20
7.40 9.40 12.80 9.60 8.80 18.80 17.80 15.40 8.80 0.40
2.40 15.20 3.80 7.40 17.20 19.20 16.20 13.20 16.80 8.00
19.40 15.80 12.60 11.60 17.20 4.00 18.00 8.20 11.20 7.80
9.40 13.20 3.00 14.40 19.40 16.40 7.00 15.60 10.80 0.80
1.40 2.40 7.20 14.60 12.00 9.00 18.20 14.00 5.00 9.40
18.20 5.20 10.60 6.80 18.20 14.40 13.80 9.60 18.60 15.00
4.80 19.00 1.60 0.40 17.40 19.20 5.80 1.60 7.40 9.60
15.20 5.40 7.80 5.40 1.20 6.00 15.20 11.20 12.20 7.80
15.20 14.80 7.60 0.80 3.20 5.80 8.00 18.00 3.20 6.80
13.00 0.80 1.60 9.00 1.20 4.40 12.00 7.20 15.00 15.20
19.40 16.40 9.60 0.20 9.20 17.60 5.60 4.80 9.80 7.60
6.40 7.20 11.20 6.00 7.20 5.20 0.80 16.20 16.40 11.00
19.80 7.60 19.20 19.80 17.40 2.40 4.40 17.00 10.00 5.20
16.60 1.80 13.60 15.00 13.20 16.00 18.20 15.40 17.20 0.80
14.00 15.20 9.40 17.40 8.60 2.80 14.00 9.20 1.00 18.00
3.40 13.80 19.00 6.20 3.00 2.60 13.20 17.80 12.60 18.60
17.60 3.60 8.60 16.20 6.60 15.40 8.20 7.80 4.80 12.00
8.40 7.60 10.80 12.20 17.00 1.40 4.60 9.80 6.40 6.20
12.60 14.40 11.60 1.20 11.00 5.40 2.60 8.00 19.60 14.60
10.80 9.20 15.80 4.40 14.60 12.80 11.60 6.20 0.20 15.80
2.00 11.40 0.60 5.40 10.60 14.20 10.80 2.60 19.00 9.20
0.60 9.00 7.20 5.20 7.00 18.40 13.20 6.00 2.80 2.00
1.00 19.00 1.80 5.60 9.20 9.20 1.20 14.20 5.20 2.80
15.00 5.20 15.60 8.20 16.20 18.40 0.60 5.40 5.00 1.60
18.40 14.00 5.60 9.80 11.40 4.40 12.00 13.60 1.60 6.60
2.60 7.40 6.80 6.40 3.60 1.60 14.20 19.80 19.20 11.60
5.40 8.40 2.40 12.00 8.60 1.20 10.80 7.00 4.60 7.80
2.60 6.20 14.40 4.40 16.80 13.80 7.80 7.60 15.00 18.80
7.00 8.40 4.40 15.80 19.00 11.00 13.80 10.40 19.00 14.80
12.60 17.60 10.80 19.20 8.20 2.60 1.60 3.60 1.80 18.40
0.80 4.40 10.80 17.60 16.20 2.20 17.00 18.40 4.20 3.20
9.20 4.20 3.20 12.20 6.20 16.80 14.40 2.80 14.00 13.60
12.00 16.60 3.60 9.20 9.20 12.20 12.60 13.20 3.20 2.60
8.80 6.20 15.20 16.80 7.80 6.80 11.20 3.60 1.40 14.40
17.60 14.40 18.80 16.00 12.80 9.60 0.20 1.80 19.20 5.40
12.80 3.40 11.20 19.60 7.20 8.80 7.60 17.40 10.80 4.40
2.60 10.00 6.20 19.80 7.40 3.00 17.60 12.00 10.00 13.00
16.40 7.40 19.40 19.40 18.80 7.00 18.80 9.40 3.80 5.60
13.40 6.60 3.60 12.00 3.00 8.00 11.00 4.60 12.40 16.40
6.60 18.00 14.40 17.80 1.40 19.40 17.40 2.00 11.20 1.20
12.80 17.00 2.40 1.00 18.60 2.00 16.40 6.60 19.00 11.60
3.80 17.60 16.60 14.00 12.20 10.00 6.20 6.40 11.20 12.00
