# nJobs | nMachines
50 5
# Job Weights
45
49
23
52
40
32
4
81
48
100
75
95
88
1
55
66
10
93
46
81
5
10
83
24
28
56
65
96
86
98
100
57
95
40
1
31
41
98
27
53
54
36
58
48
41
2
15
62
99
87
# P_bar : m1 | m2 | m3 | m4 | m5
38 5 26 66 93
23 13 40 41 95
13 36 84 74 48
1 54 84 62 71
10 76 74 70 30
76 40 39 30 22
49 67 65 66 3
2 31 15 11 22
81 35 71 51 82
43 48 92 43 35
51 85 44 32 56
71 41 27 23 14
29 82 93 20 88
44 95 2 1 41
26 15 55 54 4
27 24 44 55 52
27 77 55 65 17
56 6 23 22 95
21 79 25 99 15
76 36 1 97 85
88 18 51 21 12
9 21 12 63 11
33 34 47 45 24
6 42 98 70 71
40 74 41 41 46
64 46 18 6 59
5 1 44 70 16
5 88 72 33 33
7 29 88 97 53
5 95 60 32 22
76 67 29 28 49
63 41 99 54 44
35 98 2 63 76
94 31 17 16 88
65 25 79 12 45
25 70 6 2 52
6 62 29 50 31
87 45 89 48 66
60 59 4 34 17
33 68 70 75 68
67 22 10 45 99
81 81 79 2 78
93 44 64 39 87
98 80 92 4 45
9 88 42 46 78
94 25 79 11 51
49 93 56 66 87
27 61 94 59 4
62 1 26 28 45
90 97 93 74 9
# P_hat : m1 | m2 | m3 | m4 | m5
15.20 2.00 10.40 26.40 37.20
9.20 5.20 16.00 16.40 38.00
5.20 14.40 33.60 29.60 19.20
0.40 21.60 33.60 24.80 28.40
4.00 30.40 29.60 28.00 12.00
30.40 16.00 15.60 12.00 8.80
19.60 26.80 26.00 26.40 1.20
0.80 12.40 6.00 4.40 8.80
32.40 14.00 28.40 20.40 32.80
17.20 19.20 36.80 17.20 14.00
20.40 34.00 17.60 12.80 22.40
28.40 16.40 10.80 9.20 5.60
11.60 32.80 37.20 8.00 35.20
17.60 38.00 0.80 0.40 16.40
10.40 6.00 22.00 21.60 1.60
10.80 9.60 17.60 22.00 20.80
10.80 30.80 22.00 26.00 6.80
22.40 2.40 9.20 8.80 38.00
8.40 31.60 10.00 39.60 6.00
30.40 14.40 0.40 38.80 34.00
35.20 7.20 20.40 8.40 4.80
3.60 8.40 4.80 25.20 4.40
13.20 13.60 18.80 18.00 9.60
2.40 16.80 39.20 28.00 28.40
16.00 29.60 16.40 16.40 18.40
25.60 18.40 7.20 2.40 23.60
2.00 0.40 17.60 28.00 6.40
2.00 35.20 28.80 13.20 13.20
2.80 11.60 35.20 38.80 21.20
2.00 38.00 24.00 12.80 8.80
30.40 26.80 11.60 11.20 19.60
25.20 16.40 39.60 21.60 17.60
14.00 39.20 0.80 25.20 30.40
37.60 12.40 6.80 6.40 35.20
26.00 10.00 31.60 4.80 18.00
10.00 28.00 2.40 0.80 20.80
2.40 24.80 11.60 20.00 12.40
34.80 18.00 35.60 19.20 26.40
24.00 23.60 1.60 13.60 6.80
13.20 27.20 28.00 30.00 27.20
26.80 8.80 4.00 18.00 39.60
32.40 32.40 31.60 0.80 31.20
37.20 17.60 25.60 15.60 34.80
39.20 32.00 36.80 1.60 18.00
3.60 35.20 16.80 18.40 31.20
37.60 10.00 31.60 4.40 20.40
19.60 37.20 22.40 26.40 34.80
10.80 24.40 37.60 23.60 1.60
24.80 0.40 10.40 11.20 18.00
36.00 38.80 37.20 29.60 3.60
