# nJobs | nMachines
50 20
# Job Weights
98
81
95
54
69
100
13
60
29
48
76
23
12
82
86
16
14
69
89
18
90
12
78
39
91
95
63
27
29
11
11
87
67
51
7
17
30
95
31
21
43
13
94
3
8
51
2
65
72
47
# P_bar : m1 | m2 | m3 | m4 | m5 | m6 | m7 | m8 | m9 | m10 | m11 | m12 | m13 | m14 | m15 | m16 | m17 | m18 | m19 | m20
52 63 82 16 63 94 79 22 80 96 53 54 71 27 95 3 92 80 61 74
95 99 21 26 55 34 21 6 13 3 19 67 90 93 53 80 62 38 86 38
42 69 79 46 59 89 93 24 64 50 99 25 59 49 54 78 11 55 16 4
75 70 95 66 35 62 32 55 77 57 62 77 82 63 22 32 83 34 42 31
44 53 46 76 21 47 8 48 17 66 88 38 22 65 84 53 87 85 14 62
57 21 23 31 59 66 45 57 78 84 93 98 88 34 54 43 66 44 92 39
89 10 40 36 78 76 37 78 82 98 34 96 35 10 2 85 98 47 67 97
53 31 95 8 25 15 78 5 4 55 72 20 49 56 80 19 42 66 77 57
84 80 87 37 30 18 26 50 72 70 42 15 78 51 84 48 23 19 46 9
62 18 37 21 38 54 98 83 93 32 65 36 69 97 66 49 45 66 41 54
91 5 24 3 78 24 17 70 68 31 39 65 76 52 25 66 52 61 78 13
14 18 24 76 79 55 25 21 25 64 79 97 2 46 16 22 6 60 3 47
95 17 65 67 58 96 21 71 67 11 9 27 14 16 79 37 3 98 72 6
89 71 62 5 44 10 28 58 80 9 26 25 3 50 90 51 64 82 95 70
4 90 19 47 38 12 68 36 43 32 72 61 22 96 51 82 55 79 53 19
95 93 67 72 76 96 24 50 93 58 29 24 26 85 29 59 97 71 59 97
2 14 66 66 70 53 62 31 21 98 36 97 44 61 29 88 83 28 34 41
97 49 6 56 72 92 89 86 33 95 48 61 1 76 90 77 42 74 66 1
68 52 65 95 85 77 60 29 14 25 57 75 4 30 83 19 81 27 42 57
20 7 59 49 8 6 64 30 30 4 95 92 16 90 83 32 92 33 63 60
33 78 2 47 10 91 38 93 59 45 93 73 55 42 19 52 68 13 27 62
51 57 67 26 84 14 90 49 83 60 79 21 43 88 95 9 46 9 92 14
98 41 82 81 42 41 87 83 85 87 88 29 87 37 87 96 56 12 8 90
8 75 90 56 67 30 1 89 85 31 77 3 35 43 12 23 88 51 65 76
85 98 30 76 20 85 99 44 70 1 94 96 76 88 34 64 50 16 34 12
86 93 63 66 24 17 34 38 35 96 39 51 98 91 23 22 13 49 6 89
73 33 5 36 75 23 9 62 2 22 74 26 78 14 44 37 23 83 42 37
4 75 93 53 23 60 22 45 76 95 46 44 81 63 30 3 13 48 39 35
40 68 53 26 33 76 74 22 46 73 17 56 48 65 82 52 49 13 2 91
98 33 85 52 60 39 14 85 72 77 30 31 25 74 83 44 18 78 7 69
12 60 81 29 20 85 14 39 69 30 62 64 81 71 42 11 50 96 85 55
59 82 73 36 75 10 84 98 46 88 77 38 27 8 56 21 94 77 32 48
44 24 34 68 83 65 75 56 3 14 43 44 84 39 89 85 71 68 14 56
46 99 74 21 26 15 37 68 57 22 98 46 59 95 38 6 64 88 74 84
2 4 13 71 92 55 32 84 71 93 48 66 98 82 96 40 31 77 59 22
41 97 78 61 29 41 29 77 77 48 14 31 14 17 10 68 21 76 95 51
28 24 35 71 39 28 32 67 33 10 45 48 32 38 3 30 2 73 48 43
83 50 20 69 14 93 89 53 49 7 25 27 95 69 53 35 63 92 37 50
28 55 16 28 74 88 12 46 59 14 98 82 30 17 97 58 58 72 59 62
21 91 48 86 66 27 47 24 82 91 30 51 13 24 11 31 36 87 4 61
80 46 12 27 86 77 19 52 59 5 90 90 68 66 65 11 64 66 42 10
71 58 11 41 10 81 97 96 70 43 92 63 19 75 47 11 52 98 93 87
4 17 80 86 27 19 7 2 76 30 35 85 57 52 76 6 8 40 32 99
60 47 9 55 8 76 12 88 10 79 13 36 65 59 22 59 94 31 30 40
34 82 24 17 7 55 43 33 65 39 75 69 13 4 17 64 51 75 16 91
55 6 76 62 97 67 89 27 19 34 55 67 63 73 14 65 36 45 95 64
53 15 32 96 84 65 14 49 77 77 80 81 26 56 11 23 82 98 58 62
96 91 35 59 56 8 33 78 86 81 67 18 96 19 69 80 30 90 12 53
37 74 66 53 61 18 56 82 21 11 3 81 53 39 91 75 17 4 95 33
37 42 48 93 9 56 57 65 75 10 93 72 94 51 53 63 21 23 21 16
# P_hat : m1 | m2 | m3 | m4 | m5 | m6 | m7 | m8 | m9 | m10 | m11 | m12 | m13 | m14 | m15 | m16 | m17 | m18 | m19 | m20
5.20 6.30 8.20 1.60 6.30 9.40 7.90 2.20 8.00 9.60 5.30 5.40 7.10 2.70 9.50 0.30 9.20 8.00 6.10 7.40
9.50 9.90 2.10 2.60 5.50 3.40 2.10 0.60 1.30 0.30 1.90 6.70 9.00 9.30 5.30 8.00 6.20 3.80 8.60 3.80
4.20 6.90 7.90 4.60 5.90 8.90 9.30 2.40 6.40 5.00 9.90 2.50 5.90 4.90 5.40 7.80 1.10 5.50 1.60 0.40
7.50 7.00 9.50 6.60 3.50 6.20 3.20 5.50 7.70 5.70 6.20 7.70 8.20 6.30 2.20 3.20 8.30 3.40 4.20 3.10
4.40 5.30 4.60 7.60 2.10 4.70 0.80 4.80 1.70 6.60 8.80 3.80 2.20 6.50 8.40 5.30 8.70 8.50 1.40 6.20
5.70 2.10 2.30 3.10 5.90 6.60 4.50 5.70 7.80 8.40 9.30 9.80 8.80 3.40 5.40 4.30 6.60 4.40 9.20 3.90
8.90 1.00 4.00 3.60 7.80 7.60 3.70 7.80 8.20 9.80 3.40 9.60 3.50 1.00 0.20 8.50 9.80 4.70 6.70 9.70
5.30 3.10 9.50 0.80 2.50 1.50 7.80 0.50 0.40 5.50 7.20 2.00 4.90 5.60 8.00 1.90 4.20 6.60 7.70 5.70
8.40 8.00 8.70 3.70 3.00 1.80 2.60 5.00 7.20 7.00 4.20 1.50 7.80 5.10 8.40 4.80 2.30 1.90 4.60 0.90
6.20 1.80 3.70 2.10 3.80 5.40 9.80 8.30 9.30 3.20 6.50 3.60 6.90 9.70 6.60 4.90 4.50 6.60 4.10 5.40
9.10 0.50 2.40 0.30 7.80 2.40 1.70 7.00 6.80 3.10 3.90 6.50 7.60 5.20 2.50 6.60 5.20 6.10 7.80 1.30
1.40 1.80 2.40 7.60 7.90 5.50 2.50 2.10 2.50 6.40 7.90 9.70 0.20 4.60 1.60 2.20 0.60 6.00 0.30 4.70
9.50 1.70 6.50 6.70 5.80 9.60 2.10 7.10 6.70 1.10 0.90 2.70 1.40 1.60 7.90 3.70 0.30 9.80 7.20 0.60
8.90 7.10 6.20 0.50 4.40 1.00 2.80 5.80 8.00 0.90 2.60 2.50 0.30 5.00 9.00 5.10 6.40 8.20 9.50 7.00
0.40 9.00 1.90 4.70 3.80 1.20 6.80 3.60 4.30 3.20 7.20 6.10 2.20 9.60 5.10 8.20 5.50 7.90 5.30 1.90
9.50 9.30 6.70 7.20 7.60 9.60 2.40 5.00 9.30 5.80 2.90 2.40 2.60 8.50 2.90 5.90 9.70 7.10 5.90 9.70
0.20 1.40 6.60 6.60 7.00 5.30 6.20 3.10 2.10 9.80 3.60 9.70 4.40 6.10 2.90 8.80 8.30 2.80 3.40 4.10
9.70 4.90 0.60 5.60 7.20 9.20 8.90 8.60 3.30 9.50 4.80 6.10 0.10 7.60 9.00 7.70 4.20 7.40 6.60 0.10
6.80 5.20 6.50 9.50 8.50 7.70 6.00 2.90 1.40 2.50 5.70 7.50 0.40 3.00 8.30 1.90 8.10 2.70 4.20 5.70
2.00 0.70 5.90 4.90 0.80 0.60 6.40 3.00 3.00 0.40 9.50 9.20 1.60 9.00 8.30 3.20 9.20 3.30 6.30 6.00
3.30 7.80 0.20 4.70 1.00 9.10 3.80 9.30 5.90 4.50 9.30 7.30 5.50 4.20 1.90 5.20 6.80 1.30 2.70 6.20
5.10 5.70 6.70 2.60 8.40 1.40 9.00 4.90 8.30 6.00 7.90 2.10 4.30 8.80 9.50 0.90 4.60 0.90 9.20 1.40
9.80 4.10 8.20 8.10 4.20 4.10 8.70 8.30 8.50 8.70 8.80 2.90 8.70 3.70 8.70 9.60 5.60 1.20 0.80 9.00
0.80 7.50 9.00 5.60 6.70 3.00 0.10 8.90 8.50 3.10 7.70 0.30 3.50 4.30 1.20 2.30 8.80 5.10 6.50 7.60
8.50 9.80 3.00 7.60 2.00 8.50 9.90 4.40 7.00 0.10 9.40 9.60 7.60 8.80 3.40 6.40 5.00 1.60 3.40 1.20
8.60 9.30 6.30 6.60 2.40 1.70 3.40 3.80 3.50 9.60 3.90 5.10 9.80 9.10 2.30 2.20 1.30 4.90 0.60 8.90
7.30 3.30 0.50 3.60 7.50 2.30 0.90 6.20 0.20 2.20 7.40 2.60 7.80 1.40 4.40 3.70 2.30 8.30 4.20 3.70
0.40 7.50 9.30 5.30 2.30 6.00 2.20 4.50 7.60 9.50 4.60 4.40 8.10 6.30 3.00 0.30 1.30 4.80 3.90 3.50
4.00 6.80 5.30 2.60 3.30 7.60 7.40 2.20 4.60 7.30 1.70 5.60 4.80 6.50 8.20 5.20 4.90 1.30 0.20 9.10
9.80 3.30 8.50 5.20 6.00 3.90 1.40 8.50 7.20 7.70 3.00 3.10 2.50 7.40 8.30 4.40 1.80 7.80 0.70 6.90
1.20 6.00 8.10 2.90 2.00 8.50 1.40 3.90 6.90 3.00 6.20 6.40 8.10 7.10 4.20 1.10 5.00 9.60 8.50 5.50
5.90 8.20 7.30 3.60 7.50 1.00 8.40 9.80 4.60 8.80 7.70 3.80 2.70 0.80 5.60 2.10 9.40 7.70 3.20 4.80
4.40 2.40 3.40 6.80 8.30 6.50 7.50 5.60 0.30 1.40 4.30 4.40 8.40 3.90 8.90 8.50 7.10 6.80 1.40 5.60
4.60 9.90 7.40 2.10 2.60 1.50 3.70 6.80 5.70 2.20 9.80 4.60 5.90 9.50 3.80 0.60 6.40 8.80 7.40 8.40
0.20 0.40 1.30 7.10 9.20 5.50 3.20 8.40 7.10 9.30 4.80 6.60 9.80 8.20 9.60 4.00 3.10 7.70 5.90 2.20
4.10 9.70 7.80 6.10 2.90 4.10 2.90 7.70 7.70 4.80 1.40 3.10 1.40 1.70 1.00 6.80 2.10 7.60 9.50 5.10
2.80 2.40 3.50 7.10 3.90 2.80 3.20 6.70 3.30 1.00 4.50 4.80 3.20 3.80 0.30 3.00 0.20 7.30 4.80 4.30
8.30 5.00 2.00 6.90 1.40 9.30 8.90 5.30 4.90 0.70 2.50 2.70 9.50 6.90 5.30 3.50 6.30 9.20 3.70 5.00
2.80 5.50 1.60 2.80 7.40 8.80 1.20 4.60 5.90 1.40 9.80 8.20 3.00 1.70 9.70 5.80 5.80 7.20 5.90 6.20
2.10 9.10 4.80 8.60 6.60 2.70 4.70 2.40 8.20 9.10 3.00 5.10 1.30 2.40 1.10 3.10 3.60 8.70 0.40 6.10
8.00 4.60 1.20 2.70 8.60 7.70 1.90 5.20 5.90 0.50 9.00 9.00 6.80 6.60 6.50 1.10 6.40 6.60 4.20 1.00
7.10 5.80 1.10 4.10 1.00 8.10 9.70 9.60 7.00 4.30 9.20 6.30 1.90 7.50 4.70 1.10 5.20 9.80 9.30 8.70
0.40 1.70 8.00 8.60 2.70 1.90 0.70 0.20 7.60 3.00 3.50 8.50 5.70 5.20 7.60 0.60 0.80 4.00 3.20 9.90
6.00 4.70 0.90 5.50 0.80 7.60 1.20 8.80 1.00 7.90 1.30 3.60 6.50 5.90 2.20 5.90 9.40 3.10 3.00 4.00
3.40 8.20 2.40 1.70 0.70 5.50 4.30 3.30 6.50 3.90 7.50 6.90 1.30 0.40 1.70 6.40 5.10 7.50 1.60 9.10
5.50 0.60 7.60 6.20 9.70 6.70 8.90 2.70 1.90 3.40 5.50 6.70 6.30 7.30 1.40 6.50 3.60 4.50 9.50 6.40
5.30 1.50 3.20 9.60 8.40 6.50 1.40 4.90 7.70 7.70 8.00 8.10 2.60 5.60 1.10 2.30 8.20 9.80 5.80 6.20
9.60 9.10 3.50 5.90 5.60 0.80 3.30 7.80 8.60 8.10 6.70 1.80 9.60 1.90 6.90 8.00 3.00 9.00 1.20 5.30
3.70 7.40 6.60 5.30 6.10 1.80 5.60 8.20 2.10 1.10 0.30 8.10 5.30 3.90 9.10 7.50 1.70 0.40 9.50 3.30
3.70 4.20 4.80 9.30 0.90 5.60 5.70 6.50 7.50 1.00 9.30 7.20 9.40 5.10 5.30 6.30 2.10 2.30 2.10 1.60
