# nJobs | nMachines
200 20
# Job Weights
39
6
9
85
44
56
86
74
50
70
99
47
36
16
69
56
43
58
37
69
57
86
50
80
21
88
72
36
65
46
82
52
85
22
24
96
20
61
58
3
45
57
66
8
20
69
44
62
19
44
70
1
8
44
32
49
2
92
13
87
46
77
30
53
57
58
47
49
23
26
52
65
46
90
28
95
32
88
47
68
53
38
70
37
42
39
47
61
82
31
49
87
81
56
80
75
97
14
30
46
10
96
52
58
48
6
96
1
79
35
31
92
22
27
95
5
42
42
71
85
84
13
96
21
75
60
51
48
6
45
84
23
53
83
4
95
87
47
96
98
100
47
31
68
80
29
89
51
50
25
28
74
81
79
20
31
6
60
75
33
41
32
10
15
90
40
92
28
65
91
36
10
24
89
24
13
30
24
24
72
77
69
58
88
87
12
44
80
64
72
24
54
55
7
53
39
50
2
72
61
# P_bar : m1 | m2 | m3 | m4 | m5 | m6 | m7 | m8 | m9 | m10 | m11 | m12 | m13 | m14 | m15 | m16 | m17 | m18 | m19 | m20
67 88 65 83 64 33 42 43 87 4 14 7 13 29 74 7 10 67 80 44
70 73 96 25 51 73 9 86 13 10 87 20 51 13 49 28 24 13 77 62
39 23 3 95 9 40 28 97 92 2 47 58 91 9 50 94 67 26 33 60
25 94 43 10 16 75 75 34 47 51 75 23 85 24 73 87 32 41 95 84
43 9 89 36 78 1 14 1 83 15 12 73 10 19 88 86 60 7 27 38
43 64 20 23 85 16 55 17 9 27 29 96 42 38 25 11 45 76 14 70
10 60 11 96 57 69 37 35 97 36 10 67 59 68 35 50 75 52 80 7
41 65 36 7 18 73 66 51 53 31 11 82 30 56 88 35 53 73 73 41
70 53 52 21 28 98 25 57 44 8 88 79 7 67 73 19 25 69 58 58
39 93 72 16 25 40 65 17 94 48 98 31 28 6 55 96 88 59 8 23
4 69 8 32 8 12 79 18 84 34 45 44 40 74 72 71 41 31 34 91
89 75 30 45 50 96 6 36 95 35 19 37 88 94 86 55 73 6 99 78
83 50 30 85 21 8 27 26 6 95 49 80 92 27 17 15 90 99 82 64
48 91 20 81 44 42 45 95 59 19 27 38 1 59 96 79 92 32 93 38
41 25 82 81 85 52 87 58 58 47 27 80 22 24 78 51 59 15 75 79
88 67 92 3 90 87 85 75 16 31 97 7 3 85 20 54 72 36 21 45
39 19 66 43 89 84 50 77 25 18 89 87 42 28 9 26 89 41 43 30
96 21 97 33 35 67 87 9 19 42 86 3 63 81 54 80 12 62 1 20
51 37 78 67 80 54 24 26 16 67 65 34 33 82 31 57 43 31 87 16
95 27 53 56 94 33 32 27 23 97 79 89 99 23 33 34 30 52 91 80
73 16 40 6 48 36 29 13 29 91 19 95 79 90 22 93 33 79 95 93
65 31 48 42 95 37 33 56 69 80 76 9 55 7 55 12 51 74 66 20
58 33 20 1 70 74 84 63 59 70 85 24 52 50 16 76 2 24 84 4
31 52 14 98 34 70 43 69 94 26 27 36 29 37 16 28 11 40 56 52
37 70 42 19 77 42 22 66 73 32 98 19 2 40 67 79 45 98 32 73
69 27 19 44 16 1 81 3 9 22 87 99 42 94 8 42 66 42 85 9
18 4 63 10 18 20 21 54 45 23 46 58 97 40 18 50 29 21 22 50
62 46 79 63 68 22 14 82 20 58 81 32 13 96 76 77 28 70 77 78
14 52 26 98 18 57 4 38 16 82 46 74 88 47 53 41 6 64 97 41
27 12 10 76 92 19 29 61 56 28 32 49 18 99 42 32 84 84 18 90
17 30 51 29 36 21 41 16 14 13 54 17 7 78 43 98 26 92 39 65
93 28 74 59 2 49 13 3 22 92 49 91 53 71 24 38 88 24 5 18
14 12 36 65 14 97 75 74 35 86 69 29 8 7 18 5 86 78 20 87
95 14 45 57 58 88 22 33 58 64 66 3 2 35 79 69 18 18 26 97
68 65 30 74 29 44 9 57 86 69 96 56 85 67 97 44 88 13 52 10
90 69 94 74 79 17 42 86 36 10 13 8 37 93 31 54 70 62 41 75
99 21 67 22 22 4 84 22 23 72 93 21 23 1 52 46 33 38 29 94
40 15 1 71 7 56 44 61 74 45 62 36 72 50 52 54 26 28 21 88
11 92 72 36 29 8 28 16 3 84 50 37 3 18 73 11 54 56 12 30
2 74 38 63 45 73 19 32 56 34 75 15 23 88 27 78 34 65 77 29
69 77 76 72 45 63 83 5 44 4 55 1 33 91 4 39 88 46 87 12
92 11 8 61 41 16 8 96 63 70 58 65 94 88 67 23 72 1 94 54
50 95 70 34 10 53 11 71 35 87 5 52 48 72 70 30 94 98 39 28
55 2 31 78 55 5 91 59 34 69 40 77 10 99 28 70 91 67 77 33
28 4 13 61 83 32 10 46 62 43 39 3 45 4 2 21 80 61 64 75
54 50 44 56 19 81 22 88 78 77 5 83 20 27 92 39 40 37 24 60
98 38 77 44 39 29 83 59 1 66 39 17 72 22 50 91 27 36 58 72
42 88 3 31 34 30 55 15 43 90 60 98 85 36 98 40 41 54 98 66
93 77 64 63 79 26 93 12 75 92 87 97 21 30 11 94 28 17 42 11
48 54 46 22 39 35 14 59 7 86 52 13 7 1 79 6 77 68 52 2
79 72 74 74 22 10 53 72 11 50 25 33 85 65 95 77 43 41 9 44
55 59 81 88 86 38 20 64 16 83 11 70 6 57 8 17 51 25 36 73
29 76 8 25 69 88 34 25 67 29 40 11 30 90 73 48 82 30 78 52
98 96 86 89 15 96 72 21 69 1 62 44 42 66 37 17 5 68 42 30
24 83 29 75 16 70 11 41 44 12 15 10 72 17 32 86 27 66 24 62
48 21 42 26 31 89 43 36 64 12 92 43 57 69 18 74 91 29 16 12
33 87 62 91 85 56 42 21 33 98 5 41 5 61 95 45 73 27 93 87
86 56 42 21 27 83 28 52 95 31 33 49 82 77 80 93 15 87 16 27
28 75 73 81 10 99 57 67 69 72 30 25 54 43 11 80 66 95 27 15
71 50 95 3 89 99 75 92 30 21 76 64 87 7 3 1 87 9 15 57
46 85 8 76 58 82 29 97 3 87 15 63 70 34 6 40 99 14 20 65
91 22 26 10 96 67 64 54 41 10 36 60 92 89 55 59 18 3 94 38
5 42 74 95 71 32 69 2 15 59 23 87 14 75 69 97 56 23 32 92
58 33 37 93 89 45 78 86 36 96 7 18 25 81 83 98 4 52 85 5
7 65 88 1 25 97 88 60 50 58 84 39 87 81 89 50 51 24 77 5
99 94 21 85 18 43 87 21 45 28 49 80 79 32 20 34 28 21 97 1
28 92 31 63 3 87 50 34 50 50 67 10 32 34 55 82 45 42 16 34
60 55 54 91 29 22 21 21 14 3 98 18 88 77 31 5 81 67 30 50
15 20 9 56 74 57 75 98 86 86 78 25 9 59 65 9 4 94 87 66
22 5 46 2 10 71 41 52 15 78 56 66 6 32 66 17 13 15 34 47
70 81 9 61 59 20 11 83 83 69 36 28 60 52 26 45 50 53 40 8
28 68 5 72 55 63 49 40 77 52 4 47 49 63 79 23 89 65 27 88
85 29 30 50 51 52 53 6 41 46 99 86 44 7 57 36 41 98 73 82
44 22 59 89 67 39 49 6 58 93 42 15 83 75 92 15 35 10 47 75
71 11 41 43 48 42 21 38 26 75 81 2 63 37 89 83 83 52 57 46
43 5 4 85 47 26 51 61 94 13 76 64 58 3 9 84 25 10 64 99
40 50 32 84 54 22 7 18 77 61 18 96 39 65 4 91 98 32 76 8
2 98 58 92 72 59 37 28 95 76 44 79 34 6 87 64 96 32 90 45
79 28 84 54 15 85 88 98 47 63 68 47 23 27 90 41 46 50 48 95
16 23 79 66 10 93 51 16 12 99 72 14 74 22 67 98 65 85 69 49
60 28 45 74 59 65 79 17 97 57 67 47 39 6 80 62 6 10 16 12
34 77 35 38 83 47 84 38 74 58 71 85 92 38 8 62 4 33 62 90
42 54 42 26 4 1 37 26 24 37 57 9 21 16 46 94 20 38 54 93
94 72 4 72 64 15 73 57 13 99 86 56 23 58 96 48 54 21 22 67
32 48 29 4 69 20 55 13 71 81 78 74 4 52 19 21 26 92 64 43
19 39 77 1 40 53 26 3 19 16 32 2 87 8 96 73 29 70 62 22
69 93 36 47 34 32 16 54 85 44 95 6 63 48 91 75 75 70 14 8
49 94 52 79 78 35 65 17 49 56 55 80 99 93 58 39 17 85 96 9
82 91 33 24 78 20 46 32 99 68 14 14 87 76 89 44 88 72 22 54
53 60 24 91 56 80 79 89 45 64 55 60 51 20 6 46 52 96 67 58
2 73 18 71 63 87 34 38 72 52 50 69 91 91 50 31 82 39 92 52
94 52 24 50 17 22 70 33 34 78 79 25 22 41 11 48 23 3 14 59
85 15 90 60 3 22 61 54 5 83 20 30 54 92 58 19 33 14 54 31
24 60 46 71 29 91 24 16 2 44 47 50 37 97 53 55 70 68 93 87
13 75 10 75 75 8 54 16 1 8 62 79 3 78 1 36 67 83 11 72
21 87 32 20 2 88 37 98 86 22 86 1 99 13 12 86 80 81 81 85
53 3 18 43 78 31 85 7 3 73 70 3 96 94 58 28 33 16 92 33
62 3 45 7 44 36 33 25 35 12 69 10 67 17 8 78 58 93 48 36
54 22 53 11 51 11 71 4 96 11 26 82 78 71 20 57 27 64 71 79
13 83 23 11 10 36 3 54 32 33 80 16 24 83 89 74 25 87 43 73
87 26 53 15 62 46 99 1 39 39 23 27 6 36 69 26 51 36 63 64
15 67 15 45 7 23 77 35 84 68 88 25 52 55 20 20 90 66 27 94
18 79 5 16 31 76 21 9 33 36 93 67 55 52 47 98 2 83 98 91
55 73 42 52 84 3 29 51 38 31 98 31 69 68 91 77 94 27 49 28
17 93 34 38 43 37 28 4 17 89 52 29 7 54 57 16 23 45 76 77
45 76 52 36 49 86 71 64 35 42 16 74 74 44 24 57 50 45 46 24
3 40 26 19 6 39 2 86 46 60 21 96 20 84 46 60 34 8 27 96
78 94 57 70 26 86 46 40 19 71 45 44 61 34 56 34 19 38 96 55
91 17 28 42 88 99 71 98 75 11 79 14 77 81 45 94 88 72 36 92
52 1 18 77 24 26 70 36 32 63 49 47 7 75 11 64 83 92 62 31
32 78 71 78 4 4 93 44 41 23 99 64 37 35 75 84 55 95 54 61
4 3 5 4 39 27 62 72 25 86 5 41 26 34 8 45 47 73 3 9
51 39 69 57 80 49 99 46 75 72 51 74 8 34 82 27 6 15 27 65
75 47 18 70 87 69 39 14 28 75 41 16 29 46 70 43 72 16 62 23
75 41 94 71 17 69 94 58 82 11 27 45 29 4 96 94 18 8 58 14
68 7 66 95 12 38 29 36 78 67 32 96 73 32 89 50 43 58 75 13
54 81 84 69 6 45 94 41 72 22 35 89 60 69 9 42 14 61 8 31
51 64 23 68 12 2 44 73 51 47 18 83 72 15 68 82 79 55 82 47
29 37 66 97 7 71 72 19 69 41 70 37 93 41 73 61 73 53 9 69
96 39 15 29 93 76 97 78 70 22 35 49 75 33 21 68 61 21 84 41
19 88 93 50 35 59 40 2 21 77 21 71 82 14 12 10 96 83 82 6
55 70 34 21 55 94 6 94 99 15 25 27 16 63 52 22 64 54 69 88
63 94 71 1 40 27 48 13 91 64 91 54 65 3 83 5 87 96 94 93
73 23 61 63 49 97 8 57 63 42 69 25 46 64 2 77 24 58 35 2
75 29 19 41 34 23 22 97 73 73 42 94 4 52 97 46 50 87 90 22
72 68 58 98 84 77 3 16 92 10 22 92 88 2 32 43 94 75 94 5
71 95 21 28 45 59 44 30 82 53 54 21 90 29 37 97 43 7 35 6
28 31 54 7 75 9 39 11 81 6 50 2 7 30 47 17 83 77 73 23
45 76 73 17 43 92 61 73 73 9 70 57 51 49 47 11 15 83 16 28
76 35 49 36 94 21 25 31 98 57 35 43 51 66 97 17 43 17 73 54
79 68 3 93 61 66 61 42 48 49 46 46 11 10 69 2 23 83 92 58
81 28 38 26 50 92 16 53 10 20 99 80 42 63 10 66 28 85 54 22
13 48 85 65 17 7 89 11 90 88 47 77 56 39 21 41 12 46 62 86
9 33 4 63 14 35 15 8 60 82 11 32 73 40 92 63 82 65 2 50
48 90 49 71 19 24 69 16 80 70 42 61 65 52 2 58 85 60 44 8
85 34 84 71 85 56 88 69 29 63 39 21 72 63 60 41 23 77 13 55
68 28 30 74 8 87 49 23 87 37 12 75 27 15 94 18 53 20 53 1
9 60 70 86 91 52 94 22 35 22 73 16 49 16 73 16 46 45 51 37
60 33 60 81 72 86 54 77 6 50 43 73 59 48 2 91 14 9 47 53
77 93 9 28 59 72 3 11 94 92 15 84 44 97 40 48 31 5 56 20
71 17 11 12 73 97 41 25 33 9 34 85 40 56 51 79 14 2 4 31
3 84 95 62 27 47 41 26 4 13 95 54 90 18 93 46 80 35 45 67
75 84 99 98 72 51 19 92 32 75 2 73 51 81 58 36 2 43 89 99
78 17 94 48 96 6 36 54 68 1 39 6 50 26 8 8 78 3 67 21
64 86 63 71 64 88 6 78 57 3 46 39 1 31 19 48 93 51 76 45
55 97 81 35 75 5 96 13 47 77 27 65 59 86 38 35 68 92 73 81
20 70 17 27 78 58 42 26 72 32 46 72 99 39 76 82 88 37 41 86
19 84 1 36 54 98 4 59 93 45 28 32 92 28 42 60 5 33 32 2
53 83 72 47 70 13 41 53 66 56 65 40 23 21 14 43 75 4 79 64
45 3 24 99 26 3 41 22 44 92 75 94 61 41 44 16 60 80 83 71
71 3 52 10 40 63 42 76 61 35 99 78 69 65 41 78 21 82 73 97
99 58 67 30 59 93 51 64 76 71 62 41 31 2 98 33 46 85 85 50
75 67 94 3 5 51 77 6 80 95 66 83 52 11 34 20 13 31 5 70
59 45 79 46 45 55 24 84 11 15 91 27 64 35 12 5 21 77 10 95
15 55 91 21 90 13 45 7 86 70 93 24 72 96 26 33 68 63 98 64
76 20 58 37 27 81 59 9 85 58 36 18 21 13 17 32 18 58 82 67
33 43 76 41 92 71 68 91 47 69 14 60 7 63 70 61 21 38 34 46
36 33 19 2 2 21 56 7 99 82 53 13 84 6 72 46 40 92 15 41
44 77 13 74 30 45 28 94 22 2 79 15 19 14 80 90 4 34 69 63
41 91 33 17 5 79 41 47 50 21 34 68 6 96 16 55 23 88 54 47
37 81 98 91 54 91 23 31 12 32 53 3 67 64 94 95 89 79 94 27
2 13 61 30 3 58 29 30 4 10 42 49 3 57 40 54 3 94 13 54
43 13 13 29 36 28 12 77 36 85 29 81 75 80 56 45 25 26 70 18
50 98 41 95 21 96 71 59 69 85 67 45 12 25 20 72 61 15 32 77
57 49 93 23 41 44 82 30 49 79 52 56 23 41 26 86 44 7 78 1
23 95 43 87 90 66 52 35 78 18 38 10 39 64 84 36 18 94 47 59
60 11 43 67 43 60 33 73 54 61 87 78 67 33 77 38 44 69 22 73
59 91 47 15 6 18 35 4 82 15 86 22 59 28 86 37 9 48 31 52
29 3 13 80 88 44 61 47 95 49 1 3 33 76 54 17 24 75 41 75
5 63 69 69 28 79 85 95 59 84 99 46 11 34 79 60 71 78 57 34
27 7 35 29 4 21 40 6 90 48 66 44 24 33 49 50 26 90 97 54
88 9 16 65 17 69 25 83 75 59 96 1 33 83 9 85 26 24 40 60
67 25 11 71 51 31 50 7 5 5 99 28 6 79 69 39 99 24 90 92
17 74 10 23 33 88 91 74 97 41 37 42 61 20 33 89 54 4 76 33
40 17 39 8 71 61 84 59 28 1 24 24 49 29 52 1 83 20 31 78
3 52 11 76 6 88 37 60 52 24 46 35 61 25 94 92 73 5 65 20
64 79 91 5 69 48 95 29 16 19 54 19 59 71 45 54 21 44 42 70
92 52 24 7 81 34 88 25 24 85 76 13 27 1 56 85 81 31 66 11
27 44 74 81 70 47 97 44 67 28 84 26 69 48 93 63 91 98 22 95
20 42 94 1 14 45 78 92 54 23 95 61 15 71 4 40 70 59 70 88
82 93 3 60 99 19 96 95 39 43 35 64 1 6 19 82 9 11 9 17
40 99 73 46 19 81 53 87 48 16 93 26 53 92 96 42 49 26 73 64
96 60 61 84 76 72 74 80 23 24 66 25 65 43 15 55 34 63 81 59
82 48 84 65 91 35 46 18 62 49 95 89 29 32 61 43 8 77 68 64
7 61 34 26 27 40 20 11 51 72 64 53 25 67 48 28 77 12 65 16
78 41 97 3 29 18 49 28 51 45 50 90 35 3 88 19 26 67 33 87
91 42 46 5 22 15 39 76 35 61 36 85 81 53 87 30 84 77 5 3
82 53 76 2 94 28 26 88 14 70 82 97 26 60 76 77 97 17 55 87
79 12 89 79 86 92 82 48 32 68 70 41 35 33 81 28 67 74 79 9
79 86 15 80 48 18 21 58 63 82 46 98 3 62 48 58 59 10 42 94
28 3 55 92 99 98 41 45 12 91 99 29 81 47 36 10 12 84 3 23
41 33 92 24 80 72 36 21 51 96 19 1 17 64 60 89 83 35 78 99
9 2 34 1 96 13 48 83 44 10 57 50 4 26 52 54 90 51 11 38
91 46 30 57 42 14 11 58 71 42 29 50 73 74 28 66 73 20 20 19
38 75 9 75 31 78 82 77 17 69 26 29 25 27 58 16 54 20 51 37
50 25 79 28 9 51 33 82 73 21 13 22 77 21 47 12 61 60 4 73
91 31 41 85 87 90 90 26 17 85 17 47 66 94 11 70 98 88 9 47
80 20 48 10 71 63 49 87 41 93 95 48 12 82 23 6 53 97 17 58
24 81 85 15 61 30 13 93 6 1 69 17 80 95 11 53 54 5 49 46
68 6 77 64 29 1 93 39 49 98 56 62 75 38 92 45 75 27 29 54
# P_hat : m1 | m2 | m3 | m4 | m5 | m6 | m7 | m8 | m9 | m10 | m11 | m12 | m13 | m14 | m15 | m16 | m17 | m18 | m19 | m20
20.10 26.40 19.50 24.90 19.20 9.90 12.60 12.90 26.10 1.20 4.20 2.10 3.90 8.70 22.20 2.10 3.00 20.10 24.00 13.20
21.00 21.90 28.80 7.50 15.30 21.90 2.70 25.80 3.90 3.00 26.10 6.00 15.30 3.90 14.70 8.40 7.20 3.90 23.10 18.60
11.70 6.90 0.90 28.50 2.70 12.00 8.40 29.10 27.60 0.60 14.10 17.40 27.30 2.70 15.00 28.20 20.10 7.80 9.90 18.00
7.50 28.20 12.90 3.00 4.80 22.50 22.50 10.20 14.10 15.30 22.50 6.90 25.50 7.20 21.90 26.10 9.60 12.30 28.50 25.20
12.90 2.70 26.70 10.80 23.40 0.30 4.20 0.30 24.90 4.50 3.60 21.90 3.00 5.70 26.40 25.80 18.00 2.10 8.10 11.40
12.90 19.20 6.00 6.90 25.50 4.80 16.50 5.10 2.70 8.10 8.70 28.80 12.60 11.40 7.50 3.30 13.50 22.80 4.20 21.00
3.00 18.00 3.30 28.80 17.10 20.70 11.10 10.50 29.10 10.80 3.00 20.10 17.70 20.40 10.50 15.00 22.50 15.60 24.00 2.10
12.30 19.50 10.80 2.10 5.40 21.90 19.80 15.30 15.90 9.30 3.30 24.60 9.00 16.80 26.40 10.50 15.90 21.90 21.90 12.30
21.00 15.90 15.60 6.30 8.40 29.40 7.50 17.10 13.20 2.40 26.40 23.70 2.10 20.10 21.90 5.70 7.50 20.70 17.40 17.40
11.70 27.90 21.60 4.80 7.50 12.00 19.50 5.10 28.20 14.40 29.40 9.30 8.40 1.80 16.50 28.80 26.40 17.70 2.40 6.90
1.20 20.70 2.40 9.60 2.40 3.60 23.70 5.40 25.20 10.20 13.50 13.20 12.00 22.20 21.60 21.30 12.30 9.30 10.20 27.30
26.70 22.50 9.00 13.50 15.00 28.80 1.80 10.80 28.50 10.50 5.70 11.10 26.40 28.20 25.80 16.50 21.90 1.80 29.70 23.40
24.90 15.00 9.00 25.50 6.30 2.40 8.10 7.80 1.80 28.50 14.70 24.00 27.60 8.10 5.10 4.50 27.00 29.70 24.60 19.20
14.40 27.30 6.00 24.30 13.20 12.60 13.50 28.50 17.70 5.70 8.10 11.40 0.30 17.70 28.80 23.70 27.60 9.60 27.90 11.40
12.30 7.50 24.60 24.30 25.50 15.60 26.10 17.40 17.40 14.10 8.10 24.00 6.60 7.20 23.40 15.30 17.70 4.50 22.50 23.70
26.40 20.10 27.60 0.90 27.00 26.10 25.50 22.50 4.80 9.30 29.10 2.10 0.90 25.50 6.00 16.20 21.60 10.80 6.30 13.50
11.70 5.70 19.80 12.90 26.70 25.20 15.00 23.10 7.50 5.40 26.70 26.10 12.60 8.40 2.70 7.80 26.70 12.30 12.90 9.00
28.80 6.30 29.10 9.90 10.50 20.10 26.10 2.70 5.70 12.60 25.80 0.90 18.90 24.30 16.20 24.00 3.60 18.60 0.30 6.00
15.30 11.10 23.40 20.10 24.00 16.20 7.20 7.80 4.80 20.10 19.50 10.20 9.90 24.60 9.30 17.10 12.90 9.30 26.10 4.80
28.50 8.10 15.90 16.80 28.20 9.90 9.60 8.10 6.90 29.10 23.70 26.70 29.70 6.90 9.90 10.20 9.00 15.60 27.30 24.00
21.90 4.80 12.00 1.80 14.40 10.80 8.70 3.90 8.70 27.30 5.70 28.50 23.70 27.00 6.60 27.90 9.90 23.70 28.50 27.90
19.50 9.30 14.40 12.60 28.50 11.10 9.90 16.80 20.70 24.00 22.80 2.70 16.50 2.10 16.50 3.60 15.30 22.20 19.80 6.00
17.40 9.90 6.00 0.30 21.00 22.20 25.20 18.90 17.70 21.00 25.50 7.20 15.60 15.00 4.80 22.80 0.60 7.20 25.20 1.20
9.30 15.60 4.20 29.40 10.20 21.00 12.90 20.70 28.20 7.80 8.10 10.80 8.70 11.10 4.80 8.40 3.30 12.00 16.80 15.60
11.10 21.00 12.60 5.70 23.10 12.60 6.60 19.80 21.90 9.60 29.40 5.70 0.60 12.00 20.10 23.70 13.50 29.40 9.60 21.90
20.70 8.10 5.70 13.20 4.80 0.30 24.30 0.90 2.70 6.60 26.10 29.70 12.60 28.20 2.40 12.60 19.80 12.60 25.50 2.70
5.40 1.20 18.90 3.00 5.40 6.00 6.30 16.20 13.50 6.90 13.80 17.40 29.10 12.00 5.40 15.00 8.70 6.30 6.60 15.00
18.60 13.80 23.70 18.90 20.40 6.60 4.20 24.60 6.00 17.40 24.30 9.60 3.90 28.80 22.80 23.10 8.40 21.00 23.10 23.40
4.20 15.60 7.80 29.40 5.40 17.10 1.20 11.40 4.80 24.60 13.80 22.20 26.40 14.10 15.90 12.30 1.80 19.20 29.10 12.30
8.10 3.60 3.00 22.80 27.60 5.70 8.70 18.30 16.80 8.40 9.60 14.70 5.40 29.70 12.60 9.60 25.20 25.20 5.40 27.00
5.10 9.00 15.30 8.70 10.80 6.30 12.30 4.80 4.20 3.90 16.20 5.10 2.10 23.40 12.90 29.40 7.80 27.60 11.70 19.50
27.90 8.40 22.20 17.70 0.60 14.70 3.90 0.90 6.60 27.60 14.70 27.30 15.90 21.30 7.20 11.40 26.40 7.20 1.50 5.40
4.20 3.60 10.80 19.50 4.20 29.10 22.50 22.20 10.50 25.80 20.70 8.70 2.40 2.10 5.40 1.50 25.80 23.40 6.00 26.10
28.50 4.20 13.50 17.10 17.40 26.40 6.60 9.90 17.40 19.20 19.80 0.90 0.60 10.50 23.70 20.70 5.40 5.40 7.80 29.10
20.40 19.50 9.00 22.20 8.70 13.20 2.70 17.10 25.80 20.70 28.80 16.80 25.50 20.10 29.10 13.20 26.40 3.90 15.60 3.00
27.00 20.70 28.20 22.20 23.70 5.10 12.60 25.80 10.80 3.00 3.90 2.40 11.10 27.90 9.30 16.20 21.00 18.60 12.30 22.50
29.70 6.30 20.10 6.60 6.60 1.20 25.20 6.60 6.90 21.60 27.90 6.30 6.90 0.30 15.60 13.80 9.90 11.40 8.70 28.20
12.00 4.50 0.30 21.30 2.10 16.80 13.20 18.30 22.20 13.50 18.60 10.80 21.60 15.00 15.60 16.20 7.80 8.40 6.30 26.40
3.30 27.60 21.60 10.80 8.70 2.40 8.40 4.80 0.90 25.20 15.00 11.10 0.90 5.40 21.90 3.30 16.20 16.80 3.60 9.00
0.60 22.20 11.40 18.90 13.50 21.90 5.70 9.60 16.80 10.20 22.50 4.50 6.90 26.40 8.10 23.40 10.20 19.50 23.10 8.70
20.70 23.10 22.80 21.60 13.50 18.90 24.90 1.50 13.20 1.20 16.50 0.30 9.90 27.30 1.20 11.70 26.40 13.80 26.10 3.60
27.60 3.30 2.40 18.30 12.30 4.80 2.40 28.80 18.90 21.00 17.40 19.50 28.20 26.40 20.10 6.90 21.60 0.30 28.20 16.20
15.00 28.50 21.00 10.20 3.00 15.90 3.30 21.30 10.50 26.10 1.50 15.60 14.40 21.60 21.00 9.00 28.20 29.40 11.70 8.40
16.50 0.60 9.30 23.40 16.50 1.50 27.30 17.70 10.20 20.70 12.00 23.10 3.00 29.70 8.40 21.00 27.30 20.10 23.10 9.90
8.40 1.20 3.90 18.30 24.90 9.60 3.00 13.80 18.60 12.90 11.70 0.90 13.50 1.20 0.60 6.30 24.00 18.30 19.20 22.50
16.20 15.00 13.20 16.80 5.70 24.30 6.60 26.40 23.40 23.10 1.50 24.90 6.00 8.10 27.60 11.70 12.00 11.10 7.20 18.00
29.40 11.40 23.10 13.20 11.70 8.70 24.90 17.70 0.30 19.80 11.70 5.10 21.60 6.60 15.00 27.30 8.10 10.80 17.40 21.60
12.60 26.40 0.90 9.30 10.20 9.00 16.50 4.50 12.90 27.00 18.00 29.40 25.50 10.80 29.40 12.00 12.30 16.20 29.40 19.80
27.90 23.10 19.20 18.90 23.70 7.80 27.90 3.60 22.50 27.60 26.10 29.10 6.30 9.00 3.30 28.20 8.40 5.10 12.60 3.30
14.40 16.20 13.80 6.60 11.70 10.50 4.20 17.70 2.10 25.80 15.60 3.90 2.10 0.30 23.70 1.80 23.10 20.40 15.60 0.60
23.70 21.60 22.20 22.20 6.60 3.00 15.90 21.60 3.30 15.00 7.50 9.90 25.50 19.50 28.50 23.10 12.90 12.30 2.70 13.20
16.50 17.70 24.30 26.40 25.80 11.40 6.00 19.20 4.80 24.90 3.30 21.00 1.80 17.10 2.40 5.10 15.30 7.50 10.80 21.90
8.70 22.80 2.40 7.50 20.70 26.40 10.20 7.50 20.10 8.70 12.00 3.30 9.00 27.00 21.90 14.40 24.60 9.00 23.40 15.60
29.40 28.80 25.80 26.70 4.50 28.80 21.60 6.30 20.70 0.30 18.60 13.20 12.60 19.80 11.10 5.10 1.50 20.40 12.60 9.00
7.20 24.90 8.70 22.50 4.80 21.00 3.30 12.30 13.20 3.60 4.50 3.00 21.60 5.10 9.60 25.80 8.10 19.80 7.20 18.60
14.40 6.30 12.60 7.80 9.30 26.70 12.90 10.80 19.20 3.60 27.60 12.90 17.10 20.70 5.40 22.20 27.30 8.70 4.80 3.60
9.90 26.10 18.60 27.30 25.50 16.80 12.60 6.30 9.90 29.40 1.50 12.30 1.50 18.30 28.50 13.50 21.90 8.10 27.90 26.10
25.80 16.80 12.60 6.30 8.10 24.90 8.40 15.60 28.50 9.30 9.90 14.70 24.60 23.10 24.00 27.90 4.50 26.10 4.80 8.10
8.40 22.50 21.90 24.30 3.00 29.70 17.10 20.10 20.70 21.60 9.00 7.50 16.20 12.90 3.30 24.00 19.80 28.50 8.10 4.50
21.30 15.00 28.50 0.90 26.70 29.70 22.50 27.60 9.00 6.30 22.80 19.20 26.10 2.10 0.90 0.30 26.10 2.70 4.50 17.10
13.80 25.50 2.40 22.80 17.40 24.60 8.70 29.10 0.90 26.10 4.50 18.90 21.00 10.20 1.80 12.00 29.70 4.20 6.00 19.50
27.30 6.60 7.80 3.00 28.80 20.10 19.20 16.20 12.30 3.00 10.80 18.00 27.60 26.70 16.50 17.70 5.40 0.90 28.20 11.40
1.50 12.60 22.20 28.50 21.30 9.60 20.70 0.60 4.50 17.70 6.90 26.10 4.20 22.50 20.70 29.10 16.80 6.90 9.60 27.60
17.40 9.90 11.10 27.90 26.70 13.50 23.40 25.80 10.80 28.80 2.10 5.40 7.50 24.30 24.90 29.40 1.20 15.60 25.50 1.50
2.10 19.50 26.40 0.30 7.50 29.10 26.40 18.00 15.00 17.40 25.20 11.70 26.10 24.30 26.70 15.00 15.30 7.20 23.10 1.50
29.70 28.20 6.30 25.50 5.40 12.90 26.10 6.30 13.50 8.40 14.70 24.00 23.70 9.60 6.00 10.20 8.40 6.30 29.10 0.30
8.40 27.60 9.30 18.90 0.90 26.10 15.00 10.20 15.00 15.00 20.10 3.00 9.60 10.20 16.50 24.60 13.50 12.60 4.80 10.20
18.00 16.50 16.20 27.30 8.70 6.60 6.30 6.30 4.20 0.90 29.40 5.40 26.40 23.10 9.30 1.50 24.30 20.10 9.00 15.00
4.50 6.00 2.70 16.80 22.20 17.10 22.50 29.40 25.80 25.80 23.40 7.50 2.70 17.70 19.50 2.70 1.20 28.20 26.10 19.80
6.60 1.50 13.80 0.60 3.00 21.30 12.30 15.60 4.50 23.40 16.80 19.80 1.80 9.60 19.80 5.10 3.90 4.50 10.20 14.10
21.00 24.30 2.70 18.30 17.70 6.00 3.30 24.90 24.90 20.70 10.80 8.40 18.00 15.60 7.80 13.50 15.00 15.90 12.00 2.40
8.40 20.40 1.50 21.60 16.50 18.90 14.70 12.00 23.10 15.60 1.20 14.10 14.70 18.90 23.70 6.90 26.70 19.50 8.10 26.40
25.50 8.70 9.00 15.00 15.30 15.60 15.90 1.80 12.30 13.80 29.70 25.80 13.20 2.10 17.10 10.80 12.30 29.40 21.90 24.60
13.20 6.60 17.70 26.70 20.10 11.70 14.70 1.80 17.40 27.90 12.60 4.50 24.90 22.50 27.60 4.50 10.50 3.00 14.10 22.50
21.30 3.30 12.30 12.90 14.40 12.60 6.30 11.40 7.80 22.50 24.30 0.60 18.90 11.10 26.70 24.90 24.90 15.60 17.10 13.80
12.90 1.50 1.20 25.50 14.10 7.80 15.30 18.30 28.20 3.90 22.80 19.20 17.40 0.90 2.70 25.20 7.50 3.00 19.20 29.70
12.00 15.00 9.60 25.20 16.20 6.60 2.10 5.40 23.10 18.30 5.40 28.80 11.70 19.50 1.20 27.30 29.40 9.60 22.80 2.40
0.60 29.40 17.40 27.60 21.60 17.70 11.10 8.40 28.50 22.80 13.20 23.70 10.20 1.80 26.10 19.20 28.80 9.60 27.00 13.50
23.70 8.40 25.20 16.20 4.50 25.50 26.40 29.40 14.10 18.90 20.40 14.10 6.90 8.10 27.00 12.30 13.80 15.00 14.40 28.50
4.80 6.90 23.70 19.80 3.00 27.90 15.30 4.80 3.60 29.70 21.60 4.20 22.20 6.60 20.10 29.40 19.50 25.50 20.70 14.70
18.00 8.40 13.50 22.20 17.70 19.50 23.70 5.10 29.10 17.10 20.10 14.10 11.70 1.80 24.00 18.60 1.80 3.00 4.80 3.60
10.20 23.10 10.50 11.40 24.90 14.10 25.20 11.40 22.20 17.40 21.30 25.50 27.60 11.40 2.40 18.60 1.20 9.90 18.60 27.00
12.60 16.20 12.60 7.80 1.20 0.30 11.10 7.80 7.20 11.10 17.10 2.70 6.30 4.80 13.80 28.20 6.00 11.40 16.20 27.90
28.20 21.60 1.20 21.60 19.20 4.50 21.90 17.10 3.90 29.70 25.80 16.80 6.90 17.40 28.80 14.40 16.20 6.30 6.60 20.10
9.60 14.40 8.70 1.20 20.70 6.00 16.50 3.90 21.30 24.30 23.40 22.20 1.20 15.60 5.70 6.30 7.80 27.60 19.20 12.90
5.70 11.70 23.10 0.30 12.00 15.90 7.80 0.90 5.70 4.80 9.60 0.60 26.10 2.40 28.80 21.90 8.70 21.00 18.60 6.60
20.70 27.90 10.80 14.10 10.20 9.60 4.80 16.20 25.50 13.20 28.50 1.80 18.90 14.40 27.30 22.50 22.50 21.00 4.20 2.40
14.70 28.20 15.60 23.70 23.40 10.50 19.50 5.10 14.70 16.80 16.50 24.00 29.70 27.90 17.40 11.70 5.10 25.50 28.80 2.70
24.60 27.30 9.90 7.20 23.40 6.00 13.80 9.60 29.70 20.40 4.20 4.20 26.10 22.80 26.70 13.20 26.40 21.60 6.60 16.20
15.90 18.00 7.20 27.30 16.80 24.00 23.70 26.70 13.50 19.20 16.50 18.00 15.30 6.00 1.80 13.80 15.60 28.80 20.10 17.40
0.60 21.90 5.40 21.30 18.90 26.10 10.20 11.40 21.60 15.60 15.00 20.70 27.30 27.30 15.00 9.30 24.60 11.70 27.60 15.60
28.20 15.60 7.20 15.00 5.10 6.60 21.00 9.90 10.20 23.40 23.70 7.50 6.60 12.30 3.30 14.40 6.90 0.90 4.20 17.70
25.50 4.50 27.00 18.00 0.90 6.60 18.30 16.20 1.50 24.90 6.00 9.00 16.20 27.60 17.40 5.70 9.90 4.20 16.20 9.30
7.20 18.00 13.80 21.30 8.70 27.30 7.20 4.80 0.60 13.20 14.10 15.00 11.10 29.10 15.90 16.50 21.00 20.40 27.90 26.10
3.90 22.50 3.00 22.50 22.50 2.40 16.20 4.80 0.30 2.40 18.60 23.70 0.90 23.40 0.30 10.80 20.10 24.90 3.30 21.60
6.30 26.10 9.60 6.00 0.60 26.40 11.10 29.40 25.80 6.60 25.80 0.30 29.70 3.90 3.60 25.80 24.00 24.30 24.30 25.50
15.90 0.90 5.40 12.90 23.40 9.30 25.50 2.10 0.90 21.90 21.00 0.90 28.80 28.20 17.40 8.40 9.90 4.80 27.60 9.90
18.60 0.90 13.50 2.10 13.20 10.80 9.90 7.50 10.50 3.60 20.70 3.00 20.10 5.10 2.40 23.40 17.40 27.90 14.40 10.80
16.20 6.60 15.90 3.30 15.30 3.30 21.30 1.20 28.80 3.30 7.80 24.60 23.40 21.30 6.00 17.10 8.10 19.20 21.30 23.70
3.90 24.90 6.90 3.30 3.00 10.80 0.90 16.20 9.60 9.90 24.00 4.80 7.20 24.90 26.70 22.20 7.50 26.10 12.90 21.90
26.10 7.80 15.90 4.50 18.60 13.80 29.70 0.30 11.70 11.70 6.90 8.10 1.80 10.80 20.70 7.80 15.30 10.80 18.90 19.20
4.50 20.10 4.50 13.50 2.10 6.90 23.10 10.50 25.20 20.40 26.40 7.50 15.60 16.50 6.00 6.00 27.00 19.80 8.10 28.20
5.40 23.70 1.50 4.80 9.30 22.80 6.30 2.70 9.90 10.80 27.90 20.10 16.50 15.60 14.10 29.40 0.60 24.90 29.40 27.30
16.50 21.90 12.60 15.60 25.20 0.90 8.70 15.30 11.40 9.30 29.40 9.30 20.70 20.40 27.30 23.10 28.20 8.10 14.70 8.40
5.10 27.90 10.20 11.40 12.90 11.10 8.40 1.20 5.10 26.70 15.60 8.70 2.10 16.20 17.10 4.80 6.90 13.50 22.80 23.10
13.50 22.80 15.60 10.80 14.70 25.80 21.30 19.20 10.50 12.60 4.80 22.20 22.20 13.20 7.20 17.10 15.00 13.50 13.80 7.20
0.90 12.00 7.80 5.70 1.80 11.70 0.60 25.80 13.80 18.00 6.30 28.80 6.00 25.20 13.80 18.00 10.20 2.40 8.10 28.80
23.40 28.20 17.10 21.00 7.80 25.80 13.80 12.00 5.70 21.30 13.50 13.20 18.30 10.20 16.80 10.20 5.70 11.40 28.80 16.50
27.30 5.10 8.40 12.60 26.40 29.70 21.30 29.40 22.50 3.30 23.70 4.20 23.10 24.30 13.50 28.20 26.40 21.60 10.80 27.60
15.60 0.30 5.40 23.10 7.20 7.80 21.00 10.80 9.60 18.90 14.70 14.10 2.10 22.50 3.30 19.20 24.90 27.60 18.60 9.30
9.60 23.40 21.30 23.40 1.20 1.20 27.90 13.20 12.30 6.90 29.70 19.20 11.10 10.50 22.50 25.20 16.50 28.50 16.20 18.30
1.20 0.90 1.50 1.20 11.70 8.10 18.60 21.60 7.50 25.80 1.50 12.30 7.80 10.20 2.40 13.50 14.10 21.90 0.90 2.70
15.30 11.70 20.70 17.10 24.00 14.70 29.70 13.80 22.50 21.60 15.30 22.20 2.40 10.20 24.60 8.10 1.80 4.50 8.10 19.50
22.50 14.10 5.40 21.00 26.10 20.70 11.70 4.20 8.40 22.50 12.30 4.80 8.70 13.80 21.00 12.90 21.60 4.80 18.60 6.90
22.50 12.30 28.20 21.30 5.10 20.70 28.20 17.40 24.60 3.30 8.10 13.50 8.70 1.20 28.80 28.20 5.40 2.40 17.40 4.20
20.40 2.10 19.80 28.50 3.60 11.40 8.70 10.80 23.40 20.10 9.60 28.80 21.90 9.60 26.70 15.00 12.90 17.40 22.50 3.90
16.20 24.30 25.20 20.70 1.80 13.50 28.20 12.30 21.60 6.60 10.50 26.70 18.00 20.70 2.70 12.60 4.20 18.30 2.40 9.30
15.30 19.20 6.90 20.40 3.60 0.60 13.20 21.90 15.30 14.10 5.40 24.90 21.60 4.50 20.40 24.60 23.70 16.50 24.60 14.10
8.70 11.10 19.80 29.10 2.10 21.30 21.60 5.70 20.70 12.30 21.00 11.10 27.90 12.30 21.90 18.30 21.90 15.90 2.70 20.70
28.80 11.70 4.50 8.70 27.90 22.80 29.10 23.40 21.00 6.60 10.50 14.70 22.50 9.90 6.30 20.40 18.30 6.30 25.20 12.30
5.70 26.40 27.90 15.00 10.50 17.70 12.00 0.60 6.30 23.10 6.30 21.30 24.60 4.20 3.60 3.00 28.80 24.90 24.60 1.80
16.50 21.00 10.20 6.30 16.50 28.20 1.80 28.20 29.70 4.50 7.50 8.10 4.80 18.90 15.60 6.60 19.20 16.20 20.70 26.40
18.90 28.20 21.30 0.30 12.00 8.10 14.40 3.90 27.30 19.20 27.30 16.20 19.50 0.90 24.90 1.50 26.10 28.80 28.20 27.90
21.90 6.90 18.30 18.90 14.70 29.10 2.40 17.10 18.90 12.60 20.70 7.50 13.80 19.20 0.60 23.10 7.20 17.40 10.50 0.60
22.50 8.70 5.70 12.30 10.20 6.90 6.60 29.10 21.90 21.90 12.60 28.20 1.20 15.60 29.10 13.80 15.00 26.10 27.00 6.60
21.60 20.40 17.40 29.40 25.20 23.10 0.90 4.80 27.60 3.00 6.60 27.60 26.40 0.60 9.60 12.90 28.20 22.50 28.20 1.50
21.30 28.50 6.30 8.40 13.50 17.70 13.20 9.00 24.60 15.90 16.20 6.30 27.00 8.70 11.10 29.10 12.90 2.10 10.50 1.80
8.40 9.30 16.20 2.10 22.50 2.70 11.70 3.30 24.30 1.80 15.00 0.60 2.10 9.00 14.10 5.10 24.90 23.10 21.90 6.90
13.50 22.80 21.90 5.10 12.90 27.60 18.30 21.90 21.90 2.70 21.00 17.10 15.30 14.70 14.10 3.30 4.50 24.90 4.80 8.40
22.80 10.50 14.70 10.80 28.20 6.30 7.50 9.30 29.40 17.10 10.50 12.90 15.30 19.80 29.10 5.10 12.90 5.10 21.90 16.20
23.70 20.40 0.90 27.90 18.30 19.80 18.30 12.60 14.40 14.70 13.80 13.80 3.30 3.00 20.70 0.60 6.90 24.90 27.60 17.40
24.30 8.40 11.40 7.80 15.00 27.60 4.80 15.90 3.00 6.00 29.70 24.00 12.60 18.90 3.00 19.80 8.40 25.50 16.20 6.60
3.90 14.40 25.50 19.50 5.10 2.10 26.70 3.30 27.00 26.40 14.10 23.10 16.80 11.70 6.30 12.30 3.60 13.80 18.60 25.80
2.70 9.90 1.20 18.90 4.20 10.50 4.50 2.40 18.00 24.60 3.30 9.60 21.90 12.00 27.60 18.90 24.60 19.50 0.60 15.00
14.40 27.00 14.70 21.30 5.70 7.20 20.70 4.80 24.00 21.00 12.60 18.30 19.50 15.60 0.60 17.40 25.50 18.00 13.20 2.40
25.50 10.20 25.20 21.30 25.50 16.80 26.40 20.70 8.70 18.90 11.70 6.30 21.60 18.90 18.00 12.30 6.90 23.10 3.90 16.50
20.40 8.40 9.00 22.20 2.40 26.10 14.70 6.90 26.10 11.10 3.60 22.50 8.10 4.50 28.20 5.40 15.90 6.00 15.90 0.30
2.70 18.00 21.00 25.80 27.30 15.60 28.20 6.60 10.50 6.60 21.90 4.80 14.70 4.80 21.90 4.80 13.80 13.50 15.30 11.10
18.00 9.90 18.00 24.30 21.60 25.80 16.20 23.10 1.80 15.00 12.90 21.90 17.70 14.40 0.60 27.30 4.20 2.70 14.10 15.90
23.10 27.90 2.70 8.40 17.70 21.60 0.90 3.30 28.20 27.60 4.50 25.20 13.20 29.10 12.00 14.40 9.30 1.50 16.80 6.00
21.30 5.10 3.30 3.60 21.90 29.10 12.30 7.50 9.90 2.70 10.20 25.50 12.00 16.80 15.30 23.70 4.20 0.60 1.20 9.30
0.90 25.20 28.50 18.60 8.10 14.10 12.30 7.80 1.20 3.90 28.50 16.20 27.00 5.40 27.90 13.80 24.00 10.50 13.50 20.10
22.50 25.20 29.70 29.40 21.60 15.30 5.70 27.60 9.60 22.50 0.60 21.90 15.30 24.30 17.40 10.80 0.60 12.90 26.70 29.70
23.40 5.10 28.20 14.40 28.80 1.80 10.80 16.20 20.40 0.30 11.70 1.80 15.00 7.80 2.40 2.40 23.40 0.90 20.10 6.30
19.20 25.80 18.90 21.30 19.20 26.40 1.80 23.40 17.10 0.90 13.80 11.70 0.30 9.30 5.70 14.40 27.90 15.30 22.80 13.50
16.50 29.10 24.30 10.50 22.50 1.50 28.80 3.90 14.10 23.10 8.10 19.50 17.70 25.80 11.40 10.50 20.40 27.60 21.90 24.30
6.00 21.00 5.10 8.10 23.40 17.40 12.60 7.80 21.60 9.60 13.80 21.60 29.70 11.70 22.80 24.60 26.40 11.10 12.30 25.80
5.70 25.20 0.30 10.80 16.20 29.40 1.20 17.70 27.90 13.50 8.40 9.60 27.60 8.40 12.60 18.00 1.50 9.90 9.60 0.60
15.90 24.90 21.60 14.10 21.00 3.90 12.30 15.90 19.80 16.80 19.50 12.00 6.90 6.30 4.20 12.90 22.50 1.20 23.70 19.20
13.50 0.90 7.20 29.70 7.80 0.90 12.30 6.60 13.20 27.60 22.50 28.20 18.30 12.30 13.20 4.80 18.00 24.00 24.90 21.30
21.30 0.90 15.60 3.00 12.00 18.90 12.60 22.80 18.30 10.50 29.70 23.40 20.70 19.50 12.30 23.40 6.30 24.60 21.90 29.10
29.70 17.40 20.10 9.00 17.70 27.90 15.30 19.20 22.80 21.30 18.60 12.30 9.30 0.60 29.40 9.90 13.80 25.50 25.50 15.00
22.50 20.10 28.20 0.90 1.50 15.30 23.10 1.80 24.00 28.50 19.80 24.90 15.60 3.30 10.20 6.00 3.90 9.30 1.50 21.00
17.70 13.50 23.70 13.80 13.50 16.50 7.20 25.20 3.30 4.50 27.30 8.10 19.20 10.50 3.60 1.50 6.30 23.10 3.00 28.50
4.50 16.50 27.30 6.30 27.00 3.90 13.50 2.10 25.80 21.00 27.90 7.20 21.60 28.80 7.80 9.90 20.40 18.90 29.40 19.20
22.80 6.00 17.40 11.10 8.10 24.30 17.70 2.70 25.50 17.40 10.80 5.40 6.30 3.90 5.10 9.60 5.40 17.40 24.60 20.10
9.90 12.90 22.80 12.30 27.60 21.30 20.40 27.30 14.10 20.70 4.20 18.00 2.10 18.90 21.00 18.30 6.30 11.40 10.20 13.80
10.80 9.90 5.70 0.60 0.60 6.30 16.80 2.10 29.70 24.60 15.90 3.90 25.20 1.80 21.60 13.80 12.00 27.60 4.50 12.30
13.20 23.10 3.90 22.20 9.00 13.50 8.40 28.20 6.60 0.60 23.70 4.50 5.70 4.20 24.00 27.00 1.20 10.20 20.70 18.90
12.30 27.30 9.90 5.10 1.50 23.70 12.30 14.10 15.00 6.30 10.20 20.40 1.80 28.80 4.80 16.50 6.90 26.40 16.20 14.10
11.10 24.30 29.40 27.30 16.20 27.30 6.90 9.30 3.60 9.60 15.90 0.90 20.10 19.20 28.20 28.50 26.70 23.70 28.20 8.10
0.60 3.90 18.30 9.00 0.90 17.40 8.70 9.00 1.20 3.00 12.60 14.70 0.90 17.10 12.00 16.20 0.90 28.20 3.90 16.20
12.90 3.90 3.90 8.70 10.80 8.40 3.60 23.10 10.80 25.50 8.70 24.30 22.50 24.00 16.80 13.50 7.50 7.80 21.00 5.40
15.00 29.40 12.30 28.50 6.30 28.80 21.30 17.70 20.70 25.50 20.10 13.50 3.60 7.50 6.00 21.60 18.30 4.50 9.60 23.10
17.10 14.70 27.90 6.90 12.30 13.20 24.60 9.00 14.70 23.70 15.60 16.80 6.90 12.30 7.80 25.80 13.20 2.10 23.40 0.30
6.90 28.50 12.90 26.10 27.00 19.80 15.60 10.50 23.40 5.40 11.40 3.00 11.70 19.20 25.20 10.80 5.40 28.20 14.10 17.70
18.00 3.30 12.90 20.10 12.90 18.00 9.90 21.90 16.20 18.30 26.10 23.40 20.10 9.90 23.10 11.40 13.20 20.70 6.60 21.90
17.70 27.30 14.10 4.50 1.80 5.40 10.50 1.20 24.60 4.50 25.80 6.60 17.70 8.40 25.80 11.10 2.70 14.40 9.30 15.60
8.70 0.90 3.90 24.00 26.40 13.20 18.30 14.10 28.50 14.70 0.30 0.90 9.90 22.80 16.20 5.10 7.20 22.50 12.30 22.50
1.50 18.90 20.70 20.70 8.40 23.70 25.50 28.50 17.70 25.20 29.70 13.80 3.30 10.20 23.70 18.00 21.30 23.40 17.10 10.20
8.10 2.10 10.50 8.70 1.20 6.30 12.00 1.80 27.00 14.40 19.80 13.20 7.20 9.90 14.70 15.00 7.80 27.00 29.10 16.20
26.40 2.70 4.80 19.50 5.10 20.70 7.50 24.90 22.50 17.70 28.80 0.30 9.90 24.90 2.70 25.50 7.80 7.20 12.00 18.00
20.10 7.50 3.30 21.30 15.30 9.30 15.00 2.10 1.50 1.50 29.70 8.40 1.80 23.70 20.70 11.70 29.70 7.20 27.00 27.60
5.10 22.20 3.00 6.90 9.90 26.40 27.30 22.20 29.10 12.30 11.10 12.60 18.30 6.00 9.90 26.70 16.20 1.20 22.80 9.90
12.00 5.10 11.70 2.40 21.30 18.30 25.20 17.70 8.40 0.30 7.20 7.20 14.70 8.70 15.60 0.30 24.90 6.00 9.30 23.40
0.90 15.60 3.30 22.80 1.80 26.40 11.10 18.00 15.60 7.20 13.80 10.50 18.30 7.50 28.20 27.60 21.90 1.50 19.50 6.00
19.20 23.70 27.30 1.50 20.70 14.40 28.50 8.70 4.80 5.70 16.20 5.70 17.70 21.30 13.50 16.20 6.30 13.20 12.60 21.00
27.60 15.60 7.20 2.10 24.30 10.20 26.40 7.50 7.20 25.50 22.80 3.90 8.10 0.30 16.80 25.50 24.30 9.30 19.80 3.30
8.10 13.20 22.20 24.30 21.00 14.10 29.10 13.20 20.10 8.40 25.20 7.80 20.70 14.40 27.90 18.90 27.30 29.40 6.60 28.50
6.00 12.60 28.20 0.30 4.20 13.50 23.40 27.60 16.20 6.90 28.50 18.30 4.50 21.30 1.20 12.00 21.00 17.70 21.00 26.40
24.60 27.90 0.90 18.00 29.70 5.70 28.80 28.50 11.70 12.90 10.50 19.20 0.30 1.80 5.70 24.60 2.70 3.30 2.70 5.10
12.00 29.70 21.90 13.80 5.70 24.30 15.90 26.10 14.40 4.80 27.90 7.80 15.90 27.60 28.80 12.60 14.70 7.80 21.90 19.20
28.80 18.00 18.30 25.20 22.80 21.60 22.20 24.00 6.90 7.20 19.80 7.50 19.50 12.90 4.50 16.50 10.20 18.90 24.30 17.70
24.60 14.40 25.20 19.50 27.30 10.50 13.80 5.40 18.60 14.70 28.50 26.70 8.70 9.60 18.30 12.90 2.40 23.10 20.40 19.20
2.10 18.30 10.20 7.80 8.10 12.00 6.00 3.30 15.30 21.60 19.20 15.90 7.50 20.10 14.40 8.40 23.10 3.60 19.50 4.80
23.40 12.30 29.10 0.90 8.70 5.40 14.70 8.40 15.30 13.50 15.00 27.00 10.50 0.90 26.40 5.70 7.80 20.10 9.90 26.10
27.30 12.60 13.80 1.50 6.60 4.50 11.70 22.80 10.50 18.30 10.80 25.50 24.30 15.90 26.10 9.00 25.20 23.10 1.50 0.90
24.60 15.90 22.80 0.60 28.20 8.40 7.80 26.40 4.20 21.00 24.60 29.10 7.80 18.00 22.80 23.10 29.10 5.10 16.50 26.10
23.70 3.60 26.70 23.70 25.80 27.60 24.60 14.40 9.60 20.40 21.00 12.30 10.50 9.90 24.30 8.40 20.10 22.20 23.70 2.70
23.70 25.80 4.50 24.00 14.40 5.40 6.30 17.40 18.90 24.60 13.80 29.40 0.90 18.60 14.40 17.40 17.70 3.00 12.60 28.20
8.40 0.90 16.50 27.60 29.70 29.40 12.30 13.50 3.60 27.30 29.70 8.70 24.30 14.10 10.80 3.00 3.60 25.20 0.90 6.90
12.30 9.90 27.60 7.20 24.00 21.60 10.80 6.30 15.30 28.80 5.70 0.30 5.10 19.20 18.00 26.70 24.90 10.50 23.40 29.70
2.70 0.60 10.20 0.30 28.80 3.90 14.40 24.90 13.20 3.00 17.10 15.00 1.20 7.80 15.60 16.20 27.00 15.30 3.30 11.40
27.30 13.80 9.00 17.10 12.60 4.20 3.30 17.40 21.30 12.60 8.70 15.00 21.90 22.20 8.40 19.80 21.90 6.00 6.00 5.70
11.40 22.50 2.70 22.50 9.30 23.40 24.60 23.10 5.10 20.70 7.80 8.70 7.50 8.10 17.40 4.80 16.20 6.00 15.30 11.10
15.00 7.50 23.70 8.40 2.70 15.30 9.90 24.60 21.90 6.30 3.90 6.60 23.10 6.30 14.10 3.60 18.30 18.00 1.20 21.90
27.30 9.30 12.30 25.50 26.10 27.00 27.00 7.80 5.10 25.50 5.10 14.10 19.80 28.20 3.30 21.00 29.40 26.40 2.70 14.10
24.00 6.00 14.40 3.00 21.30 18.90 14.70 26.10 12.30 27.90 28.50 14.40 3.60 24.60 6.90 1.80 15.90 29.10 5.10 17.40
7.20 24.30 25.50 4.50 18.30 9.00 3.90 27.90 1.80 0.30 20.70 5.10 24.00 28.50 3.30 15.90 16.20 1.50 14.70 13.80
20.40 1.80 23.10 19.20 8.70 0.30 27.90 11.70 14.70 29.40 16.80 18.60 22.50 11.40 27.60 13.50 22.50 8.10 8.70 16.20
