# nJobs | nMachines
200 20
# Job Weights
59
7
38
50
97
24
58
8
2
87
81
18
99
82
68
56
15
79
98
33
26
90
75
99
6
13
82
95
38
54
98
32
34
97
19
21
32
46
50
55
64
48
46
72
83
79
82
66
91
73
73
46
48
45
86
89
65
31
35
79
54
17
85
41
56
57
43
77
63
85
89
62
9
76
80
71
85
21
47
72
71
16
60
51
33
70
89
19
81
99
56
95
32
52
33
29
98
65
21
85
86
26
67
66
45
55
98
31
72
14
83
56
85
72
56
38
41
36
1
20
69
22
71
60
65
53
29
85
27
58
58
48
73
54
17
22
82
76
79
13
33
18
92
18
35
23
56
21
32
88
73
8
4
3
30
16
8
84
3
34
26
36
88
46
34
50
45
20
17
66
53
4
79
41
33
6
46
42
88
30
61
46
65
10
37
24
60
1
70
90
1
1
86
58
96
78
64
25
39
98
# P_bar : m1 | m2 | m3 | m4 | m5 | m6 | m7 | m8 | m9 | m10 | m11 | m12 | m13 | m14 | m15 | m16 | m17 | m18 | m19 | m20
11 76 47 11 57 30 73 66 40 81 45 8 53 51 23 22 13 26 54 26
59 56 54 26 13 17 97 33 12 59 19 48 48 74 12 7 29 12 46 54
88 32 77 12 7 25 17 71 72 68 74 72 74 32 96 7 22 17 1 50
53 41 78 27 39 58 28 10 58 80 88 23 21 88 74 83 73 81 82 66
79 21 87 12 24 55 33 76 55 69 78 41 97 94 3 15 28 12 80 23
18 73 28 35 61 90 4 25 74 28 38 13 28 95 36 48 19 7 54 90
19 41 74 71 98 85 36 83 39 5 11 9 98 75 88 45 64 61 11 38
26 93 91 10 31 20 65 70 86 97 43 5 2 37 44 20 15 41 8 4
57 11 55 97 49 33 48 87 98 25 84 76 95 82 83 13 51 88 78 19
7 31 35 25 34 52 21 25 2 17 25 54 47 82 30 91 37 41 20 53
90 49 28 97 4 6 9 44 54 54 9 32 63 46 98 83 14 19 31 32
65 71 47 91 37 34 74 25 46 68 91 40 33 92 65 48 78 41 84 92
7 91 83 93 68 59 45 8 82 30 88 74 58 57 16 36 55 50 71 43
38 5 87 5 99 8 42 26 82 28 3 34 17 97 23 13 38 29 25 56
54 74 51 18 47 31 80 99 51 13 78 78 58 48 82 69 75 8 11 92
32 31 12 97 67 54 1 91 11 52 8 58 23 93 42 23 1 12 54 60
20 6 49 64 48 4 86 14 54 62 58 34 92 21 28 40 68 57 80 23
88 76 89 62 89 54 91 87 66 7 47 23 14 1 7 51 16 90 54 52
16 66 1 60 23 40 2 31 67 68 51 15 35 65 12 69 50 91 67 52
97 15 49 50 60 59 41 53 87 69 4 22 40 4 47 16 28 45 52 10
38 26 93 48 51 14 42 78 21 22 29 87 86 75 75 18 29 24 72 84
47 52 13 24 86 85 82 28 11 88 25 26 1 71 2 34 69 16 66 18
37 1 73 39 19 60 14 43 65 27 34 98 67 98 36 72 10 25 81 41
54 52 20 7 80 63 13 91 22 72 62 40 60 88 73 68 1 38 15 2
27 57 26 4 62 6 12 33 35 51 98 79 16 25 27 31 4 36 67 31
34 55 67 27 79 74 36 66 28 79 63 5 23 75 48 43 69 60 72 31
28 62 18 80 47 72 83 81 45 33 97 12 93 43 58 91 90 35 66 83
55 18 32 68 87 53 29 63 24 56 58 90 3 42 69 93 17 55 85 23
81 3 22 36 32 38 35 21 74 35 93 65 56 78 24 46 11 35 84 50
71 80 18 88 53 27 29 47 12 74 61 17 22 70 4 19 57 45 37 75
2 91 64 49 24 1 86 98 72 44 71 31 50 80 51 42 48 39 84 72
26 31 13 88 89 36 17 8 30 11 83 82 29 83 84 64 11 96 45 39
99 53 19 44 58 98 90 88 81 58 52 90 78 11 29 82 49 50 20 93
59 48 73 86 20 72 88 53 24 69 40 91 59 25 54 16 30 3 14 92
46 58 96 33 72 16 58 51 75 86 99 33 94 73 50 73 98 13 80 25
92 36 15 51 83 22 48 3 49 2 53 30 71 73 84 48 40 88 1 60
16 14 18 69 67 5 81 54 17 2 13 69 56 22 2 81 80 4 61 34
98 20 66 33 2 31 76 64 15 3 66 36 30 82 46 41 84 99 60 91
40 69 15 38 37 93 19 24 47 70 13 87 87 97 97 82 99 68 21 15
91 88 39 98 3 6 62 85 59 34 77 78 7 92 45 7 17 23 91 56
53 26 76 8 36 76 68 52 61 16 28 25 68 96 35 41 67 62 66 12
75 29 20 73 13 29 82 43 72 22 98 70 62 81 68 87 63 27 84 81
11 71 90 95 18 50 7 40 35 91 56 98 83 35 68 60 21 42 47 47
95 88 87 11 36 31 65 20 43 24 96 97 36 76 79 50 4 37 99 70
59 30 67 73 35 53 12 32 70 50 94 24 15 64 51 81 73 78 20 51
57 47 76 34 56 87 19 40 8 76 4 89 13 1 66 27 96 21 86 42
68 90 77 68 48 78 21 12 84 39 68 15 94 65 76 58 42 73 98 86
62 87 5 48 57 79 74 83 8 79 65 22 31 93 4 97 24 97 90 1
94 83 90 92 51 98 45 81 97 28 22 56 61 13 95 73 14 21 68 71
84 52 48 76 12 27 6 8 10 54 23 77 12 42 44 4 54 76 17 30
9 28 48 60 88 94 35 21 97 34 28 49 78 65 66 18 39 16 35 65
78 72 93 12 28 45 27 51 73 68 94 48 86 61 92 20 98 53 36 49
69 14 40 64 17 22 20 95 86 94 66 26 32 14 71 93 42 95 34 92
64 29 74 50 53 8 45 9 23 13 2 71 24 26 21 46 55 99 17 11
16 5 10 64 67 34 23 13 54 41 56 22 92 82 85 28 50 20 19 48
87 41 49 87 52 66 4 98 68 68 31 36 60 48 66 94 26 47 79 25
29 43 77 97 14 21 35 41 36 44 62 61 26 15 32 95 60 76 77 26
95 85 22 14 89 59 69 32 73 40 28 4 62 18 46 31 26 2 28 40
54 49 80 2 66 70 49 75 44 46 6 39 88 44 98 59 89 62 32 29
74 16 81 26 96 93 33 69 73 60 10 55 96 58 80 23 69 90 50 86
33 75 33 4 44 1 29 3 62 93 76 62 44 9 70 8 55 83 94 7
17 80 16 79 90 32 49 95 34 32 55 94 6 71 79 22 47 51 20 85
78 38 90 87 17 92 67 32 98 83 53 47 26 29 51 93 57 23 72 31
71 79 3 51 25 60 26 70 34 2 96 66 29 30 59 95 15 49 78 21
22 89 56 32 74 42 57 76 76 88 2 50 33 23 7 53 86 32 45 55
48 10 66 69 76 14 30 52 36 71 88 94 98 62 5 63 13 56 24 5
26 61 38 41 74 52 94 10 35 56 79 10 37 16 25 25 66 12 81 95
17 17 81 35 92 11 57 55 69 63 44 8 91 72 22 79 84 40 35 86
25 77 89 19 23 59 5 12 11 25 83 18 88 63 28 8 71 63 36 89
55 76 18 23 11 11 26 43 20 30 79 54 23 26 16 43 58 75 43 27
74 45 4 16 95 15 19 55 43 29 83 83 40 65 13 39 60 17 82 17
10 17 85 15 2 19 3 85 99 47 34 69 84 49 61 34 23 90 29 85
60 52 65 62 75 36 73 56 66 40 21 99 65 36 87 14 38 2 1 60
46 44 7 6 2 52 13 85 50 30 64 77 11 47 86 47 33 66 6 89
53 38 24 77 6 57 6 95 45 66 37 89 3 47 84 76 88 98 52 96
25 56 29 54 55 88 36 27 60 54 47 14 30 58 1 43 10 81 70 87
70 22 46 66 78 57 25 21 2 40 5 79 12 50 56 75 96 63 87 23
41 98 1 24 82 93 23 38 11 63 52 36 72 32 18 66 69 52 44 8
51 75 22 10 46 86 83 29 68 5 76 12 41 80 70 81 2 72 46 53
59 51 5 76 28 50 73 19 56 47 69 81 43 11 82 92 23 21 72 40
99 27 35 16 68 62 10 49 46 88 37 37 59 98 80 44 19 42 7 93
96 89 55 31 78 99 76 53 40 36 39 6 95 60 83 88 16 61 48 84
1 71 89 61 54 66 70 18 34 15 39 18 2 96 43 13 84 89 13 57
20 33 56 78 70 60 38 60 4 20 2 32 55 96 11 80 13 12 2 5
46 92 35 27 78 62 68 57 65 84 47 83 11 11 94 66 5 93 6 58
54 84 25 28 2 28 30 36 94 82 30 55 56 21 17 55 72 62 96 55
88 10 80 57 75 48 87 56 85 44 38 30 25 21 75 19 24 54 24 79
82 34 33 4 1 27 30 16 68 50 76 53 98 62 87 97 72 88 27 44
11 46 68 71 94 2 31 85 77 30 59 39 29 26 71 54 19 25 68 31
45 91 21 45 93 27 63 21 39 84 81 68 59 98 20 95 3 98 76 17
45 34 8 37 38 4 60 87 58 71 15 42 82 1 89 98 50 48 22 83
79 46 12 84 24 19 16 48 78 5 17 39 48 47 8 6 4 91 40 38
79 47 93 87 14 84 8 14 6 35 87 44 55 4 84 45 31 50 44 79
43 10 71 94 49 33 41 36 91 67 83 44 13 33 73 5 5 32 78 66
41 54 95 78 93 84 64 14 43 18 70 5 13 79 52 84 35 86 70 35
61 82 94 61 23 15 19 25 62 27 2 37 51 64 8 51 95 25 91 60
60 36 76 58 22 54 48 24 90 85 64 36 71 52 96 72 71 86 69 11
17 47 22 60 46 36 19 86 90 8 91 79 57 18 36 36 38 12 5 9
87 45 94 85 25 27 67 74 57 63 48 85 15 60 27 58 66 1 32 31
55 46 5 15 4 51 72 63 53 6 4 34 37 28 60 99 35 29 43 43
28 1 63 17 2 27 48 85 63 67 85 42 43 55 66 27 76 36 62 41
50 39 61 71 56 67 77 58 30 80 12 32 82 53 32 53 46 22 90 64
8 4 44 24 80 87 88 45 4 95 5 94 22 89 70 71 83 9 22 39
81 3 49 99 12 72 88 92 94 20 54 53 28 85 2 46 85 79 83 70
65 53 70 69 7 80 48 60 33 22 66 10 89 3 83 36 35 39 58 77
75 28 33 49 51 14 66 4 33 12 36 11 56 40 75 36 58 70 92 52
70 44 89 8 76 66 19 4 46 64 99 54 47 36 66 46 42 54 24 38
10 93 16 61 69 91 45 75 79 30 49 2 39 73 47 59 53 56 44 22
16 13 6 59 91 91 78 15 17 80 74 58 93 87 71 85 99 7 37 97
68 95 94 57 50 38 8 50 50 73 1 49 60 45 34 35 17 97 15 34
18 80 20 25 30 88 57 73 68 12 81 64 23 69 13 47 56 59 52 31
25 73 35 39 43 62 62 86 45 87 68 68 85 45 73 23 41 87 76 67
3 15 22 35 4 55 19 52 89 81 16 47 49 7 6 25 12 18 56 43
39 92 81 91 39 47 15 78 80 39 80 99 14 90 35 34 51 16 87 34
55 51 20 80 66 63 49 96 33 79 29 20 22 59 95 27 82 80 43 15
38 21 10 78 11 33 62 49 63 35 54 98 6 24 66 34 62 23 48 33
27 57 15 96 41 98 17 61 26 93 9 46 19 18 33 49 61 15 28 19
46 85 84 46 65 46 89 21 82 17 18 91 90 66 27 27 62 78 96 69
91 53 24 99 93 92 55 24 51 90 68 57 44 35 35 47 54 60 73 14
61 8 64 57 28 3 63 21 92 50 88 76 66 22 20 7 17 37 78 13
15 20 76 76 43 14 4 77 61 86 57 64 40 16 63 9 37 78 55 39
97 66 26 87 34 84 30 90 27 68 47 8 52 13 60 99 45 63 14 8
40 13 97 10 58 88 17 36 46 53 77 32 48 34 76 46 48 39 69 84
83 34 62 27 23 59 91 47 66 27 42 42 48 65 8 9 24 69 53 53
97 41 7 48 11 48 46 6 85 91 98 54 32 23 39 14 81 29 90 74
72 58 34 62 79 36 86 41 69 67 42 52 4 95 65 66 28 24 91 78
28 88 47 9 20 44 64 15 39 98 78 88 72 82 18 57 55 28 23 16
95 33 91 52 46 65 91 67 98 35 61 76 45 64 86 16 12 16 17 83
42 83 32 45 87 37 32 65 67 64 81 60 57 55 75 84 25 31 42 14
12 60 32 41 7 29 35 78 82 5 86 24 91 38 62 88 20 9 1 52
6 57 68 93 39 96 31 57 84 47 17 55 35 1 12 72 44 68 77 41
39 61 10 56 28 2 68 20 80 13 58 62 83 64 18 80 89 25 86 20
53 11 94 88 2 77 70 96 35 91 38 59 10 65 32 55 68 86 25 84
74 25 60 6 96 20 49 96 59 54 30 81 33 78 57 43 28 12 13 80
89 65 16 17 40 39 68 73 2 82 32 19 20 39 4 52 55 52 16 1
36 1 20 4 77 22 99 99 50 44 51 47 86 5 57 63 35 58 42 49
13 35 11 78 92 16 77 97 62 86 53 74 36 58 83 76 60 19 19 73
61 2 34 92 61 43 86 47 8 38 32 78 20 78 45 96 33 8 40 55
83 59 63 40 88 66 70 69 58 26 38 4 28 38 98 94 75 15 98 28
19 87 37 40 81 76 43 57 8 96 84 15 61 95 33 34 16 31 13 98
9 87 58 29 97 92 46 40 1 52 19 24 51 95 41 16 21 19 40 98
95 54 55 83 34 37 54 37 98 1 86 51 74 68 19 89 75 8 3 59
79 53 81 64 92 73 31 44 33 40 88 84 14 10 76 9 80 77 88 2
30 55 71 46 87 70 53 6 83 58 63 10 44 66 33 11 58 17 71 26
88 2 1 81 45 10 84 20 50 64 69 63 56 43 99 46 26 40 26 22
45 39 86 73 45 17 46 74 12 10 43 13 22 63 64 32 76 48 57 69
90 53 62 1 18 14 38 23 56 89 19 98 80 11 12 58 7 97 25 7
81 39 35 38 22 2 56 7 26 30 89 74 45 31 11 27 71 63 46 26
45 11 45 62 36 62 56 9 91 18 70 78 75 27 8 77 94 40 87 98
66 75 49 37 96 70 65 78 51 74 48 85 11 66 63 58 81 26 32 56
73 1 33 13 18 73 15 48 36 13 55 44 42 21 52 14 81 13 8 40
96 52 98 95 68 81 75 10 95 20 46 2 40 65 8 25 42 41 56 63
4 41 12 29 52 40 84 21 36 44 95 67 50 50 3 34 14 68 49 11
76 19 7 16 54 9 14 89 75 73 51 3 96 32 22 75 57 9 22 70
43 78 54 42 91 20 98 25 64 21 98 13 70 33 13 72 59 55 59 68
52 39 47 77 75 82 99 75 54 34 7 48 56 79 7 56 28 93 16 69
54 94 89 50 63 51 33 35 1 99 16 25 73 58 80 39 33 75 79 87
49 73 59 72 82 13 49 37 31 56 51 39 54 26 89 91 2 20 38 56
92 71 7 98 32 76 49 65 31 77 68 1 8 45 79 57 93 94 42 8
5 45 34 77 43 97 3 88 11 7 16 10 35 25 6 7 78 3 95 52
18 24 88 70 89 31 63 84 78 40 60 51 51 24 47 28 2 62 70 65
57 18 91 72 18 11 57 74 38 84 53 22 99 62 36 29 33 66 65 79
39 11 71 37 56 78 44 70 31 42 37 79 46 90 11 87 83 84 30 22
81 86 96 49 66 92 17 20 48 42 36 88 65 79 40 40 55 81 61 28
6 67 21 26 9 97 73 80 54 14 94 80 65 9 18 8 29 52 16 3
11 53 27 7 74 9 13 16 21 71 70 48 25 43 70 1 5 29 94 56
54 58 43 29 78 74 68 74 74 29 64 37 49 50 43 72 28 68 95 31
73 68 31 54 55 24 7 70 30 32 35 66 12 55 12 52 46 64 67 44
34 57 62 86 80 87 83 46 56 22 48 29 55 83 41 19 57 65 79 58
91 33 22 17 74 80 59 36 42 6 68 35 46 81 96 40 24 58 49 73
86 53 82 68 36 17 74 79 11 58 74 15 94 62 30 69 35 68 62 79
65 80 13 89 65 10 71 24 13 40 1 17 80 9 84 77 18 72 50 13
41 72 93 52 51 51 59 29 34 24 35 48 99 20 28 37 46 34 7 35
96 32 85 37 50 56 25 39 72 22 67 16 26 64 71 14 93 85 32 5
1 89 36 61 21 7 3 93 61 17 74 47 98 59 42 11 88 44 56 67
9 33 49 80 94 52 17 49 63 40 76 75 62 45 33 86 95 53 82 40
59 57 39 43 3 26 11 1 31 80 94 75 64 26 83 96 82 11 92 85
96 38 57 86 51 74 68 88 55 2 6 75 16 10 95 39 68 10 78 85
96 44 82 20 91 79 12 25 88 1 95 82 81 39 98 34 94 20 20 82
76 35 99 97 76 83 32 86 87 62 36 63 25 64 19 2 53 25 17 5
3 80 69 25 39 90 68 78 58 21 13 96 68 68 58 95 45 31 54 70
67 88 81 97 64 91 46 51 1 32 66 36 5 63 42 58 95 81 63 72
21 75 7 83 67 64 29 79 42 77 74 86 95 47 25 13 70 80 64 5
88 92 3 2 31 15 64 15 32 42 52 98 68 7 71 33 80 73 93 24
92 5 66 69 15 49 28 93 2 9 75 13 92 69 81 78 79 38 29 47
64 71 20 31 51 39 50 26 19 93 2 22 11 28 95 75 28 58 77 53
18 79 83 80 91 22 83 48 66 3 59 58 83 49 85 61 11 87 37 47
54 59 53 92 83 88 86 53 67 34 7 45 82 97 93 58 54 55 28 84
65 73 9 47 72 88 36 28 75 39 90 39 57 80 43 17 43 17 92 11
29 8 31 19 1 15 15 43 5 34 15 34 82 7 37 92 8 37 97 1
10 5 27 39 49 54 55 80 98 46 96 92 62 90 3 87 53 74 55 56
91 6 69 10 4 46 86 84 9 30 29 32 9 5 8 31 70 76 70 19
34 37 75 88 36 28 94 88 91 70 1 8 45 33 37 28 96 88 78 71
65 54 22 85 98 24 24 83 22 47 23 97 90 92 18 87 50 1 20 82
58 76 97 76 91 72 33 91 44 93 89 50 68 81 78 55 47 26 18 89
84 7 70 29 89 68 24 7 13 78 36 38 42 99 86 97 90 77 27 41
10 30 58 44 34 98 24 2 57 97 26 15 29 53 39 9 38 66 49 59
14 78 29 98 96 30 26 38 42 47 25 75 8 2 68 39 85 85 26 46
56 27 14 26 6 19 54 22 5 52 82 44 49 35 65 14 60 23 68 6
84 31 41 68 67 90 41 49 80 44 26 76 34 43 91 94 56 79 71 36
# P_hat : m1 | m2 | m3 | m4 | m5 | m6 | m7 | m8 | m9 | m10 | m11 | m12 | m13 | m14 | m15 | m16 | m17 | m18 | m19 | m20
5.50 38.00 23.50 5.50 28.50 15.00 36.50 33.00 20.00 40.50 22.50 4.00 26.50 25.50 11.50 11.00 6.50 13.00 27.00 13.00
29.50 28.00 27.00 13.00 6.50 8.50 48.50 16.50 6.00 29.50 9.50 24.00 24.00 37.00 6.00 3.50 14.50 6.00 23.00 27.00
44.00 16.00 38.50 6.00 3.50 12.50 8.50 35.50 36.00 34.00 37.00 36.00 37.00 16.00 48.00 3.50 11.00 8.50 0.50 25.00
26.50 20.50 39.00 13.50 19.50 29.00 14.00 5.00 29.00 40.00 44.00 11.50 10.50 44.00 37.00 41.50 36.50 40.50 41.00 33.00
39.50 10.50 43.50 6.00 12.00 27.50 16.50 38.00 27.50 34.50 39.00 20.50 48.50 47.00 1.50 7.50 14.00 6.00 40.00 11.50
9.00 36.50 14.00 17.50 30.50 45.00 2.00 12.50 37.00 14.00 19.00 6.50 14.00 47.50 18.00 24.00 9.50 3.50 27.00 45.00
9.50 20.50 37.00 35.50 49.00 42.50 18.00 41.50 19.50 2.50 5.50 4.50 49.00 37.50 44.00 22.50 32.00 30.50 5.50 19.00
13.00 46.50 45.50 5.00 15.50 10.00 32.50 35.00 43.00 48.50 21.50 2.50 1.00 18.50 22.00 10.00 7.50 20.50 4.00 2.00
28.50 5.50 27.50 48.50 24.50 16.50 24.00 43.50 49.00 12.50 42.00 38.00 47.50 41.00 41.50 6.50 25.50 44.00 39.00 9.50
3.50 15.50 17.50 12.50 17.00 26.00 10.50 12.50 1.00 8.50 12.50 27.00 23.50 41.00 15.00 45.50 18.50 20.50 10.00 26.50
45.00 24.50 14.00 48.50 2.00 3.00 4.50 22.00 27.00 27.00 4.50 16.00 31.50 23.00 49.00 41.50 7.00 9.50 15.50 16.00
32.50 35.50 23.50 45.50 18.50 17.00 37.00 12.50 23.00 34.00 45.50 20.00 16.50 46.00 32.50 24.00 39.00 20.50 42.00 46.00
3.50 45.50 41.50 46.50 34.00 29.50 22.50 4.00 41.00 15.00 44.00 37.00 29.00 28.50 8.00 18.00 27.50 25.00 35.50 21.50
19.00 2.50 43.50 2.50 49.50 4.00 21.00 13.00 41.00 14.00 1.50 17.00 8.50 48.50 11.50 6.50 19.00 14.50 12.50 28.00
27.00 37.00 25.50 9.00 23.50 15.50 40.00 49.50 25.50 6.50 39.00 39.00 29.00 24.00 41.00 34.50 37.50 4.00 5.50 46.00
16.00 15.50 6.00 48.50 33.50 27.00 0.50 45.50 5.50 26.00 4.00 29.00 11.50 46.50 21.00 11.50 0.50 6.00 27.00 30.00
10.00 3.00 24.50 32.00 24.00 2.00 43.00 7.00 27.00 31.00 29.00 17.00 46.00 10.50 14.00 20.00 34.00 28.50 40.00 11.50
44.00 38.00 44.50 31.00 44.50 27.00 45.50 43.50 33.00 3.50 23.50 11.50 7.00 0.50 3.50 25.50 8.00 45.00 27.00 26.00
8.00 33.00 0.50 30.00 11.50 20.00 1.00 15.50 33.50 34.00 25.50 7.50 17.50 32.50 6.00 34.50 25.00 45.50 33.50 26.00
48.50 7.50 24.50 25.00 30.00 29.50 20.50 26.50 43.50 34.50 2.00 11.00 20.00 2.00 23.50 8.00 14.00 22.50 26.00 5.00
19.00 13.00 46.50 24.00 25.50 7.00 21.00 39.00 10.50 11.00 14.50 43.50 43.00 37.50 37.50 9.00 14.50 12.00 36.00 42.00
23.50 26.00 6.50 12.00 43.00 42.50 41.00 14.00 5.50 44.00 12.50 13.00 0.50 35.50 1.00 17.00 34.50 8.00 33.00 9.00
18.50 0.50 36.50 19.50 9.50 30.00 7.00 21.50 32.50 13.50 17.00 49.00 33.50 49.00 18.00 36.00 5.00 12.50 40.50 20.50
27.00 26.00 10.00 3.50 40.00 31.50 6.50 45.50 11.00 36.00 31.00 20.00 30.00 44.00 36.50 34.00 0.50 19.00 7.50 1.00
13.50 28.50 13.00 2.00 31.00 3.00 6.00 16.50 17.50 25.50 49.00 39.50 8.00 12.50 13.50 15.50 2.00 18.00 33.50 15.50
17.00 27.50 33.50 13.50 39.50 37.00 18.00 33.00 14.00 39.50 31.50 2.50 11.50 37.50 24.00 21.50 34.50 30.00 36.00 15.50
14.00 31.00 9.00 40.00 23.50 36.00 41.50 40.50 22.50 16.50 48.50 6.00 46.50 21.50 29.00 45.50 45.00 17.50 33.00 41.50
27.50 9.00 16.00 34.00 43.50 26.50 14.50 31.50 12.00 28.00 29.00 45.00 1.50 21.00 34.50 46.50 8.50 27.50 42.50 11.50
40.50 1.50 11.00 18.00 16.00 19.00 17.50 10.50 37.00 17.50 46.50 32.50 28.00 39.00 12.00 23.00 5.50 17.50 42.00 25.00
35.50 40.00 9.00 44.00 26.50 13.50 14.50 23.50 6.00 37.00 30.50 8.50 11.00 35.00 2.00 9.50 28.50 22.50 18.50 37.50
1.00 45.50 32.00 24.50 12.00 0.50 43.00 49.00 36.00 22.00 35.50 15.50 25.00 40.00 25.50 21.00 24.00 19.50 42.00 36.00
13.00 15.50 6.50 44.00 44.50 18.00 8.50 4.00 15.00 5.50 41.50 41.00 14.50 41.50 42.00 32.00 5.50 48.00 22.50 19.50
49.50 26.50 9.50 22.00 29.00 49.00 45.00 44.00 40.50 29.00 26.00 45.00 39.00 5.50 14.50 41.00 24.50 25.00 10.00 46.50
29.50 24.00 36.50 43.00 10.00 36.00 44.00 26.50 12.00 34.50 20.00 45.50 29.50 12.50 27.00 8.00 15.00 1.50 7.00 46.00
23.00 29.00 48.00 16.50 36.00 8.00 29.00 25.50 37.50 43.00 49.50 16.50 47.00 36.50 25.00 36.50 49.00 6.50 40.00 12.50
46.00 18.00 7.50 25.50 41.50 11.00 24.00 1.50 24.50 1.00 26.50 15.00 35.50 36.50 42.00 24.00 20.00 44.00 0.50 30.00
8.00 7.00 9.00 34.50 33.50 2.50 40.50 27.00 8.50 1.00 6.50 34.50 28.00 11.00 1.00 40.50 40.00 2.00 30.50 17.00
49.00 10.00 33.00 16.50 1.00 15.50 38.00 32.00 7.50 1.50 33.00 18.00 15.00 41.00 23.00 20.50 42.00 49.50 30.00 45.50
20.00 34.50 7.50 19.00 18.50 46.50 9.50 12.00 23.50 35.00 6.50 43.50 43.50 48.50 48.50 41.00 49.50 34.00 10.50 7.50
45.50 44.00 19.50 49.00 1.50 3.00 31.00 42.50 29.50 17.00 38.50 39.00 3.50 46.00 22.50 3.50 8.50 11.50 45.50 28.00
26.50 13.00 38.00 4.00 18.00 38.00 34.00 26.00 30.50 8.00 14.00 12.50 34.00 48.00 17.50 20.50 33.50 31.00 33.00 6.00
37.50 14.50 10.00 36.50 6.50 14.50 41.00 21.50 36.00 11.00 49.00 35.00 31.00 40.50 34.00 43.50 31.50 13.50 42.00 40.50
5.50 35.50 45.00 47.50 9.00 25.00 3.50 20.00 17.50 45.50 28.00 49.00 41.50 17.50 34.00 30.00 10.50 21.00 23.50 23.50
47.50 44.00 43.50 5.50 18.00 15.50 32.50 10.00 21.50 12.00 48.00 48.50 18.00 38.00 39.50 25.00 2.00 18.50 49.50 35.00
29.50 15.00 33.50 36.50 17.50 26.50 6.00 16.00 35.00 25.00 47.00 12.00 7.50 32.00 25.50 40.50 36.50 39.00 10.00 25.50
28.50 23.50 38.00 17.00 28.00 43.50 9.50 20.00 4.00 38.00 2.00 44.50 6.50 0.50 33.00 13.50 48.00 10.50 43.00 21.00
34.00 45.00 38.50 34.00 24.00 39.00 10.50 6.00 42.00 19.50 34.00 7.50 47.00 32.50 38.00 29.00 21.00 36.50 49.00 43.00
31.00 43.50 2.50 24.00 28.50 39.50 37.00 41.50 4.00 39.50 32.50 11.00 15.50 46.50 2.00 48.50 12.00 48.50 45.00 0.50
47.00 41.50 45.00 46.00 25.50 49.00 22.50 40.50 48.50 14.00 11.00 28.00 30.50 6.50 47.50 36.50 7.00 10.50 34.00 35.50
42.00 26.00 24.00 38.00 6.00 13.50 3.00 4.00 5.00 27.00 11.50 38.50 6.00 21.00 22.00 2.00 27.00 38.00 8.50 15.00
4.50 14.00 24.00 30.00 44.00 47.00 17.50 10.50 48.50 17.00 14.00 24.50 39.00 32.50 33.00 9.00 19.50 8.00 17.50 32.50
39.00 36.00 46.50 6.00 14.00 22.50 13.50 25.50 36.50 34.00 47.00 24.00 43.00 30.50 46.00 10.00 49.00 26.50 18.00 24.50
34.50 7.00 20.00 32.00 8.50 11.00 10.00 47.50 43.00 47.00 33.00 13.00 16.00 7.00 35.50 46.50 21.00 47.50 17.00 46.00
32.00 14.50 37.00 25.00 26.50 4.00 22.50 4.50 11.50 6.50 1.00 35.50 12.00 13.00 10.50 23.00 27.50 49.50 8.50 5.50
8.00 2.50 5.00 32.00 33.50 17.00 11.50 6.50 27.00 20.50 28.00 11.00 46.00 41.00 42.50 14.00 25.00 10.00 9.50 24.00
43.50 20.50 24.50 43.50 26.00 33.00 2.00 49.00 34.00 34.00 15.50 18.00 30.00 24.00 33.00 47.00 13.00 23.50 39.50 12.50
14.50 21.50 38.50 48.50 7.00 10.50 17.50 20.50 18.00 22.00 31.00 30.50 13.00 7.50 16.00 47.50 30.00 38.00 38.50 13.00
47.50 42.50 11.00 7.00 44.50 29.50 34.50 16.00 36.50 20.00 14.00 2.00 31.00 9.00 23.00 15.50 13.00 1.00 14.00 20.00
27.00 24.50 40.00 1.00 33.00 35.00 24.50 37.50 22.00 23.00 3.00 19.50 44.00 22.00 49.00 29.50 44.50 31.00 16.00 14.50
37.00 8.00 40.50 13.00 48.00 46.50 16.50 34.50 36.50 30.00 5.00 27.50 48.00 29.00 40.00 11.50 34.50 45.00 25.00 43.00
16.50 37.50 16.50 2.00 22.00 0.50 14.50 1.50 31.00 46.50 38.00 31.00 22.00 4.50 35.00 4.00 27.50 41.50 47.00 3.50
8.50 40.00 8.00 39.50 45.00 16.00 24.50 47.50 17.00 16.00 27.50 47.00 3.00 35.50 39.50 11.00 23.50 25.50 10.00 42.50
39.00 19.00 45.00 43.50 8.50 46.00 33.50 16.00 49.00 41.50 26.50 23.50 13.00 14.50 25.50 46.50 28.50 11.50 36.00 15.50
35.50 39.50 1.50 25.50 12.50 30.00 13.00 35.00 17.00 1.00 48.00 33.00 14.50 15.00 29.50 47.50 7.50 24.50 39.00 10.50
11.00 44.50 28.00 16.00 37.00 21.00 28.50 38.00 38.00 44.00 1.00 25.00 16.50 11.50 3.50 26.50 43.00 16.00 22.50 27.50
24.00 5.00 33.00 34.50 38.00 7.00 15.00 26.00 18.00 35.50 44.00 47.00 49.00 31.00 2.50 31.50 6.50 28.00 12.00 2.50
13.00 30.50 19.00 20.50 37.00 26.00 47.00 5.00 17.50 28.00 39.50 5.00 18.50 8.00 12.50 12.50 33.00 6.00 40.50 47.50
8.50 8.50 40.50 17.50 46.00 5.50 28.50 27.50 34.50 31.50 22.00 4.00 45.50 36.00 11.00 39.50 42.00 20.00 17.50 43.00
12.50 38.50 44.50 9.50 11.50 29.50 2.50 6.00 5.50 12.50 41.50 9.00 44.00 31.50 14.00 4.00 35.50 31.50 18.00 44.50
27.50 38.00 9.00 11.50 5.50 5.50 13.00 21.50 10.00 15.00 39.50 27.00 11.50 13.00 8.00 21.50 29.00 37.50 21.50 13.50
37.00 22.50 2.00 8.00 47.50 7.50 9.50 27.50 21.50 14.50 41.50 41.50 20.00 32.50 6.50 19.50 30.00 8.50 41.00 8.50
5.00 8.50 42.50 7.50 1.00 9.50 1.50 42.50 49.50 23.50 17.00 34.50 42.00 24.50 30.50 17.00 11.50 45.00 14.50 42.50
30.00 26.00 32.50 31.00 37.50 18.00 36.50 28.00 33.00 20.00 10.50 49.50 32.50 18.00 43.50 7.00 19.00 1.00 0.50 30.00
23.00 22.00 3.50 3.00 1.00 26.00 6.50 42.50 25.00 15.00 32.00 38.50 5.50 23.50 43.00 23.50 16.50 33.00 3.00 44.50
26.50 19.00 12.00 38.50 3.00 28.50 3.00 47.50 22.50 33.00 18.50 44.50 1.50 23.50 42.00 38.00 44.00 49.00 26.00 48.00
12.50 28.00 14.50 27.00 27.50 44.00 18.00 13.50 30.00 27.00 23.50 7.00 15.00 29.00 0.50 21.50 5.00 40.50 35.00 43.50
35.00 11.00 23.00 33.00 39.00 28.50 12.50 10.50 1.00 20.00 2.50 39.50 6.00 25.00 28.00 37.50 48.00 31.50 43.50 11.50
20.50 49.00 0.50 12.00 41.00 46.50 11.50 19.00 5.50 31.50 26.00 18.00 36.00 16.00 9.00 33.00 34.50 26.00 22.00 4.00
25.50 37.50 11.00 5.00 23.00 43.00 41.50 14.50 34.00 2.50 38.00 6.00 20.50 40.00 35.00 40.50 1.00 36.00 23.00 26.50
29.50 25.50 2.50 38.00 14.00 25.00 36.50 9.50 28.00 23.50 34.50 40.50 21.50 5.50 41.00 46.00 11.50 10.50 36.00 20.00
49.50 13.50 17.50 8.00 34.00 31.00 5.00 24.50 23.00 44.00 18.50 18.50 29.50 49.00 40.00 22.00 9.50 21.00 3.50 46.50
48.00 44.50 27.50 15.50 39.00 49.50 38.00 26.50 20.00 18.00 19.50 3.00 47.50 30.00 41.50 44.00 8.00 30.50 24.00 42.00
0.50 35.50 44.50 30.50 27.00 33.00 35.00 9.00 17.00 7.50 19.50 9.00 1.00 48.00 21.50 6.50 42.00 44.50 6.50 28.50
10.00 16.50 28.00 39.00 35.00 30.00 19.00 30.00 2.00 10.00 1.00 16.00 27.50 48.00 5.50 40.00 6.50 6.00 1.00 2.50
23.00 46.00 17.50 13.50 39.00 31.00 34.00 28.50 32.50 42.00 23.50 41.50 5.50 5.50 47.00 33.00 2.50 46.50 3.00 29.00
27.00 42.00 12.50 14.00 1.00 14.00 15.00 18.00 47.00 41.00 15.00 27.50 28.00 10.50 8.50 27.50 36.00 31.00 48.00 27.50
44.00 5.00 40.00 28.50 37.50 24.00 43.50 28.00 42.50 22.00 19.00 15.00 12.50 10.50 37.50 9.50 12.00 27.00 12.00 39.50
41.00 17.00 16.50 2.00 0.50 13.50 15.00 8.00 34.00 25.00 38.00 26.50 49.00 31.00 43.50 48.50 36.00 44.00 13.50 22.00
5.50 23.00 34.00 35.50 47.00 1.00 15.50 42.50 38.50 15.00 29.50 19.50 14.50 13.00 35.50 27.00 9.50 12.50 34.00 15.50
22.50 45.50 10.50 22.50 46.50 13.50 31.50 10.50 19.50 42.00 40.50 34.00 29.50 49.00 10.00 47.50 1.50 49.00 38.00 8.50
22.50 17.00 4.00 18.50 19.00 2.00 30.00 43.50 29.00 35.50 7.50 21.00 41.00 0.50 44.50 49.00 25.00 24.00 11.00 41.50
39.50 23.00 6.00 42.00 12.00 9.50 8.00 24.00 39.00 2.50 8.50 19.50 24.00 23.50 4.00 3.00 2.00 45.50 20.00 19.00
39.50 23.50 46.50 43.50 7.00 42.00 4.00 7.00 3.00 17.50 43.50 22.00 27.50 2.00 42.00 22.50 15.50 25.00 22.00 39.50
21.50 5.00 35.50 47.00 24.50 16.50 20.50 18.00 45.50 33.50 41.50 22.00 6.50 16.50 36.50 2.50 2.50 16.00 39.00 33.00
20.50 27.00 47.50 39.00 46.50 42.00 32.00 7.00 21.50 9.00 35.00 2.50 6.50 39.50 26.00 42.00 17.50 43.00 35.00 17.50
30.50 41.00 47.00 30.50 11.50 7.50 9.50 12.50 31.00 13.50 1.00 18.50 25.50 32.00 4.00 25.50 47.50 12.50 45.50 30.00
30.00 18.00 38.00 29.00 11.00 27.00 24.00 12.00 45.00 42.50 32.00 18.00 35.50 26.00 48.00 36.00 35.50 43.00 34.50 5.50
8.50 23.50 11.00 30.00 23.00 18.00 9.50 43.00 45.00 4.00 45.50 39.50 28.50 9.00 18.00 18.00 19.00 6.00 2.50 4.50
43.50 22.50 47.00 42.50 12.50 13.50 33.50 37.00 28.50 31.50 24.00 42.50 7.50 30.00 13.50 29.00 33.00 0.50 16.00 15.50
27.50 23.00 2.50 7.50 2.00 25.50 36.00 31.50 26.50 3.00 2.00 17.00 18.50 14.00 30.00 49.50 17.50 14.50 21.50 21.50
14.00 0.50 31.50 8.50 1.00 13.50 24.00 42.50 31.50 33.50 42.50 21.00 21.50 27.50 33.00 13.50 38.00 18.00 31.00 20.50
25.00 19.50 30.50 35.50 28.00 33.50 38.50 29.00 15.00 40.00 6.00 16.00 41.00 26.50 16.00 26.50 23.00 11.00 45.00 32.00
4.00 2.00 22.00 12.00 40.00 43.50 44.00 22.50 2.00 47.50 2.50 47.00 11.00 44.50 35.00 35.50 41.50 4.50 11.00 19.50
40.50 1.50 24.50 49.50 6.00 36.00 44.00 46.00 47.00 10.00 27.00 26.50 14.00 42.50 1.00 23.00 42.50 39.50 41.50 35.00
32.50 26.50 35.00 34.50 3.50 40.00 24.00 30.00 16.50 11.00 33.00 5.00 44.50 1.50 41.50 18.00 17.50 19.50 29.00 38.50
37.50 14.00 16.50 24.50 25.50 7.00 33.00 2.00 16.50 6.00 18.00 5.50 28.00 20.00 37.50 18.00 29.00 35.00 46.00 26.00
35.00 22.00 44.50 4.00 38.00 33.00 9.50 2.00 23.00 32.00 49.50 27.00 23.50 18.00 33.00 23.00 21.00 27.00 12.00 19.00
5.00 46.50 8.00 30.50 34.50 45.50 22.50 37.50 39.50 15.00 24.50 1.00 19.50 36.50 23.50 29.50 26.50 28.00 22.00 11.00
8.00 6.50 3.00 29.50 45.50 45.50 39.00 7.50 8.50 40.00 37.00 29.00 46.50 43.50 35.50 42.50 49.50 3.50 18.50 48.50
34.00 47.50 47.00 28.50 25.00 19.00 4.00 25.00 25.00 36.50 0.50 24.50 30.00 22.50 17.00 17.50 8.50 48.50 7.50 17.00
9.00 40.00 10.00 12.50 15.00 44.00 28.50 36.50 34.00 6.00 40.50 32.00 11.50 34.50 6.50 23.50 28.00 29.50 26.00 15.50
12.50 36.50 17.50 19.50 21.50 31.00 31.00 43.00 22.50 43.50 34.00 34.00 42.50 22.50 36.50 11.50 20.50 43.50 38.00 33.50
1.50 7.50 11.00 17.50 2.00 27.50 9.50 26.00 44.50 40.50 8.00 23.50 24.50 3.50 3.00 12.50 6.00 9.00 28.00 21.50
19.50 46.00 40.50 45.50 19.50 23.50 7.50 39.00 40.00 19.50 40.00 49.50 7.00 45.00 17.50 17.00 25.50 8.00 43.50 17.00
27.50 25.50 10.00 40.00 33.00 31.50 24.50 48.00 16.50 39.50 14.50 10.00 11.00 29.50 47.50 13.50 41.00 40.00 21.50 7.50
19.00 10.50 5.00 39.00 5.50 16.50 31.00 24.50 31.50 17.50 27.00 49.00 3.00 12.00 33.00 17.00 31.00 11.50 24.00 16.50
13.50 28.50 7.50 48.00 20.50 49.00 8.50 30.50 13.00 46.50 4.50 23.00 9.50 9.00 16.50 24.50 30.50 7.50 14.00 9.50
23.00 42.50 42.00 23.00 32.50 23.00 44.50 10.50 41.00 8.50 9.00 45.50 45.00 33.00 13.50 13.50 31.00 39.00 48.00 34.50
45.50 26.50 12.00 49.50 46.50 46.00 27.50 12.00 25.50 45.00 34.00 28.50 22.00 17.50 17.50 23.50 27.00 30.00 36.50 7.00
30.50 4.00 32.00 28.50 14.00 1.50 31.50 10.50 46.00 25.00 44.00 38.00 33.00 11.00 10.00 3.50 8.50 18.50 39.00 6.50
7.50 10.00 38.00 38.00 21.50 7.00 2.00 38.50 30.50 43.00 28.50 32.00 20.00 8.00 31.50 4.50 18.50 39.00 27.50 19.50
48.50 33.00 13.00 43.50 17.00 42.00 15.00 45.00 13.50 34.00 23.50 4.00 26.00 6.50 30.00 49.50 22.50 31.50 7.00 4.00
20.00 6.50 48.50 5.00 29.00 44.00 8.50 18.00 23.00 26.50 38.50 16.00 24.00 17.00 38.00 23.00 24.00 19.50 34.50 42.00
41.50 17.00 31.00 13.50 11.50 29.50 45.50 23.50 33.00 13.50 21.00 21.00 24.00 32.50 4.00 4.50 12.00 34.50 26.50 26.50
48.50 20.50 3.50 24.00 5.50 24.00 23.00 3.00 42.50 45.50 49.00 27.00 16.00 11.50 19.50 7.00 40.50 14.50 45.00 37.00
36.00 29.00 17.00 31.00 39.50 18.00 43.00 20.50 34.50 33.50 21.00 26.00 2.00 47.50 32.50 33.00 14.00 12.00 45.50 39.00
14.00 44.00 23.50 4.50 10.00 22.00 32.00 7.50 19.50 49.00 39.00 44.00 36.00 41.00 9.00 28.50 27.50 14.00 11.50 8.00
47.50 16.50 45.50 26.00 23.00 32.50 45.50 33.50 49.00 17.50 30.50 38.00 22.50 32.00 43.00 8.00 6.00 8.00 8.50 41.50
21.00 41.50 16.00 22.50 43.50 18.50 16.00 32.50 33.50 32.00 40.50 30.00 28.50 27.50 37.50 42.00 12.50 15.50 21.00 7.00
6.00 30.00 16.00 20.50 3.50 14.50 17.50 39.00 41.00 2.50 43.00 12.00 45.50 19.00 31.00 44.00 10.00 4.50 0.50 26.00
3.00 28.50 34.00 46.50 19.50 48.00 15.50 28.50 42.00 23.50 8.50 27.50 17.50 0.50 6.00 36.00 22.00 34.00 38.50 20.50
19.50 30.50 5.00 28.00 14.00 1.00 34.00 10.00 40.00 6.50 29.00 31.00 41.50 32.00 9.00 40.00 44.50 12.50 43.00 10.00
26.50 5.50 47.00 44.00 1.00 38.50 35.00 48.00 17.50 45.50 19.00 29.50 5.00 32.50 16.00 27.50 34.00 43.00 12.50 42.00
37.00 12.50 30.00 3.00 48.00 10.00 24.50 48.00 29.50 27.00 15.00 40.50 16.50 39.00 28.50 21.50 14.00 6.00 6.50 40.00
44.50 32.50 8.00 8.50 20.00 19.50 34.00 36.50 1.00 41.00 16.00 9.50 10.00 19.50 2.00 26.00 27.50 26.00 8.00 0.50
18.00 0.50 10.00 2.00 38.50 11.00 49.50 49.50 25.00 22.00 25.50 23.50 43.00 2.50 28.50 31.50 17.50 29.00 21.00 24.50
6.50 17.50 5.50 39.00 46.00 8.00 38.50 48.50 31.00 43.00 26.50 37.00 18.00 29.00 41.50 38.00 30.00 9.50 9.50 36.50
30.50 1.00 17.00 46.00 30.50 21.50 43.00 23.50 4.00 19.00 16.00 39.00 10.00 39.00 22.50 48.00 16.50 4.00 20.00 27.50
41.50 29.50 31.50 20.00 44.00 33.00 35.00 34.50 29.00 13.00 19.00 2.00 14.00 19.00 49.00 47.00 37.50 7.50 49.00 14.00
9.50 43.50 18.50 20.00 40.50 38.00 21.50 28.50 4.00 48.00 42.00 7.50 30.50 47.50 16.50 17.00 8.00 15.50 6.50 49.00
4.50 43.50 29.00 14.50 48.50 46.00 23.00 20.00 0.50 26.00 9.50 12.00 25.50 47.50 20.50 8.00 10.50 9.50 20.00 49.00
47.50 27.00 27.50 41.50 17.00 18.50 27.00 18.50 49.00 0.50 43.00 25.50 37.00 34.00 9.50 44.50 37.50 4.00 1.50 29.50
39.50 26.50 40.50 32.00 46.00 36.50 15.50 22.00 16.50 20.00 44.00 42.00 7.00 5.00 38.00 4.50 40.00 38.50 44.00 1.00
15.00 27.50 35.50 23.00 43.50 35.00 26.50 3.00 41.50 29.00 31.50 5.00 22.00 33.00 16.50 5.50 29.00 8.50 35.50 13.00
44.00 1.00 0.50 40.50 22.50 5.00 42.00 10.00 25.00 32.00 34.50 31.50 28.00 21.50 49.50 23.00 13.00 20.00 13.00 11.00
22.50 19.50 43.00 36.50 22.50 8.50 23.00 37.00 6.00 5.00 21.50 6.50 11.00 31.50 32.00 16.00 38.00 24.00 28.50 34.50
45.00 26.50 31.00 0.50 9.00 7.00 19.00 11.50 28.00 44.50 9.50 49.00 40.00 5.50 6.00 29.00 3.50 48.50 12.50 3.50
40.50 19.50 17.50 19.00 11.00 1.00 28.00 3.50 13.00 15.00 44.50 37.00 22.50 15.50 5.50 13.50 35.50 31.50 23.00 13.00
22.50 5.50 22.50 31.00 18.00 31.00 28.00 4.50 45.50 9.00 35.00 39.00 37.50 13.50 4.00 38.50 47.00 20.00 43.50 49.00
33.00 37.50 24.50 18.50 48.00 35.00 32.50 39.00 25.50 37.00 24.00 42.50 5.50 33.00 31.50 29.00 40.50 13.00 16.00 28.00
36.50 0.50 16.50 6.50 9.00 36.50 7.50 24.00 18.00 6.50 27.50 22.00 21.00 10.50 26.00 7.00 40.50 6.50 4.00 20.00
48.00 26.00 49.00 47.50 34.00 40.50 37.50 5.00 47.50 10.00 23.00 1.00 20.00 32.50 4.00 12.50 21.00 20.50 28.00 31.50
2.00 20.50 6.00 14.50 26.00 20.00 42.00 10.50 18.00 22.00 47.50 33.50 25.00 25.00 1.50 17.00 7.00 34.00 24.50 5.50
38.00 9.50 3.50 8.00 27.00 4.50 7.00 44.50 37.50 36.50 25.50 1.50 48.00 16.00 11.00 37.50 28.50 4.50 11.00 35.00
21.50 39.00 27.00 21.00 45.50 10.00 49.00 12.50 32.00 10.50 49.00 6.50 35.00 16.50 6.50 36.00 29.50 27.50 29.50 34.00
26.00 19.50 23.50 38.50 37.50 41.00 49.50 37.50 27.00 17.00 3.50 24.00 28.00 39.50 3.50 28.00 14.00 46.50 8.00 34.50
27.00 47.00 44.50 25.00 31.50 25.50 16.50 17.50 0.50 49.50 8.00 12.50 36.50 29.00 40.00 19.50 16.50 37.50 39.50 43.50
24.50 36.50 29.50 36.00 41.00 6.50 24.50 18.50 15.50 28.00 25.50 19.50 27.00 13.00 44.50 45.50 1.00 10.00 19.00 28.00
46.00 35.50 3.50 49.00 16.00 38.00 24.50 32.50 15.50 38.50 34.00 0.50 4.00 22.50 39.50 28.50 46.50 47.00 21.00 4.00
2.50 22.50 17.00 38.50 21.50 48.50 1.50 44.00 5.50 3.50 8.00 5.00 17.50 12.50 3.00 3.50 39.00 1.50 47.50 26.00
9.00 12.00 44.00 35.00 44.50 15.50 31.50 42.00 39.00 20.00 30.00 25.50 25.50 12.00 23.50 14.00 1.00 31.00 35.00 32.50
28.50 9.00 45.50 36.00 9.00 5.50 28.50 37.00 19.00 42.00 26.50 11.00 49.50 31.00 18.00 14.50 16.50 33.00 32.50 39.50
19.50 5.50 35.50 18.50 28.00 39.00 22.00 35.00 15.50 21.00 18.50 39.50 23.00 45.00 5.50 43.50 41.50 42.00 15.00 11.00
40.50 43.00 48.00 24.50 33.00 46.00 8.50 10.00 24.00 21.00 18.00 44.00 32.50 39.50 20.00 20.00 27.50 40.50 30.50 14.00
3.00 33.50 10.50 13.00 4.50 48.50 36.50 40.00 27.00 7.00 47.00 40.00 32.50 4.50 9.00 4.00 14.50 26.00 8.00 1.50
5.50 26.50 13.50 3.50 37.00 4.50 6.50 8.00 10.50 35.50 35.00 24.00 12.50 21.50 35.00 0.50 2.50 14.50 47.00 28.00
27.00 29.00 21.50 14.50 39.00 37.00 34.00 37.00 37.00 14.50 32.00 18.50 24.50 25.00 21.50 36.00 14.00 34.00 47.50 15.50
36.50 34.00 15.50 27.00 27.50 12.00 3.50 35.00 15.00 16.00 17.50 33.00 6.00 27.50 6.00 26.00 23.00 32.00 33.50 22.00
17.00 28.50 31.00 43.00 40.00 43.50 41.50 23.00 28.00 11.00 24.00 14.50 27.50 41.50 20.50 9.50 28.50 32.50 39.50 29.00
45.50 16.50 11.00 8.50 37.00 40.00 29.50 18.00 21.00 3.00 34.00 17.50 23.00 40.50 48.00 20.00 12.00 29.00 24.50 36.50
43.00 26.50 41.00 34.00 18.00 8.50 37.00 39.50 5.50 29.00 37.00 7.50 47.00 31.00 15.00 34.50 17.50 34.00 31.00 39.50
32.50 40.00 6.50 44.50 32.50 5.00 35.50 12.00 6.50 20.00 0.50 8.50 40.00 4.50 42.00 38.50 9.00 36.00 25.00 6.50
20.50 36.00 46.50 26.00 25.50 25.50 29.50 14.50 17.00 12.00 17.50 24.00 49.50 10.00 14.00 18.50 23.00 17.00 3.50 17.50
48.00 16.00 42.50 18.50 25.00 28.00 12.50 19.50 36.00 11.00 33.50 8.00 13.00 32.00 35.50 7.00 46.50 42.50 16.00 2.50
0.50 44.50 18.00 30.50 10.50 3.50 1.50 46.50 30.50 8.50 37.00 23.50 49.00 29.50 21.00 5.50 44.00 22.00 28.00 33.50
4.50 16.50 24.50 40.00 47.00 26.00 8.50 24.50 31.50 20.00 38.00 37.50 31.00 22.50 16.50 43.00 47.50 26.50 41.00 20.00
29.50 28.50 19.50 21.50 1.50 13.00 5.50 0.50 15.50 40.00 47.00 37.50 32.00 13.00 41.50 48.00 41.00 5.50 46.00 42.50
48.00 19.00 28.50 43.00 25.50 37.00 34.00 44.00 27.50 1.00 3.00 37.50 8.00 5.00 47.50 19.50 34.00 5.00 39.00 42.50
48.00 22.00 41.00 10.00 45.50 39.50 6.00 12.50 44.00 0.50 47.50 41.00 40.50 19.50 49.00 17.00 47.00 10.00 10.00 41.00
38.00 17.50 49.50 48.50 38.00 41.50 16.00 43.00 43.50 31.00 18.00 31.50 12.50 32.00 9.50 1.00 26.50 12.50 8.50 2.50
1.50 40.00 34.50 12.50 19.50 45.00 34.00 39.00 29.00 10.50 6.50 48.00 34.00 34.00 29.00 47.50 22.50 15.50 27.00 35.00
33.50 44.00 40.50 48.50 32.00 45.50 23.00 25.50 0.50 16.00 33.00 18.00 2.50 31.50 21.00 29.00 47.50 40.50 31.50 36.00
10.50 37.50 3.50 41.50 33.50 32.00 14.50 39.50 21.00 38.50 37.00 43.00 47.50 23.50 12.50 6.50 35.00 40.00 32.00 2.50
44.00 46.00 1.50 1.00 15.50 7.50 32.00 7.50 16.00 21.00 26.00 49.00 34.00 3.50 35.50 16.50 40.00 36.50 46.50 12.00
46.00 2.50 33.00 34.50 7.50 24.50 14.00 46.50 1.00 4.50 37.50 6.50 46.00 34.50 40.50 39.00 39.50 19.00 14.50 23.50
32.00 35.50 10.00 15.50 25.50 19.50 25.00 13.00 9.50 46.50 1.00 11.00 5.50 14.00 47.50 37.50 14.00 29.00 38.50 26.50
9.00 39.50 41.50 40.00 45.50 11.00 41.50 24.00 33.00 1.50 29.50 29.00 41.50 24.50 42.50 30.50 5.50 43.50 18.50 23.50
27.00 29.50 26.50 46.00 41.50 44.00 43.00 26.50 33.50 17.00 3.50 22.50 41.00 48.50 46.50 29.00 27.00 27.50 14.00 42.00
32.50 36.50 4.50 23.50 36.00 44.00 18.00 14.00 37.50 19.50 45.00 19.50 28.50 40.00 21.50 8.50 21.50 8.50 46.00 5.50
14.50 4.00 15.50 9.50 0.50 7.50 7.50 21.50 2.50 17.00 7.50 17.00 41.00 3.50 18.50 46.00 4.00 18.50 48.50 0.50
5.00 2.50 13.50 19.50 24.50 27.00 27.50 40.00 49.00 23.00 48.00 46.00 31.00 45.00 1.50 43.50 26.50 37.00 27.50 28.00
45.50 3.00 34.50 5.00 2.00 23.00 43.00 42.00 4.50 15.00 14.50 16.00 4.50 2.50 4.00 15.50 35.00 38.00 35.00 9.50
17.00 18.50 37.50 44.00 18.00 14.00 47.00 44.00 45.50 35.00 0.50 4.00 22.50 16.50 18.50 14.00 48.00 44.00 39.00 35.50
32.50 27.00 11.00 42.50 49.00 12.00 12.00 41.50 11.00 23.50 11.50 48.50 45.00 46.00 9.00 43.50 25.00 0.50 10.00 41.00
29.00 38.00 48.50 38.00 45.50 36.00 16.50 45.50 22.00 46.50 44.50 25.00 34.00 40.50 39.00 27.50 23.50 13.00 9.00 44.50
42.00 3.50 35.00 14.50 44.50 34.00 12.00 3.50 6.50 39.00 18.00 19.00 21.00 49.50 43.00 48.50 45.00 38.50 13.50 20.50
5.00 15.00 29.00 22.00 17.00 49.00 12.00 1.00 28.50 48.50 13.00 7.50 14.50 26.50 19.50 4.50 19.00 33.00 24.50 29.50
7.00 39.00 14.50 49.00 48.00 15.00 13.00 19.00 21.00 23.50 12.50 37.50 4.00 1.00 34.00 19.50 42.50 42.50 13.00 23.00
28.00 13.50 7.00 13.00 3.00 9.50 27.00 11.00 2.50 26.00 41.00 22.00 24.50 17.50 32.50 7.00 30.00 11.50 34.00 3.00
42.00 15.50 20.50 34.00 33.50 45.00 20.50 24.50 40.00 22.00 13.00 38.00 17.00 21.50 45.50 47.00 28.00 39.50 35.50 18.00
