# nJobs | nMachines
100 5
# Job Weights
30
66
19
64
44
38
29
83
11
3
3
20
26
2
28
30
27
1
93
26
37
32
84
7
14
64
88
11
67
34
37
88
73
47
84
68
15
27
4
51
27
99
100
28
37
84
57
94
8
98
37
80
11
73
50
38
68
63
39
12
33
75
45
30
34
28
65
60
58
2
54
59
30
41
7
15
13
82
22
81
58
92
14
48
18
29
44
40
14
36
1
36
43
40
84
19
95
37
64
46
# P_bar : m1 | m2 | m3 | m4 | m5
73 34 8 62 10
84 46 37 86 60
57 97 38 46 34
52 88 30 3 96
66 52 20 22 79
67 49 68 33 62
33 88 4 90 6
62 15 78 94 15
65 55 41 98 94
7 6 2 9 39
6 77 62 84 85
31 49 38 69 17
42 46 95 26 55
82 14 82 22 59
48 35 96 49 48
45 40 56 90 11
79 1 61 81 63
86 70 34 12 98
10 46 1 54 33
47 28 9 53 49
67 73 57 18 41
86 24 80 56 82
64 44 58 43 12
38 55 7 50 61
13 94 56 82 94
69 52 31 18 80
4 40 92 89 84
21 76 84 49 18
25 92 25 20 68
74 22 20 76 6
11 46 65 90 98
85 19 36 64 47
50 18 67 89 6
21 50 96 16 55
93 31 35 3 73
98 41 59 12 70
91 51 76 45 56
26 73 66 67 46
4 22 83 97 50
28 21 37 80 90
61 79 33 97 89
8 93 2 92 88
55 98 95 56 50
68 89 20 50 99
30 44 84 95 41
26 64 43 25 36
81 93 4 52 16
95 66 44 21 84
49 14 74 47 98
6 10 92 4 44
82 36 55 67 42
71 36 98 62 43
61 69 8 63 62
84 79 30 25 49
29 90 18 3 22
44 51 28 55 16
83 81 54 87 14
12 16 68 84 55
54 28 42 28 45
19 26 28 73 20
52 97 12 8 35
59 33 57 38 89
74 77 81 80 7
42 68 19 53 64
60 28 16 70 36
43 46 88 9 5
80 16 75 87 63
34 96 11 33 8
74 59 57 11 76
46 56 99 65 95
40 4 4 92 40
27 52 51 34 51
79 89 26 64 98
1 84 6 96 77
98 42 16 67 92
44 37 71 54 35
8 90 52 26 3
55 51 96 32 56
55 84 89 10 1
27 16 79 91 17
69 39 91 90 70
79 16 57 31 45
97 37 2 7 87
39 19 33 6 37
54 15 42 77 70
75 68 1 91 84
88 7 40 42 69
87 58 76 5 7
97 47 85 46 5
4 27 99 54 97
79 82 65 56 47
59 72 98 1 12
7 1 78 24 54
89 7 61 62 84
61 22 83 47 49
42 40 30 63 89
79 59 14 39 86
85 16 62 63 37
66 7 41 95 52
99 72 91 45 85
# P_hat : m1 | m2 | m3 | m4 | m5
14.60 6.80 1.60 12.40 2.00
16.80 9.20 7.40 17.20 12.00
11.40 19.40 7.60 9.20 6.80
10.40 17.60 6.00 0.60 19.20
13.20 10.40 4.00 4.40 15.80
13.40 9.80 13.60 6.60 12.40
6.60 17.60 0.80 18.00 1.20
12.40 3.00 15.60 18.80 3.00
13.00 11.00 8.20 19.60 18.80
1.40 1.20 0.40 1.80 7.80
1.20 15.40 12.40 16.80 17.00
6.20 9.80 7.60 13.80 3.40
8.40 9.20 19.00 5.20 11.00
16.40 2.80 16.40 4.40 11.80
9.60 7.00 19.20 9.80 9.60
9.00 8.00 11.20 18.00 2.20
15.80 0.20 12.20 16.20 12.60
17.20 14.00 6.80 2.40 19.60
2.00 9.20 0.20 10.80 6.60
9.40 5.60 1.80 10.60 9.80
13.40 14.60 11.40 3.60 8.20
17.20 4.80 16.00 11.20 16.40
12.80 8.80 11.60 8.60 2.40
7.60 11.00 1.40 10.00 12.20
2.60 18.80 11.20 16.40 18.80
13.80 10.40 6.20 3.60 16.00
0.80 8.00 18.40 17.80 16.80
4.20 15.20 16.80 9.80 3.60
5.00 18.40 5.00 4.00 13.60
14.80 4.40 4.00 15.20 1.20
2.20 9.20 13.00 18.00 19.60
17.00 3.80 7.20 12.80 9.40
10.00 3.60 13.40 17.80 1.20
4.20 10.00 19.20 3.20 11.00
18.60 6.20 7.00 0.60 14.60
19.60 8.20 11.80 2.40 14.00
18.20 10.20 15.20 9.00 11.20
5.20 14.60 13.20 13.40 9.20
0.80 4.40 16.60 19.40 10.00
5.60 4.20 7.40 16.00 18.00
12.20 15.80 6.60 19.40 17.80
1.60 18.60 0.40 18.40 17.60
11.00 19.60 19.00 11.20 10.00
13.60 17.80 4.00 10.00 19.80
6.00 8.80 16.80 19.00 8.20
5.20 12.80 8.60 5.00 7.20
16.20 18.60 0.80 10.40 3.20
19.00 13.20 8.80 4.20 16.80
9.80 2.80 14.80 9.40 19.60
1.20 2.00 18.40 0.80 8.80
16.40 7.20 11.00 13.40 8.40
14.20 7.20 19.60 12.40 8.60
12.20 13.80 1.60 12.60 12.40
16.80 15.80 6.00 5.00 9.80
5.80 18.00 3.60 0.60 4.40
8.80 10.20 5.60 11.00 3.20
16.60 16.20 10.80 17.40 2.80
2.40 3.20 13.60 16.80 11.00
10.80 5.60 8.40 5.60 9.00
3.80 5.20 5.60 14.60 4.00
10.40 19.40 2.40 1.60 7.00
11.80 6.60 11.40 7.60 17.80
14.80 15.40 16.20 16.00 1.40
8.40 13.60 3.80 10.60 12.80
12.00 5.60 3.20 14.00 7.20
8.60 9.20 17.60 1.80 1.00
16.00 3.20 15.00 17.40 12.60
6.80 19.20 2.20 6.60 1.60
14.80 11.80 11.40 2.20 15.20
9.20 11.20 19.80 13.00 19.00
8.00 0.80 0.80 18.40 8.00
5.40 10.40 10.20 6.80 10.20
15.80 17.80 5.20 12.80 19.60
0.20 16.80 1.20 19.20 15.40
19.60 8.40 3.20 13.40 18.40
8.80 7.40 14.20 10.80 7.00
1.60 18.00 10.40 5.20 0.60
11.00 10.20 19.20 6.40 11.20
11.00 16.80 17.80 2.00 0.20
5.40 3.20 15.80 18.20 3.40
13.80 7.80 18.20 18.00 14.00
15.80 3.20 11.40 6.20 9.00
19.40 7.40 0.40 1.40 17.40
7.80 3.80 6.60 1.20 7.40
10.80 3.00 8.40 15.40 14.00
15.00 13.60 0.20 18.20 16.80
17.60 1.40 8.00 8.40 13.80
17.40 11.60 15.20 1.00 1.40
19.40 9.40 17.00 9.20 1.00
0.80 5.40 19.80 10.80 19.40
15.80 16.40 13.00 11.20 9.40
11.80 14.40 19.60 0.20 2.40
1.40 0.20 15.60 4.80 10.80
17.80 1.40 12.20 12.40 16.80
12.20 4.40 16.60 9.40 9.80
8.40 8.00 6.00 12.60 17.80
15.80 11.80 2.80 7.80 17.20
17.00 3.20 12.40 12.60 7.40
13.20 1.40 8.20 19.00 10.40
19.80 14.40 18.20 9.00 17.00
