# nJobs | nMachines
200 20
# Job Weights
2
56
59
19
72
86
59
23
70
27
51
63
17
94
86
55
8
55
59
84
13
54
99
67
65
2
88
71
54
92
83
80
40
94
66
27
13
90
34
96
36
8
41
59
46
59
34
23
47
60
81
75
29
100
8
44
56
4
76
2
65
74
43
22
73
48
37
65
12
19
3
66
70
60
31
90
7
9
68
8
35
86
57
55
92
69
9
79
67
12
4
98
3
87
50
68
90
73
61
98
31
11
65
68
10
89
54
86
89
26
84
70
17
12
22
42
25
81
86
98
6
83
85
76
20
23
3
25
70
37
54
93
71
88
13
13
24
19
76
18
83
75
85
63
43
77
40
96
54
60
97
19
88
52
41
55
16
6
71
36
47
92
2
10
63
19
88
51
93
67
59
24
27
39
93
36
17
31
69
15
91
82
97
82
50
99
67
4
87
99
60
81
44
70
39
20
85
24
95
63
# P_bar : m1 | m2 | m3 | m4 | m5 | m6 | m7 | m8 | m9 | m10 | m11 | m12 | m13 | m14 | m15 | m16 | m17 | m18 | m19 | m20
68 10 77 68 26 99 88 68 93 10 9 79 44 84 35 18 75 89 52 32
40 76 30 48 97 58 35 29 33 99 93 2 40 1 3 77 43 41 89 78
43 75 88 56 5 61 33 75 48 37 84 54 27 47 9 73 70 16 39 84
72 29 21 54 89 33 93 63 71 79 58 78 41 60 71 91 11 7 71 27
87 10 29 38 77 30 84 2 46 24 14 71 9 31 99 96 64 84 72 32
59 86 12 65 47 49 19 18 23 82 31 65 77 76 89 10 88 53 71 84
67 62 2 56 60 54 43 43 7 12 19 95 98 12 92 58 94 56 68 74
89 26 95 29 12 36 14 6 70 84 16 21 64 75 60 70 9 71 42 72
84 1 24 21 96 38 22 13 78 49 41 18 14 90 44 42 29 40 94 85
43 62 20 99 63 63 1 55 71 15 9 54 2 72 59 21 58 17 83 60
92 89 66 34 27 97 55 84 34 48 67 1 19 8 8 11 90 33 14 55
90 2 82 25 87 45 5 1 43 58 74 87 9 86 51 88 78 3 76 60
23 62 45 66 46 65 14 70 88 9 85 29 19 86 60 91 63 51 90 8
20 96 4 54 10 26 82 25 35 74 90 19 28 70 35 78 34 76 14 34
97 99 22 1 97 76 84 38 6 22 77 38 69 46 5 70 71 2 83 54
57 91 81 52 59 23 10 98 59 43 40 44 90 52 81 53 49 63 3 47
33 85 56 23 58 40 17 17 43 84 33 46 71 31 67 51 69 84 1 60
7 42 85 50 73 91 39 23 98 18 42 25 83 36 70 96 97 55 12 8
69 7 3 61 11 51 39 28 22 30 74 48 2 10 79 27 10 3 51 39
56 4 82 36 31 41 75 80 13 86 16 66 16 19 7 47 43 82 46 42
16 23 94 60 41 8 59 24 43 53 45 81 9 85 51 30 22 46 2 10
41 74 72 1 23 42 51 29 64 87 62 42 60 49 1 37 16 58 92 62
7 83 96 57 36 71 30 16 18 79 44 48 1 61 38 63 31 24 23 52
74 41 55 38 54 20 71 13 25 83 68 34 44 10 91 61 22 57 69 65
54 63 3 68 7 54 95 35 62 93 76 73 25 26 3 73 62 59 65 32
67 99 63 45 31 19 17 31 53 7 76 32 86 38 88 80 14 86 30 61
15 55 65 85 90 32 46 40 85 78 78 68 45 97 88 5 11 39 48 9
85 37 20 13 83 65 61 40 31 31 29 60 68 71 6 82 46 55 70 25
83 23 4 55 65 27 37 22 47 95 15 63 1 34 68 49 85 69 15 15
42 1 95 98 61 20 93 59 23 32 30 49 56 74 26 11 59 36 62 56
29 84 20 12 15 99 28 78 95 55 93 19 64 12 38 79 73 98 48 3
64 46 57 97 10 81 57 10 74 46 16 54 7 77 93 78 22 82 19 13
3 31 38 6 61 87 7 94 36 3 38 14 68 16 89 57 70 44 49 59
9 93 46 94 55 4 53 80 29 93 27 40 96 55 85 47 52 70 5 95
35 79 76 43 81 10 82 86 39 36 32 83 30 90 82 91 70 67 22 93
24 32 10 86 87 2 22 18 43 77 31 66 62 61 99 92 45 74 45 49
72 71 79 2 81 61 50 34 59 67 88 27 32 43 47 94 45 61 15 67
70 60 7 84 50 10 93 69 24 29 79 89 25 42 60 33 37 38 29 17
47 42 12 94 43 22 29 94 42 70 86 69 27 81 4 52 2 87 65 39
78 24 60 28 67 59 9 9 88 34 61 34 97 1 41 12 90 35 72 91
60 51 85 68 54 45 76 87 16 45 30 27 54 8 86 37 2 37 45 60
11 98 73 45 79 8 20 24 23 16 55 3 28 51 12 47 40 98 53 90
60 64 18 43 26 27 6 44 33 99 8 97 65 16 19 39 70 26 8 94
5 85 75 89 64 24 39 31 20 70 90 40 7 14 80 4 93 49 11 53
24 31 77 86 83 53 49 38 2 48 70 57 71 25 37 50 44 12 21 25
52 11 71 8 56 53 31 25 1 86 58 3 74 92 55 90 71 52 46 12
39 95 83 32 8 84 20 29 47 31 35 45 8 98 59 58 83 49 95 63
14 58 63 62 78 46 79 70 39 88 11 42 46 28 55 46 13 92 42 75
65 57 52 11 27 17 46 3 84 69 66 1 76 97 26 14 3 43 66 63
99 28 66 36 1 5 22 69 94 10 63 63 45 38 40 84 99 75 23 7
69 76 30 3 97 77 78 77 40 54 26 14 11 95 22 97 27 83 39 80
96 40 71 23 35 96 19 26 74 12 92 29 92 78 72 49 98 3 86 16
54 96 57 79 29 41 87 63 34 10 29 53 54 48 90 33 62 99 4 39
37 54 83 99 22 3 85 91 7 74 98 5 31 66 39 48 17 87 95 37
35 91 34 57 16 99 8 49 20 86 59 71 51 18 60 68 35 60 8 7
19 90 31 4 87 99 2 5 80 56 18 44 48 19 14 36 71 92 41 1
10 41 11 69 79 37 57 30 34 82 39 57 27 25 92 66 94 75 85 38
88 72 50 69 82 2 99 79 50 40 1 77 55 79 47 6 58 53 66 48
61 37 22 30 65 10 69 59 26 93 27 43 39 90 90 54 77 30 68 38
95 38 7 99 62 40 55 73 28 10 4 59 71 26 43 16 29 59 37 39
18 64 82 51 99 63 14 40 8 59 38 25 18 48 15 7 61 95 51 83
49 98 34 66 22 29 24 54 30 11 42 52 48 81 8 35 41 85 46 27
69 36 5 33 79 82 42 30 49 35 69 19 8 95 24 64 47 63 93 14
86 20 62 13 37 14 64 18 4 84 4 34 35 37 93 18 2 21 59 46
28 3 3 89 31 39 96 18 1 88 68 16 62 6 40 8 16 78 14 46
6 41 68 73 30 11 40 62 31 40 30 38 52 86 68 61 41 72 25 59
40 93 35 26 40 18 87 20 18 78 39 61 65 83 68 41 59 87 71 12
88 44 79 25 93 44 43 26 1 57 75 53 95 67 67 65 27 52 15 20
94 3 10 88 22 37 96 52 43 21 87 36 55 74 41 71 18 39 89 7
78 19 60 70 91 77 94 90 79 5 45 87 7 91 72 34 33 93 94 85
43 66 67 72 8 40 75 47 98 68 83 3 37 99 72 35 1 22 61 74
31 55 10 56 44 81 27 99 87 73 30 56 91 55 73 92 99 82 5 49
54 66 87 1 95 28 97 18 72 13 55 1 91 79 44 70 3 21 45 48
80 68 25 6 93 52 51 69 70 71 37 4 73 46 34 65 15 65 52 6
11 1 24 97 83 64 75 40 26 35 31 4 56 10 24 76 45 81 9 73
27 5 4 57 38 21 33 21 23 13 74 98 22 52 19 71 82 59 70 57
3 59 36 64 74 39 13 49 1 71 49 90 98 22 27 81 20 73 50 44
32 64 44 40 24 97 32 18 68 76 18 23 96 39 31 32 11 74 44 41
2 1 22 4 50 37 93 89 31 28 76 78 82 8 80 27 90 33 79 35
49 5 8 71 75 40 53 86 62 13 46 64 84 13 4 95 65 53 64 68
27 11 49 84 60 75 38 28 48 52 78 90 31 32 94 49 73 47 47 61
81 46 97 50 15 9 16 53 17 58 99 18 44 4 3 51 71 69 4 1
18 10 8 1 73 4 45 14 69 31 58 19 19 7 31 65 26 11 59 16
83 56 9 30 68 69 79 91 13 53 84 67 60 47 38 17 97 31 45 37
84 25 18 84 63 22 90 87 14 12 89 82 19 34 44 91 50 69 91 70
49 95 34 33 79 54 48 18 42 24 74 16 56 1 87 23 43 67 35 26
64 12 54 69 40 86 37 51 37 83 1 53 6 12 77 17 7 3 71 76
20 48 42 19 2 41 72 73 21 71 86 18 45 93 2 19 78 21 63 87
52 11 70 37 45 59 53 35 12 49 95 17 24 62 66 28 27 29 94 42
42 45 59 25 94 56 71 38 37 78 58 25 10 11 20 70 50 28 86 26
51 25 8 27 3 76 22 53 95 15 17 71 6 81 79 67 70 45 3 22
66 62 29 71 16 47 63 41 42 24 18 12 44 26 89 40 65 2 77 2
95 12 6 55 29 53 25 29 3 6 70 24 57 31 90 81 96 53 37 81
18 67 42 19 55 38 9 44 21 72 49 32 43 41 84 54 27 36 84 55
37 17 33 43 3 6 38 8 75 48 21 44 1 5 40 52 66 5 50 12
70 59 67 80 72 26 58 93 15 3 43 39 42 40 8 38 18 79 97 47
22 30 7 93 87 27 42 47 5 49 26 40 20 11 65 6 96 76 21 26
87 73 64 76 64 81 84 26 21 81 67 47 83 56 80 8 66 32 42 91
67 34 7 52 33 17 54 61 51 15 66 53 57 67 50 31 82 87 6 37
15 27 60 26 64 87 58 47 99 13 89 75 34 49 89 98 23 4 19 41
1 50 79 70 64 22 12 99 38 36 66 83 67 92 29 14 69 44 96 11
37 87 26 36 32 32 99 57 55 94 63 35 64 8 98 17 28 8 51 82
91 77 57 23 23 34 24 50 80 3 88 53 92 79 45 31 95 16 53 26
59 88 98 72 94 37 85 48 36 35 45 1 35 5 66 37 38 93 95 57
2 80 27 23 93 58 35 50 39 37 52 35 55 72 64 85 89 93 76 33
44 75 66 28 69 7 13 2 99 48 89 67 99 77 86 84 19 64 95 21
29 41 89 14 75 53 20 20 59 66 83 26 23 60 75 7 6 65 50 37
37 84 90 48 65 70 54 80 35 31 80 13 52 21 64 54 52 1 52 67
30 24 44 54 68 20 46 6 1 4 58 52 30 23 83 40 70 40 27 22
20 27 91 86 93 88 23 75 96 6 52 31 6 51 12 95 4 74 97 33
19 52 36 81 4 34 27 70 64 23 21 11 81 16 69 97 81 59 96 47
79 73 66 12 91 34 90 16 84 48 34 37 91 73 7 44 1 21 88 3
41 75 71 26 15 27 74 73 38 50 96 13 89 59 27 4 36 79 92 55
79 23 32 76 83 40 96 4 79 41 69 73 45 20 20 46 30 9 33 19
49 52 80 41 38 46 52 45 75 23 81 37 33 83 92 10 13 2 23 61
21 97 25 89 34 38 55 92 12 57 65 56 55 9 28 63 90 70 38 38
97 40 32 70 67 35 12 15 46 5 61 55 74 60 36 76 30 88 37 63
86 50 39 54 24 99 61 70 60 5 82 81 46 68 2 23 66 3 11 42
15 95 38 6 78 65 63 41 33 23 75 61 50 14 86 95 28 95 6 20
57 34 5 65 41 58 13 6 81 21 61 75 29 67 71 73 36 77 55 62
76 2 97 7 87 17 56 42 13 58 22 34 2 86 34 78 38 76 40 45
14 76 56 14 55 5 49 42 86 96 52 2 80 35 74 46 48 94 1 78
57 26 65 88 83 41 50 21 5 9 10 29 12 58 86 40 97 90 69 57
80 48 14 98 5 46 85 7 76 40 50 2 63 13 68 34 56 67 96 31
93 16 58 57 34 14 42 43 12 2 30 60 96 55 94 92 92 27 76 33
31 20 35 19 16 10 52 64 46 55 84 17 88 57 78 42 93 18 46 71
66 86 97 72 57 70 54 89 39 2 86 55 47 14 38 56 81 49 66 73
30 62 24 41 66 44 47 77 91 9 16 3 21 79 77 4 24 3 8 87
82 54 46 40 23 97 70 41 86 78 54 94 30 72 69 63 38 79 84 46
11 50 91 62 13 79 36 93 49 37 54 70 44 27 56 93 39 12 62 21
71 26 53 47 35 50 49 33 7 52 70 35 64 42 12 72 33 6 95 52
94 4 29 65 8 57 81 36 56 78 37 71 51 59 64 63 7 72 30 95
35 4 72 14 17 68 23 73 75 18 18 62 95 58 99 62 75 46 20 66
71 59 43 99 20 80 64 66 73 85 96 92 57 36 41 30 43 7 90 24
76 24 62 65 18 47 20 64 58 79 80 39 96 63 25 91 92 56 66 27
76 14 27 14 66 27 97 43 88 6 80 47 62 1 58 96 44 33 76 63
26 49 57 99 10 12 36 8 3 23 21 10 11 45 20 53 35 59 46 48
31 35 14 65 48 24 36 75 40 47 58 72 8 10 86 19 2 86 38 43
58 78 92 62 71 88 53 50 56 82 70 5 92 8 58 40 96 33 41 87
31 77 69 30 64 3 88 11 43 66 71 40 1 66 13 14 28 28 83 44
98 72 61 6 97 98 42 41 27 24 62 1 51 62 20 16 13 84 43 87
26 10 8 80 59 29 93 50 93 14 4 15 32 95 11 66 67 59 37 58
92 87 78 52 25 23 94 15 30 9 1 67 96 88 33 54 61 54 93 24
11 24 43 35 67 8 61 71 36 37 4 10 88 69 55 54 71 99 80 50
72 26 53 25 5 55 92 76 10 1 69 31 15 38 5 64 20 30 68 33
46 46 2 54 15 86 16 73 98 33 70 40 5 30 71 86 54 14 92 62
20 40 72 44 33 98 4 23 65 94 77 7 56 60 62 31 53 65 94 56
38 86 23 40 6 90 88 21 49 82 28 54 68 33 50 99 75 34 21 86
57 40 85 99 27 46 75 80 59 60 47 86 10 87 93 10 58 6 68 58
5 8 49 21 34 22 85 40 76 79 78 4 89 91 74 2 74 91 53 42
19 39 6 74 12 19 28 43 10 4 64 2 43 48 6 74 65 89 76 84
65 11 34 10 28 24 7 40 24 69 58 89 4 46 39 29 21 80 40 35
35 96 6 46 15 95 84 6 84 92 47 36 51 18 90 77 60 34 4 91
89 74 51 99 36 75 63 4 11 51 17 33 84 31 5 14 72 35 89 49
41 22 17 88 22 97 69 46 8 7 67 98 35 22 81 30 4 91 52 52
15 22 66 91 82 95 94 30 33 36 84 70 53 2 28 14 85 44 54 86
99 50 31 57 43 99 23 66 54 96 59 91 82 96 33 48 47 52 87 45
19 6 58 85 97 78 2 16 90 40 51 64 41 56 78 1 80 73 86 62
74 95 84 62 6 30 43 26 30 15 47 41 62 17 95 4 71 93 20 3
63 83 70 46 28 6 26 25 51 53 61 19 78 49 82 71 26 98 15 50
92 70 87 88 65 86 7 39 24 90 51 24 72 87 38 54 73 30 61 83
29 1 99 11 45 59 44 69 4 19 97 84 32 35 41 30 36 20 25 57
47 8 88 27 73 7 12 45 51 19 65 50 17 69 4 42 38 58 85 8
80 94 60 35 63 61 51 39 16 97 7 51 9 66 94 43 13 34 58 88
7 65 4 50 41 53 19 90 67 39 71 60 67 69 44 33 66 14 6 10
43 70 2 68 12 54 5 50 21 37 75 3 74 30 10 32 82 46 40 88
89 61 99 58 11 25 62 32 90 4 47 56 27 30 28 12 2 61 98 50
9 80 79 47 85 55 28 92 9 25 83 79 55 77 33 68 76 73 93 22
99 82 49 44 82 8 96 87 18 63 1 8 76 98 66 8 29 87 78 49
38 23 53 37 41 80 9 10 6 95 46 34 1 55 16 82 90 41 55 44
76 51 16 76 87 52 70 43 72 12 54 93 41 78 45 27 36 9 75 6
52 92 64 30 84 67 8 14 33 55 76 79 73 45 51 59 32 57 97 26
48 25 72 98 25 17 94 18 54 89 54 72 89 84 89 20 84 82 52 34
55 23 59 57 59 78 22 91 27 11 59 7 2 47 69 60 78 17 27 40
17 40 62 7 89 57 74 12 46 38 37 90 45 58 23 76 94 19 32 26
63 69 66 15 86 92 94 28 52 47 47 2 99 24 9 44 45 32 81 49
92 42 92 84 15 1 13 34 69 45 55 76 37 56 8 29 14 47 73 93
77 13 28 39 17 42 9 72 34 27 76 1 74 50 43 68 72 89 29 77
31 17 72 62 44 70 95 87 29 2 75 7 95 53 64 24 3 2 34 38
44 27 50 1 71 34 78 36 92 98 23 57 78 12 15 46 18 94 35 15
76 74 80 41 15 86 51 7 14 89 41 19 48 43 15 94 58 17 78 50
18 7 48 59 10 78 26 48 62 24 28 2 95 73 26 79 87 98 29 15
7 25 12 92 68 69 58 21 39 58 78 11 11 3 48 68 30 13 45 22
40 73 32 51 58 87 53 56 27 84 58 84 28 32 9 49 73 84 25 88
47 81 76 82 33 49 31 5 4 33 51 9 21 91 11 85 71 12 54 42
73 84 33 49 14 34 74 88 96 24 40 88 8 25 56 87 5 66 74 63
41 40 65 78 3 80 35 16 63 71 16 50 88 44 75 17 77 90 77 56
70 28 18 87 89 38 59 4 15 25 21 52 29 55 75 99 60 86 85 61
86 86 88 60 94 14 39 43 62 14 88 49 60 97 63 76 6 83 64 64
8 17 60 55 19 93 53 49 63 37 59 10 2 10 17 81 61 75 2 63
63 66 67 57 33 86 53 42 40 45 3 23 47 42 93 52 23 67 27 30
77 33 54 70 55 35 43 91 72 30 39 30 15 73 38 24 29 33 81 4
91 20 61 11 55 18 18 64 30 27 73 75 1 74 22 57 2 40 17 21
24 84 72 62 37 11 37 99 30 43 34 43 64 16 22 8 67 56 31 95
19 23 50 53 26 19 8 60 91 36 45 88 55 47 17 36 69 21 37 20
63 73 42 95 22 29 69 9 94 88 20 66 32 68 24 67 38 43 20 30
72 25 30 97 75 56 18 11 88 44 66 23 49 9 93 57 37 1 69 86
17 87 24 9 4 2 68 10 89 20 35 34 20 92 17 66 80 92 59 95
46 2 27 85 82 58 63 88 99 29 96 1 33 4 48 5 51 4 39 82
66 15 6 17 30 2 48 41 63 48 24 82 68 48 27 69 34 44 13 10
# P_hat : m1 | m2 | m3 | m4 | m5 | m6 | m7 | m8 | m9 | m10 | m11 | m12 | m13 | m14 | m15 | m16 | m17 | m18 | m19 | m20
20.40 3.00 23.10 20.40 7.80 29.70 26.40 20.40 27.90 3.00 2.70 23.70 13.20 25.20 10.50 5.40 22.50 26.70 15.60 9.60
12.00 22.80 9.00 14.40 29.10 17.40 10.50 8.70 9.90 29.70 27.90 0.60 12.00 0.30 0.90 23.10 12.90 12.30 26.70 23.40
12.90 22.50 26.40 16.80 1.50 18.30 9.90 22.50 14.40 11.10 25.20 16.20 8.10 14.10 2.70 21.90 21.00 4.80 11.70 25.20
21.60 8.70 6.30 16.20 26.70 9.90 27.90 18.90 21.30 23.70 17.40 23.40 12.30 18.00 21.30 27.30 3.30 2.10 21.30 8.10
26.10 3.00 8.70 11.40 23.10 9.00 25.20 0.60 13.80 7.20 4.20 21.30 2.70 9.30 29.70 28.80 19.20 25.20 21.60 9.60
17.70 25.80 3.60 19.50 14.10 14.70 5.70 5.40 6.90 24.60 9.30 19.50 23.10 22.80 26.70 3.00 26.40 15.90 21.30 25.20
20.10 18.60 0.60 16.80 18.00 16.20 12.90 12.90 2.10 3.60 5.70 28.50 29.40 3.60 27.60 17.40 28.20 16.80 20.40 22.20
26.70 7.80 28.50 8.70 3.60 10.80 4.20 1.80 21.00 25.20 4.80 6.30 19.20 22.50 18.00 21.00 2.70 21.30 12.60 21.60
25.20 0.30 7.20 6.30 28.80 11.40 6.60 3.90 23.40 14.70 12.30 5.40 4.20 27.00 13.20 12.60 8.70 12.00 28.20 25.50
12.90 18.60 6.00 29.70 18.90 18.90 0.30 16.50 21.30 4.50 2.70 16.20 0.60 21.60 17.70 6.30 17.40 5.10 24.90 18.00
27.60 26.70 19.80 10.20 8.10 29.10 16.50 25.20 10.20 14.40 20.10 0.30 5.70 2.40 2.40 3.30 27.00 9.90 4.20 16.50
27.00 0.60 24.60 7.50 26.10 13.50 1.50 0.30 12.90 17.40 22.20 26.10 2.70 25.80 15.30 26.40 23.40 0.90 22.80 18.00
6.90 18.60 13.50 19.80 13.80 19.50 4.20 21.00 26.40 2.70 25.50 8.70 5.70 25.80 18.00 27.30 18.90 15.30 27.00 2.40
6.00 28.80 1.20 16.20 3.00 7.80 24.60 7.50 10.50 22.20 27.00 5.70 8.40 21.00 10.50 23.40 10.20 22.80 4.20 10.20
29.10 29.70 6.60 0.30 29.10 22.80 25.20 11.40 1.80 6.60 23.10 11.40 20.70 13.80 1.50 21.00 21.30 0.60 24.90 16.20
17.10 27.30 24.30 15.60 17.70 6.90 3.00 29.40 17.70 12.90 12.00 13.20 27.00 15.60 24.30 15.90 14.70 18.90 0.90 14.10
9.90 25.50 16.80 6.90 17.40 12.00 5.10 5.10 12.90 25.20 9.90 13.80 21.30 9.30 20.10 15.30 20.70 25.20 0.30 18.00
2.10 12.60 25.50 15.00 21.90 27.30 11.70 6.90 29.40 5.40 12.60 7.50 24.90 10.80 21.00 28.80 29.10 16.50 3.60 2.40
20.70 2.10 0.90 18.30 3.30 15.30 11.70 8.40 6.60 9.00 22.20 14.40 0.60 3.00 23.70 8.10 3.00 0.90 15.30 11.70
16.80 1.20 24.60 10.80 9.30 12.30 22.50 24.00 3.90 25.80 4.80 19.80 4.80 5.70 2.10 14.10 12.90 24.60 13.80 12.60
4.80 6.90 28.20 18.00 12.30 2.40 17.70 7.20 12.90 15.90 13.50 24.30 2.70 25.50 15.30 9.00 6.60 13.80 0.60 3.00
12.30 22.20 21.60 0.30 6.90 12.60 15.30 8.70 19.20 26.10 18.60 12.60 18.00 14.70 0.30 11.10 4.80 17.40 27.60 18.60
2.10 24.90 28.80 17.10 10.80 21.30 9.00 4.80 5.40 23.70 13.20 14.40 0.30 18.30 11.40 18.90 9.30 7.20 6.90 15.60
22.20 12.30 16.50 11.40 16.20 6.00 21.30 3.90 7.50 24.90 20.40 10.20 13.20 3.00 27.30 18.30 6.60 17.10 20.70 19.50
16.20 18.90 0.90 20.40 2.10 16.20 28.50 10.50 18.60 27.90 22.80 21.90 7.50 7.80 0.90 21.90 18.60 17.70 19.50 9.60
20.10 29.70 18.90 13.50 9.30 5.70 5.10 9.30 15.90 2.10 22.80 9.60 25.80 11.40 26.40 24.00 4.20 25.80 9.00 18.30
4.50 16.50 19.50 25.50 27.00 9.60 13.80 12.00 25.50 23.40 23.40 20.40 13.50 29.10 26.40 1.50 3.30 11.70 14.40 2.70
25.50 11.10 6.00 3.90 24.90 19.50 18.30 12.00 9.30 9.30 8.70 18.00 20.40 21.30 1.80 24.60 13.80 16.50 21.00 7.50
24.90 6.90 1.20 16.50 19.50 8.10 11.10 6.60 14.10 28.50 4.50 18.90 0.30 10.20 20.40 14.70 25.50 20.70 4.50 4.50
12.60 0.30 28.50 29.40 18.30 6.00 27.90 17.70 6.90 9.60 9.00 14.70 16.80 22.20 7.80 3.30 17.70 10.80 18.60 16.80
8.70 25.20 6.00 3.60 4.50 29.70 8.40 23.40 28.50 16.50 27.90 5.70 19.20 3.60 11.40 23.70 21.90 29.40 14.40 0.90
19.20 13.80 17.10 29.10 3.00 24.30 17.10 3.00 22.20 13.80 4.80 16.20 2.10 23.10 27.90 23.40 6.60 24.60 5.70 3.90
0.90 9.30 11.40 1.80 18.30 26.10 2.10 28.20 10.80 0.90 11.40 4.20 20.40 4.80 26.70 17.10 21.00 13.20 14.70 17.70
2.70 27.90 13.80 28.20 16.50 1.20 15.90 24.00 8.70 27.90 8.10 12.00 28.80 16.50 25.50 14.10 15.60 21.00 1.50 28.50
10.50 23.70 22.80 12.90 24.30 3.00 24.60 25.80 11.70 10.80 9.60 24.90 9.00 27.00 24.60 27.30 21.00 20.10 6.60 27.90
7.20 9.60 3.00 25.80 26.10 0.60 6.60 5.40 12.90 23.10 9.30 19.80 18.60 18.30 29.70 27.60 13.50 22.20 13.50 14.70
21.60 21.30 23.70 0.60 24.30 18.30 15.00 10.20 17.70 20.10 26.40 8.10 9.60 12.90 14.10 28.20 13.50 18.30 4.50 20.10
21.00 18.00 2.10 25.20 15.00 3.00 27.90 20.70 7.20 8.70 23.70 26.70 7.50 12.60 18.00 9.90 11.10 11.40 8.70 5.10
14.10 12.60 3.60 28.20 12.90 6.60 8.70 28.20 12.60 21.00 25.80 20.70 8.10 24.30 1.20 15.60 0.60 26.10 19.50 11.70
23.40 7.20 18.00 8.40 20.10 17.70 2.70 2.70 26.40 10.20 18.30 10.20 29.10 0.30 12.30 3.60 27.00 10.50 21.60 27.30
18.00 15.30 25.50 20.40 16.20 13.50 22.80 26.10 4.80 13.50 9.00 8.10 16.20 2.40 25.80 11.10 0.60 11.10 13.50 18.00
3.30 29.40 21.90 13.50 23.70 2.40 6.00 7.20 6.90 4.80 16.50 0.90 8.40 15.30 3.60 14.10 12.00 29.40 15.90 27.00
18.00 19.20 5.40 12.90 7.80 8.10 1.80 13.20 9.90 29.70 2.40 29.10 19.50 4.80 5.70 11.70 21.00 7.80 2.40 28.20
1.50 25.50 22.50 26.70 19.20 7.20 11.70 9.30 6.00 21.00 27.00 12.00 2.10 4.20 24.00 1.20 27.90 14.70 3.30 15.90
7.20 9.30 23.10 25.80 24.90 15.90 14.70 11.40 0.60 14.40 21.00 17.10 21.30 7.50 11.10 15.00 13.20 3.60 6.30 7.50
15.60 3.30 21.30 2.40 16.80 15.90 9.30 7.50 0.30 25.80 17.40 0.90 22.20 27.60 16.50 27.00 21.30 15.60 13.80 3.60
11.70 28.50 24.90 9.60 2.40 25.20 6.00 8.70 14.10 9.30 10.50 13.50 2.40 29.40 17.70 17.40 24.90 14.70 28.50 18.90
4.20 17.40 18.90 18.60 23.40 13.80 23.70 21.00 11.70 26.40 3.30 12.60 13.80 8.40 16.50 13.80 3.90 27.60 12.60 22.50
19.50 17.10 15.60 3.30 8.10 5.10 13.80 0.90 25.20 20.70 19.80 0.30 22.80 29.10 7.80 4.20 0.90 12.90 19.80 18.90
29.70 8.40 19.80 10.80 0.30 1.50 6.60 20.70 28.20 3.00 18.90 18.90 13.50 11.40 12.00 25.20 29.70 22.50 6.90 2.10
20.70 22.80 9.00 0.90 29.10 23.10 23.40 23.10 12.00 16.20 7.80 4.20 3.30 28.50 6.60 29.10 8.10 24.90 11.70 24.00
28.80 12.00 21.30 6.90 10.50 28.80 5.70 7.80 22.20 3.60 27.60 8.70 27.60 23.40 21.60 14.70 29.40 0.90 25.80 4.80
16.20 28.80 17.10 23.70 8.70 12.30 26.10 18.90 10.20 3.00 8.70 15.90 16.20 14.40 27.00 9.90 18.60 29.70 1.20 11.70
11.10 16.20 24.90 29.70 6.60 0.90 25.50 27.30 2.10 22.20 29.40 1.50 9.30 19.80 11.70 14.40 5.10 26.10 28.50 11.10
10.50 27.30 10.20 17.10 4.80 29.70 2.40 14.70 6.00 25.80 17.70 21.30 15.30 5.40 18.00 20.40 10.50 18.00 2.40 2.10
5.70 27.00 9.30 1.20 26.10 29.70 0.60 1.50 24.00 16.80 5.40 13.20 14.40 5.70 4.20 10.80 21.30 27.60 12.30 0.30
3.00 12.30 3.30 20.70 23.70 11.10 17.10 9.00 10.20 24.60 11.70 17.10 8.10 7.50 27.60 19.80 28.20 22.50 25.50 11.40
26.40 21.60 15.00 20.70 24.60 0.60 29.70 23.70 15.00 12.00 0.30 23.10 16.50 23.70 14.10 1.80 17.40 15.90 19.80 14.40
18.30 11.10 6.60 9.00 19.50 3.00 20.70 17.70 7.80 27.90 8.10 12.90 11.70 27.00 27.00 16.20 23.10 9.00 20.40 11.40
28.50 11.40 2.10 29.70 18.60 12.00 16.50 21.90 8.40 3.00 1.20 17.70 21.30 7.80 12.90 4.80 8.70 17.70 11.10 11.70
5.40 19.20 24.60 15.30 29.70 18.90 4.20 12.00 2.40 17.70 11.40 7.50 5.40 14.40 4.50 2.10 18.30 28.50 15.30 24.90
14.70 29.40 10.20 19.80 6.60 8.70 7.20 16.20 9.00 3.30 12.60 15.60 14.40 24.30 2.40 10.50 12.30 25.50 13.80 8.10
20.70 10.80 1.50 9.90 23.70 24.60 12.60 9.00 14.70 10.50 20.70 5.70 2.40 28.50 7.20 19.20 14.10 18.90 27.90 4.20
25.80 6.00 18.60 3.90 11.10 4.20 19.20 5.40 1.20 25.20 1.20 10.20 10.50 11.10 27.90 5.40 0.60 6.30 17.70 13.80
8.40 0.90 0.90 26.70 9.30 11.70 28.80 5.40 0.30 26.40 20.40 4.80 18.60 1.80 12.00 2.40 4.80 23.40 4.20 13.80
1.80 12.30 20.40 21.90 9.00 3.30 12.00 18.60 9.30 12.00 9.00 11.40 15.60 25.80 20.40 18.30 12.30 21.60 7.50 17.70
12.00 27.90 10.50 7.80 12.00 5.40 26.10 6.00 5.40 23.40 11.70 18.30 19.50 24.90 20.40 12.30 17.70 26.10 21.30 3.60
26.40 13.20 23.70 7.50 27.90 13.20 12.90 7.80 0.30 17.10 22.50 15.90 28.50 20.10 20.10 19.50 8.10 15.60 4.50 6.00
28.20 0.90 3.00 26.40 6.60 11.10 28.80 15.60 12.90 6.30 26.10 10.80 16.50 22.20 12.30 21.30 5.40 11.70 26.70 2.10
23.40 5.70 18.00 21.00 27.30 23.10 28.20 27.00 23.70 1.50 13.50 26.10 2.10 27.30 21.60 10.20 9.90 27.90 28.20 25.50
12.90 19.80 20.10 21.60 2.40 12.00 22.50 14.10 29.40 20.40 24.90 0.90 11.10 29.70 21.60 10.50 0.30 6.60 18.30 22.20
9.30 16.50 3.00 16.80 13.20 24.30 8.10 29.70 26.10 21.90 9.00 16.80 27.30 16.50 21.90 27.60 29.70 24.60 1.50 14.70
16.20 19.80 26.10 0.30 28.50 8.40 29.10 5.40 21.60 3.90 16.50 0.30 27.30 23.70 13.20 21.00 0.90 6.30 13.50 14.40
24.00 20.40 7.50 1.80 27.90 15.60 15.30 20.70 21.00 21.30 11.10 1.20 21.90 13.80 10.20 19.50 4.50 19.50 15.60 1.80
3.30 0.30 7.20 29.10 24.90 19.20 22.50 12.00 7.80 10.50 9.30 1.20 16.80 3.00 7.20 22.80 13.50 24.30 2.70 21.90
8.10 1.50 1.20 17.10 11.40 6.30 9.90 6.30 6.90 3.90 22.20 29.40 6.60 15.60 5.70 21.30 24.60 17.70 21.00 17.10
0.90 17.70 10.80 19.20 22.20 11.70 3.90 14.70 0.30 21.30 14.70 27.00 29.40 6.60 8.10 24.30 6.00 21.90 15.00 13.20
9.60 19.20 13.20 12.00 7.20 29.10 9.60 5.40 20.40 22.80 5.40 6.90 28.80 11.70 9.30 9.60 3.30 22.20 13.20 12.30
0.60 0.30 6.60 1.20 15.00 11.10 27.90 26.70 9.30 8.40 22.80 23.40 24.60 2.40 24.00 8.10 27.00 9.90 23.70 10.50
14.70 1.50 2.40 21.30 22.50 12.00 15.90 25.80 18.60 3.90 13.80 19.20 25.20 3.90 1.20 28.50 19.50 15.90 19.20 20.40
8.10 3.30 14.70 25.20 18.00 22.50 11.40 8.40 14.40 15.60 23.40 27.00 9.30 9.60 28.20 14.70 21.90 14.10 14.10 18.30
24.30 13.80 29.10 15.00 4.50 2.70 4.80 15.90 5.10 17.40 29.70 5.40 13.20 1.20 0.90 15.30 21.30 20.70 1.20 0.30
5.40 3.00 2.40 0.30 21.90 1.20 13.50 4.20 20.70 9.30 17.40 5.70 5.70 2.10 9.30 19.50 7.80 3.30 17.70 4.80
24.90 16.80 2.70 9.00 20.40 20.70 23.70 27.30 3.90 15.90 25.20 20.10 18.00 14.10 11.40 5.10 29.10 9.30 13.50 11.10
25.20 7.50 5.40 25.20 18.90 6.60 27.00 26.10 4.20 3.60 26.70 24.60 5.70 10.20 13.20 27.30 15.00 20.70 27.30 21.00
14.70 28.50 10.20 9.90 23.70 16.20 14.40 5.40 12.60 7.20 22.20 4.80 16.80 0.30 26.10 6.90 12.90 20.10 10.50 7.80
19.20 3.60 16.20 20.70 12.00 25.80 11.10 15.30 11.10 24.90 0.30 15.90 1.80 3.60 23.10 5.10 2.10 0.90 21.30 22.80
6.00 14.40 12.60 5.70 0.60 12.30 21.60 21.90 6.30 21.30 25.80 5.40 13.50 27.90 0.60 5.70 23.40 6.30 18.90 26.10
15.60 3.30 21.00 11.10 13.50 17.70 15.90 10.50 3.60 14.70 28.50 5.10 7.20 18.60 19.80 8.40 8.10 8.70 28.20 12.60
12.60 13.50 17.70 7.50 28.20 16.80 21.30 11.40 11.10 23.40 17.40 7.50 3.00 3.30 6.00 21.00 15.00 8.40 25.80 7.80
15.30 7.50 2.40 8.10 0.90 22.80 6.60 15.90 28.50 4.50 5.10 21.30 1.80 24.30 23.70 20.10 21.00 13.50 0.90 6.60
19.80 18.60 8.70 21.30 4.80 14.10 18.90 12.30 12.60 7.20 5.40 3.60 13.20 7.80 26.70 12.00 19.50 0.60 23.10 0.60
28.50 3.60 1.80 16.50 8.70 15.90 7.50 8.70 0.90 1.80 21.00 7.20 17.10 9.30 27.00 24.30 28.80 15.90 11.10 24.30
5.40 20.10 12.60 5.70 16.50 11.40 2.70 13.20 6.30 21.60 14.70 9.60 12.90 12.30 25.20 16.20 8.10 10.80 25.20 16.50
11.10 5.10 9.90 12.90 0.90 1.80 11.40 2.40 22.50 14.40 6.30 13.20 0.30 1.50 12.00 15.60 19.80 1.50 15.00 3.60
21.00 17.70 20.10 24.00 21.60 7.80 17.40 27.90 4.50 0.90 12.90 11.70 12.60 12.00 2.40 11.40 5.40 23.70 29.10 14.10
6.60 9.00 2.10 27.90 26.10 8.10 12.60 14.10 1.50 14.70 7.80 12.00 6.00 3.30 19.50 1.80 28.80 22.80 6.30 7.80
26.10 21.90 19.20 22.80 19.20 24.30 25.20 7.80 6.30 24.30 20.10 14.10 24.90 16.80 24.00 2.40 19.80 9.60 12.60 27.30
20.10 10.20 2.10 15.60 9.90 5.10 16.20 18.30 15.30 4.50 19.80 15.90 17.10 20.10 15.00 9.30 24.60 26.10 1.80 11.10
4.50 8.10 18.00 7.80 19.20 26.10 17.40 14.10 29.70 3.90 26.70 22.50 10.20 14.70 26.70 29.40 6.90 1.20 5.70 12.30
0.30 15.00 23.70 21.00 19.20 6.60 3.60 29.70 11.40 10.80 19.80 24.90 20.10 27.60 8.70 4.20 20.70 13.20 28.80 3.30
11.10 26.10 7.80 10.80 9.60 9.60 29.70 17.10 16.50 28.20 18.90 10.50 19.20 2.40 29.40 5.10 8.40 2.40 15.30 24.60
27.30 23.10 17.10 6.90 6.90 10.20 7.20 15.00 24.00 0.90 26.40 15.90 27.60 23.70 13.50 9.30 28.50 4.80 15.90 7.80
17.70 26.40 29.40 21.60 28.20 11.10 25.50 14.40 10.80 10.50 13.50 0.30 10.50 1.50 19.80 11.10 11.40 27.90 28.50 17.10
0.60 24.00 8.10 6.90 27.90 17.40 10.50 15.00 11.70 11.10 15.60 10.50 16.50 21.60 19.20 25.50 26.70 27.90 22.80 9.90
13.20 22.50 19.80 8.40 20.70 2.10 3.90 0.60 29.70 14.40 26.70 20.10 29.70 23.10 25.80 25.20 5.70 19.20 28.50 6.30
8.70 12.30 26.70 4.20 22.50 15.90 6.00 6.00 17.70 19.80 24.90 7.80 6.90 18.00 22.50 2.10 1.80 19.50 15.00 11.10
11.10 25.20 27.00 14.40 19.50 21.00 16.20 24.00 10.50 9.30 24.00 3.90 15.60 6.30 19.20 16.20 15.60 0.30 15.60 20.10
9.00 7.20 13.20 16.20 20.40 6.00 13.80 1.80 0.30 1.20 17.40 15.60 9.00 6.90 24.90 12.00 21.00 12.00 8.10 6.60
6.00 8.10 27.30 25.80 27.90 26.40 6.90 22.50 28.80 1.80 15.60 9.30 1.80 15.30 3.60 28.50 1.20 22.20 29.10 9.90
5.70 15.60 10.80 24.30 1.20 10.20 8.10 21.00 19.20 6.90 6.30 3.30 24.30 4.80 20.70 29.10 24.30 17.70 28.80 14.10
23.70 21.90 19.80 3.60 27.30 10.20 27.00 4.80 25.20 14.40 10.20 11.10 27.30 21.90 2.10 13.20 0.30 6.30 26.40 0.90
12.30 22.50 21.30 7.80 4.50 8.10 22.20 21.90 11.40 15.00 28.80 3.90 26.70 17.70 8.10 1.20 10.80 23.70 27.60 16.50
23.70 6.90 9.60 22.80 24.90 12.00 28.80 1.20 23.70 12.30 20.70 21.90 13.50 6.00 6.00 13.80 9.00 2.70 9.90 5.70
14.70 15.60 24.00 12.30 11.40 13.80 15.60 13.50 22.50 6.90 24.30 11.10 9.90 24.90 27.60 3.00 3.90 0.60 6.90 18.30
6.30 29.10 7.50 26.70 10.20 11.40 16.50 27.60 3.60 17.10 19.50 16.80 16.50 2.70 8.40 18.90 27.00 21.00 11.40 11.40
29.10 12.00 9.60 21.00 20.10 10.50 3.60 4.50 13.80 1.50 18.30 16.50 22.20 18.00 10.80 22.80 9.00 26.40 11.10 18.90
25.80 15.00 11.70 16.20 7.20 29.70 18.30 21.00 18.00 1.50 24.60 24.30 13.80 20.40 0.60 6.90 19.80 0.90 3.30 12.60
4.50 28.50 11.40 1.80 23.40 19.50 18.90 12.30 9.90 6.90 22.50 18.30 15.00 4.20 25.80 28.50 8.40 28.50 1.80 6.00
17.10 10.20 1.50 19.50 12.30 17.40 3.90 1.80 24.30 6.30 18.30 22.50 8.70 20.10 21.30 21.90 10.80 23.10 16.50 18.60
22.80 0.60 29.10 2.10 26.10 5.10 16.80 12.60 3.90 17.40 6.60 10.20 0.60 25.80 10.20 23.40 11.40 22.80 12.00 13.50
4.20 22.80 16.80 4.20 16.50 1.50 14.70 12.60 25.80 28.80 15.60 0.60 24.00 10.50 22.20 13.80 14.40 28.20 0.30 23.40
17.10 7.80 19.50 26.40 24.90 12.30 15.00 6.30 1.50 2.70 3.00 8.70 3.60 17.40 25.80 12.00 29.10 27.00 20.70 17.10
24.00 14.40 4.20 29.40 1.50 13.80 25.50 2.10 22.80 12.00 15.00 0.60 18.90 3.90 20.40 10.20 16.80 20.10 28.80 9.30
27.90 4.80 17.40 17.10 10.20 4.20 12.60 12.90 3.60 0.60 9.00 18.00 28.80 16.50 28.20 27.60 27.60 8.10 22.80 9.90
9.30 6.00 10.50 5.70 4.80 3.00 15.60 19.20 13.80 16.50 25.20 5.10 26.40 17.10 23.40 12.60 27.90 5.40 13.80 21.30
19.80 25.80 29.10 21.60 17.10 21.00 16.20 26.70 11.70 0.60 25.80 16.50 14.10 4.20 11.40 16.80 24.30 14.70 19.80 21.90
9.00 18.60 7.20 12.30 19.80 13.20 14.10 23.10 27.30 2.70 4.80 0.90 6.30 23.70 23.10 1.20 7.20 0.90 2.40 26.10
24.60 16.20 13.80 12.00 6.90 29.10 21.00 12.30 25.80 23.40 16.20 28.20 9.00 21.60 20.70 18.90 11.40 23.70 25.20 13.80
3.30 15.00 27.30 18.60 3.90 23.70 10.80 27.90 14.70 11.10 16.20 21.00 13.20 8.10 16.80 27.90 11.70 3.60 18.60 6.30
21.30 7.80 15.90 14.10 10.50 15.00 14.70 9.90 2.10 15.60 21.00 10.50 19.20 12.60 3.60 21.60 9.90 1.80 28.50 15.60
28.20 1.20 8.70 19.50 2.40 17.10 24.30 10.80 16.80 23.40 11.10 21.30 15.30 17.70 19.20 18.90 2.10 21.60 9.00 28.50
10.50 1.20 21.60 4.20 5.10 20.40 6.90 21.90 22.50 5.40 5.40 18.60 28.50 17.40 29.70 18.60 22.50 13.80 6.00 19.80
21.30 17.70 12.90 29.70 6.00 24.00 19.20 19.80 21.90 25.50 28.80 27.60 17.10 10.80 12.30 9.00 12.90 2.10 27.00 7.20
22.80 7.20 18.60 19.50 5.40 14.10 6.00 19.20 17.40 23.70 24.00 11.70 28.80 18.90 7.50 27.30 27.60 16.80 19.80 8.10
22.80 4.20 8.10 4.20 19.80 8.10 29.10 12.90 26.40 1.80 24.00 14.10 18.60 0.30 17.40 28.80 13.20 9.90 22.80 18.90
7.80 14.70 17.10 29.70 3.00 3.60 10.80 2.40 0.90 6.90 6.30 3.00 3.30 13.50 6.00 15.90 10.50 17.70 13.80 14.40
9.30 10.50 4.20 19.50 14.40 7.20 10.80 22.50 12.00 14.10 17.40 21.60 2.40 3.00 25.80 5.70 0.60 25.80 11.40 12.90
17.40 23.40 27.60 18.60 21.30 26.40 15.90 15.00 16.80 24.60 21.00 1.50 27.60 2.40 17.40 12.00 28.80 9.90 12.30 26.10
9.30 23.10 20.70 9.00 19.20 0.90 26.40 3.30 12.90 19.80 21.30 12.00 0.30 19.80 3.90 4.20 8.40 8.40 24.90 13.20
29.40 21.60 18.30 1.80 29.10 29.40 12.60 12.30 8.10 7.20 18.60 0.30 15.30 18.60 6.00 4.80 3.90 25.20 12.90 26.10
7.80 3.00 2.40 24.00 17.70 8.70 27.90 15.00 27.90 4.20 1.20 4.50 9.60 28.50 3.30 19.80 20.10 17.70 11.10 17.40
27.60 26.10 23.40 15.60 7.50 6.90 28.20 4.50 9.00 2.70 0.30 20.10 28.80 26.40 9.90 16.20 18.30 16.20 27.90 7.20
3.30 7.20 12.90 10.50 20.10 2.40 18.30 21.30 10.80 11.10 1.20 3.00 26.40 20.70 16.50 16.20 21.30 29.70 24.00 15.00
21.60 7.80 15.90 7.50 1.50 16.50 27.60 22.80 3.00 0.30 20.70 9.30 4.50 11.40 1.50 19.20 6.00 9.00 20.40 9.90
13.80 13.80 0.60 16.20 4.50 25.80 4.80 21.90 29.40 9.90 21.00 12.00 1.50 9.00 21.30 25.80 16.20 4.20 27.60 18.60
6.00 12.00 21.60 13.20 9.90 29.40 1.20 6.90 19.50 28.20 23.10 2.10 16.80 18.00 18.60 9.30 15.90 19.50 28.20 16.80
11.40 25.80 6.90 12.00 1.80 27.00 26.40 6.30 14.70 24.60 8.40 16.20 20.40 9.90 15.00 29.70 22.50 10.20 6.30 25.80
17.10 12.00 25.50 29.70 8.10 13.80 22.50 24.00 17.70 18.00 14.10 25.80 3.00 26.10 27.90 3.00 17.40 1.80 20.40 17.40
1.50 2.40 14.70 6.30 10.20 6.60 25.50 12.00 22.80 23.70 23.40 1.20 26.70 27.30 22.20 0.60 22.20 27.30 15.90 12.60
5.70 11.70 1.80 22.20 3.60 5.70 8.40 12.90 3.00 1.20 19.20 0.60 12.90 14.40 1.80 22.20 19.50 26.70 22.80 25.20
19.50 3.30 10.20 3.00 8.40 7.20 2.10 12.00 7.20 20.70 17.40 26.70 1.20 13.80 11.70 8.70 6.30 24.00 12.00 10.50
10.50 28.80 1.80 13.80 4.50 28.50 25.20 1.80 25.20 27.60 14.10 10.80 15.30 5.40 27.00 23.10 18.00 10.20 1.20 27.30
26.70 22.20 15.30 29.70 10.80 22.50 18.90 1.20 3.30 15.30 5.10 9.90 25.20 9.30 1.50 4.20 21.60 10.50 26.70 14.70
12.30 6.60 5.10 26.40 6.60 29.10 20.70 13.80 2.40 2.10 20.10 29.40 10.50 6.60 24.30 9.00 1.20 27.30 15.60 15.60
4.50 6.60 19.80 27.30 24.60 28.50 28.20 9.00 9.90 10.80 25.20 21.00 15.90 0.60 8.40 4.20 25.50 13.20 16.20 25.80
29.70 15.00 9.30 17.10 12.90 29.70 6.90 19.80 16.20 28.80 17.70 27.30 24.60 28.80 9.90 14.40 14.10 15.60 26.10 13.50
5.70 1.80 17.40 25.50 29.10 23.40 0.60 4.80 27.00 12.00 15.30 19.20 12.30 16.80 23.40 0.30 24.00 21.90 25.80 18.60
22.20 28.50 25.20 18.60 1.80 9.00 12.90 7.80 9.00 4.50 14.10 12.30 18.60 5.10 28.50 1.20 21.30 27.90 6.00 0.90
18.90 24.90 21.00 13.80 8.40 1.80 7.80 7.50 15.30 15.90 18.30 5.70 23.40 14.70 24.60 21.30 7.80 29.40 4.50 15.00
27.60 21.00 26.10 26.40 19.50 25.80 2.10 11.70 7.20 27.00 15.30 7.20 21.60 26.10 11.40 16.20 21.90 9.00 18.30 24.90
8.70 0.30 29.70 3.30 13.50 17.70 13.20 20.70 1.20 5.70 29.10 25.20 9.60 10.50 12.30 9.00 10.80 6.00 7.50 17.10
14.10 2.40 26.40 8.10 21.90 2.10 3.60 13.50 15.30 5.70 19.50 15.00 5.10 20.70 1.20 12.60 11.40 17.40 25.50 2.40
24.00 28.20 18.00 10.50 18.90 18.30 15.30 11.70 4.80 29.10 2.10 15.30 2.70 19.80 28.20 12.90 3.90 10.20 17.40 26.40
2.10 19.50 1.20 15.00 12.30 15.90 5.70 27.00 20.10 11.70 21.30 18.00 20.10 20.70 13.20 9.90 19.80 4.20 1.80 3.00
12.90 21.00 0.60 20.40 3.60 16.20 1.50 15.00 6.30 11.10 22.50 0.90 22.20 9.00 3.00 9.60 24.60 13.80 12.00 26.40
26.70 18.30 29.70 17.40 3.30 7.50 18.60 9.60 27.00 1.20 14.10 16.80 8.10 9.00 8.40 3.60 0.60 18.30 29.40 15.00
2.70 24.00 23.70 14.10 25.50 16.50 8.40 27.60 2.70 7.50 24.90 23.70 16.50 23.10 9.90 20.40 22.80 21.90 27.90 6.60
29.70 24.60 14.70 13.20 24.60 2.40 28.80 26.10 5.40 18.90 0.30 2.40 22.80 29.40 19.80 2.40 8.70 26.10 23.40 14.70
11.40 6.90 15.90 11.10 12.30 24.00 2.70 3.00 1.80 28.50 13.80 10.20 0.30 16.50 4.80 24.60 27.00 12.30 16.50 13.20
22.80 15.30 4.80 22.80 26.10 15.60 21.00 12.90 21.60 3.60 16.20 27.90 12.30 23.40 13.50 8.10 10.80 2.70 22.50 1.80
15.60 27.60 19.20 9.00 25.20 20.10 2.40 4.20 9.90 16.50 22.80 23.70 21.90 13.50 15.30 17.70 9.60 17.10 29.10 7.80
14.40 7.50 21.60 29.40 7.50 5.10 28.20 5.40 16.20 26.70 16.20 21.60 26.70 25.20 26.70 6.00 25.20 24.60 15.60 10.20
16.50 6.90 17.70 17.10 17.70 23.40 6.60 27.30 8.10 3.30 17.70 2.10 0.60 14.10 20.70 18.00 23.40 5.10 8.10 12.00
5.10 12.00 18.60 2.10 26.70 17.10 22.20 3.60 13.80 11.40 11.10 27.00 13.50 17.40 6.90 22.80 28.20 5.70 9.60 7.80
18.90 20.70 19.80 4.50 25.80 27.60 28.20 8.40 15.60 14.10 14.10 0.60 29.70 7.20 2.70 13.20 13.50 9.60 24.30 14.70
27.60 12.60 27.60 25.20 4.50 0.30 3.90 10.20 20.70 13.50 16.50 22.80 11.10 16.80 2.40 8.70 4.20 14.10 21.90 27.90
23.10 3.90 8.40 11.70 5.10 12.60 2.70 21.60 10.20 8.10 22.80 0.30 22.20 15.00 12.90 20.40 21.60 26.70 8.70 23.10
9.30 5.10 21.60 18.60 13.20 21.00 28.50 26.10 8.70 0.60 22.50 2.10 28.50 15.90 19.20 7.20 0.90 0.60 10.20 11.40
13.20 8.10 15.00 0.30 21.30 10.20 23.40 10.80 27.60 29.40 6.90 17.10 23.40 3.60 4.50 13.80 5.40 28.20 10.50 4.50
22.80 22.20 24.00 12.30 4.50 25.80 15.30 2.10 4.20 26.70 12.30 5.70 14.40 12.90 4.50 28.20 17.40 5.10 23.40 15.00
5.40 2.10 14.40 17.70 3.00 23.40 7.80 14.40 18.60 7.20 8.40 0.60 28.50 21.90 7.80 23.70 26.10 29.40 8.70 4.50
2.10 7.50 3.60 27.60 20.40 20.70 17.40 6.30 11.70 17.40 23.40 3.30 3.30 0.90 14.40 20.40 9.00 3.90 13.50 6.60
12.00 21.90 9.60 15.30 17.40 26.10 15.90 16.80 8.10 25.20 17.40 25.20 8.40 9.60 2.70 14.70 21.90 25.20 7.50 26.40
14.10 24.30 22.80 24.60 9.90 14.70 9.30 1.50 1.20 9.90 15.30 2.70 6.30 27.30 3.30 25.50 21.30 3.60 16.20 12.60
21.90 25.20 9.90 14.70 4.20 10.20 22.20 26.40 28.80 7.20 12.00 26.40 2.40 7.50 16.80 26.10 1.50 19.80 22.20 18.90
12.30 12.00 19.50 23.40 0.90 24.00 10.50 4.80 18.90 21.30 4.80 15.00 26.40 13.20 22.50 5.10 23.10 27.00 23.10 16.80
21.00 8.40 5.40 26.10 26.70 11.40 17.70 1.20 4.50 7.50 6.30 15.60 8.70 16.50 22.50 29.70 18.00 25.80 25.50 18.30
25.80 25.80 26.40 18.00 28.20 4.20 11.70 12.90 18.60 4.20 26.40 14.70 18.00 29.10 18.90 22.80 1.80 24.90 19.20 19.20
2.40 5.10 18.00 16.50 5.70 27.90 15.90 14.70 18.90 11.10 17.70 3.00 0.60 3.00 5.10 24.30 18.30 22.50 0.60 18.90
18.90 19.80 20.10 17.10 9.90 25.80 15.90 12.60 12.00 13.50 0.90 6.90 14.10 12.60 27.90 15.60 6.90 20.10 8.10 9.00
23.10 9.90 16.20 21.00 16.50 10.50 12.90 27.30 21.60 9.00 11.70 9.00 4.50 21.90 11.40 7.20 8.70 9.90 24.30 1.20
27.30 6.00 18.30 3.30 16.50 5.40 5.40 19.20 9.00 8.10 21.90 22.50 0.30 22.20 6.60 17.10 0.60 12.00 5.10 6.30
7.20 25.20 21.60 18.60 11.10 3.30 11.10 29.70 9.00 12.90 10.20 12.90 19.20 4.80 6.60 2.40 20.10 16.80 9.30 28.50
5.70 6.90 15.00 15.90 7.80 5.70 2.40 18.00 27.30 10.80 13.50 26.40 16.50 14.10 5.10 10.80 20.70 6.30 11.10 6.00
18.90 21.90 12.60 28.50 6.60 8.70 20.70 2.70 28.20 26.40 6.00 19.80 9.60 20.40 7.20 20.10 11.40 12.90 6.00 9.00
21.60 7.50 9.00 29.10 22.50 16.80 5.40 3.30 26.40 13.20 19.80 6.90 14.70 2.70 27.90 17.10 11.10 0.30 20.70 25.80
5.10 26.10 7.20 2.70 1.20 0.60 20.40 3.00 26.70 6.00 10.50 10.20 6.00 27.60 5.10 19.80 24.00 27.60 17.70 28.50
13.80 0.60 8.10 25.50 24.60 17.40 18.90 26.40 29.70 8.70 28.80 0.30 9.90 1.20 14.40 1.50 15.30 1.20 11.70 24.60
19.80 4.50 1.80 5.10 9.00 0.60 14.40 12.30 18.90 14.40 7.20 24.60 20.40 14.40 8.10 20.70 10.20 13.20 3.90 3.00
