# nJobs | nMachines
50 5
# Job Weights
65
56
14
50
71
32
92
26
27
12
20
9
22
75
2
75
76
81
2
37
57
9
7
3
97
53
50
97
41
83
36
40
78
84
87
57
70
12
13
79
3
42
85
76
51
71
22
53
91
83
# P_bar : m1 | m2 | m3 | m4 | m5
9 80 28 70 55
19 54 58 1 39
86 73 52 23 86
38 83 11 18 40
71 15 21 42 92
82 5 97 96 2
12 27 49 2 65
20 20 55 52 91
37 75 16 49 67
22 24 4 82 92
97 73 82 4 55
85 88 60 67 40
93 17 5 77 1
33 24 52 24 81
69 53 42 68 2
70 86 61 37 78
29 10 87 28 25
48 30 89 65 27
28 71 76 93 46
76 5 46 68 61
91 11 32 18 46
54 97 18 6 59
71 10 3 49 16
36 84 60 67 41
13 58 34 93 65
44 47 69 3 75
27 69 47 10 69
23 80 95 80 68
95 49 92 44 68
15 74 70 26 23
25 37 71 83 30
88 94 73 4 29
46 51 58 50 37
5 1 17 74 64
38 9 26 14 44
74 16 39 8 69
21 89 60 67 36
36 2 72 18 9
21 80 93 60 45
4 38 27 3 8
96 94 27 43 50
78 93 63 31 10
7 89 59 59 46
72 95 76 69 83
80 95 97 13 91
38 63 85 46 79
17 17 57 53 39
98 98 49 27 83
88 2 60 28 36
78 19 30 63 28
# P_hat : m1 | m2 | m3 | m4 | m5
0.90 8.00 2.80 7.00 5.50
1.90 5.40 5.80 0.10 3.90
8.60 7.30 5.20 2.30 8.60
3.80 8.30 1.10 1.80 4.00
7.10 1.50 2.10 4.20 9.20
8.20 0.50 9.70 9.60 0.20
1.20 2.70 4.90 0.20 6.50
2.00 2.00 5.50 5.20 9.10
3.70 7.50 1.60 4.90 6.70
2.20 2.40 0.40 8.20 9.20
9.70 7.30 8.20 0.40 5.50
8.50 8.80 6.00 6.70 4.00
9.30 1.70 0.50 7.70 0.10
3.30 2.40 5.20 2.40 8.10
6.90 5.30 4.20 6.80 0.20
7.00 8.60 6.10 3.70 7.80
2.90 1.00 8.70 2.80 2.50
4.80 3.00 8.90 6.50 2.70
2.80 7.10 7.60 9.30 4.60
7.60 0.50 4.60 6.80 6.10
9.10 1.10 3.20 1.80 4.60
5.40 9.70 1.80 0.60 5.90
7.10 1.00 0.30 4.90 1.60
3.60 8.40 6.00 6.70 4.10
1.30 5.80 3.40 9.30 6.50
4.40 4.70 6.90 0.30 7.50
2.70 6.90 4.70 1.00 6.90
2.30 8.00 9.50 8.00 6.80
9.50 4.90 9.20 4.40 6.80
1.50 7.40 7.00 2.60 2.30
2.50 3.70 7.10 8.30 3.00
8.80 9.40 7.30 0.40 2.90
4.60 5.10 5.80 5.00 3.70
0.50 0.10 1.70 7.40 6.40
3.80 0.90 2.60 1.40 4.40
7.40 1.60 3.90 0.80 6.90
2.10 8.90 6.00 6.70 3.60
3.60 0.20 7.20 1.80 0.90
2.10 8.00 9.30 6.00 4.50
0.40 3.80 2.70 0.30 0.80
9.60 9.40 2.70 4.30 5.00
7.80 9.30 6.30 3.10 1.00
0.70 8.90 5.90 5.90 4.60
7.20 9.50 7.60 6.90 8.30
8.00 9.50 9.70 1.30 9.10
3.80 6.30 8.50 4.60 7.90
1.70 1.70 5.70 5.30 3.90
9.80 9.80 4.90 2.70 8.30
8.80 0.20 6.00 2.80 3.60
7.80 1.90 3.00 6.30 2.80
