# nJobs | nMachines
20 20
# Job Weights
6
87
73
96
95
50
93
6
8
42
16
93
41
86
18
89
78
65
46
67
# P_bar : m1 | m2 | m3 | m4 | m5 | m6 | m7 | m8 | m9 | m10 | m11 | m12 | m13 | m14 | m15 | m16 | m17 | m18 | m19 | m20
74 60 98 54 85 31 14 92 28 51 64 48 30 84 9 93 71 72 33 85
15 62 79 41 65 73 32 39 70 6 96 6 94 24 1 44 34 65 95 47
51 9 24 7 90 51 43 99 27 75 13 34 52 84 66 2 40 20 7 54
4 59 25 98 43 29 30 47 4 81 9 22 49 16 57 87 57 67 34 31
36 28 57 75 61 29 92 20 60 35 17 12 32 87 90 93 29 61 6 31
61 61 38 24 39 25 64 84 55 34 19 78 61 22 61 23 78 69 34 83
65 81 81 57 82 44 72 32 92 22 52 87 30 51 90 92 99 19 62 28
25 53 50 32 95 64 16 66 55 62 1 24 6 27 60 51 88 63 97 70
55 86 49 56 94 85 38 85 49 90 54 87 33 87 40 5 40 50 7 49
70 77 19 8 58 92 91 79 81 65 86 10 33 87 38 32 40 68 18 27
18 19 14 52 64 23 61 83 19 8 90 46 42 34 25 69 35 7 8 40
81 67 59 63 41 26 10 3 8 57 26 16 87 99 15 92 57 93 39 37
22 52 36 97 36 2 10 44 36 14 16 11 55 37 89 21 56 58 86 55
3 17 5 95 26 36 72 34 32 19 39 73 13 14 5 77 65 31 58 59
48 80 46 55 98 94 29 79 79 28 51 24 39 59 81 95 63 97 35 46
74 11 62 19 39 53 28 51 84 17 4 16 20 13 16 17 48 89 12 25
82 91 98 91 5 72 64 29 52 6 18 68 9 17 28 47 24 5 50 34
19 61 4 62 87 79 61 40 61 49 35 14 57 33 58 1 40 98 44 84
84 55 39 29 87 58 42 63 92 79 65 92 83 31 98 13 20 41 81 72
83 2 90 56 31 91 80 40 31 76 5 93 2 18 90 73 21 81 89 32
# P_hat : m1 | m2 | m3 | m4 | m5 | m6 | m7 | m8 | m9 | m10 | m11 | m12 | m13 | m14 | m15 | m16 | m17 | m18 | m19 | m20
14.80 12.00 19.60 10.80 17.00 6.20 2.80 18.40 5.60 10.20 12.80 9.60 6.00 16.80 1.80 18.60 14.20 14.40 6.60 17.00
3.00 12.40 15.80 8.20 13.00 14.60 6.40 7.80 14.00 1.20 19.20 1.20 18.80 4.80 0.20 8.80 6.80 13.00 19.00 9.40
10.20 1.80 4.80 1.40 18.00 10.20 8.60 19.80 5.40 15.00 2.60 6.80 10.40 16.80 13.20 0.40 8.00 4.00 1.40 10.80
0.80 11.80 5.00 19.60 8.60 5.80 6.00 9.40 0.80 16.20 1.80 4.40 9.80 3.20 11.40 17.40 11.40 13.40 6.80 6.20
7.20 5.60 11.40 15.00 12.20 5.80 18.40 4.00 12.00 7.00 3.40 2.40 6.40 17.40 18.00 18.60 5.80 12.20 1.20 6.20
12.20 12.20 7.60 4.80 7.80 5.00 12.80 16.80 11.00 6.80 3.80 15.60 12.20 4.40 12.20 4.60 15.60 13.80 6.80 16.60
13.00 16.20 16.20 11.40 16.40 8.80 14.40 6.40 18.40 4.40 10.40 17.40 6.00 10.20 18.00 18.40 19.80 3.80 12.40 5.60
5.00 10.60 10.00 6.40 19.00 12.80 3.20 13.20 11.00 12.40 0.20 4.80 1.20 5.40 12.00 10.20 17.60 12.60 19.40 14.00
11.00 17.20 9.80 11.20 18.80 17.00 7.60 17.00 9.80 18.00 10.80 17.40 6.60 17.40 8.00 1.00 8.00 10.00 1.40 9.80
14.00 15.40 3.80 1.60 11.60 18.40 18.20 15.80 16.20 13.00 17.20 2.00 6.60 17.40 7.60 6.40 8.00 13.60 3.60 5.40
3.60 3.80 2.80 10.40 12.80 4.60 12.20 16.60 3.80 1.60 18.00 9.20 8.40 6.80 5.00 13.80 7.00 1.40 1.60 8.00
16.20 13.40 11.80 12.60 8.20 5.20 2.00 0.60 1.60 11.40 5.20 3.20 17.40 19.80 3.00 18.40 11.40 18.60 7.80 7.40
4.40 10.40 7.20 19.40 7.20 0.40 2.00 8.80 7.20 2.80 3.20 2.20 11.00 7.40 17.80 4.20 11.20 11.60 17.20 11.00
0.60 3.40 1.00 19.00 5.20 7.20 14.40 6.80 6.40 3.80 7.80 14.60 2.60 2.80 1.00 15.40 13.00 6.20 11.60 11.80
9.60 16.00 9.20 11.00 19.60 18.80 5.80 15.80 15.80 5.60 10.20 4.80 7.80 11.80 16.20 19.00 12.60 19.40 7.00 9.20
14.80 2.20 12.40 3.80 7.80 10.60 5.60 10.20 16.80 3.40 0.80 3.20 4.00 2.60 3.20 3.40 9.60 17.80 2.40 5.00
16.40 18.20 19.60 18.20 1.00 14.40 12.80 5.80 10.40 1.20 3.60 13.60 1.80 3.40 5.60 9.40 4.80 1.00 10.00 6.80
3.80 12.20 0.80 12.40 17.40 15.80 12.20 8.00 12.20 9.80 7.00 2.80 11.40 6.60 11.60 0.20 8.00 19.60 8.80 16.80
16.80 11.00 7.80 5.80 17.40 11.60 8.40 12.60 18.40 15.80 13.00 18.40 16.60 6.20 19.60 2.60 4.00 8.20 16.20 14.40
16.60 0.40 18.00 11.20 6.20 18.20 16.00 8.00 6.20 15.20 1.00 18.60 0.40 3.60 18.00 14.60 4.20 16.20 17.80 6.40
