# nJobs | nMachines
100 10
# Job Weights
48
83
84
10
64
68
58
81
92
54
75
77
44
92
41
4
37
72
67
48
24
90
56
33
27
97
16
44
92
85
52
34
13
29
65
10
54
55
10
30
39
45
40
15
26
13
45
52
52
31
24
73
97
39
74
41
19
4
17
12
45
97
67
69
36
31
3
91
9
87
42
73
52
94
93
57
53
12
77
94
20
84
76
60
47
77
92
6
69
65
55
89
30
20
1
81
1
25
46
45
# P_bar : m1 | m2 | m3 | m4 | m5 | m6 | m7 | m8 | m9 | m10
30 98 75 45 56 56 63 94 63 72
26 1 92 57 59 76 47 73 77 52
71 11 78 14 22 27 36 7 44 40
3 71 26 59 2 87 26 25 15 79
56 3 54 10 46 7 80 9 45 70
61 59 3 18 4 68 14 31 82 53
21 80 46 87 31 9 50 13 54 32
2 50 29 40 90 8 44 54 59 47
18 33 39 21 2 45 43 11 10 70
76 22 10 59 75 54 94 81 21 38
77 97 65 92 25 23 72 25 40 76
37 69 74 12 58 13 89 61 30 19
2 91 97 88 59 91 22 34 23 46
9 64 31 51 39 82 16 98 73 52
75 44 35 49 27 25 2 53 94 60
61 85 53 85 97 92 23 26 4 49
96 94 57 93 84 21 92 91 47 60
44 8 27 60 40 35 25 43 63 1
24 26 1 20 22 81 63 23 42 19
8 8 11 41 29 51 90 29 29 12
6 23 33 94 95 48 98 38 20 76
8 8 41 46 70 47 74 51 43 12
90 93 78 5 25 34 23 13 93 65
15 36 42 20 92 19 4 97 1 22
48 5 20 89 45 82 30 94 59 7
95 66 86 43 57 57 8 27 23 26
88 69 60 88 26 72 76 90 59 40
62 73 42 47 47 19 28 2 12 34
53 63 42 86 12 38 79 14 11 99
23 47 59 13 96 70 47 36 47 95
60 14 53 54 67 96 92 48 62 76
89 38 55 46 1 38 19 71 54 7
84 40 43 84 79 41 17 25 42 25
28 86 70 73 23 90 15 1 5 55
79 3 99 10 33 18 76 58 64 96
45 39 9 92 11 15 68 64 24 42
14 68 20 73 77 25 74 47 39 44
72 32 26 19 4 61 13 2 30 42
31 26 72 41 56 54 12 29 76 21
32 83 20 44 12 27 84 18 20 15
25 7 32 39 86 15 33 52 35 99
88 37 21 83 10 66 32 6 45 41
35 81 28 24 48 27 24 32 42 55
66 66 23 85 56 5 37 54 7 17
85 67 2 14 10 48 7 6 23 20
20 12 37 31 52 67 12 47 40 55
3 50 23 62 1 22 24 55 59 72
18 55 77 60 30 46 56 60 28 57
66 8 86 1 41 56 10 88 68 81
74 35 13 80 68 41 16 65 84 57
75 81 94 92 34 22 97 31 38 84
39 72 2 11 60 70 38 94 14 89
14 5 22 47 48 13 70 78 55 66
58 6 18 41 61 12 60 84 22 89
27 37 10 91 83 30 31 88 88 59
42 75 43 82 76 46 5 80 57 17
44 53 25 1 32 6 1 6 86 98
91 57 46 4 17 81 37 5 84 22
49 16 3 71 61 59 86 3 22 3
16 29 20 89 84 28 27 62 39 75
80 98 88 89 25 96 49 48 48 41
39 82 56 82 50 82 27 97 84 63
83 33 58 38 62 38 2 93 91 5
19 25 43 58 32 40 36 34 55 69
39 12 37 92 54 42 24 23 23 12
64 55 19 34 40 58 99 76 42 14
59 17 16 77 3 86 55 33 10 93
19 15 4 81 43 72 31 84 63 86
59 93 8 92 17 45 63 77 78 93
63 2 25 27 49 98 34 80 56 14
72 56 68 5 36 71 86 59 9 88
77 28 12 11 89 77 35 57 40 28
39 49 73 98 61 91 11 91 99 56
44 75 73 11 67 78 32 4 34 60
25 81 47 27 93 41 20 54 40 8
4 62 43 13 53 52 15 31 44 70
73 25 16 48 55 45 14 2 18 88
4 1 13 77 60 39 5 21 79 29
3 91 42 52 21 3 30 58 28 33
27 70 42 58 59 11 61 90 44 91
64 49 78 50 38 17 60 91 12 78
12 47 47 98 98 91 47 41 6 2
97 93 45 61 79 10 1 65 68 46
43 21 45 20 98 53 94 87 66 42
7 77 21 17 83 71 82 87 29 89
54 6 28 23 3 55 72 91 43 5
29 93 87 58 70 7 85 46 13 51
72 68 24 76 3 27 89 40 89 76
75 98 85 51 47 35 96 95 61 57
76 12 35 5 49 18 79 95 8 78
36 72 83 63 60 82 12 44 90 31
74 16 34 33 73 37 17 13 82 5
96 20 54 86 8 89 60 61 88 19
88 92 35 16 37 60 16 67 16 95
66 31 43 57 43 25 24 37 63 37
62 17 28 14 36 60 97 82 70 6
3 24 4 78 47 28 95 84 72 38
25 43 39 69 80 17 5 75 93 36
40 7 98 66 7 91 35 9 97 39
4 92 72 27 66 94 92 4 3 36
# P_hat : m1 | m2 | m3 | m4 | m5 | m6 | m7 | m8 | m9 | m10
12.00 39.20 30.00 18.00 22.40 22.40 25.20 37.60 25.20 28.80
10.40 0.40 36.80 22.80 23.60 30.40 18.80 29.20 30.80 20.80
28.40 4.40 31.20 5.60 8.80 10.80 14.40 2.80 17.60 16.00
1.20 28.40 10.40 23.60 0.80 34.80 10.40 10.00 6.00 31.60
22.40 1.20 21.60 4.00 18.40 2.80 32.00 3.60 18.00 28.00
24.40 23.60 1.20 7.20 1.60 27.20 5.60 12.40 32.80 21.20
8.40 32.00 18.40 34.80 12.40 3.60 20.00 5.20 21.60 12.80
0.80 20.00 11.60 16.00 36.00 3.20 17.60 21.60 23.60 18.80
7.20 13.20 15.60 8.40 0.80 18.00 17.20 4.40 4.00 28.00
30.40 8.80 4.00 23.60 30.00 21.60 37.60 32.40 8.40 15.20
30.80 38.80 26.00 36.80 10.00 9.20 28.80 10.00 16.00 30.40
14.80 27.60 29.60 4.80 23.20 5.20 35.60 24.40 12.00 7.60
0.80 36.40 38.80 35.20 23.60 36.40 8.80 13.60 9.20 18.40
3.60 25.60 12.40 20.40 15.60 32.80 6.40 39.20 29.20 20.80
30.00 17.60 14.00 19.60 10.80 10.00 0.80 21.20 37.60 24.00
24.40 34.00 21.20 34.00 38.80 36.80 9.20 10.40 1.60 19.60
38.40 37.60 22.80 37.20 33.60 8.40 36.80 36.40 18.80 24.00
17.60 3.20 10.80 24.00 16.00 14.00 10.00 17.20 25.20 0.40
9.60 10.40 0.40 8.00 8.80 32.40 25.20 9.20 16.80 7.60
3.20 3.20 4.40 16.40 11.60 20.40 36.00 11.60 11.60 4.80
2.40 9.20 13.20 37.60 38.00 19.20 39.20 15.20 8.00 30.40
3.20 3.20 16.40 18.40 28.00 18.80 29.60 20.40 17.20 4.80
36.00 37.20 31.20 2.00 10.00 13.60 9.20 5.20 37.20 26.00
6.00 14.40 16.80 8.00 36.80 7.60 1.60 38.80 0.40 8.80
19.20 2.00 8.00 35.60 18.00 32.80 12.00 37.60 23.60 2.80
38.00 26.40 34.40 17.20 22.80 22.80 3.20 10.80 9.20 10.40
35.20 27.60 24.00 35.20 10.40 28.80 30.40 36.00 23.60 16.00
24.80 29.20 16.80 18.80 18.80 7.60 11.20 0.80 4.80 13.60
21.20 25.20 16.80 34.40 4.80 15.20 31.60 5.60 4.40 39.60
9.20 18.80 23.60 5.20 38.40 28.00 18.80 14.40 18.80 38.00
24.00 5.60 21.20 21.60 26.80 38.40 36.80 19.20 24.80 30.40
35.60 15.20 22.00 18.40 0.40 15.20 7.60 28.40 21.60 2.80
33.60 16.00 17.20 33.60 31.60 16.40 6.80 10.00 16.80 10.00
11.20 34.40 28.00 29.20 9.20 36.00 6.00 0.40 2.00 22.00
31.60 1.20 39.60 4.00 13.20 7.20 30.40 23.20 25.60 38.40
18.00 15.60 3.60 36.80 4.40 6.00 27.20 25.60 9.60 16.80
5.60 27.20 8.00 29.20 30.80 10.00 29.60 18.80 15.60 17.60
28.80 12.80 10.40 7.60 1.60 24.40 5.20 0.80 12.00 16.80
12.40 10.40 28.80 16.40 22.40 21.60 4.80 11.60 30.40 8.40
12.80 33.20 8.00 17.60 4.80 10.80 33.60 7.20 8.00 6.00
10.00 2.80 12.80 15.60 34.40 6.00 13.20 20.80 14.00 39.60
35.20 14.80 8.40 33.20 4.00 26.40 12.80 2.40 18.00 16.40
14.00 32.40 11.20 9.60 19.20 10.80 9.60 12.80 16.80 22.00
26.40 26.40 9.20 34.00 22.40 2.00 14.80 21.60 2.80 6.80
34.00 26.80 0.80 5.60 4.00 19.20 2.80 2.40 9.20 8.00
8.00 4.80 14.80 12.40 20.80 26.80 4.80 18.80 16.00 22.00
1.20 20.00 9.20 24.80 0.40 8.80 9.60 22.00 23.60 28.80
7.20 22.00 30.80 24.00 12.00 18.40 22.40 24.00 11.20 22.80
26.40 3.20 34.40 0.40 16.40 22.40 4.00 35.20 27.20 32.40
29.60 14.00 5.20 32.00 27.20 16.40 6.40 26.00 33.60 22.80
30.00 32.40 37.60 36.80 13.60 8.80 38.80 12.40 15.20 33.60
15.60 28.80 0.80 4.40 24.00 28.00 15.20 37.60 5.60 35.60
5.60 2.00 8.80 18.80 19.20 5.20 28.00 31.20 22.00 26.40
23.20 2.40 7.20 16.40 24.40 4.80 24.00 33.60 8.80 35.60
10.80 14.80 4.00 36.40 33.20 12.00 12.40 35.20 35.20 23.60
16.80 30.00 17.20 32.80 30.40 18.40 2.00 32.00 22.80 6.80
17.60 21.20 10.00 0.40 12.80 2.40 0.40 2.40 34.40 39.20
36.40 22.80 18.40 1.60 6.80 32.40 14.80 2.00 33.60 8.80
19.60 6.40 1.20 28.40 24.40 23.60 34.40 1.20 8.80 1.20
6.40 11.60 8.00 35.60 33.60 11.20 10.80 24.80 15.60 30.00
32.00 39.20 35.20 35.60 10.00 38.40 19.60 19.20 19.20 16.40
15.60 32.80 22.40 32.80 20.00 32.80 10.80 38.80 33.60 25.20
33.20 13.20 23.20 15.20 24.80 15.20 0.80 37.20 36.40 2.00
7.60 10.00 17.20 23.20 12.80 16.00 14.40 13.60 22.00 27.60
15.60 4.80 14.80 36.80 21.60 16.80 9.60 9.20 9.20 4.80
25.60 22.00 7.60 13.60 16.00 23.20 39.60 30.40 16.80 5.60
23.60 6.80 6.40 30.80 1.20 34.40 22.00 13.20 4.00 37.20
7.60 6.00 1.60 32.40 17.20 28.80 12.40 33.60 25.20 34.40
23.60 37.20 3.20 36.80 6.80 18.00 25.20 30.80 31.20 37.20
25.20 0.80 10.00 10.80 19.60 39.20 13.60 32.00 22.40 5.60
28.80 22.40 27.20 2.00 14.40 28.40 34.40 23.60 3.60 35.20
30.80 11.20 4.80 4.40 35.60 30.80 14.00 22.80 16.00 11.20
15.60 19.60 29.20 39.20 24.40 36.40 4.40 36.40 39.60 22.40
17.60 30.00 29.20 4.40 26.80 31.20 12.80 1.60 13.60 24.00
10.00 32.40 18.80 10.80 37.20 16.40 8.00 21.60 16.00 3.20
1.60 24.80 17.20 5.20 21.20 20.80 6.00 12.40 17.60 28.00
29.20 10.00 6.40 19.20 22.00 18.00 5.60 0.80 7.20 35.20
1.60 0.40 5.20 30.80 24.00 15.60 2.00 8.40 31.60 11.60
1.20 36.40 16.80 20.80 8.40 1.20 12.00 23.20 11.20 13.20
10.80 28.00 16.80 23.20 23.60 4.40 24.40 36.00 17.60 36.40
25.60 19.60 31.20 20.00 15.20 6.80 24.00 36.40 4.80 31.20
4.80 18.80 18.80 39.20 39.20 36.40 18.80 16.40 2.40 0.80
38.80 37.20 18.00 24.40 31.60 4.00 0.40 26.00 27.20 18.40
17.20 8.40 18.00 8.00 39.20 21.20 37.60 34.80 26.40 16.80
2.80 30.80 8.40 6.80 33.20 28.40 32.80 34.80 11.60 35.60
21.60 2.40 11.20 9.20 1.20 22.00 28.80 36.40 17.20 2.00
11.60 37.20 34.80 23.20 28.00 2.80 34.00 18.40 5.20 20.40
28.80 27.20 9.60 30.40 1.20 10.80 35.60 16.00 35.60 30.40
30.00 39.20 34.00 20.40 18.80 14.00 38.40 38.00 24.40 22.80
30.40 4.80 14.00 2.00 19.60 7.20 31.60 38.00 3.20 31.20
14.40 28.80 33.20 25.20 24.00 32.80 4.80 17.60 36.00 12.40
29.60 6.40 13.60 13.20 29.20 14.80 6.80 5.20 32.80 2.00
38.40 8.00 21.60 34.40 3.20 35.60 24.00 24.40 35.20 7.60
35.20 36.80 14.00 6.40 14.80 24.00 6.40 26.80 6.40 38.00
26.40 12.40 17.20 22.80 17.20 10.00 9.60 14.80 25.20 14.80
24.80 6.80 11.20 5.60 14.40 24.00 38.80 32.80 28.00 2.40
1.20 9.60 1.60 31.20 18.80 11.20 38.00 33.60 28.80 15.20
10.00 17.20 15.60 27.60 32.00 6.80 2.00 30.00 37.20 14.40
16.00 2.80 39.20 26.40 2.80 36.40 14.00 3.60 38.80 15.60
1.60 36.80 28.80 10.80 26.40 37.60 36.80 1.60 1.20 14.40
