# nJobs | nMachines
20 10
# Job Weights
47
63
74
17
44
7
25
87
24
30
46
84
73
48
47
77
43
78
84
84
# P_bar : m1 | m2 | m3 | m4 | m5 | m6 | m7 | m8 | m9 | m10
74 70 84 63 72 78 33 87 3 28
26 92 20 61 91 58 70 20 86 36
84 36 64 46 21 53 10 71 3 39
41 70 44 6 70 17 45 95 89 63
3 37 69 83 12 36 70 71 57 66
46 36 63 49 67 3 2 99 27 44
39 42 94 78 65 83 92 79 28 18
90 34 86 84 90 91 50 19 88 67
62 29 66 97 47 73 54 41 48 17
63 80 97 56 82 81 64 74 26 84
74 91 25 76 62 74 44 8 58 9
4 56 90 9 3 2 4 55 6 33
37 71 12 38 84 31 99 87 33 80
75 14 62 21 30 37 43 87 3 27
72 31 83 80 91 78 43 37 25 42
30 75 32 47 5 74 11 52 61 60
43 80 12 24 11 51 60 36 93 96
95 73 38 95 41 41 53 6 69 81
41 32 22 80 14 78 45 42 53 31
97 56 92 65 28 26 63 30 47 88
# P_hat : m1 | m2 | m3 | m4 | m5 | m6 | m7 | m8 | m9 | m10
14.80 14.00 16.80 12.60 14.40 15.60 6.60 17.40 0.60 5.60
5.20 18.40 4.00 12.20 18.20 11.60 14.00 4.00 17.20 7.20
16.80 7.20 12.80 9.20 4.20 10.60 2.00 14.20 0.60 7.80
8.20 14.00 8.80 1.20 14.00 3.40 9.00 19.00 17.80 12.60
0.60 7.40 13.80 16.60 2.40 7.20 14.00 14.20 11.40 13.20
9.20 7.20 12.60 9.80 13.40 0.60 0.40 19.80 5.40 8.80
7.80 8.40 18.80 15.60 13.00 16.60 18.40 15.80 5.60 3.60
18.00 6.80 17.20 16.80 18.00 18.20 10.00 3.80 17.60 13.40
12.40 5.80 13.20 19.40 9.40 14.60 10.80 8.20 9.60 3.40
12.60 16.00 19.40 11.20 16.40 16.20 12.80 14.80 5.20 16.80
14.80 18.20 5.00 15.20 12.40 14.80 8.80 1.60 11.60 1.80
0.80 11.20 18.00 1.80 0.60 0.40 0.80 11.00 1.20 6.60
7.40 14.20 2.40 7.60 16.80 6.20 19.80 17.40 6.60 16.00
15.00 2.80 12.40 4.20 6.00 7.40 8.60 17.40 0.60 5.40
14.40 6.20 16.60 16.00 18.20 15.60 8.60 7.40 5.00 8.40
6.00 15.00 6.40 9.40 1.00 14.80 2.20 10.40 12.20 12.00
8.60 16.00 2.40 4.80 2.20 10.20 12.00 7.20 18.60 19.20
19.00 14.60 7.60 19.00 8.20 8.20 10.60 1.20 13.80 16.20
8.20 6.40 4.40 16.00 2.80 15.60 9.00 8.40 10.60 6.20
19.40 11.20 18.40 13.00 5.60 5.20 12.60 6.00 9.40 17.60
