# nJobs | nMachines
50 10
# Job Weights
16
62
83
9
89
15
67
23
23
23
76
89
68
40
17
97
47
69
51
28
23
64
16
68
21
36
48
13
91
57
68
42
69
13
22
95
38
91
86
16
24
12
69
65
41
51
20
41
9
63
# P_bar : m1 | m2 | m3 | m4 | m5 | m6 | m7 | m8 | m9 | m10
65 55 87 38 38 22 34 99 81 50
4 99 72 19 90 63 88 59 51 99
10 12 33 37 23 63 4 6 80 94
87 40 50 75 59 38 98 45 55 1
31 7 77 8 15 53 83 6 52 73
52 8 83 63 72 73 76 27 64 58
35 14 89 91 63 37 89 31 2 1
89 68 90 38 48 68 22 95 59 8
28 4 26 92 94 38 23 91 88 41
45 63 93 25 12 10 70 94 11 97
24 27 8 19 63 74 69 21 68 67
68 61 86 42 46 27 30 72 16 1
94 65 39 89 60 84 11 65 75 58
71 7 13 80 72 65 89 41 94 73
70 14 59 11 33 40 79 9 43 62
2 16 99 84 50 97 29 56 23 9
83 3 98 33 25 82 52 33 5 88
85 31 76 42 14 98 68 98 53 6
97 56 52 51 20 50 14 11 76 34
65 67 43 18 50 23 99 51 60 5
64 74 79 56 32 66 4 7 51 59
38 59 64 83 87 56 3 94 96 16
54 81 4 49 42 30 4 43 50 13
26 43 19 14 70 27 33 47 38 80
40 57 45 1 92 36 98 77 28 54
75 11 80 23 10 19 44 89 8 96
59 32 15 72 75 28 34 53 70 48
38 21 43 24 57 66 13 34 51 72
40 73 37 63 30 70 78 79 77 96
89 75 49 15 45 79 15 85 83 91
64 46 36 33 91 21 25 4 71 49
84 34 33 93 20 26 35 12 41 92
47 50 83 5 32 81 16 99 60 3
62 47 28 78 9 61 37 80 25 45
74 22 46 33 72 19 69 42 38 28
38 81 71 91 11 91 82 89 97 37
79 42 59 56 5 43 13 85 13 51
57 4 15 99 17 34 51 46 5 96
8 49 50 29 66 85 48 4 58 88
46 24 53 15 17 73 53 58 22 83
27 54 51 54 92 82 13 17 17 24
28 29 56 46 10 15 46 98 51 58
62 87 76 2 93 65 39 71 52 21
34 38 48 90 36 42 1 81 15 25
18 19 11 96 40 48 72 26 1 12
63 65 35 93 74 28 28 80 99 85
74 23 88 3 99 25 20 70 62 58
26 77 59 53 86 84 90 49 72 48
28 71 51 97 29 37 84 24 45 37
78 90 13 51 70 88 38 41 90 3
# P_hat : m1 | m2 | m3 | m4 | m5 | m6 | m7 | m8 | m9 | m10
32.50 27.50 43.50 19.00 19.00 11.00 17.00 49.50 40.50 25.00
2.00 49.50 36.00 9.50 45.00 31.50 44.00 29.50 25.50 49.50
5.00 6.00 16.50 18.50 11.50 31.50 2.00 3.00 40.00 47.00
43.50 20.00 25.00 37.50 29.50 19.00 49.00 22.50 27.50 0.50
15.50 3.50 38.50 4.00 7.50 26.50 41.50 3.00 26.00 36.50
26.00 4.00 41.50 31.50 36.00 36.50 38.00 13.50 32.00 29.00
17.50 7.00 44.50 45.50 31.50 18.50 44.50 15.50 1.00 0.50
44.50 34.00 45.00 19.00 24.00 34.00 11.00 47.50 29.50 4.00
14.00 2.00 13.00 46.00 47.00 19.00 11.50 45.50 44.00 20.50
22.50 31.50 46.50 12.50 6.00 5.00 35.00 47.00 5.50 48.50
12.00 13.50 4.00 9.50 31.50 37.00 34.50 10.50 34.00 33.50
34.00 30.50 43.00 21.00 23.00 13.50 15.00 36.00 8.00 0.50
47.00 32.50 19.50 44.50 30.00 42.00 5.50 32.50 37.50 29.00
35.50 3.50 6.50 40.00 36.00 32.50 44.50 20.50 47.00 36.50
35.00 7.00 29.50 5.50 16.50 20.00 39.50 4.50 21.50 31.00
1.00 8.00 49.50 42.00 25.00 48.50 14.50 28.00 11.50 4.50
41.50 1.50 49.00 16.50 12.50 41.00 26.00 16.50 2.50 44.00
42.50 15.50 38.00 21.00 7.00 49.00 34.00 49.00 26.50 3.00
48.50 28.00 26.00 25.50 10.00 25.00 7.00 5.50 38.00 17.00
32.50 33.50 21.50 9.00 25.00 11.50 49.50 25.50 30.00 2.50
32.00 37.00 39.50 28.00 16.00 33.00 2.00 3.50 25.50 29.50
19.00 29.50 32.00 41.50 43.50 28.00 1.50 47.00 48.00 8.00
27.00 40.50 2.00 24.50 21.00 15.00 2.00 21.50 25.00 6.50
13.00 21.50 9.50 7.00 35.00 13.50 16.50 23.50 19.00 40.00
20.00 28.50 22.50 0.50 46.00 18.00 49.00 38.50 14.00 27.00
37.50 5.50 40.00 11.50 5.00 9.50 22.00 44.50 4.00 48.00
29.50 16.00 7.50 36.00 37.50 14.00 17.00 26.50 35.00 24.00
19.00 10.50 21.50 12.00 28.50 33.00 6.50 17.00 25.50 36.00
20.00 36.50 18.50 31.50 15.00 35.00 39.00 39.50 38.50 48.00
44.50 37.50 24.50 7.50 22.50 39.50 7.50 42.50 41.50 45.50
32.00 23.00 18.00 16.50 45.50 10.50 12.50 2.00 35.50 24.50
42.00 17.00 16.50 46.50 10.00 13.00 17.50 6.00 20.50 46.00
23.50 25.00 41.50 2.50 16.00 40.50 8.00 49.50 30.00 1.50
31.00 23.50 14.00 39.00 4.50 30.50 18.50 40.00 12.50 22.50
37.00 11.00 23.00 16.50 36.00 9.50 34.50 21.00 19.00 14.00
19.00 40.50 35.50 45.50 5.50 45.50 41.00 44.50 48.50 18.50
39.50 21.00 29.50 28.00 2.50 21.50 6.50 42.50 6.50 25.50
28.50 2.00 7.50 49.50 8.50 17.00 25.50 23.00 2.50 48.00
4.00 24.50 25.00 14.50 33.00 42.50 24.00 2.00 29.00 44.00
23.00 12.00 26.50 7.50 8.50 36.50 26.50 29.00 11.00 41.50
13.50 27.00 25.50 27.00 46.00 41.00 6.50 8.50 8.50 12.00
14.00 14.50 28.00 23.00 5.00 7.50 23.00 49.00 25.50 29.00
31.00 43.50 38.00 1.00 46.50 32.50 19.50 35.50 26.00 10.50
17.00 19.00 24.00 45.00 18.00 21.00 0.50 40.50 7.50 12.50
9.00 9.50 5.50 48.00 20.00 24.00 36.00 13.00 0.50 6.00
31.50 32.50 17.50 46.50 37.00 14.00 14.00 40.00 49.50 42.50
37.00 11.50 44.00 1.50 49.50 12.50 10.00 35.00 31.00 29.00
13.00 38.50 29.50 26.50 43.00 42.00 45.00 24.50 36.00 24.00
14.00 35.50 25.50 48.50 14.50 18.50 42.00 12.00 22.50 18.50
39.00 45.00 6.50 25.50 35.00 44.00 19.00 20.50 45.00 1.50
