# nJobs | nMachines
20 20
# Job Weights
3
77
76
50
50
16
74
55
74
97
22
42
49
82
17
63
63
1
33
43
# P_bar : m1 | m2 | m3 | m4 | m5 | m6 | m7 | m8 | m9 | m10 | m11 | m12 | m13 | m14 | m15 | m16 | m17 | m18 | m19 | m20
50 78 36 85 9 75 46 73 71 7 49 3 60 12 75 31 70 20 88 9
90 56 43 88 92 64 94 3 49 40 49 53 88 47 19 61 78 78 30 41
39 9 10 60 98 96 6 56 36 33 15 59 15 46 60 47 41 38 34 22
34 43 19 98 44 95 19 73 87 64 18 7 26 17 87 32 9 26 33 34
66 84 55 4 51 22 20 80 8 5 65 65 11 43 27 34 47 64 21 83
81 73 48 99 8 41 51 82 25 25 55 58 16 16 48 69 94 62 7 55
27 66 85 53 31 26 85 36 76 89 1 24 55 91 72 32 26 11 94 3
48 38 70 21 15 33 92 98 73 95 79 55 59 94 88 1 65 38 10 8
46 83 82 33 47 68 43 90 80 58 10 26 81 73 48 1 17 68 73 75
68 57 39 53 31 9 75 46 6 83 37 40 53 89 59 80 42 37 85 30
48 97 91 63 80 81 70 10 6 28 77 89 92 12 74 19 59 74 82 57
92 52 82 18 83 28 70 46 33 35 80 94 23 58 86 57 80 9 62 65
78 77 85 45 20 61 36 65 79 74 79 51 55 25 49 98 7 65 99 89
84 13 17 29 84 69 31 83 10 5 84 74 79 24 94 37 75 16 67 60
93 12 6 43 69 37 76 75 93 6 93 54 13 55 15 31 63 38 61 90
39 2 54 41 49 57 63 47 65 9 21 86 89 1 95 51 96 85 10 84
43 65 87 80 93 36 89 61 26 3 85 22 2 67 41 66 7 50 4 74
1 93 85 4 39 80 46 28 73 2 64 83 17 3 94 38 10 62 70 17
65 39 4 31 13 96 25 59 42 35 46 19 97 1 15 62 47 39 31 2
87 1 72 19 88 74 88 22 18 41 35 44 41 71 71 72 38 97 49 19
# P_hat : m1 | m2 | m3 | m4 | m5 | m6 | m7 | m8 | m9 | m10 | m11 | m12 | m13 | m14 | m15 | m16 | m17 | m18 | m19 | m20
5.00 7.80 3.60 8.50 0.90 7.50 4.60 7.30 7.10 0.70 4.90 0.30 6.00 1.20 7.50 3.10 7.00 2.00 8.80 0.90
9.00 5.60 4.30 8.80 9.20 6.40 9.40 0.30 4.90 4.00 4.90 5.30 8.80 4.70 1.90 6.10 7.80 7.80 3.00 4.10
3.90 0.90 1.00 6.00 9.80 9.60 0.60 5.60 3.60 3.30 1.50 5.90 1.50 4.60 6.00 4.70 4.10 3.80 3.40 2.20
3.40 4.30 1.90 9.80 4.40 9.50 1.90 7.30 8.70 6.40 1.80 0.70 2.60 1.70 8.70 3.20 0.90 2.60 3.30 3.40
6.60 8.40 5.50 0.40 5.10 2.20 2.00 8.00 0.80 0.50 6.50 6.50 1.10 4.30 2.70 3.40 4.70 6.40 2.10 8.30
8.10 7.30 4.80 9.90 0.80 4.10 5.10 8.20 2.50 2.50 5.50 5.80 1.60 1.60 4.80 6.90 9.40 6.20 0.70 5.50
2.70 6.60 8.50 5.30 3.10 2.60 8.50 3.60 7.60 8.90 0.10 2.40 5.50 9.10 7.20 3.20 2.60 1.10 9.40 0.30
4.80 3.80 7.00 2.10 1.50 3.30 9.20 9.80 7.30 9.50 7.90 5.50 5.90 9.40 8.80 0.10 6.50 3.80 1.00 0.80
4.60 8.30 8.20 3.30 4.70 6.80 4.30 9.00 8.00 5.80 1.00 2.60 8.10 7.30 4.80 0.10 1.70 6.80 7.30 7.50
6.80 5.70 3.90 5.30 3.10 0.90 7.50 4.60 0.60 8.30 3.70 4.00 5.30 8.90 5.90 8.00 4.20 3.70 8.50 3.00
4.80 9.70 9.10 6.30 8.00 8.10 7.00 1.00 0.60 2.80 7.70 8.90 9.20 1.20 7.40 1.90 5.90 7.40 8.20 5.70
9.20 5.20 8.20 1.80 8.30 2.80 7.00 4.60 3.30 3.50 8.00 9.40 2.30 5.80 8.60 5.70 8.00 0.90 6.20 6.50
7.80 7.70 8.50 4.50 2.00 6.10 3.60 6.50 7.90 7.40 7.90 5.10 5.50 2.50 4.90 9.80 0.70 6.50 9.90 8.90
8.40 1.30 1.70 2.90 8.40 6.90 3.10 8.30 1.00 0.50 8.40 7.40 7.90 2.40 9.40 3.70 7.50 1.60 6.70 6.00
9.30 1.20 0.60 4.30 6.90 3.70 7.60 7.50 9.30 0.60 9.30 5.40 1.30 5.50 1.50 3.10 6.30 3.80 6.10 9.00
3.90 0.20 5.40 4.10 4.90 5.70 6.30 4.70 6.50 0.90 2.10 8.60 8.90 0.10 9.50 5.10 9.60 8.50 1.00 8.40
4.30 6.50 8.70 8.00 9.30 3.60 8.90 6.10 2.60 0.30 8.50 2.20 0.20 6.70 4.10 6.60 0.70 5.00 0.40 7.40
0.10 9.30 8.50 0.40 3.90 8.00 4.60 2.80 7.30 0.20 6.40 8.30 1.70 0.30 9.40 3.80 1.00 6.20 7.00 1.70
6.50 3.90 0.40 3.10 1.30 9.60 2.50 5.90 4.20 3.50 4.60 1.90 9.70 0.10 1.50 6.20 4.70 3.90 3.10 0.20
8.70 0.10 7.20 1.90 8.80 7.40 8.80 2.20 1.80 4.10 3.50 4.40 4.10 7.10 7.10 7.20 3.80 9.70 4.90 1.90
