# nJobs | nMachines
20 20
# Job Weights
43
10
13
40
7
59
52
24
95
99
97
72
5
2
24
21
74
20
37
60
# P_bar : m1 | m2 | m3 | m4 | m5 | m6 | m7 | m8 | m9 | m10 | m11 | m12 | m13 | m14 | m15 | m16 | m17 | m18 | m19 | m20
66 21 45 56 49 39 13 34 22 53 40 17 72 50 99 50 26 99 61 1
41 63 2 14 44 12 36 18 56 71 62 92 33 82 53 4 50 48 55 54
74 45 39 88 76 45 6 4 63 98 8 90 71 16 52 20 4 41 2 94
62 70 4 41 88 34 22 65 56 99 13 58 68 17 9 19 8 40 55 63
70 41 46 4 45 11 44 58 79 54 87 19 94 68 8 58 60 76 78 91
30 6 11 52 52 71 65 35 82 20 40 97 82 65 50 22 60 89 27 27
66 70 66 17 31 53 87 86 92 62 27 80 46 92 62 56 80 42 13 55
11 33 59 95 66 28 50 34 19 18 44 28 78 37 14 92 38 90 20 74
51 97 28 15 17 93 96 49 45 81 41 67 37 47 21 59 51 61 38 77
43 32 74 85 68 61 51 88 32 60 70 59 69 70 88 34 25 25 75 77
32 28 93 12 99 61 48 42 11 1 10 9 7 66 7 17 97 27 23 81
23 54 95 11 78 78 89 79 59 93 94 92 34 30 85 39 73 60 61 29
20 63 48 24 87 13 69 25 22 8 25 7 69 7 62 59 46 79 37 91
1 16 71 71 45 49 83 18 14 92 10 19 18 37 10 7 82 50 43 20
54 12 30 46 78 15 22 75 88 60 36 82 98 5 61 59 92 15 69 99
55 2 22 59 51 31 26 45 82 87 87 60 8 52 92 2 42 65 2 27
65 50 3 16 87 93 29 54 82 11 37 60 58 86 47 70 65 80 44 30
22 48 22 33 4 83 67 19 71 24 86 58 86 36 77 72 12 67 25 85
99 34 82 53 45 20 70 80 8 11 76 74 77 29 37 90 34 70 12 5
97 75 35 22 9 1 59 15 13 98 70 70 50 4 96 56 23 94 31 4
# P_hat : m1 | m2 | m3 | m4 | m5 | m6 | m7 | m8 | m9 | m10 | m11 | m12 | m13 | m14 | m15 | m16 | m17 | m18 | m19 | m20
6.60 2.10 4.50 5.60 4.90 3.90 1.30 3.40 2.20 5.30 4.00 1.70 7.20 5.00 9.90 5.00 2.60 9.90 6.10 0.10
4.10 6.30 0.20 1.40 4.40 1.20 3.60 1.80 5.60 7.10 6.20 9.20 3.30 8.20 5.30 0.40 5.00 4.80 5.50 5.40
7.40 4.50 3.90 8.80 7.60 4.50 0.60 0.40 6.30 9.80 0.80 9.00 7.10 1.60 5.20 2.00 0.40 4.10 0.20 9.40
6.20 7.00 0.40 4.10 8.80 3.40 2.20 6.50 5.60 9.90 1.30 5.80 6.80 1.70 0.90 1.90 0.80 4.00 5.50 6.30
7.00 4.10 4.60 0.40 4.50 1.10 4.40 5.80 7.90 5.40 8.70 1.90 9.40 6.80 0.80 5.80 6.00 7.60 7.80 9.10
3.00 0.60 1.10 5.20 5.20 7.10 6.50 3.50 8.20 2.00 4.00 9.70 8.20 6.50 5.00 2.20 6.00 8.90 2.70 2.70
6.60 7.00 6.60 1.70 3.10 5.30 8.70 8.60 9.20 6.20 2.70 8.00 4.60 9.20 6.20 5.60 8.00 4.20 1.30 5.50
1.10 3.30 5.90 9.50 6.60 2.80 5.00 3.40 1.90 1.80 4.40 2.80 7.80 3.70 1.40 9.20 3.80 9.00 2.00 7.40
5.10 9.70 2.80 1.50 1.70 9.30 9.60 4.90 4.50 8.10 4.10 6.70 3.70 4.70 2.10 5.90 5.10 6.10 3.80 7.70
4.30 3.20 7.40 8.50 6.80 6.10 5.10 8.80 3.20 6.00 7.00 5.90 6.90 7.00 8.80 3.40 2.50 2.50 7.50 7.70
3.20 2.80 9.30 1.20 9.90 6.10 4.80 4.20 1.10 0.10 1.00 0.90 0.70 6.60 0.70 1.70 9.70 2.70 2.30 8.10
2.30 5.40 9.50 1.10 7.80 7.80 8.90 7.90 5.90 9.30 9.40 9.20 3.40 3.00 8.50 3.90 7.30 6.00 6.10 2.90
2.00 6.30 4.80 2.40 8.70 1.30 6.90 2.50 2.20 0.80 2.50 0.70 6.90 0.70 6.20 5.90 4.60 7.90 3.70 9.10
0.10 1.60 7.10 7.10 4.50 4.90 8.30 1.80 1.40 9.20 1.00 1.90 1.80 3.70 1.00 0.70 8.20 5.00 4.30 2.00
5.40 1.20 3.00 4.60 7.80 1.50 2.20 7.50 8.80 6.00 3.60 8.20 9.80 0.50 6.10 5.90 9.20 1.50 6.90 9.90
5.50 0.20 2.20 5.90 5.10 3.10 2.60 4.50 8.20 8.70 8.70 6.00 0.80 5.20 9.20 0.20 4.20 6.50 0.20 2.70
6.50 5.00 0.30 1.60 8.70 9.30 2.90 5.40 8.20 1.10 3.70 6.00 5.80 8.60 4.70 7.00 6.50 8.00 4.40 3.00
2.20 4.80 2.20 3.30 0.40 8.30 6.70 1.90 7.10 2.40 8.60 5.80 8.60 3.60 7.70 7.20 1.20 6.70 2.50 8.50
9.90 3.40 8.20 5.30 4.50 2.00 7.00 8.00 0.80 1.10 7.60 7.40 7.70 2.90 3.70 9.00 3.40 7.00 1.20 0.50
9.70 7.50 3.50 2.20 0.90 0.10 5.90 1.50 1.30 9.80 7.00 7.00 5.00 0.40 9.60 5.60 2.30 9.40 3.10 0.40
