# nJobs | nMachines
200 20
# Job Weights
94
64
52
15
43
74
48
37
37
77
99
10
68
54
88
57
94
3
25
59
38
4
60
48
2
85
71
72
14
30
89
58
80
94
6
27
100
80
94
41
3
72
21
32
100
62
22
54
5
50
25
18
56
49
89
58
96
1
2
35
93
67
16
81
40
24
87
15
99
50
56
96
8
60
80
86
4
37
6
67
49
74
98
88
90
5
65
75
2
73
19
39
9
31
90
39
43
8
5
1
11
57
65
11
33
66
95
57
46
25
33
92
54
82
7
74
77
24
5
33
27
47
94
4
7
83
60
5
92
43
74
70
49
88
98
5
9
38
3
55
8
54
23
95
94
63
7
100
10
89
23
66
31
51
24
16
57
29
26
79
68
69
20
31
96
54
34
78
36
44
21
15
45
37
39
68
38
28
12
92
37
72
39
61
16
88
32
39
52
70
86
25
34
36
5
28
75
78
7
51
# P_bar : m1 | m2 | m3 | m4 | m5 | m6 | m7 | m8 | m9 | m10 | m11 | m12 | m13 | m14 | m15 | m16 | m17 | m18 | m19 | m20
68 69 52 6 67 96 40 89 59 52 39 30 42 3 74 59 37 24 64 75
80 7 18 8 36 38 52 27 17 26 83 34 74 34 21 31 28 47 28 24
35 4 43 77 31 99 74 85 27 37 12 55 1 39 53 80 56 27 64 53
21 78 47 92 57 92 13 52 53 98 57 12 40 69 51 74 33 99 11 31
90 42 87 26 42 83 37 35 53 92 78 50 3 9 80 7 26 39 27 93
63 80 37 13 16 1 64 27 73 91 55 15 95 92 67 14 17 26 35 72
73 94 61 37 61 68 40 72 84 17 20 4 69 78 91 53 43 24 19 83
35 94 37 77 52 87 59 25 45 76 79 43 18 99 44 47 75 66 28 66
11 19 38 77 11 23 34 32 80 44 58 74 73 27 11 34 16 92 87 90
20 84 1 21 42 59 58 7 49 23 52 31 66 20 71 53 19 98 11 44
40 81 77 12 14 67 90 8 95 50 99 72 83 61 10 80 65 35 25 29
46 55 25 45 96 3 57 10 52 1 48 71 52 15 26 9 20 92 54 68
47 19 90 70 78 22 83 23 7 66 87 29 37 87 62 1 28 26 18 38
9 52 54 73 60 5 14 45 41 86 67 28 53 76 93 74 25 16 19 87
59 53 87 55 25 52 73 76 17 37 95 32 19 55 1 62 60 78 59 29
93 38 41 49 45 70 56 71 24 92 82 14 3 23 9 6 64 25 77 86
88 40 90 19 9 64 56 80 1 80 90 32 53 35 82 47 9 51 83 34
10 74 3 41 75 52 32 4 53 54 41 6 5 21 71 58 58 37 36 65
80 94 85 44 3 48 21 87 9 21 86 46 44 28 79 60 5 62 71 47
69 4 63 13 17 38 56 69 54 80 97 73 91 93 65 88 75 72 68 35
86 47 12 99 17 76 54 65 88 69 27 48 46 95 39 8 18 27 57 57
91 34 99 51 67 35 1 17 15 65 20 56 43 25 6 88 35 71 28 11
16 31 11 22 56 18 36 47 47 40 82 97 50 92 3 56 86 68 57 32
85 79 4 80 36 91 95 94 75 78 45 56 40 6 46 82 56 81 57 82
83 97 53 14 11 62 21 90 71 57 71 60 30 54 36 42 99 5 52 42
98 45 58 88 2 28 80 7 46 29 58 72 40 66 5 64 99 4 4 1
28 29 13 79 37 92 39 35 29 23 92 24 56 30 19 63 95 34 52 93
6 13 1 24 93 71 63 20 51 52 5 29 40 32 70 10 22 35 40 41
73 20 1 41 13 53 90 8 3 73 21 64 75 5 61 7 30 56 99 3
30 32 68 66 20 23 52 59 54 48 45 29 5 68 20 69 26 31 87 2
30 81 93 71 8 91 3 54 89 10 43 3 81 86 3 92 41 81 46 43
6 20 37 69 10 46 77 88 73 51 12 97 87 98 98 12 62 32 49 80
33 85 61 86 68 96 93 51 48 60 53 50 14 87 51 44 15 58 37 67
25 87 83 61 90 62 22 23 1 77 29 97 61 15 3 93 2 10 68 6
37 58 15 4 87 30 56 24 96 12 14 83 4 75 56 83 10 64 86 99
90 77 78 13 91 17 39 91 52 45 49 89 94 34 47 16 48 25 10 97
57 76 72 28 71 79 79 21 28 37 85 2 22 86 46 65 93 69 41 70
65 90 69 20 58 52 3 64 4 96 90 96 36 1 86 95 50 89 22 24
90 15 86 86 80 93 95 53 33 34 12 28 95 4 92 60 51 32 90 48
86 33 1 28 24 63 14 55 51 88 48 83 79 60 92 60 39 25 93 9
74 33 14 87 51 78 50 98 6 63 13 47 42 75 25 62 26 63 25 56
76 69 66 36 51 65 86 23 58 6 75 90 84 88 14 3 86 62 37 11
55 5 99 60 47 7 77 8 18 31 69 56 92 11 1 44 21 3 19 45
83 22 5 18 88 61 40 13 14 40 34 57 87 23 39 23 83 99 96 93
25 18 29 13 84 42 93 85 65 32 19 69 60 33 42 14 52 33 34 84
13 77 5 33 92 65 25 74 37 33 55 88 16 20 23 98 25 57 1 44
70 32 38 68 72 1 72 26 82 14 44 54 76 85 45 53 14 93 6 22
47 31 76 96 64 73 46 1 5 18 22 94 32 69 28 10 66 1 40 26
60 67 50 34 62 60 15 10 78 91 60 90 88 32 9 31 20 35 34 70
83 8 40 12 60 64 67 80 31 38 45 62 19 14 23 30 60 18 82 84
12 87 51 22 80 11 65 97 19 57 38 97 72 89 29 81 38 84 51 79
69 61 91 49 51 60 38 66 72 20 78 67 10 12 94 46 48 53 67 82
66 89 89 25 12 2 64 49 91 98 73 59 87 56 65 38 31 49 45 84
57 87 96 41 69 10 91 70 20 32 59 22 78 26 55 37 88 52 38 54
98 81 86 76 38 56 69 60 78 46 46 24 75 57 80 64 5 57 74 27
59 28 66 74 18 6 33 91 60 83 47 87 39 24 92 36 73 85 91 15
18 85 73 2 50 98 38 64 26 98 95 99 58 57 23 90 29 45 81 89
10 2 97 73 98 98 1 56 37 65 25 62 71 85 25 93 95 84 42 88
62 34 7 31 78 19 5 44 72 23 58 18 45 3 44 90 66 52 27 65
88 26 91 68 89 3 64 70 73 75 61 70 43 9 14 71 73 52 55 84
86 84 99 40 75 37 76 10 70 85 92 94 34 5 54 15 84 93 66 28
55 10 58 60 75 84 20 98 74 77 8 85 9 76 48 38 41 66 94 20
48 61 50 6 69 28 80 16 58 87 88 43 28 15 15 57 40 90 10 64
88 1 25 25 60 68 19 64 32 49 64 48 7 62 45 63 59 49 81 43
17 24 47 17 11 40 13 8 66 28 93 51 84 83 25 38 76 83 33 92
34 19 47 8 4 59 69 39 65 11 29 91 42 64 36 35 92 89 12 30
36 43 46 77 74 39 30 70 8 92 20 16 72 46 49 60 63 76 90 33
26 17 11 94 40 33 36 88 22 45 45 31 57 43 72 56 77 96 22 39
42 33 24 65 75 49 90 88 39 55 46 57 56 26 57 14 62 65 4 68
34 15 27 81 81 10 24 49 79 80 78 51 25 13 14 17 69 60 65 85
89 62 39 42 19 55 98 26 74 63 37 9 33 49 41 29 80 89 34 11
41 46 86 81 32 98 1 38 17 10 49 28 33 57 91 71 73 87 54 14
81 97 60 46 54 76 87 41 23 30 2 37 80 37 72 60 84 71 19 65
10 99 15 5 16 79 69 39 93 13 18 89 69 48 84 86 93 1 48 7
18 82 14 94 11 63 44 4 55 41 92 83 87 10 61 24 89 21 87 77
50 54 87 22 67 99 86 8 6 5 41 33 94 13 97 14 90 35 65 81
34 84 87 86 21 35 2 39 6 30 31 94 90 34 90 14 89 11 29 69
7 60 46 80 88 97 99 44 10 16 29 44 66 46 34 69 94 61 34 89
91 92 67 4 60 79 46 55 96 14 92 76 93 56 13 18 13 34 85 12
41 32 27 31 44 45 38 23 47 84 87 82 23 93 47 94 70 89 17 46
84 18 1 87 24 97 81 99 84 19 65 10 84 80 51 99 35 67 99 37
76 57 23 6 87 45 77 57 71 91 22 81 84 84 51 13 41 54 80 53
56 30 87 59 50 86 15 45 14 67 61 74 56 81 41 41 2 68 91 46
2 59 58 86 29 67 73 84 70 49 90 55 90 15 10 49 44 77 94 8
77 14 97 26 30 3 24 69 33 71 89 92 58 86 81 20 94 29 79 28
42 20 36 11 53 34 32 30 31 85 97 26 69 76 25 35 12 58 82 6
43 93 78 33 98 75 94 34 23 11 15 27 6 24 5 85 59 92 78 63
69 32 41 21 99 25 90 97 50 27 75 86 31 39 85 9 62 40 64 48
1 56 79 4 35 3 12 48 28 43 77 32 98 57 56 87 77 88 69 55
91 1 56 53 49 66 32 11 96 93 65 28 43 76 18 27 51 97 26 69
26 89 28 7 86 37 74 46 51 80 21 75 34 81 36 28 64 46 60 22
13 85 65 29 4 41 93 51 77 80 56 67 56 86 18 13 4 22 48 42
76 95 69 90 40 39 49 9 55 85 53 91 49 78 62 90 98 44 34 47
57 4 88 85 83 64 16 31 64 3 9 48 98 94 55 46 42 97 47 15
63 21 85 31 39 95 16 48 93 73 86 58 82 33 70 55 77 52 74 69
95 59 85 21 24 46 18 5 31 94 75 23 68 10 22 78 81 66 76 34
89 79 67 44 33 99 70 30 85 9 7 17 32 27 21 52 20 28 38 25
7 18 30 62 29 98 71 46 33 68 88 18 83 12 50 16 54 99 23 21
25 88 40 21 16 6 13 49 46 22 38 37 45 55 44 7 45 68 23 33
79 65 19 54 60 31 3 36 57 60 69 78 77 97 39 15 15 4 53 93
16 3 37 45 35 48 77 66 41 98 57 84 11 21 82 78 22 81 17 73
68 23 18 17 24 64 39 85 88 87 2 64 20 88 10 63 94 80 45 60
65 16 70 12 46 55 84 18 84 5 75 65 3 54 53 21 75 33 27 24
75 87 78 30 34 26 96 42 7 42 44 11 40 16 40 88 49 8 53 50
72 15 22 35 98 47 88 50 10 94 30 41 48 8 16 96 4 24 92 75
61 17 77 81 20 69 65 57 43 30 39 31 24 34 63 44 22 98 6 58
53 84 45 68 77 98 84 56 36 98 88 5 32 74 94 57 77 76 95 36
69 12 10 7 78 47 93 11 77 77 35 67 23 11 4 12 80 30 30 50
2 61 38 70 42 18 22 28 34 1 13 91 25 24 54 3 35 48 2 91
2 71 90 5 40 81 16 16 37 88 21 75 51 77 33 52 94 44 3 74
9 32 73 94 39 34 46 58 81 33 38 47 80 19 22 88 96 96 18 81
96 95 27 75 22 94 8 96 57 18 6 78 23 12 95 61 38 97 16 70
38 1 40 59 24 64 49 88 96 79 92 64 49 17 39 66 37 6 71 23
83 47 79 60 96 51 7 22 53 14 43 23 88 8 81 93 17 91 92 93
35 37 4 48 79 77 18 57 95 6 22 29 35 59 93 29 14 38 41 66
28 56 16 7 23 71 21 58 7 43 85 81 40 8 17 33 14 56 9 53
38 3 54 8 34 37 16 94 54 25 51 44 40 88 64 37 15 42 52 96
93 66 37 70 22 88 56 12 85 68 25 80 63 21 94 60 88 37 18 77
47 26 68 28 55 64 83 17 71 29 43 59 48 75 35 6 49 9 97 63
87 80 37 61 48 7 73 24 28 21 4 34 29 29 52 3 6 31 9 12
27 57 94 12 41 45 93 56 93 20 81 35 19 83 31 14 14 56 22 35
66 92 49 30 33 8 19 50 39 70 31 54 5 76 16 42 41 18 62 92
63 9 78 45 65 74 78 71 92 6 71 49 23 35 69 20 4 40 89 57
21 26 38 70 41 41 47 37 13 49 92 14 14 19 85 19 61 85 53 32
84 36 62 18 42 2 37 32 90 77 25 72 57 18 77 90 23 29 69 97
37 93 36 19 4 46 73 1 24 1 72 21 57 60 45 10 73 54 25 30
90 11 24 13 65 68 82 98 82 62 42 57 40 84 83 27 6 96 48 73
61 86 4 8 23 88 77 93 41 91 77 42 7 80 97 76 58 45 40 46
94 24 73 96 14 42 37 36 49 78 70 24 95 62 43 58 69 49 59 91
78 73 62 63 72 4 30 41 51 12 66 88 53 20 64 67 60 85 3 52
31 14 68 60 6 17 79 8 20 90 15 78 52 33 29 28 50 5 45 97
38 58 57 79 85 84 86 94 14 3 15 75 2 19 2 54 27 48 15 19
77 93 18 80 32 62 97 51 59 35 51 53 43 85 27 66 64 45 70 28
26 66 52 8 34 20 70 47 68 58 78 80 94 50 91 46 29 24 33 21
46 53 52 19 19 81 42 92 93 95 89 88 85 2 40 78 43 43 30 16
40 5 62 54 57 64 38 43 96 9 50 20 75 39 96 91 88 62 88 81
14 65 76 11 7 3 40 11 9 8 74 4 84 88 66 85 2 46 40 59
6 27 93 4 30 18 92 66 47 51 57 30 42 94 62 3 69 27 88 45
98 56 90 43 70 42 88 77 97 45 7 52 27 67 75 49 17 5 13 63
18 38 72 1 11 9 62 29 25 67 65 32 40 85 50 74 56 12 88 49
13 80 85 6 27 21 69 31 68 86 89 82 66 18 68 23 21 89 77 42
42 51 97 9 25 23 30 27 99 91 87 28 48 31 1 60 42 34 80 38
6 41 16 24 62 69 28 93 72 79 6 36 81 72 68 61 28 88 14 83
99 20 50 72 36 74 38 68 92 5 31 98 92 96 91 57 65 57 79 52
44 85 61 85 15 34 68 93 60 65 70 77 30 88 50 79 79 6 87 92
59 28 75 12 6 32 7 4 56 75 25 71 49 41 78 4 19 76 51 36
16 72 80 49 60 72 16 29 11 11 36 16 86 89 67 59 78 34 16 22
38 99 34 98 45 4 11 74 85 58 88 91 26 76 23 53 20 67 96 49
49 87 30 19 5 6 51 87 41 25 25 79 91 93 36 15 2 51 95 63
28 95 63 51 93 56 67 56 31 36 94 10 78 36 92 21 37 11 49 56
73 45 51 5 49 58 99 82 22 55 66 28 41 4 65 73 90 82 44 44
94 65 36 9 33 98 78 18 83 30 95 80 53 21 13 4 42 93 65 51
47 17 67 92 15 53 1 53 79 56 77 60 50 91 5 14 53 82 59 75
31 63 78 50 15 14 68 63 67 54 10 86 74 76 62 52 32 48 49 34
56 27 45 45 61 76 61 26 19 74 26 81 69 86 60 47 26 3 63 8
1 65 45 14 99 43 39 19 96 78 58 20 48 47 7 66 74 67 95 6
59 19 72 7 79 6 83 97 85 75 8 3 91 89 56 93 95 55 81 48
59 57 67 62 56 32 71 86 19 38 95 46 20 81 19 65 89 22 47 8
53 54 15 58 57 26 98 29 10 20 20 57 20 88 23 91 68 56 78 29
98 64 79 39 37 52 62 47 33 77 46 58 53 41 84 61 34 62 34 8
50 39 61 31 26 11 23 86 25 11 49 76 75 18 50 55 65 18 84 12
10 48 10 76 78 97 42 20 25 91 37 63 78 49 17 76 10 89 29 61
44 14 4 34 68 44 21 38 42 73 76 13 91 22 77 64 63 21 72 60
12 9 65 53 60 8 76 21 71 46 11 81 84 59 63 45 51 84 10 32
79 39 51 40 57 17 81 24 95 13 24 85 49 96 25 58 4 72 39 64
55 40 16 5 26 83 48 31 56 94 72 82 39 70 17 25 58 66 80 13
68 41 26 40 10 48 78 21 94 73 75 92 19 85 73 98 81 38 1 71
9 3 42 46 9 46 4 62 20 46 58 52 29 46 62 5 76 31 64 59
57 98 7 65 33 65 42 79 42 58 46 8 77 75 10 64 48 38 89 91
82 61 5 9 92 89 54 89 66 30 2 6 1 10 63 31 80 9 37 68
67 21 36 10 59 88 88 56 66 90 83 52 5 7 64 38 53 82 83 82
89 46 92 86 85 78 89 60 62 80 14 12 84 5 25 37 53 88 66 98
77 30 15 48 3 7 70 76 12 85 77 65 34 18 1 39 71 39 8 76
83 78 79 1 24 6 71 54 5 86 68 26 13 42 50 62 65 78 42 35
26 15 73 21 35 72 4 38 27 20 81 67 19 92 7 57 3 9 97 78
73 96 32 49 37 93 30 10 60 67 81 14 80 86 59 69 96 17 6 58
94 90 73 14 24 73 91 65 16 99 56 64 21 59 93 41 44 57 48 81
67 86 10 79 45 71 98 65 58 58 37 8 87 90 95 25 67 22 46 26
30 16 94 32 28 55 66 85 92 81 41 40 4 87 41 3 38 67 63 3
77 71 98 11 99 7 55 58 58 26 96 86 76 82 20 86 96 52 67 80
97 14 6 15 67 69 36 51 56 14 53 47 91 10 69 97 54 66 9 90
6 68 51 13 53 39 78 4 21 61 88 83 54 79 37 37 14 45 53 39
48 78 4 87 78 4 13 78 88 74 66 58 56 64 21 83 99 9 91 90
76 46 13 67 20 96 68 25 47 20 50 83 9 50 91 78 64 67 50 32
91 97 36 57 92 33 41 46 51 87 40 95 79 4 12 86 91 38 86 32
76 4 43 87 65 74 26 34 14 44 28 56 20 29 64 98 9 54 55 34
85 37 60 41 84 61 42 20 4 89 65 65 62 8 94 22 21 10 38 69
48 15 68 87 88 90 1 27 53 53 76 23 59 6 5 9 93 96 68 81
17 32 16 60 88 83 76 27 29 23 89 32 43 60 32 22 7 2 73 55
43 18 25 42 11 8 21 26 31 91 16 43 19 79 26 44 48 58 68 13
54 80 49 97 81 60 3 61 42 86 48 91 92 85 16 37 80 96 91 15
69 7 44 16 15 89 61 16 69 43 91 18 7 35 55 32 1 26 5 17
85 26 10 40 29 44 85 47 42 11 83 27 94 35 75 3 46 99 58 87
60 42 21 76 69 20 58 61 55 47 84 79 55 51 27 54 58 72 56 11
82 83 60 62 93 56 63 72 38 51 18 53 34 35 90 71 35 69 17 12
59 27 54 12 86 17 70 52 50 5 2 87 14 24 84 86 27 11 35 48
71 79 91 24 74 36 32 67 78 25 63 97 70 65 86 49 55 55 42 2
45 92 65 43 47 16 96 93 67 21 27 79 88 15 14 89 80 82 55 65
76 16 18 56 5 20 99 44 15 39 39 99 58 11 7 27 40 59 17 35
3 37 22 8 13 19 35 11 7 21 14 18 7 99 36 50 13 25 28 98
# P_hat : m1 | m2 | m3 | m4 | m5 | m6 | m7 | m8 | m9 | m10 | m11 | m12 | m13 | m14 | m15 | m16 | m17 | m18 | m19 | m20
34.00 34.50 26.00 3.00 33.50 48.00 20.00 44.50 29.50 26.00 19.50 15.00 21.00 1.50 37.00 29.50 18.50 12.00 32.00 37.50
40.00 3.50 9.00 4.00 18.00 19.00 26.00 13.50 8.50 13.00 41.50 17.00 37.00 17.00 10.50 15.50 14.00 23.50 14.00 12.00
17.50 2.00 21.50 38.50 15.50 49.50 37.00 42.50 13.50 18.50 6.00 27.50 0.50 19.50 26.50 40.00 28.00 13.50 32.00 26.50
10.50 39.00 23.50 46.00 28.50 46.00 6.50 26.00 26.50 49.00 28.50 6.00 20.00 34.50 25.50 37.00 16.50 49.50 5.50 15.50
45.00 21.00 43.50 13.00 21.00 41.50 18.50 17.50 26.50 46.00 39.00 25.00 1.50 4.50 40.00 3.50 13.00 19.50 13.50 46.50
31.50 40.00 18.50 6.50 8.00 0.50 32.00 13.50 36.50 45.50 27.50 7.50 47.50 46.00 33.50 7.00 8.50 13.00 17.50 36.00
36.50 47.00 30.50 18.50 30.50 34.00 20.00 36.00 42.00 8.50 10.00 2.00 34.50 39.00 45.50 26.50 21.50 12.00 9.50 41.50
17.50 47.00 18.50 38.50 26.00 43.50 29.50 12.50 22.50 38.00 39.50 21.50 9.00 49.50 22.00 23.50 37.50 33.00 14.00 33.00
5.50 9.50 19.00 38.50 5.50 11.50 17.00 16.00 40.00 22.00 29.00 37.00 36.50 13.50 5.50 17.00 8.00 46.00 43.50 45.00
10.00 42.00 0.50 10.50 21.00 29.50 29.00 3.50 24.50 11.50 26.00 15.50 33.00 10.00 35.50 26.50 9.50 49.00 5.50 22.00
20.00 40.50 38.50 6.00 7.00 33.50 45.00 4.00 47.50 25.00 49.50 36.00 41.50 30.50 5.00 40.00 32.50 17.50 12.50 14.50
23.00 27.50 12.50 22.50 48.00 1.50 28.50 5.00 26.00 0.50 24.00 35.50 26.00 7.50 13.00 4.50 10.00 46.00 27.00 34.00
23.50 9.50 45.00 35.00 39.00 11.00 41.50 11.50 3.50 33.00 43.50 14.50 18.50 43.50 31.00 0.50 14.00 13.00 9.00 19.00
4.50 26.00 27.00 36.50 30.00 2.50 7.00 22.50 20.50 43.00 33.50 14.00 26.50 38.00 46.50 37.00 12.50 8.00 9.50 43.50
29.50 26.50 43.50 27.50 12.50 26.00 36.50 38.00 8.50 18.50 47.50 16.00 9.50 27.50 0.50 31.00 30.00 39.00 29.50 14.50
46.50 19.00 20.50 24.50 22.50 35.00 28.00 35.50 12.00 46.00 41.00 7.00 1.50 11.50 4.50 3.00 32.00 12.50 38.50 43.00
44.00 20.00 45.00 9.50 4.50 32.00 28.00 40.00 0.50 40.00 45.00 16.00 26.50 17.50 41.00 23.50 4.50 25.50 41.50 17.00
5.00 37.00 1.50 20.50 37.50 26.00 16.00 2.00 26.50 27.00 20.50 3.00 2.50 10.50 35.50 29.00 29.00 18.50 18.00 32.50
40.00 47.00 42.50 22.00 1.50 24.00 10.50 43.50 4.50 10.50 43.00 23.00 22.00 14.00 39.50 30.00 2.50 31.00 35.50 23.50
34.50 2.00 31.50 6.50 8.50 19.00 28.00 34.50 27.00 40.00 48.50 36.50 45.50 46.50 32.50 44.00 37.50 36.00 34.00 17.50
43.00 23.50 6.00 49.50 8.50 38.00 27.00 32.50 44.00 34.50 13.50 24.00 23.00 47.50 19.50 4.00 9.00 13.50 28.50 28.50
45.50 17.00 49.50 25.50 33.50 17.50 0.50 8.50 7.50 32.50 10.00 28.00 21.50 12.50 3.00 44.00 17.50 35.50 14.00 5.50
8.00 15.50 5.50 11.00 28.00 9.00 18.00 23.50 23.50 20.00 41.00 48.50 25.00 46.00 1.50 28.00 43.00 34.00 28.50 16.00
42.50 39.50 2.00 40.00 18.00 45.50 47.50 47.00 37.50 39.00 22.50 28.00 20.00 3.00 23.00 41.00 28.00 40.50 28.50 41.00
41.50 48.50 26.50 7.00 5.50 31.00 10.50 45.00 35.50 28.50 35.50 30.00 15.00 27.00 18.00 21.00 49.50 2.50 26.00 21.00
49.00 22.50 29.00 44.00 1.00 14.00 40.00 3.50 23.00 14.50 29.00 36.00 20.00 33.00 2.50 32.00 49.50 2.00 2.00 0.50
14.00 14.50 6.50 39.50 18.50 46.00 19.50 17.50 14.50 11.50 46.00 12.00 28.00 15.00 9.50 31.50 47.50 17.00 26.00 46.50
3.00 6.50 0.50 12.00 46.50 35.50 31.50 10.00 25.50 26.00 2.50 14.50 20.00 16.00 35.00 5.00 11.00 17.50 20.00 20.50
36.50 10.00 0.50 20.50 6.50 26.50 45.00 4.00 1.50 36.50 10.50 32.00 37.50 2.50 30.50 3.50 15.00 28.00 49.50 1.50
15.00 16.00 34.00 33.00 10.00 11.50 26.00 29.50 27.00 24.00 22.50 14.50 2.50 34.00 10.00 34.50 13.00 15.50 43.50 1.00
15.00 40.50 46.50 35.50 4.00 45.50 1.50 27.00 44.50 5.00 21.50 1.50 40.50 43.00 1.50 46.00 20.50 40.50 23.00 21.50
3.00 10.00 18.50 34.50 5.00 23.00 38.50 44.00 36.50 25.50 6.00 48.50 43.50 49.00 49.00 6.00 31.00 16.00 24.50 40.00
16.50 42.50 30.50 43.00 34.00 48.00 46.50 25.50 24.00 30.00 26.50 25.00 7.00 43.50 25.50 22.00 7.50 29.00 18.50 33.50
12.50 43.50 41.50 30.50 45.00 31.00 11.00 11.50 0.50 38.50 14.50 48.50 30.50 7.50 1.50 46.50 1.00 5.00 34.00 3.00
18.50 29.00 7.50 2.00 43.50 15.00 28.00 12.00 48.00 6.00 7.00 41.50 2.00 37.50 28.00 41.50 5.00 32.00 43.00 49.50
45.00 38.50 39.00 6.50 45.50 8.50 19.50 45.50 26.00 22.50 24.50 44.50 47.00 17.00 23.50 8.00 24.00 12.50 5.00 48.50
28.50 38.00 36.00 14.00 35.50 39.50 39.50 10.50 14.00 18.50 42.50 1.00 11.00 43.00 23.00 32.50 46.50 34.50 20.50 35.00
32.50 45.00 34.50 10.00 29.00 26.00 1.50 32.00 2.00 48.00 45.00 48.00 18.00 0.50 43.00 47.50 25.00 44.50 11.00 12.00
45.00 7.50 43.00 43.00 40.00 46.50 47.50 26.50 16.50 17.00 6.00 14.00 47.50 2.00 46.00 30.00 25.50 16.00 45.00 24.00
43.00 16.50 0.50 14.00 12.00 31.50 7.00 27.50 25.50 44.00 24.00 41.50 39.50 30.00 46.00 30.00 19.50 12.50 46.50 4.50
37.00 16.50 7.00 43.50 25.50 39.00 25.00 49.00 3.00 31.50 6.50 23.50 21.00 37.50 12.50 31.00 13.00 31.50 12.50 28.00
38.00 34.50 33.00 18.00 25.50 32.50 43.00 11.50 29.00 3.00 37.50 45.00 42.00 44.00 7.00 1.50 43.00 31.00 18.50 5.50
27.50 2.50 49.50 30.00 23.50 3.50 38.50 4.00 9.00 15.50 34.50 28.00 46.00 5.50 0.50 22.00 10.50 1.50 9.50 22.50
41.50 11.00 2.50 9.00 44.00 30.50 20.00 6.50 7.00 20.00 17.00 28.50 43.50 11.50 19.50 11.50 41.50 49.50 48.00 46.50
12.50 9.00 14.50 6.50 42.00 21.00 46.50 42.50 32.50 16.00 9.50 34.50 30.00 16.50 21.00 7.00 26.00 16.50 17.00 42.00
6.50 38.50 2.50 16.50 46.00 32.50 12.50 37.00 18.50 16.50 27.50 44.00 8.00 10.00 11.50 49.00 12.50 28.50 0.50 22.00
35.00 16.00 19.00 34.00 36.00 0.50 36.00 13.00 41.00 7.00 22.00 27.00 38.00 42.50 22.50 26.50 7.00 46.50 3.00 11.00
23.50 15.50 38.00 48.00 32.00 36.50 23.00 0.50 2.50 9.00 11.00 47.00 16.00 34.50 14.00 5.00 33.00 0.50 20.00 13.00
30.00 33.50 25.00 17.00 31.00 30.00 7.50 5.00 39.00 45.50 30.00 45.00 44.00 16.00 4.50 15.50 10.00 17.50 17.00 35.00
41.50 4.00 20.00 6.00 30.00 32.00 33.50 40.00 15.50 19.00 22.50 31.00 9.50 7.00 11.50 15.00 30.00 9.00 41.00 42.00
6.00 43.50 25.50 11.00 40.00 5.50 32.50 48.50 9.50 28.50 19.00 48.50 36.00 44.50 14.50 40.50 19.00 42.00 25.50 39.50
34.50 30.50 45.50 24.50 25.50 30.00 19.00 33.00 36.00 10.00 39.00 33.50 5.00 6.00 47.00 23.00 24.00 26.50 33.50 41.00
33.00 44.50 44.50 12.50 6.00 1.00 32.00 24.50 45.50 49.00 36.50 29.50 43.50 28.00 32.50 19.00 15.50 24.50 22.50 42.00
28.50 43.50 48.00 20.50 34.50 5.00 45.50 35.00 10.00 16.00 29.50 11.00 39.00 13.00 27.50 18.50 44.00 26.00 19.00 27.00
49.00 40.50 43.00 38.00 19.00 28.00 34.50 30.00 39.00 23.00 23.00 12.00 37.50 28.50 40.00 32.00 2.50 28.50 37.00 13.50
29.50 14.00 33.00 37.00 9.00 3.00 16.50 45.50 30.00 41.50 23.50 43.50 19.50 12.00 46.00 18.00 36.50 42.50 45.50 7.50
9.00 42.50 36.50 1.00 25.00 49.00 19.00 32.00 13.00 49.00 47.50 49.50 29.00 28.50 11.50 45.00 14.50 22.50 40.50 44.50
5.00 1.00 48.50 36.50 49.00 49.00 0.50 28.00 18.50 32.50 12.50 31.00 35.50 42.50 12.50 46.50 47.50 42.00 21.00 44.00
31.00 17.00 3.50 15.50 39.00 9.50 2.50 22.00 36.00 11.50 29.00 9.00 22.50 1.50 22.00 45.00 33.00 26.00 13.50 32.50
44.00 13.00 45.50 34.00 44.50 1.50 32.00 35.00 36.50 37.50 30.50 35.00 21.50 4.50 7.00 35.50 36.50 26.00 27.50 42.00
43.00 42.00 49.50 20.00 37.50 18.50 38.00 5.00 35.00 42.50 46.00 47.00 17.00 2.50 27.00 7.50 42.00 46.50 33.00 14.00
27.50 5.00 29.00 30.00 37.50 42.00 10.00 49.00 37.00 38.50 4.00 42.50 4.50 38.00 24.00 19.00 20.50 33.00 47.00 10.00
24.00 30.50 25.00 3.00 34.50 14.00 40.00 8.00 29.00 43.50 44.00 21.50 14.00 7.50 7.50 28.50 20.00 45.00 5.00 32.00
44.00 0.50 12.50 12.50 30.00 34.00 9.50 32.00 16.00 24.50 32.00 24.00 3.50 31.00 22.50 31.50 29.50 24.50 40.50 21.50
8.50 12.00 23.50 8.50 5.50 20.00 6.50 4.00 33.00 14.00 46.50 25.50 42.00 41.50 12.50 19.00 38.00 41.50 16.50 46.00
17.00 9.50 23.50 4.00 2.00 29.50 34.50 19.50 32.50 5.50 14.50 45.50 21.00 32.00 18.00 17.50 46.00 44.50 6.00 15.00
18.00 21.50 23.00 38.50 37.00 19.50 15.00 35.00 4.00 46.00 10.00 8.00 36.00 23.00 24.50 30.00 31.50 38.00 45.00 16.50
13.00 8.50 5.50 47.00 20.00 16.50 18.00 44.00 11.00 22.50 22.50 15.50 28.50 21.50 36.00 28.00 38.50 48.00 11.00 19.50
21.00 16.50 12.00 32.50 37.50 24.50 45.00 44.00 19.50 27.50 23.00 28.50 28.00 13.00 28.50 7.00 31.00 32.50 2.00 34.00
17.00 7.50 13.50 40.50 40.50 5.00 12.00 24.50 39.50 40.00 39.00 25.50 12.50 6.50 7.00 8.50 34.50 30.00 32.50 42.50
44.50 31.00 19.50 21.00 9.50 27.50 49.00 13.00 37.00 31.50 18.50 4.50 16.50 24.50 20.50 14.50 40.00 44.50 17.00 5.50
20.50 23.00 43.00 40.50 16.00 49.00 0.50 19.00 8.50 5.00 24.50 14.00 16.50 28.50 45.50 35.50 36.50 43.50 27.00 7.00
40.50 48.50 30.00 23.00 27.00 38.00 43.50 20.50 11.50 15.00 1.00 18.50 40.00 18.50 36.00 30.00 42.00 35.50 9.50 32.50
5.00 49.50 7.50 2.50 8.00 39.50 34.50 19.50 46.50 6.50 9.00 44.50 34.50 24.00 42.00 43.00 46.50 0.50 24.00 3.50
9.00 41.00 7.00 47.00 5.50 31.50 22.00 2.00 27.50 20.50 46.00 41.50 43.50 5.00 30.50 12.00 44.50 10.50 43.50 38.50
25.00 27.00 43.50 11.00 33.50 49.50 43.00 4.00 3.00 2.50 20.50 16.50 47.00 6.50 48.50 7.00 45.00 17.50 32.50 40.50
17.00 42.00 43.50 43.00 10.50 17.50 1.00 19.50 3.00 15.00 15.50 47.00 45.00 17.00 45.00 7.00 44.50 5.50 14.50 34.50
3.50 30.00 23.00 40.00 44.00 48.50 49.50 22.00 5.00 8.00 14.50 22.00 33.00 23.00 17.00 34.50 47.00 30.50 17.00 44.50
45.50 46.00 33.50 2.00 30.00 39.50 23.00 27.50 48.00 7.00 46.00 38.00 46.50 28.00 6.50 9.00 6.50 17.00 42.50 6.00
20.50 16.00 13.50 15.50 22.00 22.50 19.00 11.50 23.50 42.00 43.50 41.00 11.50 46.50 23.50 47.00 35.00 44.50 8.50 23.00
42.00 9.00 0.50 43.50 12.00 48.50 40.50 49.50 42.00 9.50 32.50 5.00 42.00 40.00 25.50 49.50 17.50 33.50 49.50 18.50
38.00 28.50 11.50 3.00 43.50 22.50 38.50 28.50 35.50 45.50 11.00 40.50 42.00 42.00 25.50 6.50 20.50 27.00 40.00 26.50
28.00 15.00 43.50 29.50 25.00 43.00 7.50 22.50 7.00 33.50 30.50 37.00 28.00 40.50 20.50 20.50 1.00 34.00 45.50 23.00
1.00 29.50 29.00 43.00 14.50 33.50 36.50 42.00 35.00 24.50 45.00 27.50 45.00 7.50 5.00 24.50 22.00 38.50 47.00 4.00
38.50 7.00 48.50 13.00 15.00 1.50 12.00 34.50 16.50 35.50 44.50 46.00 29.00 43.00 40.50 10.00 47.00 14.50 39.50 14.00
21.00 10.00 18.00 5.50 26.50 17.00 16.00 15.00 15.50 42.50 48.50 13.00 34.50 38.00 12.50 17.50 6.00 29.00 41.00 3.00
21.50 46.50 39.00 16.50 49.00 37.50 47.00 17.00 11.50 5.50 7.50 13.50 3.00 12.00 2.50 42.50 29.50 46.00 39.00 31.50
34.50 16.00 20.50 10.50 49.50 12.50 45.00 48.50 25.00 13.50 37.50 43.00 15.50 19.50 42.50 4.50 31.00 20.00 32.00 24.00
0.50 28.00 39.50 2.00 17.50 1.50 6.00 24.00 14.00 21.50 38.50 16.00 49.00 28.50 28.00 43.50 38.50 44.00 34.50 27.50
45.50 0.50 28.00 26.50 24.50 33.00 16.00 5.50 48.00 46.50 32.50 14.00 21.50 38.00 9.00 13.50 25.50 48.50 13.00 34.50
13.00 44.50 14.00 3.50 43.00 18.50 37.00 23.00 25.50 40.00 10.50 37.50 17.00 40.50 18.00 14.00 32.00 23.00 30.00 11.00
6.50 42.50 32.50 14.50 2.00 20.50 46.50 25.50 38.50 40.00 28.00 33.50 28.00 43.00 9.00 6.50 2.00 11.00 24.00 21.00
38.00 47.50 34.50 45.00 20.00 19.50 24.50 4.50 27.50 42.50 26.50 45.50 24.50 39.00 31.00 45.00 49.00 22.00 17.00 23.50
28.50 2.00 44.00 42.50 41.50 32.00 8.00 15.50 32.00 1.50 4.50 24.00 49.00 47.00 27.50 23.00 21.00 48.50 23.50 7.50
31.50 10.50 42.50 15.50 19.50 47.50 8.00 24.00 46.50 36.50 43.00 29.00 41.00 16.50 35.00 27.50 38.50 26.00 37.00 34.50
47.50 29.50 42.50 10.50 12.00 23.00 9.00 2.50 15.50 47.00 37.50 11.50 34.00 5.00 11.00 39.00 40.50 33.00 38.00 17.00
44.50 39.50 33.50 22.00 16.50 49.50 35.00 15.00 42.50 4.50 3.50 8.50 16.00 13.50 10.50 26.00 10.00 14.00 19.00 12.50
3.50 9.00 15.00 31.00 14.50 49.00 35.50 23.00 16.50 34.00 44.00 9.00 41.50 6.00 25.00 8.00 27.00 49.50 11.50 10.50
12.50 44.00 20.00 10.50 8.00 3.00 6.50 24.50 23.00 11.00 19.00 18.50 22.50 27.50 22.00 3.50 22.50 34.00 11.50 16.50
39.50 32.50 9.50 27.00 30.00 15.50 1.50 18.00 28.50 30.00 34.50 39.00 38.50 48.50 19.50 7.50 7.50 2.00 26.50 46.50
8.00 1.50 18.50 22.50 17.50 24.00 38.50 33.00 20.50 49.00 28.50 42.00 5.50 10.50 41.00 39.00 11.00 40.50 8.50 36.50
34.00 11.50 9.00 8.50 12.00 32.00 19.50 42.50 44.00 43.50 1.00 32.00 10.00 44.00 5.00 31.50 47.00 40.00 22.50 30.00
32.50 8.00 35.00 6.00 23.00 27.50 42.00 9.00 42.00 2.50 37.50 32.50 1.50 27.00 26.50 10.50 37.50 16.50 13.50 12.00
37.50 43.50 39.00 15.00 17.00 13.00 48.00 21.00 3.50 21.00 22.00 5.50 20.00 8.00 20.00 44.00 24.50 4.00 26.50 25.00
36.00 7.50 11.00 17.50 49.00 23.50 44.00 25.00 5.00 47.00 15.00 20.50 24.00 4.00 8.00 48.00 2.00 12.00 46.00 37.50
30.50 8.50 38.50 40.50 10.00 34.50 32.50 28.50 21.50 15.00 19.50 15.50 12.00 17.00 31.50 22.00 11.00 49.00 3.00 29.00
26.50 42.00 22.50 34.00 38.50 49.00 42.00 28.00 18.00 49.00 44.00 2.50 16.00 37.00 47.00 28.50 38.50 38.00 47.50 18.00
34.50 6.00 5.00 3.50 39.00 23.50 46.50 5.50 38.50 38.50 17.50 33.50 11.50 5.50 2.00 6.00 40.00 15.00 15.00 25.00
1.00 30.50 19.00 35.00 21.00 9.00 11.00 14.00 17.00 0.50 6.50 45.50 12.50 12.00 27.00 1.50 17.50 24.00 1.00 45.50
1.00 35.50 45.00 2.50 20.00 40.50 8.00 8.00 18.50 44.00 10.50 37.50 25.50 38.50 16.50 26.00 47.00 22.00 1.50 37.00
4.50 16.00 36.50 47.00 19.50 17.00 23.00 29.00 40.50 16.50 19.00 23.50 40.00 9.50 11.00 44.00 48.00 48.00 9.00 40.50
48.00 47.50 13.50 37.50 11.00 47.00 4.00 48.00 28.50 9.00 3.00 39.00 11.50 6.00 47.50 30.50 19.00 48.50 8.00 35.00
19.00 0.50 20.00 29.50 12.00 32.00 24.50 44.00 48.00 39.50 46.00 32.00 24.50 8.50 19.50 33.00 18.50 3.00 35.50 11.50
41.50 23.50 39.50 30.00 48.00 25.50 3.50 11.00 26.50 7.00 21.50 11.50 44.00 4.00 40.50 46.50 8.50 45.50 46.00 46.50
17.50 18.50 2.00 24.00 39.50 38.50 9.00 28.50 47.50 3.00 11.00 14.50 17.50 29.50 46.50 14.50 7.00 19.00 20.50 33.00
14.00 28.00 8.00 3.50 11.50 35.50 10.50 29.00 3.50 21.50 42.50 40.50 20.00 4.00 8.50 16.50 7.00 28.00 4.50 26.50
19.00 1.50 27.00 4.00 17.00 18.50 8.00 47.00 27.00 12.50 25.50 22.00 20.00 44.00 32.00 18.50 7.50 21.00 26.00 48.00
46.50 33.00 18.50 35.00 11.00 44.00 28.00 6.00 42.50 34.00 12.50 40.00 31.50 10.50 47.00 30.00 44.00 18.50 9.00 38.50
23.50 13.00 34.00 14.00 27.50 32.00 41.50 8.50 35.50 14.50 21.50 29.50 24.00 37.50 17.50 3.00 24.50 4.50 48.50 31.50
43.50 40.00 18.50 30.50 24.00 3.50 36.50 12.00 14.00 10.50 2.00 17.00 14.50 14.50 26.00 1.50 3.00 15.50 4.50 6.00
13.50 28.50 47.00 6.00 20.50 22.50 46.50 28.00 46.50 10.00 40.50 17.50 9.50 41.50 15.50 7.00 7.00 28.00 11.00 17.50
33.00 46.00 24.50 15.00 16.50 4.00 9.50 25.00 19.50 35.00 15.50 27.00 2.50 38.00 8.00 21.00 20.50 9.00 31.00 46.00
31.50 4.50 39.00 22.50 32.50 37.00 39.00 35.50 46.00 3.00 35.50 24.50 11.50 17.50 34.50 10.00 2.00 20.00 44.50 28.50
10.50 13.00 19.00 35.00 20.50 20.50 23.50 18.50 6.50 24.50 46.00 7.00 7.00 9.50 42.50 9.50 30.50 42.50 26.50 16.00
42.00 18.00 31.00 9.00 21.00 1.00 18.50 16.00 45.00 38.50 12.50 36.00 28.50 9.00 38.50 45.00 11.50 14.50 34.50 48.50
18.50 46.50 18.00 9.50 2.00 23.00 36.50 0.50 12.00 0.50 36.00 10.50 28.50 30.00 22.50 5.00 36.50 27.00 12.50 15.00
45.00 5.50 12.00 6.50 32.50 34.00 41.00 49.00 41.00 31.00 21.00 28.50 20.00 42.00 41.50 13.50 3.00 48.00 24.00 36.50
30.50 43.00 2.00 4.00 11.50 44.00 38.50 46.50 20.50 45.50 38.50 21.00 3.50 40.00 48.50 38.00 29.00 22.50 20.00 23.00
47.00 12.00 36.50 48.00 7.00 21.00 18.50 18.00 24.50 39.00 35.00 12.00 47.50 31.00 21.50 29.00 34.50 24.50 29.50 45.50
39.00 36.50 31.00 31.50 36.00 2.00 15.00 20.50 25.50 6.00 33.00 44.00 26.50 10.00 32.00 33.50 30.00 42.50 1.50 26.00
15.50 7.00 34.00 30.00 3.00 8.50 39.50 4.00 10.00 45.00 7.50 39.00 26.00 16.50 14.50 14.00 25.00 2.50 22.50 48.50
19.00 29.00 28.50 39.50 42.50 42.00 43.00 47.00 7.00 1.50 7.50 37.50 1.00 9.50 1.00 27.00 13.50 24.00 7.50 9.50
38.50 46.50 9.00 40.00 16.00 31.00 48.50 25.50 29.50 17.50 25.50 26.50 21.50 42.50 13.50 33.00 32.00 22.50 35.00 14.00
13.00 33.00 26.00 4.00 17.00 10.00 35.00 23.50 34.00 29.00 39.00 40.00 47.00 25.00 45.50 23.00 14.50 12.00 16.50 10.50
23.00 26.50 26.00 9.50 9.50 40.50 21.00 46.00 46.50 47.50 44.50 44.00 42.50 1.00 20.00 39.00 21.50 21.50 15.00 8.00
20.00 2.50 31.00 27.00 28.50 32.00 19.00 21.50 48.00 4.50 25.00 10.00 37.50 19.50 48.00 45.50 44.00 31.00 44.00 40.50
7.00 32.50 38.00 5.50 3.50 1.50 20.00 5.50 4.50 4.00 37.00 2.00 42.00 44.00 33.00 42.50 1.00 23.00 20.00 29.50
3.00 13.50 46.50 2.00 15.00 9.00 46.00 33.00 23.50 25.50 28.50 15.00 21.00 47.00 31.00 1.50 34.50 13.50 44.00 22.50
49.00 28.00 45.00 21.50 35.00 21.00 44.00 38.50 48.50 22.50 3.50 26.00 13.50 33.50 37.50 24.50 8.50 2.50 6.50 31.50
9.00 19.00 36.00 0.50 5.50 4.50 31.00 14.50 12.50 33.50 32.50 16.00 20.00 42.50 25.00 37.00 28.00 6.00 44.00 24.50
6.50 40.00 42.50 3.00 13.50 10.50 34.50 15.50 34.00 43.00 44.50 41.00 33.00 9.00 34.00 11.50 10.50 44.50 38.50 21.00
21.00 25.50 48.50 4.50 12.50 11.50 15.00 13.50 49.50 45.50 43.50 14.00 24.00 15.50 0.50 30.00 21.00 17.00 40.00 19.00
3.00 20.50 8.00 12.00 31.00 34.50 14.00 46.50 36.00 39.50 3.00 18.00 40.50 36.00 34.00 30.50 14.00 44.00 7.00 41.50
49.50 10.00 25.00 36.00 18.00 37.00 19.00 34.00 46.00 2.50 15.50 49.00 46.00 48.00 45.50 28.50 32.50 28.50 39.50 26.00
22.00 42.50 30.50 42.50 7.50 17.00 34.00 46.50 30.00 32.50 35.00 38.50 15.00 44.00 25.00 39.50 39.50 3.00 43.50 46.00
29.50 14.00 37.50 6.00 3.00 16.00 3.50 2.00 28.00 37.50 12.50 35.50 24.50 20.50 39.00 2.00 9.50 38.00 25.50 18.00
8.00 36.00 40.00 24.50 30.00 36.00 8.00 14.50 5.50 5.50 18.00 8.00 43.00 44.50 33.50 29.50 39.00 17.00 8.00 11.00
19.00 49.50 17.00 49.00 22.50 2.00 5.50 37.00 42.50 29.00 44.00 45.50 13.00 38.00 11.50 26.50 10.00 33.50 48.00 24.50
24.50 43.50 15.00 9.50 2.50 3.00 25.50 43.50 20.50 12.50 12.50 39.50 45.50 46.50 18.00 7.50 1.00 25.50 47.50 31.50
14.00 47.50 31.50 25.50 46.50 28.00 33.50 28.00 15.50 18.00 47.00 5.00 39.00 18.00 46.00 10.50 18.50 5.50 24.50 28.00
36.50 22.50 25.50 2.50 24.50 29.00 49.50 41.00 11.00 27.50 33.00 14.00 20.50 2.00 32.50 36.50 45.00 41.00 22.00 22.00
47.00 32.50 18.00 4.50 16.50 49.00 39.00 9.00 41.50 15.00 47.50 40.00 26.50 10.50 6.50 2.00 21.00 46.50 32.50 25.50
23.50 8.50 33.50 46.00 7.50 26.50 0.50 26.50 39.50 28.00 38.50 30.00 25.00 45.50 2.50 7.00 26.50 41.00 29.50 37.50
15.50 31.50 39.00 25.00 7.50 7.00 34.00 31.50 33.50 27.00 5.00 43.00 37.00 38.00 31.00 26.00 16.00 24.00 24.50 17.00
28.00 13.50 22.50 22.50 30.50 38.00 30.50 13.00 9.50 37.00 13.00 40.50 34.50 43.00 30.00 23.50 13.00 1.50 31.50 4.00
0.50 32.50 22.50 7.00 49.50 21.50 19.50 9.50 48.00 39.00 29.00 10.00 24.00 23.50 3.50 33.00 37.00 33.50 47.50 3.00
29.50 9.50 36.00 3.50 39.50 3.00 41.50 48.50 42.50 37.50 4.00 1.50 45.50 44.50 28.00 46.50 47.50 27.50 40.50 24.00
29.50 28.50 33.50 31.00 28.00 16.00 35.50 43.00 9.50 19.00 47.50 23.00 10.00 40.50 9.50 32.50 44.50 11.00 23.50 4.00
26.50 27.00 7.50 29.00 28.50 13.00 49.00 14.50 5.00 10.00 10.00 28.50 10.00 44.00 11.50 45.50 34.00 28.00 39.00 14.50
49.00 32.00 39.50 19.50 18.50 26.00 31.00 23.50 16.50 38.50 23.00 29.00 26.50 20.50 42.00 30.50 17.00 31.00 17.00 4.00
25.00 19.50 30.50 15.50 13.00 5.50 11.50 43.00 12.50 5.50 24.50 38.00 37.50 9.00 25.00 27.50 32.50 9.00 42.00 6.00
5.00 24.00 5.00 38.00 39.00 48.50 21.00 10.00 12.50 45.50 18.50 31.50 39.00 24.50 8.50 38.00 5.00 44.50 14.50 30.50
22.00 7.00 2.00 17.00 34.00 22.00 10.50 19.00 21.00 36.50 38.00 6.50 45.50 11.00 38.50 32.00 31.50 10.50 36.00 30.00
6.00 4.50 32.50 26.50 30.00 4.00 38.00 10.50 35.50 23.00 5.50 40.50 42.00 29.50 31.50 22.50 25.50 42.00 5.00 16.00
39.50 19.50 25.50 20.00 28.50 8.50 40.50 12.00 47.50 6.50 12.00 42.50 24.50 48.00 12.50 29.00 2.00 36.00 19.50 32.00
27.50 20.00 8.00 2.50 13.00 41.50 24.00 15.50 28.00 47.00 36.00 41.00 19.50 35.00 8.50 12.50 29.00 33.00 40.00 6.50
34.00 20.50 13.00 20.00 5.00 24.00 39.00 10.50 47.00 36.50 37.50 46.00 9.50 42.50 36.50 49.00 40.50 19.00 0.50 35.50
4.50 1.50 21.00 23.00 4.50 23.00 2.00 31.00 10.00 23.00 29.00 26.00 14.50 23.00 31.00 2.50 38.00 15.50 32.00 29.50
28.50 49.00 3.50 32.50 16.50 32.50 21.00 39.50 21.00 29.00 23.00 4.00 38.50 37.50 5.00 32.00 24.00 19.00 44.50 45.50
41.00 30.50 2.50 4.50 46.00 44.50 27.00 44.50 33.00 15.00 1.00 3.00 0.50 5.00 31.50 15.50 40.00 4.50 18.50 34.00
33.50 10.50 18.00 5.00 29.50 44.00 44.00 28.00 33.00 45.00 41.50 26.00 2.50 3.50 32.00 19.00 26.50 41.00 41.50 41.00
44.50 23.00 46.00 43.00 42.50 39.00 44.50 30.00 31.00 40.00 7.00 6.00 42.00 2.50 12.50 18.50 26.50 44.00 33.00 49.00
38.50 15.00 7.50 24.00 1.50 3.50 35.00 38.00 6.00 42.50 38.50 32.50 17.00 9.00 0.50 19.50 35.50 19.50 4.00 38.00
41.50 39.00 39.50 0.50 12.00 3.00 35.50 27.00 2.50 43.00 34.00 13.00 6.50 21.00 25.00 31.00 32.50 39.00 21.00 17.50
13.00 7.50 36.50 10.50 17.50 36.00 2.00 19.00 13.50 10.00 40.50 33.50 9.50 46.00 3.50 28.50 1.50 4.50 48.50 39.00
36.50 48.00 16.00 24.50 18.50 46.50 15.00 5.00 30.00 33.50 40.50 7.00 40.00 43.00 29.50 34.50 48.00 8.50 3.00 29.00
47.00 45.00 36.50 7.00 12.00 36.50 45.50 32.50 8.00 49.50 28.00 32.00 10.50 29.50 46.50 20.50 22.00 28.50 24.00 40.50
33.50 43.00 5.00 39.50 22.50 35.50 49.00 32.50 29.00 29.00 18.50 4.00 43.50 45.00 47.50 12.50 33.50 11.00 23.00 13.00
15.00 8.00 47.00 16.00 14.00 27.50 33.00 42.50 46.00 40.50 20.50 20.00 2.00 43.50 20.50 1.50 19.00 33.50 31.50 1.50
38.50 35.50 49.00 5.50 49.50 3.50 27.50 29.00 29.00 13.00 48.00 43.00 38.00 41.00 10.00 43.00 48.00 26.00 33.50 40.00
48.50 7.00 3.00 7.50 33.50 34.50 18.00 25.50 28.00 7.00 26.50 23.50 45.50 5.00 34.50 48.50 27.00 33.00 4.50 45.00
3.00 34.00 25.50 6.50 26.50 19.50 39.00 2.00 10.50 30.50 44.00 41.50 27.00 39.50 18.50 18.50 7.00 22.50 26.50 19.50
24.00 39.00 2.00 43.50 39.00 2.00 6.50 39.00 44.00 37.00 33.00 29.00 28.00 32.00 10.50 41.50 49.50 4.50 45.50 45.00
38.00 23.00 6.50 33.50 10.00 48.00 34.00 12.50 23.50 10.00 25.00 41.50 4.50 25.00 45.50 39.00 32.00 33.50 25.00 16.00
45.50 48.50 18.00 28.50 46.00 16.50 20.50 23.00 25.50 43.50 20.00 47.50 39.50 2.00 6.00 43.00 45.50 19.00 43.00 16.00
38.00 2.00 21.50 43.50 32.50 37.00 13.00 17.00 7.00 22.00 14.00 28.00 10.00 14.50 32.00 49.00 4.50 27.00 27.50 17.00
42.50 18.50 30.00 20.50 42.00 30.50 21.00 10.00 2.00 44.50 32.50 32.50 31.00 4.00 47.00 11.00 10.50 5.00 19.00 34.50
24.00 7.50 34.00 43.50 44.00 45.00 0.50 13.50 26.50 26.50 38.00 11.50 29.50 3.00 2.50 4.50 46.50 48.00 34.00 40.50
8.50 16.00 8.00 30.00 44.00 41.50 38.00 13.50 14.50 11.50 44.50 16.00 21.50 30.00 16.00 11.00 3.50 1.00 36.50 27.50
21.50 9.00 12.50 21.00 5.50 4.00 10.50 13.00 15.50 45.50 8.00 21.50 9.50 39.50 13.00 22.00 24.00 29.00 34.00 6.50
27.00 40.00 24.50 48.50 40.50 30.00 1.50 30.50 21.00 43.00 24.00 45.50 46.00 42.50 8.00 18.50 40.00 48.00 45.50 7.50
34.50 3.50 22.00 8.00 7.50 44.50 30.50 8.00 34.50 21.50 45.50 9.00 3.50 17.50 27.50 16.00 0.50 13.00 2.50 8.50
42.50 13.00 5.00 20.00 14.50 22.00 42.50 23.50 21.00 5.50 41.50 13.50 47.00 17.50 37.50 1.50 23.00 49.50 29.00 43.50
30.00 21.00 10.50 38.00 34.50 10.00 29.00 30.50 27.50 23.50 42.00 39.50 27.50 25.50 13.50 27.00 29.00 36.00 28.00 5.50
41.00 41.50 30.00 31.00 46.50 28.00 31.50 36.00 19.00 25.50 9.00 26.50 17.00 17.50 45.00 35.50 17.50 34.50 8.50 6.00
29.50 13.50 27.00 6.00 43.00 8.50 35.00 26.00 25.00 2.50 1.00 43.50 7.00 12.00 42.00 43.00 13.50 5.50 17.50 24.00
35.50 39.50 45.50 12.00 37.00 18.00 16.00 33.50 39.00 12.50 31.50 48.50 35.00 32.50 43.00 24.50 27.50 27.50 21.00 1.00
22.50 46.00 32.50 21.50 23.50 8.00 48.00 46.50 33.50 10.50 13.50 39.50 44.00 7.50 7.00 44.50 40.00 41.00 27.50 32.50
38.00 8.00 9.00 28.00 2.50 10.00 49.50 22.00 7.50 19.50 19.50 49.50 29.00 5.50 3.50 13.50 20.00 29.50 8.50 17.50
1.50 18.50 11.00 4.00 6.50 9.50 17.50 5.50 3.50 10.50 7.00 9.00 3.50 49.50 18.00 25.00 6.50 12.50 14.00 49.00
