# nJobs | nMachines
50 20
# Job Weights
40
50
2
20
3
32
19
9
55
38
81
39
29
44
36
91
56
20
59
96
41
59
61
50
64
56
96
5
77
43
72
33
44
52
4
1
29
76
32
78
32
51
7
21
7
66
87
39
96
97
# P_bar : m1 | m2 | m3 | m4 | m5 | m6 | m7 | m8 | m9 | m10 | m11 | m12 | m13 | m14 | m15 | m16 | m17 | m18 | m19 | m20
47 46 70 23 53 61 77 25 15 54 72 57 65 55 99 26 72 80 90 57
77 12 96 21 66 18 74 96 71 1 79 4 89 71 76 97 47 95 30 61
66 17 56 89 41 82 69 32 11 54 76 35 18 5 88 65 52 41 88 4
13 87 22 51 79 96 8 37 98 10 84 86 14 34 99 27 40 18 69 58
77 35 44 34 58 68 84 19 77 35 35 50 60 24 82 77 49 14 51 94
20 27 83 62 57 7 81 42 50 27 84 63 78 18 1 43 86 65 7 50
29 71 66 6 17 65 37 86 39 57 62 17 56 84 14 4 75 26 26 31
11 11 56 22 66 95 26 49 14 90 47 11 3 39 15 77 26 5 5 25
85 97 27 75 42 30 10 55 66 91 26 99 79 76 13 66 37 7 1 34
98 83 52 22 66 84 60 92 41 64 74 22 15 19 38 38 29 75 90 80
36 63 46 5 16 23 72 85 1 90 30 76 48 95 84 1 34 95 40 94
92 22 83 37 19 75 89 94 9 59 14 98 9 98 53 48 86 67 78 82
99 47 76 72 42 71 49 22 40 54 74 35 72 48 23 20 96 93 68 24
65 46 25 6 80 60 47 30 94 43 42 18 41 15 52 95 36 90 31 98
34 72 28 90 9 21 47 93 60 69 93 82 83 62 66 39 55 73 91 74
35 16 26 71 48 76 90 83 5 13 89 96 27 70 4 13 41 63 23 98
42 35 98 47 62 37 6 95 44 27 19 7 73 7 98 9 97 25 55 93
28 2 64 60 65 65 87 1 45 81 84 43 80 37 83 2 74 36 14 80
28 22 66 93 70 78 10 16 38 40 22 79 16 59 40 5 55 7 44 25
5 50 15 17 45 37 34 75 20 66 60 39 34 61 32 36 61 26 22 99
80 58 39 65 3 71 52 43 67 93 42 58 42 66 50 57 72 86 37 19
46 46 75 12 98 60 72 80 57 61 7 32 65 26 75 21 45 50 32 34
37 19 66 97 11 59 77 42 4 63 50 12 57 70 65 49 73 80 42 12
86 82 89 29 2 18 94 78 24 27 56 84 88 70 27 19 94 48 3 55
85 69 56 41 64 94 44 9 12 13 25 1 78 85 30 78 76 12 5 71
67 14 42 3 77 55 80 56 63 43 70 41 62 51 98 44 28 57 79 21
22 94 90 46 85 53 88 35 26 88 84 20 19 32 55 98 58 34 33 5
67 39 77 33 12 58 94 96 27 61 73 78 60 35 91 55 98 4 79 61
20 62 76 55 18 47 39 71 8 95 70 69 60 46 47 62 65 99 56 37
1 27 43 10 75 65 75 97 7 39 17 76 58 80 32 27 7 20 96 22
39 60 14 9 83 29 35 53 33 44 3 16 29 11 61 86 77 1 57 15
25 20 3 14 2 26 35 51 21 4 96 68 40 23 63 4 1 83 23 50
1 13 57 37 2 6 92 58 79 57 45 17 22 48 14 71 75 17 19 27
41 64 98 54 29 13 17 8 6 11 81 82 3 30 56 63 46 69 24 12
74 67 47 14 81 4 74 56 64 50 33 58 27 28 28 93 61 72 25 59
39 25 35 53 94 38 77 93 10 34 16 2 48 65 11 18 93 61 73 97
2 39 58 27 38 64 45 96 86 77 86 34 89 78 40 70 79 67 69 38
20 40 6 64 56 47 70 56 84 19 67 28 31 77 9 5 23 83 24 83
3 72 95 25 92 7 5 36 82 42 19 35 5 32 60 21 71 89 19 84
29 28 9 79 77 2 33 81 25 35 5 35 59 61 17 48 46 99 5 54
51 36 33 30 31 46 80 72 27 56 12 86 2 68 49 13 79 5 92 79
79 60 1 33 65 30 31 33 41 53 94 26 14 98 12 53 55 47 82 51
35 2 59 5 59 58 3 37 35 95 10 29 43 26 44 70 95 84 95 93
63 8 85 96 89 77 27 90 44 78 55 49 47 12 56 42 46 76 18 95
18 33 1 1 66 86 80 96 9 18 98 27 48 94 44 73 59 68 85 66
67 85 85 51 92 9 10 11 80 31 45 60 4 4 40 42 89 36 27 12
73 51 65 42 15 39 38 66 13 63 77 51 12 15 81 72 16 30 92 80
2 6 47 78 50 18 86 64 79 96 30 13 19 94 75 89 40 38 77 20
23 5 13 70 39 22 51 27 58 11 87 19 28 19 55 1 28 62 68 28
59 72 12 91 26 61 39 37 73 83 18 56 66 52 44 26 51 61 46 86
# P_hat : m1 | m2 | m3 | m4 | m5 | m6 | m7 | m8 | m9 | m10 | m11 | m12 | m13 | m14 | m15 | m16 | m17 | m18 | m19 | m20
23.50 23.00 35.00 11.50 26.50 30.50 38.50 12.50 7.50 27.00 36.00 28.50 32.50 27.50 49.50 13.00 36.00 40.00 45.00 28.50
38.50 6.00 48.00 10.50 33.00 9.00 37.00 48.00 35.50 0.50 39.50 2.00 44.50 35.50 38.00 48.50 23.50 47.50 15.00 30.50
33.00 8.50 28.00 44.50 20.50 41.00 34.50 16.00 5.50 27.00 38.00 17.50 9.00 2.50 44.00 32.50 26.00 20.50 44.00 2.00
6.50 43.50 11.00 25.50 39.50 48.00 4.00 18.50 49.00 5.00 42.00 43.00 7.00 17.00 49.50 13.50 20.00 9.00 34.50 29.00
38.50 17.50 22.00 17.00 29.00 34.00 42.00 9.50 38.50 17.50 17.50 25.00 30.00 12.00 41.00 38.50 24.50 7.00 25.50 47.00
10.00 13.50 41.50 31.00 28.50 3.50 40.50 21.00 25.00 13.50 42.00 31.50 39.00 9.00 0.50 21.50 43.00 32.50 3.50 25.00
14.50 35.50 33.00 3.00 8.50 32.50 18.50 43.00 19.50 28.50 31.00 8.50 28.00 42.00 7.00 2.00 37.50 13.00 13.00 15.50
5.50 5.50 28.00 11.00 33.00 47.50 13.00 24.50 7.00 45.00 23.50 5.50 1.50 19.50 7.50 38.50 13.00 2.50 2.50 12.50
42.50 48.50 13.50 37.50 21.00 15.00 5.00 27.50 33.00 45.50 13.00 49.50 39.50 38.00 6.50 33.00 18.50 3.50 0.50 17.00
49.00 41.50 26.00 11.00 33.00 42.00 30.00 46.00 20.50 32.00 37.00 11.00 7.50 9.50 19.00 19.00 14.50 37.50 45.00 40.00
18.00 31.50 23.00 2.50 8.00 11.50 36.00 42.50 0.50 45.00 15.00 38.00 24.00 47.50 42.00 0.50 17.00 47.50 20.00 47.00
46.00 11.00 41.50 18.50 9.50 37.50 44.50 47.00 4.50 29.50 7.00 49.00 4.50 49.00 26.50 24.00 43.00 33.50 39.00 41.00
49.50 23.50 38.00 36.00 21.00 35.50 24.50 11.00 20.00 27.00 37.00 17.50 36.00 24.00 11.50 10.00 48.00 46.50 34.00 12.00
32.50 23.00 12.50 3.00 40.00 30.00 23.50 15.00 47.00 21.50 21.00 9.00 20.50 7.50 26.00 47.50 18.00 45.00 15.50 49.00
17.00 36.00 14.00 45.00 4.50 10.50 23.50 46.50 30.00 34.50 46.50 41.00 41.50 31.00 33.00 19.50 27.50 36.50 45.50 37.00
17.50 8.00 13.00 35.50 24.00 38.00 45.00 41.50 2.50 6.50 44.50 48.00 13.50 35.00 2.00 6.50 20.50 31.50 11.50 49.00
21.00 17.50 49.00 23.50 31.00 18.50 3.00 47.50 22.00 13.50 9.50 3.50 36.50 3.50 49.00 4.50 48.50 12.50 27.50 46.50
14.00 1.00 32.00 30.00 32.50 32.50 43.50 0.50 22.50 40.50 42.00 21.50 40.00 18.50 41.50 1.00 37.00 18.00 7.00 40.00
14.00 11.00 33.00 46.50 35.00 39.00 5.00 8.00 19.00 20.00 11.00 39.50 8.00 29.50 20.00 2.50 27.50 3.50 22.00 12.50
2.50 25.00 7.50 8.50 22.50 18.50 17.00 37.50 10.00 33.00 30.00 19.50 17.00 30.50 16.00 18.00 30.50 13.00 11.00 49.50
40.00 29.00 19.50 32.50 1.50 35.50 26.00 21.50 33.50 46.50 21.00 29.00 21.00 33.00 25.00 28.50 36.00 43.00 18.50 9.50
23.00 23.00 37.50 6.00 49.00 30.00 36.00 40.00 28.50 30.50 3.50 16.00 32.50 13.00 37.50 10.50 22.50 25.00 16.00 17.00
18.50 9.50 33.00 48.50 5.50 29.50 38.50 21.00 2.00 31.50 25.00 6.00 28.50 35.00 32.50 24.50 36.50 40.00 21.00 6.00
43.00 41.00 44.50 14.50 1.00 9.00 47.00 39.00 12.00 13.50 28.00 42.00 44.00 35.00 13.50 9.50 47.00 24.00 1.50 27.50
42.50 34.50 28.00 20.50 32.00 47.00 22.00 4.50 6.00 6.50 12.50 0.50 39.00 42.50 15.00 39.00 38.00 6.00 2.50 35.50
33.50 7.00 21.00 1.50 38.50 27.50 40.00 28.00 31.50 21.50 35.00 20.50 31.00 25.50 49.00 22.00 14.00 28.50 39.50 10.50
11.00 47.00 45.00 23.00 42.50 26.50 44.00 17.50 13.00 44.00 42.00 10.00 9.50 16.00 27.50 49.00 29.00 17.00 16.50 2.50
33.50 19.50 38.50 16.50 6.00 29.00 47.00 48.00 13.50 30.50 36.50 39.00 30.00 17.50 45.50 27.50 49.00 2.00 39.50 30.50
10.00 31.00 38.00 27.50 9.00 23.50 19.50 35.50 4.00 47.50 35.00 34.50 30.00 23.00 23.50 31.00 32.50 49.50 28.00 18.50
0.50 13.50 21.50 5.00 37.50 32.50 37.50 48.50 3.50 19.50 8.50 38.00 29.00 40.00 16.00 13.50 3.50 10.00 48.00 11.00
19.50 30.00 7.00 4.50 41.50 14.50 17.50 26.50 16.50 22.00 1.50 8.00 14.50 5.50 30.50 43.00 38.50 0.50 28.50 7.50
12.50 10.00 1.50 7.00 1.00 13.00 17.50 25.50 10.50 2.00 48.00 34.00 20.00 11.50 31.50 2.00 0.50 41.50 11.50 25.00
0.50 6.50 28.50 18.50 1.00 3.00 46.00 29.00 39.50 28.50 22.50 8.50 11.00 24.00 7.00 35.50 37.50 8.50 9.50 13.50
20.50 32.00 49.00 27.00 14.50 6.50 8.50 4.00 3.00 5.50 40.50 41.00 1.50 15.00 28.00 31.50 23.00 34.50 12.00 6.00
37.00 33.50 23.50 7.00 40.50 2.00 37.00 28.00 32.00 25.00 16.50 29.00 13.50 14.00 14.00 46.50 30.50 36.00 12.50 29.50
19.50 12.50 17.50 26.50 47.00 19.00 38.50 46.50 5.00 17.00 8.00 1.00 24.00 32.50 5.50 9.00 46.50 30.50 36.50 48.50
1.00 19.50 29.00 13.50 19.00 32.00 22.50 48.00 43.00 38.50 43.00 17.00 44.50 39.00 20.00 35.00 39.50 33.50 34.50 19.00
10.00 20.00 3.00 32.00 28.00 23.50 35.00 28.00 42.00 9.50 33.50 14.00 15.50 38.50 4.50 2.50 11.50 41.50 12.00 41.50
1.50 36.00 47.50 12.50 46.00 3.50 2.50 18.00 41.00 21.00 9.50 17.50 2.50 16.00 30.00 10.50 35.50 44.50 9.50 42.00
14.50 14.00 4.50 39.50 38.50 1.00 16.50 40.50 12.50 17.50 2.50 17.50 29.50 30.50 8.50 24.00 23.00 49.50 2.50 27.00
25.50 18.00 16.50 15.00 15.50 23.00 40.00 36.00 13.50 28.00 6.00 43.00 1.00 34.00 24.50 6.50 39.50 2.50 46.00 39.50
39.50 30.00 0.50 16.50 32.50 15.00 15.50 16.50 20.50 26.50 47.00 13.00 7.00 49.00 6.00 26.50 27.50 23.50 41.00 25.50
17.50 1.00 29.50 2.50 29.50 29.00 1.50 18.50 17.50 47.50 5.00 14.50 21.50 13.00 22.00 35.00 47.50 42.00 47.50 46.50
31.50 4.00 42.50 48.00 44.50 38.50 13.50 45.00 22.00 39.00 27.50 24.50 23.50 6.00 28.00 21.00 23.00 38.00 9.00 47.50
9.00 16.50 0.50 0.50 33.00 43.00 40.00 48.00 4.50 9.00 49.00 13.50 24.00 47.00 22.00 36.50 29.50 34.00 42.50 33.00
33.50 42.50 42.50 25.50 46.00 4.50 5.00 5.50 40.00 15.50 22.50 30.00 2.00 2.00 20.00 21.00 44.50 18.00 13.50 6.00
36.50 25.50 32.50 21.00 7.50 19.50 19.00 33.00 6.50 31.50 38.50 25.50 6.00 7.50 40.50 36.00 8.00 15.00 46.00 40.00
1.00 3.00 23.50 39.00 25.00 9.00 43.00 32.00 39.50 48.00 15.00 6.50 9.50 47.00 37.50 44.50 20.00 19.00 38.50 10.00
11.50 2.50 6.50 35.00 19.50 11.00 25.50 13.50 29.00 5.50 43.50 9.50 14.00 9.50 27.50 0.50 14.00 31.00 34.00 14.00
29.50 36.00 6.00 45.50 13.00 30.50 19.50 18.50 36.50 41.50 9.00 28.00 33.00 26.00 22.00 13.00 25.50 30.50 23.00 43.00
