# nJobs | nMachines
100 20
# Job Weights
98
55
80
46
44
32
68
98
59
38
97
92
80
7
31
92
99
37
90
95
65
77
90
52
13
22
3
9
42
87
30
19
37
9
24
61
47
42
9
35
59
77
95
34
93
47
83
36
99
80
92
28
6
89
27
52
38
25
88
63
50
93
24
2
15
48
8
14
93
27
90
20
67
21
95
93
50
29
7
41
44
76
12
19
18
58
83
83
8
86
14
100
33
1
95
54
41
6
12
89
# P_bar : m1 | m2 | m3 | m4 | m5 | m6 | m7 | m8 | m9 | m10 | m11 | m12 | m13 | m14 | m15 | m16 | m17 | m18 | m19 | m20
39 57 30 84 42 11 3 21 74 82 59 78 37 22 24 81 64 17 75 73
83 2 34 64 74 20 34 88 21 10 31 63 28 94 47 80 28 45 24 60
12 75 55 65 1 3 39 54 53 53 80 21 56 75 27 33 64 27 53 24
57 44 12 11 40 40 69 16 51 40 74 88 33 49 99 8 11 53 31 50
78 30 50 41 3 48 9 8 80 16 7 96 26 4 39 24 27 92 93 75
55 39 15 31 95 24 92 34 67 63 14 44 17 22 26 98 35 6 72 58
20 88 4 5 69 32 78 74 91 94 53 57 43 77 24 76 19 95 83 36
79 35 43 67 18 23 99 11 44 4 47 12 75 80 66 30 28 30 66 50
58 13 74 91 73 25 27 24 11 54 34 3 16 35 92 48 87 2 90 91
52 21 31 75 66 51 20 77 71 33 53 52 19 94 98 44 11 3 44 74
99 38 72 47 83 80 61 19 10 22 80 88 65 96 35 96 25 18 29 81
48 6 71 78 52 23 15 12 26 95 9 61 20 38 92 97 54 16 68 70
87 92 29 64 37 49 87 17 62 39 1 66 28 37 26 6 18 71 38 23
67 43 28 23 53 88 76 8 93 81 74 93 25 17 16 91 19 92 87 93
95 22 32 29 19 35 55 59 1 93 62 29 60 14 78 38 59 41 29 66
82 85 14 81 3 40 23 8 9 17 6 33 64 14 25 56 77 9 86 53
90 51 32 44 53 40 35 88 82 64 47 37 9 15 51 42 83 52 34 96
41 25 6 80 5 63 21 21 71 94 58 60 58 88 37 37 36 18 65 77
86 43 46 59 44 48 28 75 79 35 60 6 5 49 62 9 71 97 47 63
97 4 73 34 91 29 93 29 65 52 88 3 75 6 72 31 68 9 35 12
27 81 48 35 46 19 95 83 39 31 8 14 18 14 27 56 57 22 57 35
20 31 56 54 43 5 25 76 6 16 88 42 35 41 71 18 28 62 11 92
82 71 97 49 50 23 92 35 3 69 56 20 86 4 68 40 57 89 32 57
45 92 56 14 40 14 6 19 46 85 82 19 56 61 81 85 57 53 82 32
71 25 60 72 30 57 54 18 36 77 42 90 99 23 5 29 52 69 42 97
58 72 72 21 40 57 66 60 5 45 64 10 99 73 4 54 4 25 1 30
92 42 24 57 56 40 30 84 19 83 63 27 95 6 34 96 52 48 93 73
5 77 29 42 40 7 32 80 70 97 10 76 22 58 35 45 40 40 41 46
21 70 64 24 75 95 5 62 61 43 7 58 30 69 56 49 99 59 3 91
45 66 29 88 5 53 68 20 20 64 69 67 26 60 31 85 87 3 2 52
43 15 3 78 81 52 86 33 3 29 92 28 41 50 81 5 46 45 43 97
12 15 97 75 87 2 98 19 98 2 12 54 62 27 32 48 49 15 80 19
53 51 50 53 14 43 87 85 51 27 44 66 15 64 58 45 37 70 67 28
29 78 97 80 61 94 15 50 3 91 93 46 2 29 10 24 68 33 6 21
14 89 83 88 4 85 75 2 56 40 83 78 10 43 64 43 86 30 99 16
49 50 89 20 94 75 34 39 47 96 16 91 48 88 25 62 10 88 97 81
85 74 2 4 22 84 86 88 46 66 65 85 93 2 69 46 41 40 70 59
90 57 96 30 36 42 1 94 86 62 95 3 50 69 89 27 22 88 24 45
12 7 28 52 95 27 4 67 92 75 60 49 51 17 32 5 90 13 48 63
48 65 83 32 79 40 60 85 92 50 60 74 39 56 25 12 93 88 9 49
13 89 47 82 42 66 75 18 25 68 62 23 26 21 63 89 25 77 56 42
75 87 90 28 84 48 88 31 14 1 3 60 86 42 62 34 37 80 11 38
69 6 56 36 92 81 11 72 1 68 44 61 21 28 3 88 19 14 45 83
34 31 57 98 87 92 23 96 39 91 23 57 83 65 99 57 96 79 93 52
19 70 69 77 60 30 33 88 42 50 14 79 52 79 33 6 34 87 84 92
55 25 88 71 16 49 20 41 23 78 98 4 25 19 57 76 1 51 44 36
44 36 54 16 76 86 85 89 45 67 53 59 14 78 93 34 6 16 22 22
22 88 94 91 32 26 69 76 28 23 10 53 66 20 1 67 40 96 26 49
60 25 90 79 88 91 32 93 9 36 31 15 20 2 35 51 34 95 70 63
45 94 62 10 19 78 14 36 23 92 30 21 60 37 18 11 82 49 84 56
38 66 97 28 72 41 89 4 29 65 81 73 38 90 84 82 51 44 79 44
78 95 67 80 10 53 12 21 94 13 46 4 48 42 53 93 67 65 82 51
73 77 59 60 87 50 56 91 65 5 38 14 31 53 49 82 45 59 84 75
59 10 22 86 78 74 26 76 55 62 37 52 88 32 52 48 38 49 54 34
46 26 24 81 75 69 57 86 80 60 64 47 5 26 57 3 74 63 27 8
47 58 87 20 39 48 24 47 92 7 36 66 73 74 85 67 91 95 15 6
95 8 99 3 58 91 57 89 23 56 90 93 29 95 45 55 81 81 89 48
25 95 62 46 71 20 85 81 25 19 93 65 95 89 84 22 42 47 88 8
58 20 18 57 45 20 3 88 44 23 90 91 66 68 52 56 27 78 65 29
61 46 70 58 43 53 9 41 14 84 71 61 73 34 52 62 55 34 84 8
92 49 94 76 34 75 5 18 54 50 15 55 84 65 93 18 66 84 28 12
8 37 85 63 9 78 76 49 48 17 38 76 41 10 66 89 94 29 20 61
88 76 43 13 28 91 15 22 15 77 57 64 40 63 90 21 10 72 64 60
64 11 48 81 7 84 62 59 45 63 63 45 59 51 49 84 81 10 43 32
93 24 51 85 84 49 83 96 25 25 38 58 76 4 83 72 33 39 92 64
29 72 91 82 42 39 64 70 36 17 35 25 92 58 89 66 12 80 30 13
20 75 16 92 72 19 46 85 49 73 60 98 63 81 76 38 90 1 33 71
45 58 31 52 57 29 43 46 72 62 56 5 77 76 96 31 22 64 39 59
46 46 57 8 56 77 26 75 57 10 14 64 62 48 65 38 4 89 68 91
78 2 51 6 25 1 13 10 14 63 17 31 69 80 60 9 65 37 85 68
37 83 9 52 33 5 49 7 41 64 29 38 80 53 89 82 34 83 11 82
49 14 28 12 33 84 57 5 91 25 71 37 73 53 87 88 54 66 14 98
2 77 37 65 80 34 37 18 72 1 60 39 84 71 71 39 19 8 65 76
18 68 89 26 69 13 48 42 84 50 86 62 93 65 1 78 48 42 7 35
92 81 83 67 87 19 10 92 61 7 24 57 89 3 21 9 87 97 77 78
41 81 33 14 94 80 13 86 97 59 14 69 90 96 35 17 65 6 81 58
31 56 94 64 90 21 34 59 90 93 14 41 89 44 11 57 29 48 69 81
29 37 44 8 66 87 46 90 34 95 69 25 94 67 61 22 34 46 89 26
92 41 76 40 93 4 56 87 13 41 18 3 13 38 34 67 85 63 12 3
87 96 82 86 23 76 93 82 47 20 94 86 70 96 89 52 17 67 46 80
65 53 10 47 84 91 80 10 51 69 99 97 35 54 67 66 99 9 37 90
22 88 81 83 84 54 84 79 51 37 13 37 41 14 54 45 80 53 53 39
61 66 74 58 56 56 81 64 41 21 41 83 2 99 68 9 91 91 46 90
90 50 55 83 90 9 15 50 10 91 49 78 44 64 77 67 94 50 8 32
89 40 92 95 58 79 86 4 81 12 20 86 94 91 29 38 79 86 28 32
97 28 26 56 69 20 76 29 25 64 35 98 12 9 58 54 82 55 6 34
15 65 27 65 6 62 24 8 5 94 85 22 59 21 92 10 78 38 63 69
75 76 86 23 31 59 39 6 85 5 9 9 62 93 40 96 64 68 48 81
77 89 32 32 98 43 57 60 56 32 87 22 77 7 88 2 69 73 55 55
65 16 28 43 43 19 76 79 18 26 27 44 51 48 97 58 26 68 69 13
21 48 75 91 34 92 81 85 36 16 28 37 64 80 46 96 60 91 22 15
56 91 67 18 56 7 86 35 18 55 13 32 4 1 22 26 48 5 42 17
53 83 91 27 49 94 78 35 62 75 90 3 98 46 44 99 34 58 47 87
9 84 48 79 98 55 94 51 55 27 46 54 42 58 97 72 47 56 15 11
86 18 58 53 82 34 33 35 70 90 55 71 77 35 52 69 74 17 69 12
75 2 23 87 68 14 10 24 22 84 78 86 81 27 66 11 76 35 34 48
7 63 17 97 32 70 27 65 21 86 52 49 20 55 28 55 38 42 25 2
88 27 18 79 83 88 12 15 50 14 16 89 54 80 99 82 23 55 21 65
38 39 37 99 45 58 55 11 44 7 7 27 45 40 68 59 23 17 33 35
69 14 78 18 77 7 97 99 39 36 15 50 15 13 4 25 53 28 93 98
# P_hat : m1 | m2 | m3 | m4 | m5 | m6 | m7 | m8 | m9 | m10 | m11 | m12 | m13 | m14 | m15 | m16 | m17 | m18 | m19 | m20
11.70 17.10 9.00 25.20 12.60 3.30 0.90 6.30 22.20 24.60 17.70 23.40 11.10 6.60 7.20 24.30 19.20 5.10 22.50 21.90
24.90 0.60 10.20 19.20 22.20 6.00 10.20 26.40 6.30 3.00 9.30 18.90 8.40 28.20 14.10 24.00 8.40 13.50 7.20 18.00
3.60 22.50 16.50 19.50 0.30 0.90 11.70 16.20 15.90 15.90 24.00 6.30 16.80 22.50 8.10 9.90 19.20 8.10 15.90 7.20
17.10 13.20 3.60 3.30 12.00 12.00 20.70 4.80 15.30 12.00 22.20 26.40 9.90 14.70 29.70 2.40 3.30 15.90 9.30 15.00
23.40 9.00 15.00 12.30 0.90 14.40 2.70 2.40 24.00 4.80 2.10 28.80 7.80 1.20 11.70 7.20 8.10 27.60 27.90 22.50
16.50 11.70 4.50 9.30 28.50 7.20 27.60 10.20 20.10 18.90 4.20 13.20 5.10 6.60 7.80 29.40 10.50 1.80 21.60 17.40
6.00 26.40 1.20 1.50 20.70 9.60 23.40 22.20 27.30 28.20 15.90 17.10 12.90 23.10 7.20 22.80 5.70 28.50 24.90 10.80
23.70 10.50 12.90 20.10 5.40 6.90 29.70 3.30 13.20 1.20 14.10 3.60 22.50 24.00 19.80 9.00 8.40 9.00 19.80 15.00
17.40 3.90 22.20 27.30 21.90 7.50 8.10 7.20 3.30 16.20 10.20 0.90 4.80 10.50 27.60 14.40 26.10 0.60 27.00 27.30
15.60 6.30 9.30 22.50 19.80 15.30 6.00 23.10 21.30 9.90 15.90 15.60 5.70 28.20 29.40 13.20 3.30 0.90 13.20 22.20
29.70 11.40 21.60 14.10 24.90 24.00 18.30 5.70 3.00 6.60 24.00 26.40 19.50 28.80 10.50 28.80 7.50 5.40 8.70 24.30
14.40 1.80 21.30 23.40 15.60 6.90 4.50 3.60 7.80 28.50 2.70 18.30 6.00 11.40 27.60 29.10 16.20 4.80 20.40 21.00
26.10 27.60 8.70 19.20 11.10 14.70 26.10 5.10 18.60 11.70 0.30 19.80 8.40 11.10 7.80 1.80 5.40 21.30 11.40 6.90
20.10 12.90 8.40 6.90 15.90 26.40 22.80 2.40 27.90 24.30 22.20 27.90 7.50 5.10 4.80 27.30 5.70 27.60 26.10 27.90
28.50 6.60 9.60 8.70 5.70 10.50 16.50 17.70 0.30 27.90 18.60 8.70 18.00 4.20 23.40 11.40 17.70 12.30 8.70 19.80
24.60 25.50 4.20 24.30 0.90 12.00 6.90 2.40 2.70 5.10 1.80 9.90 19.20 4.20 7.50 16.80 23.10 2.70 25.80 15.90
27.00 15.30 9.60 13.20 15.90 12.00 10.50 26.40 24.60 19.20 14.10 11.10 2.70 4.50 15.30 12.60 24.90 15.60 10.20 28.80
12.30 7.50 1.80 24.00 1.50 18.90 6.30 6.30 21.30 28.20 17.40 18.00 17.40 26.40 11.10 11.10 10.80 5.40 19.50 23.10
25.80 12.90 13.80 17.70 13.20 14.40 8.40 22.50 23.70 10.50 18.00 1.80 1.50 14.70 18.60 2.70 21.30 29.10 14.10 18.90
29.10 1.20 21.90 10.20 27.30 8.70 27.90 8.70 19.50 15.60 26.40 0.90 22.50 1.80 21.60 9.30 20.40 2.70 10.50 3.60
8.10 24.30 14.40 10.50 13.80 5.70 28.50 24.90 11.70 9.30 2.40 4.20 5.40 4.20 8.10 16.80 17.10 6.60 17.10 10.50
6.00 9.30 16.80 16.20 12.90 1.50 7.50 22.80 1.80 4.80 26.40 12.60 10.50 12.30 21.30 5.40 8.40 18.60 3.30 27.60
24.60 21.30 29.10 14.70 15.00 6.90 27.60 10.50 0.90 20.70 16.80 6.00 25.80 1.20 20.40 12.00 17.10 26.70 9.60 17.10
13.50 27.60 16.80 4.20 12.00 4.20 1.80 5.70 13.80 25.50 24.60 5.70 16.80 18.30 24.30 25.50 17.10 15.90 24.60 9.60
21.30 7.50 18.00 21.60 9.00 17.10 16.20 5.40 10.80 23.10 12.60 27.00 29.70 6.90 1.50 8.70 15.60 20.70 12.60 29.10
17.40 21.60 21.60 6.30 12.00 17.10 19.80 18.00 1.50 13.50 19.20 3.00 29.70 21.90 1.20 16.20 1.20 7.50 0.30 9.00
27.60 12.60 7.20 17.10 16.80 12.00 9.00 25.20 5.70 24.90 18.90 8.10 28.50 1.80 10.20 28.80 15.60 14.40 27.90 21.90
1.50 23.10 8.70 12.60 12.00 2.10 9.60 24.00 21.00 29.10 3.00 22.80 6.60 17.40 10.50 13.50 12.00 12.00 12.30 13.80
6.30 21.00 19.20 7.20 22.50 28.50 1.50 18.60 18.30 12.90 2.10 17.40 9.00 20.70 16.80 14.70 29.70 17.70 0.90 27.30
13.50 19.80 8.70 26.40 1.50 15.90 20.40 6.00 6.00 19.20 20.70 20.10 7.80 18.00 9.30 25.50 26.10 0.90 0.60 15.60
12.90 4.50 0.90 23.40 24.30 15.60 25.80 9.90 0.90 8.70 27.60 8.40 12.30 15.00 24.30 1.50 13.80 13.50 12.90 29.10
3.60 4.50 29.10 22.50 26.10 0.60 29.40 5.70 29.40 0.60 3.60 16.20 18.60 8.10 9.60 14.40 14.70 4.50 24.00 5.70
15.90 15.30 15.00 15.90 4.20 12.90 26.10 25.50 15.30 8.10 13.20 19.80 4.50 19.20 17.40 13.50 11.10 21.00 20.10 8.40
8.70 23.40 29.10 24.00 18.30 28.20 4.50 15.00 0.90 27.30 27.90 13.80 0.60 8.70 3.00 7.20 20.40 9.90 1.80 6.30
4.20 26.70 24.90 26.40 1.20 25.50 22.50 0.60 16.80 12.00 24.90 23.40 3.00 12.90 19.20 12.90 25.80 9.00 29.70 4.80
14.70 15.00 26.70 6.00 28.20 22.50 10.20 11.70 14.10 28.80 4.80 27.30 14.40 26.40 7.50 18.60 3.00 26.40 29.10 24.30
25.50 22.20 0.60 1.20 6.60 25.20 25.80 26.40 13.80 19.80 19.50 25.50 27.90 0.60 20.70 13.80 12.30 12.00 21.00 17.70
27.00 17.10 28.80 9.00 10.80 12.60 0.30 28.20 25.80 18.60 28.50 0.90 15.00 20.70 26.70 8.10 6.60 26.40 7.20 13.50
3.60 2.10 8.40 15.60 28.50 8.10 1.20 20.10 27.60 22.50 18.00 14.70 15.30 5.10 9.60 1.50 27.00 3.90 14.40 18.90
14.40 19.50 24.90 9.60 23.70 12.00 18.00 25.50 27.60 15.00 18.00 22.20 11.70 16.80 7.50 3.60 27.90 26.40 2.70 14.70
3.90 26.70 14.10 24.60 12.60 19.80 22.50 5.40 7.50 20.40 18.60 6.90 7.80 6.30 18.90 26.70 7.50 23.10 16.80 12.60
22.50 26.10 27.00 8.40 25.20 14.40 26.40 9.30 4.20 0.30 0.90 18.00 25.80 12.60 18.60 10.20 11.10 24.00 3.30 11.40
20.70 1.80 16.80 10.80 27.60 24.30 3.30 21.60 0.30 20.40 13.20 18.30 6.30 8.40 0.90 26.40 5.70 4.20 13.50 24.90
10.20 9.30 17.10 29.40 26.10 27.60 6.90 28.80 11.70 27.30 6.90 17.10 24.90 19.50 29.70 17.10 28.80 23.70 27.90 15.60
5.70 21.00 20.70 23.10 18.00 9.00 9.90 26.40 12.60 15.00 4.20 23.70 15.60 23.70 9.90 1.80 10.20 26.10 25.20 27.60
16.50 7.50 26.40 21.30 4.80 14.70 6.00 12.30 6.90 23.40 29.40 1.20 7.50 5.70 17.10 22.80 0.30 15.30 13.20 10.80
13.20 10.80 16.20 4.80 22.80 25.80 25.50 26.70 13.50 20.10 15.90 17.70 4.20 23.40 27.90 10.20 1.80 4.80 6.60 6.60
6.60 26.40 28.20 27.30 9.60 7.80 20.70 22.80 8.40 6.90 3.00 15.90 19.80 6.00 0.30 20.10 12.00 28.80 7.80 14.70
18.00 7.50 27.00 23.70 26.40 27.30 9.60 27.90 2.70 10.80 9.30 4.50 6.00 0.60 10.50 15.30 10.20 28.50 21.00 18.90
13.50 28.20 18.60 3.00 5.70 23.40 4.20 10.80 6.90 27.60 9.00 6.30 18.00 11.10 5.40 3.30 24.60 14.70 25.20 16.80
11.40 19.80 29.10 8.40 21.60 12.30 26.70 1.20 8.70 19.50 24.30 21.90 11.40 27.00 25.20 24.60 15.30 13.20 23.70 13.20
23.40 28.50 20.10 24.00 3.00 15.90 3.60 6.30 28.20 3.90 13.80 1.20 14.40 12.60 15.90 27.90 20.10 19.50 24.60 15.30
21.90 23.10 17.70 18.00 26.10 15.00 16.80 27.30 19.50 1.50 11.40 4.20 9.30 15.90 14.70 24.60 13.50 17.70 25.20 22.50
17.70 3.00 6.60 25.80 23.40 22.20 7.80 22.80 16.50 18.60 11.10 15.60 26.40 9.60 15.60 14.40 11.40 14.70 16.20 10.20
13.80 7.80 7.20 24.30 22.50 20.70 17.10 25.80 24.00 18.00 19.20 14.10 1.50 7.80 17.10 0.90 22.20 18.90 8.10 2.40
14.10 17.40 26.10 6.00 11.70 14.40 7.20 14.10 27.60 2.10 10.80 19.80 21.90 22.20 25.50 20.10 27.30 28.50 4.50 1.80
28.50 2.40 29.70 0.90 17.40 27.30 17.10 26.70 6.90 16.80 27.00 27.90 8.70 28.50 13.50 16.50 24.30 24.30 26.70 14.40
7.50 28.50 18.60 13.80 21.30 6.00 25.50 24.30 7.50 5.70 27.90 19.50 28.50 26.70 25.20 6.60 12.60 14.10 26.40 2.40
17.40 6.00 5.40 17.10 13.50 6.00 0.90 26.40 13.20 6.90 27.00 27.30 19.80 20.40 15.60 16.80 8.10 23.40 19.50 8.70
18.30 13.80 21.00 17.40 12.90 15.90 2.70 12.30 4.20 25.20 21.30 18.30 21.90 10.20 15.60 18.60 16.50 10.20 25.20 2.40
27.60 14.70 28.20 22.80 10.20 22.50 1.50 5.40 16.20 15.00 4.50 16.50 25.20 19.50 27.90 5.40 19.80 25.20 8.40 3.60
2.40 11.10 25.50 18.90 2.70 23.40 22.80 14.70 14.40 5.10 11.40 22.80 12.30 3.00 19.80 26.70 28.20 8.70 6.00 18.30
26.40 22.80 12.90 3.90 8.40 27.30 4.50 6.60 4.50 23.10 17.10 19.20 12.00 18.90 27.00 6.30 3.00 21.60 19.20 18.00
19.20 3.30 14.40 24.30 2.10 25.20 18.60 17.70 13.50 18.90 18.90 13.50 17.70 15.30 14.70 25.20 24.30 3.00 12.90 9.60
27.90 7.20 15.30 25.50 25.20 14.70 24.90 28.80 7.50 7.50 11.40 17.40 22.80 1.20 24.90 21.60 9.90 11.70 27.60 19.20
8.70 21.60 27.30 24.60 12.60 11.70 19.20 21.00 10.80 5.10 10.50 7.50 27.60 17.40 26.70 19.80 3.60 24.00 9.00 3.90
6.00 22.50 4.80 27.60 21.60 5.70 13.80 25.50 14.70 21.90 18.00 29.40 18.90 24.30 22.80 11.40 27.00 0.30 9.90 21.30
13.50 17.40 9.30 15.60 17.10 8.70 12.90 13.80 21.60 18.60 16.80 1.50 23.10 22.80 28.80 9.30 6.60 19.20 11.70 17.70
13.80 13.80 17.10 2.40 16.80 23.10 7.80 22.50 17.10 3.00 4.20 19.20 18.60 14.40 19.50 11.40 1.20 26.70 20.40 27.30
23.40 0.60 15.30 1.80 7.50 0.30 3.90 3.00 4.20 18.90 5.10 9.30 20.70 24.00 18.00 2.70 19.50 11.10 25.50 20.40
11.10 24.90 2.70 15.60 9.90 1.50 14.70 2.10 12.30 19.20 8.70 11.40 24.00 15.90 26.70 24.60 10.20 24.90 3.30 24.60
14.70 4.20 8.40 3.60 9.90 25.20 17.10 1.50 27.30 7.50 21.30 11.10 21.90 15.90 26.10 26.40 16.20 19.80 4.20 29.40
0.60 23.10 11.10 19.50 24.00 10.20 11.10 5.40 21.60 0.30 18.00 11.70 25.20 21.30 21.30 11.70 5.70 2.40 19.50 22.80
5.40 20.40 26.70 7.80 20.70 3.90 14.40 12.60 25.20 15.00 25.80 18.60 27.90 19.50 0.30 23.40 14.40 12.60 2.10 10.50
27.60 24.30 24.90 20.10 26.10 5.70 3.00 27.60 18.30 2.10 7.20 17.10 26.70 0.90 6.30 2.70 26.10 29.10 23.10 23.40
12.30 24.30 9.90 4.20 28.20 24.00 3.90 25.80 29.10 17.70 4.20 20.70 27.00 28.80 10.50 5.10 19.50 1.80 24.30 17.40
9.30 16.80 28.20 19.20 27.00 6.30 10.20 17.70 27.00 27.90 4.20 12.30 26.70 13.20 3.30 17.10 8.70 14.40 20.70 24.30
8.70 11.10 13.20 2.40 19.80 26.10 13.80 27.00 10.20 28.50 20.70 7.50 28.20 20.10 18.30 6.60 10.20 13.80 26.70 7.80
27.60 12.30 22.80 12.00 27.90 1.20 16.80 26.10 3.90 12.30 5.40 0.90 3.90 11.40 10.20 20.10 25.50 18.90 3.60 0.90
26.10 28.80 24.60 25.80 6.90 22.80 27.90 24.60 14.10 6.00 28.20 25.80 21.00 28.80 26.70 15.60 5.10 20.10 13.80 24.00
19.50 15.90 3.00 14.10 25.20 27.30 24.00 3.00 15.30 20.70 29.70 29.10 10.50 16.20 20.10 19.80 29.70 2.70 11.10 27.00
6.60 26.40 24.30 24.90 25.20 16.20 25.20 23.70 15.30 11.10 3.90 11.10 12.30 4.20 16.20 13.50 24.00 15.90 15.90 11.70
18.30 19.80 22.20 17.40 16.80 16.80 24.30 19.20 12.30 6.30 12.30 24.90 0.60 29.70 20.40 2.70 27.30 27.30 13.80 27.00
27.00 15.00 16.50 24.90 27.00 2.70 4.50 15.00 3.00 27.30 14.70 23.40 13.20 19.20 23.10 20.10 28.20 15.00 2.40 9.60
26.70 12.00 27.60 28.50 17.40 23.70 25.80 1.20 24.30 3.60 6.00 25.80 28.20 27.30 8.70 11.40 23.70 25.80 8.40 9.60
29.10 8.40 7.80 16.80 20.70 6.00 22.80 8.70 7.50 19.20 10.50 29.40 3.60 2.70 17.40 16.20 24.60 16.50 1.80 10.20
4.50 19.50 8.10 19.50 1.80 18.60 7.20 2.40 1.50 28.20 25.50 6.60 17.70 6.30 27.60 3.00 23.40 11.40 18.90 20.70
22.50 22.80 25.80 6.90 9.30 17.70 11.70 1.80 25.50 1.50 2.70 2.70 18.60 27.90 12.00 28.80 19.20 20.40 14.40 24.30
23.10 26.70 9.60 9.60 29.40 12.90 17.10 18.00 16.80 9.60 26.10 6.60 23.10 2.10 26.40 0.60 20.70 21.90 16.50 16.50
19.50 4.80 8.40 12.90 12.90 5.70 22.80 23.70 5.40 7.80 8.10 13.20 15.30 14.40 29.10 17.40 7.80 20.40 20.70 3.90
6.30 14.40 22.50 27.30 10.20 27.60 24.30 25.50 10.80 4.80 8.40 11.10 19.20 24.00 13.80 28.80 18.00 27.30 6.60 4.50
16.80 27.30 20.10 5.40 16.80 2.10 25.80 10.50 5.40 16.50 3.90 9.60 1.20 0.30 6.60 7.80 14.40 1.50 12.60 5.10
15.90 24.90 27.30 8.10 14.70 28.20 23.40 10.50 18.60 22.50 27.00 0.90 29.40 13.80 13.20 29.70 10.20 17.40 14.10 26.10
2.70 25.20 14.40 23.70 29.40 16.50 28.20 15.30 16.50 8.10 13.80 16.20 12.60 17.40 29.10 21.60 14.10 16.80 4.50 3.30
25.80 5.40 17.40 15.90 24.60 10.20 9.90 10.50 21.00 27.00 16.50 21.30 23.10 10.50 15.60 20.70 22.20 5.10 20.70 3.60
22.50 0.60 6.90 26.10 20.40 4.20 3.00 7.20 6.60 25.20 23.40 25.80 24.30 8.10 19.80 3.30 22.80 10.50 10.20 14.40
2.10 18.90 5.10 29.10 9.60 21.00 8.10 19.50 6.30 25.80 15.60 14.70 6.00 16.50 8.40 16.50 11.40 12.60 7.50 0.60
26.40 8.10 5.40 23.70 24.90 26.40 3.60 4.50 15.00 4.20 4.80 26.70 16.20 24.00 29.70 24.60 6.90 16.50 6.30 19.50
11.40 11.70 11.10 29.70 13.50 17.40 16.50 3.30 13.20 2.10 2.10 8.10 13.50 12.00 20.40 17.70 6.90 5.10 9.90 10.50
20.70 4.20 23.40 5.40 23.10 2.10 29.10 29.70 11.70 10.80 4.50 15.00 4.50 3.90 1.20 7.50 15.90 8.40 27.90 29.40
