# nJobs | nMachines
20 20
# Job Weights
93
14
99
92
47
88
61
46
97
17
88
57
52
27
67
30
32
55
62
78
# P_bar : m1 | m2 | m3 | m4 | m5 | m6 | m7 | m8 | m9 | m10 | m11 | m12 | m13 | m14 | m15 | m16 | m17 | m18 | m19 | m20
94 3 39 1 63 86 44 19 55 67 98 30 21 63 75 20 57 73 71 38
43 18 23 92 96 36 25 82 46 66 79 63 18 20 56 50 28 11 18 4
6 43 28 83 50 19 85 12 68 66 44 88 98 70 87 37 27 38 93 40
47 41 31 43 12 71 86 70 15 32 90 79 59 12 52 68 51 53 74 98
45 83 86 3 15 8 73 6 55 8 22 44 17 1 77 23 42 79 30 22
51 62 19 3 11 77 58 64 74 30 72 54 29 75 78 64 95 40 86 8
73 27 85 51 33 8 95 3 42 92 84 12 42 72 93 15 94 56 50 31
49 75 90 5 7 6 13 4 40 40 42 15 19 79 65 10 35 60 12 41
31 52 77 38 4 40 50 29 88 13 46 3 17 48 21 20 26 25 6 25
58 58 4 37 58 39 39 43 68 79 72 89 49 77 35 15 42 54 80 91
19 18 85 44 27 24 24 40 67 19 98 84 71 16 1 19 31 78 96 95
36 1 81 66 7 82 55 77 67 29 12 23 25 60 15 92 26 78 10 83
54 61 9 31 7 69 58 88 8 27 14 4 22 47 52 63 14 53 95 38
75 67 52 8 54 82 79 74 13 18 6 32 84 67 94 69 75 39 17 93
7 55 67 79 31 39 42 13 74 42 70 60 50 45 10 15 6 50 98 62
5 72 77 42 94 52 98 13 47 86 1 70 46 67 61 94 86 64 29 87
82 16 45 85 25 85 44 17 3 30 41 20 60 35 8 94 32 67 13 27
20 12 7 92 8 48 16 45 95 41 60 43 31 55 79 54 92 15 64 33
31 87 21 89 61 22 13 2 36 27 51 2 64 26 40 45 71 24 56 58
32 21 26 29 51 57 74 22 46 50 82 52 53 32 29 51 63 74 81 26
# P_hat : m1 | m2 | m3 | m4 | m5 | m6 | m7 | m8 | m9 | m10 | m11 | m12 | m13 | m14 | m15 | m16 | m17 | m18 | m19 | m20
9.40 0.30 3.90 0.10 6.30 8.60 4.40 1.90 5.50 6.70 9.80 3.00 2.10 6.30 7.50 2.00 5.70 7.30 7.10 3.80
4.30 1.80 2.30 9.20 9.60 3.60 2.50 8.20 4.60 6.60 7.90 6.30 1.80 2.00 5.60 5.00 2.80 1.10 1.80 0.40
0.60 4.30 2.80 8.30 5.00 1.90 8.50 1.20 6.80 6.60 4.40 8.80 9.80 7.00 8.70 3.70 2.70 3.80 9.30 4.00
4.70 4.10 3.10 4.30 1.20 7.10 8.60 7.00 1.50 3.20 9.00 7.90 5.90 1.20 5.20 6.80 5.10 5.30 7.40 9.80
4.50 8.30 8.60 0.30 1.50 0.80 7.30 0.60 5.50 0.80 2.20 4.40 1.70 0.10 7.70 2.30 4.20 7.90 3.00 2.20
5.10 6.20 1.90 0.30 1.10 7.70 5.80 6.40 7.40 3.00 7.20 5.40 2.90 7.50 7.80 6.40 9.50 4.00 8.60 0.80
7.30 2.70 8.50 5.10 3.30 0.80 9.50 0.30 4.20 9.20 8.40 1.20 4.20 7.20 9.30 1.50 9.40 5.60 5.00 3.10
4.90 7.50 9.00 0.50 0.70 0.60 1.30 0.40 4.00 4.00 4.20 1.50 1.90 7.90 6.50 1.00 3.50 6.00 1.20 4.10
3.10 5.20 7.70 3.80 0.40 4.00 5.00 2.90 8.80 1.30 4.60 0.30 1.70 4.80 2.10 2.00 2.60 2.50 0.60 2.50
5.80 5.80 0.40 3.70 5.80 3.90 3.90 4.30 6.80 7.90 7.20 8.90 4.90 7.70 3.50 1.50 4.20 5.40 8.00 9.10
1.90 1.80 8.50 4.40 2.70 2.40 2.40 4.00 6.70 1.90 9.80 8.40 7.10 1.60 0.10 1.90 3.10 7.80 9.60 9.50
3.60 0.10 8.10 6.60 0.70 8.20 5.50 7.70 6.70 2.90 1.20 2.30 2.50 6.00 1.50 9.20 2.60 7.80 1.00 8.30
5.40 6.10 0.90 3.10 0.70 6.90 5.80 8.80 0.80 2.70 1.40 0.40 2.20 4.70 5.20 6.30 1.40 5.30 9.50 3.80
7.50 6.70 5.20 0.80 5.40 8.20 7.90 7.40 1.30 1.80 0.60 3.20 8.40 6.70 9.40 6.90 7.50 3.90 1.70 9.30
0.70 5.50 6.70 7.90 3.10 3.90 4.20 1.30 7.40 4.20 7.00 6.00 5.00 4.50 1.00 1.50 0.60 5.00 9.80 6.20
0.50 7.20 7.70 4.20 9.40 5.20 9.80 1.30 4.70 8.60 0.10 7.00 4.60 6.70 6.10 9.40 8.60 6.40 2.90 8.70
8.20 1.60 4.50 8.50 2.50 8.50 4.40 1.70 0.30 3.00 4.10 2.00 6.00 3.50 0.80 9.40 3.20 6.70 1.30 2.70
2.00 1.20 0.70 9.20 0.80 4.80 1.60 4.50 9.50 4.10 6.00 4.30 3.10 5.50 7.90 5.40 9.20 1.50 6.40 3.30
3.10 8.70 2.10 8.90 6.10 2.20 1.30 0.20 3.60 2.70 5.10 0.20 6.40 2.60 4.00 4.50 7.10 2.40 5.60 5.80
3.20 2.10 2.60 2.90 5.10 5.70 7.40 2.20 4.60 5.00 8.20 5.20 5.30 3.20 2.90 5.10 6.30 7.40 8.10 2.60
