# nJobs | nMachines
50 20
# Job Weights
85
18
12
7
14
33
5
27
22
7
88
16
17
68
51
86
34
6
99
41
50
50
13
57
1
21
23
69
20
32
3
90
94
84
61
39
13
24
98
20
99
88
6
36
76
66
55
27
96
65
# P_bar : m1 | m2 | m3 | m4 | m5 | m6 | m7 | m8 | m9 | m10 | m11 | m12 | m13 | m14 | m15 | m16 | m17 | m18 | m19 | m20
82 70 18 48 49 50 85 96 95 15 11 24 94 27 12 95 6 67 88 9
3 41 12 9 73 37 35 31 95 95 89 71 80 3 73 62 53 77 15 99
55 97 86 30 71 12 70 50 6 85 88 51 61 92 37 37 68 19 30 81
23 12 18 28 34 56 6 14 43 57 3 44 79 58 55 47 81 83 64 80
36 22 84 54 98 21 84 5 77 30 7 43 5 58 12 1 33 43 25 95
62 53 67 8 80 15 40 86 81 49 93 76 71 12 37 36 54 85 5 51
51 81 81 30 5 16 26 23 38 64 88 19 4 45 69 1 64 57 81 9
80 56 92 95 30 45 52 22 76 94 23 89 45 74 89 98 12 89 38 56
13 88 61 65 32 24 85 77 85 80 92 46 29 5 17 16 24 41 8 96
86 86 69 82 70 24 36 52 88 2 26 96 34 59 54 75 87 21 99 7
56 38 31 21 49 35 97 2 27 37 50 42 59 23 22 17 30 31 15 2
69 26 76 76 35 50 39 86 86 95 68 14 81 13 39 89 97 52 12 31
42 46 12 84 11 86 39 64 82 26 29 88 24 89 70 19 3 6 72 27
86 59 3 69 52 88 42 92 22 93 92 21 79 48 29 69 41 99 97 8
6 51 97 21 87 82 12 86 6 38 44 33 8 98 93 38 40 45 27 18
58 82 18 51 58 37 22 45 88 3 56 60 59 20 51 6 63 79 22 80
61 59 87 70 71 7 9 5 40 72 38 69 80 82 41 11 52 48 48 69
5 90 96 7 85 48 63 28 83 69 59 99 76 28 89 85 48 44 56 86
9 15 5 93 12 68 68 79 27 59 43 93 3 21 26 68 97 20 89 35
27 16 11 7 56 65 84 97 58 26 33 62 33 37 31 21 71 88 88 2
6 83 98 34 82 19 54 89 1 28 49 3 86 72 61 90 40 70 66 44
37 82 37 85 11 91 9 63 44 97 62 12 49 74 99 90 43 65 89 6
41 77 7 48 5 11 1 46 3 62 24 2 8 19 50 21 78 59 75 72
11 88 15 8 99 20 13 40 74 71 83 55 29 21 73 92 6 73 47 23
47 63 68 12 32 25 25 20 6 26 35 55 26 32 46 57 18 84 14 78
99 52 97 34 17 23 5 2 13 95 98 50 17 5 57 8 27 50 47 96
28 67 85 73 75 64 51 61 41 73 8 13 34 32 33 59 60 56 97 99
53 14 10 85 23 7 15 61 10 21 82 89 31 55 22 49 26 45 58 95
75 86 97 24 44 80 94 71 66 56 16 18 18 92 37 37 41 31 25 50
81 68 85 64 29 13 19 45 64 36 79 78 48 49 46 48 50 82 11 14
11 3 17 26 98 72 33 62 32 74 2 5 4 6 81 26 27 85 81 35
22 62 63 94 1 29 15 36 50 62 38 70 78 66 86 97 11 32 53 4
42 4 30 30 82 58 95 96 45 6 50 32 90 85 14 14 78 28 74 77
36 57 77 45 64 55 10 69 40 67 97 67 48 26 11 82 51 73 9 64
7 11 72 33 38 90 55 25 82 89 26 21 21 61 18 42 56 41 25 5
71 96 22 4 24 44 22 89 75 18 2 4 74 82 21 92 25 51 28 98
96 72 73 37 3 59 10 3 97 30 20 62 30 52 3 66 30 36 16 49
85 71 87 86 61 56 60 12 18 81 69 35 96 32 45 80 2 68 66 98
20 82 68 57 60 5 79 37 45 75 42 60 79 85 71 41 56 23 81 64
17 10 2 19 12 24 75 61 39 24 52 42 97 98 5 69 24 78 95 79
71 3 99 87 33 74 87 30 44 17 83 68 37 64 37 32 95 98 22 65
23 54 2 81 42 63 95 48 55 87 51 18 1 20 79 64 33 34 99 5
80 22 20 32 15 75 45 41 71 35 23 39 46 78 1 64 12 77 62 37
52 71 47 53 10 25 79 70 49 61 61 82 68 21 36 52 65 64 58 26
89 7 10 98 68 42 20 18 35 43 74 28 67 63 65 25 72 55 80 90
84 66 14 44 68 41 44 43 13 83 31 54 27 33 22 53 70 39 18 27
80 5 50 1 34 11 52 95 45 29 91 8 74 96 77 33 10 26 27 69
3 14 53 31 2 35 86 25 26 90 77 6 58 74 48 49 69 83 14 55
30 15 27 36 81 79 88 12 13 58 54 1 65 22 58 80 21 28 41 84
36 82 78 61 45 42 62 13 97 32 29 54 29 60 71 82 7 65 42 90
# P_hat : m1 | m2 | m3 | m4 | m5 | m6 | m7 | m8 | m9 | m10 | m11 | m12 | m13 | m14 | m15 | m16 | m17 | m18 | m19 | m20
32.80 28.00 7.20 19.20 19.60 20.00 34.00 38.40 38.00 6.00 4.40 9.60 37.60 10.80 4.80 38.00 2.40 26.80 35.20 3.60
1.20 16.40 4.80 3.60 29.20 14.80 14.00 12.40 38.00 38.00 35.60 28.40 32.00 1.20 29.20 24.80 21.20 30.80 6.00 39.60
22.00 38.80 34.40 12.00 28.40 4.80 28.00 20.00 2.40 34.00 35.20 20.40 24.40 36.80 14.80 14.80 27.20 7.60 12.00 32.40
9.20 4.80 7.20 11.20 13.60 22.40 2.40 5.60 17.20 22.80 1.20 17.60 31.60 23.20 22.00 18.80 32.40 33.20 25.60 32.00
14.40 8.80 33.60 21.60 39.20 8.40 33.60 2.00 30.80 12.00 2.80 17.20 2.00 23.20 4.80 0.40 13.20 17.20 10.00 38.00
24.80 21.20 26.80 3.20 32.00 6.00 16.00 34.40 32.40 19.60 37.20 30.40 28.40 4.80 14.80 14.40 21.60 34.00 2.00 20.40
20.40 32.40 32.40 12.00 2.00 6.40 10.40 9.20 15.20 25.60 35.20 7.60 1.60 18.00 27.60 0.40 25.60 22.80 32.40 3.60
32.00 22.40 36.80 38.00 12.00 18.00 20.80 8.80 30.40 37.60 9.20 35.60 18.00 29.60 35.60 39.20 4.80 35.60 15.20 22.40
5.20 35.20 24.40 26.00 12.80 9.60 34.00 30.80 34.00 32.00 36.80 18.40 11.60 2.00 6.80 6.40 9.60 16.40 3.20 38.40
34.40 34.40 27.60 32.80 28.00 9.60 14.40 20.80 35.20 0.80 10.40 38.40 13.60 23.60 21.60 30.00 34.80 8.40 39.60 2.80
22.40 15.20 12.40 8.40 19.60 14.00 38.80 0.80 10.80 14.80 20.00 16.80 23.60 9.20 8.80 6.80 12.00 12.40 6.00 0.80
27.60 10.40 30.40 30.40 14.00 20.00 15.60 34.40 34.40 38.00 27.20 5.60 32.40 5.20 15.60 35.60 38.80 20.80 4.80 12.40
16.80 18.40 4.80 33.60 4.40 34.40 15.60 25.60 32.80 10.40 11.60 35.20 9.60 35.60 28.00 7.60 1.20 2.40 28.80 10.80
34.40 23.60 1.20 27.60 20.80 35.20 16.80 36.80 8.80 37.20 36.80 8.40 31.60 19.20 11.60 27.60 16.40 39.60 38.80 3.20
2.40 20.40 38.80 8.40 34.80 32.80 4.80 34.40 2.40 15.20 17.60 13.20 3.20 39.20 37.20 15.20 16.00 18.00 10.80 7.20
23.20 32.80 7.20 20.40 23.20 14.80 8.80 18.00 35.20 1.20 22.40 24.00 23.60 8.00 20.40 2.40 25.20 31.60 8.80 32.00
24.40 23.60 34.80 28.00 28.40 2.80 3.60 2.00 16.00 28.80 15.20 27.60 32.00 32.80 16.40 4.40 20.80 19.20 19.20 27.60
2.00 36.00 38.40 2.80 34.00 19.20 25.20 11.20 33.20 27.60 23.60 39.60 30.40 11.20 35.60 34.00 19.20 17.60 22.40 34.40
3.60 6.00 2.00 37.20 4.80 27.20 27.20 31.60 10.80 23.60 17.20 37.20 1.20 8.40 10.40 27.20 38.80 8.00 35.60 14.00
10.80 6.40 4.40 2.80 22.40 26.00 33.60 38.80 23.20 10.40 13.20 24.80 13.20 14.80 12.40 8.40 28.40 35.20 35.20 0.80
2.40 33.20 39.20 13.60 32.80 7.60 21.60 35.60 0.40 11.20 19.60 1.20 34.40 28.80 24.40 36.00 16.00 28.00 26.40 17.60
14.80 32.80 14.80 34.00 4.40 36.40 3.60 25.20 17.60 38.80 24.80 4.80 19.60 29.60 39.60 36.00 17.20 26.00 35.60 2.40
16.40 30.80 2.80 19.20 2.00 4.40 0.40 18.40 1.20 24.80 9.60 0.80 3.20 7.60 20.00 8.40 31.20 23.60 30.00 28.80
4.40 35.20 6.00 3.20 39.60 8.00 5.20 16.00 29.60 28.40 33.20 22.00 11.60 8.40 29.20 36.80 2.40 29.20 18.80 9.20
18.80 25.20 27.20 4.80 12.80 10.00 10.00 8.00 2.40 10.40 14.00 22.00 10.40 12.80 18.40 22.80 7.20 33.60 5.60 31.20
39.60 20.80 38.80 13.60 6.80 9.20 2.00 0.80 5.20 38.00 39.20 20.00 6.80 2.00 22.80 3.20 10.80 20.00 18.80 38.40
11.20 26.80 34.00 29.20 30.00 25.60 20.40 24.40 16.40 29.20 3.20 5.20 13.60 12.80 13.20 23.60 24.00 22.40 38.80 39.60
21.20 5.60 4.00 34.00 9.20 2.80 6.00 24.40 4.00 8.40 32.80 35.60 12.40 22.00 8.80 19.60 10.40 18.00 23.20 38.00
30.00 34.40 38.80 9.60 17.60 32.00 37.60 28.40 26.40 22.40 6.40 7.20 7.20 36.80 14.80 14.80 16.40 12.40 10.00 20.00
32.40 27.20 34.00 25.60 11.60 5.20 7.60 18.00 25.60 14.40 31.60 31.20 19.20 19.60 18.40 19.20 20.00 32.80 4.40 5.60
4.40 1.20 6.80 10.40 39.20 28.80 13.20 24.80 12.80 29.60 0.80 2.00 1.60 2.40 32.40 10.40 10.80 34.00 32.40 14.00
8.80 24.80 25.20 37.60 0.40 11.60 6.00 14.40 20.00 24.80 15.20 28.00 31.20 26.40 34.40 38.80 4.40 12.80 21.20 1.60
16.80 1.60 12.00 12.00 32.80 23.20 38.00 38.40 18.00 2.40 20.00 12.80 36.00 34.00 5.60 5.60 31.20 11.20 29.60 30.80
14.40 22.80 30.80 18.00 25.60 22.00 4.00 27.60 16.00 26.80 38.80 26.80 19.20 10.40 4.40 32.80 20.40 29.20 3.60 25.60
2.80 4.40 28.80 13.20 15.20 36.00 22.00 10.00 32.80 35.60 10.40 8.40 8.40 24.40 7.20 16.80 22.40 16.40 10.00 2.00
28.40 38.40 8.80 1.60 9.60 17.60 8.80 35.60 30.00 7.20 0.80 1.60 29.60 32.80 8.40 36.80 10.00 20.40 11.20 39.20
38.40 28.80 29.20 14.80 1.20 23.60 4.00 1.20 38.80 12.00 8.00 24.80 12.00 20.80 1.20 26.40 12.00 14.40 6.40 19.60
34.00 28.40 34.80 34.40 24.40 22.40 24.00 4.80 7.20 32.40 27.60 14.00 38.40 12.80 18.00 32.00 0.80 27.20 26.40 39.20
8.00 32.80 27.20 22.80 24.00 2.00 31.60 14.80 18.00 30.00 16.80 24.00 31.60 34.00 28.40 16.40 22.40 9.20 32.40 25.60
6.80 4.00 0.80 7.60 4.80 9.60 30.00 24.40 15.60 9.60 20.80 16.80 38.80 39.20 2.00 27.60 9.60 31.20 38.00 31.60
28.40 1.20 39.60 34.80 13.20 29.60 34.80 12.00 17.60 6.80 33.20 27.20 14.80 25.60 14.80 12.80 38.00 39.20 8.80 26.00
9.20 21.60 0.80 32.40 16.80 25.20 38.00 19.20 22.00 34.80 20.40 7.20 0.40 8.00 31.60 25.60 13.20 13.60 39.60 2.00
32.00 8.80 8.00 12.80 6.00 30.00 18.00 16.40 28.40 14.00 9.20 15.60 18.40 31.20 0.40 25.60 4.80 30.80 24.80 14.80
20.80 28.40 18.80 21.20 4.00 10.00 31.60 28.00 19.60 24.40 24.40 32.80 27.20 8.40 14.40 20.80 26.00 25.60 23.20 10.40
35.60 2.80 4.00 39.20 27.20 16.80 8.00 7.20 14.00 17.20 29.60 11.20 26.80 25.20 26.00 10.00 28.80 22.00 32.00 36.00
33.60 26.40 5.60 17.60 27.20 16.40 17.60 17.20 5.20 33.20 12.40 21.60 10.80 13.20 8.80 21.20 28.00 15.60 7.20 10.80
32.00 2.00 20.00 0.40 13.60 4.40 20.80 38.00 18.00 11.60 36.40 3.20 29.60 38.40 30.80 13.20 4.00 10.40 10.80 27.60
1.20 5.60 21.20 12.40 0.80 14.00 34.40 10.00 10.40 36.00 30.80 2.40 23.20 29.60 19.20 19.60 27.60 33.20 5.60 22.00
12.00 6.00 10.80 14.40 32.40 31.60 35.20 4.80 5.20 23.20 21.60 0.40 26.00 8.80 23.20 32.00 8.40 11.20 16.40 33.60
14.40 32.80 31.20 24.40 18.00 16.80 24.80 5.20 38.80 12.80 11.60 21.60 11.60 24.00 28.40 32.80 2.80 26.00 16.80 36.00
