# nJobs | nMachines
100 20
# Job Weights
50
77
32
5
6
56
22
11
14
73
40
43
19
63
53
42
94
96
42
2
30
88
95
57
45
49
67
20
24
98
47
45
33
66
27
94
58
61
65
20
89
79
53
99
79
92
73
10
23
94
43
43
27
9
31
55
34
58
59
46
89
31
54
15
30
92
26
34
21
57
63
91
52
66
5
10
22
17
73
57
5
93
78
75
47
61
57
88
67
91
74
98
95
20
31
79
48
70
74
46
# P_bar : m1 | m2 | m3 | m4 | m5 | m6 | m7 | m8 | m9 | m10 | m11 | m12 | m13 | m14 | m15 | m16 | m17 | m18 | m19 | m20
26 10 96 51 22 56 43 91 72 41 28 80 27 7 70 73 37 27 32 31
99 37 7 11 57 24 51 78 40 61 96 54 80 2 18 59 80 32 41 42
68 69 16 52 50 10 85 60 88 28 51 21 35 31 13 18 47 59 6 95
38 91 74 11 63 91 51 42 94 93 98 17 75 22 35 30 12 89 44 39
74 75 74 22 22 7 86 29 27 79 40 79 49 82 26 14 31 6 69 55
84 54 50 20 18 95 23 77 83 81 5 75 86 9 97 5 87 66 87 90
3 37 76 52 85 47 33 65 82 38 48 95 63 59 17 81 98 89 40 3
38 44 65 60 89 96 86 60 53 41 96 86 30 31 63 37 64 63 80 69
60 37 34 95 35 30 12 97 44 63 51 95 33 69 9 17 74 96 28 21
87 69 69 57 93 96 94 88 6 90 80 22 70 44 7 78 29 36 39 61
87 45 64 17 14 91 2 72 86 66 90 86 34 57 98 57 22 58 66 21
88 56 47 77 94 3 36 62 18 77 8 24 86 59 43 64 88 27 94 56
68 6 28 48 90 45 96 6 14 51 81 75 19 11 79 10 27 72 98 78
37 76 59 10 39 18 63 88 47 41 65 34 65 7 84 65 52 47 46 53
99 60 45 97 69 9 10 12 26 11 92 10 56 69 54 45 67 13 48 29
62 41 19 62 89 50 66 57 46 35 50 65 95 5 9 49 67 81 83 90
75 13 69 11 93 81 18 78 88 44 27 63 62 61 65 97 2 4 61 77
54 92 37 54 80 91 79 96 48 5 53 2 72 13 50 5 32 57 85 71
8 74 41 35 40 70 98 9 8 14 26 70 77 30 13 31 92 31 61 77
36 44 39 12 50 96 58 18 66 61 61 6 17 63 66 17 6 56 94 71
85 41 28 40 33 98 45 24 89 27 57 39 72 63 11 41 87 19 77 75
20 16 2 99 90 15 97 68 16 80 9 6 62 59 71 16 15 21 9 95
68 6 77 73 12 42 46 45 49 30 74 82 43 90 50 68 43 33 85 45
55 74 48 60 92 11 32 6 46 66 6 55 85 24 77 77 38 60 42 2
22 50 57 9 96 67 11 29 3 10 68 63 75 19 70 5 23 43 6 16
48 18 75 70 50 87 63 18 12 18 51 48 80 53 21 13 77 39 74 20
9 62 88 7 25 24 6 40 21 73 18 39 45 38 13 28 46 10 83 60
38 96 46 35 15 8 38 70 55 9 10 26 95 75 36 4 20 74 67 12
44 50 97 36 65 43 32 62 15 68 25 80 89 40 42 89 84 89 18 96
37 12 64 75 8 70 29 62 2 94 6 92 33 35 43 15 92 98 39 26
63 46 15 20 57 83 87 9 87 97 56 32 93 95 89 20 91 68 52 22
60 54 7 89 66 49 42 86 17 96 42 76 83 6 21 4 88 50 95 26
43 53 88 20 29 38 8 15 68 21 43 38 19 85 89 46 31 33 72 30
97 72 41 10 20 46 8 76 76 73 63 93 52 94 24 88 68 61 64 58
42 10 89 73 35 75 90 23 87 6 50 22 57 21 50 55 85 30 7 9
68 52 95 54 59 13 48 40 77 13 91 17 55 84 98 84 18 51 68 22
45 88 77 88 1 12 89 63 77 53 32 48 24 92 7 66 32 33 26 61
46 95 13 70 73 35 94 39 12 79 81 25 4 49 76 9 22 26 9 76
19 41 88 25 45 96 47 24 56 66 92 74 96 49 20 82 45 6 87 54
69 91 70 48 79 7 23 36 57 39 85 60 31 98 66 43 94 24 4 56
66 5 85 2 64 10 59 24 7 35 40 34 17 38 87 2 84 70 95 19
22 37 68 67 54 89 61 89 46 38 70 14 93 28 19 59 98 68 75 45
42 47 4 56 49 91 58 9 69 18 51 92 23 60 64 61 74 80 64 27
54 96 31 59 24 36 83 18 2 82 48 95 34 38 62 37 8 13 19 60
2 53 67 7 81 33 89 89 69 62 7 51 27 58 19 90 37 73 85 74
94 14 67 32 94 52 95 32 5 37 44 50 70 82 94 90 21 13 2 40
95 6 75 61 67 34 3 56 77 93 75 96 26 20 12 71 51 35 70 84
69 4 9 32 70 94 78 77 53 84 99 89 80 39 69 82 62 39 96 11
15 15 9 59 39 73 46 76 39 48 91 94 4 24 5 88 68 44 58 2
38 7 44 33 87 36 5 8 55 58 22 10 48 43 44 6 43 86 19 27
15 96 24 60 21 27 8 56 17 56 93 91 81 76 75 57 97 24 27 31
53 43 16 72 13 27 59 85 3 88 88 50 76 3 23 32 70 30 39 31
43 12 25 79 90 81 25 79 54 24 29 72 28 28 66 90 24 83 6 53
94 42 42 89 70 1 67 72 18 37 94 60 64 82 5 69 65 27 67 45
90 89 88 42 71 1 15 50 12 94 11 98 47 26 82 92 35 74 51 86
92 86 85 49 86 83 90 39 96 4 13 27 4 71 25 54 4 81 72 31
3 7 17 4 41 22 99 69 82 92 47 85 46 4 67 98 28 15 20 2
31 56 32 94 23 73 38 96 67 88 12 71 84 71 76 59 45 13 84 13
74 20 36 30 18 98 19 94 8 37 81 63 20 93 68 51 37 87 35 74
35 34 60 23 63 2 77 83 25 3 77 29 77 75 57 12 40 27 58 50
51 77 85 89 9 88 61 76 55 70 15 34 66 98 86 46 39 88 46 44
75 24 15 7 50 32 55 55 25 30 97 61 21 84 13 45 68 17 88 7
61 85 65 76 87 78 12 33 76 92 64 56 94 35 97 27 70 37 38 5
27 52 68 35 43 57 8 15 2 54 87 35 77 53 73 26 12 65 79 10
17 93 62 47 33 74 95 76 59 94 33 9 53 45 6 8 28 45 82 60
31 31 60 77 18 30 88 36 72 72 93 12 34 18 90 56 9 6 27 58
9 65 27 47 28 56 55 54 88 86 65 53 53 32 71 12 99 77 91 69
70 94 9 10 21 90 81 67 48 18 89 67 48 59 5 14 83 27 14 4
56 45 97 88 61 5 9 56 75 23 3 16 18 2 70 90 92 20 86 42
98 20 73 16 57 48 32 92 44 28 97 68 89 33 91 96 41 1 3 21
67 79 41 88 69 98 62 18 10 11 3 12 76 63 28 66 62 28 50 39
57 19 89 82 9 36 50 67 22 33 31 45 86 47 26 97 83 69 40 58
41 3 95 34 18 55 75 94 42 57 80 25 42 99 75 32 34 81 91 99
78 96 71 52 68 54 66 28 98 84 47 83 57 8 34 98 24 87 29 28
60 84 7 79 8 7 43 1 33 71 8 76 77 41 10 16 6 33 26 8
7 18 79 77 24 85 87 33 52 31 79 7 86 23 80 14 2 6 42 2
15 26 75 74 90 61 40 36 1 47 62 97 71 38 38 86 89 98 36 2
21 52 15 8 7 94 98 18 99 38 80 63 21 49 16 48 24 25 42 4
43 68 86 69 47 88 42 3 37 34 11 78 4 86 5 65 22 49 66 81
26 28 9 11 32 33 49 65 74 25 95 76 5 54 99 4 13 32 21 24
42 84 74 18 95 78 50 44 35 95 5 40 2 12 13 47 42 9 28 57
82 23 45 37 70 89 29 79 15 20 83 57 66 57 83 86 99 19 58 19
7 1 83 47 86 18 28 86 58 39 48 37 81 1 45 8 22 24 60 24
43 44 31 84 86 14 35 19 15 90 23 93 49 3 93 99 80 63 23 46
14 3 84 17 8 46 48 58 41 17 8 92 42 63 96 37 96 37 48 27
1 37 70 70 71 20 37 30 48 58 60 54 14 7 62 42 20 11 24 51
62 42 63 74 23 89 42 64 94 98 54 92 4 35 70 76 79 68 2 12
71 1 2 26 50 17 11 4 96 39 12 42 64 78 96 84 4 94 31 18
26 55 42 90 53 65 38 65 89 99 97 29 30 54 58 63 92 34 80 78
96 76 79 53 32 80 24 57 8 44 98 85 52 89 65 63 26 33 50 87
17 41 59 74 6 13 97 73 82 45 36 3 86 7 16 78 28 90 47 71
75 71 59 87 38 70 45 37 36 53 95 10 34 2 29 41 5 58 61 83
5 40 11 30 93 7 54 44 31 88 69 6 86 34 46 62 34 36 91 7
38 31 73 8 66 43 28 51 13 8 46 53 94 41 77 54 41 57 71 33
28 9 44 60 1 24 4 21 26 17 93 34 94 25 36 79 9 4 39 54
20 8 13 60 99 23 68 15 40 13 44 45 3 56 24 40 55 81 65 30
32 46 63 74 62 31 89 63 77 72 92 78 60 40 66 57 12 84 63 84
85 20 25 34 5 38 86 65 83 60 71 96 90 89 60 17 78 8 78 8
97 66 68 46 37 63 39 28 44 62 63 17 35 92 86 63 37 8 87 4
36 19 94 26 41 43 71 82 77 2 74 85 96 12 12 28 15 8 96 95
# P_hat : m1 | m2 | m3 | m4 | m5 | m6 | m7 | m8 | m9 | m10 | m11 | m12 | m13 | m14 | m15 | m16 | m17 | m18 | m19 | m20
7.80 3.00 28.80 15.30 6.60 16.80 12.90 27.30 21.60 12.30 8.40 24.00 8.10 2.10 21.00 21.90 11.10 8.10 9.60 9.30
29.70 11.10 2.10 3.30 17.10 7.20 15.30 23.40 12.00 18.30 28.80 16.20 24.00 0.60 5.40 17.70 24.00 9.60 12.30 12.60
20.40 20.70 4.80 15.60 15.00 3.00 25.50 18.00 26.40 8.40 15.30 6.30 10.50 9.30 3.90 5.40 14.10 17.70 1.80 28.50
11.40 27.30 22.20 3.30 18.90 27.30 15.30 12.60 28.20 27.90 29.40 5.10 22.50 6.60 10.50 9.00 3.60 26.70 13.20 11.70
22.20 22.50 22.20 6.60 6.60 2.10 25.80 8.70 8.10 23.70 12.00 23.70 14.70 24.60 7.80 4.20 9.30 1.80 20.70 16.50
25.20 16.20 15.00 6.00 5.40 28.50 6.90 23.10 24.90 24.30 1.50 22.50 25.80 2.70 29.10 1.50 26.10 19.80 26.10 27.00
0.90 11.10 22.80 15.60 25.50 14.10 9.90 19.50 24.60 11.40 14.40 28.50 18.90 17.70 5.10 24.30 29.40 26.70 12.00 0.90
11.40 13.20 19.50 18.00 26.70 28.80 25.80 18.00 15.90 12.30 28.80 25.80 9.00 9.30 18.90 11.10 19.20 18.90 24.00 20.70
18.00 11.10 10.20 28.50 10.50 9.00 3.60 29.10 13.20 18.90 15.30 28.50 9.90 20.70 2.70 5.10 22.20 28.80 8.40 6.30
26.10 20.70 20.70 17.10 27.90 28.80 28.20 26.40 1.80 27.00 24.00 6.60 21.00 13.20 2.10 23.40 8.70 10.80 11.70 18.30
26.10 13.50 19.20 5.10 4.20 27.30 0.60 21.60 25.80 19.80 27.00 25.80 10.20 17.10 29.40 17.10 6.60 17.40 19.80 6.30
26.40 16.80 14.10 23.10 28.20 0.90 10.80 18.60 5.40 23.10 2.40 7.20 25.80 17.70 12.90 19.20 26.40 8.10 28.20 16.80
20.40 1.80 8.40 14.40 27.00 13.50 28.80 1.80 4.20 15.30 24.30 22.50 5.70 3.30 23.70 3.00 8.10 21.60 29.40 23.40
11.10 22.80 17.70 3.00 11.70 5.40 18.90 26.40 14.10 12.30 19.50 10.20 19.50 2.10 25.20 19.50 15.60 14.10 13.80 15.90
29.70 18.00 13.50 29.10 20.70 2.70 3.00 3.60 7.80 3.30 27.60 3.00 16.80 20.70 16.20 13.50 20.10 3.90 14.40 8.70
18.60 12.30 5.70 18.60 26.70 15.00 19.80 17.10 13.80 10.50 15.00 19.50 28.50 1.50 2.70 14.70 20.10 24.30 24.90 27.00
22.50 3.90 20.70 3.30 27.90 24.30 5.40 23.40 26.40 13.20 8.10 18.90 18.60 18.30 19.50 29.10 0.60 1.20 18.30 23.10
16.20 27.60 11.10 16.20 24.00 27.30 23.70 28.80 14.40 1.50 15.90 0.60 21.60 3.90 15.00 1.50 9.60 17.10 25.50 21.30
2.40 22.20 12.30 10.50 12.00 21.00 29.40 2.70 2.40 4.20 7.80 21.00 23.10 9.00 3.90 9.30 27.60 9.30 18.30 23.10
10.80 13.20 11.70 3.60 15.00 28.80 17.40 5.40 19.80 18.30 18.30 1.80 5.10 18.90 19.80 5.10 1.80 16.80 28.20 21.30
25.50 12.30 8.40 12.00 9.90 29.40 13.50 7.20 26.70 8.10 17.10 11.70 21.60 18.90 3.30 12.30 26.10 5.70 23.10 22.50
6.00 4.80 0.60 29.70 27.00 4.50 29.10 20.40 4.80 24.00 2.70 1.80 18.60 17.70 21.30 4.80 4.50 6.30 2.70 28.50
20.40 1.80 23.10 21.90 3.60 12.60 13.80 13.50 14.70 9.00 22.20 24.60 12.90 27.00 15.00 20.40 12.90 9.90 25.50 13.50
16.50 22.20 14.40 18.00 27.60 3.30 9.60 1.80 13.80 19.80 1.80 16.50 25.50 7.20 23.10 23.10 11.40 18.00 12.60 0.60
6.60 15.00 17.10 2.70 28.80 20.10 3.30 8.70 0.90 3.00 20.40 18.90 22.50 5.70 21.00 1.50 6.90 12.90 1.80 4.80
14.40 5.40 22.50 21.00 15.00 26.10 18.90 5.40 3.60 5.40 15.30 14.40 24.00 15.90 6.30 3.90 23.10 11.70 22.20 6.00
2.70 18.60 26.40 2.10 7.50 7.20 1.80 12.00 6.30 21.90 5.40 11.70 13.50 11.40 3.90 8.40 13.80 3.00 24.90 18.00
11.40 28.80 13.80 10.50 4.50 2.40 11.40 21.00 16.50 2.70 3.00 7.80 28.50 22.50 10.80 1.20 6.00 22.20 20.10 3.60
13.20 15.00 29.10 10.80 19.50 12.90 9.60 18.60 4.50 20.40 7.50 24.00 26.70 12.00 12.60 26.70 25.20 26.70 5.40 28.80
11.10 3.60 19.20 22.50 2.40 21.00 8.70 18.60 0.60 28.20 1.80 27.60 9.90 10.50 12.90 4.50 27.60 29.40 11.70 7.80
18.90 13.80 4.50 6.00 17.10 24.90 26.10 2.70 26.10 29.10 16.80 9.60 27.90 28.50 26.70 6.00 27.30 20.40 15.60 6.60
18.00 16.20 2.10 26.70 19.80 14.70 12.60 25.80 5.10 28.80 12.60 22.80 24.90 1.80 6.30 1.20 26.40 15.00 28.50 7.80
12.90 15.90 26.40 6.00 8.70 11.40 2.40 4.50 20.40 6.30 12.90 11.40 5.70 25.50 26.70 13.80 9.30 9.90 21.60 9.00
29.10 21.60 12.30 3.00 6.00 13.80 2.40 22.80 22.80 21.90 18.90 27.90 15.60 28.20 7.20 26.40 20.40 18.30 19.20 17.40
12.60 3.00 26.70 21.90 10.50 22.50 27.00 6.90 26.10 1.80 15.00 6.60 17.10 6.30 15.00 16.50 25.50 9.00 2.10 2.70
20.40 15.60 28.50 16.20 17.70 3.90 14.40 12.00 23.10 3.90 27.30 5.10 16.50 25.20 29.40 25.20 5.40 15.30 20.40 6.60
13.50 26.40 23.10 26.40 0.30 3.60 26.70 18.90 23.10 15.90 9.60 14.40 7.20 27.60 2.10 19.80 9.60 9.90 7.80 18.30
13.80 28.50 3.90 21.00 21.90 10.50 28.20 11.70 3.60 23.70 24.30 7.50 1.20 14.70 22.80 2.70 6.60 7.80 2.70 22.80
5.70 12.30 26.40 7.50 13.50 28.80 14.10 7.20 16.80 19.80 27.60 22.20 28.80 14.70 6.00 24.60 13.50 1.80 26.10 16.20
20.70 27.30 21.00 14.40 23.70 2.10 6.90 10.80 17.10 11.70 25.50 18.00 9.30 29.40 19.80 12.90 28.20 7.20 1.20 16.80
19.80 1.50 25.50 0.60 19.20 3.00 17.70 7.20 2.10 10.50 12.00 10.20 5.10 11.40 26.10 0.60 25.20 21.00 28.50 5.70
6.60 11.10 20.40 20.10 16.20 26.70 18.30 26.70 13.80 11.40 21.00 4.20 27.90 8.40 5.70 17.70 29.40 20.40 22.50 13.50
12.60 14.10 1.20 16.80 14.70 27.30 17.40 2.70 20.70 5.40 15.30 27.60 6.90 18.00 19.20 18.30 22.20 24.00 19.20 8.10
16.20 28.80 9.30 17.70 7.20 10.80 24.90 5.40 0.60 24.60 14.40 28.50 10.20 11.40 18.60 11.10 2.40 3.90 5.70 18.00
0.60 15.90 20.10 2.10 24.30 9.90 26.70 26.70 20.70 18.60 2.10 15.30 8.10 17.40 5.70 27.00 11.10 21.90 25.50 22.20
28.20 4.20 20.10 9.60 28.20 15.60 28.50 9.60 1.50 11.10 13.20 15.00 21.00 24.60 28.20 27.00 6.30 3.90 0.60 12.00
28.50 1.80 22.50 18.30 20.10 10.20 0.90 16.80 23.10 27.90 22.50 28.80 7.80 6.00 3.60 21.30 15.30 10.50 21.00 25.20
20.70 1.20 2.70 9.60 21.00 28.20 23.40 23.10 15.90 25.20 29.70 26.70 24.00 11.70 20.70 24.60 18.60 11.70 28.80 3.30
4.50 4.50 2.70 17.70 11.70 21.90 13.80 22.80 11.70 14.40 27.30 28.20 1.20 7.20 1.50 26.40 20.40 13.20 17.40 0.60
11.40 2.10 13.20 9.90 26.10 10.80 1.50 2.40 16.50 17.40 6.60 3.00 14.40 12.90 13.20 1.80 12.90 25.80 5.70 8.10
4.50 28.80 7.20 18.00 6.30 8.10 2.40 16.80 5.10 16.80 27.90 27.30 24.30 22.80 22.50 17.10 29.10 7.20 8.10 9.30
15.90 12.90 4.80 21.60 3.90 8.10 17.70 25.50 0.90 26.40 26.40 15.00 22.80 0.90 6.90 9.60 21.00 9.00 11.70 9.30
12.90 3.60 7.50 23.70 27.00 24.30 7.50 23.70 16.20 7.20 8.70 21.60 8.40 8.40 19.80 27.00 7.20 24.90 1.80 15.90
28.20 12.60 12.60 26.70 21.00 0.30 20.10 21.60 5.40 11.10 28.20 18.00 19.20 24.60 1.50 20.70 19.50 8.10 20.10 13.50
27.00 26.70 26.40 12.60 21.30 0.30 4.50 15.00 3.60 28.20 3.30 29.40 14.10 7.80 24.60 27.60 10.50 22.20 15.30 25.80
27.60 25.80 25.50 14.70 25.80 24.90 27.00 11.70 28.80 1.20 3.90 8.10 1.20 21.30 7.50 16.20 1.20 24.30 21.60 9.30
0.90 2.10 5.10 1.20 12.30 6.60 29.70 20.70 24.60 27.60 14.10 25.50 13.80 1.20 20.10 29.40 8.40 4.50 6.00 0.60
9.30 16.80 9.60 28.20 6.90 21.90 11.40 28.80 20.10 26.40 3.60 21.30 25.20 21.30 22.80 17.70 13.50 3.90 25.20 3.90
22.20 6.00 10.80 9.00 5.40 29.40 5.70 28.20 2.40 11.10 24.30 18.90 6.00 27.90 20.40 15.30 11.10 26.10 10.50 22.20
10.50 10.20 18.00 6.90 18.90 0.60 23.10 24.90 7.50 0.90 23.10 8.70 23.10 22.50 17.10 3.60 12.00 8.10 17.40 15.00
15.30 23.10 25.50 26.70 2.70 26.40 18.30 22.80 16.50 21.00 4.50 10.20 19.80 29.40 25.80 13.80 11.70 26.40 13.80 13.20
22.50 7.20 4.50 2.10 15.00 9.60 16.50 16.50 7.50 9.00 29.10 18.30 6.30 25.20 3.90 13.50 20.40 5.10 26.40 2.10
18.30 25.50 19.50 22.80 26.10 23.40 3.60 9.90 22.80 27.60 19.20 16.80 28.20 10.50 29.10 8.10 21.00 11.10 11.40 1.50
8.10 15.60 20.40 10.50 12.90 17.10 2.40 4.50 0.60 16.20 26.10 10.50 23.10 15.90 21.90 7.80 3.60 19.50 23.70 3.00
5.10 27.90 18.60 14.10 9.90 22.20 28.50 22.80 17.70 28.20 9.90 2.70 15.90 13.50 1.80 2.40 8.40 13.50 24.60 18.00
9.30 9.30 18.00 23.10 5.40 9.00 26.40 10.80 21.60 21.60 27.90 3.60 10.20 5.40 27.00 16.80 2.70 1.80 8.10 17.40
2.70 19.50 8.10 14.10 8.40 16.80 16.50 16.20 26.40 25.80 19.50 15.90 15.90 9.60 21.30 3.60 29.70 23.10 27.30 20.70
21.00 28.20 2.70 3.00 6.30 27.00 24.30 20.10 14.40 5.40 26.70 20.10 14.40 17.70 1.50 4.20 24.90 8.10 4.20 1.20
16.80 13.50 29.10 26.40 18.30 1.50 2.70 16.80 22.50 6.90 0.90 4.80 5.40 0.60 21.00 27.00 27.60 6.00 25.80 12.60
29.40 6.00 21.90 4.80 17.10 14.40 9.60 27.60 13.20 8.40 29.10 20.40 26.70 9.90 27.30 28.80 12.30 0.30 0.90 6.30
20.10 23.70 12.30 26.40 20.70 29.40 18.60 5.40 3.00 3.30 0.90 3.60 22.80 18.90 8.40 19.80 18.60 8.40 15.00 11.70
17.10 5.70 26.70 24.60 2.70 10.80 15.00 20.10 6.60 9.90 9.30 13.50 25.80 14.10 7.80 29.10 24.90 20.70 12.00 17.40
12.30 0.90 28.50 10.20 5.40 16.50 22.50 28.20 12.60 17.10 24.00 7.50 12.60 29.70 22.50 9.60 10.20 24.30 27.30 29.70
23.40 28.80 21.30 15.60 20.40 16.20 19.80 8.40 29.40 25.20 14.10 24.90 17.10 2.40 10.20 29.40 7.20 26.10 8.70 8.40
18.00 25.20 2.10 23.70 2.40 2.10 12.90 0.30 9.90 21.30 2.40 22.80 23.10 12.30 3.00 4.80 1.80 9.90 7.80 2.40
2.10 5.40 23.70 23.10 7.20 25.50 26.10 9.90 15.60 9.30 23.70 2.10 25.80 6.90 24.00 4.20 0.60 1.80 12.60 0.60
4.50 7.80 22.50 22.20 27.00 18.30 12.00 10.80 0.30 14.10 18.60 29.10 21.30 11.40 11.40 25.80 26.70 29.40 10.80 0.60
6.30 15.60 4.50 2.40 2.10 28.20 29.40 5.40 29.70 11.40 24.00 18.90 6.30 14.70 4.80 14.40 7.20 7.50 12.60 1.20
12.90 20.40 25.80 20.70 14.10 26.40 12.60 0.90 11.10 10.20 3.30 23.40 1.20 25.80 1.50 19.50 6.60 14.70 19.80 24.30
7.80 8.40 2.70 3.30 9.60 9.90 14.70 19.50 22.20 7.50 28.50 22.80 1.50 16.20 29.70 1.20 3.90 9.60 6.30 7.20
12.60 25.20 22.20 5.40 28.50 23.40 15.00 13.20 10.50 28.50 1.50 12.00 0.60 3.60 3.90 14.10 12.60 2.70 8.40 17.10
24.60 6.90 13.50 11.10 21.00 26.70 8.70 23.70 4.50 6.00 24.90 17.10 19.80 17.10 24.90 25.80 29.70 5.70 17.40 5.70
2.10 0.30 24.90 14.10 25.80 5.40 8.40 25.80 17.40 11.70 14.40 11.10 24.30 0.30 13.50 2.40 6.60 7.20 18.00 7.20
12.90 13.20 9.30 25.20 25.80 4.20 10.50 5.70 4.50 27.00 6.90 27.90 14.70 0.90 27.90 29.70 24.00 18.90 6.90 13.80
4.20 0.90 25.20 5.10 2.40 13.80 14.40 17.40 12.30 5.10 2.40 27.60 12.60 18.90 28.80 11.10 28.80 11.10 14.40 8.10
0.30 11.10 21.00 21.00 21.30 6.00 11.10 9.00 14.40 17.40 18.00 16.20 4.20 2.10 18.60 12.60 6.00 3.30 7.20 15.30
18.60 12.60 18.90 22.20 6.90 26.70 12.60 19.20 28.20 29.40 16.20 27.60 1.20 10.50 21.00 22.80 23.70 20.40 0.60 3.60
21.30 0.30 0.60 7.80 15.00 5.10 3.30 1.20 28.80 11.70 3.60 12.60 19.20 23.40 28.80 25.20 1.20 28.20 9.30 5.40
7.80 16.50 12.60 27.00 15.90 19.50 11.40 19.50 26.70 29.70 29.10 8.70 9.00 16.20 17.40 18.90 27.60 10.20 24.00 23.40
28.80 22.80 23.70 15.90 9.60 24.00 7.20 17.10 2.40 13.20 29.40 25.50 15.60 26.70 19.50 18.90 7.80 9.90 15.00 26.10
5.10 12.30 17.70 22.20 1.80 3.90 29.10 21.90 24.60 13.50 10.80 0.90 25.80 2.10 4.80 23.40 8.40 27.00 14.10 21.30
22.50 21.30 17.70 26.10 11.40 21.00 13.50 11.10 10.80 15.90 28.50 3.00 10.20 0.60 8.70 12.30 1.50 17.40 18.30 24.90
1.50 12.00 3.30 9.00 27.90 2.10 16.20 13.20 9.30 26.40 20.70 1.80 25.80 10.20 13.80 18.60 10.20 10.80 27.30 2.10
11.40 9.30 21.90 2.40 19.80 12.90 8.40 15.30 3.90 2.40 13.80 15.90 28.20 12.30 23.10 16.20 12.30 17.10 21.30 9.90
8.40 2.70 13.20 18.00 0.30 7.20 1.20 6.30 7.80 5.10 27.90 10.20 28.20 7.50 10.80 23.70 2.70 1.20 11.70 16.20
6.00 2.40 3.90 18.00 29.70 6.90 20.40 4.50 12.00 3.90 13.20 13.50 0.90 16.80 7.20 12.00 16.50 24.30 19.50 9.00
9.60 13.80 18.90 22.20 18.60 9.30 26.70 18.90 23.10 21.60 27.60 23.40 18.00 12.00 19.80 17.10 3.60 25.20 18.90 25.20
25.50 6.00 7.50 10.20 1.50 11.40 25.80 19.50 24.90 18.00 21.30 28.80 27.00 26.70 18.00 5.10 23.40 2.40 23.40 2.40
29.10 19.80 20.40 13.80 11.10 18.90 11.70 8.40 13.20 18.60 18.90 5.10 10.50 27.60 25.80 18.90 11.10 2.40 26.10 1.20
10.80 5.70 28.20 7.80 12.30 12.90 21.30 24.60 23.10 0.60 22.20 25.50 28.80 3.60 3.60 8.40 4.50 2.40 28.80 28.50
