# nJobs | nMachines
20 20
# Job Weights
94
34
14
52
10
96
34
1
93
57
30
50
86
13
21
38
70
65
79
90
# P_bar : m1 | m2 | m3 | m4 | m5 | m6 | m7 | m8 | m9 | m10 | m11 | m12 | m13 | m14 | m15 | m16 | m17 | m18 | m19 | m20
55 74 99 34 59 20 94 12 76 12 97 50 5 76 84 4 75 79 18 99
56 41 82 67 33 35 43 8 4 78 44 71 87 5 21 24 39 35 85 52
21 10 14 16 71 25 68 15 45 58 93 27 66 59 4 88 38 97 7 21
77 36 14 83 49 81 77 21 25 13 11 86 33 52 37 53 72 68 2 41
83 69 63 64 22 19 42 75 23 22 74 24 2 16 72 7 26 93 93 69
43 1 67 32 6 4 75 84 77 53 69 58 32 14 86 35 50 29 20 88
11 21 16 43 68 42 17 29 3 92 60 20 43 3 17 45 83 94 50 80
64 72 46 67 14 58 85 15 20 7 95 12 16 1 96 45 15 14 95 83
59 37 28 37 36 18 54 26 49 62 83 61 96 24 38 43 71 84 3 4
37 54 91 79 17 19 83 83 35 94 97 57 22 47 43 31 13 29 30 99
96 88 69 31 30 73 30 38 29 8 37 34 17 19 13 58 94 35 44 59
27 65 34 41 83 14 52 32 59 81 86 64 75 76 81 88 16 13 97 47
9 97 9 3 94 44 89 13 14 5 61 43 31 13 12 52 28 51 13 92
63 71 7 11 53 13 54 10 94 24 68 94 62 67 57 99 17 49 7 11
82 13 43 71 30 11 74 23 11 98 87 37 76 7 62 87 95 40 72 73
31 90 62 21 74 55 86 28 17 85 19 13 30 7 87 47 65 11 49 31
27 88 29 26 24 91 27 42 80 75 12 28 8 14 90 32 84 98 83 70
67 39 70 98 47 51 22 68 70 57 39 2 34 99 94 24 93 61 75 15
82 46 28 39 76 42 24 78 20 37 85 82 35 5 94 99 98 19 63 57
65 89 62 73 28 47 11 39 25 96 6 10 73 11 81 22 65 53 47 19
# P_hat : m1 | m2 | m3 | m4 | m5 | m6 | m7 | m8 | m9 | m10 | m11 | m12 | m13 | m14 | m15 | m16 | m17 | m18 | m19 | m20
22.00 29.60 39.60 13.60 23.60 8.00 37.60 4.80 30.40 4.80 38.80 20.00 2.00 30.40 33.60 1.60 30.00 31.60 7.20 39.60
22.40 16.40 32.80 26.80 13.20 14.00 17.20 3.20 1.60 31.20 17.60 28.40 34.80 2.00 8.40 9.60 15.60 14.00 34.00 20.80
8.40 4.00 5.60 6.40 28.40 10.00 27.20 6.00 18.00 23.20 37.20 10.80 26.40 23.60 1.60 35.20 15.20 38.80 2.80 8.40
30.80 14.40 5.60 33.20 19.60 32.40 30.80 8.40 10.00 5.20 4.40 34.40 13.20 20.80 14.80 21.20 28.80 27.20 0.80 16.40
33.20 27.60 25.20 25.60 8.80 7.60 16.80 30.00 9.20 8.80 29.60 9.60 0.80 6.40 28.80 2.80 10.40 37.20 37.20 27.60
17.20 0.40 26.80 12.80 2.40 1.60 30.00 33.60 30.80 21.20 27.60 23.20 12.80 5.60 34.40 14.00 20.00 11.60 8.00 35.20
4.40 8.40 6.40 17.20 27.20 16.80 6.80 11.60 1.20 36.80 24.00 8.00 17.20 1.20 6.80 18.00 33.20 37.60 20.00 32.00
25.60 28.80 18.40 26.80 5.60 23.20 34.00 6.00 8.00 2.80 38.00 4.80 6.40 0.40 38.40 18.00 6.00 5.60 38.00 33.20
23.60 14.80 11.20 14.80 14.40 7.20 21.60 10.40 19.60 24.80 33.20 24.40 38.40 9.60 15.20 17.20 28.40 33.60 1.20 1.60
14.80 21.60 36.40 31.60 6.80 7.60 33.20 33.20 14.00 37.60 38.80 22.80 8.80 18.80 17.20 12.40 5.20 11.60 12.00 39.60
38.40 35.20 27.60 12.40 12.00 29.20 12.00 15.20 11.60 3.20 14.80 13.60 6.80 7.60 5.20 23.20 37.60 14.00 17.60 23.60
10.80 26.00 13.60 16.40 33.20 5.60 20.80 12.80 23.60 32.40 34.40 25.60 30.00 30.40 32.40 35.20 6.40 5.20 38.80 18.80
3.60 38.80 3.60 1.20 37.60 17.60 35.60 5.20 5.60 2.00 24.40 17.20 12.40 5.20 4.80 20.80 11.20 20.40 5.20 36.80
25.20 28.40 2.80 4.40 21.20 5.20 21.60 4.00 37.60 9.60 27.20 37.60 24.80 26.80 22.80 39.60 6.80 19.60 2.80 4.40
32.80 5.20 17.20 28.40 12.00 4.40 29.60 9.20 4.40 39.20 34.80 14.80 30.40 2.80 24.80 34.80 38.00 16.00 28.80 29.20
12.40 36.00 24.80 8.40 29.60 22.00 34.40 11.20 6.80 34.00 7.60 5.20 12.00 2.80 34.80 18.80 26.00 4.40 19.60 12.40
10.80 35.20 11.60 10.40 9.60 36.40 10.80 16.80 32.00 30.00 4.80 11.20 3.20 5.60 36.00 12.80 33.60 39.20 33.20 28.00
26.80 15.60 28.00 39.20 18.80 20.40 8.80 27.20 28.00 22.80 15.60 0.80 13.60 39.60 37.60 9.60 37.20 24.40 30.00 6.00
32.80 18.40 11.20 15.60 30.40 16.80 9.60 31.20 8.00 14.80 34.00 32.80 14.00 2.00 37.60 39.60 39.20 7.60 25.20 22.80
26.00 35.60 24.80 29.20 11.20 18.80 4.40 15.60 10.00 38.40 2.40 4.00 29.20 4.40 32.40 8.80 26.00 21.20 18.80 7.60
