# nJobs | nMachines
100 5
# Job Weights
5
91
9
6
62
48
12
11
5
89
14
100
39
59
20
38
34
90
49
62
67
56
31
23
47
67
57
62
72
89
65
81
92
27
76
53
92
17
11
80
31
73
96
97
69
2
59
95
62
63
89
8
41
77
87
58
63
6
84
59
35
52
100
39
18
84
65
4
75
62
9
10
18
84
76
4
33
64
4
3
5
75
22
79
45
63
65
75
3
24
13
15
47
62
27
61
49
22
88
51
# P_bar : m1 | m2 | m3 | m4 | m5
88 43 2 95 20
11 9 10 10 5
99 81 40 84 96
20 83 22 34 32
63 90 98 26 33
67 44 85 76 79
79 60 11 32 35
91 70 94 50 4
13 85 49 44 22
77 11 57 36 13
13 88 47 18 64
52 44 65 25 9
84 97 22 28 55
73 96 21 81 92
61 28 18 57 85
27 93 72 48 20
67 28 72 79 86
5 95 25 14 57
3 94 41 88 49
13 6 31 8 61
89 52 82 85 50
58 23 91 69 26
55 33 57 60 16
1 2 89 74 87
79 60 51 66 32
74 42 5 7 49
14 59 4 24 27
71 45 30 92 9
13 5 26 57 92
60 76 78 85 93
1 45 53 54 43
55 26 43 33 62
75 44 58 86 19
88 47 92 61 27
78 11 80 16 2
80 81 64 33 82
15 82 6 14 61
93 68 70 5 10
98 6 94 85 43
40 87 34 83 94
27 20 98 94 59
65 32 28 46 56
65 35 64 67 82
70 7 62 74 17
63 61 43 81 42
54 4 47 10 34
42 71 6 9 29
82 70 11 75 80
94 11 43 70 32
4 49 22 92 14
34 54 41 25 49
91 63 83 97 53
50 91 43 45 43
50 79 48 23 31
11 5 65 84 22
3 81 85 20 97
38 99 15 26 91
50 4 86 54 10
90 10 90 82 95
97 19 59 20 72
79 24 81 55 10
45 15 17 2 36
20 66 83 62 87
22 48 61 93 76
51 96 2 5 10
83 4 83 14 70
60 82 37 65 12
50 74 57 16 11
3 21 85 27 81
1 69 4 34 50
13 83 55 80 97
63 64 23 62 96
67 22 78 37 84
19 1 62 28 8
21 7 83 4 18
89 34 69 28 40
83 93 27 92 84
60 70 94 64 98
83 31 55 10 91
67 86 20 30 71
71 74 19 6 81
60 71 48 58 83
25 5 34 77 47
26 45 90 53 82
82 76 62 50 1
60 99 90 99 63
54 41 93 19 31
26 28 97 20 22
97 80 86 69 59
30 54 22 15 96
21 99 69 19 19
71 12 18 30 56
12 57 89 35 91
13 13 75 90 64
47 46 80 50 52
95 97 35 52 97
90 90 21 49 56
67 59 7 73 17
61 65 68 73 18
23 82 47 19 15
# P_hat : m1 | m2 | m3 | m4 | m5
17.60 8.60 0.40 19.00 4.00
2.20 1.80 2.00 2.00 1.00
19.80 16.20 8.00 16.80 19.20
4.00 16.60 4.40 6.80 6.40
12.60 18.00 19.60 5.20 6.60
13.40 8.80 17.00 15.20 15.80
15.80 12.00 2.20 6.40 7.00
18.20 14.00 18.80 10.00 0.80
2.60 17.00 9.80 8.80 4.40
15.40 2.20 11.40 7.20 2.60
2.60 17.60 9.40 3.60 12.80
10.40 8.80 13.00 5.00 1.80
16.80 19.40 4.40 5.60 11.00
14.60 19.20 4.20 16.20 18.40
12.20 5.60 3.60 11.40 17.00
5.40 18.60 14.40 9.60 4.00
13.40 5.60 14.40 15.80 17.20
1.00 19.00 5.00 2.80 11.40
0.60 18.80 8.20 17.60 9.80
2.60 1.20 6.20 1.60 12.20
17.80 10.40 16.40 17.00 10.00
11.60 4.60 18.20 13.80 5.20
11.00 6.60 11.40 12.00 3.20
0.20 0.40 17.80 14.80 17.40
15.80 12.00 10.20 13.20 6.40
14.80 8.40 1.00 1.40 9.80
2.80 11.80 0.80 4.80 5.40
14.20 9.00 6.00 18.40 1.80
2.60 1.00 5.20 11.40 18.40
12.00 15.20 15.60 17.00 18.60
0.20 9.00 10.60 10.80 8.60
11.00 5.20 8.60 6.60 12.40
15.00 8.80 11.60 17.20 3.80
17.60 9.40 18.40 12.20 5.40
15.60 2.20 16.00 3.20 0.40
16.00 16.20 12.80 6.60 16.40
3.00 16.40 1.20 2.80 12.20
18.60 13.60 14.00 1.00 2.00
19.60 1.20 18.80 17.00 8.60
8.00 17.40 6.80 16.60 18.80
5.40 4.00 19.60 18.80 11.80
13.00 6.40 5.60 9.20 11.20
13.00 7.00 12.80 13.40 16.40
14.00 1.40 12.40 14.80 3.40
12.60 12.20 8.60 16.20 8.40
10.80 0.80 9.40 2.00 6.80
8.40 14.20 1.20 1.80 5.80
16.40 14.00 2.20 15.00 16.00
18.80 2.20 8.60 14.00 6.40
0.80 9.80 4.40 18.40 2.80
6.80 10.80 8.20 5.00 9.80
18.20 12.60 16.60 19.40 10.60
10.00 18.20 8.60 9.00 8.60
10.00 15.80 9.60 4.60 6.20
2.20 1.00 13.00 16.80 4.40
0.60 16.20 17.00 4.00 19.40
7.60 19.80 3.00 5.20 18.20
10.00 0.80 17.20 10.80 2.00
18.00 2.00 18.00 16.40 19.00
19.40 3.80 11.80 4.00 14.40
15.80 4.80 16.20 11.00 2.00
9.00 3.00 3.40 0.40 7.20
4.00 13.20 16.60 12.40 17.40
4.40 9.60 12.20 18.60 15.20
10.20 19.20 0.40 1.00 2.00
16.60 0.80 16.60 2.80 14.00
12.00 16.40 7.40 13.00 2.40
10.00 14.80 11.40 3.20 2.20
0.60 4.20 17.00 5.40 16.20
0.20 13.80 0.80 6.80 10.00
2.60 16.60 11.00 16.00 19.40
12.60 12.80 4.60 12.40 19.20
13.40 4.40 15.60 7.40 16.80
3.80 0.20 12.40 5.60 1.60
4.20 1.40 16.60 0.80 3.60
17.80 6.80 13.80 5.60 8.00
16.60 18.60 5.40 18.40 16.80
12.00 14.00 18.80 12.80 19.60
16.60 6.20 11.00 2.00 18.20
13.40 17.20 4.00 6.00 14.20
14.20 14.80 3.80 1.20 16.20
12.00 14.20 9.60 11.60 16.60
5.00 1.00 6.80 15.40 9.40
5.20 9.00 18.00 10.60 16.40
16.40 15.20 12.40 10.00 0.20
12.00 19.80 18.00 19.80 12.60
10.80 8.20 18.60 3.80 6.20
5.20 5.60 19.40 4.00 4.40
19.40 16.00 17.20 13.80 11.80
6.00 10.80 4.40 3.00 19.20
4.20 19.80 13.80 3.80 3.80
14.20 2.40 3.60 6.00 11.20
2.40 11.40 17.80 7.00 18.20
2.60 2.60 15.00 18.00 12.80
9.40 9.20 16.00 10.00 10.40
19.00 19.40 7.00 10.40 19.40
18.00 18.00 4.20 9.80 11.20
13.40 11.80 1.40 14.60 3.40
12.20 13.00 13.60 14.60 3.60
4.60 16.40 9.40 3.80 3.00
