# nJobs | nMachines
100 10
# Job Weights
42
80
80
24
65
95
47
51
46
14
62
97
57
7
39
8
90
90
79
25
18
79
33
28
16
99
29
75
36
42
21
58
19
8
58
78
5
60
51
41
27
1
21
86
45
100
13
28
100
36
37
51
26
24
71
23
12
78
36
16
63
2
43
38
25
61
61
44
65
90
14
32
70
29
35
21
63
67
49
74
74
27
44
72
2
9
97
96
72
1
26
14
22
27
43
30
25
92
87
38
# P_bar : m1 | m2 | m3 | m4 | m5 | m6 | m7 | m8 | m9 | m10
95 84 64 5 76 73 58 54 3 76
61 31 16 22 20 9 34 11 96 92
33 71 99 41 55 6 82 63 28 56
79 84 70 94 51 84 99 98 90 65
6 12 73 11 39 56 45 17 86 93
89 26 23 62 92 50 7 83 29 50
3 34 15 32 83 65 43 70 83 3
81 69 83 14 62 74 22 34 39 82
98 65 57 87 56 80 4 45 62 59
35 90 80 76 59 25 71 54 69 15
94 43 90 33 47 26 85 59 38 44
95 30 8 72 33 14 3 84 43 53
44 74 23 96 31 95 88 25 39 6
71 4 44 24 61 63 1 51 77 75
50 66 21 26 74 83 75 18 46 28
51 22 94 96 73 42 85 28 47 56
43 65 88 3 43 97 34 73 72 49
73 46 37 70 52 94 95 50 23 72
52 36 16 70 23 64 26 4 80 88
92 98 3 47 42 69 24 83 23 94
82 31 31 53 49 84 68 31 87 85
52 65 73 2 66 28 87 4 69 42
53 97 8 49 27 67 20 41 33 62
14 25 14 36 40 19 17 12 11 56
49 46 99 25 53 75 91 94 77 75
21 89 67 66 50 70 40 37 29 36
49 79 67 89 63 50 63 92 28 46
46 44 14 58 61 28 76 10 29 92
22 74 57 98 65 83 15 59 11 55
18 93 99 31 9 26 72 35 4 87
41 43 47 91 30 67 69 33 95 45
17 4 82 8 27 82 40 94 76 9
69 45 27 18 45 97 56 36 69 19
31 48 91 83 58 39 82 56 44 76
26 61 38 67 38 74 41 15 94 50
62 93 60 97 75 55 10 68 99 32
85 76 73 61 45 22 91 43 6 63
96 22 91 18 6 1 91 46 56 33
10 54 47 7 38 68 89 31 16 27
62 7 13 53 56 53 93 2 97 95
11 43 96 65 46 76 94 17 46 29
4 26 92 25 93 63 93 50 18 91
59 40 32 80 63 43 97 18 33 96
86 42 90 7 66 81 95 40 49 27
70 80 74 88 98 67 80 12 76 95
80 38 6 61 20 33 33 13 20 39
3 19 96 32 56 51 95 60 61 84
46 32 91 36 79 37 75 76 95 96
30 70 66 53 21 72 59 82 92 42
90 83 80 56 78 8 33 71 72 8
79 63 98 46 41 93 40 27 47 92
35 42 38 64 8 98 79 95 54 16
15 60 20 27 49 93 45 63 85 80
91 79 31 26 79 53 92 71 81 35
37 60 13 22 92 68 17 52 19 51
2 10 47 48 58 12 41 98 82 15
70 98 89 58 66 68 77 15 96 51
4 56 67 18 62 83 88 47 18 76
31 88 22 23 68 94 35 83 32 75
84 20 30 66 6 54 58 83 71 35
53 77 8 64 5 5 20 69 6 69
2 42 70 88 45 36 14 64 3 45
71 45 55 27 47 37 82 43 43 27
39 98 67 19 27 56 9 32 85 10
66 35 51 57 46 94 7 28 81 9
66 6 88 69 83 91 62 94 77 27
42 93 34 55 56 85 91 86 22 16
92 61 91 29 45 3 60 16 19 52
49 35 82 65 60 60 76 39 49 29
83 67 97 38 12 52 24 67 96 33
23 71 36 91 70 22 77 60 73 85
2 82 42 90 51 63 47 35 41 43
81 49 92 52 99 96 56 70 98 1
87 2 40 89 57 9 22 75 96 42
9 73 85 68 12 58 11 60 77 75
42 61 6 12 56 5 6 75 44 80
6 11 31 75 77 6 7 65 80 12
63 33 92 13 23 68 86 53 34 91
79 99 41 21 41 49 23 89 7 43
19 93 63 20 26 10 64 46 69 53
5 64 21 62 63 4 32 28 57 83
62 58 54 95 39 50 58 93 54 29
65 62 69 10 28 2 45 86 15 71
57 91 46 46 3 72 78 93 54 59
13 43 10 88 35 40 17 1 45 2
89 1 28 53 55 76 60 40 88 98
56 95 97 35 33 14 29 68 92 85
46 50 66 75 72 74 71 79 88 26
52 69 72 30 23 22 18 97 59 73
60 9 14 20 37 66 6 31 89 52
79 58 88 92 14 78 67 85 48 87
44 2 14 25 90 94 61 92 63 76
52 2 53 16 60 43 92 53 92 93
98 55 65 66 16 36 75 21 17 70
4 39 98 15 27 58 12 39 5 25
64 48 25 29 49 78 91 85 88 40
95 5 62 84 21 20 10 40 58 45
22 56 75 1 76 98 7 58 3 49
24 84 53 39 54 2 84 95 79 64
29 92 78 25 78 53 2 90 46 93
# P_hat : m1 | m2 | m3 | m4 | m5 | m6 | m7 | m8 | m9 | m10
9.50 8.40 6.40 0.50 7.60 7.30 5.80 5.40 0.30 7.60
6.10 3.10 1.60 2.20 2.00 0.90 3.40 1.10 9.60 9.20
3.30 7.10 9.90 4.10 5.50 0.60 8.20 6.30 2.80 5.60
7.90 8.40 7.00 9.40 5.10 8.40 9.90 9.80 9.00 6.50
0.60 1.20 7.30 1.10 3.90 5.60 4.50 1.70 8.60 9.30
8.90 2.60 2.30 6.20 9.20 5.00 0.70 8.30 2.90 5.00
0.30 3.40 1.50 3.20 8.30 6.50 4.30 7.00 8.30 0.30
8.10 6.90 8.30 1.40 6.20 7.40 2.20 3.40 3.90 8.20
9.80 6.50 5.70 8.70 5.60 8.00 0.40 4.50 6.20 5.90
3.50 9.00 8.00 7.60 5.90 2.50 7.10 5.40 6.90 1.50
9.40 4.30 9.00 3.30 4.70 2.60 8.50 5.90 3.80 4.40
9.50 3.00 0.80 7.20 3.30 1.40 0.30 8.40 4.30 5.30
4.40 7.40 2.30 9.60 3.10 9.50 8.80 2.50 3.90 0.60
7.10 0.40 4.40 2.40 6.10 6.30 0.10 5.10 7.70 7.50
5.00 6.60 2.10 2.60 7.40 8.30 7.50 1.80 4.60 2.80
5.10 2.20 9.40 9.60 7.30 4.20 8.50 2.80 4.70 5.60
4.30 6.50 8.80 0.30 4.30 9.70 3.40 7.30 7.20 4.90
7.30 4.60 3.70 7.00 5.20 9.40 9.50 5.00 2.30 7.20
5.20 3.60 1.60 7.00 2.30 6.40 2.60 0.40 8.00 8.80
9.20 9.80 0.30 4.70 4.20 6.90 2.40 8.30 2.30 9.40
8.20 3.10 3.10 5.30 4.90 8.40 6.80 3.10 8.70 8.50
5.20 6.50 7.30 0.20 6.60 2.80 8.70 0.40 6.90 4.20
5.30 9.70 0.80 4.90 2.70 6.70 2.00 4.10 3.30 6.20
1.40 2.50 1.40 3.60 4.00 1.90 1.70 1.20 1.10 5.60
4.90 4.60 9.90 2.50 5.30 7.50 9.10 9.40 7.70 7.50
2.10 8.90 6.70 6.60 5.00 7.00 4.00 3.70 2.90 3.60
4.90 7.90 6.70 8.90 6.30 5.00 6.30 9.20 2.80 4.60
4.60 4.40 1.40 5.80 6.10 2.80 7.60 1.00 2.90 9.20
2.20 7.40 5.70 9.80 6.50 8.30 1.50 5.90 1.10 5.50
1.80 9.30 9.90 3.10 0.90 2.60 7.20 3.50 0.40 8.70
4.10 4.30 4.70 9.10 3.00 6.70 6.90 3.30 9.50 4.50
1.70 0.40 8.20 0.80 2.70 8.20 4.00 9.40 7.60 0.90
6.90 4.50 2.70 1.80 4.50 9.70 5.60 3.60 6.90 1.90
3.10 4.80 9.10 8.30 5.80 3.90 8.20 5.60 4.40 7.60
2.60 6.10 3.80 6.70 3.80 7.40 4.10 1.50 9.40 5.00
6.20 9.30 6.00 9.70 7.50 5.50 1.00 6.80 9.90 3.20
8.50 7.60 7.30 6.10 4.50 2.20 9.10 4.30 0.60 6.30
9.60 2.20 9.10 1.80 0.60 0.10 9.10 4.60 5.60 3.30
1.00 5.40 4.70 0.70 3.80 6.80 8.90 3.10 1.60 2.70
6.20 0.70 1.30 5.30 5.60 5.30 9.30 0.20 9.70 9.50
1.10 4.30 9.60 6.50 4.60 7.60 9.40 1.70 4.60 2.90
0.40 2.60 9.20 2.50 9.30 6.30 9.30 5.00 1.80 9.10
5.90 4.00 3.20 8.00 6.30 4.30 9.70 1.80 3.30 9.60
8.60 4.20 9.00 0.70 6.60 8.10 9.50 4.00 4.90 2.70
7.00 8.00 7.40 8.80 9.80 6.70 8.00 1.20 7.60 9.50
8.00 3.80 0.60 6.10 2.00 3.30 3.30 1.30 2.00 3.90
0.30 1.90 9.60 3.20 5.60 5.10 9.50 6.00 6.10 8.40
4.60 3.20 9.10 3.60 7.90 3.70 7.50 7.60 9.50 9.60
3.00 7.00 6.60 5.30 2.10 7.20 5.90 8.20 9.20 4.20
9.00 8.30 8.00 5.60 7.80 0.80 3.30 7.10 7.20 0.80
7.90 6.30 9.80 4.60 4.10 9.30 4.00 2.70 4.70 9.20
3.50 4.20 3.80 6.40 0.80 9.80 7.90 9.50 5.40 1.60
1.50 6.00 2.00 2.70 4.90 9.30 4.50 6.30 8.50 8.00
9.10 7.90 3.10 2.60 7.90 5.30 9.20 7.10 8.10 3.50
3.70 6.00 1.30 2.20 9.20 6.80 1.70 5.20 1.90 5.10
0.20 1.00 4.70 4.80 5.80 1.20 4.10 9.80 8.20 1.50
7.00 9.80 8.90 5.80 6.60 6.80 7.70 1.50 9.60 5.10
0.40 5.60 6.70 1.80 6.20 8.30 8.80 4.70 1.80 7.60
3.10 8.80 2.20 2.30 6.80 9.40 3.50 8.30 3.20 7.50
8.40 2.00 3.00 6.60 0.60 5.40 5.80 8.30 7.10 3.50
5.30 7.70 0.80 6.40 0.50 0.50 2.00 6.90 0.60 6.90
0.20 4.20 7.00 8.80 4.50 3.60 1.40 6.40 0.30 4.50
7.10 4.50 5.50 2.70 4.70 3.70 8.20 4.30 4.30 2.70
3.90 9.80 6.70 1.90 2.70 5.60 0.90 3.20 8.50 1.00
6.60 3.50 5.10 5.70 4.60 9.40 0.70 2.80 8.10 0.90
6.60 0.60 8.80 6.90 8.30 9.10 6.20 9.40 7.70 2.70
4.20 9.30 3.40 5.50 5.60 8.50 9.10 8.60 2.20 1.60
9.20 6.10 9.10 2.90 4.50 0.30 6.00 1.60 1.90 5.20
4.90 3.50 8.20 6.50 6.00 6.00 7.60 3.90 4.90 2.90
8.30 6.70 9.70 3.80 1.20 5.20 2.40 6.70 9.60 3.30
2.30 7.10 3.60 9.10 7.00 2.20 7.70 6.00 7.30 8.50
0.20 8.20 4.20 9.00 5.10 6.30 4.70 3.50 4.10 4.30
8.10 4.90 9.20 5.20 9.90 9.60 5.60 7.00 9.80 0.10
8.70 0.20 4.00 8.90 5.70 0.90 2.20 7.50 9.60 4.20
0.90 7.30 8.50 6.80 1.20 5.80 1.10 6.00 7.70 7.50
4.20 6.10 0.60 1.20 5.60 0.50 0.60 7.50 4.40 8.00
0.60 1.10 3.10 7.50 7.70 0.60 0.70 6.50 8.00 1.20
6.30 3.30 9.20 1.30 2.30 6.80 8.60 5.30 3.40 9.10
7.90 9.90 4.10 2.10 4.10 4.90 2.30 8.90 0.70 4.30
1.90 9.30 6.30 2.00 2.60 1.00 6.40 4.60 6.90 5.30
0.50 6.40 2.10 6.20 6.30 0.40 3.20 2.80 5.70 8.30
6.20 5.80 5.40 9.50 3.90 5.00 5.80 9.30 5.40 2.90
6.50 6.20 6.90 1.00 2.80 0.20 4.50 8.60 1.50 7.10
5.70 9.10 4.60 4.60 0.30 7.20 7.80 9.30 5.40 5.90
1.30 4.30 1.00 8.80 3.50 4.00 1.70 0.10 4.50 0.20
8.90 0.10 2.80 5.30 5.50 7.60 6.00 4.00 8.80 9.80
5.60 9.50 9.70 3.50 3.30 1.40 2.90 6.80 9.20 8.50
4.60 5.00 6.60 7.50 7.20 7.40 7.10 7.90 8.80 2.60
5.20 6.90 7.20 3.00 2.30 2.20 1.80 9.70 5.90 7.30
6.00 0.90 1.40 2.00 3.70 6.60 0.60 3.10 8.90 5.20
7.90 5.80 8.80 9.20 1.40 7.80 6.70 8.50 4.80 8.70
4.40 0.20 1.40 2.50 9.00 9.40 6.10 9.20 6.30 7.60
5.20 0.20 5.30 1.60 6.00 4.30 9.20 5.30 9.20 9.30
9.80 5.50 6.50 6.60 1.60 3.60 7.50 2.10 1.70 7.00
0.40 3.90 9.80 1.50 2.70 5.80 1.20 3.90 0.50 2.50
6.40 4.80 2.50 2.90 4.90 7.80 9.10 8.50 8.80 4.00
9.50 0.50 6.20 8.40 2.10 2.00 1.00 4.00 5.80 4.50
2.20 5.60 7.50 0.10 7.60 9.80 0.70 5.80 0.30 4.90
2.40 8.40 5.30 3.90 5.40 0.20 8.40 9.50 7.90 6.40
2.90 9.20 7.80 2.50 7.80 5.30 0.20 9.00 4.60 9.30
