# nJobs | nMachines
100 5
# Job Weights
98
33
13
40
100
9
1
4
41
59
73
15
57
67
40
25
23
2
44
35
3
30
11
100
51
69
22
64
44
69
1
29
53
81
59
40
77
79
51
40
7
47
4
23
89
32
97
45
46
33
55
71
77
81
28
82
78
48
75
75
70
78
15
99
55
79
99
46
39
79
35
72
54
57
67
77
96
62
58
7
2
60
7
10
3
24
22
86
67
25
77
18
39
59
18
20
99
38
78
39
# P_bar : m1 | m2 | m3 | m4 | m5
69 78 28 55 39
53 26 54 57 81
81 41 66 50 33
70 62 30 42 63
96 28 77 18 60
25 54 69 95 73
24 27 50 68 61
95 38 85 22 74
30 64 62 33 8
40 66 80 15 49
37 82 58 4 93
5 78 77 66 90
88 52 55 50 37
74 18 80 6 18
95 1 94 81 55
26 54 6 45 6
96 43 22 61 3
3 48 33 33 80
44 67 66 53 65
3 8 55 69 37
8 36 57 3 12
44 38 49 61 17
13 32 82 40 21
92 74 75 72 59
2 96 91 28 60
69 34 14 42 94
48 56 72 69 24
23 28 72 42 19
96 66 77 73 81
92 93 83 46 54
56 51 27 75 9
15 28 61 75 49
47 63 57 35 41
41 84 78 75 41
96 25 23 1 85
35 85 60 74 56
56 1 33 3 49
34 42 49 13 6
80 12 63 66 81
73 42 25 51 60
96 23 87 72 76
81 85 36 9 1
32 77 18 45 30
55 7 70 73 84
22 43 8 32 46
43 84 68 19 2
26 76 50 98 64
20 85 89 93 76
53 29 5 27 75
63 96 28 8 49
33 3 5 55 37
47 44 27 7 44
93 88 51 89 80
68 17 53 36 47
8 44 20 41 35
51 17 48 35 15
18 35 45 35 9
80 16 61 36 31
17 2 73 13 63
88 16 32 85 14
72 68 44 21 13
97 40 35 33 55
36 76 81 33 16
58 33 75 21 42
35 92 21 3 18
56 70 8 10 52
13 6 20 51 63
73 53 86 81 28
5 57 64 65 65
12 47 56 29 73
12 41 86 15 72
17 50 87 60 62
21 97 9 60 31
44 66 58 87 97
34 33 78 87 67
61 96 39 36 17
99 4 15 19 69
54 12 25 73 11
18 26 43 57 46
2 89 10 27 39
13 29 83 14 65
17 10 32 49 89
60 15 5 49 69
90 59 49 37 24
36 54 23 37 3
52 92 12 83 62
88 39 56 86 97
56 52 35 13 46
34 95 34 10 44
97 4 66 44 89
80 35 31 42 47
8 42 54 98 90
84 19 6 3 59
17 74 37 99 41
43 45 69 21 13
30 7 1 19 23
19 60 92 71 16
38 29 63 65 45
76 48 28 96 42
88 76 50 36 96
# P_hat : m1 | m2 | m3 | m4 | m5
27.60 31.20 11.20 22.00 15.60
21.20 10.40 21.60 22.80 32.40
32.40 16.40 26.40 20.00 13.20
28.00 24.80 12.00 16.80 25.20
38.40 11.20 30.80 7.20 24.00
10.00 21.60 27.60 38.00 29.20
9.60 10.80 20.00 27.20 24.40
38.00 15.20 34.00 8.80 29.60
12.00 25.60 24.80 13.20 3.20
16.00 26.40 32.00 6.00 19.60
14.80 32.80 23.20 1.60 37.20
2.00 31.20 30.80 26.40 36.00
35.20 20.80 22.00 20.00 14.80
29.60 7.20 32.00 2.40 7.20
38.00 0.40 37.60 32.40 22.00
10.40 21.60 2.40 18.00 2.40
38.40 17.20 8.80 24.40 1.20
1.20 19.20 13.20 13.20 32.00
17.60 26.80 26.40 21.20 26.00
1.20 3.20 22.00 27.60 14.80
3.20 14.40 22.80 1.20 4.80
17.60 15.20 19.60 24.40 6.80
5.20 12.80 32.80 16.00 8.40
36.80 29.60 30.00 28.80 23.60
0.80 38.40 36.40 11.20 24.00
27.60 13.60 5.60 16.80 37.60
19.20 22.40 28.80 27.60 9.60
9.20 11.20 28.80 16.80 7.60
38.40 26.40 30.80 29.20 32.40
36.80 37.20 33.20 18.40 21.60
22.40 20.40 10.80 30.00 3.60
6.00 11.20 24.40 30.00 19.60
18.80 25.20 22.80 14.00 16.40
16.40 33.60 31.20 30.00 16.40
38.40 10.00 9.20 0.40 34.00
14.00 34.00 24.00 29.60 22.40
22.40 0.40 13.20 1.20 19.60
13.60 16.80 19.60 5.20 2.40
32.00 4.80 25.20 26.40 32.40
29.20 16.80 10.00 20.40 24.00
38.40 9.20 34.80 28.80 30.40
32.40 34.00 14.40 3.60 0.40
12.80 30.80 7.20 18.00 12.00
22.00 2.80 28.00 29.20 33.60
8.80 17.20 3.20 12.80 18.40
17.20 33.60 27.20 7.60 0.80
10.40 30.40 20.00 39.20 25.60
8.00 34.00 35.60 37.20 30.40
21.20 11.60 2.00 10.80 30.00
25.20 38.40 11.20 3.20 19.60
13.20 1.20 2.00 22.00 14.80
18.80 17.60 10.80 2.80 17.60
37.20 35.20 20.40 35.60 32.00
27.20 6.80 21.20 14.40 18.80
3.20 17.60 8.00 16.40 14.00
20.40 6.80 19.20 14.00 6.00
7.20 14.00 18.00 14.00 3.60
32.00 6.40 24.40 14.40 12.40
6.80 0.80 29.20 5.20 25.20
35.20 6.40 12.80 34.00 5.60
28.80 27.20 17.60 8.40 5.20
38.80 16.00 14.00 13.20 22.00
14.40 30.40 32.40 13.20 6.40
23.20 13.20 30.00 8.40 16.80
14.00 36.80 8.40 1.20 7.20
22.40 28.00 3.20 4.00 20.80
5.20 2.40 8.00 20.40 25.20
29.20 21.20 34.40 32.40 11.20
2.00 22.80 25.60 26.00 26.00
4.80 18.80 22.40 11.60 29.20
4.80 16.40 34.40 6.00 28.80
6.80 20.00 34.80 24.00 24.80
8.40 38.80 3.60 24.00 12.40
17.60 26.40 23.20 34.80 38.80
13.60 13.20 31.20 34.80 26.80
24.40 38.40 15.60 14.40 6.80
39.60 1.60 6.00 7.60 27.60
21.60 4.80 10.00 29.20 4.40
7.20 10.40 17.20 22.80 18.40
0.80 35.60 4.00 10.80 15.60
5.20 11.60 33.20 5.60 26.00
6.80 4.00 12.80 19.60 35.60
24.00 6.00 2.00 19.60 27.60
36.00 23.60 19.60 14.80 9.60
14.40 21.60 9.20 14.80 1.20
20.80 36.80 4.80 33.20 24.80
35.20 15.60 22.40 34.40 38.80
22.40 20.80 14.00 5.20 18.40
13.60 38.00 13.60 4.00 17.60
38.80 1.60 26.40 17.60 35.60
32.00 14.00 12.40 16.80 18.80
3.20 16.80 21.60 39.20 36.00
33.60 7.60 2.40 1.20 23.60
6.80 29.60 14.80 39.60 16.40
17.20 18.00 27.60 8.40 5.20
12.00 2.80 0.40 7.60 9.20
7.60 24.00 36.80 28.40 6.40
15.20 11.60 25.20 26.00 18.00
30.40 19.20 11.20 38.40 16.80
35.20 30.40 20.00 14.40 38.40
