# nJobs | nMachines
50 20
# Job Weights
54
75
39
10
95
75
74
75
71
78
18
100
30
65
2
1
39
27
3
89
51
100
8
88
69
67
64
87
24
28
65
53
97
73
96
56
37
4
77
93
4
81
45
11
33
5
46
18
50
94
# P_bar : m1 | m2 | m3 | m4 | m5 | m6 | m7 | m8 | m9 | m10 | m11 | m12 | m13 | m14 | m15 | m16 | m17 | m18 | m19 | m20
1 92 95 70 17 78 6 31 24 79 3 59 53 86 71 77 55 69 20 38
96 74 75 18 74 27 73 38 83 28 65 42 7 28 54 33 56 34 35 32
21 20 24 19 87 15 64 36 59 43 73 18 27 67 48 22 21 9 25 13
57 70 3 76 39 55 30 35 58 20 81 51 44 29 16 77 77 7 81 10
7 43 83 7 14 28 30 52 60 16 38 95 36 53 22 90 83 43 19 23
34 6 67 34 28 28 99 13 15 9 71 82 21 24 14 23 43 62 4 28
72 77 88 66 12 26 61 78 15 80 3 96 53 95 39 10 11 29 42 42
12 25 75 72 49 98 26 31 27 36 40 45 38 66 99 44 64 70 58 68
80 68 28 16 88 98 38 8 47 14 6 25 37 32 68 1 59 28 18 78
99 83 65 95 91 77 46 62 25 86 98 80 90 66 32 53 37 62 19 39
28 28 54 80 53 79 76 36 43 70 4 42 34 61 20 58 96 34 73 76
80 13 65 10 40 12 65 98 11 87 23 66 1 18 7 40 27 67 14 4
30 74 34 63 1 96 51 7 20 77 23 41 83 99 26 48 9 16 44 45
15 18 17 14 55 78 39 3 36 44 2 1 64 48 2 94 63 83 13 25
95 71 51 89 39 29 23 5 3 52 66 14 69 31 58 20 82 64 11 23
19 11 98 65 35 28 71 82 42 86 67 66 30 66 92 34 31 32 55 77
12 17 94 43 99 14 63 41 51 12 8 89 18 15 86 16 27 43 91 3
59 27 22 44 17 52 94 2 11 49 76 35 74 93 45 99 67 67 51 20
66 89 57 28 69 27 62 63 86 68 58 2 9 64 19 27 82 37 42 49
51 14 37 39 67 51 87 56 55 56 82 63 70 77 90 80 65 79 47 35
6 13 90 59 13 46 43 85 20 59 63 80 41 67 54 24 74 31 94 29
36 40 38 91 98 98 45 85 3 87 18 34 5 74 51 19 41 41 43 59
74 97 20 70 79 97 46 25 64 82 17 45 70 90 88 34 10 3 68 14
53 70 85 24 20 38 9 98 19 5 5 42 5 44 72 6 36 11 77 94
25 96 49 96 57 78 10 58 49 23 75 81 4 51 44 65 69 71 42 11
68 13 37 1 68 89 42 16 70 6 52 27 65 17 85 11 1 21 75 17
37 66 29 92 17 67 43 99 28 15 95 15 53 50 20 14 21 26 17 80
42 77 84 79 27 91 46 61 53 42 55 42 17 80 5 97 72 98 85 70
68 2 93 57 25 51 7 21 96 63 62 80 6 44 10 14 37 39 54 20
74 41 99 88 36 62 15 26 52 66 84 11 98 63 98 77 54 73 83 25
93 69 44 60 67 79 32 67 44 59 5 4 84 19 44 58 88 59 30 12
39 34 39 70 73 93 80 96 24 98 33 84 39 24 6 86 65 33 52 78
75 10 18 38 34 25 4 70 40 67 72 25 3 24 44 72 97 71 89 58
54 91 40 94 47 61 73 89 66 73 52 45 9 35 12 20 71 49 54 13
10 98 24 94 65 59 42 5 2 94 8 42 50 79 55 22 13 22 74 22
60 60 98 30 79 20 98 45 89 27 74 61 58 62 14 2 90 6 86 53
15 3 61 50 31 92 24 38 70 56 70 4 87 11 66 28 88 68 27 92
75 86 72 17 54 1 25 79 69 96 5 34 54 59 28 16 39 14 22 7
71 55 21 43 56 35 13 73 3 81 38 54 41 14 80 54 46 36 24 62
22 95 76 28 33 97 38 99 77 92 7 46 87 89 64 19 89 17 11 94
10 73 87 33 66 79 3 33 96 68 86 80 9 16 13 77 99 30 12 8
65 65 32 48 30 37 69 1 40 92 41 1 49 96 73 7 82 83 8 81
39 24 8 48 89 72 38 84 66 77 99 94 93 72 44 27 14 94 15 5
99 22 17 81 45 76 61 79 75 94 98 8 70 95 11 19 14 53 21 24
77 5 54 50 44 89 8 44 81 93 2 56 4 92 89 80 63 30 75 98
39 67 43 86 91 7 54 39 52 28 51 52 13 34 78 80 67 74 84 85
50 39 3 23 18 79 90 16 78 75 13 13 60 64 6 40 16 24 29 75
14 58 65 95 67 85 3 50 86 74 96 39 41 83 10 49 46 47 15 57
75 4 33 3 94 40 5 39 44 34 78 62 48 66 44 46 28 76 26 37
28 30 36 80 41 24 25 55 85 80 49 84 75 6 28 85 91 28 83 96
# P_hat : m1 | m2 | m3 | m4 | m5 | m6 | m7 | m8 | m9 | m10 | m11 | m12 | m13 | m14 | m15 | m16 | m17 | m18 | m19 | m20
0.40 36.80 38.00 28.00 6.80 31.20 2.40 12.40 9.60 31.60 1.20 23.60 21.20 34.40 28.40 30.80 22.00 27.60 8.00 15.20
38.40 29.60 30.00 7.20 29.60 10.80 29.20 15.20 33.20 11.20 26.00 16.80 2.80 11.20 21.60 13.20 22.40 13.60 14.00 12.80
8.40 8.00 9.60 7.60 34.80 6.00 25.60 14.40 23.60 17.20 29.20 7.20 10.80 26.80 19.20 8.80 8.40 3.60 10.00 5.20
22.80 28.00 1.20 30.40 15.60 22.00 12.00 14.00 23.20 8.00 32.40 20.40 17.60 11.60 6.40 30.80 30.80 2.80 32.40 4.00
2.80 17.20 33.20 2.80 5.60 11.20 12.00 20.80 24.00 6.40 15.20 38.00 14.40 21.20 8.80 36.00 33.20 17.20 7.60 9.20
13.60 2.40 26.80 13.60 11.20 11.20 39.60 5.20 6.00 3.60 28.40 32.80 8.40 9.60 5.60 9.20 17.20 24.80 1.60 11.20
28.80 30.80 35.20 26.40 4.80 10.40 24.40 31.20 6.00 32.00 1.20 38.40 21.20 38.00 15.60 4.00 4.40 11.60 16.80 16.80
4.80 10.00 30.00 28.80 19.60 39.20 10.40 12.40 10.80 14.40 16.00 18.00 15.20 26.40 39.60 17.60 25.60 28.00 23.20 27.20
32.00 27.20 11.20 6.40 35.20 39.20 15.20 3.20 18.80 5.60 2.40 10.00 14.80 12.80 27.20 0.40 23.60 11.20 7.20 31.20
39.60 33.20 26.00 38.00 36.40 30.80 18.40 24.80 10.00 34.40 39.20 32.00 36.00 26.40 12.80 21.20 14.80 24.80 7.60 15.60
11.20 11.20 21.60 32.00 21.20 31.60 30.40 14.40 17.20 28.00 1.60 16.80 13.60 24.40 8.00 23.20 38.40 13.60 29.20 30.40
32.00 5.20 26.00 4.00 16.00 4.80 26.00 39.20 4.40 34.80 9.20 26.40 0.40 7.20 2.80 16.00 10.80 26.80 5.60 1.60
12.00 29.60 13.60 25.20 0.40 38.40 20.40 2.80 8.00 30.80 9.20 16.40 33.20 39.60 10.40 19.20 3.60 6.40 17.60 18.00
6.00 7.20 6.80 5.60 22.00 31.20 15.60 1.20 14.40 17.60 0.80 0.40 25.60 19.20 0.80 37.60 25.20 33.20 5.20 10.00
38.00 28.40 20.40 35.60 15.60 11.60 9.20 2.00 1.20 20.80 26.40 5.60 27.60 12.40 23.20 8.00 32.80 25.60 4.40 9.20
7.60 4.40 39.20 26.00 14.00 11.20 28.40 32.80 16.80 34.40 26.80 26.40 12.00 26.40 36.80 13.60 12.40 12.80 22.00 30.80
4.80 6.80 37.60 17.20 39.60 5.60 25.20 16.40 20.40 4.80 3.20 35.60 7.20 6.00 34.40 6.40 10.80 17.20 36.40 1.20
23.60 10.80 8.80 17.60 6.80 20.80 37.60 0.80 4.40 19.60 30.40 14.00 29.60 37.20 18.00 39.60 26.80 26.80 20.40 8.00
26.40 35.60 22.80 11.20 27.60 10.80 24.80 25.20 34.40 27.20 23.20 0.80 3.60 25.60 7.60 10.80 32.80 14.80 16.80 19.60
20.40 5.60 14.80 15.60 26.80 20.40 34.80 22.40 22.00 22.40 32.80 25.20 28.00 30.80 36.00 32.00 26.00 31.60 18.80 14.00
2.40 5.20 36.00 23.60 5.20 18.40 17.20 34.00 8.00 23.60 25.20 32.00 16.40 26.80 21.60 9.60 29.60 12.40 37.60 11.60
14.40 16.00 15.20 36.40 39.20 39.20 18.00 34.00 1.20 34.80 7.20 13.60 2.00 29.60 20.40 7.60 16.40 16.40 17.20 23.60
29.60 38.80 8.00 28.00 31.60 38.80 18.40 10.00 25.60 32.80 6.80 18.00 28.00 36.00 35.20 13.60 4.00 1.20 27.20 5.60
21.20 28.00 34.00 9.60 8.00 15.20 3.60 39.20 7.60 2.00 2.00 16.80 2.00 17.60 28.80 2.40 14.40 4.40 30.80 37.60
10.00 38.40 19.60 38.40 22.80 31.20 4.00 23.20 19.60 9.20 30.00 32.40 1.60 20.40 17.60 26.00 27.60 28.40 16.80 4.40
27.20 5.20 14.80 0.40 27.20 35.60 16.80 6.40 28.00 2.40 20.80 10.80 26.00 6.80 34.00 4.40 0.40 8.40 30.00 6.80
14.80 26.40 11.60 36.80 6.80 26.80 17.20 39.60 11.20 6.00 38.00 6.00 21.20 20.00 8.00 5.60 8.40 10.40 6.80 32.00
16.80 30.80 33.60 31.60 10.80 36.40 18.40 24.40 21.20 16.80 22.00 16.80 6.80 32.00 2.00 38.80 28.80 39.20 34.00 28.00
27.20 0.80 37.20 22.80 10.00 20.40 2.80 8.40 38.40 25.20 24.80 32.00 2.40 17.60 4.00 5.60 14.80 15.60 21.60 8.00
29.60 16.40 39.60 35.20 14.40 24.80 6.00 10.40 20.80 26.40 33.60 4.40 39.20 25.20 39.20 30.80 21.60 29.20 33.20 10.00
37.20 27.60 17.60 24.00 26.80 31.60 12.80 26.80 17.60 23.60 2.00 1.60 33.60 7.60 17.60 23.20 35.20 23.60 12.00 4.80
15.60 13.60 15.60 28.00 29.20 37.20 32.00 38.40 9.60 39.20 13.20 33.60 15.60 9.60 2.40 34.40 26.00 13.20 20.80 31.20
30.00 4.00 7.20 15.20 13.60 10.00 1.60 28.00 16.00 26.80 28.80 10.00 1.20 9.60 17.60 28.80 38.80 28.40 35.60 23.20
21.60 36.40 16.00 37.60 18.80 24.40 29.20 35.60 26.40 29.20 20.80 18.00 3.60 14.00 4.80 8.00 28.40 19.60 21.60 5.20
4.00 39.20 9.60 37.60 26.00 23.60 16.80 2.00 0.80 37.60 3.20 16.80 20.00 31.60 22.00 8.80 5.20 8.80 29.60 8.80
24.00 24.00 39.20 12.00 31.60 8.00 39.20 18.00 35.60 10.80 29.60 24.40 23.20 24.80 5.60 0.80 36.00 2.40 34.40 21.20
6.00 1.20 24.40 20.00 12.40 36.80 9.60 15.20 28.00 22.40 28.00 1.60 34.80 4.40 26.40 11.20 35.20 27.20 10.80 36.80
30.00 34.40 28.80 6.80 21.60 0.40 10.00 31.60 27.60 38.40 2.00 13.60 21.60 23.60 11.20 6.40 15.60 5.60 8.80 2.80
28.40 22.00 8.40 17.20 22.40 14.00 5.20 29.20 1.20 32.40 15.20 21.60 16.40 5.60 32.00 21.60 18.40 14.40 9.60 24.80
8.80 38.00 30.40 11.20 13.20 38.80 15.20 39.60 30.80 36.80 2.80 18.40 34.80 35.60 25.60 7.60 35.60 6.80 4.40 37.60
4.00 29.20 34.80 13.20 26.40 31.60 1.20 13.20 38.40 27.20 34.40 32.00 3.60 6.40 5.20 30.80 39.60 12.00 4.80 3.20
26.00 26.00 12.80 19.20 12.00 14.80 27.60 0.40 16.00 36.80 16.40 0.40 19.60 38.40 29.20 2.80 32.80 33.20 3.20 32.40
15.60 9.60 3.20 19.20 35.60 28.80 15.20 33.60 26.40 30.80 39.60 37.60 37.20 28.80 17.60 10.80 5.60 37.60 6.00 2.00
39.60 8.80 6.80 32.40 18.00 30.40 24.40 31.60 30.00 37.60 39.20 3.20 28.00 38.00 4.40 7.60 5.60 21.20 8.40 9.60
30.80 2.00 21.60 20.00 17.60 35.60 3.20 17.60 32.40 37.20 0.80 22.40 1.60 36.80 35.60 32.00 25.20 12.00 30.00 39.20
15.60 26.80 17.20 34.40 36.40 2.80 21.60 15.60 20.80 11.20 20.40 20.80 5.20 13.60 31.20 32.00 26.80 29.60 33.60 34.00
20.00 15.60 1.20 9.20 7.20 31.60 36.00 6.40 31.20 30.00 5.20 5.20 24.00 25.60 2.40 16.00 6.40 9.60 11.60 30.00
5.60 23.20 26.00 38.00 26.80 34.00 1.20 20.00 34.40 29.60 38.40 15.60 16.40 33.20 4.00 19.60 18.40 18.80 6.00 22.80
30.00 1.60 13.20 1.20 37.60 16.00 2.00 15.60 17.60 13.60 31.20 24.80 19.20 26.40 17.60 18.40 11.20 30.40 10.40 14.80
11.20 12.00 14.40 32.00 16.40 9.60 10.00 22.00 34.00 32.00 19.60 33.60 30.00 2.40 11.20 34.00 36.40 11.20 33.20 38.40
