# nJobs | nMachines
20 20
# Job Weights
93
14
99
92
47
88
61
46
97
17
88
57
52
27
67
30
32
55
62
78
# P_bar : m1 | m2 | m3 | m4 | m5 | m6 | m7 | m8 | m9 | m10 | m11 | m12 | m13 | m14 | m15 | m16 | m17 | m18 | m19 | m20
94 3 39 1 63 86 44 19 55 67 98 30 21 63 75 20 57 73 71 38
43 18 23 92 96 36 25 82 46 66 79 63 18 20 56 50 28 11 18 4
6 43 28 83 50 19 85 12 68 66 44 88 98 70 87 37 27 38 93 40
47 41 31 43 12 71 86 70 15 32 90 79 59 12 52 68 51 53 74 98
45 83 86 3 15 8 73 6 55 8 22 44 17 1 77 23 42 79 30 22
51 62 19 3 11 77 58 64 74 30 72 54 29 75 78 64 95 40 86 8
73 27 85 51 33 8 95 3 42 92 84 12 42 72 93 15 94 56 50 31
49 75 90 5 7 6 13 4 40 40 42 15 19 79 65 10 35 60 12 41
31 52 77 38 4 40 50 29 88 13 46 3 17 48 21 20 26 25 6 25
58 58 4 37 58 39 39 43 68 79 72 89 49 77 35 15 42 54 80 91
19 18 85 44 27 24 24 40 67 19 98 84 71 16 1 19 31 78 96 95
36 1 81 66 7 82 55 77 67 29 12 23 25 60 15 92 26 78 10 83
54 61 9 31 7 69 58 88 8 27 14 4 22 47 52 63 14 53 95 38
75 67 52 8 54 82 79 74 13 18 6 32 84 67 94 69 75 39 17 93
7 55 67 79 31 39 42 13 74 42 70 60 50 45 10 15 6 50 98 62
5 72 77 42 94 52 98 13 47 86 1 70 46 67 61 94 86 64 29 87
82 16 45 85 25 85 44 17 3 30 41 20 60 35 8 94 32 67 13 27
20 12 7 92 8 48 16 45 95 41 60 43 31 55 79 54 92 15 64 33
31 87 21 89 61 22 13 2 36 27 51 2 64 26 40 45 71 24 56 58
32 21 26 29 51 57 74 22 46 50 82 52 53 32 29 51 63 74 81 26
# P_hat : m1 | m2 | m3 | m4 | m5 | m6 | m7 | m8 | m9 | m10 | m11 | m12 | m13 | m14 | m15 | m16 | m17 | m18 | m19 | m20
37.60 1.20 15.60 0.40 25.20 34.40 17.60 7.60 22.00 26.80 39.20 12.00 8.40 25.20 30.00 8.00 22.80 29.20 28.40 15.20
17.20 7.20 9.20 36.80 38.40 14.40 10.00 32.80 18.40 26.40 31.60 25.20 7.20 8.00 22.40 20.00 11.20 4.40 7.20 1.60
2.40 17.20 11.20 33.20 20.00 7.60 34.00 4.80 27.20 26.40 17.60 35.20 39.20 28.00 34.80 14.80 10.80 15.20 37.20 16.00
18.80 16.40 12.40 17.20 4.80 28.40 34.40 28.00 6.00 12.80 36.00 31.60 23.60 4.80 20.80 27.20 20.40 21.20 29.60 39.20
18.00 33.20 34.40 1.20 6.00 3.20 29.20 2.40 22.00 3.20 8.80 17.60 6.80 0.40 30.80 9.20 16.80 31.60 12.00 8.80
20.40 24.80 7.60 1.20 4.40 30.80 23.20 25.60 29.60 12.00 28.80 21.60 11.60 30.00 31.20 25.60 38.00 16.00 34.40 3.20
29.20 10.80 34.00 20.40 13.20 3.20 38.00 1.20 16.80 36.80 33.60 4.80 16.80 28.80 37.20 6.00 37.60 22.40 20.00 12.40
19.60 30.00 36.00 2.00 2.80 2.40 5.20 1.60 16.00 16.00 16.80 6.00 7.60 31.60 26.00 4.00 14.00 24.00 4.80 16.40
12.40 20.80 30.80 15.20 1.60 16.00 20.00 11.60 35.20 5.20 18.40 1.20 6.80 19.20 8.40 8.00 10.40 10.00 2.40 10.00
23.20 23.20 1.60 14.80 23.20 15.60 15.60 17.20 27.20 31.60 28.80 35.60 19.60 30.80 14.00 6.00 16.80 21.60 32.00 36.40
7.60 7.20 34.00 17.60 10.80 9.60 9.60 16.00 26.80 7.60 39.20 33.60 28.40 6.40 0.40 7.60 12.40 31.20 38.40 38.00
14.40 0.40 32.40 26.40 2.80 32.80 22.00 30.80 26.80 11.60 4.80 9.20 10.00 24.00 6.00 36.80 10.40 31.20 4.00 33.20
21.60 24.40 3.60 12.40 2.80 27.60 23.20 35.20 3.20 10.80 5.60 1.60 8.80 18.80 20.80 25.20 5.60 21.20 38.00 15.20
30.00 26.80 20.80 3.20 21.60 32.80 31.60 29.60 5.20 7.20 2.40 12.80 33.60 26.80 37.60 27.60 30.00 15.60 6.80 37.20
2.80 22.00 26.80 31.60 12.40 15.60 16.80 5.20 29.60 16.80 28.00 24.00 20.00 18.00 4.00 6.00 2.40 20.00 39.20 24.80
2.00 28.80 30.80 16.80 37.60 20.80 39.20 5.20 18.80 34.40 0.40 28.00 18.40 26.80 24.40 37.60 34.40 25.60 11.60 34.80
32.80 6.40 18.00 34.00 10.00 34.00 17.60 6.80 1.20 12.00 16.40 8.00 24.00 14.00 3.20 37.60 12.80 26.80 5.20 10.80
8.00 4.80 2.80 36.80 3.20 19.20 6.40 18.00 38.00 16.40 24.00 17.20 12.40 22.00 31.60 21.60 36.80 6.00 25.60 13.20
12.40 34.80 8.40 35.60 24.40 8.80 5.20 0.80 14.40 10.80 20.40 0.80 25.60 10.40 16.00 18.00 28.40 9.60 22.40 23.20
12.80 8.40 10.40 11.60 20.40 22.80 29.60 8.80 18.40 20.00 32.80 20.80 21.20 12.80 11.60 20.40 25.20 29.60 32.40 10.40
