# nJobs | nMachines
20 20
# Job Weights
3
71
24
31
31
2
17
63
68
12
14
62
3
23
20
54
14
58
20
69
# P_bar : m1 | m2 | m3 | m4 | m5 | m6 | m7 | m8 | m9 | m10 | m11 | m12 | m13 | m14 | m15 | m16 | m17 | m18 | m19 | m20
46 98 7 64 11 3 53 67 63 87 37 69 36 74 40 83 49 8 47 86
52 2 2 2 99 1 87 28 91 29 16 91 3 28 62 87 3 11 74 30
79 85 44 16 37 58 88 88 11 2 42 38 58 78 25 38 94 7 26 92
45 44 38 35 50 85 10 23 6 18 47 25 10 43 24 38 76 54 61 94
97 7 24 53 56 33 32 91 31 75 94 87 98 98 30 86 95 72 95 66
10 73 76 40 69 71 38 71 63 39 14 7 6 83 1 67 48 57 55 47
44 19 85 81 22 58 25 3 36 77 94 66 44 91 73 23 4 85 11 3
24 69 61 26 56 56 24 26 39 69 34 54 62 27 27 19 37 22 42 41
85 12 32 85 67 64 90 41 57 15 72 86 24 6 16 97 82 87 72 41
75 73 90 4 63 43 7 96 47 78 36 49 94 82 91 78 57 65 14 47
66 85 61 4 96 48 11 51 56 68 88 3 79 60 33 66 61 22 8 89
49 23 87 10 74 69 49 24 65 37 51 48 93 44 11 67 6 29 98 28
95 53 51 63 4 96 2 21 59 22 41 44 68 43 99 7 97 99 90 39
61 16 25 96 42 35 76 57 4 41 71 93 75 76 2 23 5 25 36 80
19 88 73 55 40 82 17 69 10 92 94 37 37 99 60 67 27 98 75 47
47 8 93 71 30 53 32 51 12 67 99 82 44 66 90 8 95 55 69 57
84 26 28 66 93 64 39 50 62 24 11 31 34 11 36 77 46 80 26 74
13 42 90 94 36 11 9 51 43 87 97 59 39 35 62 71 92 82 24 38
11 58 94 7 25 61 83 21 49 91 44 78 76 52 15 85 46 33 55 59
19 63 59 15 87 36 69 19 54 31 77 33 62 8 3 29 52 68 98 5
# P_hat : m1 | m2 | m3 | m4 | m5 | m6 | m7 | m8 | m9 | m10 | m11 | m12 | m13 | m14 | m15 | m16 | m17 | m18 | m19 | m20
9.20 19.60 1.40 12.80 2.20 0.60 10.60 13.40 12.60 17.40 7.40 13.80 7.20 14.80 8.00 16.60 9.80 1.60 9.40 17.20
10.40 0.40 0.40 0.40 19.80 0.20 17.40 5.60 18.20 5.80 3.20 18.20 0.60 5.60 12.40 17.40 0.60 2.20 14.80 6.00
15.80 17.00 8.80 3.20 7.40 11.60 17.60 17.60 2.20 0.40 8.40 7.60 11.60 15.60 5.00 7.60 18.80 1.40 5.20 18.40
9.00 8.80 7.60 7.00 10.00 17.00 2.00 4.60 1.20 3.60 9.40 5.00 2.00 8.60 4.80 7.60 15.20 10.80 12.20 18.80
19.40 1.40 4.80 10.60 11.20 6.60 6.40 18.20 6.20 15.00 18.80 17.40 19.60 19.60 6.00 17.20 19.00 14.40 19.00 13.20
2.00 14.60 15.20 8.00 13.80 14.20 7.60 14.20 12.60 7.80 2.80 1.40 1.20 16.60 0.20 13.40 9.60 11.40 11.00 9.40
8.80 3.80 17.00 16.20 4.40 11.60 5.00 0.60 7.20 15.40 18.80 13.20 8.80 18.20 14.60 4.60 0.80 17.00 2.20 0.60
4.80 13.80 12.20 5.20 11.20 11.20 4.80 5.20 7.80 13.80 6.80 10.80 12.40 5.40 5.40 3.80 7.40 4.40 8.40 8.20
17.00 2.40 6.40 17.00 13.40 12.80 18.00 8.20 11.40 3.00 14.40 17.20 4.80 1.20 3.20 19.40 16.40 17.40 14.40 8.20
15.00 14.60 18.00 0.80 12.60 8.60 1.40 19.20 9.40 15.60 7.20 9.80 18.80 16.40 18.20 15.60 11.40 13.00 2.80 9.40
13.20 17.00 12.20 0.80 19.20 9.60 2.20 10.20 11.20 13.60 17.60 0.60 15.80 12.00 6.60 13.20 12.20 4.40 1.60 17.80
9.80 4.60 17.40 2.00 14.80 13.80 9.80 4.80 13.00 7.40 10.20 9.60 18.60 8.80 2.20 13.40 1.20 5.80 19.60 5.60
19.00 10.60 10.20 12.60 0.80 19.20 0.40 4.20 11.80 4.40 8.20 8.80 13.60 8.60 19.80 1.40 19.40 19.80 18.00 7.80
12.20 3.20 5.00 19.20 8.40 7.00 15.20 11.40 0.80 8.20 14.20 18.60 15.00 15.20 0.40 4.60 1.00 5.00 7.20 16.00
3.80 17.60 14.60 11.00 8.00 16.40 3.40 13.80 2.00 18.40 18.80 7.40 7.40 19.80 12.00 13.40 5.40 19.60 15.00 9.40
9.40 1.60 18.60 14.20 6.00 10.60 6.40 10.20 2.40 13.40 19.80 16.40 8.80 13.20 18.00 1.60 19.00 11.00 13.80 11.40
16.80 5.20 5.60 13.20 18.60 12.80 7.80 10.00 12.40 4.80 2.20 6.20 6.80 2.20 7.20 15.40 9.20 16.00 5.20 14.80
2.60 8.40 18.00 18.80 7.20 2.20 1.80 10.20 8.60 17.40 19.40 11.80 7.80 7.00 12.40 14.20 18.40 16.40 4.80 7.60
2.20 11.60 18.80 1.40 5.00 12.20 16.60 4.20 9.80 18.20 8.80 15.60 15.20 10.40 3.00 17.00 9.20 6.60 11.00 11.80
3.80 12.60 11.80 3.00 17.40 7.20 13.80 3.80 10.80 6.20 15.40 6.60 12.40 1.60 0.60 5.80 10.40 13.60 19.60 1.00
