# nJobs | nMachines
50 5
# Job Weights
64
14
7
12
77
79
73
19
8
35
38
94
26
18
1
57
51
84
89
38
49
61
5
92
56
39
15
80
43
14
41
26
66
87
58
13
62
83
22
58
79
98
71
32
12
61
76
34
98
3
# P_bar : m1 | m2 | m3 | m4 | m5
17 33 98 90 75
43 98 90 93 68
13 67 4 35 39
20 81 39 65 71
41 43 79 66 31
94 72 76 10 43
18 32 53 48 5
28 66 77 81 32
8 97 10 27 6
71 36 2 49 56
82 36 97 61 56
42 67 31 73 72
90 1 62 60 23
76 47 28 88 95
62 87 74 42 50
95 12 60 62 53
74 91 53 28 27
80 21 74 55 8
33 6 88 58 18
91 6 11 55 81
35 1 88 90 57
80 38 92 61 54
79 69 7 73 99
68 77 80 3 20
97 3 67 74 10
98 75 27 94 19
3 64 21 30 18
22 53 43 81 53
52 18 59 9 73
80 10 30 87 10
32 97 17 58 74
75 18 4 42 93
78 48 7 59 22
36 70 21 48 75
46 60 83 29 84
16 75 44 83 9
36 94 70 60 27
93 14 30 83 32
39 53 39 76 51
19 90 35 43 83
95 19 8 90 70
91 42 6 14 13
49 86 92 84 1
35 15 39 10 81
93 58 55 15 13
11 7 34 38 98
93 65 98 90 58
6 40 47 80 28
96 51 99 19 3
19 61 16 15 21
# P_hat : m1 | m2 | m3 | m4 | m5
1.70 3.30 9.80 9.00 7.50
4.30 9.80 9.00 9.30 6.80
1.30 6.70 0.40 3.50 3.90
2.00 8.10 3.90 6.50 7.10
4.10 4.30 7.90 6.60 3.10
9.40 7.20 7.60 1.00 4.30
1.80 3.20 5.30 4.80 0.50
2.80 6.60 7.70 8.10 3.20
0.80 9.70 1.00 2.70 0.60
7.10 3.60 0.20 4.90 5.60
8.20 3.60 9.70 6.10 5.60
4.20 6.70 3.10 7.30 7.20
9.00 0.10 6.20 6.00 2.30
7.60 4.70 2.80 8.80 9.50
6.20 8.70 7.40 4.20 5.00
9.50 1.20 6.00 6.20 5.30
7.40 9.10 5.30 2.80 2.70
8.00 2.10 7.40 5.50 0.80
3.30 0.60 8.80 5.80 1.80
9.10 0.60 1.10 5.50 8.10
3.50 0.10 8.80 9.00 5.70
8.00 3.80 9.20 6.10 5.40
7.90 6.90 0.70 7.30 9.90
6.80 7.70 8.00 0.30 2.00
9.70 0.30 6.70 7.40 1.00
9.80 7.50 2.70 9.40 1.90
0.30 6.40 2.10 3.00 1.80
2.20 5.30 4.30 8.10 5.30
5.20 1.80 5.90 0.90 7.30
8.00 1.00 3.00 8.70 1.00
3.20 9.70 1.70 5.80 7.40
7.50 1.80 0.40 4.20 9.30
7.80 4.80 0.70 5.90 2.20
3.60 7.00 2.10 4.80 7.50
4.60 6.00 8.30 2.90 8.40
1.60 7.50 4.40 8.30 0.90
3.60 9.40 7.00 6.00 2.70
9.30 1.40 3.00 8.30 3.20
3.90 5.30 3.90 7.60 5.10
1.90 9.00 3.50 4.30 8.30
9.50 1.90 0.80 9.00 7.00
9.10 4.20 0.60 1.40 1.30
4.90 8.60 9.20 8.40 0.10
3.50 1.50 3.90 1.00 8.10
9.30 5.80 5.50 1.50 1.30
1.10 0.70 3.40 3.80 9.80
9.30 6.50 9.80 9.00 5.80
0.60 4.00 4.70 8.00 2.80
9.60 5.10 9.90 1.90 0.30
1.90 6.10 1.60 1.50 2.10
