# nJobs | nMachines
20 20
# Job Weights
93
14
99
92
47
88
61
46
97
17
88
57
52
27
67
30
32
55
62
78
# P_bar : m1 | m2 | m3 | m4 | m5 | m6 | m7 | m8 | m9 | m10 | m11 | m12 | m13 | m14 | m15 | m16 | m17 | m18 | m19 | m20
94 3 39 1 63 86 44 19 55 67 98 30 21 63 75 20 57 73 71 38
43 18 23 92 96 36 25 82 46 66 79 63 18 20 56 50 28 11 18 4
6 43 28 83 50 19 85 12 68 66 44 88 98 70 87 37 27 38 93 40
47 41 31 43 12 71 86 70 15 32 90 79 59 12 52 68 51 53 74 98
45 83 86 3 15 8 73 6 55 8 22 44 17 1 77 23 42 79 30 22
51 62 19 3 11 77 58 64 74 30 72 54 29 75 78 64 95 40 86 8
73 27 85 51 33 8 95 3 42 92 84 12 42 72 93 15 94 56 50 31
49 75 90 5 7 6 13 4 40 40 42 15 19 79 65 10 35 60 12 41
31 52 77 38 4 40 50 29 88 13 46 3 17 48 21 20 26 25 6 25
58 58 4 37 58 39 39 43 68 79 72 89 49 77 35 15 42 54 80 91
19 18 85 44 27 24 24 40 67 19 98 84 71 16 1 19 31 78 96 95
36 1 81 66 7 82 55 77 67 29 12 23 25 60 15 92 26 78 10 83
54 61 9 31 7 69 58 88 8 27 14 4 22 47 52 63 14 53 95 38
75 67 52 8 54 82 79 74 13 18 6 32 84 67 94 69 75 39 17 93
7 55 67 79 31 39 42 13 74 42 70 60 50 45 10 15 6 50 98 62
5 72 77 42 94 52 98 13 47 86 1 70 46 67 61 94 86 64 29 87
82 16 45 85 25 85 44 17 3 30 41 20 60 35 8 94 32 67 13 27
20 12 7 92 8 48 16 45 95 41 60 43 31 55 79 54 92 15 64 33
31 87 21 89 61 22 13 2 36 27 51 2 64 26 40 45 71 24 56 58
32 21 26 29 51 57 74 22 46 50 82 52 53 32 29 51 63 74 81 26
# P_hat : m1 | m2 | m3 | m4 | m5 | m6 | m7 | m8 | m9 | m10 | m11 | m12 | m13 | m14 | m15 | m16 | m17 | m18 | m19 | m20
28.20 0.90 11.70 0.30 18.90 25.80 13.20 5.70 16.50 20.10 29.40 9.00 6.30 18.90 22.50 6.00 17.10 21.90 21.30 11.40
12.90 5.40 6.90 27.60 28.80 10.80 7.50 24.60 13.80 19.80 23.70 18.90 5.40 6.00 16.80 15.00 8.40 3.30 5.40 1.20
1.80 12.90 8.40 24.90 15.00 5.70 25.50 3.60 20.40 19.80 13.20 26.40 29.40 21.00 26.10 11.10 8.10 11.40 27.90 12.00
14.10 12.30 9.30 12.90 3.60 21.30 25.80 21.00 4.50 9.60 27.00 23.70 17.70 3.60 15.60 20.40 15.30 15.90 22.20 29.40
13.50 24.90 25.80 0.90 4.50 2.40 21.90 1.80 16.50 2.40 6.60 13.20 5.10 0.30 23.10 6.90 12.60 23.70 9.00 6.60
15.30 18.60 5.70 0.90 3.30 23.10 17.40 19.20 22.20 9.00 21.60 16.20 8.70 22.50 23.40 19.20 28.50 12.00 25.80 2.40
21.90 8.10 25.50 15.30 9.90 2.40 28.50 0.90 12.60 27.60 25.20 3.60 12.60 21.60 27.90 4.50 28.20 16.80 15.00 9.30
14.70 22.50 27.00 1.50 2.10 1.80 3.90 1.20 12.00 12.00 12.60 4.50 5.70 23.70 19.50 3.00 10.50 18.00 3.60 12.30
9.30 15.60 23.10 11.40 1.20 12.00 15.00 8.70 26.40 3.90 13.80 0.90 5.10 14.40 6.30 6.00 7.80 7.50 1.80 7.50
17.40 17.40 1.20 11.10 17.40 11.70 11.70 12.90 20.40 23.70 21.60 26.70 14.70 23.10 10.50 4.50 12.60 16.20 24.00 27.30
5.70 5.40 25.50 13.20 8.10 7.20 7.20 12.00 20.10 5.70 29.40 25.20 21.30 4.80 0.30 5.70 9.30 23.40 28.80 28.50
10.80 0.30 24.30 19.80 2.10 24.60 16.50 23.10 20.10 8.70 3.60 6.90 7.50 18.00 4.50 27.60 7.80 23.40 3.00 24.90
16.20 18.30 2.70 9.30 2.10 20.70 17.40 26.40 2.40 8.10 4.20 1.20 6.60 14.10 15.60 18.90 4.20 15.90 28.50 11.40
22.50 20.10 15.60 2.40 16.20 24.60 23.70 22.20 3.90 5.40 1.80 9.60 25.20 20.10 28.20 20.70 22.50 11.70 5.10 27.90
2.10 16.50 20.10 23.70 9.30 11.70 12.60 3.90 22.20 12.60 21.00 18.00 15.00 13.50 3.00 4.50 1.80 15.00 29.40 18.60
1.50 21.60 23.10 12.60 28.20 15.60 29.40 3.90 14.10 25.80 0.30 21.00 13.80 20.10 18.30 28.20 25.80 19.20 8.70 26.10
24.60 4.80 13.50 25.50 7.50 25.50 13.20 5.10 0.90 9.00 12.30 6.00 18.00 10.50 2.40 28.20 9.60 20.10 3.90 8.10
6.00 3.60 2.10 27.60 2.40 14.40 4.80 13.50 28.50 12.30 18.00 12.90 9.30 16.50 23.70 16.20 27.60 4.50 19.20 9.90
9.30 26.10 6.30 26.70 18.30 6.60 3.90 0.60 10.80 8.10 15.30 0.60 19.20 7.80 12.00 13.50 21.30 7.20 16.80 17.40
9.60 6.30 7.80 8.70 15.30 17.10 22.20 6.60 13.80 15.00 24.60 15.60 15.90 9.60 8.70 15.30 18.90 22.20 24.30 7.80
