# nJobs | nMachines
50 20
# Job Weights
88
22
2
44
64
70
99
16
70
55
40
83
63
33
25
98
83
46
52
39
98
77
83
72
57
54
93
91
16
24
40
98
54
80
41
75
95
37
23
58
74
39
91
19
60
37
72
98
69
73
# P_bar : m1 | m2 | m3 | m4 | m5 | m6 | m7 | m8 | m9 | m10 | m11 | m12 | m13 | m14 | m15 | m16 | m17 | m18 | m19 | m20
25 77 2 2 86 68 47 2 91 64 35 76 87 78 30 63 69 62 30 37
14 67 27 8 85 82 44 51 66 49 21 89 61 45 86 18 45 71 63 2
99 89 92 28 80 27 33 72 32 4 89 41 91 82 47 23 63 98 24 36
5 40 7 1 21 7 15 39 65 45 51 75 63 71 86 55 62 10 57 60
68 6 64 17 79 47 31 67 75 21 47 35 65 80 3 25 63 28 8 82
98 5 44 76 59 59 53 57 89 56 64 45 95 67 38 47 19 46 4 50
72 85 84 43 67 96 44 19 82 19 57 68 70 35 82 91 44 8 17 46
39 62 76 79 27 94 8 11 11 75 71 3 60 72 91 8 2 9 97 87
79 19 43 88 29 65 22 18 82 3 48 71 34 92 83 14 14 43 38 27
13 73 18 13 5 19 88 75 33 96 50 94 4 96 59 7 8 74 66 24
24 55 27 3 13 82 30 24 64 97 78 76 39 31 98 37 61 93 35 69
14 24 91 2 8 44 1 96 82 17 43 88 44 24 17 74 79 62 86 91
82 18 23 39 84 33 24 61 53 53 40 1 87 41 54 56 72 99 7 10
90 64 17 39 42 13 81 68 67 38 33 29 50 35 37 88 90 82 85 80
28 41 84 16 15 88 83 1 21 25 59 59 71 79 33 9 2 67 10 74
50 55 90 95 18 93 96 35 24 7 81 21 50 63 34 14 7 45 3 14
75 37 98 40 13 78 10 21 44 25 46 34 82 74 29 64 82 22 59 51
86 44 93 13 18 4 86 9 59 24 35 55 80 58 5 40 9 21 74 40
57 45 96 27 75 57 15 27 39 82 28 85 75 61 88 22 12 97 52 95
4 5 56 73 23 44 98 63 84 53 57 54 30 50 89 10 94 73 78 51
73 26 99 7 5 44 3 52 6 32 14 98 74 44 28 17 68 88 40 54
82 34 78 62 60 42 27 27 83 57 92 2 43 68 23 16 99 51 84 66
22 9 23 35 96 15 92 12 10 83 29 53 48 98 21 1 27 89 39 62
75 65 70 40 32 68 23 70 72 61 40 89 10 87 95 52 85 37 4 25
6 23 96 68 98 95 13 27 96 59 54 56 81 39 62 11 37 58 44 15
32 89 3 95 26 81 82 26 13 4 10 79 53 61 9 10 3 7 62 27
92 86 69 34 67 73 53 11 64 56 22 61 56 96 92 17 5 41 1 89
84 22 68 12 94 26 93 28 42 75 39 54 97 87 98 49 9 2 67 90
54 97 75 60 17 76 31 72 11 16 33 72 76 93 98 60 67 69 12 2
37 59 85 6 90 52 79 96 20 18 92 22 18 87 60 81 17 44 7 4
73 24 45 66 49 27 32 76 18 70 85 97 21 95 14 79 81 19 61 89
16 45 36 74 39 55 27 37 77 88 38 89 33 22 42 71 33 57 95 11
26 70 80 26 97 7 2 9 30 53 44 96 69 89 4 22 85 56 15 34
50 66 56 77 3 85 64 2 35 61 60 73 19 4 78 44 89 75 96 64
36 33 39 20 13 53 57 79 91 37 66 40 50 18 29 27 19 61 67 11
97 86 35 45 52 63 62 50 11 57 57 52 99 77 47 3 93 34 23 36
94 86 8 81 50 98 30 52 27 16 62 63 63 25 13 34 54 89 2 73
57 23 28 34 32 62 79 47 15 72 59 29 37 51 50 20 41 95 74 70
91 7 78 30 16 16 11 37 12 53 10 7 85 2 16 30 16 71 70 85
39 80 29 54 59 71 66 93 15 76 34 66 5 49 4 5 76 57 13 82
16 24 39 12 79 45 86 64 73 75 23 11 59 20 80 42 21 91 90 60
55 96 87 38 8 66 10 68 20 69 82 47 18 41 12 63 11 61 17 19
47 24 75 87 16 60 34 5 56 35 94 11 61 4 31 20 78 24 11 30
33 74 97 63 4 82 97 57 24 35 48 68 68 50 69 43 45 25 22 5
30 62 22 69 7 63 47 37 63 20 85 77 82 50 57 1 85 10 64 20
50 43 61 22 45 54 38 47 35 79 88 29 70 67 77 81 82 8 27 45
87 6 88 81 4 22 29 3 81 22 20 8 24 95 61 83 32 81 13 77
85 83 22 91 94 13 11 51 15 52 32 22 35 41 92 99 48 38 76 31
71 75 7 90 64 74 89 27 48 4 57 13 90 51 84 58 76 99 79 70
2 77 19 47 79 90 51 96 51 97 82 18 94 31 92 69 33 11 81 46
# P_hat : m1 | m2 | m3 | m4 | m5 | m6 | m7 | m8 | m9 | m10 | m11 | m12 | m13 | m14 | m15 | m16 | m17 | m18 | m19 | m20
5.00 15.40 0.40 0.40 17.20 13.60 9.40 0.40 18.20 12.80 7.00 15.20 17.40 15.60 6.00 12.60 13.80 12.40 6.00 7.40
2.80 13.40 5.40 1.60 17.00 16.40 8.80 10.20 13.20 9.80 4.20 17.80 12.20 9.00 17.20 3.60 9.00 14.20 12.60 0.40
19.80 17.80 18.40 5.60 16.00 5.40 6.60 14.40 6.40 0.80 17.80 8.20 18.20 16.40 9.40 4.60 12.60 19.60 4.80 7.20
1.00 8.00 1.40 0.20 4.20 1.40 3.00 7.80 13.00 9.00 10.20 15.00 12.60 14.20 17.20 11.00 12.40 2.00 11.40 12.00
13.60 1.20 12.80 3.40 15.80 9.40 6.20 13.40 15.00 4.20 9.40 7.00 13.00 16.00 0.60 5.00 12.60 5.60 1.60 16.40
19.60 1.00 8.80 15.20 11.80 11.80 10.60 11.40 17.80 11.20 12.80 9.00 19.00 13.40 7.60 9.40 3.80 9.20 0.80 10.00
14.40 17.00 16.80 8.60 13.40 19.20 8.80 3.80 16.40 3.80 11.40 13.60 14.00 7.00 16.40 18.20 8.80 1.60 3.40 9.20
7.80 12.40 15.20 15.80 5.40 18.80 1.60 2.20 2.20 15.00 14.20 0.60 12.00 14.40 18.20 1.60 0.40 1.80 19.40 17.40
15.80 3.80 8.60 17.60 5.80 13.00 4.40 3.60 16.40 0.60 9.60 14.20 6.80 18.40 16.60 2.80 2.80 8.60 7.60 5.40
2.60 14.60 3.60 2.60 1.00 3.80 17.60 15.00 6.60 19.20 10.00 18.80 0.80 19.20 11.80 1.40 1.60 14.80 13.20 4.80
4.80 11.00 5.40 0.60 2.60 16.40 6.00 4.80 12.80 19.40 15.60 15.20 7.80 6.20 19.60 7.40 12.20 18.60 7.00 13.80
2.80 4.80 18.20 0.40 1.60 8.80 0.20 19.20 16.40 3.40 8.60 17.60 8.80 4.80 3.40 14.80 15.80 12.40 17.20 18.20
16.40 3.60 4.60 7.80 16.80 6.60 4.80 12.20 10.60 10.60 8.00 0.20 17.40 8.20 10.80 11.20 14.40 19.80 1.40 2.00
18.00 12.80 3.40 7.80 8.40 2.60 16.20 13.60 13.40 7.60 6.60 5.80 10.00 7.00 7.40 17.60 18.00 16.40 17.00 16.00
5.60 8.20 16.80 3.20 3.00 17.60 16.60 0.20 4.20 5.00 11.80 11.80 14.20 15.80 6.60 1.80 0.40 13.40 2.00 14.80
10.00 11.00 18.00 19.00 3.60 18.60 19.20 7.00 4.80 1.40 16.20 4.20 10.00 12.60 6.80 2.80 1.40 9.00 0.60 2.80
15.00 7.40 19.60 8.00 2.60 15.60 2.00 4.20 8.80 5.00 9.20 6.80 16.40 14.80 5.80 12.80 16.40 4.40 11.80 10.20
17.20 8.80 18.60 2.60 3.60 0.80 17.20 1.80 11.80 4.80 7.00 11.00 16.00 11.60 1.00 8.00 1.80 4.20 14.80 8.00
11.40 9.00 19.20 5.40 15.00 11.40 3.00 5.40 7.80 16.40 5.60 17.00 15.00 12.20 17.60 4.40 2.40 19.40 10.40 19.00
0.80 1.00 11.20 14.60 4.60 8.80 19.60 12.60 16.80 10.60 11.40 10.80 6.00 10.00 17.80 2.00 18.80 14.60 15.60 10.20
14.60 5.20 19.80 1.40 1.00 8.80 0.60 10.40 1.20 6.40 2.80 19.60 14.80 8.80 5.60 3.40 13.60 17.60 8.00 10.80
16.40 6.80 15.60 12.40 12.00 8.40 5.40 5.40 16.60 11.40 18.40 0.40 8.60 13.60 4.60 3.20 19.80 10.20 16.80 13.20
4.40 1.80 4.60 7.00 19.20 3.00 18.40 2.40 2.00 16.60 5.80 10.60 9.60 19.60 4.20 0.20 5.40 17.80 7.80 12.40
15.00 13.00 14.00 8.00 6.40 13.60 4.60 14.00 14.40 12.20 8.00 17.80 2.00 17.40 19.00 10.40 17.00 7.40 0.80 5.00
1.20 4.60 19.20 13.60 19.60 19.00 2.60 5.40 19.20 11.80 10.80 11.20 16.20 7.80 12.40 2.20 7.40 11.60 8.80 3.00
6.40 17.80 0.60 19.00 5.20 16.20 16.40 5.20 2.60 0.80 2.00 15.80 10.60 12.20 1.80 2.00 0.60 1.40 12.40 5.40
18.40 17.20 13.80 6.80 13.40 14.60 10.60 2.20 12.80 11.20 4.40 12.20 11.20 19.20 18.40 3.40 1.00 8.20 0.20 17.80
16.80 4.40 13.60 2.40 18.80 5.20 18.60 5.60 8.40 15.00 7.80 10.80 19.40 17.40 19.60 9.80 1.80 0.40 13.40 18.00
10.80 19.40 15.00 12.00 3.40 15.20 6.20 14.40 2.20 3.20 6.60 14.40 15.20 18.60 19.60 12.00 13.40 13.80 2.40 0.40
7.40 11.80 17.00 1.20 18.00 10.40 15.80 19.20 4.00 3.60 18.40 4.40 3.60 17.40 12.00 16.20 3.40 8.80 1.40 0.80
14.60 4.80 9.00 13.20 9.80 5.40 6.40 15.20 3.60 14.00 17.00 19.40 4.20 19.00 2.80 15.80 16.20 3.80 12.20 17.80
3.20 9.00 7.20 14.80 7.80 11.00 5.40 7.40 15.40 17.60 7.60 17.80 6.60 4.40 8.40 14.20 6.60 11.40 19.00 2.20
5.20 14.00 16.00 5.20 19.40 1.40 0.40 1.80 6.00 10.60 8.80 19.20 13.80 17.80 0.80 4.40 17.00 11.20 3.00 6.80
10.00 13.20 11.20 15.40 0.60 17.00 12.80 0.40 7.00 12.20 12.00 14.60 3.80 0.80 15.60 8.80 17.80 15.00 19.20 12.80
7.20 6.60 7.80 4.00 2.60 10.60 11.40 15.80 18.20 7.40 13.20 8.00 10.00 3.60 5.80 5.40 3.80 12.20 13.40 2.20
19.40 17.20 7.00 9.00 10.40 12.60 12.40 10.00 2.20 11.40 11.40 10.40 19.80 15.40 9.40 0.60 18.60 6.80 4.60 7.20
18.80 17.20 1.60 16.20 10.00 19.60 6.00 10.40 5.40 3.20 12.40 12.60 12.60 5.00 2.60 6.80 10.80 17.80 0.40 14.60
11.40 4.60 5.60 6.80 6.40 12.40 15.80 9.40 3.00 14.40 11.80 5.80 7.40 10.20 10.00 4.00 8.20 19.00 14.80 14.00
18.20 1.40 15.60 6.00 3.20 3.20 2.20 7.40 2.40 10.60 2.00 1.40 17.00 0.40 3.20 6.00 3.20 14.20 14.00 17.00
7.80 16.00 5.80 10.80 11.80 14.20 13.20 18.60 3.00 15.20 6.80 13.20 1.00 9.80 0.80 1.00 15.20 11.40 2.60 16.40
3.20 4.80 7.80 2.40 15.80 9.00 17.20 12.80 14.60 15.00 4.60 2.20 11.80 4.00 16.00 8.40 4.20 18.20 18.00 12.00
11.00 19.20 17.40 7.60 1.60 13.20 2.00 13.60 4.00 13.80 16.40 9.40 3.60 8.20 2.40 12.60 2.20 12.20 3.40 3.80
9.40 4.80 15.00 17.40 3.20 12.00 6.80 1.00 11.20 7.00 18.80 2.20 12.20 0.80 6.20 4.00 15.60 4.80 2.20 6.00
6.60 14.80 19.40 12.60 0.80 16.40 19.40 11.40 4.80 7.00 9.60 13.60 13.60 10.00 13.80 8.60 9.00 5.00 4.40 1.00
6.00 12.40 4.40 13.80 1.40 12.60 9.40 7.40 12.60 4.00 17.00 15.40 16.40 10.00 11.40 0.20 17.00 2.00 12.80 4.00
10.00 8.60 12.20 4.40 9.00 10.80 7.60 9.40 7.00 15.80 17.60 5.80 14.00 13.40 15.40 16.20 16.40 1.60 5.40 9.00
17.40 1.20 17.60 16.20 0.80 4.40 5.80 0.60 16.20 4.40 4.00 1.60 4.80 19.00 12.20 16.60 6.40 16.20 2.60 15.40
17.00 16.60 4.40 18.20 18.80 2.60 2.20 10.20 3.00 10.40 6.40 4.40 7.00 8.20 18.40 19.80 9.60 7.60 15.20 6.20
14.20 15.00 1.40 18.00 12.80 14.80 17.80 5.40 9.60 0.80 11.40 2.60 18.00 10.20 16.80 11.60 15.20 19.80 15.80 14.00
0.40 15.40 3.80 9.40 15.80 18.00 10.20 19.20 10.20 19.40 16.40 3.60 18.80 6.20 18.40 13.80 6.60 2.20 16.20 9.20
