# nJobs | nMachines
20 20
# Job Weights
42
29
3
97
67
65
51
66
13
37
13
8
40
67
31
82
8
82
96
8
# P_bar : m1 | m2 | m3 | m4 | m5 | m6 | m7 | m8 | m9 | m10 | m11 | m12 | m13 | m14 | m15 | m16 | m17 | m18 | m19 | m20
77 52 47 40 72 90 89 91 15 34 87 47 56 68 94 57 57 12 22 99
3 83 86 56 88 70 59 42 91 18 36 40 33 87 36 79 56 72 35 78
60 50 85 42 83 23 43 79 46 67 48 49 58 7 45 74 15 17 89 42
92 2 2 73 38 28 77 6 51 15 1 23 99 21 26 21 51 91 4 88
17 9 43 98 8 50 83 56 64 34 81 3 85 91 4 69 30 75 71 54
38 48 56 74 20 33 36 13 19 64 59 84 64 39 37 39 82 60 43 50
45 68 90 49 33 42 40 66 98 71 57 4 40 25 20 41 92 20 34 54
92 37 41 32 63 69 85 74 34 5 82 40 55 77 55 76 76 23 24 83
20 57 55 48 44 36 60 21 54 82 49 36 58 58 15 84 36 83 39 36
33 19 12 57 43 80 65 7 9 84 12 13 99 96 81 20 5 93 44 41
14 59 99 71 33 37 78 7 10 38 62 90 38 65 82 7 18 41 40 80
39 20 36 65 34 25 44 29 20 91 95 57 39 1 81 40 63 99 97 45
66 25 90 73 82 87 15 23 46 55 9 3 5 83 74 26 82 74 1 14
93 64 12 19 22 41 55 11 4 1 39 3 30 57 68 28 45 54 98 96
37 92 15 12 58 34 49 36 90 4 90 66 2 4 14 93 51 10 61 45
44 6 38 20 78 54 77 50 88 71 41 74 97 36 78 81 16 61 7 65
21 24 19 29 61 51 5 91 71 49 33 28 33 77 93 25 15 40 77 17
77 29 95 39 67 52 72 10 50 31 53 80 75 94 69 82 39 96 95 27
90 6 24 38 43 90 97 81 23 18 67 59 31 11 79 60 72 18 68 77
63 64 98 28 64 22 46 87 50 44 17 39 68 41 63 25 70 85 54 54
# P_hat : m1 | m2 | m3 | m4 | m5 | m6 | m7 | m8 | m9 | m10 | m11 | m12 | m13 | m14 | m15 | m16 | m17 | m18 | m19 | m20
7.70 5.20 4.70 4.00 7.20 9.00 8.90 9.10 1.50 3.40 8.70 4.70 5.60 6.80 9.40 5.70 5.70 1.20 2.20 9.90
0.30 8.30 8.60 5.60 8.80 7.00 5.90 4.20 9.10 1.80 3.60 4.00 3.30 8.70 3.60 7.90 5.60 7.20 3.50 7.80
6.00 5.00 8.50 4.20 8.30 2.30 4.30 7.90 4.60 6.70 4.80 4.90 5.80 0.70 4.50 7.40 1.50 1.70 8.90 4.20
9.20 0.20 0.20 7.30 3.80 2.80 7.70 0.60 5.10 1.50 0.10 2.30 9.90 2.10 2.60 2.10 5.10 9.10 0.40 8.80
1.70 0.90 4.30 9.80 0.80 5.00 8.30 5.60 6.40 3.40 8.10 0.30 8.50 9.10 0.40 6.90 3.00 7.50 7.10 5.40
3.80 4.80 5.60 7.40 2.00 3.30 3.60 1.30 1.90 6.40 5.90 8.40 6.40 3.90 3.70 3.90 8.20 6.00 4.30 5.00
4.50 6.80 9.00 4.90 3.30 4.20 4.00 6.60 9.80 7.10 5.70 0.40 4.00 2.50 2.00 4.10 9.20 2.00 3.40 5.40
9.20 3.70 4.10 3.20 6.30 6.90 8.50 7.40 3.40 0.50 8.20 4.00 5.50 7.70 5.50 7.60 7.60 2.30 2.40 8.30
2.00 5.70 5.50 4.80 4.40 3.60 6.00 2.10 5.40 8.20 4.90 3.60 5.80 5.80 1.50 8.40 3.60 8.30 3.90 3.60
3.30 1.90 1.20 5.70 4.30 8.00 6.50 0.70 0.90 8.40 1.20 1.30 9.90 9.60 8.10 2.00 0.50 9.30 4.40 4.10
1.40 5.90 9.90 7.10 3.30 3.70 7.80 0.70 1.00 3.80 6.20 9.00 3.80 6.50 8.20 0.70 1.80 4.10 4.00 8.00
3.90 2.00 3.60 6.50 3.40 2.50 4.40 2.90 2.00 9.10 9.50 5.70 3.90 0.10 8.10 4.00 6.30 9.90 9.70 4.50
6.60 2.50 9.00 7.30 8.20 8.70 1.50 2.30 4.60 5.50 0.90 0.30 0.50 8.30 7.40 2.60 8.20 7.40 0.10 1.40
9.30 6.40 1.20 1.90 2.20 4.10 5.50 1.10 0.40 0.10 3.90 0.30 3.00 5.70 6.80 2.80 4.50 5.40 9.80 9.60
3.70 9.20 1.50 1.20 5.80 3.40 4.90 3.60 9.00 0.40 9.00 6.60 0.20 0.40 1.40 9.30 5.10 1.00 6.10 4.50
4.40 0.60 3.80 2.00 7.80 5.40 7.70 5.00 8.80 7.10 4.10 7.40 9.70 3.60 7.80 8.10 1.60 6.10 0.70 6.50
2.10 2.40 1.90 2.90 6.10 5.10 0.50 9.10 7.10 4.90 3.30 2.80 3.30 7.70 9.30 2.50 1.50 4.00 7.70 1.70
7.70 2.90 9.50 3.90 6.70 5.20 7.20 1.00 5.00 3.10 5.30 8.00 7.50 9.40 6.90 8.20 3.90 9.60 9.50 2.70
9.00 0.60 2.40 3.80 4.30 9.00 9.70 8.10 2.30 1.80 6.70 5.90 3.10 1.10 7.90 6.00 7.20 1.80 6.80 7.70
6.30 6.40 9.80 2.80 6.40 2.20 4.60 8.70 5.00 4.40 1.70 3.90 6.80 4.10 6.30 2.50 7.00 8.50 5.40 5.40
