# nJobs | nMachines
50 10
# Job Weights
96
99
12
18
82
99
81
12
53
98
100
74
65
56
76
67
37
90
40
78
17
9
66
7
49
68
41
8
2
67
73
98
10
82
12
43
52
56
37
87
75
27
50
30
55
19
59
10
66
70
# P_bar : m1 | m2 | m3 | m4 | m5 | m6 | m7 | m8 | m9 | m10
49 76 60 40 32 17 33 98 90 75
10 91 39 56 5 43 98 90 93 68
30 51 94 89 49 13 67 4 35 39
85 55 82 53 51 20 81 39 65 71
7 32 28 26 33 41 43 79 66 31
23 26 52 38 97 94 72 76 10 43
56 37 87 15 74 18 32 53 48 5
93 21 19 3 48 28 66 77 81 32
5 58 58 75 9 8 97 10 27 6
34 26 52 4 65 71 36 2 49 56
72 19 63 48 38 82 36 97 61 56
78 65 28 86 71 42 67 31 73 72
25 52 44 28 38 90 1 62 60 23
31 36 80 51 76 76 47 28 88 95
73 89 88 62 43 62 87 74 42 50
69 95 21 46 8 95 12 60 62 53
18 51 36 43 66 74 91 53 28 27
15 56 64 1 62 80 21 74 55 8
39 21 75 52 18 33 6 88 58 18
2 35 6 19 13 91 6 11 55 81
55 90 41 85 16 35 1 88 90 57
33 26 4 37 64 80 38 92 61 54
24 83 5 73 18 79 69 7 73 99
19 37 77 25 87 68 77 80 3 20
19 59 75 35 86 97 3 67 74 10
97 3 91 79 29 98 75 27 94 19
98 44 88 88 9 3 64 21 30 18
49 42 22 29 96 22 53 43 81 53
95 57 8 7 40 52 18 59 9 73
71 45 97 18 78 80 10 30 87 10
2 36 58 26 78 32 97 17 58 74
55 90 72 63 63 75 18 4 42 93
37 71 45 41 13 78 48 7 59 22
73 37 55 20 47 36 70 21 48 75
91 69 12 97 31 46 60 83 29 84
58 27 35 80 97 16 75 44 83 9
33 13 95 15 5 36 94 70 60 27
78 16 95 47 86 93 14 30 83 32
60 32 56 29 51 39 53 39 76 51
53 53 53 46 46 19 90 35 43 83
38 59 48 78 56 95 19 8 90 70
53 8 61 16 69 91 42 6 14 13
90 98 46 67 50 49 86 92 84 1
30 65 29 44 27 35 15 39 10 81
14 50 85 23 60 93 58 55 15 13
53 85 1 47 48 11 7 34 38 98
87 78 75 98 74 93 65 98 90 58
51 38 25 97 91 6 40 47 80 28
25 55 39 49 92 96 51 99 19 3
50 89 92 65 80 19 61 16 15 21
# P_hat : m1 | m2 | m3 | m4 | m5 | m6 | m7 | m8 | m9 | m10
14.70 22.80 18.00 12.00 9.60 5.10 9.90 29.40 27.00 22.50
3.00 27.30 11.70 16.80 1.50 12.90 29.40 27.00 27.90 20.40
9.00 15.30 28.20 26.70 14.70 3.90 20.10 1.20 10.50 11.70
25.50 16.50 24.60 15.90 15.30 6.00 24.30 11.70 19.50 21.30
2.10 9.60 8.40 7.80 9.90 12.30 12.90 23.70 19.80 9.30
6.90 7.80 15.60 11.40 29.10 28.20 21.60 22.80 3.00 12.90
16.80 11.10 26.10 4.50 22.20 5.40 9.60 15.90 14.40 1.50
27.90 6.30 5.70 0.90 14.40 8.40 19.80 23.10 24.30 9.60
1.50 17.40 17.40 22.50 2.70 2.40 29.10 3.00 8.10 1.80
10.20 7.80 15.60 1.20 19.50 21.30 10.80 0.60 14.70 16.80
21.60 5.70 18.90 14.40 11.40 24.60 10.80 29.10 18.30 16.80
23.40 19.50 8.40 25.80 21.30 12.60 20.10 9.30 21.90 21.60
7.50 15.60 13.20 8.40 11.40 27.00 0.30 18.60 18.00 6.90
9.30 10.80 24.00 15.30 22.80 22.80 14.10 8.40 26.40 28.50
21.90 26.70 26.40 18.60 12.90 18.60 26.10 22.20 12.60 15.00
20.70 28.50 6.30 13.80 2.40 28.50 3.60 18.00 18.60 15.90
5.40 15.30 10.80 12.90 19.80 22.20 27.30 15.90 8.40 8.10
4.50 16.80 19.20 0.30 18.60 24.00 6.30 22.20 16.50 2.40
11.70 6.30 22.50 15.60 5.40 9.90 1.80 26.40 17.40 5.40
0.60 10.50 1.80 5.70 3.90 27.30 1.80 3.30 16.50 24.30
16.50 27.00 12.30 25.50 4.80 10.50 0.30 26.40 27.00 17.10
9.90 7.80 1.20 11.10 19.20 24.00 11.40 27.60 18.30 16.20
7.20 24.90 1.50 21.90 5.40 23.70 20.70 2.10 21.90 29.70
5.70 11.10 23.10 7.50 26.10 20.40 23.10 24.00 0.90 6.00
5.70 17.70 22.50 10.50 25.80 29.10 0.90 20.10 22.20 3.00
29.10 0.90 27.30 23.70 8.70 29.40 22.50 8.10 28.20 5.70
29.40 13.20 26.40 26.40 2.70 0.90 19.20 6.30 9.00 5.40
14.70 12.60 6.60 8.70 28.80 6.60 15.90 12.90 24.30 15.90
28.50 17.10 2.40 2.10 12.00 15.60 5.40 17.70 2.70 21.90
21.30 13.50 29.10 5.40 23.40 24.00 3.00 9.00 26.10 3.00
0.60 10.80 17.40 7.80 23.40 9.60 29.10 5.10 17.40 22.20
16.50 27.00 21.60 18.90 18.90 22.50 5.40 1.20 12.60 27.90
11.10 21.30 13.50 12.30 3.90 23.40 14.40 2.10 17.70 6.60
21.90 11.10 16.50 6.00 14.10 10.80 21.00 6.30 14.40 22.50
27.30 20.70 3.60 29.10 9.30 13.80 18.00 24.90 8.70 25.20
17.40 8.10 10.50 24.00 29.10 4.80 22.50 13.20 24.90 2.70
9.90 3.90 28.50 4.50 1.50 10.80 28.20 21.00 18.00 8.10
23.40 4.80 28.50 14.10 25.80 27.90 4.20 9.00 24.90 9.60
18.00 9.60 16.80 8.70 15.30 11.70 15.90 11.70 22.80 15.30
15.90 15.90 15.90 13.80 13.80 5.70 27.00 10.50 12.90 24.90
11.40 17.70 14.40 23.40 16.80 28.50 5.70 2.40 27.00 21.00
15.90 2.40 18.30 4.80 20.70 27.30 12.60 1.80 4.20 3.90
27.00 29.40 13.80 20.10 15.00 14.70 25.80 27.60 25.20 0.30
9.00 19.50 8.70 13.20 8.10 10.50 4.50 11.70 3.00 24.30
4.20 15.00 25.50 6.90 18.00 27.90 17.40 16.50 4.50 3.90
15.90 25.50 0.30 14.10 14.40 3.30 2.10 10.20 11.40 29.40
26.10 23.40 22.50 29.40 22.20 27.90 19.50 29.40 27.00 17.40
15.30 11.40 7.50 29.10 27.30 1.80 12.00 14.10 24.00 8.40
7.50 16.50 11.70 14.70 27.60 28.80 15.30 29.70 5.70 0.90
15.00 26.70 27.60 19.50 24.00 5.70 18.30 4.80 4.50 6.30
