# nJobs | nMachines
100 5
# Job Weights
46
2
96
34
22
11
16
76
33
77
86
70
53
49
11
26
49
52
10
1
17
6
73
84
34
49
15
100
63
57
13
86
82
97
37
97
55
13
39
35
79
57
49
35
21
29
9
66
36
91
78
29
46
56
81
20
39
83
10
10
5
37
24
6
9
95
22
63
16
88
45
27
67
24
21
39
55
99
58
42
81
51
69
28
3
76
75
58
16
82
72
28
68
36
74
69
15
17
47
71
# P_bar : m1 | m2 | m3 | m4 | m5
7 62 29 10 30
41 67 39 54 10
6 30 31 89 54
14 5 3 9 3
62 26 50 52 63
1 57 37 47 63
40 28 85 5 90
16 5 70 39 60
76 41 22 31 88
75 81 35 93 36
80 44 59 56 92
73 93 61 44 1
73 45 65 60 90
38 20 88 79 23
66 50 28 91 49
64 55 35 17 96
5 87 69 23 95
47 90 22 76 46
26 36 89 46 23
54 15 21 30 91
48 14 25 43 50
54 24 66 54 82
76 42 88 44 13
1 53 90 84 77
57 92 55 56 51
89 39 65 9 4
39 55 58 25 32
20 77 55 56 90
16 40 2 15 4
40 66 92 27 73
5 42 72 98 21
94 19 22 81 10
53 54 6 99 58
12 79 26 77 54
64 64 65 72 76
83 66 36 5 12
22 71 14 21 89
78 89 97 8 23
20 72 75 11 7
93 13 13 73 89
89 67 81 34 97
41 72 27 17 70
77 46 85 80 67
81 69 16 1 81
57 82 12 42 91
95 94 29 3 51
12 26 21 59 47
83 50 63 32 73
31 11 23 49 76
19 58 74 12 74
66 11 25 26 13
73 89 92 61 11
79 23 73 15 5
21 29 5 20 28
91 53 73 24 56
48 42 1 77 37
17 37 36 40 3
76 96 7 75 15
59 58 11 83 95
79 41 95 50 94
12 6 24 82 25
88 49 59 91 56
91 34 71 78 79
60 86 71 88 5
8 77 69 16 33
95 92 67 60 45
59 98 28 23 42
41 65 55 18 74
56 1 66 29 9
20 18 48 45 31
70 70 46 26 42
16 27 39 66 45
4 46 6 73 72
13 95 20 90 87
40 70 72 91 37
64 12 70 68 19
88 41 61 15 10
92 4 83 26 25
95 44 79 11 38
14 32 82 22 59
16 70 62 62 58
2 27 91 96 96
21 22 8 52 36
97 57 88 72 86
59 31 25 17 93
87 20 9 48 38
70 86 34 49 47
11 30 20 99 73
98 27 93 80 18
75 47 7 30 10
28 90 13 6 71
51 47 11 33 30
27 41 57 89 99
58 47 27 12 82
19 29 7 80 11
64 12 44 94 45
5 14 99 52 79
82 1 51 41 67
12 42 88 49 35
55 67 17 93 23
# P_hat : m1 | m2 | m3 | m4 | m5
2.10 18.60 8.70 3.00 9.00
12.30 20.10 11.70 16.20 3.00
1.80 9.00 9.30 26.70 16.20
4.20 1.50 0.90 2.70 0.90
18.60 7.80 15.00 15.60 18.90
0.30 17.10 11.10 14.10 18.90
12.00 8.40 25.50 1.50 27.00
4.80 1.50 21.00 11.70 18.00
22.80 12.30 6.60 9.30 26.40
22.50 24.30 10.50 27.90 10.80
24.00 13.20 17.70 16.80 27.60
21.90 27.90 18.30 13.20 0.30
21.90 13.50 19.50 18.00 27.00
11.40 6.00 26.40 23.70 6.90
19.80 15.00 8.40 27.30 14.70
19.20 16.50 10.50 5.10 28.80
1.50 26.10 20.70 6.90 28.50
14.10 27.00 6.60 22.80 13.80
7.80 10.80 26.70 13.80 6.90
16.20 4.50 6.30 9.00 27.30
14.40 4.20 7.50 12.90 15.00
16.20 7.20 19.80 16.20 24.60
22.80 12.60 26.40 13.20 3.90
0.30 15.90 27.00 25.20 23.10
17.10 27.60 16.50 16.80 15.30
26.70 11.70 19.50 2.70 1.20
11.70 16.50 17.40 7.50 9.60
6.00 23.10 16.50 16.80 27.00
4.80 12.00 0.60 4.50 1.20
12.00 19.80 27.60 8.10 21.90
1.50 12.60 21.60 29.40 6.30
28.20 5.70 6.60 24.30 3.00
15.90 16.20 1.80 29.70 17.40
3.60 23.70 7.80 23.10 16.20
19.20 19.20 19.50 21.60 22.80
24.90 19.80 10.80 1.50 3.60
6.60 21.30 4.20 6.30 26.70
23.40 26.70 29.10 2.40 6.90
6.00 21.60 22.50 3.30 2.10
27.90 3.90 3.90 21.90 26.70
26.70 20.10 24.30 10.20 29.10
12.30 21.60 8.10 5.10 21.00
23.10 13.80 25.50 24.00 20.10
24.30 20.70 4.80 0.30 24.30
17.10 24.60 3.60 12.60 27.30
28.50 28.20 8.70 0.90 15.30
3.60 7.80 6.30 17.70 14.10
24.90 15.00 18.90 9.60 21.90
9.30 3.30 6.90 14.70 22.80
5.70 17.40 22.20 3.60 22.20
19.80 3.30 7.50 7.80 3.90
21.90 26.70 27.60 18.30 3.30
23.70 6.90 21.90 4.50 1.50
6.30 8.70 1.50 6.00 8.40
27.30 15.90 21.90 7.20 16.80
14.40 12.60 0.30 23.10 11.10
5.10 11.10 10.80 12.00 0.90
22.80 28.80 2.10 22.50 4.50
17.70 17.40 3.30 24.90 28.50
23.70 12.30 28.50 15.00 28.20
3.60 1.80 7.20 24.60 7.50
26.40 14.70 17.70 27.30 16.80
27.30 10.20 21.30 23.40 23.70
18.00 25.80 21.30 26.40 1.50
2.40 23.10 20.70 4.80 9.90
28.50 27.60 20.10 18.00 13.50
17.70 29.40 8.40 6.90 12.60
12.30 19.50 16.50 5.40 22.20
16.80 0.30 19.80 8.70 2.70
6.00 5.40 14.40 13.50 9.30
21.00 21.00 13.80 7.80 12.60
4.80 8.10 11.70 19.80 13.50
1.20 13.80 1.80 21.90 21.60
3.90 28.50 6.00 27.00 26.10
12.00 21.00 21.60 27.30 11.10
19.20 3.60 21.00 20.40 5.70
26.40 12.30 18.30 4.50 3.00
27.60 1.20 24.90 7.80 7.50
28.50 13.20 23.70 3.30 11.40
4.20 9.60 24.60 6.60 17.70
4.80 21.00 18.60 18.60 17.40
0.60 8.10 27.30 28.80 28.80
6.30 6.60 2.40 15.60 10.80
29.10 17.10 26.40 21.60 25.80
17.70 9.30 7.50 5.10 27.90
26.10 6.00 2.70 14.40 11.40
21.00 25.80 10.20 14.70 14.10
3.30 9.00 6.00 29.70 21.90
29.40 8.10 27.90 24.00 5.40
22.50 14.10 2.10 9.00 3.00
8.40 27.00 3.90 1.80 21.30
15.30 14.10 3.30 9.90 9.00
8.10 12.30 17.10 26.70 29.70
17.40 14.10 8.10 3.60 24.60
5.70 8.70 2.10 24.00 3.30
19.20 3.60 13.20 28.20 13.50
1.50 4.20 29.70 15.60 23.70
24.60 0.30 15.30 12.30 20.10
3.60 12.60 26.40 14.70 10.50
16.50 20.10 5.10 27.90 6.90
