# nJobs | nMachines
50 5
# Job Weights
16
18
50
70
67
70
73
76
18
73
98
2
70
94
80
71
83
98
76
90
35
54
48
3
78
21
4
72
40
69
93
62
88
68
58
22
39
83
31
74
97
44
11
56
30
24
47
28
31
79
# P_bar : m1 | m2 | m3 | m4 | m5
75 26 48 26 77
87 37 4 67 94
13 25 92 4 9
11 95 92 14 57
41 49 72 93 29
43 12 45 54 79
93 59 5 21 55
69 17 98 20 73
80 46 93 6 65
13 20 17 18 86
24 52 79 75 25
72 44 11 25 39
38 92 16 16 76
81 75 89 77 24
83 95 81 28 38
88 33 92 24 5
26 10 45 15 91
6 45 61 77 29
89 2 39 36 22
67 62 28 16 27
70 62 94 32 39
30 82 87 46 31
89 29 23 21 46
30 29 1 81 18
68 94 55 28 93
21 20 91 70 58
78 42 67 89 85
46 80 91 54 58
99 94 4 96 97
10 35 60 62 10
17 8 38 46 79
23 41 25 60 93
83 65 90 19 2
47 4 93 97 87
86 71 13 13 17
18 30 65 7 18
67 14 25 44 10
46 32 34 7 50
4 50 47 73 8
14 30 98 15 26
4 27 91 66 14
20 98 11 70 21
88 39 46 97 15
50 84 50 33 10
84 65 77 97 85
58 12 5 64 46
93 58 14 73 42
76 45 47 28 18
50 49 80 4 36
30 15 45 87 2
# P_hat : m1 | m2 | m3 | m4 | m5
37.50 13.00 24.00 13.00 38.50
43.50 18.50 2.00 33.50 47.00
6.50 12.50 46.00 2.00 4.50
5.50 47.50 46.00 7.00 28.50
20.50 24.50 36.00 46.50 14.50
21.50 6.00 22.50 27.00 39.50
46.50 29.50 2.50 10.50 27.50
34.50 8.50 49.00 10.00 36.50
40.00 23.00 46.50 3.00 32.50
6.50 10.00 8.50 9.00 43.00
12.00 26.00 39.50 37.50 12.50
36.00 22.00 5.50 12.50 19.50
19.00 46.00 8.00 8.00 38.00
40.50 37.50 44.50 38.50 12.00
41.50 47.50 40.50 14.00 19.00
44.00 16.50 46.00 12.00 2.50
13.00 5.00 22.50 7.50 45.50
3.00 22.50 30.50 38.50 14.50
44.50 1.00 19.50 18.00 11.00
33.50 31.00 14.00 8.00 13.50
35.00 31.00 47.00 16.00 19.50
15.00 41.00 43.50 23.00 15.50
44.50 14.50 11.50 10.50 23.00
15.00 14.50 0.50 40.50 9.00
34.00 47.00 27.50 14.00 46.50
10.50 10.00 45.50 35.00 29.00
39.00 21.00 33.50 44.50 42.50
23.00 40.00 45.50 27.00 29.00
49.50 47.00 2.00 48.00 48.50
5.00 17.50 30.00 31.00 5.00
8.50 4.00 19.00 23.00 39.50
11.50 20.50 12.50 30.00 46.50
41.50 32.50 45.00 9.50 1.00
23.50 2.00 46.50 48.50 43.50
43.00 35.50 6.50 6.50 8.50
9.00 15.00 32.50 3.50 9.00
33.50 7.00 12.50 22.00 5.00
23.00 16.00 17.00 3.50 25.00
2.00 25.00 23.50 36.50 4.00
7.00 15.00 49.00 7.50 13.00
2.00 13.50 45.50 33.00 7.00
10.00 49.00 5.50 35.00 10.50
44.00 19.50 23.00 48.50 7.50
25.00 42.00 25.00 16.50 5.00
42.00 32.50 38.50 48.50 42.50
29.00 6.00 2.50 32.00 23.00
46.50 29.00 7.00 36.50 21.00
38.00 22.50 23.50 14.00 9.00
25.00 24.50 40.00 2.00 18.00
15.00 7.50 22.50 43.50 1.00
