# nJobs | nMachines
20 5
# Job Weights
40
61
100
42
70
23
72
54
94
86
52
42
8
93
10
1
72
97
64
24
# P_bar : m1 | m2 | m3 | m4 | m5
27 79 22 93 38
92 23 93 22 84
75 66 62 64 62
94 5 53 81 10
18 15 30 94 11
41 51 34 97 93
37 2 27 54 57
58 81 30 82 81
56 12 54 11 10
20 40 77 91 40
2 59 24 23 62
39 32 47 32 49
91 16 39 26 90
81 87 66 22 34
33 78 41 12 11
14 41 46 23 81
88 43 24 34 51
22 94 23 87 21
36 1 68 59 39
65 93 50 2 27
# P_hat : m1 | m2 | m3 | m4 | m5
8.10 23.70 6.60 27.90 11.40
27.60 6.90 27.90 6.60 25.20
22.50 19.80 18.60 19.20 18.60
28.20 1.50 15.90 24.30 3.00
5.40 4.50 9.00 28.20 3.30
12.30 15.30 10.20 29.10 27.90
11.10 0.60 8.10 16.20 17.10
17.40 24.30 9.00 24.60 24.30
16.80 3.60 16.20 3.30 3.00
6.00 12.00 23.10 27.30 12.00
0.60 17.70 7.20 6.90 18.60
11.70 9.60 14.10 9.60 14.70
27.30 4.80 11.70 7.80 27.00
24.30 26.10 19.80 6.60 10.20
9.90 23.40 12.30 3.60 3.30
4.20 12.30 13.80 6.90 24.30
26.40 12.90 7.20 10.20 15.30
6.60 28.20 6.90 26.10 6.30
10.80 0.30 20.40 17.70 11.70
19.50 27.90 15.00 0.60 8.10
