# nJobs | nMachines
50 5
# Job Weights
51
31
41
26
89
93
35
47
99
14
11
81
33
9
30
79
1
92
90
100
29
21
81
54
86
89
85
16
23
89
70
7
15
68
16
52
42
91
15
74
98
72
45
11
66
11
4
92
68
13
# P_bar : m1 | m2 | m3 | m4 | m5
82 6 49 57 34
73 49 25 88 31
84 84 46 88 15
63 72 37 43 32
14 39 56 25 45
73 51 50 81 50
84 77 9 3 81
9 59 62 3 46
38 97 10 78 93
67 5 89 97 13
76 83 66 74 47
18 51 98 71 50
70 9 10 50 70
69 9 70 70 21
4 59 92 23 41
58 30 36 43 12
66 86 82 51 18
11 49 54 97 28
1 46 34 57 22
51 13 34 77 60
38 45 5 90 69
16 51 12 58 49
81 68 3 75 38
39 82 56 4 80
56 6 44 12 52
83 99 41 2 45
27 12 14 4 34
29 8 25 28 3
93 36 78 54 61
70 24 25 39 96
64 82 89 30 99
22 73 83 71 49
84 66 78 89 78
25 69 23 33 34
73 71 51 85 78
81 70 7 2 79
10 61 20 69 64
46 42 30 20 55
32 77 30 64 63
38 10 30 94 24
68 2 63 3 58
40 6 82 41 25
33 24 40 37 93
79 97 39 36 73
64 15 37 74 45
36 91 44 53 93
62 32 2 49 37
82 68 27 77 64
44 17 71 13 92
99 1 45 37 59
# P_hat : m1 | m2 | m3 | m4 | m5
41.00 3.00 24.50 28.50 17.00
36.50 24.50 12.50 44.00 15.50
42.00 42.00 23.00 44.00 7.50
31.50 36.00 18.50 21.50 16.00
7.00 19.50 28.00 12.50 22.50
36.50 25.50 25.00 40.50 25.00
42.00 38.50 4.50 1.50 40.50
4.50 29.50 31.00 1.50 23.00
19.00 48.50 5.00 39.00 46.50
33.50 2.50 44.50 48.50 6.50
38.00 41.50 33.00 37.00 23.50
9.00 25.50 49.00 35.50 25.00
35.00 4.50 5.00 25.00 35.00
34.50 4.50 35.00 35.00 10.50
2.00 29.50 46.00 11.50 20.50
29.00 15.00 18.00 21.50 6.00
33.00 43.00 41.00 25.50 9.00
5.50 24.50 27.00 48.50 14.00
0.50 23.00 17.00 28.50 11.00
25.50 6.50 17.00 38.50 30.00
19.00 22.50 2.50 45.00 34.50
8.00 25.50 6.00 29.00 24.50
40.50 34.00 1.50 37.50 19.00
19.50 41.00 28.00 2.00 40.00
28.00 3.00 22.00 6.00 26.00
41.50 49.50 20.50 1.00 22.50
13.50 6.00 7.00 2.00 17.00
14.50 4.00 12.50 14.00 1.50
46.50 18.00 39.00 27.00 30.50
35.00 12.00 12.50 19.50 48.00
32.00 41.00 44.50 15.00 49.50
11.00 36.50 41.50 35.50 24.50
42.00 33.00 39.00 44.50 39.00
12.50 34.50 11.50 16.50 17.00
36.50 35.50 25.50 42.50 39.00
40.50 35.00 3.50 1.00 39.50
5.00 30.50 10.00 34.50 32.00
23.00 21.00 15.00 10.00 27.50
16.00 38.50 15.00 32.00 31.50
19.00 5.00 15.00 47.00 12.00
34.00 1.00 31.50 1.50 29.00
20.00 3.00 41.00 20.50 12.50
16.50 12.00 20.00 18.50 46.50
39.50 48.50 19.50 18.00 36.50
32.00 7.50 18.50 37.00 22.50
18.00 45.50 22.00 26.50 46.50
31.00 16.00 1.00 24.50 18.50
41.00 34.00 13.50 38.50 32.00
22.00 8.50 35.50 6.50 46.00
49.50 0.50 22.50 18.50 29.50
