# nJobs | nMachines
20 20
# Job Weights
43
10
13
40
7
59
52
24
95
99
97
72
5
2
24
21
74
20
37
60
# P_bar : m1 | m2 | m3 | m4 | m5 | m6 | m7 | m8 | m9 | m10 | m11 | m12 | m13 | m14 | m15 | m16 | m17 | m18 | m19 | m20
66 21 45 56 49 39 13 34 22 53 40 17 72 50 99 50 26 99 61 1
41 63 2 14 44 12 36 18 56 71 62 92 33 82 53 4 50 48 55 54
74 45 39 88 76 45 6 4 63 98 8 90 71 16 52 20 4 41 2 94
62 70 4 41 88 34 22 65 56 99 13 58 68 17 9 19 8 40 55 63
70 41 46 4 45 11 44 58 79 54 87 19 94 68 8 58 60 76 78 91
30 6 11 52 52 71 65 35 82 20 40 97 82 65 50 22 60 89 27 27
66 70 66 17 31 53 87 86 92 62 27 80 46 92 62 56 80 42 13 55
11 33 59 95 66 28 50 34 19 18 44 28 78 37 14 92 38 90 20 74
51 97 28 15 17 93 96 49 45 81 41 67 37 47 21 59 51 61 38 77
43 32 74 85 68 61 51 88 32 60 70 59 69 70 88 34 25 25 75 77
32 28 93 12 99 61 48 42 11 1 10 9 7 66 7 17 97 27 23 81
23 54 95 11 78 78 89 79 59 93 94 92 34 30 85 39 73 60 61 29
20 63 48 24 87 13 69 25 22 8 25 7 69 7 62 59 46 79 37 91
1 16 71 71 45 49 83 18 14 92 10 19 18 37 10 7 82 50 43 20
54 12 30 46 78 15 22 75 88 60 36 82 98 5 61 59 92 15 69 99
55 2 22 59 51 31 26 45 82 87 87 60 8 52 92 2 42 65 2 27
65 50 3 16 87 93 29 54 82 11 37 60 58 86 47 70 65 80 44 30
22 48 22 33 4 83 67 19 71 24 86 58 86 36 77 72 12 67 25 85
99 34 82 53 45 20 70 80 8 11 76 74 77 29 37 90 34 70 12 5
97 75 35 22 9 1 59 15 13 98 70 70 50 4 96 56 23 94 31 4
# P_hat : m1 | m2 | m3 | m4 | m5 | m6 | m7 | m8 | m9 | m10 | m11 | m12 | m13 | m14 | m15 | m16 | m17 | m18 | m19 | m20
13.20 4.20 9.00 11.20 9.80 7.80 2.60 6.80 4.40 10.60 8.00 3.40 14.40 10.00 19.80 10.00 5.20 19.80 12.20 0.20
8.20 12.60 0.40 2.80 8.80 2.40 7.20 3.60 11.20 14.20 12.40 18.40 6.60 16.40 10.60 0.80 10.00 9.60 11.00 10.80
14.80 9.00 7.80 17.60 15.20 9.00 1.20 0.80 12.60 19.60 1.60 18.00 14.20 3.20 10.40 4.00 0.80 8.20 0.40 18.80
12.40 14.00 0.80 8.20 17.60 6.80 4.40 13.00 11.20 19.80 2.60 11.60 13.60 3.40 1.80 3.80 1.60 8.00 11.00 12.60
14.00 8.20 9.20 0.80 9.00 2.20 8.80 11.60 15.80 10.80 17.40 3.80 18.80 13.60 1.60 11.60 12.00 15.20 15.60 18.20
6.00 1.20 2.20 10.40 10.40 14.20 13.00 7.00 16.40 4.00 8.00 19.40 16.40 13.00 10.00 4.40 12.00 17.80 5.40 5.40
13.20 14.00 13.20 3.40 6.20 10.60 17.40 17.20 18.40 12.40 5.40 16.00 9.20 18.40 12.40 11.20 16.00 8.40 2.60 11.00
2.20 6.60 11.80 19.00 13.20 5.60 10.00 6.80 3.80 3.60 8.80 5.60 15.60 7.40 2.80 18.40 7.60 18.00 4.00 14.80
10.20 19.40 5.60 3.00 3.40 18.60 19.20 9.80 9.00 16.20 8.20 13.40 7.40 9.40 4.20 11.80 10.20 12.20 7.60 15.40
8.60 6.40 14.80 17.00 13.60 12.20 10.20 17.60 6.40 12.00 14.00 11.80 13.80 14.00 17.60 6.80 5.00 5.00 15.00 15.40
6.40 5.60 18.60 2.40 19.80 12.20 9.60 8.40 2.20 0.20 2.00 1.80 1.40 13.20 1.40 3.40 19.40 5.40 4.60 16.20
4.60 10.80 19.00 2.20 15.60 15.60 17.80 15.80 11.80 18.60 18.80 18.40 6.80 6.00 17.00 7.80 14.60 12.00 12.20 5.80
4.00 12.60 9.60 4.80 17.40 2.60 13.80 5.00 4.40 1.60 5.00 1.40 13.80 1.40 12.40 11.80 9.20 15.80 7.40 18.20
0.20 3.20 14.20 14.20 9.00 9.80 16.60 3.60 2.80 18.40 2.00 3.80 3.60 7.40 2.00 1.40 16.40 10.00 8.60 4.00
10.80 2.40 6.00 9.20 15.60 3.00 4.40 15.00 17.60 12.00 7.20 16.40 19.60 1.00 12.20 11.80 18.40 3.00 13.80 19.80
11.00 0.40 4.40 11.80 10.20 6.20 5.20 9.00 16.40 17.40 17.40 12.00 1.60 10.40 18.40 0.40 8.40 13.00 0.40 5.40
13.00 10.00 0.60 3.20 17.40 18.60 5.80 10.80 16.40 2.20 7.40 12.00 11.60 17.20 9.40 14.00 13.00 16.00 8.80 6.00
4.40 9.60 4.40 6.60 0.80 16.60 13.40 3.80 14.20 4.80 17.20 11.60 17.20 7.20 15.40 14.40 2.40 13.40 5.00 17.00
19.80 6.80 16.40 10.60 9.00 4.00 14.00 16.00 1.60 2.20 15.20 14.80 15.40 5.80 7.40 18.00 6.80 14.00 2.40 1.00
19.40 15.00 7.00 4.40 1.80 0.20 11.80 3.00 2.60 19.60 14.00 14.00 10.00 0.80 19.20 11.20 4.60 18.80 6.20 0.80
