# nJobs | nMachines
20 10
# Job Weights
81
27
43
76
66
7
59
82
14
53
40
30
28
55
34
54
29
82
100
72
# P_bar : m1 | m2 | m3 | m4 | m5 | m6 | m7 | m8 | m9 | m10
80 59 59 31 30 53 93 90 65 64
13 83 70 64 88 19 79 92 97 38
64 85 76 11 14 99 88 35 27 44
77 85 10 9 22 62 77 13 25 46
17 70 65 32 93 88 94 75 61 66
78 35 19 58 48 93 39 55 24 31
82 2 77 98 10 34 74 80 97 48
4 76 86 95 7 72 46 67 61 27
72 46 21 25 14 42 17 3 75 82
93 72 75 4 91 65 30 93 92 51
68 69 96 45 5 39 62 54 73 90
25 46 3 60 43 79 77 67 21 63
67 3 50 87 30 9 43 25 29 85
80 57 57 31 79 26 98 77 3 36
43 71 66 1 39 72 48 38 96 69
93 77 84 96 34 29 14 98 51 67
21 33 98 22 77 36 45 96 26 81
33 49 55 95 81 48 25 20 44 18
14 59 70 73 11 57 98 15 56 81
30 82 32 77 10 95 30 36 31 72
# P_hat : m1 | m2 | m3 | m4 | m5 | m6 | m7 | m8 | m9 | m10
16.00 11.80 11.80 6.20 6.00 10.60 18.60 18.00 13.00 12.80
2.60 16.60 14.00 12.80 17.60 3.80 15.80 18.40 19.40 7.60
12.80 17.00 15.20 2.20 2.80 19.80 17.60 7.00 5.40 8.80
15.40 17.00 2.00 1.80 4.40 12.40 15.40 2.60 5.00 9.20
3.40 14.00 13.00 6.40 18.60 17.60 18.80 15.00 12.20 13.20
15.60 7.00 3.80 11.60 9.60 18.60 7.80 11.00 4.80 6.20
16.40 0.40 15.40 19.60 2.00 6.80 14.80 16.00 19.40 9.60
0.80 15.20 17.20 19.00 1.40 14.40 9.20 13.40 12.20 5.40
14.40 9.20 4.20 5.00 2.80 8.40 3.40 0.60 15.00 16.40
18.60 14.40 15.00 0.80 18.20 13.00 6.00 18.60 18.40 10.20
13.60 13.80 19.20 9.00 1.00 7.80 12.40 10.80 14.60 18.00
5.00 9.20 0.60 12.00 8.60 15.80 15.40 13.40 4.20 12.60
13.40 0.60 10.00 17.40 6.00 1.80 8.60 5.00 5.80 17.00
16.00 11.40 11.40 6.20 15.80 5.20 19.60 15.40 0.60 7.20
8.60 14.20 13.20 0.20 7.80 14.40 9.60 7.60 19.20 13.80
18.60 15.40 16.80 19.20 6.80 5.80 2.80 19.60 10.20 13.40
4.20 6.60 19.60 4.40 15.40 7.20 9.00 19.20 5.20 16.20
6.60 9.80 11.00 19.00 16.20 9.60 5.00 4.00 8.80 3.60
2.80 11.80 14.00 14.60 2.20 11.40 19.60 3.00 11.20 16.20
6.00 16.40 6.40 15.40 2.00 19.00 6.00 7.20 6.20 14.40
