# nJobs | nMachines
100 5
# Job Weights
27
96
54
5
38
37
61
66
50
94
74
76
41
27
80
96
41
87
89
45
5
26
28
37
69
1
21
92
19
14
45
2
40
78
77
40
100
76
90
68
6
58
16
85
53
14
78
58
93
92
97
85
23
81
78
82
16
45
45
55
46
5
21
33
21
78
25
17
8
72
54
49
9
89
100
29
50
81
47
100
37
67
31
20
27
36
57
11
5
82
97
15
70
91
18
75
99
42
71
69
# P_bar : m1 | m2 | m3 | m4 | m5
73 5 62 42 86
69 87 94 59 73
8 54 58 91 89
59 84 93 86 81
70 8 23 76 10
47 37 66 26 84
2 40 47 78 98
37 27 30 51 76
60 81 60 39 18
75 64 26 10 25
7 80 84 95 77
41 23 54 83 70
87 66 82 40 33
21 64 60 83 31
55 19 13 20 41
32 38 14 7 55
45 96 23 23 35
56 56 80 62 68
92 16 56 42 19
2 61 31 75 28
69 48 65 84 74
39 42 83 95 60
52 28 52 77 81
2 52 92 32 82
4 78 74 17 34
79 57 12 43 38
55 28 65 53 92
20 83 37 15 90
46 36 9 49 95
88 36 78 64 83
47 28 40 76 8
63 92 13 86 44
55 6 10 12 48
90 1 23 54 65
29 89 50 62 79
79 31 86 30 82
33 36 81 22 56
40 88 67 53 49
21 74 20 61 25
4 50 34 53 88
31 85 78 71 52
99 34 9 24 76
74 37 3 55 36
93 91 96 93 24
17 11 84 47 35
5 32 2 96 29
76 83 46 51 9
49 40 71 84 40
65 86 79 94 65
80 33 44 93 35
42 58 89 16 54
45 75 67 15 14
35 85 34 21 5
13 42 20 78 91
57 71 88 77 24
46 76 53 25 39
54 59 94 43 1
7 29 85 26 58
58 57 2 54 88
3 98 2 91 1
51 47 35 82 12
86 38 98 50 49
21 98 33 65 69
47 87 33 84 71
91 25 1 21 35
48 1 46 67 70
21 60 7 96 64
36 71 19 72 20
23 18 4 14 15
50 80 40 74 7
86 41 33 77 73
84 59 94 37 20
88 89 75 18 20
84 29 85 81 99
31 54 33 92 16
63 38 15 23 53
16 80 10 29 33
55 12 72 43 94
12 56 24 3 14
14 25 81 5 89
74 85 53 19 52
59 76 27 62 41
21 33 23 33 12
91 35 80 53 78
24 61 99 51 40
69 4 15 35 93
49 70 85 96 35
4 54 4 57 10
81 69 2 29 94
35 22 67 26 88
82 47 72 18 84
12 25 78 36 53
71 42 25 19 72
6 80 31 93 60
59 43 63 69 59
95 32 57 39 63
13 85 36 79 24
40 11 72 15 41
12 72 73 13 8
43 17 87 7 73
# P_hat : m1 | m2 | m3 | m4 | m5
14.60 1.00 12.40 8.40 17.20
13.80 17.40 18.80 11.80 14.60
1.60 10.80 11.60 18.20 17.80
11.80 16.80 18.60 17.20 16.20
14.00 1.60 4.60 15.20 2.00
9.40 7.40 13.20 5.20 16.80
0.40 8.00 9.40 15.60 19.60
7.40 5.40 6.00 10.20 15.20
12.00 16.20 12.00 7.80 3.60
15.00 12.80 5.20 2.00 5.00
1.40 16.00 16.80 19.00 15.40
8.20 4.60 10.80 16.60 14.00
17.40 13.20 16.40 8.00 6.60
4.20 12.80 12.00 16.60 6.20
11.00 3.80 2.60 4.00 8.20
6.40 7.60 2.80 1.40 11.00
9.00 19.20 4.60 4.60 7.00
11.20 11.20 16.00 12.40 13.60
18.40 3.20 11.20 8.40 3.80
0.40 12.20 6.20 15.00 5.60
13.80 9.60 13.00 16.80 14.80
7.80 8.40 16.60 19.00 12.00
10.40 5.60 10.40 15.40 16.20
0.40 10.40 18.40 6.40 16.40
0.80 15.60 14.80 3.40 6.80
15.80 11.40 2.40 8.60 7.60
11.00 5.60 13.00 10.60 18.40
4.00 16.60 7.40 3.00 18.00
9.20 7.20 1.80 9.80 19.00
17.60 7.20 15.60 12.80 16.60
9.40 5.60 8.00 15.20 1.60
12.60 18.40 2.60 17.20 8.80
11.00 1.20 2.00 2.40 9.60
18.00 0.20 4.60 10.80 13.00
5.80 17.80 10.00 12.40 15.80
15.80 6.20 17.20 6.00 16.40
6.60 7.20 16.20 4.40 11.20
8.00 17.60 13.40 10.60 9.80
4.20 14.80 4.00 12.20 5.00
0.80 10.00 6.80 10.60 17.60
6.20 17.00 15.60 14.20 10.40
19.80 6.80 1.80 4.80 15.20
14.80 7.40 0.60 11.00 7.20
18.60 18.20 19.20 18.60 4.80
3.40 2.20 16.80 9.40 7.00
1.00 6.40 0.40 19.20 5.80
15.20 16.60 9.20 10.20 1.80
9.80 8.00 14.20 16.80 8.00
13.00 17.20 15.80 18.80 13.00
16.00 6.60 8.80 18.60 7.00
8.40 11.60 17.80 3.20 10.80
9.00 15.00 13.40 3.00 2.80
7.00 17.00 6.80 4.20 1.00
2.60 8.40 4.00 15.60 18.20
11.40 14.20 17.60 15.40 4.80
9.20 15.20 10.60 5.00 7.80
10.80 11.80 18.80 8.60 0.20
1.40 5.80 17.00 5.20 11.60
11.60 11.40 0.40 10.80 17.60
0.60 19.60 0.40 18.20 0.20
10.20 9.40 7.00 16.40 2.40
17.20 7.60 19.60 10.00 9.80
4.20 19.60 6.60 13.00 13.80
9.40 17.40 6.60 16.80 14.20
18.20 5.00 0.20 4.20 7.00
9.60 0.20 9.20 13.40 14.00
4.20 12.00 1.40 19.20 12.80
7.20 14.20 3.80 14.40 4.00
4.60 3.60 0.80 2.80 3.00
10.00 16.00 8.00 14.80 1.40
17.20 8.20 6.60 15.40 14.60
16.80 11.80 18.80 7.40 4.00
17.60 17.80 15.00 3.60 4.00
16.80 5.80 17.00 16.20 19.80
6.20 10.80 6.60 18.40 3.20
12.60 7.60 3.00 4.60 10.60
3.20 16.00 2.00 5.80 6.60
11.00 2.40 14.40 8.60 18.80
2.40 11.20 4.80 0.60 2.80
2.80 5.00 16.20 1.00 17.80
14.80 17.00 10.60 3.80 10.40
11.80 15.20 5.40 12.40 8.20
4.20 6.60 4.60 6.60 2.40
18.20 7.00 16.00 10.60 15.60
4.80 12.20 19.80 10.20 8.00
13.80 0.80 3.00 7.00 18.60
9.80 14.00 17.00 19.20 7.00
0.80 10.80 0.80 11.40 2.00
16.20 13.80 0.40 5.80 18.80
7.00 4.40 13.40 5.20 17.60
16.40 9.40 14.40 3.60 16.80
2.40 5.00 15.60 7.20 10.60
14.20 8.40 5.00 3.80 14.40
1.20 16.00 6.20 18.60 12.00
11.80 8.60 12.60 13.80 11.80
19.00 6.40 11.40 7.80 12.60
2.60 17.00 7.20 15.80 4.80
8.00 2.20 14.40 3.00 8.20
2.40 14.40 14.60 2.60 1.60
8.60 3.40 17.40 1.40 14.60
