# nJobs | nMachines
20 5
# Job Weights
40
61
100
42
70
23
72
54
94
86
52
42
8
93
10
1
72
97
64
24
# P_bar : m1 | m2 | m3 | m4 | m5
27 79 22 93 38
92 23 93 22 84
75 66 62 64 62
94 5 53 81 10
18 15 30 94 11
41 51 34 97 93
37 2 27 54 57
58 81 30 82 81
56 12 54 11 10
20 40 77 91 40
2 59 24 23 62
39 32 47 32 49
91 16 39 26 90
81 87 66 22 34
33 78 41 12 11
14 41 46 23 81
88 43 24 34 51
22 94 23 87 21
36 1 68 59 39
65 93 50 2 27
# P_hat : m1 | m2 | m3 | m4 | m5
2.70 7.90 2.20 9.30 3.80
9.20 2.30 9.30 2.20 8.40
7.50 6.60 6.20 6.40 6.20
9.40 0.50 5.30 8.10 1.00
1.80 1.50 3.00 9.40 1.10
4.10 5.10 3.40 9.70 9.30
3.70 0.20 2.70 5.40 5.70
5.80 8.10 3.00 8.20 8.10
5.60 1.20 5.40 1.10 1.00
2.00 4.00 7.70 9.10 4.00
0.20 5.90 2.40 2.30 6.20
3.90 3.20 4.70 3.20 4.90
9.10 1.60 3.90 2.60 9.00
8.10 8.70 6.60 2.20 3.40
3.30 7.80 4.10 1.20 1.10
1.40 4.10 4.60 2.30 8.10
8.80 4.30 2.40 3.40 5.10
2.20 9.40 2.30 8.70 2.10
3.60 0.10 6.80 5.90 3.90
6.50 9.30 5.00 0.20 2.70
