# nJobs | nMachines
100 5
# Job Weights
89
27
100
42
45
83
25
58
12
57
62
24
77
40
75
41
73
90
68
38
88
73
48
46
23
26
51
70
86
8
45
23
59
15
16
35
6
18
5
84
52
67
81
29
90
25
56
90
8
95
75
13
55
24
82
20
62
72
75
27
79
17
28
64
51
7
64
48
30
25
20
49
70
21
81
53
35
66
30
97
69
81
76
47
87
30
78
28
28
23
27
65
86
34
58
42
8
49
39
1
# P_bar : m1 | m2 | m3 | m4 | m5
37 54 28 11 65
45 85 1 5 64
97 52 75 37 94
90 79 36 55 90
54 78 27 55 33
69 16 19 83 41
12 92 62 62 24
29 82 76 58 24
47 28 78 75 10
21 2 70 57 47
60 48 24 27 21
45 34 12 29 83
5 48 23 55 14
6 20 44 71 81
41 81 84 41 86
38 44 50 11 82
35 12 96 14 7
69 40 15 78 36
74 15 60 79 33
83 86 41 69 62
31 61 64 88 2
39 59 54 54 48
17 21 28 78 12
29 71 94 10 88
17 22 73 27 82
50 35 64 43 28
58 81 64 76 34
8 41 63 9 3
56 53 67 70 99
27 18 12 98 70
88 12 51 9 60
7 24 56 83 50
89 16 78 66 35
98 52 34 32 38
69 93 43 25 83
73 44 71 7 22
22 86 61 60 69
82 9 4 5 44
85 83 17 15 9
48 37 36 28 89
18 42 38 27 47
6 46 60 23 14
3 13 79 31 24
19 28 66 96 14
12 95 28 74 33
57 23 84 60 70
34 67 95 19 99
83 59 43 38 15
71 75 23 37 96
94 90 51 56 23
30 66 30 37 27
54 88 60 61 15
39 68 31 75 37
32 50 34 72 99
11 30 1 8 8
64 70 46 54 41
39 18 84 27 41
45 53 22 52 43
39 1 57 84 66
41 34 16 37 16
8 82 39 50 37
34 41 49 63 97
53 84 71 64 86
84 64 41 31 16
56 66 3 45 46
48 97 72 88 34
63 71 24 22 85
29 17 26 16 59
79 37 80 61 29
22 29 72 82 29
67 24 61 47 30
89 97 66 63 51
81 6 72 99 49
25 83 65 53 72
32 40 93 31 69
70 36 74 41 51
15 67 21 88 11
45 53 82 37 98
38 68 87 23 63
58 20 76 59 80
35 36 80 84 81
50 30 31 3 86
56 95 20 77 55
41 92 90 90 74
81 57 68 10 43
40 75 31 16 93
94 92 31 57 98
51 94 11 25 24
33 28 22 49 62
13 65 66 13 50
70 9 69 50 68
26 23 61 97 65
34 30 94 59 69
11 63 1 59 17
29 86 23 70 49
87 30 48 15 29
1 61 45 26 70
43 28 92 68 46
12 92 40 79 53
52 10 69 49 66
# P_hat : m1 | m2 | m3 | m4 | m5
11.10 16.20 8.40 3.30 19.50
13.50 25.50 0.30 1.50 19.20
29.10 15.60 22.50 11.10 28.20
27.00 23.70 10.80 16.50 27.00
16.20 23.40 8.10 16.50 9.90
20.70 4.80 5.70 24.90 12.30
3.60 27.60 18.60 18.60 7.20
8.70 24.60 22.80 17.40 7.20
14.10 8.40 23.40 22.50 3.00
6.30 0.60 21.00 17.10 14.10
18.00 14.40 7.20 8.10 6.30
13.50 10.20 3.60 8.70 24.90
1.50 14.40 6.90 16.50 4.20
1.80 6.00 13.20 21.30 24.30
12.30 24.30 25.20 12.30 25.80
11.40 13.20 15.00 3.30 24.60
10.50 3.60 28.80 4.20 2.10
20.70 12.00 4.50 23.40 10.80
22.20 4.50 18.00 23.70 9.90
24.90 25.80 12.30 20.70 18.60
9.30 18.30 19.20 26.40 0.60
11.70 17.70 16.20 16.20 14.40
5.10 6.30 8.40 23.40 3.60
8.70 21.30 28.20 3.00 26.40
5.10 6.60 21.90 8.10 24.60
15.00 10.50 19.20 12.90 8.40
17.40 24.30 19.20 22.80 10.20
2.40 12.30 18.90 2.70 0.90
16.80 15.90 20.10 21.00 29.70
8.10 5.40 3.60 29.40 21.00
26.40 3.60 15.30 2.70 18.00
2.10 7.20 16.80 24.90 15.00
26.70 4.80 23.40 19.80 10.50
29.40 15.60 10.20 9.60 11.40
20.70 27.90 12.90 7.50 24.90
21.90 13.20 21.30 2.10 6.60
6.60 25.80 18.30 18.00 20.70
24.60 2.70 1.20 1.50 13.20
25.50 24.90 5.10 4.50 2.70
14.40 11.10 10.80 8.40 26.70
5.40 12.60 11.40 8.10 14.10
1.80 13.80 18.00 6.90 4.20
0.90 3.90 23.70 9.30 7.20
5.70 8.40 19.80 28.80 4.20
3.60 28.50 8.40 22.20 9.90
17.10 6.90 25.20 18.00 21.00
10.20 20.10 28.50 5.70 29.70
24.90 17.70 12.90 11.40 4.50
21.30 22.50 6.90 11.10 28.80
28.20 27.00 15.30 16.80 6.90
9.00 19.80 9.00 11.10 8.10
16.20 26.40 18.00 18.30 4.50
11.70 20.40 9.30 22.50 11.10
9.60 15.00 10.20 21.60 29.70
3.30 9.00 0.30 2.40 2.40
19.20 21.00 13.80 16.20 12.30
11.70 5.40 25.20 8.10 12.30
13.50 15.90 6.60 15.60 12.90
11.70 0.30 17.10 25.20 19.80
12.30 10.20 4.80 11.10 4.80
2.40 24.60 11.70 15.00 11.10
10.20 12.30 14.70 18.90 29.10
15.90 25.20 21.30 19.20 25.80
25.20 19.20 12.30 9.30 4.80
16.80 19.80 0.90 13.50 13.80
14.40 29.10 21.60 26.40 10.20
18.90 21.30 7.20 6.60 25.50
8.70 5.10 7.80 4.80 17.70
23.70 11.10 24.00 18.30 8.70
6.60 8.70 21.60 24.60 8.70
20.10 7.20 18.30 14.10 9.00
26.70 29.10 19.80 18.90 15.30
24.30 1.80 21.60 29.70 14.70
7.50 24.90 19.50 15.90 21.60
9.60 12.00 27.90 9.30 20.70
21.00 10.80 22.20 12.30 15.30
4.50 20.10 6.30 26.40 3.30
13.50 15.90 24.60 11.10 29.40
11.40 20.40 26.10 6.90 18.90
17.40 6.00 22.80 17.70 24.00
10.50 10.80 24.00 25.20 24.30
15.00 9.00 9.30 0.90 25.80
16.80 28.50 6.00 23.10 16.50
12.30 27.60 27.00 27.00 22.20
24.30 17.10 20.40 3.00 12.90
12.00 22.50 9.30 4.80 27.90
28.20 27.60 9.30 17.10 29.40
15.30 28.20 3.30 7.50 7.20
9.90 8.40 6.60 14.70 18.60
3.90 19.50 19.80 3.90 15.00
21.00 2.70 20.70 15.00 20.40
7.80 6.90 18.30 29.10 19.50
10.20 9.00 28.20 17.70 20.70
3.30 18.90 0.30 17.70 5.10
8.70 25.80 6.90 21.00 14.70
26.10 9.00 14.40 4.50 8.70
0.30 18.30 13.50 7.80 21.00
12.90 8.40 27.60 20.40 13.80
3.60 27.60 12.00 23.70 15.90
15.60 3.00 20.70 14.70 19.80
