# nJobs | nMachines
50 5
# Job Weights
24
16
74
57
38
48
67
9
93
50
92
85
83
27
38
78
35
65
90
48
23
82
38
43
94
53
26
26
45
94
35
33
38
44
90
27
90
86
78
59
26
63
68
75
67
9
57
80
71
70
# P_bar : m1 | m2 | m3 | m4 | m5
24 51 8 59 67
1 57 54 85 99
57 82 15 73 57
86 47 47 87 47
35 82 73 87 93
9 14 33 89 35
55 79 73 48 32
8 57 35 57 77
93 88 45 59 28
11 79 75 73 75
39 22 83 66 95
10 72 12 95 15
84 58 59 61 18
80 78 95 13 97
59 18 96 79 37
37 48 75 88 53
80 72 62 19 97
69 38 44 18 73
13 71 43 21 60
19 82 30 33 39
25 61 47 11 48
92 73 36 8 9
45 50 65 8 17
14 56 85 83 83
73 95 1 13 10
85 16 71 89 2
75 6 13 63 66
96 7 54 64 50
33 86 2 53 36
17 21 82 28 45
76 27 16 17 86
96 44 15 2 8
4 64 14 77 47
16 32 49 61 52
9 46 68 73 98
66 37 28 69 22
46 39 87 23 55
64 96 85 56 62
3 44 90 78 23
93 70 17 65 82
74 41 54 85 32
29 56 59 99 20
68 44 25 52 38
38 27 23 78 23
86 41 60 8 40
90 66 60 58 55
50 87 68 51 79
11 42 70 43 66
64 7 80 52 97
4 54 4 41 29
# P_hat : m1 | m2 | m3 | m4 | m5
7.20 15.30 2.40 17.70 20.10
0.30 17.10 16.20 25.50 29.70
17.10 24.60 4.50 21.90 17.10
25.80 14.10 14.10 26.10 14.10
10.50 24.60 21.90 26.10 27.90
2.70 4.20 9.90 26.70 10.50
16.50 23.70 21.90 14.40 9.60
2.40 17.10 10.50 17.10 23.10
27.90 26.40 13.50 17.70 8.40
3.30 23.70 22.50 21.90 22.50
11.70 6.60 24.90 19.80 28.50
3.00 21.60 3.60 28.50 4.50
25.20 17.40 17.70 18.30 5.40
24.00 23.40 28.50 3.90 29.10
17.70 5.40 28.80 23.70 11.10
11.10 14.40 22.50 26.40 15.90
24.00 21.60 18.60 5.70 29.10
20.70 11.40 13.20 5.40 21.90
3.90 21.30 12.90 6.30 18.00
5.70 24.60 9.00 9.90 11.70
7.50 18.30 14.10 3.30 14.40
27.60 21.90 10.80 2.40 2.70
13.50 15.00 19.50 2.40 5.10
4.20 16.80 25.50 24.90 24.90
21.90 28.50 0.30 3.90 3.00
25.50 4.80 21.30 26.70 0.60
22.50 1.80 3.90 18.90 19.80
28.80 2.10 16.20 19.20 15.00
9.90 25.80 0.60 15.90 10.80
5.10 6.30 24.60 8.40 13.50
22.80 8.10 4.80 5.10 25.80
28.80 13.20 4.50 0.60 2.40
1.20 19.20 4.20 23.10 14.10
4.80 9.60 14.70 18.30 15.60
2.70 13.80 20.40 21.90 29.40
19.80 11.10 8.40 20.70 6.60
13.80 11.70 26.10 6.90 16.50
19.20 28.80 25.50 16.80 18.60
0.90 13.20 27.00 23.40 6.90
27.90 21.00 5.10 19.50 24.60
22.20 12.30 16.20 25.50 9.60
8.70 16.80 17.70 29.70 6.00
20.40 13.20 7.50 15.60 11.40
11.40 8.10 6.90 23.40 6.90
25.80 12.30 18.00 2.40 12.00
27.00 19.80 18.00 17.40 16.50
15.00 26.10 20.40 15.30 23.70
3.30 12.60 21.00 12.90 19.80
19.20 2.10 24.00 15.60 29.10
1.20 16.20 1.20 12.30 8.70
