# nJobs | nMachines
100 5
# Job Weights
79
73
1
83
32
50
60
63
12
15
50
3
75
56
45
71
29
87
66
17
35
1
22
82
58
6
78
30
54
48
28
7
8
68
7
92
41
76
90
85
69
32
81
8
1
45
6
75
37
88
57
23
2
86
13
54
30
94
29
70
77
7
23
55
10
33
3
100
67
12
85
62
52
36
16
24
92
84
22
55
54
77
13
77
66
25
65
24
52
93
98
4
86
46
88
13
98
17
34
3
# P_bar : m1 | m2 | m3 | m4 | m5
26 51 23 59 22
23 52 10 60 34
92 40 85 61 10
67 67 83 68 54
41 87 27 72 6
58 4 42 12 8
3 78 87 46 29
3 50 84 27 6
37 87 1 45 60
69 81 45 60 97
91 29 65 31 97
20 25 2 99 82
40 64 86 34 59
14 79 26 25 39
31 73 14 43 4
36 91 43 96 16
51 5 58 58 46
87 32 40 40 84
47 78 43 63 27
74 14 82 62 60
49 12 25 17 86
21 74 21 74 9
47 21 66 99 91
39 79 93 16 75
80 30 32 13 26
2 3 63 64 37
7 73 65 47 17
98 90 77 47 21
23 4 40 36 41
17 1 78 39 31
26 60 76 57 47
19 37 65 82 49
94 86 74 22 20
33 96 59 17 47
18 85 48 17 32
94 54 7 9 4
68 75 89 11 77
68 77 82 96 44
18 88 89 14 90
16 73 44 2 1
94 1 70 25 3
24 1 7 8 34
67 7 92 68 35
14 27 87 89 69
39 86 44 10 46
29 65 34 18 85
73 11 25 64 85
64 36 49 79 51
9 38 68 71 62
82 99 21 16 98
36 17 86 95 72
44 23 61 24 62
33 44 4 30 18
65 32 32 59 97
10 84 9 93 36
1 12 64 8 31
26 60 47 97 94
53 74 28 98 68
65 16 55 45 79
22 90 47 82 85
64 68 54 81 14
74 44 8 75 91
76 99 89 31 73
13 95 8 59 26
68 65 36 25 53
93 63 88 23 1
15 78 14 71 43
74 61 2 64 85
32 67 17 88 77
74 10 51 21 79
50 91 25 78 78
25 81 39 67 26
30 38 73 8 75
9 35 45 37 52
41 65 70 24 25
35 14 50 96 21
19 80 87 26 95
89 42 95 62 23
42 58 7 88 80
2 52 21 68 77
59 95 57 63 84
27 30 46 41 4
7 45 5 82 76
53 6 98 86 30
43 31 62 9 91
40 11 39 40 41
53 5 30 12 51
67 47 35 93 68
98 35 87 13 67
33 56 7 37 8
16 4 49 70 66
5 85 60 95 53
53 40 72 76 60
39 99 86 30 76
60 61 4 1 13
52 9 54 60 90
28 9 24 89 5
20 13 31 48 1
84 15 86 39 47
93 67 9 8 78
# P_hat : m1 | m2 | m3 | m4 | m5
10.40 20.40 9.20 23.60 8.80
9.20 20.80 4.00 24.00 13.60
36.80 16.00 34.00 24.40 4.00
26.80 26.80 33.20 27.20 21.60
16.40 34.80 10.80 28.80 2.40
23.20 1.60 16.80 4.80 3.20
1.20 31.20 34.80 18.40 11.60
1.20 20.00 33.60 10.80 2.40
14.80 34.80 0.40 18.00 24.00
27.60 32.40 18.00 24.00 38.80
36.40 11.60 26.00 12.40 38.80
8.00 10.00 0.80 39.60 32.80
16.00 25.60 34.40 13.60 23.60
5.60 31.60 10.40 10.00 15.60
12.40 29.20 5.60 17.20 1.60
14.40 36.40 17.20 38.40 6.40
20.40 2.00 23.20 23.20 18.40
34.80 12.80 16.00 16.00 33.60
18.80 31.20 17.20 25.20 10.80
29.60 5.60 32.80 24.80 24.00
19.60 4.80 10.00 6.80 34.40
8.40 29.60 8.40 29.60 3.60
18.80 8.40 26.40 39.60 36.40
15.60 31.60 37.20 6.40 30.00
32.00 12.00 12.80 5.20 10.40
0.80 1.20 25.20 25.60 14.80
2.80 29.20 26.00 18.80 6.80
39.20 36.00 30.80 18.80 8.40
9.20 1.60 16.00 14.40 16.40
6.80 0.40 31.20 15.60 12.40
10.40 24.00 30.40 22.80 18.80
7.60 14.80 26.00 32.80 19.60
37.60 34.40 29.60 8.80 8.00
13.20 38.40 23.60 6.80 18.80
7.20 34.00 19.20 6.80 12.80
37.60 21.60 2.80 3.60 1.60
27.20 30.00 35.60 4.40 30.80
27.20 30.80 32.80 38.40 17.60
7.20 35.20 35.60 5.60 36.00
6.40 29.20 17.60 0.80 0.40
37.60 0.40 28.00 10.00 1.20
9.60 0.40 2.80 3.20 13.60
26.80 2.80 36.80 27.20 14.00
5.60 10.80 34.80 35.60 27.60
15.60 34.40 17.60 4.00 18.40
11.60 26.00 13.60 7.20 34.00
29.20 4.40 10.00 25.60 34.00
25.60 14.40 19.60 31.60 20.40
3.60 15.20 27.20 28.40 24.80
32.80 39.60 8.40 6.40 39.20
14.40 6.80 34.40 38.00 28.80
17.60 9.20 24.40 9.60 24.80
13.20 17.60 1.60 12.00 7.20
26.00 12.80 12.80 23.60 38.80
4.00 33.60 3.60 37.20 14.40
0.40 4.80 25.60 3.20 12.40
10.40 24.00 18.80 38.80 37.60
21.20 29.60 11.20 39.20 27.20
26.00 6.40 22.00 18.00 31.60
8.80 36.00 18.80 32.80 34.00
25.60 27.20 21.60 32.40 5.60
29.60 17.60 3.20 30.00 36.40
30.40 39.60 35.60 12.40 29.20
5.20 38.00 3.20 23.60 10.40
27.20 26.00 14.40 10.00 21.20
37.20 25.20 35.20 9.20 0.40
6.00 31.20 5.60 28.40 17.20
29.60 24.40 0.80 25.60 34.00
12.80 26.80 6.80 35.20 30.80
29.60 4.00 20.40 8.40 31.60
20.00 36.40 10.00 31.20 31.20
10.00 32.40 15.60 26.80 10.40
12.00 15.20 29.20 3.20 30.00
3.60 14.00 18.00 14.80 20.80
16.40 26.00 28.00 9.60 10.00
14.00 5.60 20.00 38.40 8.40
7.60 32.00 34.80 10.40 38.00
35.60 16.80 38.00 24.80 9.20
16.80 23.20 2.80 35.20 32.00
0.80 20.80 8.40 27.20 30.80
23.60 38.00 22.80 25.20 33.60
10.80 12.00 18.40 16.40 1.60
2.80 18.00 2.00 32.80 30.40
21.20 2.40 39.20 34.40 12.00
17.20 12.40 24.80 3.60 36.40
16.00 4.40 15.60 16.00 16.40
21.20 2.00 12.00 4.80 20.40
26.80 18.80 14.00 37.20 27.20
39.20 14.00 34.80 5.20 26.80
13.20 22.40 2.80 14.80 3.20
6.40 1.60 19.60 28.00 26.40
2.00 34.00 24.00 38.00 21.20
21.20 16.00 28.80 30.40 24.00
15.60 39.60 34.40 12.00 30.40
24.00 24.40 1.60 0.40 5.20
20.80 3.60 21.60 24.00 36.00
11.20 3.60 9.60 35.60 2.00
8.00 5.20 12.40 19.20 0.40
33.60 6.00 34.40 15.60 18.80
37.20 26.80 3.60 3.20 31.20
