# nJobs | nMachines
50 10
# Job Weights
13
7
64
11
86
34
34
4
14
10
14
11
83
14
34
74
17
52
84
88
64
39
95
91
20
82
2
54
15
63
72
10
34
27
42
30
19
5
25
49
79
55
35
56
34
53
50
18
90
93
# P_bar : m1 | m2 | m3 | m4 | m5 | m6 | m7 | m8 | m9 | m10
68 69 1 19 10 76 50 39 77 30
40 96 37 65 76 40 87 11 30 71
43 54 91 35 75 96 77 96 88 57
72 37 59 89 29 54 88 74 21 83
87 35 2 41 10 91 80 22 29 34
59 19 44 15 86 90 75 22 12 31
67 10 29 99 62 41 41 50 2 11
89 88 37 19 26 72 84 6 95 50
84 61 30 74 1 37 24 95 24 22
43 95 20 63 62 38 27 83 20 7
92 18 19 92 89 64 52 70 66 82
90 49 79 29 2 98 73 1 82 34
23 69 41 47 62 36 75 8 45 5
20 86 79 80 96 20 23 94 4 62
97 28 49 7 99 3 52 65 22 3
57 6 21 43 91 41 97 70 81 68
33 40 97 89 85 93 40 61 56 35
7 88 86 9 42 44 50 80 85 79
69 94 15 99 7 3 95 82 3 10
56 78 57 38 4 19 34 23 82 60
16 43 76 76 23 66 2 51 94 67
41 31 14 52 74 55 76 92 72 10
7 54 57 48 83 66 26 25 96 87
74 80 80 55 41 68 48 23 55 25
54 11 93 17 63 1 16 40 3 24
67 27 31 63 99 5 20 69 63 4
15 3 66 92 55 59 86 42 65 36
85 32 30 77 37 64 62 13 20 44
83 2 82 31 23 1 54 17 4 22
42 49 11 44 1 5 50 27 95 8
29 27 71 76 84 11 26 74 20 49
64 81 94 18 46 46 4 7 57 97
3 18 35 7 31 10 4 25 38 8
9 83 71 40 93 56 59 73 46 9
35 84 76 47 79 25 24 81 76 18
24 49 76 73 32 95 14 84 10 34
72 64 26 41 71 12 49 40 79 54
70 20 31 70 60 48 35 28 7 42
47 52 58 86 42 11 78 86 12 70
78 42 31 8 24 45 77 17 60 59
60 51 98 63 51 25 72 66 85 8
11 66 26 77 98 62 10 33 73 29
60 95 92 91 64 12 87 20 18 6
5 18 11 24 85 67 24 84 75 42
24 37 72 19 31 17 26 23 77 33
52 70 46 63 11 59 46 73 71 67
39 22 20 72 95 30 40 25 83 7
14 87 38 17 58 73 86 87 63 64
65 67 57 46 57 34 40 2 52 7
99 15 5 66 28 27 8 15 66 60
# P_hat : m1 | m2 | m3 | m4 | m5 | m6 | m7 | m8 | m9 | m10
6.80 6.90 0.10 1.90 1.00 7.60 5.00 3.90 7.70 3.00
4.00 9.60 3.70 6.50 7.60 4.00 8.70 1.10 3.00 7.10
4.30 5.40 9.10 3.50 7.50 9.60 7.70 9.60 8.80 5.70
7.20 3.70 5.90 8.90 2.90 5.40 8.80 7.40 2.10 8.30
8.70 3.50 0.20 4.10 1.00 9.10 8.00 2.20 2.90 3.40
5.90 1.90 4.40 1.50 8.60 9.00 7.50 2.20 1.20 3.10
6.70 1.00 2.90 9.90 6.20 4.10 4.10 5.00 0.20 1.10
8.90 8.80 3.70 1.90 2.60 7.20 8.40 0.60 9.50 5.00
8.40 6.10 3.00 7.40 0.10 3.70 2.40 9.50 2.40 2.20
4.30 9.50 2.00 6.30 6.20 3.80 2.70 8.30 2.00 0.70
9.20 1.80 1.90 9.20 8.90 6.40 5.20 7.00 6.60 8.20
9.00 4.90 7.90 2.90 0.20 9.80 7.30 0.10 8.20 3.40
2.30 6.90 4.10 4.70 6.20 3.60 7.50 0.80 4.50 0.50
2.00 8.60 7.90 8.00 9.60 2.00 2.30 9.40 0.40 6.20
9.70 2.80 4.90 0.70 9.90 0.30 5.20 6.50 2.20 0.30
5.70 0.60 2.10 4.30 9.10 4.10 9.70 7.00 8.10 6.80
3.30 4.00 9.70 8.90 8.50 9.30 4.00 6.10 5.60 3.50
0.70 8.80 8.60 0.90 4.20 4.40 5.00 8.00 8.50 7.90
6.90 9.40 1.50 9.90 0.70 0.30 9.50 8.20 0.30 1.00
5.60 7.80 5.70 3.80 0.40 1.90 3.40 2.30 8.20 6.00
1.60 4.30 7.60 7.60 2.30 6.60 0.20 5.10 9.40 6.70
4.10 3.10 1.40 5.20 7.40 5.50 7.60 9.20 7.20 1.00
0.70 5.40 5.70 4.80 8.30 6.60 2.60 2.50 9.60 8.70
7.40 8.00 8.00 5.50 4.10 6.80 4.80 2.30 5.50 2.50
5.40 1.10 9.30 1.70 6.30 0.10 1.60 4.00 0.30 2.40
6.70 2.70 3.10 6.30 9.90 0.50 2.00 6.90 6.30 0.40
1.50 0.30 6.60 9.20 5.50 5.90 8.60 4.20 6.50 3.60
8.50 3.20 3.00 7.70 3.70 6.40 6.20 1.30 2.00 4.40
8.30 0.20 8.20 3.10 2.30 0.10 5.40 1.70 0.40 2.20
4.20 4.90 1.10 4.40 0.10 0.50 5.00 2.70 9.50 0.80
2.90 2.70 7.10 7.60 8.40 1.10 2.60 7.40 2.00 4.90
6.40 8.10 9.40 1.80 4.60 4.60 0.40 0.70 5.70 9.70
0.30 1.80 3.50 0.70 3.10 1.00 0.40 2.50 3.80 0.80
0.90 8.30 7.10 4.00 9.30 5.60 5.90 7.30 4.60 0.90
3.50 8.40 7.60 4.70 7.90 2.50 2.40 8.10 7.60 1.80
2.40 4.90 7.60 7.30 3.20 9.50 1.40 8.40 1.00 3.40
7.20 6.40 2.60 4.10 7.10 1.20 4.90 4.00 7.90 5.40
7.00 2.00 3.10 7.00 6.00 4.80 3.50 2.80 0.70 4.20
4.70 5.20 5.80 8.60 4.20 1.10 7.80 8.60 1.20 7.00
7.80 4.20 3.10 0.80 2.40 4.50 7.70 1.70 6.00 5.90
6.00 5.10 9.80 6.30 5.10 2.50 7.20 6.60 8.50 0.80
1.10 6.60 2.60 7.70 9.80 6.20 1.00 3.30 7.30 2.90
6.00 9.50 9.20 9.10 6.40 1.20 8.70 2.00 1.80 0.60
0.50 1.80 1.10 2.40 8.50 6.70 2.40 8.40 7.50 4.20
2.40 3.70 7.20 1.90 3.10 1.70 2.60 2.30 7.70 3.30
5.20 7.00 4.60 6.30 1.10 5.90 4.60 7.30 7.10 6.70
3.90 2.20 2.00 7.20 9.50 3.00 4.00 2.50 8.30 0.70
1.40 8.70 3.80 1.70 5.80 7.30 8.60 8.70 6.30 6.40
6.50 6.70 5.70 4.60 5.70 3.40 4.00 0.20 5.20 0.70
9.90 1.50 0.50 6.60 2.80 2.70 0.80 1.50 6.60 6.00
