# nJobs | nMachines
50 20
# Job Weights
28
24
7
77
86
77
100
24
19
17
79
73
31
35
6
68
76
22
18
81
71
27
28
1
93
50
72
26
51
1
25
89
13
64
49
47
9
62
99
28
18
47
61
80
64
46
3
31
22
74
# P_bar : m1 | m2 | m3 | m4 | m5 | m6 | m7 | m8 | m9 | m10 | m11 | m12 | m13 | m14 | m15 | m16 | m17 | m18 | m19 | m20
66 55 65 57 58 38 5 26 66 93 39 42 40 7 50 27 64 20 79 28
46 63 35 72 66 23 13 40 41 95 12 79 62 34 4 60 44 65 18 91
25 71 49 48 5 13 36 84 74 48 45 25 8 69 20 79 58 50 99 32
30 21 2 6 69 1 54 84 62 71 34 18 13 18 19 50 7 76 75 56
17 74 95 10 38 10 76 74 70 30 11 75 87 98 58 15 69 75 47 70
40 65 14 98 93 76 40 39 30 22 71 45 40 8 22 65 12 7 96 51
17 52 67 55 59 49 67 65 66 3 53 54 27 58 56 80 5 82 6 9
20 91 8 71 56 2 31 15 11 22 28 19 44 86 92 67 69 49 22 94
73 12 62 19 26 81 35 71 51 82 93 80 41 77 59 70 46 3 3 63
5 22 25 28 96 43 48 92 43 35 61 15 70 50 34 94 23 56 29 33
60 12 2 31 60 51 85 44 32 56 61 22 10 50 17 61 95 38 12 89
3 26 40 79 18 71 41 27 23 14 78 56 94 82 39 55 24 85 53 6
91 97 68 69 74 29 82 93 20 88 13 63 25 16 59 2 58 29 42 41
34 30 75 11 93 44 95 2 1 41 49 56 10 17 7 55 88 26 61 22
81 30 72 4 12 26 15 55 54 4 15 79 36 68 59 78 46 23 49 68
58 12 5 12 56 27 24 44 55 52 31 82 87 65 2 27 65 28 56 83
48 94 5 71 36 27 77 55 65 17 93 92 37 92 70 13 31 19 9 79
71 46 10 62 71 56 6 23 22 95 83 19 86 37 72 20 84 10 6 69
57 20 33 2 38 21 79 25 99 15 20 45 76 47 90 38 4 72 54 44
5 73 56 95 96 76 36 1 97 85 1 32 70 70 56 75 73 33 57 64
8 58 89 35 84 88 18 51 21 12 13 11 17 66 26 23 43 21 16 77
19 10 54 82 84 9 21 12 63 11 36 59 92 30 50 61 97 79 95 46
78 77 31 57 65 33 34 47 45 24 6 22 90 7 4 37 49 55 26 76
2 27 1 7 17 6 42 98 70 71 22 14 58 37 8 43 2 69 25 64
1 33 61 24 78 40 74 41 41 46 44 88 19 5 60 69 54 38 71 25
78 53 25 62 45 64 46 18 6 59 65 82 97 52 60 2 12 15 50 55
8 23 11 70 83 5 1 44 70 16 87 82 80 86 80 44 31 58 38 30
14 2 7 89 53 5 88 72 33 33 50 71 28 36 38 25 52 36 15 89
46 65 88 87 60 7 29 88 97 53 96 8 67 29 51 12 29 11 85 96
98 35 65 21 60 5 95 60 32 22 51 13 59 4 25 31 98 98 20 71
50 7 74 54 9 76 67 29 28 49 48 53 9 99 97 1 46 2 25 69
88 54 16 16 7 63 41 99 54 44 89 71 92 53 73 54 83 74 67 88
28 43 87 72 51 35 98 2 63 76 69 98 7 52 46 94 78 16 7 24
66 87 57 31 85 94 31 17 16 88 83 99 19 9 82 63 52 21 12 41
43 56 89 24 66 65 25 79 12 45 22 54 82 8 92 91 63 10 50 53
23 4 85 94 6 25 70 6 2 52 26 20 60 50 42 27 66 98 8 8
93 29 46 18 3 6 62 29 50 31 29 62 60 62 65 55 45 74 82 58
52 35 54 83 93 87 45 89 48 66 67 18 58 14 12 74 49 84 5 19
1 37 23 36 88 60 59 4 34 17 70 81 74 21 34 77 21 55 9 50
77 53 23 73 40 33 68 70 75 68 59 60 70 88 23 77 13 19 41 21
54 10 96 67 85 67 22 10 45 99 34 1 72 7 99 81 9 20 85 43
45 90 79 74 92 81 81 79 2 78 18 93 33 85 48 29 87 37 77 18
56 95 70 75 15 93 44 64 39 87 4 8 71 62 41 91 3 90 74 74
54 85 33 93 51 98 80 92 4 45 65 92 68 10 40 20 15 76 17 50
57 2 50 16 55 9 88 42 46 78 58 60 94 61 76 99 55 10 38 20
23 36 18 74 19 94 25 79 11 51 35 87 82 92 89 27 5 81 42 81
18 85 65 70 58 49 93 56 66 87 86 11 46 47 42 30 8 27 20 98
88 5 87 16 84 27 61 94 59 4 34 24 78 77 90 85 94 52 68 92
38 3 18 81 4 62 1 26 28 45 49 11 37 37 61 5 60 21 93 21
72 45 15 93 23 90 97 93 74 9 88 98 69 96 25 4 18 1 15 83
# P_hat : m1 | m2 | m3 | m4 | m5 | m6 | m7 | m8 | m9 | m10 | m11 | m12 | m13 | m14 | m15 | m16 | m17 | m18 | m19 | m20
13.20 11.00 13.00 11.40 11.60 7.60 1.00 5.20 13.20 18.60 7.80 8.40 8.00 1.40 10.00 5.40 12.80 4.00 15.80 5.60
9.20 12.60 7.00 14.40 13.20 4.60 2.60 8.00 8.20 19.00 2.40 15.80 12.40 6.80 0.80 12.00 8.80 13.00 3.60 18.20
5.00 14.20 9.80 9.60 1.00 2.60 7.20 16.80 14.80 9.60 9.00 5.00 1.60 13.80 4.00 15.80 11.60 10.00 19.80 6.40
6.00 4.20 0.40 1.20 13.80 0.20 10.80 16.80 12.40 14.20 6.80 3.60 2.60 3.60 3.80 10.00 1.40 15.20 15.00 11.20
3.40 14.80 19.00 2.00 7.60 2.00 15.20 14.80 14.00 6.00 2.20 15.00 17.40 19.60 11.60 3.00 13.80 15.00 9.40 14.00
8.00 13.00 2.80 19.60 18.60 15.20 8.00 7.80 6.00 4.40 14.20 9.00 8.00 1.60 4.40 13.00 2.40 1.40 19.20 10.20
3.40 10.40 13.40 11.00 11.80 9.80 13.40 13.00 13.20 0.60 10.60 10.80 5.40 11.60 11.20 16.00 1.00 16.40 1.20 1.80
4.00 18.20 1.60 14.20 11.20 0.40 6.20 3.00 2.20 4.40 5.60 3.80 8.80 17.20 18.40 13.40 13.80 9.80 4.40 18.80
14.60 2.40 12.40 3.80 5.20 16.20 7.00 14.20 10.20 16.40 18.60 16.00 8.20 15.40 11.80 14.00 9.20 0.60 0.60 12.60
1.00 4.40 5.00 5.60 19.20 8.60 9.60 18.40 8.60 7.00 12.20 3.00 14.00 10.00 6.80 18.80 4.60 11.20 5.80 6.60
12.00 2.40 0.40 6.20 12.00 10.20 17.00 8.80 6.40 11.20 12.20 4.40 2.00 10.00 3.40 12.20 19.00 7.60 2.40 17.80
0.60 5.20 8.00 15.80 3.60 14.20 8.20 5.40 4.60 2.80 15.60 11.20 18.80 16.40 7.80 11.00 4.80 17.00 10.60 1.20
18.20 19.40 13.60 13.80 14.80 5.80 16.40 18.60 4.00 17.60 2.60 12.60 5.00 3.20 11.80 0.40 11.60 5.80 8.40 8.20
6.80 6.00 15.00 2.20 18.60 8.80 19.00 0.40 0.20 8.20 9.80 11.20 2.00 3.40 1.40 11.00 17.60 5.20 12.20 4.40
16.20 6.00 14.40 0.80 2.40 5.20 3.00 11.00 10.80 0.80 3.00 15.80 7.20 13.60 11.80 15.60 9.20 4.60 9.80 13.60
11.60 2.40 1.00 2.40 11.20 5.40 4.80 8.80 11.00 10.40 6.20 16.40 17.40 13.00 0.40 5.40 13.00 5.60 11.20 16.60
9.60 18.80 1.00 14.20 7.20 5.40 15.40 11.00 13.00 3.40 18.60 18.40 7.40 18.40 14.00 2.60 6.20 3.80 1.80 15.80
14.20 9.20 2.00 12.40 14.20 11.20 1.20 4.60 4.40 19.00 16.60 3.80 17.20 7.40 14.40 4.00 16.80 2.00 1.20 13.80
11.40 4.00 6.60 0.40 7.60 4.20 15.80 5.00 19.80 3.00 4.00 9.00 15.20 9.40 18.00 7.60 0.80 14.40 10.80 8.80
1.00 14.60 11.20 19.00 19.20 15.20 7.20 0.20 19.40 17.00 0.20 6.40 14.00 14.00 11.20 15.00 14.60 6.60 11.40 12.80
1.60 11.60 17.80 7.00 16.80 17.60 3.60 10.20 4.20 2.40 2.60 2.20 3.40 13.20 5.20 4.60 8.60 4.20 3.20 15.40
3.80 2.00 10.80 16.40 16.80 1.80 4.20 2.40 12.60 2.20 7.20 11.80 18.40 6.00 10.00 12.20 19.40 15.80 19.00 9.20
15.60 15.40 6.20 11.40 13.00 6.60 6.80 9.40 9.00 4.80 1.20 4.40 18.00 1.40 0.80 7.40 9.80 11.00 5.20 15.20
0.40 5.40 0.20 1.40 3.40 1.20 8.40 19.60 14.00 14.20 4.40 2.80 11.60 7.40 1.60 8.60 0.40 13.80 5.00 12.80
0.20 6.60 12.20 4.80 15.60 8.00 14.80 8.20 8.20 9.20 8.80 17.60 3.80 1.00 12.00 13.80 10.80 7.60 14.20 5.00
15.60 10.60 5.00 12.40 9.00 12.80 9.20 3.60 1.20 11.80 13.00 16.40 19.40 10.40 12.00 0.40 2.40 3.00 10.00 11.00
1.60 4.60 2.20 14.00 16.60 1.00 0.20 8.80 14.00 3.20 17.40 16.40 16.00 17.20 16.00 8.80 6.20 11.60 7.60 6.00
2.80 0.40 1.40 17.80 10.60 1.00 17.60 14.40 6.60 6.60 10.00 14.20 5.60 7.20 7.60 5.00 10.40 7.20 3.00 17.80
9.20 13.00 17.60 17.40 12.00 1.40 5.80 17.60 19.40 10.60 19.20 1.60 13.40 5.80 10.20 2.40 5.80 2.20 17.00 19.20
19.60 7.00 13.00 4.20 12.00 1.00 19.00 12.00 6.40 4.40 10.20 2.60 11.80 0.80 5.00 6.20 19.60 19.60 4.00 14.20
10.00 1.40 14.80 10.80 1.80 15.20 13.40 5.80 5.60 9.80 9.60 10.60 1.80 19.80 19.40 0.20 9.20 0.40 5.00 13.80
17.60 10.80 3.20 3.20 1.40 12.60 8.20 19.80 10.80 8.80 17.80 14.20 18.40 10.60 14.60 10.80 16.60 14.80 13.40 17.60
5.60 8.60 17.40 14.40 10.20 7.00 19.60 0.40 12.60 15.20 13.80 19.60 1.40 10.40 9.20 18.80 15.60 3.20 1.40 4.80
13.20 17.40 11.40 6.20 17.00 18.80 6.20 3.40 3.20 17.60 16.60 19.80 3.80 1.80 16.40 12.60 10.40 4.20 2.40 8.20
8.60 11.20 17.80 4.80 13.20 13.00 5.00 15.80 2.40 9.00 4.40 10.80 16.40 1.60 18.40 18.20 12.60 2.00 10.00 10.60
4.60 0.80 17.00 18.80 1.20 5.00 14.00 1.20 0.40 10.40 5.20 4.00 12.00 10.00 8.40 5.40 13.20 19.60 1.60 1.60
18.60 5.80 9.20 3.60 0.60 1.20 12.40 5.80 10.00 6.20 5.80 12.40 12.00 12.40 13.00 11.00 9.00 14.80 16.40 11.60
10.40 7.00 10.80 16.60 18.60 17.40 9.00 17.80 9.60 13.20 13.40 3.60 11.60 2.80 2.40 14.80 9.80 16.80 1.00 3.80
0.20 7.40 4.60 7.20 17.60 12.00 11.80 0.80 6.80 3.40 14.00 16.20 14.80 4.20 6.80 15.40 4.20 11.00 1.80 10.00
15.40 10.60 4.60 14.60 8.00 6.60 13.60 14.00 15.00 13.60 11.80 12.00 14.00 17.60 4.60 15.40 2.60 3.80 8.20 4.20
10.80 2.00 19.20 13.40 17.00 13.40 4.40 2.00 9.00 19.80 6.80 0.20 14.40 1.40 19.80 16.20 1.80 4.00 17.00 8.60
9.00 18.00 15.80 14.80 18.40 16.20 16.20 15.80 0.40 15.60 3.60 18.60 6.60 17.00 9.60 5.80 17.40 7.40 15.40 3.60
11.20 19.00 14.00 15.00 3.00 18.60 8.80 12.80 7.80 17.40 0.80 1.60 14.20 12.40 8.20 18.20 0.60 18.00 14.80 14.80
10.80 17.00 6.60 18.60 10.20 19.60 16.00 18.40 0.80 9.00 13.00 18.40 13.60 2.00 8.00 4.00 3.00 15.20 3.40 10.00
11.40 0.40 10.00 3.20 11.00 1.80 17.60 8.40 9.20 15.60 11.60 12.00 18.80 12.20 15.20 19.80 11.00 2.00 7.60 4.00
4.60 7.20 3.60 14.80 3.80 18.80 5.00 15.80 2.20 10.20 7.00 17.40 16.40 18.40 17.80 5.40 1.00 16.20 8.40 16.20
3.60 17.00 13.00 14.00 11.60 9.80 18.60 11.20 13.20 17.40 17.20 2.20 9.20 9.40 8.40 6.00 1.60 5.40 4.00 19.60
17.60 1.00 17.40 3.20 16.80 5.40 12.20 18.80 11.80 0.80 6.80 4.80 15.60 15.40 18.00 17.00 18.80 10.40 13.60 18.40
7.60 0.60 3.60 16.20 0.80 12.40 0.20 5.20 5.60 9.00 9.80 2.20 7.40 7.40 12.20 1.00 12.00 4.20 18.60 4.20
14.40 9.00 3.00 18.60 4.60 18.00 19.40 18.60 14.80 1.80 17.60 19.60 13.80 19.20 5.00 0.80 3.60 0.20 3.00 16.60
