# nJobs | nMachines
100 5
# Job Weights
24
63
36
49
5
30
67
30
82
61
92
38
14
71
74
98
63
72
27
93
99
14
91
47
30
56
1
60
92
26
31
58
69
64
82
22
56
42
65
34
97
55
16
24
44
6
29
11
92
4
54
15
96
10
84
44
48
48
81
12
83
10
20
99
23
3
95
35
20
5
36
67
52
91
65
72
93
11
51
60
56
56
58
13
96
81
65
53
72
79
30
37
43
78
87
8
90
66
17
77
# P_bar : m1 | m2 | m3 | m4 | m5
14 21 3 9 6
28 16 24 18 52
71 40 75 42 73
57 45 31 29 71
82 1 52 30 48
68 97 53 60 53
58 17 73 56 68
61 65 3 30 72
84 51 60 73 91
7 35 26 44 74
31 22 43 42 35
12 27 69 10 34
75 78 65 48 41
91 23 58 96 86
47 46 40 95 86
53 6 46 65 19
35 85 54 3 49
89 29 40 31 11
64 63 72 39 60
67 7 71 92 25
1 5 91 71 73
70 9 74 24 25
52 99 44 75 44
31 31 25 11 45
74 83 18 63 51
37 74 83 40 68
83 31 99 40 25
21 76 9 74 12
28 66 52 37 53
46 73 75 8 73
79 79 88 88 24
95 48 58 90 39
27 69 21 30 47
71 81 72 62 45
24 89 95 60 35
99 75 73 3 69
7 74 72 40 32
68 8 64 79 94
35 62 82 38 4
83 36 91 97 6
36 24 13 13 99
89 86 98 23 93
79 94 38 99 30
64 67 44 43 24
51 85 94 99 72
97 39 47 92 9
3 43 49 74 72
9 92 32 97 78
94 87 81 42 37
45 23 54 21 18
17 1 21 73 79
56 19 52 90 20
58 49 99 16 40
49 32 83 45 89
32 75 3 97 81
49 74 30 7 86
26 19 57 47 28
53 25 54 33 21
67 5 74 77 94
31 75 29 91 53
72 71 45 10 53
71 80 97 22 46
93 72 3 22 31
23 60 55 3 84
42 64 81 82 79
79 36 47 4 91
19 23 71 57 87
43 7 37 21 45
26 52 98 97 23
71 8 48 58 59
17 87 96 27 75
37 5 11 25 52
93 44 48 38 45
11 37 5 49 21
21 66 65 13 59
79 74 2 68 21
51 6 40 43 9
26 44 29 60 61
85 30 23 25 6
41 78 96 63 58
76 99 11 48 71
28 34 55 13 69
76 77 33 36 2
40 51 44 71 50
83 57 67 27 55
18 68 22 14 92
74 27 33 11 29
8 36 96 87 2
75 36 90 27 94
66 70 69 6 57
50 66 11 63 36
16 79 23 61 74
14 74 37 55 87
12 63 30 62 32
98 47 6 34 76
71 40 66 17 86
47 28 94 11 22
22 44 19 28 29
71 30 18 46 90
44 48 57 63 44
# P_hat : m1 | m2 | m3 | m4 | m5
7.00 10.50 1.50 4.50 3.00
14.00 8.00 12.00 9.00 26.00
35.50 20.00 37.50 21.00 36.50
28.50 22.50 15.50 14.50 35.50
41.00 0.50 26.00 15.00 24.00
34.00 48.50 26.50 30.00 26.50
29.00 8.50 36.50 28.00 34.00
30.50 32.50 1.50 15.00 36.00
42.00 25.50 30.00 36.50 45.50
3.50 17.50 13.00 22.00 37.00
15.50 11.00 21.50 21.00 17.50
6.00 13.50 34.50 5.00 17.00
37.50 39.00 32.50 24.00 20.50
45.50 11.50 29.00 48.00 43.00
23.50 23.00 20.00 47.50 43.00
26.50 3.00 23.00 32.50 9.50
17.50 42.50 27.00 1.50 24.50
44.50 14.50 20.00 15.50 5.50
32.00 31.50 36.00 19.50 30.00
33.50 3.50 35.50 46.00 12.50
0.50 2.50 45.50 35.50 36.50
35.00 4.50 37.00 12.00 12.50
26.00 49.50 22.00 37.50 22.00
15.50 15.50 12.50 5.50 22.50
37.00 41.50 9.00 31.50 25.50
18.50 37.00 41.50 20.00 34.00
41.50 15.50 49.50 20.00 12.50
10.50 38.00 4.50 37.00 6.00
14.00 33.00 26.00 18.50 26.50
23.00 36.50 37.50 4.00 36.50
39.50 39.50 44.00 44.00 12.00
47.50 24.00 29.00 45.00 19.50
13.50 34.50 10.50 15.00 23.50
35.50 40.50 36.00 31.00 22.50
12.00 44.50 47.50 30.00 17.50
49.50 37.50 36.50 1.50 34.50
3.50 37.00 36.00 20.00 16.00
34.00 4.00 32.00 39.50 47.00
17.50 31.00 41.00 19.00 2.00
41.50 18.00 45.50 48.50 3.00
18.00 12.00 6.50 6.50 49.50
44.50 43.00 49.00 11.50 46.50
39.50 47.00 19.00 49.50 15.00
32.00 33.50 22.00 21.50 12.00
25.50 42.50 47.00 49.50 36.00
48.50 19.50 23.50 46.00 4.50
1.50 21.50 24.50 37.00 36.00
4.50 46.00 16.00 48.50 39.00
47.00 43.50 40.50 21.00 18.50
22.50 11.50 27.00 10.50 9.00
8.50 0.50 10.50 36.50 39.50
28.00 9.50 26.00 45.00 10.00
29.00 24.50 49.50 8.00 20.00
24.50 16.00 41.50 22.50 44.50
16.00 37.50 1.50 48.50 40.50
24.50 37.00 15.00 3.50 43.00
13.00 9.50 28.50 23.50 14.00
26.50 12.50 27.00 16.50 10.50
33.50 2.50 37.00 38.50 47.00
15.50 37.50 14.50 45.50 26.50
36.00 35.50 22.50 5.00 26.50
35.50 40.00 48.50 11.00 23.00
46.50 36.00 1.50 11.00 15.50
11.50 30.00 27.50 1.50 42.00
21.00 32.00 40.50 41.00 39.50
39.50 18.00 23.50 2.00 45.50
9.50 11.50 35.50 28.50 43.50
21.50 3.50 18.50 10.50 22.50
13.00 26.00 49.00 48.50 11.50
35.50 4.00 24.00 29.00 29.50
8.50 43.50 48.00 13.50 37.50
18.50 2.50 5.50 12.50 26.00
46.50 22.00 24.00 19.00 22.50
5.50 18.50 2.50 24.50 10.50
10.50 33.00 32.50 6.50 29.50
39.50 37.00 1.00 34.00 10.50
25.50 3.00 20.00 21.50 4.50
13.00 22.00 14.50 30.00 30.50
42.50 15.00 11.50 12.50 3.00
20.50 39.00 48.00 31.50 29.00
38.00 49.50 5.50 24.00 35.50
14.00 17.00 27.50 6.50 34.50
38.00 38.50 16.50 18.00 1.00
20.00 25.50 22.00 35.50 25.00
41.50 28.50 33.50 13.50 27.50
9.00 34.00 11.00 7.00 46.00
37.00 13.50 16.50 5.50 14.50
4.00 18.00 48.00 43.50 1.00
37.50 18.00 45.00 13.50 47.00
33.00 35.00 34.50 3.00 28.50
25.00 33.00 5.50 31.50 18.00
8.00 39.50 11.50 30.50 37.00
7.00 37.00 18.50 27.50 43.50
6.00 31.50 15.00 31.00 16.00
49.00 23.50 3.00 17.00 38.00
35.50 20.00 33.00 8.50 43.00
23.50 14.00 47.00 5.50 11.00
11.00 22.00 9.50 14.00 14.50
35.50 15.00 9.00 23.00 45.00
22.00 24.00 28.50 31.50 22.00
