# nJobs | nMachines
20 5
# Job Weights
4
26
11
2
71
31
53
6
20
100
88
67
70
83
3
20
87
48
50
70
# P_bar : m1 | m2 | m3 | m4 | m5
61 27 42 13 55
86 92 93 47 48
16 8 32 6 56
42 65 30 70 84
14 34 16 19 22
92 6 95 97 51
67 42 58 41 43
77 39 12 1 50
46 2 95 57 62
41 7 21 60 61
78 85 74 62 10
3 32 38 14 87
72 14 4 90 99
95 74 31 76 40
53 59 62 12 91
59 95 39 89 64
34 48 97 37 62
66 37 57 35 53
42 59 9 91 33
63 4 54 69 16
# P_hat : m1 | m2 | m3 | m4 | m5
30.50 13.50 21.00 6.50 27.50
43.00 46.00 46.50 23.50 24.00
8.00 4.00 16.00 3.00 28.00
21.00 32.50 15.00 35.00 42.00
7.00 17.00 8.00 9.50 11.00
46.00 3.00 47.50 48.50 25.50
33.50 21.00 29.00 20.50 21.50
38.50 19.50 6.00 0.50 25.00
23.00 1.00 47.50 28.50 31.00
20.50 3.50 10.50 30.00 30.50
39.00 42.50 37.00 31.00 5.00
1.50 16.00 19.00 7.00 43.50
36.00 7.00 2.00 45.00 49.50
47.50 37.00 15.50 38.00 20.00
26.50 29.50 31.00 6.00 45.50
29.50 47.50 19.50 44.50 32.00
17.00 24.00 48.50 18.50 31.00
33.00 18.50 28.50 17.50 26.50
21.00 29.50 4.50 45.50 16.50
31.50 2.00 27.00 34.50 8.00
