# nJobs | nMachines
200 20
# Job Weights
2
56
59
19
72
86
59
23
70
27
51
63
17
94
86
55
8
55
59
84
13
54
99
67
65
2
88
71
54
92
83
80
40
94
66
27
13
90
34
96
36
8
41
59
46
59
34
23
47
60
81
75
29
100
8
44
56
4
76
2
65
74
43
22
73
48
37
65
12
19
3
66
70
60
31
90
7
9
68
8
35
86
57
55
92
69
9
79
67
12
4
98
3
87
50
68
90
73
61
98
31
11
65
68
10
89
54
86
89
26
84
70
17
12
22
42
25
81
86
98
6
83
85
76
20
23
3
25
70
37
54
93
71
88
13
13
24
19
76
18
83
75
85
63
43
77
40
96
54
60
97
19
88
52
41
55
16
6
71
36
47
92
2
10
63
19
88
51
93
67
59
24
27
39
93
36
17
31
69
15
91
82
97
82
50
99
67
4
87
99
60
81
44
70
39
20
85
24
95
63
# P_bar : m1 | m2 | m3 | m4 | m5 | m6 | m7 | m8 | m9 | m10 | m11 | m12 | m13 | m14 | m15 | m16 | m17 | m18 | m19 | m20
68 10 77 68 26 99 88 68 93 10 9 79 44 84 35 18 75 89 52 32
40 76 30 48 97 58 35 29 33 99 93 2 40 1 3 77 43 41 89 78
43 75 88 56 5 61 33 75 48 37 84 54 27 47 9 73 70 16 39 84
72 29 21 54 89 33 93 63 71 79 58 78 41 60 71 91 11 7 71 27
87 10 29 38 77 30 84 2 46 24 14 71 9 31 99 96 64 84 72 32
59 86 12 65 47 49 19 18 23 82 31 65 77 76 89 10 88 53 71 84
67 62 2 56 60 54 43 43 7 12 19 95 98 12 92 58 94 56 68 74
89 26 95 29 12 36 14 6 70 84 16 21 64 75 60 70 9 71 42 72
84 1 24 21 96 38 22 13 78 49 41 18 14 90 44 42 29 40 94 85
43 62 20 99 63 63 1 55 71 15 9 54 2 72 59 21 58 17 83 60
92 89 66 34 27 97 55 84 34 48 67 1 19 8 8 11 90 33 14 55
90 2 82 25 87 45 5 1 43 58 74 87 9 86 51 88 78 3 76 60
23 62 45 66 46 65 14 70 88 9 85 29 19 86 60 91 63 51 90 8
20 96 4 54 10 26 82 25 35 74 90 19 28 70 35 78 34 76 14 34
97 99 22 1 97 76 84 38 6 22 77 38 69 46 5 70 71 2 83 54
57 91 81 52 59 23 10 98 59 43 40 44 90 52 81 53 49 63 3 47
33 85 56 23 58 40 17 17 43 84 33 46 71 31 67 51 69 84 1 60
7 42 85 50 73 91 39 23 98 18 42 25 83 36 70 96 97 55 12 8
69 7 3 61 11 51 39 28 22 30 74 48 2 10 79 27 10 3 51 39
56 4 82 36 31 41 75 80 13 86 16 66 16 19 7 47 43 82 46 42
16 23 94 60 41 8 59 24 43 53 45 81 9 85 51 30 22 46 2 10
41 74 72 1 23 42 51 29 64 87 62 42 60 49 1 37 16 58 92 62
7 83 96 57 36 71 30 16 18 79 44 48 1 61 38 63 31 24 23 52
74 41 55 38 54 20 71 13 25 83 68 34 44 10 91 61 22 57 69 65
54 63 3 68 7 54 95 35 62 93 76 73 25 26 3 73 62 59 65 32
67 99 63 45 31 19 17 31 53 7 76 32 86 38 88 80 14 86 30 61
15 55 65 85 90 32 46 40 85 78 78 68 45 97 88 5 11 39 48 9
85 37 20 13 83 65 61 40 31 31 29 60 68 71 6 82 46 55 70 25
83 23 4 55 65 27 37 22 47 95 15 63 1 34 68 49 85 69 15 15
42 1 95 98 61 20 93 59 23 32 30 49 56 74 26 11 59 36 62 56
29 84 20 12 15 99 28 78 95 55 93 19 64 12 38 79 73 98 48 3
64 46 57 97 10 81 57 10 74 46 16 54 7 77 93 78 22 82 19 13
3 31 38 6 61 87 7 94 36 3 38 14 68 16 89 57 70 44 49 59
9 93 46 94 55 4 53 80 29 93 27 40 96 55 85 47 52 70 5 95
35 79 76 43 81 10 82 86 39 36 32 83 30 90 82 91 70 67 22 93
24 32 10 86 87 2 22 18 43 77 31 66 62 61 99 92 45 74 45 49
72 71 79 2 81 61 50 34 59 67 88 27 32 43 47 94 45 61 15 67
70 60 7 84 50 10 93 69 24 29 79 89 25 42 60 33 37 38 29 17
47 42 12 94 43 22 29 94 42 70 86 69 27 81 4 52 2 87 65 39
78 24 60 28 67 59 9 9 88 34 61 34 97 1 41 12 90 35 72 91
60 51 85 68 54 45 76 87 16 45 30 27 54 8 86 37 2 37 45 60
11 98 73 45 79 8 20 24 23 16 55 3 28 51 12 47 40 98 53 90
60 64 18 43 26 27 6 44 33 99 8 97 65 16 19 39 70 26 8 94
5 85 75 89 64 24 39 31 20 70 90 40 7 14 80 4 93 49 11 53
24 31 77 86 83 53 49 38 2 48 70 57 71 25 37 50 44 12 21 25
52 11 71 8 56 53 31 25 1 86 58 3 74 92 55 90 71 52 46 12
39 95 83 32 8 84 20 29 47 31 35 45 8 98 59 58 83 49 95 63
14 58 63 62 78 46 79 70 39 88 11 42 46 28 55 46 13 92 42 75
65 57 52 11 27 17 46 3 84 69 66 1 76 97 26 14 3 43 66 63
99 28 66 36 1 5 22 69 94 10 63 63 45 38 40 84 99 75 23 7
69 76 30 3 97 77 78 77 40 54 26 14 11 95 22 97 27 83 39 80
96 40 71 23 35 96 19 26 74 12 92 29 92 78 72 49 98 3 86 16
54 96 57 79 29 41 87 63 34 10 29 53 54 48 90 33 62 99 4 39
37 54 83 99 22 3 85 91 7 74 98 5 31 66 39 48 17 87 95 37
35 91 34 57 16 99 8 49 20 86 59 71 51 18 60 68 35 60 8 7
19 90 31 4 87 99 2 5 80 56 18 44 48 19 14 36 71 92 41 1
10 41 11 69 79 37 57 30 34 82 39 57 27 25 92 66 94 75 85 38
88 72 50 69 82 2 99 79 50 40 1 77 55 79 47 6 58 53 66 48
61 37 22 30 65 10 69 59 26 93 27 43 39 90 90 54 77 30 68 38
95 38 7 99 62 40 55 73 28 10 4 59 71 26 43 16 29 59 37 39
18 64 82 51 99 63 14 40 8 59 38 25 18 48 15 7 61 95 51 83
49 98 34 66 22 29 24 54 30 11 42 52 48 81 8 35 41 85 46 27
69 36 5 33 79 82 42 30 49 35 69 19 8 95 24 64 47 63 93 14
86 20 62 13 37 14 64 18 4 84 4 34 35 37 93 18 2 21 59 46
28 3 3 89 31 39 96 18 1 88 68 16 62 6 40 8 16 78 14 46
6 41 68 73 30 11 40 62 31 40 30 38 52 86 68 61 41 72 25 59
40 93 35 26 40 18 87 20 18 78 39 61 65 83 68 41 59 87 71 12
88 44 79 25 93 44 43 26 1 57 75 53 95 67 67 65 27 52 15 20
94 3 10 88 22 37 96 52 43 21 87 36 55 74 41 71 18 39 89 7
78 19 60 70 91 77 94 90 79 5 45 87 7 91 72 34 33 93 94 85
43 66 67 72 8 40 75 47 98 68 83 3 37 99 72 35 1 22 61 74
31 55 10 56 44 81 27 99 87 73 30 56 91 55 73 92 99 82 5 49
54 66 87 1 95 28 97 18 72 13 55 1 91 79 44 70 3 21 45 48
80 68 25 6 93 52 51 69 70 71 37 4 73 46 34 65 15 65 52 6
11 1 24 97 83 64 75 40 26 35 31 4 56 10 24 76 45 81 9 73
27 5 4 57 38 21 33 21 23 13 74 98 22 52 19 71 82 59 70 57
3 59 36 64 74 39 13 49 1 71 49 90 98 22 27 81 20 73 50 44
32 64 44 40 24 97 32 18 68 76 18 23 96 39 31 32 11 74 44 41
2 1 22 4 50 37 93 89 31 28 76 78 82 8 80 27 90 33 79 35
49 5 8 71 75 40 53 86 62 13 46 64 84 13 4 95 65 53 64 68
27 11 49 84 60 75 38 28 48 52 78 90 31 32 94 49 73 47 47 61
81 46 97 50 15 9 16 53 17 58 99 18 44 4 3 51 71 69 4 1
18 10 8 1 73 4 45 14 69 31 58 19 19 7 31 65 26 11 59 16
83 56 9 30 68 69 79 91 13 53 84 67 60 47 38 17 97 31 45 37
84 25 18 84 63 22 90 87 14 12 89 82 19 34 44 91 50 69 91 70
49 95 34 33 79 54 48 18 42 24 74 16 56 1 87 23 43 67 35 26
64 12 54 69 40 86 37 51 37 83 1 53 6 12 77 17 7 3 71 76
20 48 42 19 2 41 72 73 21 71 86 18 45 93 2 19 78 21 63 87
52 11 70 37 45 59 53 35 12 49 95 17 24 62 66 28 27 29 94 42
42 45 59 25 94 56 71 38 37 78 58 25 10 11 20 70 50 28 86 26
51 25 8 27 3 76 22 53 95 15 17 71 6 81 79 67 70 45 3 22
66 62 29 71 16 47 63 41 42 24 18 12 44 26 89 40 65 2 77 2
95 12 6 55 29 53 25 29 3 6 70 24 57 31 90 81 96 53 37 81
18 67 42 19 55 38 9 44 21 72 49 32 43 41 84 54 27 36 84 55
37 17 33 43 3 6 38 8 75 48 21 44 1 5 40 52 66 5 50 12
70 59 67 80 72 26 58 93 15 3 43 39 42 40 8 38 18 79 97 47
22 30 7 93 87 27 42 47 5 49 26 40 20 11 65 6 96 76 21 26
87 73 64 76 64 81 84 26 21 81 67 47 83 56 80 8 66 32 42 91
67 34 7 52 33 17 54 61 51 15 66 53 57 67 50 31 82 87 6 37
15 27 60 26 64 87 58 47 99 13 89 75 34 49 89 98 23 4 19 41
1 50 79 70 64 22 12 99 38 36 66 83 67 92 29 14 69 44 96 11
37 87 26 36 32 32 99 57 55 94 63 35 64 8 98 17 28 8 51 82
91 77 57 23 23 34 24 50 80 3 88 53 92 79 45 31 95 16 53 26
59 88 98 72 94 37 85 48 36 35 45 1 35 5 66 37 38 93 95 57
2 80 27 23 93 58 35 50 39 37 52 35 55 72 64 85 89 93 76 33
44 75 66 28 69 7 13 2 99 48 89 67 99 77 86 84 19 64 95 21
29 41 89 14 75 53 20 20 59 66 83 26 23 60 75 7 6 65 50 37
37 84 90 48 65 70 54 80 35 31 80 13 52 21 64 54 52 1 52 67
30 24 44 54 68 20 46 6 1 4 58 52 30 23 83 40 70 40 27 22
20 27 91 86 93 88 23 75 96 6 52 31 6 51 12 95 4 74 97 33
19 52 36 81 4 34 27 70 64 23 21 11 81 16 69 97 81 59 96 47
79 73 66 12 91 34 90 16 84 48 34 37 91 73 7 44 1 21 88 3
41 75 71 26 15 27 74 73 38 50 96 13 89 59 27 4 36 79 92 55
79 23 32 76 83 40 96 4 79 41 69 73 45 20 20 46 30 9 33 19
49 52 80 41 38 46 52 45 75 23 81 37 33 83 92 10 13 2 23 61
21 97 25 89 34 38 55 92 12 57 65 56 55 9 28 63 90 70 38 38
97 40 32 70 67 35 12 15 46 5 61 55 74 60 36 76 30 88 37 63
86 50 39 54 24 99 61 70 60 5 82 81 46 68 2 23 66 3 11 42
15 95 38 6 78 65 63 41 33 23 75 61 50 14 86 95 28 95 6 20
57 34 5 65 41 58 13 6 81 21 61 75 29 67 71 73 36 77 55 62
76 2 97 7 87 17 56 42 13 58 22 34 2 86 34 78 38 76 40 45
14 76 56 14 55 5 49 42 86 96 52 2 80 35 74 46 48 94 1 78
57 26 65 88 83 41 50 21 5 9 10 29 12 58 86 40 97 90 69 57
80 48 14 98 5 46 85 7 76 40 50 2 63 13 68 34 56 67 96 31
93 16 58 57 34 14 42 43 12 2 30 60 96 55 94 92 92 27 76 33
31 20 35 19 16 10 52 64 46 55 84 17 88 57 78 42 93 18 46 71
66 86 97 72 57 70 54 89 39 2 86 55 47 14 38 56 81 49 66 73
30 62 24 41 66 44 47 77 91 9 16 3 21 79 77 4 24 3 8 87
82 54 46 40 23 97 70 41 86 78 54 94 30 72 69 63 38 79 84 46
11 50 91 62 13 79 36 93 49 37 54 70 44 27 56 93 39 12 62 21
71 26 53 47 35 50 49 33 7 52 70 35 64 42 12 72 33 6 95 52
94 4 29 65 8 57 81 36 56 78 37 71 51 59 64 63 7 72 30 95
35 4 72 14 17 68 23 73 75 18 18 62 95 58 99 62 75 46 20 66
71 59 43 99 20 80 64 66 73 85 96 92 57 36 41 30 43 7 90 24
76 24 62 65 18 47 20 64 58 79 80 39 96 63 25 91 92 56 66 27
76 14 27 14 66 27 97 43 88 6 80 47 62 1 58 96 44 33 76 63
26 49 57 99 10 12 36 8 3 23 21 10 11 45 20 53 35 59 46 48
31 35 14 65 48 24 36 75 40 47 58 72 8 10 86 19 2 86 38 43
58 78 92 62 71 88 53 50 56 82 70 5 92 8 58 40 96 33 41 87
31 77 69 30 64 3 88 11 43 66 71 40 1 66 13 14 28 28 83 44
98 72 61 6 97 98 42 41 27 24 62 1 51 62 20 16 13 84 43 87
26 10 8 80 59 29 93 50 93 14 4 15 32 95 11 66 67 59 37 58
92 87 78 52 25 23 94 15 30 9 1 67 96 88 33 54 61 54 93 24
11 24 43 35 67 8 61 71 36 37 4 10 88 69 55 54 71 99 80 50
72 26 53 25 5 55 92 76 10 1 69 31 15 38 5 64 20 30 68 33
46 46 2 54 15 86 16 73 98 33 70 40 5 30 71 86 54 14 92 62
20 40 72 44 33 98 4 23 65 94 77 7 56 60 62 31 53 65 94 56
38 86 23 40 6 90 88 21 49 82 28 54 68 33 50 99 75 34 21 86
57 40 85 99 27 46 75 80 59 60 47 86 10 87 93 10 58 6 68 58
5 8 49 21 34 22 85 40 76 79 78 4 89 91 74 2 74 91 53 42
19 39 6 74 12 19 28 43 10 4 64 2 43 48 6 74 65 89 76 84
65 11 34 10 28 24 7 40 24 69 58 89 4 46 39 29 21 80 40 35
35 96 6 46 15 95 84 6 84 92 47 36 51 18 90 77 60 34 4 91
89 74 51 99 36 75 63 4 11 51 17 33 84 31 5 14 72 35 89 49
41 22 17 88 22 97 69 46 8 7 67 98 35 22 81 30 4 91 52 52
15 22 66 91 82 95 94 30 33 36 84 70 53 2 28 14 85 44 54 86
99 50 31 57 43 99 23 66 54 96 59 91 82 96 33 48 47 52 87 45
19 6 58 85 97 78 2 16 90 40 51 64 41 56 78 1 80 73 86 62
74 95 84 62 6 30 43 26 30 15 47 41 62 17 95 4 71 93 20 3
63 83 70 46 28 6 26 25 51 53 61 19 78 49 82 71 26 98 15 50
92 70 87 88 65 86 7 39 24 90 51 24 72 87 38 54 73 30 61 83
29 1 99 11 45 59 44 69 4 19 97 84 32 35 41 30 36 20 25 57
47 8 88 27 73 7 12 45 51 19 65 50 17 69 4 42 38 58 85 8
80 94 60 35 63 61 51 39 16 97 7 51 9 66 94 43 13 34 58 88
7 65 4 50 41 53 19 90 67 39 71 60 67 69 44 33 66 14 6 10
43 70 2 68 12 54 5 50 21 37 75 3 74 30 10 32 82 46 40 88
89 61 99 58 11 25 62 32 90 4 47 56 27 30 28 12 2 61 98 50
9 80 79 47 85 55 28 92 9 25 83 79 55 77 33 68 76 73 93 22
99 82 49 44 82 8 96 87 18 63 1 8 76 98 66 8 29 87 78 49
38 23 53 37 41 80 9 10 6 95 46 34 1 55 16 82 90 41 55 44
76 51 16 76 87 52 70 43 72 12 54 93 41 78 45 27 36 9 75 6
52 92 64 30 84 67 8 14 33 55 76 79 73 45 51 59 32 57 97 26
48 25 72 98 25 17 94 18 54 89 54 72 89 84 89 20 84 82 52 34
55 23 59 57 59 78 22 91 27 11 59 7 2 47 69 60 78 17 27 40
17 40 62 7 89 57 74 12 46 38 37 90 45 58 23 76 94 19 32 26
63 69 66 15 86 92 94 28 52 47 47 2 99 24 9 44 45 32 81 49
92 42 92 84 15 1 13 34 69 45 55 76 37 56 8 29 14 47 73 93
77 13 28 39 17 42 9 72 34 27 76 1 74 50 43 68 72 89 29 77
31 17 72 62 44 70 95 87 29 2 75 7 95 53 64 24 3 2 34 38
44 27 50 1 71 34 78 36 92 98 23 57 78 12 15 46 18 94 35 15
76 74 80 41 15 86 51 7 14 89 41 19 48 43 15 94 58 17 78 50
18 7 48 59 10 78 26 48 62 24 28 2 95 73 26 79 87 98 29 15
7 25 12 92 68 69 58 21 39 58 78 11 11 3 48 68 30 13 45 22
40 73 32 51 58 87 53 56 27 84 58 84 28 32 9 49 73 84 25 88
47 81 76 82 33 49 31 5 4 33 51 9 21 91 11 85 71 12 54 42
73 84 33 49 14 34 74 88 96 24 40 88 8 25 56 87 5 66 74 63
41 40 65 78 3 80 35 16 63 71 16 50 88 44 75 17 77 90 77 56
70 28 18 87 89 38 59 4 15 25 21 52 29 55 75 99 60 86 85 61
86 86 88 60 94 14 39 43 62 14 88 49 60 97 63 76 6 83 64 64
8 17 60 55 19 93 53 49 63 37 59 10 2 10 17 81 61 75 2 63
63 66 67 57 33 86 53 42 40 45 3 23 47 42 93 52 23 67 27 30
77 33 54 70 55 35 43 91 72 30 39 30 15 73 38 24 29 33 81 4
91 20 61 11 55 18 18 64 30 27 73 75 1 74 22 57 2 40 17 21
24 84 72 62 37 11 37 99 30 43 34 43 64 16 22 8 67 56 31 95
19 23 50 53 26 19 8 60 91 36 45 88 55 47 17 36 69 21 37 20
63 73 42 95 22 29 69 9 94 88 20 66 32 68 24 67 38 43 20 30
72 25 30 97 75 56 18 11 88 44 66 23 49 9 93 57 37 1 69 86
17 87 24 9 4 2 68 10 89 20 35 34 20 92 17 66 80 92 59 95
46 2 27 85 82 58 63 88 99 29 96 1 33 4 48 5 51 4 39 82
66 15 6 17 30 2 48 41 63 48 24 82 68 48 27 69 34 44 13 10
# P_hat : m1 | m2 | m3 | m4 | m5 | m6 | m7 | m8 | m9 | m10 | m11 | m12 | m13 | m14 | m15 | m16 | m17 | m18 | m19 | m20
27.20 4.00 30.80 27.20 10.40 39.60 35.20 27.20 37.20 4.00 3.60 31.60 17.60 33.60 14.00 7.20 30.00 35.60 20.80 12.80
16.00 30.40 12.00 19.20 38.80 23.20 14.00 11.60 13.20 39.60 37.20 0.80 16.00 0.40 1.20 30.80 17.20 16.40 35.60 31.20
17.20 30.00 35.20 22.40 2.00 24.40 13.20 30.00 19.20 14.80 33.60 21.60 10.80 18.80 3.60 29.20 28.00 6.40 15.60 33.60
28.80 11.60 8.40 21.60 35.60 13.20 37.20 25.20 28.40 31.60 23.20 31.20 16.40 24.00 28.40 36.40 4.40 2.80 28.40 10.80
34.80 4.00 11.60 15.20 30.80 12.00 33.60 0.80 18.40 9.60 5.60 28.40 3.60 12.40 39.60 38.40 25.60 33.60 28.80 12.80
23.60 34.40 4.80 26.00 18.80 19.60 7.60 7.20 9.20 32.80 12.40 26.00 30.80 30.40 35.60 4.00 35.20 21.20 28.40 33.60
26.80 24.80 0.80 22.40 24.00 21.60 17.20 17.20 2.80 4.80 7.60 38.00 39.20 4.80 36.80 23.20 37.60 22.40 27.20 29.60
35.60 10.40 38.00 11.60 4.80 14.40 5.60 2.40 28.00 33.60 6.40 8.40 25.60 30.00 24.00 28.00 3.60 28.40 16.80 28.80
33.60 0.40 9.60 8.40 38.40 15.20 8.80 5.20 31.20 19.60 16.40 7.20 5.60 36.00 17.60 16.80 11.60 16.00 37.60 34.00
17.20 24.80 8.00 39.60 25.20 25.20 0.40 22.00 28.40 6.00 3.60 21.60 0.80 28.80 23.60 8.40 23.20 6.80 33.20 24.00
36.80 35.60 26.40 13.60 10.80 38.80 22.00 33.60 13.60 19.20 26.80 0.40 7.60 3.20 3.20 4.40 36.00 13.20 5.60 22.00
36.00 0.80 32.80 10.00 34.80 18.00 2.00 0.40 17.20 23.20 29.60 34.80 3.60 34.40 20.40 35.20 31.20 1.20 30.40 24.00
9.20 24.80 18.00 26.40 18.40 26.00 5.60 28.00 35.20 3.60 34.00 11.60 7.60 34.40 24.00 36.40 25.20 20.40 36.00 3.20
8.00 38.40 1.60 21.60 4.00 10.40 32.80 10.00 14.00 29.60 36.00 7.60 11.20 28.00 14.00 31.20 13.60 30.40 5.60 13.60
38.80 39.60 8.80 0.40 38.80 30.40 33.60 15.20 2.40 8.80 30.80 15.20 27.60 18.40 2.00 28.00 28.40 0.80 33.20 21.60
22.80 36.40 32.40 20.80 23.60 9.20 4.00 39.20 23.60 17.20 16.00 17.60 36.00 20.80 32.40 21.20 19.60 25.20 1.20 18.80
13.20 34.00 22.40 9.20 23.20 16.00 6.80 6.80 17.20 33.60 13.20 18.40 28.40 12.40 26.80 20.40 27.60 33.60 0.40 24.00
2.80 16.80 34.00 20.00 29.20 36.40 15.60 9.20 39.20 7.20 16.80 10.00 33.20 14.40 28.00 38.40 38.80 22.00 4.80 3.20
27.60 2.80 1.20 24.40 4.40 20.40 15.60 11.20 8.80 12.00 29.60 19.20 0.80 4.00 31.60 10.80 4.00 1.20 20.40 15.60
22.40 1.60 32.80 14.40 12.40 16.40 30.00 32.00 5.20 34.40 6.40 26.40 6.40 7.60 2.80 18.80 17.20 32.80 18.40 16.80
6.40 9.20 37.60 24.00 16.40 3.20 23.60 9.60 17.20 21.20 18.00 32.40 3.60 34.00 20.40 12.00 8.80 18.40 0.80 4.00
16.40 29.60 28.80 0.40 9.20 16.80 20.40 11.60 25.60 34.80 24.80 16.80 24.00 19.60 0.40 14.80 6.40 23.20 36.80 24.80
2.80 33.20 38.40 22.80 14.40 28.40 12.00 6.40 7.20 31.60 17.60 19.20 0.40 24.40 15.20 25.20 12.40 9.60 9.20 20.80
29.60 16.40 22.00 15.20 21.60 8.00 28.40 5.20 10.00 33.20 27.20 13.60 17.60 4.00 36.40 24.40 8.80 22.80 27.60 26.00
21.60 25.20 1.20 27.20 2.80 21.60 38.00 14.00 24.80 37.20 30.40 29.20 10.00 10.40 1.20 29.20 24.80 23.60 26.00 12.80
26.80 39.60 25.20 18.00 12.40 7.60 6.80 12.40 21.20 2.80 30.40 12.80 34.40 15.20 35.20 32.00 5.60 34.40 12.00 24.40
6.00 22.00 26.00 34.00 36.00 12.80 18.40 16.00 34.00 31.20 31.20 27.20 18.00 38.80 35.20 2.00 4.40 15.60 19.20 3.60
34.00 14.80 8.00 5.20 33.20 26.00 24.40 16.00 12.40 12.40 11.60 24.00 27.20 28.40 2.40 32.80 18.40 22.00 28.00 10.00
33.20 9.20 1.60 22.00 26.00 10.80 14.80 8.80 18.80 38.00 6.00 25.20 0.40 13.60 27.20 19.60 34.00 27.60 6.00 6.00
16.80 0.40 38.00 39.20 24.40 8.00 37.20 23.60 9.20 12.80 12.00 19.60 22.40 29.60 10.40 4.40 23.60 14.40 24.80 22.40
11.60 33.60 8.00 4.80 6.00 39.60 11.20 31.20 38.00 22.00 37.20 7.60 25.60 4.80 15.20 31.60 29.20 39.20 19.20 1.20
25.60 18.40 22.80 38.80 4.00 32.40 22.80 4.00 29.60 18.40 6.40 21.60 2.80 30.80 37.20 31.20 8.80 32.80 7.60 5.20
1.20 12.40 15.20 2.40 24.40 34.80 2.80 37.60 14.40 1.20 15.20 5.60 27.20 6.40 35.60 22.80 28.00 17.60 19.60 23.60
3.60 37.20 18.40 37.60 22.00 1.60 21.20 32.00 11.60 37.20 10.80 16.00 38.40 22.00 34.00 18.80 20.80 28.00 2.00 38.00
14.00 31.60 30.40 17.20 32.40 4.00 32.80 34.40 15.60 14.40 12.80 33.20 12.00 36.00 32.80 36.40 28.00 26.80 8.80 37.20
9.60 12.80 4.00 34.40 34.80 0.80 8.80 7.20 17.20 30.80 12.40 26.40 24.80 24.40 39.60 36.80 18.00 29.60 18.00 19.60
28.80 28.40 31.60 0.80 32.40 24.40 20.00 13.60 23.60 26.80 35.20 10.80 12.80 17.20 18.80 37.60 18.00 24.40 6.00 26.80
28.00 24.00 2.80 33.60 20.00 4.00 37.20 27.60 9.60 11.60 31.60 35.60 10.00 16.80 24.00 13.20 14.80 15.20 11.60 6.80
18.80 16.80 4.80 37.60 17.20 8.80 11.60 37.60 16.80 28.00 34.40 27.60 10.80 32.40 1.60 20.80 0.80 34.80 26.00 15.60
31.20 9.60 24.00 11.20 26.80 23.60 3.60 3.60 35.20 13.60 24.40 13.60 38.80 0.40 16.40 4.80 36.00 14.00 28.80 36.40
24.00 20.40 34.00 27.20 21.60 18.00 30.40 34.80 6.40 18.00 12.00 10.80 21.60 3.20 34.40 14.80 0.80 14.80 18.00 24.00
4.40 39.20 29.20 18.00 31.60 3.20 8.00 9.60 9.20 6.40 22.00 1.20 11.20 20.40 4.80 18.80 16.00 39.20 21.20 36.00
24.00 25.60 7.20 17.20 10.40 10.80 2.40 17.60 13.20 39.60 3.20 38.80 26.00 6.40 7.60 15.60 28.00 10.40 3.20 37.60
2.00 34.00 30.00 35.60 25.60 9.60 15.60 12.40 8.00 28.00 36.00 16.00 2.80 5.60 32.00 1.60 37.20 19.60 4.40 21.20
9.60 12.40 30.80 34.40 33.20 21.20 19.60 15.20 0.80 19.20 28.00 22.80 28.40 10.00 14.80 20.00 17.60 4.80 8.40 10.00
20.80 4.40 28.40 3.20 22.40 21.20 12.40 10.00 0.40 34.40 23.20 1.20 29.60 36.80 22.00 36.00 28.40 20.80 18.40 4.80
15.60 38.00 33.20 12.80 3.20 33.60 8.00 11.60 18.80 12.40 14.00 18.00 3.20 39.20 23.60 23.20 33.20 19.60 38.00 25.20
5.60 23.20 25.20 24.80 31.20 18.40 31.60 28.00 15.60 35.20 4.40 16.80 18.40 11.20 22.00 18.40 5.20 36.80 16.80 30.00
26.00 22.80 20.80 4.40 10.80 6.80 18.40 1.20 33.60 27.60 26.40 0.40 30.40 38.80 10.40 5.60 1.20 17.20 26.40 25.20
39.60 11.20 26.40 14.40 0.40 2.00 8.80 27.60 37.60 4.00 25.20 25.20 18.00 15.20 16.00 33.60 39.60 30.00 9.20 2.80
27.60 30.40 12.00 1.20 38.80 30.80 31.20 30.80 16.00 21.60 10.40 5.60 4.40 38.00 8.80 38.80 10.80 33.20 15.60 32.00
38.40 16.00 28.40 9.20 14.00 38.40 7.60 10.40 29.60 4.80 36.80 11.60 36.80 31.20 28.80 19.60 39.20 1.20 34.40 6.40
21.60 38.40 22.80 31.60 11.60 16.40 34.80 25.20 13.60 4.00 11.60 21.20 21.60 19.20 36.00 13.20 24.80 39.60 1.60 15.60
14.80 21.60 33.20 39.60 8.80 1.20 34.00 36.40 2.80 29.60 39.20 2.00 12.40 26.40 15.60 19.20 6.80 34.80 38.00 14.80
14.00 36.40 13.60 22.80 6.40 39.60 3.20 19.60 8.00 34.40 23.60 28.40 20.40 7.20 24.00 27.20 14.00 24.00 3.20 2.80
7.60 36.00 12.40 1.60 34.80 39.60 0.80 2.00 32.00 22.40 7.20 17.60 19.20 7.60 5.60 14.40 28.40 36.80 16.40 0.40
4.00 16.40 4.40 27.60 31.60 14.80 22.80 12.00 13.60 32.80 15.60 22.80 10.80 10.00 36.80 26.40 37.60 30.00 34.00 15.20
35.20 28.80 20.00 27.60 32.80 0.80 39.60 31.60 20.00 16.00 0.40 30.80 22.00 31.60 18.80 2.40 23.20 21.20 26.40 19.20
24.40 14.80 8.80 12.00 26.00 4.00 27.60 23.60 10.40 37.20 10.80 17.20 15.60 36.00 36.00 21.60 30.80 12.00 27.20 15.20
38.00 15.20 2.80 39.60 24.80 16.00 22.00 29.20 11.20 4.00 1.60 23.60 28.40 10.40 17.20 6.40 11.60 23.60 14.80 15.60
7.20 25.60 32.80 20.40 39.60 25.20 5.60 16.00 3.20 23.60 15.20 10.00 7.20 19.20 6.00 2.80 24.40 38.00 20.40 33.20
19.60 39.20 13.60 26.40 8.80 11.60 9.60 21.60 12.00 4.40 16.80 20.80 19.20 32.40 3.20 14.00 16.40 34.00 18.40 10.80
27.60 14.40 2.00 13.20 31.60 32.80 16.80 12.00 19.60 14.00 27.60 7.60 3.20 38.00 9.60 25.60 18.80 25.20 37.20 5.60
34.40 8.00 24.80 5.20 14.80 5.60 25.60 7.20 1.60 33.60 1.60 13.60 14.00 14.80 37.20 7.20 0.80 8.40 23.60 18.40
11.20 1.20 1.20 35.60 12.40 15.60 38.40 7.20 0.40 35.20 27.20 6.40 24.80 2.40 16.00 3.20 6.40 31.20 5.60 18.40
2.40 16.40 27.20 29.20 12.00 4.40 16.00 24.80 12.40 16.00 12.00 15.20 20.80 34.40 27.20 24.40 16.40 28.80 10.00 23.60
16.00 37.20 14.00 10.40 16.00 7.20 34.80 8.00 7.20 31.20 15.60 24.40 26.00 33.20 27.20 16.40 23.60 34.80 28.40 4.80
35.20 17.60 31.60 10.00 37.20 17.60 17.20 10.40 0.40 22.80 30.00 21.20 38.00 26.80 26.80 26.00 10.80 20.80 6.00 8.00
37.60 1.20 4.00 35.20 8.80 14.80 38.40 20.80 17.20 8.40 34.80 14.40 22.00 29.60 16.40 28.40 7.20 15.60 35.60 2.80
31.20 7.60 24.00 28.00 36.40 30.80 37.60 36.00 31.60 2.00 18.00 34.80 2.80 36.40 28.80 13.60 13.20 37.20 37.60 34.00
17.20 26.40 26.80 28.80 3.20 16.00 30.00 18.80 39.20 27.20 33.20 1.20 14.80 39.60 28.80 14.00 0.40 8.80 24.40 29.60
12.40 22.00 4.00 22.40 17.60 32.40 10.80 39.60 34.80 29.20 12.00 22.40 36.40 22.00 29.20 36.80 39.60 32.80 2.00 19.60
21.60 26.40 34.80 0.40 38.00 11.20 38.80 7.20 28.80 5.20 22.00 0.40 36.40 31.60 17.60 28.00 1.20 8.40 18.00 19.20
32.00 27.20 10.00 2.40 37.20 20.80 20.40 27.60 28.00 28.40 14.80 1.60 29.20 18.40 13.60 26.00 6.00 26.00 20.80 2.40
4.40 0.40 9.60 38.80 33.20 25.60 30.00 16.00 10.40 14.00 12.40 1.60 22.40 4.00 9.60 30.40 18.00 32.40 3.60 29.20
10.80 2.00 1.60 22.80 15.20 8.40 13.20 8.40 9.20 5.20 29.60 39.20 8.80 20.80 7.60 28.40 32.80 23.60 28.00 22.80
1.20 23.60 14.40 25.60 29.60 15.60 5.20 19.60 0.40 28.40 19.60 36.00 39.20 8.80 10.80 32.40 8.00 29.20 20.00 17.60
12.80 25.60 17.60 16.00 9.60 38.80 12.80 7.20 27.20 30.40 7.20 9.20 38.40 15.60 12.40 12.80 4.40 29.60 17.60 16.40
0.80 0.40 8.80 1.60 20.00 14.80 37.20 35.60 12.40 11.20 30.40 31.20 32.80 3.20 32.00 10.80 36.00 13.20 31.60 14.00
19.60 2.00 3.20 28.40 30.00 16.00 21.20 34.40 24.80 5.20 18.40 25.60 33.60 5.20 1.60 38.00 26.00 21.20 25.60 27.20
10.80 4.40 19.60 33.60 24.00 30.00 15.20 11.20 19.20 20.80 31.20 36.00 12.40 12.80 37.60 19.60 29.20 18.80 18.80 24.40
32.40 18.40 38.80 20.00 6.00 3.60 6.40 21.20 6.80 23.20 39.60 7.20 17.60 1.60 1.20 20.40 28.40 27.60 1.60 0.40
7.20 4.00 3.20 0.40 29.20 1.60 18.00 5.60 27.60 12.40 23.20 7.60 7.60 2.80 12.40 26.00 10.40 4.40 23.60 6.40
33.20 22.40 3.60 12.00 27.20 27.60 31.60 36.40 5.20 21.20 33.60 26.80 24.00 18.80 15.20 6.80 38.80 12.40 18.00 14.80
33.60 10.00 7.20 33.60 25.20 8.80 36.00 34.80 5.60 4.80 35.60 32.80 7.60 13.60 17.60 36.40 20.00 27.60 36.40 28.00
19.60 38.00 13.60 13.20 31.60 21.60 19.20 7.20 16.80 9.60 29.60 6.40 22.40 0.40 34.80 9.20 17.20 26.80 14.00 10.40
25.60 4.80 21.60 27.60 16.00 34.40 14.80 20.40 14.80 33.20 0.40 21.20 2.40 4.80 30.80 6.80 2.80 1.20 28.40 30.40
8.00 19.20 16.80 7.60 0.80 16.40 28.80 29.20 8.40 28.40 34.40 7.20 18.00 37.20 0.80 7.60 31.20 8.40 25.20 34.80
20.80 4.40 28.00 14.80 18.00 23.60 21.20 14.00 4.80 19.60 38.00 6.80 9.60 24.80 26.40 11.20 10.80 11.60 37.60 16.80
16.80 18.00 23.60 10.00 37.60 22.40 28.40 15.20 14.80 31.20 23.20 10.00 4.00 4.40 8.00 28.00 20.00 11.20 34.40 10.40
20.40 10.00 3.20 10.80 1.20 30.40 8.80 21.20 38.00 6.00 6.80 28.40 2.40 32.40 31.60 26.80 28.00 18.00 1.20 8.80
26.40 24.80 11.60 28.40 6.40 18.80 25.20 16.40 16.80 9.60 7.20 4.80 17.60 10.40 35.60 16.00 26.00 0.80 30.80 0.80
38.00 4.80 2.40 22.00 11.60 21.20 10.00 11.60 1.20 2.40 28.00 9.60 22.80 12.40 36.00 32.40 38.40 21.20 14.80 32.40
7.20 26.80 16.80 7.60 22.00 15.20 3.60 17.60 8.40 28.80 19.60 12.80 17.20 16.40 33.60 21.60 10.80 14.40 33.60 22.00
14.80 6.80 13.20 17.20 1.20 2.40 15.20 3.20 30.00 19.20 8.40 17.60 0.40 2.00 16.00 20.80 26.40 2.00 20.00 4.80
28.00 23.60 26.80 32.00 28.80 10.40 23.20 37.20 6.00 1.20 17.20 15.60 16.80 16.00 3.20 15.20 7.20 31.60 38.80 18.80
8.80 12.00 2.80 37.20 34.80 10.80 16.80 18.80 2.00 19.60 10.40 16.00 8.00 4.40 26.00 2.40 38.40 30.40 8.40 10.40
34.80 29.20 25.60 30.40 25.60 32.40 33.60 10.40 8.40 32.40 26.80 18.80 33.20 22.40 32.00 3.20 26.40 12.80 16.80 36.40
26.80 13.60 2.80 20.80 13.20 6.80 21.60 24.40 20.40 6.00 26.40 21.20 22.80 26.80 20.00 12.40 32.80 34.80 2.40 14.80
6.00 10.80 24.00 10.40 25.60 34.80 23.20 18.80 39.60 5.20 35.60 30.00 13.60 19.60 35.60 39.20 9.20 1.60 7.60 16.40
0.40 20.00 31.60 28.00 25.60 8.80 4.80 39.60 15.20 14.40 26.40 33.20 26.80 36.80 11.60 5.60 27.60 17.60 38.40 4.40
14.80 34.80 10.40 14.40 12.80 12.80 39.60 22.80 22.00 37.60 25.20 14.00 25.60 3.20 39.20 6.80 11.20 3.20 20.40 32.80
36.40 30.80 22.80 9.20 9.20 13.60 9.60 20.00 32.00 1.20 35.20 21.20 36.80 31.60 18.00 12.40 38.00 6.40 21.20 10.40
23.60 35.20 39.20 28.80 37.60 14.80 34.00 19.20 14.40 14.00 18.00 0.40 14.00 2.00 26.40 14.80 15.20 37.20 38.00 22.80
0.80 32.00 10.80 9.20 37.20 23.20 14.00 20.00 15.60 14.80 20.80 14.00 22.00 28.80 25.60 34.00 35.60 37.20 30.40 13.20
17.60 30.00 26.40 11.20 27.60 2.80 5.20 0.80 39.60 19.20 35.60 26.80 39.60 30.80 34.40 33.60 7.60 25.60 38.00 8.40
11.60 16.40 35.60 5.60 30.00 21.20 8.00 8.00 23.60 26.40 33.20 10.40 9.20 24.00 30.00 2.80 2.40 26.00 20.00 14.80
14.80 33.60 36.00 19.20 26.00 28.00 21.60 32.00 14.00 12.40 32.00 5.20 20.80 8.40 25.60 21.60 20.80 0.40 20.80 26.80
12.00 9.60 17.60 21.60 27.20 8.00 18.40 2.40 0.40 1.60 23.20 20.80 12.00 9.20 33.20 16.00 28.00 16.00 10.80 8.80
8.00 10.80 36.40 34.40 37.20 35.20 9.20 30.00 38.40 2.40 20.80 12.40 2.40 20.40 4.80 38.00 1.60 29.60 38.80 13.20
7.60 20.80 14.40 32.40 1.60 13.60 10.80 28.00 25.60 9.20 8.40 4.40 32.40 6.40 27.60 38.80 32.40 23.60 38.40 18.80
31.60 29.20 26.40 4.80 36.40 13.60 36.00 6.40 33.60 19.20 13.60 14.80 36.40 29.20 2.80 17.60 0.40 8.40 35.20 1.20
16.40 30.00 28.40 10.40 6.00 10.80 29.60 29.20 15.20 20.00 38.40 5.20 35.60 23.60 10.80 1.60 14.40 31.60 36.80 22.00
31.60 9.20 12.80 30.40 33.20 16.00 38.40 1.60 31.60 16.40 27.60 29.20 18.00 8.00 8.00 18.40 12.00 3.60 13.20 7.60
19.60 20.80 32.00 16.40 15.20 18.40 20.80 18.00 30.00 9.20 32.40 14.80 13.20 33.20 36.80 4.00 5.20 0.80 9.20 24.40
8.40 38.80 10.00 35.60 13.60 15.20 22.00 36.80 4.80 22.80 26.00 22.40 22.00 3.60 11.20 25.20 36.00 28.00 15.20 15.20
38.80 16.00 12.80 28.00 26.80 14.00 4.80 6.00 18.40 2.00 24.40 22.00 29.60 24.00 14.40 30.40 12.00 35.20 14.80 25.20
34.40 20.00 15.60 21.60 9.60 39.60 24.40 28.00 24.00 2.00 32.80 32.40 18.40 27.20 0.80 9.20 26.40 1.20 4.40 16.80
6.00 38.00 15.20 2.40 31.20 26.00 25.20 16.40 13.20 9.20 30.00 24.40 20.00 5.60 34.40 38.00 11.20 38.00 2.40 8.00
22.80 13.60 2.00 26.00 16.40 23.20 5.20 2.40 32.40 8.40 24.40 30.00 11.60 26.80 28.40 29.20 14.40 30.80 22.00 24.80
30.40 0.80 38.80 2.80 34.80 6.80 22.40 16.80 5.20 23.20 8.80 13.60 0.80 34.40 13.60 31.20 15.20 30.40 16.00 18.00
5.60 30.40 22.40 5.60 22.00 2.00 19.60 16.80 34.40 38.40 20.80 0.80 32.00 14.00 29.60 18.40 19.20 37.60 0.40 31.20
22.80 10.40 26.00 35.20 33.20 16.40 20.00 8.40 2.00 3.60 4.00 11.60 4.80 23.20 34.40 16.00 38.80 36.00 27.60 22.80
32.00 19.20 5.60 39.20 2.00 18.40 34.00 2.80 30.40 16.00 20.00 0.80 25.20 5.20 27.20 13.60 22.40 26.80 38.40 12.40
37.20 6.40 23.20 22.80 13.60 5.60 16.80 17.20 4.80 0.80 12.00 24.00 38.40 22.00 37.60 36.80 36.80 10.80 30.40 13.20
12.40 8.00 14.00 7.60 6.40 4.00 20.80 25.60 18.40 22.00 33.60 6.80 35.20 22.80 31.20 16.80 37.20 7.20 18.40 28.40
26.40 34.40 38.80 28.80 22.80 28.00 21.60 35.60 15.60 0.80 34.40 22.00 18.80 5.60 15.20 22.40 32.40 19.60 26.40 29.20
12.00 24.80 9.60 16.40 26.40 17.60 18.80 30.80 36.40 3.60 6.40 1.20 8.40 31.60 30.80 1.60 9.60 1.20 3.20 34.80
32.80 21.60 18.40 16.00 9.20 38.80 28.00 16.40 34.40 31.20 21.60 37.60 12.00 28.80 27.60 25.20 15.20 31.60 33.60 18.40
4.40 20.00 36.40 24.80 5.20 31.60 14.40 37.20 19.60 14.80 21.60 28.00 17.60 10.80 22.40 37.20 15.60 4.80 24.80 8.40
28.40 10.40 21.20 18.80 14.00 20.00 19.60 13.20 2.80 20.80 28.00 14.00 25.60 16.80 4.80 28.80 13.20 2.40 38.00 20.80
37.60 1.60 11.60 26.00 3.20 22.80 32.40 14.40 22.40 31.20 14.80 28.40 20.40 23.60 25.60 25.20 2.80 28.80 12.00 38.00
14.00 1.60 28.80 5.60 6.80 27.20 9.20 29.20 30.00 7.20 7.20 24.80 38.00 23.20 39.60 24.80 30.00 18.40 8.00 26.40
28.40 23.60 17.20 39.60 8.00 32.00 25.60 26.40 29.20 34.00 38.40 36.80 22.80 14.40 16.40 12.00 17.20 2.80 36.00 9.60
30.40 9.60 24.80 26.00 7.20 18.80 8.00 25.60 23.20 31.60 32.00 15.60 38.40 25.20 10.00 36.40 36.80 22.40 26.40 10.80
30.40 5.60 10.80 5.60 26.40 10.80 38.80 17.20 35.20 2.40 32.00 18.80 24.80 0.40 23.20 38.40 17.60 13.20 30.40 25.20
10.40 19.60 22.80 39.60 4.00 4.80 14.40 3.20 1.20 9.20 8.40 4.00 4.40 18.00 8.00 21.20 14.00 23.60 18.40 19.20
12.40 14.00 5.60 26.00 19.20 9.60 14.40 30.00 16.00 18.80 23.20 28.80 3.20 4.00 34.40 7.60 0.80 34.40 15.20 17.20
23.20 31.20 36.80 24.80 28.40 35.20 21.20 20.00 22.40 32.80 28.00 2.00 36.80 3.20 23.20 16.00 38.40 13.20 16.40 34.80
12.40 30.80 27.60 12.00 25.60 1.20 35.20 4.40 17.20 26.40 28.40 16.00 0.40 26.40 5.20 5.60 11.20 11.20 33.20 17.60
39.20 28.80 24.40 2.40 38.80 39.20 16.80 16.40 10.80 9.60 24.80 0.40 20.40 24.80 8.00 6.40 5.20 33.60 17.20 34.80
10.40 4.00 3.20 32.00 23.60 11.60 37.20 20.00 37.20 5.60 1.60 6.00 12.80 38.00 4.40 26.40 26.80 23.60 14.80 23.20
36.80 34.80 31.20 20.80 10.00 9.20 37.60 6.00 12.00 3.60 0.40 26.80 38.40 35.20 13.20 21.60 24.40 21.60 37.20 9.60
4.40 9.60 17.20 14.00 26.80 3.20 24.40 28.40 14.40 14.80 1.60 4.00 35.20 27.60 22.00 21.60 28.40 39.60 32.00 20.00
28.80 10.40 21.20 10.00 2.00 22.00 36.80 30.40 4.00 0.40 27.60 12.40 6.00 15.20 2.00 25.60 8.00 12.00 27.20 13.20
18.40 18.40 0.80 21.60 6.00 34.40 6.40 29.20 39.20 13.20 28.00 16.00 2.00 12.00 28.40 34.40 21.60 5.60 36.80 24.80
8.00 16.00 28.80 17.60 13.20 39.20 1.60 9.20 26.00 37.60 30.80 2.80 22.40 24.00 24.80 12.40 21.20 26.00 37.60 22.40
15.20 34.40 9.20 16.00 2.40 36.00 35.20 8.40 19.60 32.80 11.20 21.60 27.20 13.20 20.00 39.60 30.00 13.60 8.40 34.40
22.80 16.00 34.00 39.60 10.80 18.40 30.00 32.00 23.60 24.00 18.80 34.40 4.00 34.80 37.20 4.00 23.20 2.40 27.20 23.20
2.00 3.20 19.60 8.40 13.60 8.80 34.00 16.00 30.40 31.60 31.20 1.60 35.60 36.40 29.60 0.80 29.60 36.40 21.20 16.80
7.60 15.60 2.40 29.60 4.80 7.60 11.20 17.20 4.00 1.60 25.60 0.80 17.20 19.20 2.40 29.60 26.00 35.60 30.40 33.60
26.00 4.40 13.60 4.00 11.20 9.60 2.80 16.00 9.60 27.60 23.20 35.60 1.60 18.40 15.60 11.60 8.40 32.00 16.00 14.00
14.00 38.40 2.40 18.40 6.00 38.00 33.60 2.40 33.60 36.80 18.80 14.40 20.40 7.20 36.00 30.80 24.00 13.60 1.60 36.40
35.60 29.60 20.40 39.60 14.40 30.00 25.20 1.60 4.40 20.40 6.80 13.20 33.60 12.40 2.00 5.60 28.80 14.00 35.60 19.60
16.40 8.80 6.80 35.20 8.80 38.80 27.60 18.40 3.20 2.80 26.80 39.20 14.00 8.80 32.40 12.00 1.60 36.40 20.80 20.80
6.00 8.80 26.40 36.40 32.80 38.00 37.60 12.00 13.20 14.40 33.60 28.00 21.20 0.80 11.20 5.60 34.00 17.60 21.60 34.40
39.60 20.00 12.40 22.80 17.20 39.60 9.20 26.40 21.60 38.40 23.60 36.40 32.80 38.40 13.20 19.20 18.80 20.80 34.80 18.00
7.60 2.40 23.20 34.00 38.80 31.20 0.80 6.40 36.00 16.00 20.40 25.60 16.40 22.40 31.20 0.40 32.00 29.20 34.40 24.80
29.60 38.00 33.60 24.80 2.40 12.00 17.20 10.40 12.00 6.00 18.80 16.40 24.80 6.80 38.00 1.60 28.40 37.20 8.00 1.20
25.20 33.20 28.00 18.40 11.20 2.40 10.40 10.00 20.40 21.20 24.40 7.60 31.20 19.60 32.80 28.40 10.40 39.20 6.00 20.00
36.80 28.00 34.80 35.20 26.00 34.40 2.80 15.60 9.60 36.00 20.40 9.60 28.80 34.80 15.20 21.60 29.20 12.00 24.40 33.20
11.60 0.40 39.60 4.40 18.00 23.60 17.60 27.60 1.60 7.60 38.80 33.60 12.80 14.00 16.40 12.00 14.40 8.00 10.00 22.80
18.80 3.20 35.20 10.80 29.20 2.80 4.80 18.00 20.40 7.60 26.00 20.00 6.80 27.60 1.60 16.80 15.20 23.20 34.00 3.20
32.00 37.60 24.00 14.00 25.20 24.40 20.40 15.60 6.40 38.80 2.80 20.40 3.60 26.40 37.60 17.20 5.20 13.60 23.20 35.20
2.80 26.00 1.60 20.00 16.40 21.20 7.60 36.00 26.80 15.60 28.40 24.00 26.80 27.60 17.60 13.20 26.40 5.60 2.40 4.00
17.20 28.00 0.80 27.20 4.80 21.60 2.00 20.00 8.40 14.80 30.00 1.20 29.60 12.00 4.00 12.80 32.80 18.40 16.00 35.20
35.60 24.40 39.60 23.20 4.40 10.00 24.80 12.80 36.00 1.60 18.80 22.40 10.80 12.00 11.20 4.80 0.80 24.40 39.20 20.00
3.60 32.00 31.60 18.80 34.00 22.00 11.20 36.80 3.60 10.00 33.20 31.60 22.00 30.80 13.20 27.20 30.40 29.20 37.20 8.80
39.60 32.80 19.60 17.60 32.80 3.20 38.40 34.80 7.20 25.20 0.40 3.20 30.40 39.20 26.40 3.20 11.60 34.80 31.20 19.60
15.20 9.20 21.20 14.80 16.40 32.00 3.60 4.00 2.40 38.00 18.40 13.60 0.40 22.00 6.40 32.80 36.00 16.40 22.00 17.60
30.40 20.40 6.40 30.40 34.80 20.80 28.00 17.20 28.80 4.80 21.60 37.20 16.40 31.20 18.00 10.80 14.40 3.60 30.00 2.40
20.80 36.80 25.60 12.00 33.60 26.80 3.20 5.60 13.20 22.00 30.40 31.60 29.20 18.00 20.40 23.60 12.80 22.80 38.80 10.40
19.20 10.00 28.80 39.20 10.00 6.80 37.60 7.20 21.60 35.60 21.60 28.80 35.60 33.60 35.60 8.00 33.60 32.80 20.80 13.60
22.00 9.20 23.60 22.80 23.60 31.20 8.80 36.40 10.80 4.40 23.60 2.80 0.80 18.80 27.60 24.00 31.20 6.80 10.80 16.00
6.80 16.00 24.80 2.80 35.60 22.80 29.60 4.80 18.40 15.20 14.80 36.00 18.00 23.20 9.20 30.40 37.60 7.60 12.80 10.40
25.20 27.60 26.40 6.00 34.40 36.80 37.60 11.20 20.80 18.80 18.80 0.80 39.60 9.60 3.60 17.60 18.00 12.80 32.40 19.60
36.80 16.80 36.80 33.60 6.00 0.40 5.20 13.60 27.60 18.00 22.00 30.40 14.80 22.40 3.20 11.60 5.60 18.80 29.20 37.20
30.80 5.20 11.20 15.60 6.80 16.80 3.60 28.80 13.60 10.80 30.40 0.40 29.60 20.00 17.20 27.20 28.80 35.60 11.60 30.80
12.40 6.80 28.80 24.80 17.60 28.00 38.00 34.80 11.60 0.80 30.00 2.80 38.00 21.20 25.60 9.60 1.20 0.80 13.60 15.20
17.60 10.80 20.00 0.40 28.40 13.60 31.20 14.40 36.80 39.20 9.20 22.80 31.20 4.80 6.00 18.40 7.20 37.60 14.00 6.00
30.40 29.60 32.00 16.40 6.00 34.40 20.40 2.80 5.60 35.60 16.40 7.60 19.20 17.20 6.00 37.60 23.20 6.80 31.20 20.00
7.20 2.80 19.20 23.60 4.00 31.20 10.40 19.20 24.80 9.60 11.20 0.80 38.00 29.20 10.40 31.60 34.80 39.20 11.60 6.00
2.80 10.00 4.80 36.80 27.20 27.60 23.20 8.40 15.60 23.20 31.20 4.40 4.40 1.20 19.20 27.20 12.00 5.20 18.00 8.80
16.00 29.20 12.80 20.40 23.20 34.80 21.20 22.40 10.80 33.60 23.20 33.60 11.20 12.80 3.60 19.60 29.20 33.60 10.00 35.20
18.80 32.40 30.40 32.80 13.20 19.60 12.40 2.00 1.60 13.20 20.40 3.60 8.40 36.40 4.40 34.00 28.40 4.80 21.60 16.80
29.20 33.60 13.20 19.60 5.60 13.60 29.60 35.20 38.40 9.60 16.00 35.20 3.20 10.00 22.40 34.80 2.00 26.40 29.60 25.20
16.40 16.00 26.00 31.20 1.20 32.00 14.00 6.40 25.20 28.40 6.40 20.00 35.20 17.60 30.00 6.80 30.80 36.00 30.80 22.40
28.00 11.20 7.20 34.80 35.60 15.20 23.60 1.60 6.00 10.00 8.40 20.80 11.60 22.00 30.00 39.60 24.00 34.40 34.00 24.40
34.40 34.40 35.20 24.00 37.60 5.60 15.60 17.20 24.80 5.60 35.20 19.60 24.00 38.80 25.20 30.40 2.40 33.20 25.60 25.60
3.20 6.80 24.00 22.00 7.60 37.20 21.20 19.60 25.20 14.80 23.60 4.00 0.80 4.00 6.80 32.40 24.40 30.00 0.80 25.20
25.20 26.40 26.80 22.80 13.20 34.40 21.20 16.80 16.00 18.00 1.20 9.20 18.80 16.80 37.20 20.80 9.20 26.80 10.80 12.00
30.80 13.20 21.60 28.00 22.00 14.00 17.20 36.40 28.80 12.00 15.60 12.00 6.00 29.20 15.20 9.60 11.60 13.20 32.40 1.60
36.40 8.00 24.40 4.40 22.00 7.20 7.20 25.60 12.00 10.80 29.20 30.00 0.40 29.60 8.80 22.80 0.80 16.00 6.80 8.40
9.60 33.60 28.80 24.80 14.80 4.40 14.80 39.60 12.00 17.20 13.60 17.20 25.60 6.40 8.80 3.20 26.80 22.40 12.40 38.00
7.60 9.20 20.00 21.20 10.40 7.60 3.20 24.00 36.40 14.40 18.00 35.20 22.00 18.80 6.80 14.40 27.60 8.40 14.80 8.00
25.20 29.20 16.80 38.00 8.80 11.60 27.60 3.60 37.60 35.20 8.00 26.40 12.80 27.20 9.60 26.80 15.20 17.20 8.00 12.00
28.80 10.00 12.00 38.80 30.00 22.40 7.20 4.40 35.20 17.60 26.40 9.20 19.60 3.60 37.20 22.80 14.80 0.40 27.60 34.40
6.80 34.80 9.60 3.60 1.60 0.80 27.20 4.00 35.60 8.00 14.00 13.60 8.00 36.80 6.80 26.40 32.00 36.80 23.60 38.00
18.40 0.80 10.80 34.00 32.80 23.20 25.20 35.20 39.60 11.60 38.40 0.40 13.20 1.60 19.20 2.00 20.40 1.60 15.60 32.80
26.40 6.00 2.40 6.80 12.00 0.80 19.20 16.40 25.20 19.20 9.60 32.80 27.20 19.20 10.80 27.60 13.60 17.60 5.20 4.00
