# nJobs | nMachines
50 20
# Job Weights
59
22
19
91
2
46
10
33
100
5
86
89
19
75
54
7
20
3
69
54
44
3
3
18
97
87
13
47
60
7
73
82
67
4
25
22
60
1
51
90
19
19
20
38
63
6
7
42
65
91
# P_bar : m1 | m2 | m3 | m4 | m5 | m6 | m7 | m8 | m9 | m10 | m11 | m12 | m13 | m14 | m15 | m16 | m17 | m18 | m19 | m20
48 23 51 26 8 82 1 32 1 2 28 43 4 44 44 82 6 49 57 34
92 69 84 46 37 97 77 38 59 21 81 63 40 23 6 73 49 25 88 31
43 33 28 30 33 3 92 67 53 86 96 67 5 89 18 84 84 46 88 15
35 11 63 49 4 46 57 93 22 8 99 22 37 96 51 63 72 37 43 32
7 5 86 3 8 86 46 80 10 33 79 82 80 80 77 14 39 56 25 45
51 54 99 81 38 62 75 75 48 88 97 41 46 44 47 73 51 50 81 50
85 42 27 4 97 26 2 59 94 33 15 69 14 69 27 84 77 9 3 81
66 12 24 46 75 56 14 51 46 65 6 81 81 7 17 9 59 62 3 46
87 40 36 95 76 67 14 7 57 8 77 21 16 10 42 38 97 10 78 93
71 30 83 20 93 87 79 65 55 89 98 54 10 15 84 67 5 89 97 13
16 51 24 56 69 46 64 6 66 46 5 42 79 55 3 76 83 66 74 47
40 94 54 57 10 66 8 59 69 76 51 53 35 27 69 18 51 98 71 50
22 24 34 85 25 53 73 30 7 57 51 52 41 55 3 70 9 10 50 70
12 28 49 31 40 34 15 67 13 51 60 26 83 2 6 69 9 70 70 21
2 84 43 44 88 52 71 41 64 58 17 69 13 82 94 4 59 92 23 41
90 69 5 1 90 81 6 32 83 62 98 80 93 42 58 58 30 36 43 12
63 44 70 11 57 68 54 63 39 59 46 46 55 88 65 66 86 82 51 18
52 98 56 72 39 48 59 7 46 71 87 10 48 84 36 11 49 54 97 28
15 36 71 6 29 4 49 8 59 12 44 81 35 38 28 1 46 34 57 22
6 21 12 68 97 25 38 89 36 11 18 99 75 69 68 51 13 34 77 60
18 9 30 62 51 76 21 51 69 82 71 6 66 31 73 38 45 5 90 69
87 48 77 18 97 46 60 81 47 56 93 90 82 5 81 16 51 12 58 49
66 30 55 21 5 13 8 9 83 57 97 79 3 3 12 81 68 3 75 38
7 15 92 48 75 72 35 13 25 53 44 34 79 37 89 39 82 56 4 80
43 21 78 32 91 72 81 27 12 45 18 56 78 14 53 56 6 44 12 52
27 43 79 42 80 82 96 74 28 96 59 75 48 35 14 83 99 41 2 45
78 91 52 79 81 32 61 59 30 31 9 54 99 61 88 27 12 14 4 34
80 49 19 74 60 25 89 98 49 39 45 94 91 43 78 29 8 25 28 3
73 86 16 82 97 58 58 31 81 12 78 84 29 38 63 93 36 78 54 61
86 36 21 3 14 17 32 98 56 13 67 55 87 48 81 70 24 25 39 96
82 41 37 64 2 99 59 48 96 8 65 64 27 89 29 64 82 89 30 99
33 10 85 90 55 54 89 74 89 49 50 14 2 86 15 22 73 83 71 49
92 75 56 10 97 81 99 76 73 4 87 18 48 37 81 84 66 78 89 78
8 56 29 72 60 73 7 75 52 33 29 6 33 20 84 25 69 23 33 34
87 70 56 2 8 93 79 78 12 22 80 27 92 33 36 73 71 51 85 78
64 73 23 49 30 73 38 11 98 30 14 20 15 1 8 81 70 7 2 79
7 57 19 88 87 79 1 71 12 34 70 54 55 8 60 10 61 20 69 64
26 51 52 53 42 54 67 54 40 19 10 30 24 61 24 46 42 30 20 55
79 34 39 59 16 72 63 10 70 24 30 58 59 41 57 32 77 30 64 63
49 62 4 88 56 37 42 96 35 56 19 35 41 40 87 38 10 30 94 24
71 3 46 97 86 68 3 97 58 96 51 66 49 10 61 68 2 63 3 58
72 34 59 98 4 22 29 75 95 35 4 85 88 10 57 40 6 82 41 25
69 27 22 94 30 94 23 41 41 43 23 78 67 75 85 33 24 40 37 93
30 29 76 95 15 37 21 30 71 8 9 15 49 9 45 79 97 39 36 73
28 25 34 93 24 15 25 73 90 5 62 29 81 81 69 64 15 37 74 45
46 97 63 95 23 31 48 84 3 65 30 31 89 40 15 36 91 44 53 93
75 30 32 6 57 46 33 22 68 64 20 45 43 13 7 62 32 2 49 37
78 28 72 1 81 33 92 8 5 20 69 41 24 10 87 82 68 27 77 64
34 48 92 15 77 82 2 98 18 54 88 84 70 53 58 44 17 71 13 92
4 99 72 66 43 75 12 68 26 38 22 51 74 28 61 99 1 45 37 59
# P_hat : m1 | m2 | m3 | m4 | m5 | m6 | m7 | m8 | m9 | m10 | m11 | m12 | m13 | m14 | m15 | m16 | m17 | m18 | m19 | m20
14.40 6.90 15.30 7.80 2.40 24.60 0.30 9.60 0.30 0.60 8.40 12.90 1.20 13.20 13.20 24.60 1.80 14.70 17.10 10.20
27.60 20.70 25.20 13.80 11.10 29.10 23.10 11.40 17.70 6.30 24.30 18.90 12.00 6.90 1.80 21.90 14.70 7.50 26.40 9.30
12.90 9.90 8.40 9.00 9.90 0.90 27.60 20.10 15.90 25.80 28.80 20.10 1.50 26.70 5.40 25.20 25.20 13.80 26.40 4.50
10.50 3.30 18.90 14.70 1.20 13.80 17.10 27.90 6.60 2.40 29.70 6.60 11.10 28.80 15.30 18.90 21.60 11.10 12.90 9.60
2.10 1.50 25.80 0.90 2.40 25.80 13.80 24.00 3.00 9.90 23.70 24.60 24.00 24.00 23.10 4.20 11.70 16.80 7.50 13.50
15.30 16.20 29.70 24.30 11.40 18.60 22.50 22.50 14.40 26.40 29.10 12.30 13.80 13.20 14.10 21.90 15.30 15.00 24.30 15.00
25.50 12.60 8.10 1.20 29.10 7.80 0.60 17.70 28.20 9.90 4.50 20.70 4.20 20.70 8.10 25.20 23.10 2.70 0.90 24.30
19.80 3.60 7.20 13.80 22.50 16.80 4.20 15.30 13.80 19.50 1.80 24.30 24.30 2.10 5.10 2.70 17.70 18.60 0.90 13.80
26.10 12.00 10.80 28.50 22.80 20.10 4.20 2.10 17.10 2.40 23.10 6.30 4.80 3.00 12.60 11.40 29.10 3.00 23.40 27.90
21.30 9.00 24.90 6.00 27.90 26.10 23.70 19.50 16.50 26.70 29.40 16.20 3.00 4.50 25.20 20.10 1.50 26.70 29.10 3.90
4.80 15.30 7.20 16.80 20.70 13.80 19.20 1.80 19.80 13.80 1.50 12.60 23.70 16.50 0.90 22.80 24.90 19.80 22.20 14.10
12.00 28.20 16.20 17.10 3.00 19.80 2.40 17.70 20.70 22.80 15.30 15.90 10.50 8.10 20.70 5.40 15.30 29.40 21.30 15.00
6.60 7.20 10.20 25.50 7.50 15.90 21.90 9.00 2.10 17.10 15.30 15.60 12.30 16.50 0.90 21.00 2.70 3.00 15.00 21.00
3.60 8.40 14.70 9.30 12.00 10.20 4.50 20.10 3.90 15.30 18.00 7.80 24.90 0.60 1.80 20.70 2.70 21.00 21.00 6.30
0.60 25.20 12.90 13.20 26.40 15.60 21.30 12.30 19.20 17.40 5.10 20.70 3.90 24.60 28.20 1.20 17.70 27.60 6.90 12.30
27.00 20.70 1.50 0.30 27.00 24.30 1.80 9.60 24.90 18.60 29.40 24.00 27.90 12.60 17.40 17.40 9.00 10.80 12.90 3.60
18.90 13.20 21.00 3.30 17.10 20.40 16.20 18.90 11.70 17.70 13.80 13.80 16.50 26.40 19.50 19.80 25.80 24.60 15.30 5.40
15.60 29.40 16.80 21.60 11.70 14.40 17.70 2.10 13.80 21.30 26.10 3.00 14.40 25.20 10.80 3.30 14.70 16.20 29.10 8.40
4.50 10.80 21.30 1.80 8.70 1.20 14.70 2.40 17.70 3.60 13.20 24.30 10.50 11.40 8.40 0.30 13.80 10.20 17.10 6.60
1.80 6.30 3.60 20.40 29.10 7.50 11.40 26.70 10.80 3.30 5.40 29.70 22.50 20.70 20.40 15.30 3.90 10.20 23.10 18.00
5.40 2.70 9.00 18.60 15.30 22.80 6.30 15.30 20.70 24.60 21.30 1.80 19.80 9.30 21.90 11.40 13.50 1.50 27.00 20.70
26.10 14.40 23.10 5.40 29.10 13.80 18.00 24.30 14.10 16.80 27.90 27.00 24.60 1.50 24.30 4.80 15.30 3.60 17.40 14.70
19.80 9.00 16.50 6.30 1.50 3.90 2.40 2.70 24.90 17.10 29.10 23.70 0.90 0.90 3.60 24.30 20.40 0.90 22.50 11.40
2.10 4.50 27.60 14.40 22.50 21.60 10.50 3.90 7.50 15.90 13.20 10.20 23.70 11.10 26.70 11.70 24.60 16.80 1.20 24.00
12.90 6.30 23.40 9.60 27.30 21.60 24.30 8.10 3.60 13.50 5.40 16.80 23.40 4.20 15.90 16.80 1.80 13.20 3.60 15.60
8.10 12.90 23.70 12.60 24.00 24.60 28.80 22.20 8.40 28.80 17.70 22.50 14.40 10.50 4.20 24.90 29.70 12.30 0.60 13.50
23.40 27.30 15.60 23.70 24.30 9.60 18.30 17.70 9.00 9.30 2.70 16.20 29.70 18.30 26.40 8.10 3.60 4.20 1.20 10.20
24.00 14.70 5.70 22.20 18.00 7.50 26.70 29.40 14.70 11.70 13.50 28.20 27.30 12.90 23.40 8.70 2.40 7.50 8.40 0.90
21.90 25.80 4.80 24.60 29.10 17.40 17.40 9.30 24.30 3.60 23.40 25.20 8.70 11.40 18.90 27.90 10.80 23.40 16.20 18.30
25.80 10.80 6.30 0.90 4.20 5.10 9.60 29.40 16.80 3.90 20.10 16.50 26.10 14.40 24.30 21.00 7.20 7.50 11.70 28.80
24.60 12.30 11.10 19.20 0.60 29.70 17.70 14.40 28.80 2.40 19.50 19.20 8.10 26.70 8.70 19.20 24.60 26.70 9.00 29.70
9.90 3.00 25.50 27.00 16.50 16.20 26.70 22.20 26.70 14.70 15.00 4.20 0.60 25.80 4.50 6.60 21.90 24.90 21.30 14.70
27.60 22.50 16.80 3.00 29.10 24.30 29.70 22.80 21.90 1.20 26.10 5.40 14.40 11.10 24.30 25.20 19.80 23.40 26.70 23.40
2.40 16.80 8.70 21.60 18.00 21.90 2.10 22.50 15.60 9.90 8.70 1.80 9.90 6.00 25.20 7.50 20.70 6.90 9.90 10.20
26.10 21.00 16.80 0.60 2.40 27.90 23.70 23.40 3.60 6.60 24.00 8.10 27.60 9.90 10.80 21.90 21.30 15.30 25.50 23.40
19.20 21.90 6.90 14.70 9.00 21.90 11.40 3.30 29.40 9.00 4.20 6.00 4.50 0.30 2.40 24.30 21.00 2.10 0.60 23.70
2.10 17.10 5.70 26.40 26.10 23.70 0.30 21.30 3.60 10.20 21.00 16.20 16.50 2.40 18.00 3.00 18.30 6.00 20.70 19.20
7.80 15.30 15.60 15.90 12.60 16.20 20.10 16.20 12.00 5.70 3.00 9.00 7.20 18.30 7.20 13.80 12.60 9.00 6.00 16.50
23.70 10.20 11.70 17.70 4.80 21.60 18.90 3.00 21.00 7.20 9.00 17.40 17.70 12.30 17.10 9.60 23.10 9.00 19.20 18.90
14.70 18.60 1.20 26.40 16.80 11.10 12.60 28.80 10.50 16.80 5.70 10.50 12.30 12.00 26.10 11.40 3.00 9.00 28.20 7.20
21.30 0.90 13.80 29.10 25.80 20.40 0.90 29.10 17.40 28.80 15.30 19.80 14.70 3.00 18.30 20.40 0.60 18.90 0.90 17.40
21.60 10.20 17.70 29.40 1.20 6.60 8.70 22.50 28.50 10.50 1.20 25.50 26.40 3.00 17.10 12.00 1.80 24.60 12.30 7.50
20.70 8.10 6.60 28.20 9.00 28.20 6.90 12.30 12.30 12.90 6.90 23.40 20.10 22.50 25.50 9.90 7.20 12.00 11.10 27.90
9.00 8.70 22.80 28.50 4.50 11.10 6.30 9.00 21.30 2.40 2.70 4.50 14.70 2.70 13.50 23.70 29.10 11.70 10.80 21.90
8.40 7.50 10.20 27.90 7.20 4.50 7.50 21.90 27.00 1.50 18.60 8.70 24.30 24.30 20.70 19.20 4.50 11.10 22.20 13.50
13.80 29.10 18.90 28.50 6.90 9.30 14.40 25.20 0.90 19.50 9.00 9.30 26.70 12.00 4.50 10.80 27.30 13.20 15.90 27.90
22.50 9.00 9.60 1.80 17.10 13.80 9.90 6.60 20.40 19.20 6.00 13.50 12.90 3.90 2.10 18.60 9.60 0.60 14.70 11.10
23.40 8.40 21.60 0.30 24.30 9.90 27.60 2.40 1.50 6.00 20.70 12.30 7.20 3.00 26.10 24.60 20.40 8.10 23.10 19.20
10.20 14.40 27.60 4.50 23.10 24.60 0.60 29.40 5.40 16.20 26.40 25.20 21.00 15.90 17.40 13.20 5.10 21.30 3.90 27.60
1.20 29.70 21.60 19.80 12.90 22.50 3.60 20.40 7.80 11.40 6.60 15.30 22.20 8.40 18.30 29.70 0.30 13.50 11.10 17.70
