# nJobs | nMachines
100 5
# Job Weights
79
73
1
83
32
50
60
63
12
15
50
3
75
56
45
71
29
87
66
17
35
1
22
82
58
6
78
30
54
48
28
7
8
68
7
92
41
76
90
85
69
32
81
8
1
45
6
75
37
88
57
23
2
86
13
54
30
94
29
70
77
7
23
55
10
33
3
100
67
12
85
62
52
36
16
24
92
84
22
55
54
77
13
77
66
25
65
24
52
93
98
4
86
46
88
13
98
17
34
3
# P_bar : m1 | m2 | m3 | m4 | m5
26 51 23 59 22
23 52 10 60 34
92 40 85 61 10
67 67 83 68 54
41 87 27 72 6
58 4 42 12 8
3 78 87 46 29
3 50 84 27 6
37 87 1 45 60
69 81 45 60 97
91 29 65 31 97
20 25 2 99 82
40 64 86 34 59
14 79 26 25 39
31 73 14 43 4
36 91 43 96 16
51 5 58 58 46
87 32 40 40 84
47 78 43 63 27
74 14 82 62 60
49 12 25 17 86
21 74 21 74 9
47 21 66 99 91
39 79 93 16 75
80 30 32 13 26
2 3 63 64 37
7 73 65 47 17
98 90 77 47 21
23 4 40 36 41
17 1 78 39 31
26 60 76 57 47
19 37 65 82 49
94 86 74 22 20
33 96 59 17 47
18 85 48 17 32
94 54 7 9 4
68 75 89 11 77
68 77 82 96 44
18 88 89 14 90
16 73 44 2 1
94 1 70 25 3
24 1 7 8 34
67 7 92 68 35
14 27 87 89 69
39 86 44 10 46
29 65 34 18 85
73 11 25 64 85
64 36 49 79 51
9 38 68 71 62
82 99 21 16 98
36 17 86 95 72
44 23 61 24 62
33 44 4 30 18
65 32 32 59 97
10 84 9 93 36
1 12 64 8 31
26 60 47 97 94
53 74 28 98 68
65 16 55 45 79
22 90 47 82 85
64 68 54 81 14
74 44 8 75 91
76 99 89 31 73
13 95 8 59 26
68 65 36 25 53
93 63 88 23 1
15 78 14 71 43
74 61 2 64 85
32 67 17 88 77
74 10 51 21 79
50 91 25 78 78
25 81 39 67 26
30 38 73 8 75
9 35 45 37 52
41 65 70 24 25
35 14 50 96 21
19 80 87 26 95
89 42 95 62 23
42 58 7 88 80
2 52 21 68 77
59 95 57 63 84
27 30 46 41 4
7 45 5 82 76
53 6 98 86 30
43 31 62 9 91
40 11 39 40 41
53 5 30 12 51
67 47 35 93 68
98 35 87 13 67
33 56 7 37 8
16 4 49 70 66
5 85 60 95 53
53 40 72 76 60
39 99 86 30 76
60 61 4 1 13
52 9 54 60 90
28 9 24 89 5
20 13 31 48 1
84 15 86 39 47
93 67 9 8 78
# P_hat : m1 | m2 | m3 | m4 | m5
5.20 10.20 4.60 11.80 4.40
4.60 10.40 2.00 12.00 6.80
18.40 8.00 17.00 12.20 2.00
13.40 13.40 16.60 13.60 10.80
8.20 17.40 5.40 14.40 1.20
11.60 0.80 8.40 2.40 1.60
0.60 15.60 17.40 9.20 5.80
0.60 10.00 16.80 5.40 1.20
7.40 17.40 0.20 9.00 12.00
13.80 16.20 9.00 12.00 19.40
18.20 5.80 13.00 6.20 19.40
4.00 5.00 0.40 19.80 16.40
8.00 12.80 17.20 6.80 11.80
2.80 15.80 5.20 5.00 7.80
6.20 14.60 2.80 8.60 0.80
7.20 18.20 8.60 19.20 3.20
10.20 1.00 11.60 11.60 9.20
17.40 6.40 8.00 8.00 16.80
9.40 15.60 8.60 12.60 5.40
14.80 2.80 16.40 12.40 12.00
9.80 2.40 5.00 3.40 17.20
4.20 14.80 4.20 14.80 1.80
9.40 4.20 13.20 19.80 18.20
7.80 15.80 18.60 3.20 15.00
16.00 6.00 6.40 2.60 5.20
0.40 0.60 12.60 12.80 7.40
1.40 14.60 13.00 9.40 3.40
19.60 18.00 15.40 9.40 4.20
4.60 0.80 8.00 7.20 8.20
3.40 0.20 15.60 7.80 6.20
5.20 12.00 15.20 11.40 9.40
3.80 7.40 13.00 16.40 9.80
18.80 17.20 14.80 4.40 4.00
6.60 19.20 11.80 3.40 9.40
3.60 17.00 9.60 3.40 6.40
18.80 10.80 1.40 1.80 0.80
13.60 15.00 17.80 2.20 15.40
13.60 15.40 16.40 19.20 8.80
3.60 17.60 17.80 2.80 18.00
3.20 14.60 8.80 0.40 0.20
18.80 0.20 14.00 5.00 0.60
4.80 0.20 1.40 1.60 6.80
13.40 1.40 18.40 13.60 7.00
2.80 5.40 17.40 17.80 13.80
7.80 17.20 8.80 2.00 9.20
5.80 13.00 6.80 3.60 17.00
14.60 2.20 5.00 12.80 17.00
12.80 7.20 9.80 15.80 10.20
1.80 7.60 13.60 14.20 12.40
16.40 19.80 4.20 3.20 19.60
7.20 3.40 17.20 19.00 14.40
8.80 4.60 12.20 4.80 12.40
6.60 8.80 0.80 6.00 3.60
13.00 6.40 6.40 11.80 19.40
2.00 16.80 1.80 18.60 7.20
0.20 2.40 12.80 1.60 6.20
5.20 12.00 9.40 19.40 18.80
10.60 14.80 5.60 19.60 13.60
13.00 3.20 11.00 9.00 15.80
4.40 18.00 9.40 16.40 17.00
12.80 13.60 10.80 16.20 2.80
14.80 8.80 1.60 15.00 18.20
15.20 19.80 17.80 6.20 14.60
2.60 19.00 1.60 11.80 5.20
13.60 13.00 7.20 5.00 10.60
18.60 12.60 17.60 4.60 0.20
3.00 15.60 2.80 14.20 8.60
14.80 12.20 0.40 12.80 17.00
6.40 13.40 3.40 17.60 15.40
14.80 2.00 10.20 4.20 15.80
10.00 18.20 5.00 15.60 15.60
5.00 16.20 7.80 13.40 5.20
6.00 7.60 14.60 1.60 15.00
1.80 7.00 9.00 7.40 10.40
8.20 13.00 14.00 4.80 5.00
7.00 2.80 10.00 19.20 4.20
3.80 16.00 17.40 5.20 19.00
17.80 8.40 19.00 12.40 4.60
8.40 11.60 1.40 17.60 16.00
0.40 10.40 4.20 13.60 15.40
11.80 19.00 11.40 12.60 16.80
5.40 6.00 9.20 8.20 0.80
1.40 9.00 1.00 16.40 15.20
10.60 1.20 19.60 17.20 6.00
8.60 6.20 12.40 1.80 18.20
8.00 2.20 7.80 8.00 8.20
10.60 1.00 6.00 2.40 10.20
13.40 9.40 7.00 18.60 13.60
19.60 7.00 17.40 2.60 13.40
6.60 11.20 1.40 7.40 1.60
3.20 0.80 9.80 14.00 13.20
1.00 17.00 12.00 19.00 10.60
10.60 8.00 14.40 15.20 12.00
7.80 19.80 17.20 6.00 15.20
12.00 12.20 0.80 0.20 2.60
10.40 1.80 10.80 12.00 18.00
5.60 1.80 4.80 17.80 1.00
4.00 2.60 6.20 9.60 0.20
16.80 3.00 17.20 7.80 9.40
18.60 13.40 1.80 1.60 15.60
