# nJobs | nMachines
50 10
# Job Weights
71
82
66
83
43
53
88
82
68
13
25
77
28
12
6
83
2
3
17
39
41
44
74
72
50
19
1
85
21
70
42
24
88
100
61
16
32
90
55
17
9
86
43
63
37
92
66
63
54
59
# P_bar : m1 | m2 | m3 | m4 | m5 | m6 | m7 | m8 | m9 | m10
66 55 65 57 58 38 5 26 66 93
46 63 35 72 66 23 13 40 41 95
25 71 49 48 5 13 36 84 74 48
30 21 2 6 69 1 54 84 62 71
17 74 95 10 38 10 76 74 70 30
40 65 14 98 93 76 40 39 30 22
17 52 67 55 59 49 67 65 66 3
20 91 8 71 56 2 31 15 11 22
73 12 62 19 26 81 35 71 51 82
5 22 25 28 96 43 48 92 43 35
60 12 2 31 60 51 85 44 32 56
3 26 40 79 18 71 41 27 23 14
91 97 68 69 74 29 82 93 20 88
34 30 75 11 93 44 95 2 1 41
81 30 72 4 12 26 15 55 54 4
58 12 5 12 56 27 24 44 55 52
48 94 5 71 36 27 77 55 65 17
71 46 10 62 71 56 6 23 22 95
57 20 33 2 38 21 79 25 99 15
5 73 56 95 96 76 36 1 97 85
8 58 89 35 84 88 18 51 21 12
19 10 54 82 84 9 21 12 63 11
78 77 31 57 65 33 34 47 45 24
2 27 1 7 17 6 42 98 70 71
1 33 61 24 78 40 74 41 41 46
78 53 25 62 45 64 46 18 6 59
8 23 11 70 83 5 1 44 70 16
14 2 7 89 53 5 88 72 33 33
46 65 88 87 60 7 29 88 97 53
98 35 65 21 60 5 95 60 32 22
50 7 74 54 9 76 67 29 28 49
88 54 16 16 7 63 41 99 54 44
28 43 87 72 51 35 98 2 63 76
66 87 57 31 85 94 31 17 16 88
43 56 89 24 66 65 25 79 12 45
23 4 85 94 6 25 70 6 2 52
93 29 46 18 3 6 62 29 50 31
52 35 54 83 93 87 45 89 48 66
1 37 23 36 88 60 59 4 34 17
77 53 23 73 40 33 68 70 75 68
54 10 96 67 85 67 22 10 45 99
45 90 79 74 92 81 81 79 2 78
56 95 70 75 15 93 44 64 39 87
54 85 33 93 51 98 80 92 4 45
57 2 50 16 55 9 88 42 46 78
23 36 18 74 19 94 25 79 11 51
18 85 65 70 58 49 93 56 66 87
88 5 87 16 84 27 61 94 59 4
38 3 18 81 4 62 1 26 28 45
72 45 15 93 23 90 97 93 74 9
# P_hat : m1 | m2 | m3 | m4 | m5 | m6 | m7 | m8 | m9 | m10
6.60 5.50 6.50 5.70 5.80 3.80 0.50 2.60 6.60 9.30
4.60 6.30 3.50 7.20 6.60 2.30 1.30 4.00 4.10 9.50
2.50 7.10 4.90 4.80 0.50 1.30 3.60 8.40 7.40 4.80
3.00 2.10 0.20 0.60 6.90 0.10 5.40 8.40 6.20 7.10
1.70 7.40 9.50 1.00 3.80 1.00 7.60 7.40 7.00 3.00
4.00 6.50 1.40 9.80 9.30 7.60 4.00 3.90 3.00 2.20
1.70 5.20 6.70 5.50 5.90 4.90 6.70 6.50 6.60 0.30
2.00 9.10 0.80 7.10 5.60 0.20 3.10 1.50 1.10 2.20
7.30 1.20 6.20 1.90 2.60 8.10 3.50 7.10 5.10 8.20
0.50 2.20 2.50 2.80 9.60 4.30 4.80 9.20 4.30 3.50
6.00 1.20 0.20 3.10 6.00 5.10 8.50 4.40 3.20 5.60
0.30 2.60 4.00 7.90 1.80 7.10 4.10 2.70 2.30 1.40
9.10 9.70 6.80 6.90 7.40 2.90 8.20 9.30 2.00 8.80
3.40 3.00 7.50 1.10 9.30 4.40 9.50 0.20 0.10 4.10
8.10 3.00 7.20 0.40 1.20 2.60 1.50 5.50 5.40 0.40
5.80 1.20 0.50 1.20 5.60 2.70 2.40 4.40 5.50 5.20
4.80 9.40 0.50 7.10 3.60 2.70 7.70 5.50 6.50 1.70
7.10 4.60 1.00 6.20 7.10 5.60 0.60 2.30 2.20 9.50
5.70 2.00 3.30 0.20 3.80 2.10 7.90 2.50 9.90 1.50
0.50 7.30 5.60 9.50 9.60 7.60 3.60 0.10 9.70 8.50
0.80 5.80 8.90 3.50 8.40 8.80 1.80 5.10 2.10 1.20
1.90 1.00 5.40 8.20 8.40 0.90 2.10 1.20 6.30 1.10
7.80 7.70 3.10 5.70 6.50 3.30 3.40 4.70 4.50 2.40
0.20 2.70 0.10 0.70 1.70 0.60 4.20 9.80 7.00 7.10
0.10 3.30 6.10 2.40 7.80 4.00 7.40 4.10 4.10 4.60
7.80 5.30 2.50 6.20 4.50 6.40 4.60 1.80 0.60 5.90
0.80 2.30 1.10 7.00 8.30 0.50 0.10 4.40 7.00 1.60
1.40 0.20 0.70 8.90 5.30 0.50 8.80 7.20 3.30 3.30
4.60 6.50 8.80 8.70 6.00 0.70 2.90 8.80 9.70 5.30
9.80 3.50 6.50 2.10 6.00 0.50 9.50 6.00 3.20 2.20
5.00 0.70 7.40 5.40 0.90 7.60 6.70 2.90 2.80 4.90
8.80 5.40 1.60 1.60 0.70 6.30 4.10 9.90 5.40 4.40
2.80 4.30 8.70 7.20 5.10 3.50 9.80 0.20 6.30 7.60
6.60 8.70 5.70 3.10 8.50 9.40 3.10 1.70 1.60 8.80
4.30 5.60 8.90 2.40 6.60 6.50 2.50 7.90 1.20 4.50
2.30 0.40 8.50 9.40 0.60 2.50 7.00 0.60 0.20 5.20
9.30 2.90 4.60 1.80 0.30 0.60 6.20 2.90 5.00 3.10
5.20 3.50 5.40 8.30 9.30 8.70 4.50 8.90 4.80 6.60
0.10 3.70 2.30 3.60 8.80 6.00 5.90 0.40 3.40 1.70
7.70 5.30 2.30 7.30 4.00 3.30 6.80 7.00 7.50 6.80
5.40 1.00 9.60 6.70 8.50 6.70 2.20 1.00 4.50 9.90
4.50 9.00 7.90 7.40 9.20 8.10 8.10 7.90 0.20 7.80
5.60 9.50 7.00 7.50 1.50 9.30 4.40 6.40 3.90 8.70
5.40 8.50 3.30 9.30 5.10 9.80 8.00 9.20 0.40 4.50
5.70 0.20 5.00 1.60 5.50 0.90 8.80 4.20 4.60 7.80
2.30 3.60 1.80 7.40 1.90 9.40 2.50 7.90 1.10 5.10
1.80 8.50 6.50 7.00 5.80 4.90 9.30 5.60 6.60 8.70
8.80 0.50 8.70 1.60 8.40 2.70 6.10 9.40 5.90 0.40
3.80 0.30 1.80 8.10 0.40 6.20 0.10 2.60 2.80 4.50
7.20 4.50 1.50 9.30 2.30 9.00 9.70 9.30 7.40 0.90
