# nJobs | nMachines
50 10
# Job Weights
69
77
56
20
18
27
54
50
63
99
28
80
9
67
10
65
84
2
3
62
91
74
44
49
79
28
92
47
67
69
75
30
6
24
98
91
29
45
14
90
90
62
33
54
16
75
61
49
21
99
# P_bar : m1 | m2 | m3 | m4 | m5 | m6 | m7 | m8 | m9 | m10
12 13 82 20 91 25 47 77 6 6
72 64 52 77 33 61 77 21 63 11
18 7 72 63 5 58 47 8 56 27
85 60 81 28 51 52 57 36 63 71
42 75 61 77 30 81 2 49 75 4
76 75 36 34 20 33 77 86 56 73
13 63 10 96 26 64 45 50 22 16
82 87 62 88 53 14 69 60 89 63
35 93 11 20 91 67 19 26 29 85
33 73 46 26 40 3 70 7 33 92
76 5 42 4 52 32 97 11 46 57
19 18 32 30 55 78 61 76 96 90
94 75 39 40 9 55 61 33 52 49
93 20 44 18 33 26 15 74 43 75
64 30 95 36 32 79 16 68 60 15
82 99 10 98 17 92 82 10 87 64
60 19 96 24 77 57 44 2 46 44
8 70 55 70 30 90 17 54 85 10
66 55 67 66 37 68 37 58 84 78
56 11 86 15 79 73 51 82 54 80
40 78 75 96 68 57 23 14 74 92
11 66 58 29 31 55 67 9 19 18
12 92 10 74 17 19 34 10 82 70
20 57 65 39 7 47 45 48 19 22
61 91 9 16 19 86 42 90 58 22
72 56 22 72 19 26 23 89 6 78
52 1 56 92 62 96 56 3 85 6
62 17 34 9 3 45 59 20 82 86
85 61 98 10 99 4 80 24 2 94
67 51 82 45 94 17 18 67 16 45
67 3 65 32 62 9 18 90 75 57
68 72 68 9 24 60 67 19 52 80
18 72 49 46 2 23 23 72 13 96
10 21 98 83 99 54 41 59 1 94
1 2 36 63 7 42 98 94 43 5
92 36 51 58 93 30 48 84 85 28
66 42 19 77 1 78 85 59 73 50
22 59 68 26 27 43 29 43 79 52
95 12 24 88 20 80 80 81 91 49
59 31 35 78 97 43 43 38 51 31
79 72 8 79 81 7 93 62 1 66
25 39 9 37 23 27 28 85 46 30
43 99 69 13 75 23 98 85 3 11
51 9 73 39 16 55 73 84 26 14
69 68 49 75 21 66 5 71 15 45
27 27 29 60 47 90 6 31 22 32
33 22 36 58 68 63 88 39 18 31
76 60 10 2 41 38 36 40 8 6
12 28 9 70 54 65 20 41 20 95
19 66 1 9 58 82 24 40 32 95
# P_hat : m1 | m2 | m3 | m4 | m5 | m6 | m7 | m8 | m9 | m10
6.00 6.50 41.00 10.00 45.50 12.50 23.50 38.50 3.00 3.00
36.00 32.00 26.00 38.50 16.50 30.50 38.50 10.50 31.50 5.50
9.00 3.50 36.00 31.50 2.50 29.00 23.50 4.00 28.00 13.50
42.50 30.00 40.50 14.00 25.50 26.00 28.50 18.00 31.50 35.50
21.00 37.50 30.50 38.50 15.00 40.50 1.00 24.50 37.50 2.00
38.00 37.50 18.00 17.00 10.00 16.50 38.50 43.00 28.00 36.50
6.50 31.50 5.00 48.00 13.00 32.00 22.50 25.00 11.00 8.00
41.00 43.50 31.00 44.00 26.50 7.00 34.50 30.00 44.50 31.50
17.50 46.50 5.50 10.00 45.50 33.50 9.50 13.00 14.50 42.50
16.50 36.50 23.00 13.00 20.00 1.50 35.00 3.50 16.50 46.00
38.00 2.50 21.00 2.00 26.00 16.00 48.50 5.50 23.00 28.50
9.50 9.00 16.00 15.00 27.50 39.00 30.50 38.00 48.00 45.00
47.00 37.50 19.50 20.00 4.50 27.50 30.50 16.50 26.00 24.50
46.50 10.00 22.00 9.00 16.50 13.00 7.50 37.00 21.50 37.50
32.00 15.00 47.50 18.00 16.00 39.50 8.00 34.00 30.00 7.50
41.00 49.50 5.00 49.00 8.50 46.00 41.00 5.00 43.50 32.00
30.00 9.50 48.00 12.00 38.50 28.50 22.00 1.00 23.00 22.00
4.00 35.00 27.50 35.00 15.00 45.00 8.50 27.00 42.50 5.00
33.00 27.50 33.50 33.00 18.50 34.00 18.50 29.00 42.00 39.00
28.00 5.50 43.00 7.50 39.50 36.50 25.50 41.00 27.00 40.00
20.00 39.00 37.50 48.00 34.00 28.50 11.50 7.00 37.00 46.00
5.50 33.00 29.00 14.50 15.50 27.50 33.50 4.50 9.50 9.00
6.00 46.00 5.00 37.00 8.50 9.50 17.00 5.00 41.00 35.00
10.00 28.50 32.50 19.50 3.50 23.50 22.50 24.00 9.50 11.00
30.50 45.50 4.50 8.00 9.50 43.00 21.00 45.00 29.00 11.00
36.00 28.00 11.00 36.00 9.50 13.00 11.50 44.50 3.00 39.00
26.00 0.50 28.00 46.00 31.00 48.00 28.00 1.50 42.50 3.00
31.00 8.50 17.00 4.50 1.50 22.50 29.50 10.00 41.00 43.00
42.50 30.50 49.00 5.00 49.50 2.00 40.00 12.00 1.00 47.00
33.50 25.50 41.00 22.50 47.00 8.50 9.00 33.50 8.00 22.50
33.50 1.50 32.50 16.00 31.00 4.50 9.00 45.00 37.50 28.50
34.00 36.00 34.00 4.50 12.00 30.00 33.50 9.50 26.00 40.00
9.00 36.00 24.50 23.00 1.00 11.50 11.50 36.00 6.50 48.00
5.00 10.50 49.00 41.50 49.50 27.00 20.50 29.50 0.50 47.00
0.50 1.00 18.00 31.50 3.50 21.00 49.00 47.00 21.50 2.50
46.00 18.00 25.50 29.00 46.50 15.00 24.00 42.00 42.50 14.00
33.00 21.00 9.50 38.50 0.50 39.00 42.50 29.50 36.50 25.00
11.00 29.50 34.00 13.00 13.50 21.50 14.50 21.50 39.50 26.00
47.50 6.00 12.00 44.00 10.00 40.00 40.00 40.50 45.50 24.50
29.50 15.50 17.50 39.00 48.50 21.50 21.50 19.00 25.50 15.50
39.50 36.00 4.00 39.50 40.50 3.50 46.50 31.00 0.50 33.00
12.50 19.50 4.50 18.50 11.50 13.50 14.00 42.50 23.00 15.00
21.50 49.50 34.50 6.50 37.50 11.50 49.00 42.50 1.50 5.50
25.50 4.50 36.50 19.50 8.00 27.50 36.50 42.00 13.00 7.00
34.50 34.00 24.50 37.50 10.50 33.00 2.50 35.50 7.50 22.50
13.50 13.50 14.50 30.00 23.50 45.00 3.00 15.50 11.00 16.00
16.50 11.00 18.00 29.00 34.00 31.50 44.00 19.50 9.00 15.50
38.00 30.00 5.00 1.00 20.50 19.00 18.00 20.00 4.00 3.00
6.00 14.00 4.50 35.00 27.00 32.50 10.00 20.50 10.00 47.50
9.50 33.00 0.50 4.50 29.00 41.00 12.00 20.00 16.00 47.50
