# nJobs | nMachines
100 10
# Job Weights
42
80
80
24
65
95
47
51
46
14
62
97
57
7
39
8
90
90
79
25
18
79
33
28
16
99
29
75
36
42
21
58
19
8
58
78
5
60
51
41
27
1
21
86
45
100
13
28
100
36
37
51
26
24
71
23
12
78
36
16
63
2
43
38
25
61
61
44
65
90
14
32
70
29
35
21
63
67
49
74
74
27
44
72
2
9
97
96
72
1
26
14
22
27
43
30
25
92
87
38
# P_bar : m1 | m2 | m3 | m4 | m5 | m6 | m7 | m8 | m9 | m10
95 84 64 5 76 73 58 54 3 76
61 31 16 22 20 9 34 11 96 92
33 71 99 41 55 6 82 63 28 56
79 84 70 94 51 84 99 98 90 65
6 12 73 11 39 56 45 17 86 93
89 26 23 62 92 50 7 83 29 50
3 34 15 32 83 65 43 70 83 3
81 69 83 14 62 74 22 34 39 82
98 65 57 87 56 80 4 45 62 59
35 90 80 76 59 25 71 54 69 15
94 43 90 33 47 26 85 59 38 44
95 30 8 72 33 14 3 84 43 53
44 74 23 96 31 95 88 25 39 6
71 4 44 24 61 63 1 51 77 75
50 66 21 26 74 83 75 18 46 28
51 22 94 96 73 42 85 28 47 56
43 65 88 3 43 97 34 73 72 49
73 46 37 70 52 94 95 50 23 72
52 36 16 70 23 64 26 4 80 88
92 98 3 47 42 69 24 83 23 94
82 31 31 53 49 84 68 31 87 85
52 65 73 2 66 28 87 4 69 42
53 97 8 49 27 67 20 41 33 62
14 25 14 36 40 19 17 12 11 56
49 46 99 25 53 75 91 94 77 75
21 89 67 66 50 70 40 37 29 36
49 79 67 89 63 50 63 92 28 46
46 44 14 58 61 28 76 10 29 92
22 74 57 98 65 83 15 59 11 55
18 93 99 31 9 26 72 35 4 87
41 43 47 91 30 67 69 33 95 45
17 4 82 8 27 82 40 94 76 9
69 45 27 18 45 97 56 36 69 19
31 48 91 83 58 39 82 56 44 76
26 61 38 67 38 74 41 15 94 50
62 93 60 97 75 55 10 68 99 32
85 76 73 61 45 22 91 43 6 63
96 22 91 18 6 1 91 46 56 33
10 54 47 7 38 68 89 31 16 27
62 7 13 53 56 53 93 2 97 95
11 43 96 65 46 76 94 17 46 29
4 26 92 25 93 63 93 50 18 91
59 40 32 80 63 43 97 18 33 96
86 42 90 7 66 81 95 40 49 27
70 80 74 88 98 67 80 12 76 95
80 38 6 61 20 33 33 13 20 39
3 19 96 32 56 51 95 60 61 84
46 32 91 36 79 37 75 76 95 96
30 70 66 53 21 72 59 82 92 42
90 83 80 56 78 8 33 71 72 8
79 63 98 46 41 93 40 27 47 92
35 42 38 64 8 98 79 95 54 16
15 60 20 27 49 93 45 63 85 80
91 79 31 26 79 53 92 71 81 35
37 60 13 22 92 68 17 52 19 51
2 10 47 48 58 12 41 98 82 15
70 98 89 58 66 68 77 15 96 51
4 56 67 18 62 83 88 47 18 76
31 88 22 23 68 94 35 83 32 75
84 20 30 66 6 54 58 83 71 35
53 77 8 64 5 5 20 69 6 69
2 42 70 88 45 36 14 64 3 45
71 45 55 27 47 37 82 43 43 27
39 98 67 19 27 56 9 32 85 10
66 35 51 57 46 94 7 28 81 9
66 6 88 69 83 91 62 94 77 27
42 93 34 55 56 85 91 86 22 16
92 61 91 29 45 3 60 16 19 52
49 35 82 65 60 60 76 39 49 29
83 67 97 38 12 52 24 67 96 33
23 71 36 91 70 22 77 60 73 85
2 82 42 90 51 63 47 35 41 43
81 49 92 52 99 96 56 70 98 1
87 2 40 89 57 9 22 75 96 42
9 73 85 68 12 58 11 60 77 75
42 61 6 12 56 5 6 75 44 80
6 11 31 75 77 6 7 65 80 12
63 33 92 13 23 68 86 53 34 91
79 99 41 21 41 49 23 89 7 43
19 93 63 20 26 10 64 46 69 53
5 64 21 62 63 4 32 28 57 83
62 58 54 95 39 50 58 93 54 29
65 62 69 10 28 2 45 86 15 71
57 91 46 46 3 72 78 93 54 59
13 43 10 88 35 40 17 1 45 2
89 1 28 53 55 76 60 40 88 98
56 95 97 35 33 14 29 68 92 85
46 50 66 75 72 74 71 79 88 26
52 69 72 30 23 22 18 97 59 73
60 9 14 20 37 66 6 31 89 52
79 58 88 92 14 78 67 85 48 87
44 2 14 25 90 94 61 92 63 76
52 2 53 16 60 43 92 53 92 93
98 55 65 66 16 36 75 21 17 70
4 39 98 15 27 58 12 39 5 25
64 48 25 29 49 78 91 85 88 40
95 5 62 84 21 20 10 40 58 45
22 56 75 1 76 98 7 58 3 49
24 84 53 39 54 2 84 95 79 64
29 92 78 25 78 53 2 90 46 93
# P_hat : m1 | m2 | m3 | m4 | m5 | m6 | m7 | m8 | m9 | m10
38.00 33.60 25.60 2.00 30.40 29.20 23.20 21.60 1.20 30.40
24.40 12.40 6.40 8.80 8.00 3.60 13.60 4.40 38.40 36.80
13.20 28.40 39.60 16.40 22.00 2.40 32.80 25.20 11.20 22.40
31.60 33.60 28.00 37.60 20.40 33.60 39.60 39.20 36.00 26.00
2.40 4.80 29.20 4.40 15.60 22.40 18.00 6.80 34.40 37.20
35.60 10.40 9.20 24.80 36.80 20.00 2.80 33.20 11.60 20.00
1.20 13.60 6.00 12.80 33.20 26.00 17.20 28.00 33.20 1.20
32.40 27.60 33.20 5.60 24.80 29.60 8.80 13.60 15.60 32.80
39.20 26.00 22.80 34.80 22.40 32.00 1.60 18.00 24.80 23.60
14.00 36.00 32.00 30.40 23.60 10.00 28.40 21.60 27.60 6.00
37.60 17.20 36.00 13.20 18.80 10.40 34.00 23.60 15.20 17.60
38.00 12.00 3.20 28.80 13.20 5.60 1.20 33.60 17.20 21.20
17.60 29.60 9.20 38.40 12.40 38.00 35.20 10.00 15.60 2.40
28.40 1.60 17.60 9.60 24.40 25.20 0.40 20.40 30.80 30.00
20.00 26.40 8.40 10.40 29.60 33.20 30.00 7.20 18.40 11.20
20.40 8.80 37.60 38.40 29.20 16.80 34.00 11.20 18.80 22.40
17.20 26.00 35.20 1.20 17.20 38.80 13.60 29.20 28.80 19.60
29.20 18.40 14.80 28.00 20.80 37.60 38.00 20.00 9.20 28.80
20.80 14.40 6.40 28.00 9.20 25.60 10.40 1.60 32.00 35.20
36.80 39.20 1.20 18.80 16.80 27.60 9.60 33.20 9.20 37.60
32.80 12.40 12.40 21.20 19.60 33.60 27.20 12.40 34.80 34.00
20.80 26.00 29.20 0.80 26.40 11.20 34.80 1.60 27.60 16.80
21.20 38.80 3.20 19.60 10.80 26.80 8.00 16.40 13.20 24.80
5.60 10.00 5.60 14.40 16.00 7.60 6.80 4.80 4.40 22.40
19.60 18.40 39.60 10.00 21.20 30.00 36.40 37.60 30.80 30.00
8.40 35.60 26.80 26.40 20.00 28.00 16.00 14.80 11.60 14.40
19.60 31.60 26.80 35.60 25.20 20.00 25.20 36.80 11.20 18.40
18.40 17.60 5.60 23.20 24.40 11.20 30.40 4.00 11.60 36.80
8.80 29.60 22.80 39.20 26.00 33.20 6.00 23.60 4.40 22.00
7.20 37.20 39.60 12.40 3.60 10.40 28.80 14.00 1.60 34.80
16.40 17.20 18.80 36.40 12.00 26.80 27.60 13.20 38.00 18.00
6.80 1.60 32.80 3.20 10.80 32.80 16.00 37.60 30.40 3.60
27.60 18.00 10.80 7.20 18.00 38.80 22.40 14.40 27.60 7.60
12.40 19.20 36.40 33.20 23.20 15.60 32.80 22.40 17.60 30.40
10.40 24.40 15.20 26.80 15.20 29.60 16.40 6.00 37.60 20.00
24.80 37.20 24.00 38.80 30.00 22.00 4.00 27.20 39.60 12.80
34.00 30.40 29.20 24.40 18.00 8.80 36.40 17.20 2.40 25.20
38.40 8.80 36.40 7.20 2.40 0.40 36.40 18.40 22.40 13.20
4.00 21.60 18.80 2.80 15.20 27.20 35.60 12.40 6.40 10.80
24.80 2.80 5.20 21.20 22.40 21.20 37.20 0.80 38.80 38.00
4.40 17.20 38.40 26.00 18.40 30.40 37.60 6.80 18.40 11.60
1.60 10.40 36.80 10.00 37.20 25.20 37.20 20.00 7.20 36.40
23.60 16.00 12.80 32.00 25.20 17.20 38.80 7.20 13.20 38.40
34.40 16.80 36.00 2.80 26.40 32.40 38.00 16.00 19.60 10.80
28.00 32.00 29.60 35.20 39.20 26.80 32.00 4.80 30.40 38.00
32.00 15.20 2.40 24.40 8.00 13.20 13.20 5.20 8.00 15.60
1.20 7.60 38.40 12.80 22.40 20.40 38.00 24.00 24.40 33.60
18.40 12.80 36.40 14.40 31.60 14.80 30.00 30.40 38.00 38.40
12.00 28.00 26.40 21.20 8.40 28.80 23.60 32.80 36.80 16.80
36.00 33.20 32.00 22.40 31.20 3.20 13.20 28.40 28.80 3.20
31.60 25.20 39.20 18.40 16.40 37.20 16.00 10.80 18.80 36.80
14.00 16.80 15.20 25.60 3.20 39.20 31.60 38.00 21.60 6.40
6.00 24.00 8.00 10.80 19.60 37.20 18.00 25.20 34.00 32.00
36.40 31.60 12.40 10.40 31.60 21.20 36.80 28.40 32.40 14.00
14.80 24.00 5.20 8.80 36.80 27.20 6.80 20.80 7.60 20.40
0.80 4.00 18.80 19.20 23.20 4.80 16.40 39.20 32.80 6.00
28.00 39.20 35.60 23.20 26.40 27.20 30.80 6.00 38.40 20.40
1.60 22.40 26.80 7.20 24.80 33.20 35.20 18.80 7.20 30.40
12.40 35.20 8.80 9.20 27.20 37.60 14.00 33.20 12.80 30.00
33.60 8.00 12.00 26.40 2.40 21.60 23.20 33.20 28.40 14.00
21.20 30.80 3.20 25.60 2.00 2.00 8.00 27.60 2.40 27.60
0.80 16.80 28.00 35.20 18.00 14.40 5.60 25.60 1.20 18.00
28.40 18.00 22.00 10.80 18.80 14.80 32.80 17.20 17.20 10.80
15.60 39.20 26.80 7.60 10.80 22.40 3.60 12.80 34.00 4.00
26.40 14.00 20.40 22.80 18.40 37.60 2.80 11.20 32.40 3.60
26.40 2.40 35.20 27.60 33.20 36.40 24.80 37.60 30.80 10.80
16.80 37.20 13.60 22.00 22.40 34.00 36.40 34.40 8.80 6.40
36.80 24.40 36.40 11.60 18.00 1.20 24.00 6.40 7.60 20.80
19.60 14.00 32.80 26.00 24.00 24.00 30.40 15.60 19.60 11.60
33.20 26.80 38.80 15.20 4.80 20.80 9.60 26.80 38.40 13.20
9.20 28.40 14.40 36.40 28.00 8.80 30.80 24.00 29.20 34.00
0.80 32.80 16.80 36.00 20.40 25.20 18.80 14.00 16.40 17.20
32.40 19.60 36.80 20.80 39.60 38.40 22.40 28.00 39.20 0.40
34.80 0.80 16.00 35.60 22.80 3.60 8.80 30.00 38.40 16.80
3.60 29.20 34.00 27.20 4.80 23.20 4.40 24.00 30.80 30.00
16.80 24.40 2.40 4.80 22.40 2.00 2.40 30.00 17.60 32.00
2.40 4.40 12.40 30.00 30.80 2.40 2.80 26.00 32.00 4.80
25.20 13.20 36.80 5.20 9.20 27.20 34.40 21.20 13.60 36.40
31.60 39.60 16.40 8.40 16.40 19.60 9.20 35.60 2.80 17.20
7.60 37.20 25.20 8.00 10.40 4.00 25.60 18.40 27.60 21.20
2.00 25.60 8.40 24.80 25.20 1.60 12.80 11.20 22.80 33.20
24.80 23.20 21.60 38.00 15.60 20.00 23.20 37.20 21.60 11.60
26.00 24.80 27.60 4.00 11.20 0.80 18.00 34.40 6.00 28.40
22.80 36.40 18.40 18.40 1.20 28.80 31.20 37.20 21.60 23.60
5.20 17.20 4.00 35.20 14.00 16.00 6.80 0.40 18.00 0.80
35.60 0.40 11.20 21.20 22.00 30.40 24.00 16.00 35.20 39.20
22.40 38.00 38.80 14.00 13.20 5.60 11.60 27.20 36.80 34.00
18.40 20.00 26.40 30.00 28.80 29.60 28.40 31.60 35.20 10.40
20.80 27.60 28.80 12.00 9.20 8.80 7.20 38.80 23.60 29.20
24.00 3.60 5.60 8.00 14.80 26.40 2.40 12.40 35.60 20.80
31.60 23.20 35.20 36.80 5.60 31.20 26.80 34.00 19.20 34.80
17.60 0.80 5.60 10.00 36.00 37.60 24.40 36.80 25.20 30.40
20.80 0.80 21.20 6.40 24.00 17.20 36.80 21.20 36.80 37.20
39.20 22.00 26.00 26.40 6.40 14.40 30.00 8.40 6.80 28.00
1.60 15.60 39.20 6.00 10.80 23.20 4.80 15.60 2.00 10.00
25.60 19.20 10.00 11.60 19.60 31.20 36.40 34.00 35.20 16.00
38.00 2.00 24.80 33.60 8.40 8.00 4.00 16.00 23.20 18.00
8.80 22.40 30.00 0.40 30.40 39.20 2.80 23.20 1.20 19.60
9.60 33.60 21.20 15.60 21.60 0.80 33.60 38.00 31.60 25.60
11.60 36.80 31.20 10.00 31.20 21.20 0.80 36.00 18.40 37.20
