# nJobs | nMachines
100 5
# Job Weights
30
66
19
64
44
38
29
83
11
3
3
20
26
2
28
30
27
1
93
26
37
32
84
7
14
64
88
11
67
34
37
88
73
47
84
68
15
27
4
51
27
99
100
28
37
84
57
94
8
98
37
80
11
73
50
38
68
63
39
12
33
75
45
30
34
28
65
60
58
2
54
59
30
41
7
15
13
82
22
81
58
92
14
48
18
29
44
40
14
36
1
36
43
40
84
19
95
37
64
46
# P_bar : m1 | m2 | m3 | m4 | m5
73 34 8 62 10
84 46 37 86 60
57 97 38 46 34
52 88 30 3 96
66 52 20 22 79
67 49 68 33 62
33 88 4 90 6
62 15 78 94 15
65 55 41 98 94
7 6 2 9 39
6 77 62 84 85
31 49 38 69 17
42 46 95 26 55
82 14 82 22 59
48 35 96 49 48
45 40 56 90 11
79 1 61 81 63
86 70 34 12 98
10 46 1 54 33
47 28 9 53 49
67 73 57 18 41
86 24 80 56 82
64 44 58 43 12
38 55 7 50 61
13 94 56 82 94
69 52 31 18 80
4 40 92 89 84
21 76 84 49 18
25 92 25 20 68
74 22 20 76 6
11 46 65 90 98
85 19 36 64 47
50 18 67 89 6
21 50 96 16 55
93 31 35 3 73
98 41 59 12 70
91 51 76 45 56
26 73 66 67 46
4 22 83 97 50
28 21 37 80 90
61 79 33 97 89
8 93 2 92 88
55 98 95 56 50
68 89 20 50 99
30 44 84 95 41
26 64 43 25 36
81 93 4 52 16
95 66 44 21 84
49 14 74 47 98
6 10 92 4 44
82 36 55 67 42
71 36 98 62 43
61 69 8 63 62
84 79 30 25 49
29 90 18 3 22
44 51 28 55 16
83 81 54 87 14
12 16 68 84 55
54 28 42 28 45
19 26 28 73 20
52 97 12 8 35
59 33 57 38 89
74 77 81 80 7
42 68 19 53 64
60 28 16 70 36
43 46 88 9 5
80 16 75 87 63
34 96 11 33 8
74 59 57 11 76
46 56 99 65 95
40 4 4 92 40
27 52 51 34 51
79 89 26 64 98
1 84 6 96 77
98 42 16 67 92
44 37 71 54 35
8 90 52 26 3
55 51 96 32 56
55 84 89 10 1
27 16 79 91 17
69 39 91 90 70
79 16 57 31 45
97 37 2 7 87
39 19 33 6 37
54 15 42 77 70
75 68 1 91 84
88 7 40 42 69
87 58 76 5 7
97 47 85 46 5
4 27 99 54 97
79 82 65 56 47
59 72 98 1 12
7 1 78 24 54
89 7 61 62 84
61 22 83 47 49
42 40 30 63 89
79 59 14 39 86
85 16 62 63 37
66 7 41 95 52
99 72 91 45 85
# P_hat : m1 | m2 | m3 | m4 | m5
29.20 13.60 3.20 24.80 4.00
33.60 18.40 14.80 34.40 24.00
22.80 38.80 15.20 18.40 13.60
20.80 35.20 12.00 1.20 38.40
26.40 20.80 8.00 8.80 31.60
26.80 19.60 27.20 13.20 24.80
13.20 35.20 1.60 36.00 2.40
24.80 6.00 31.20 37.60 6.00
26.00 22.00 16.40 39.20 37.60
2.80 2.40 0.80 3.60 15.60
2.40 30.80 24.80 33.60 34.00
12.40 19.60 15.20 27.60 6.80
16.80 18.40 38.00 10.40 22.00
32.80 5.60 32.80 8.80 23.60
19.20 14.00 38.40 19.60 19.20
18.00 16.00 22.40 36.00 4.40
31.60 0.40 24.40 32.40 25.20
34.40 28.00 13.60 4.80 39.20
4.00 18.40 0.40 21.60 13.20
18.80 11.20 3.60 21.20 19.60
26.80 29.20 22.80 7.20 16.40
34.40 9.60 32.00 22.40 32.80
25.60 17.60 23.20 17.20 4.80
15.20 22.00 2.80 20.00 24.40
5.20 37.60 22.40 32.80 37.60
27.60 20.80 12.40 7.20 32.00
1.60 16.00 36.80 35.60 33.60
8.40 30.40 33.60 19.60 7.20
10.00 36.80 10.00 8.00 27.20
29.60 8.80 8.00 30.40 2.40
4.40 18.40 26.00 36.00 39.20
34.00 7.60 14.40 25.60 18.80
20.00 7.20 26.80 35.60 2.40
8.40 20.00 38.40 6.40 22.00
37.20 12.40 14.00 1.20 29.20
39.20 16.40 23.60 4.80 28.00
36.40 20.40 30.40 18.00 22.40
10.40 29.20 26.40 26.80 18.40
1.60 8.80 33.20 38.80 20.00
11.20 8.40 14.80 32.00 36.00
24.40 31.60 13.20 38.80 35.60
3.20 37.20 0.80 36.80 35.20
22.00 39.20 38.00 22.40 20.00
27.20 35.60 8.00 20.00 39.60
12.00 17.60 33.60 38.00 16.40
10.40 25.60 17.20 10.00 14.40
32.40 37.20 1.60 20.80 6.40
38.00 26.40 17.60 8.40 33.60
19.60 5.60 29.60 18.80 39.20
2.40 4.00 36.80 1.60 17.60
32.80 14.40 22.00 26.80 16.80
28.40 14.40 39.20 24.80 17.20
24.40 27.60 3.20 25.20 24.80
33.60 31.60 12.00 10.00 19.60
11.60 36.00 7.20 1.20 8.80
17.60 20.40 11.20 22.00 6.40
33.20 32.40 21.60 34.80 5.60
4.80 6.40 27.20 33.60 22.00
21.60 11.20 16.80 11.20 18.00
7.60 10.40 11.20 29.20 8.00
20.80 38.80 4.80 3.20 14.00
23.60 13.20 22.80 15.20 35.60
29.60 30.80 32.40 32.00 2.80
16.80 27.20 7.60 21.20 25.60
24.00 11.20 6.40 28.00 14.40
17.20 18.40 35.20 3.60 2.00
32.00 6.40 30.00 34.80 25.20
13.60 38.40 4.40 13.20 3.20
29.60 23.60 22.80 4.40 30.40
18.40 22.40 39.60 26.00 38.00
16.00 1.60 1.60 36.80 16.00
10.80 20.80 20.40 13.60 20.40
31.60 35.60 10.40 25.60 39.20
0.40 33.60 2.40 38.40 30.80
39.20 16.80 6.40 26.80 36.80
17.60 14.80 28.40 21.60 14.00
3.20 36.00 20.80 10.40 1.20
22.00 20.40 38.40 12.80 22.40
22.00 33.60 35.60 4.00 0.40
10.80 6.40 31.60 36.40 6.80
27.60 15.60 36.40 36.00 28.00
31.60 6.40 22.80 12.40 18.00
38.80 14.80 0.80 2.80 34.80
15.60 7.60 13.20 2.40 14.80
21.60 6.00 16.80 30.80 28.00
30.00 27.20 0.40 36.40 33.60
35.20 2.80 16.00 16.80 27.60
34.80 23.20 30.40 2.00 2.80
38.80 18.80 34.00 18.40 2.00
1.60 10.80 39.60 21.60 38.80
31.60 32.80 26.00 22.40 18.80
23.60 28.80 39.20 0.40 4.80
2.80 0.40 31.20 9.60 21.60
35.60 2.80 24.40 24.80 33.60
24.40 8.80 33.20 18.80 19.60
16.80 16.00 12.00 25.20 35.60
31.60 23.60 5.60 15.60 34.40
34.00 6.40 24.80 25.20 14.80
26.40 2.80 16.40 38.00 20.80
39.60 28.80 36.40 18.00 34.00
