# nJobs | nMachines
50 10
# Job Weights
16
62
83
9
89
15
67
23
23
23
76
89
68
40
17
97
47
69
51
28
23
64
16
68
21
36
48
13
91
57
68
42
69
13
22
95
38
91
86
16
24
12
69
65
41
51
20
41
9
63
# P_bar : m1 | m2 | m3 | m4 | m5 | m6 | m7 | m8 | m9 | m10
65 55 87 38 38 22 34 99 81 50
4 99 72 19 90 63 88 59 51 99
10 12 33 37 23 63 4 6 80 94
87 40 50 75 59 38 98 45 55 1
31 7 77 8 15 53 83 6 52 73
52 8 83 63 72 73 76 27 64 58
35 14 89 91 63 37 89 31 2 1
89 68 90 38 48 68 22 95 59 8
28 4 26 92 94 38 23 91 88 41
45 63 93 25 12 10 70 94 11 97
24 27 8 19 63 74 69 21 68 67
68 61 86 42 46 27 30 72 16 1
94 65 39 89 60 84 11 65 75 58
71 7 13 80 72 65 89 41 94 73
70 14 59 11 33 40 79 9 43 62
2 16 99 84 50 97 29 56 23 9
83 3 98 33 25 82 52 33 5 88
85 31 76 42 14 98 68 98 53 6
97 56 52 51 20 50 14 11 76 34
65 67 43 18 50 23 99 51 60 5
64 74 79 56 32 66 4 7 51 59
38 59 64 83 87 56 3 94 96 16
54 81 4 49 42 30 4 43 50 13
26 43 19 14 70 27 33 47 38 80
40 57 45 1 92 36 98 77 28 54
75 11 80 23 10 19 44 89 8 96
59 32 15 72 75 28 34 53 70 48
38 21 43 24 57 66 13 34 51 72
40 73 37 63 30 70 78 79 77 96
89 75 49 15 45 79 15 85 83 91
64 46 36 33 91 21 25 4 71 49
84 34 33 93 20 26 35 12 41 92
47 50 83 5 32 81 16 99 60 3
62 47 28 78 9 61 37 80 25 45
74 22 46 33 72 19 69 42 38 28
38 81 71 91 11 91 82 89 97 37
79 42 59 56 5 43 13 85 13 51
57 4 15 99 17 34 51 46 5 96
8 49 50 29 66 85 48 4 58 88
46 24 53 15 17 73 53 58 22 83
27 54 51 54 92 82 13 17 17 24
28 29 56 46 10 15 46 98 51 58
62 87 76 2 93 65 39 71 52 21
34 38 48 90 36 42 1 81 15 25
18 19 11 96 40 48 72 26 1 12
63 65 35 93 74 28 28 80 99 85
74 23 88 3 99 25 20 70 62 58
26 77 59 53 86 84 90 49 72 48
28 71 51 97 29 37 84 24 45 37
78 90 13 51 70 88 38 41 90 3
# P_hat : m1 | m2 | m3 | m4 | m5 | m6 | m7 | m8 | m9 | m10
19.50 16.50 26.10 11.40 11.40 6.60 10.20 29.70 24.30 15.00
1.20 29.70 21.60 5.70 27.00 18.90 26.40 17.70 15.30 29.70
3.00 3.60 9.90 11.10 6.90 18.90 1.20 1.80 24.00 28.20
26.10 12.00 15.00 22.50 17.70 11.40 29.40 13.50 16.50 0.30
9.30 2.10 23.10 2.40 4.50 15.90 24.90 1.80 15.60 21.90
15.60 2.40 24.90 18.90 21.60 21.90 22.80 8.10 19.20 17.40
10.50 4.20 26.70 27.30 18.90 11.10 26.70 9.30 0.60 0.30
26.70 20.40 27.00 11.40 14.40 20.40 6.60 28.50 17.70 2.40
8.40 1.20 7.80 27.60 28.20 11.40 6.90 27.30 26.40 12.30
13.50 18.90 27.90 7.50 3.60 3.00 21.00 28.20 3.30 29.10
7.20 8.10 2.40 5.70 18.90 22.20 20.70 6.30 20.40 20.10
20.40 18.30 25.80 12.60 13.80 8.10 9.00 21.60 4.80 0.30
28.20 19.50 11.70 26.70 18.00 25.20 3.30 19.50 22.50 17.40
21.30 2.10 3.90 24.00 21.60 19.50 26.70 12.30 28.20 21.90
21.00 4.20 17.70 3.30 9.90 12.00 23.70 2.70 12.90 18.60
0.60 4.80 29.70 25.20 15.00 29.10 8.70 16.80 6.90 2.70
24.90 0.90 29.40 9.90 7.50 24.60 15.60 9.90 1.50 26.40
25.50 9.30 22.80 12.60 4.20 29.40 20.40 29.40 15.90 1.80
29.10 16.80 15.60 15.30 6.00 15.00 4.20 3.30 22.80 10.20
19.50 20.10 12.90 5.40 15.00 6.90 29.70 15.30 18.00 1.50
19.20 22.20 23.70 16.80 9.60 19.80 1.20 2.10 15.30 17.70
11.40 17.70 19.20 24.90 26.10 16.80 0.90 28.20 28.80 4.80
16.20 24.30 1.20 14.70 12.60 9.00 1.20 12.90 15.00 3.90
7.80 12.90 5.70 4.20 21.00 8.10 9.90 14.10 11.40 24.00
12.00 17.10 13.50 0.30 27.60 10.80 29.40 23.10 8.40 16.20
22.50 3.30 24.00 6.90 3.00 5.70 13.20 26.70 2.40 28.80
17.70 9.60 4.50 21.60 22.50 8.40 10.20 15.90 21.00 14.40
11.40 6.30 12.90 7.20 17.10 19.80 3.90 10.20 15.30 21.60
12.00 21.90 11.10 18.90 9.00 21.00 23.40 23.70 23.10 28.80
26.70 22.50 14.70 4.50 13.50 23.70 4.50 25.50 24.90 27.30
19.20 13.80 10.80 9.90 27.30 6.30 7.50 1.20 21.30 14.70
25.20 10.20 9.90 27.90 6.00 7.80 10.50 3.60 12.30 27.60
14.10 15.00 24.90 1.50 9.60 24.30 4.80 29.70 18.00 0.90
18.60 14.10 8.40 23.40 2.70 18.30 11.10 24.00 7.50 13.50
22.20 6.60 13.80 9.90 21.60 5.70 20.70 12.60 11.40 8.40
11.40 24.30 21.30 27.30 3.30 27.30 24.60 26.70 29.10 11.10
23.70 12.60 17.70 16.80 1.50 12.90 3.90 25.50 3.90 15.30
17.10 1.20 4.50 29.70 5.10 10.20 15.30 13.80 1.50 28.80
2.40 14.70 15.00 8.70 19.80 25.50 14.40 1.20 17.40 26.40
13.80 7.20 15.90 4.50 5.10 21.90 15.90 17.40 6.60 24.90
8.10 16.20 15.30 16.20 27.60 24.60 3.90 5.10 5.10 7.20
8.40 8.70 16.80 13.80 3.00 4.50 13.80 29.40 15.30 17.40
18.60 26.10 22.80 0.60 27.90 19.50 11.70 21.30 15.60 6.30
10.20 11.40 14.40 27.00 10.80 12.60 0.30 24.30 4.50 7.50
5.40 5.70 3.30 28.80 12.00 14.40 21.60 7.80 0.30 3.60
18.90 19.50 10.50 27.90 22.20 8.40 8.40 24.00 29.70 25.50
22.20 6.90 26.40 0.90 29.70 7.50 6.00 21.00 18.60 17.40
7.80 23.10 17.70 15.90 25.80 25.20 27.00 14.70 21.60 14.40
8.40 21.30 15.30 29.10 8.70 11.10 25.20 7.20 13.50 11.10
23.40 27.00 3.90 15.30 21.00 26.40 11.40 12.30 27.00 0.90
