# nJobs | nMachines
20 20
# Job Weights
65
21
11
59
36
61
90
44
36
18
90
97
68
39
55
78
12
97
51
20
# P_bar : m1 | m2 | m3 | m4 | m5 | m6 | m7 | m8 | m9 | m10 | m11 | m12 | m13 | m14 | m15 | m16 | m17 | m18 | m19 | m20
72 72 79 95 1 90 37 92 94 15 8 62 89 96 89 54 46 94 40 28
47 45 55 67 83 30 32 82 82 50 35 44 99 47 93 68 88 91 58 23
52 73 95 93 17 88 42 95 24 27 46 89 23 39 74 26 61 88 85 59
40 94 46 90 69 69 3 18 98 12 25 20 34 43 2 47 6 56 69 85
49 76 59 73 72 51 5 85 74 59 41 21 68 45 54 51 33 94 67 4
86 28 89 63 61 7 79 27 98 97 50 72 23 13 60 44 17 13 41 14
75 58 16 25 67 26 33 92 93 38 24 96 31 95 57 21 21 33 6 53
26 98 40 36 83 5 79 77 80 83 46 73 14 89 21 34 27 68 24 14
37 65 28 7 89 1 56 68 25 84 1 34 77 27 65 61 57 27 65 70
29 7 51 26 99 90 96 46 99 54 16 10 97 71 70 52 4 74 20 76
34 77 80 86 5 40 57 57 19 79 65 99 11 43 27 73 14 81 12 41
86 1 95 50 47 78 23 61 34 51 81 46 60 24 93 45 86 11 9 50
96 75 41 80 84 68 19 4 12 93 9 66 21 3 8 45 72 74 4 88
36 46 18 48 76 31 24 58 55 95 82 42 25 22 35 3 10 27 70 58
55 61 14 12 68 91 25 94 71 66 26 33 56 76 9 68 39 51 98 29
41 93 65 57 36 23 73 50 21 12 38 70 86 38 99 46 19 36 10 66
97 79 26 34 30 55 69 31 5 80 77 95 11 82 60 60 71 58 87 19
74 23 5 4 38 14 24 25 61 20 96 57 2 94 38 8 61 39 35 64
55 71 7 99 62 44 19 34 37 28 65 40 77 25 43 6 72 48 90 77
61 46 75 20 61 22 5 80 22 86 43 19 98 72 14 70 94 46 61 25
# P_hat : m1 | m2 | m3 | m4 | m5 | m6 | m7 | m8 | m9 | m10 | m11 | m12 | m13 | m14 | m15 | m16 | m17 | m18 | m19 | m20
7.20 7.20 7.90 9.50 0.10 9.00 3.70 9.20 9.40 1.50 0.80 6.20 8.90 9.60 8.90 5.40 4.60 9.40 4.00 2.80
4.70 4.50 5.50 6.70 8.30 3.00 3.20 8.20 8.20 5.00 3.50 4.40 9.90 4.70 9.30 6.80 8.80 9.10 5.80 2.30
5.20 7.30 9.50 9.30 1.70 8.80 4.20 9.50 2.40 2.70 4.60 8.90 2.30 3.90 7.40 2.60 6.10 8.80 8.50 5.90
4.00 9.40 4.60 9.00 6.90 6.90 0.30 1.80 9.80 1.20 2.50 2.00 3.40 4.30 0.20 4.70 0.60 5.60 6.90 8.50
4.90 7.60 5.90 7.30 7.20 5.10 0.50 8.50 7.40 5.90 4.10 2.10 6.80 4.50 5.40 5.10 3.30 9.40 6.70 0.40
8.60 2.80 8.90 6.30 6.10 0.70 7.90 2.70 9.80 9.70 5.00 7.20 2.30 1.30 6.00 4.40 1.70 1.30 4.10 1.40
7.50 5.80 1.60 2.50 6.70 2.60 3.30 9.20 9.30 3.80 2.40 9.60 3.10 9.50 5.70 2.10 2.10 3.30 0.60 5.30
2.60 9.80 4.00 3.60 8.30 0.50 7.90 7.70 8.00 8.30 4.60 7.30 1.40 8.90 2.10 3.40 2.70 6.80 2.40 1.40
3.70 6.50 2.80 0.70 8.90 0.10 5.60 6.80 2.50 8.40 0.10 3.40 7.70 2.70 6.50 6.10 5.70 2.70 6.50 7.00
2.90 0.70 5.10 2.60 9.90 9.00 9.60 4.60 9.90 5.40 1.60 1.00 9.70 7.10 7.00 5.20 0.40 7.40 2.00 7.60
3.40 7.70 8.00 8.60 0.50 4.00 5.70 5.70 1.90 7.90 6.50 9.90 1.10 4.30 2.70 7.30 1.40 8.10 1.20 4.10
8.60 0.10 9.50 5.00 4.70 7.80 2.30 6.10 3.40 5.10 8.10 4.60 6.00 2.40 9.30 4.50 8.60 1.10 0.90 5.00
9.60 7.50 4.10 8.00 8.40 6.80 1.90 0.40 1.20 9.30 0.90 6.60 2.10 0.30 0.80 4.50 7.20 7.40 0.40 8.80
3.60 4.60 1.80 4.80 7.60 3.10 2.40 5.80 5.50 9.50 8.20 4.20 2.50 2.20 3.50 0.30 1.00 2.70 7.00 5.80
5.50 6.10 1.40 1.20 6.80 9.10 2.50 9.40 7.10 6.60 2.60 3.30 5.60 7.60 0.90 6.80 3.90 5.10 9.80 2.90
4.10 9.30 6.50 5.70 3.60 2.30 7.30 5.00 2.10 1.20 3.80 7.00 8.60 3.80 9.90 4.60 1.90 3.60 1.00 6.60
9.70 7.90 2.60 3.40 3.00 5.50 6.90 3.10 0.50 8.00 7.70 9.50 1.10 8.20 6.00 6.00 7.10 5.80 8.70 1.90
7.40 2.30 0.50 0.40 3.80 1.40 2.40 2.50 6.10 2.00 9.60 5.70 0.20 9.40 3.80 0.80 6.10 3.90 3.50 6.40
5.50 7.10 0.70 9.90 6.20 4.40 1.90 3.40 3.70 2.80 6.50 4.00 7.70 2.50 4.30 0.60 7.20 4.80 9.00 7.70
6.10 4.60 7.50 2.00 6.10 2.20 0.50 8.00 2.20 8.60 4.30 1.90 9.80 7.20 1.40 7.00 9.40 4.60 6.10 2.50
