# nJobs | nMachines
20 20
# Job Weights
42
29
3
97
67
65
51
66
13
37
13
8
40
67
31
82
8
82
96
8
# P_bar : m1 | m2 | m3 | m4 | m5 | m6 | m7 | m8 | m9 | m10 | m11 | m12 | m13 | m14 | m15 | m16 | m17 | m18 | m19 | m20
77 52 47 40 72 90 89 91 15 34 87 47 56 68 94 57 57 12 22 99
3 83 86 56 88 70 59 42 91 18 36 40 33 87 36 79 56 72 35 78
60 50 85 42 83 23 43 79 46 67 48 49 58 7 45 74 15 17 89 42
92 2 2 73 38 28 77 6 51 15 1 23 99 21 26 21 51 91 4 88
17 9 43 98 8 50 83 56 64 34 81 3 85 91 4 69 30 75 71 54
38 48 56 74 20 33 36 13 19 64 59 84 64 39 37 39 82 60 43 50
45 68 90 49 33 42 40 66 98 71 57 4 40 25 20 41 92 20 34 54
92 37 41 32 63 69 85 74 34 5 82 40 55 77 55 76 76 23 24 83
20 57 55 48 44 36 60 21 54 82 49 36 58 58 15 84 36 83 39 36
33 19 12 57 43 80 65 7 9 84 12 13 99 96 81 20 5 93 44 41
14 59 99 71 33 37 78 7 10 38 62 90 38 65 82 7 18 41 40 80
39 20 36 65 34 25 44 29 20 91 95 57 39 1 81 40 63 99 97 45
66 25 90 73 82 87 15 23 46 55 9 3 5 83 74 26 82 74 1 14
93 64 12 19 22 41 55 11 4 1 39 3 30 57 68 28 45 54 98 96
37 92 15 12 58 34 49 36 90 4 90 66 2 4 14 93 51 10 61 45
44 6 38 20 78 54 77 50 88 71 41 74 97 36 78 81 16 61 7 65
21 24 19 29 61 51 5 91 71 49 33 28 33 77 93 25 15 40 77 17
77 29 95 39 67 52 72 10 50 31 53 80 75 94 69 82 39 96 95 27
90 6 24 38 43 90 97 81 23 18 67 59 31 11 79 60 72 18 68 77
63 64 98 28 64 22 46 87 50 44 17 39 68 41 63 25 70 85 54 54
# P_hat : m1 | m2 | m3 | m4 | m5 | m6 | m7 | m8 | m9 | m10 | m11 | m12 | m13 | m14 | m15 | m16 | m17 | m18 | m19 | m20
30.80 20.80 18.80 16.00 28.80 36.00 35.60 36.40 6.00 13.60 34.80 18.80 22.40 27.20 37.60 22.80 22.80 4.80 8.80 39.60
1.20 33.20 34.40 22.40 35.20 28.00 23.60 16.80 36.40 7.20 14.40 16.00 13.20 34.80 14.40 31.60 22.40 28.80 14.00 31.20
24.00 20.00 34.00 16.80 33.20 9.20 17.20 31.60 18.40 26.80 19.20 19.60 23.20 2.80 18.00 29.60 6.00 6.80 35.60 16.80
36.80 0.80 0.80 29.20 15.20 11.20 30.80 2.40 20.40 6.00 0.40 9.20 39.60 8.40 10.40 8.40 20.40 36.40 1.60 35.20
6.80 3.60 17.20 39.20 3.20 20.00 33.20 22.40 25.60 13.60 32.40 1.20 34.00 36.40 1.60 27.60 12.00 30.00 28.40 21.60
15.20 19.20 22.40 29.60 8.00 13.20 14.40 5.20 7.60 25.60 23.60 33.60 25.60 15.60 14.80 15.60 32.80 24.00 17.20 20.00
18.00 27.20 36.00 19.60 13.20 16.80 16.00 26.40 39.20 28.40 22.80 1.60 16.00 10.00 8.00 16.40 36.80 8.00 13.60 21.60
36.80 14.80 16.40 12.80 25.20 27.60 34.00 29.60 13.60 2.00 32.80 16.00 22.00 30.80 22.00 30.40 30.40 9.20 9.60 33.20
8.00 22.80 22.00 19.20 17.60 14.40 24.00 8.40 21.60 32.80 19.60 14.40 23.20 23.20 6.00 33.60 14.40 33.20 15.60 14.40
13.20 7.60 4.80 22.80 17.20 32.00 26.00 2.80 3.60 33.60 4.80 5.20 39.60 38.40 32.40 8.00 2.00 37.20 17.60 16.40
5.60 23.60 39.60 28.40 13.20 14.80 31.20 2.80 4.00 15.20 24.80 36.00 15.20 26.00 32.80 2.80 7.20 16.40 16.00 32.00
15.60 8.00 14.40 26.00 13.60 10.00 17.60 11.60 8.00 36.40 38.00 22.80 15.60 0.40 32.40 16.00 25.20 39.60 38.80 18.00
26.40 10.00 36.00 29.20 32.80 34.80 6.00 9.20 18.40 22.00 3.60 1.20 2.00 33.20 29.60 10.40 32.80 29.60 0.40 5.60
37.20 25.60 4.80 7.60 8.80 16.40 22.00 4.40 1.60 0.40 15.60 1.20 12.00 22.80 27.20 11.20 18.00 21.60 39.20 38.40
14.80 36.80 6.00 4.80 23.20 13.60 19.60 14.40 36.00 1.60 36.00 26.40 0.80 1.60 5.60 37.20 20.40 4.00 24.40 18.00
17.60 2.40 15.20 8.00 31.20 21.60 30.80 20.00 35.20 28.40 16.40 29.60 38.80 14.40 31.20 32.40 6.40 24.40 2.80 26.00
8.40 9.60 7.60 11.60 24.40 20.40 2.00 36.40 28.40 19.60 13.20 11.20 13.20 30.80 37.20 10.00 6.00 16.00 30.80 6.80
30.80 11.60 38.00 15.60 26.80 20.80 28.80 4.00 20.00 12.40 21.20 32.00 30.00 37.60 27.60 32.80 15.60 38.40 38.00 10.80
36.00 2.40 9.60 15.20 17.20 36.00 38.80 32.40 9.20 7.20 26.80 23.60 12.40 4.40 31.60 24.00 28.80 7.20 27.20 30.80
25.20 25.60 39.20 11.20 25.60 8.80 18.40 34.80 20.00 17.60 6.80 15.60 27.20 16.40 25.20 10.00 28.00 34.00 21.60 21.60
