# nJobs | nMachines
100 5
# Job Weights
46
2
96
34
22
11
16
76
33
77
86
70
53
49
11
26
49
52
10
1
17
6
73
84
34
49
15
100
63
57
13
86
82
97
37
97
55
13
39
35
79
57
49
35
21
29
9
66
36
91
78
29
46
56
81
20
39
83
10
10
5
37
24
6
9
95
22
63
16
88
45
27
67
24
21
39
55
99
58
42
81
51
69
28
3
76
75
58
16
82
72
28
68
36
74
69
15
17
47
71
# P_bar : m1 | m2 | m3 | m4 | m5
7 62 29 10 30
41 67 39 54 10
6 30 31 89 54
14 5 3 9 3
62 26 50 52 63
1 57 37 47 63
40 28 85 5 90
16 5 70 39 60
76 41 22 31 88
75 81 35 93 36
80 44 59 56 92
73 93 61 44 1
73 45 65 60 90
38 20 88 79 23
66 50 28 91 49
64 55 35 17 96
5 87 69 23 95
47 90 22 76 46
26 36 89 46 23
54 15 21 30 91
48 14 25 43 50
54 24 66 54 82
76 42 88 44 13
1 53 90 84 77
57 92 55 56 51
89 39 65 9 4
39 55 58 25 32
20 77 55 56 90
16 40 2 15 4
40 66 92 27 73
5 42 72 98 21
94 19 22 81 10
53 54 6 99 58
12 79 26 77 54
64 64 65 72 76
83 66 36 5 12
22 71 14 21 89
78 89 97 8 23
20 72 75 11 7
93 13 13 73 89
89 67 81 34 97
41 72 27 17 70
77 46 85 80 67
81 69 16 1 81
57 82 12 42 91
95 94 29 3 51
12 26 21 59 47
83 50 63 32 73
31 11 23 49 76
19 58 74 12 74
66 11 25 26 13
73 89 92 61 11
79 23 73 15 5
21 29 5 20 28
91 53 73 24 56
48 42 1 77 37
17 37 36 40 3
76 96 7 75 15
59 58 11 83 95
79 41 95 50 94
12 6 24 82 25
88 49 59 91 56
91 34 71 78 79
60 86 71 88 5
8 77 69 16 33
95 92 67 60 45
59 98 28 23 42
41 65 55 18 74
56 1 66 29 9
20 18 48 45 31
70 70 46 26 42
16 27 39 66 45
4 46 6 73 72
13 95 20 90 87
40 70 72 91 37
64 12 70 68 19
88 41 61 15 10
92 4 83 26 25
95 44 79 11 38
14 32 82 22 59
16 70 62 62 58
2 27 91 96 96
21 22 8 52 36
97 57 88 72 86
59 31 25 17 93
87 20 9 48 38
70 86 34 49 47
11 30 20 99 73
98 27 93 80 18
75 47 7 30 10
28 90 13 6 71
51 47 11 33 30
27 41 57 89 99
58 47 27 12 82
19 29 7 80 11
64 12 44 94 45
5 14 99 52 79
82 1 51 41 67
12 42 88 49 35
55 67 17 93 23
# P_hat : m1 | m2 | m3 | m4 | m5
0.70 6.20 2.90 1.00 3.00
4.10 6.70 3.90 5.40 1.00
0.60 3.00 3.10 8.90 5.40
1.40 0.50 0.30 0.90 0.30
6.20 2.60 5.00 5.20 6.30
0.10 5.70 3.70 4.70 6.30
4.00 2.80 8.50 0.50 9.00
1.60 0.50 7.00 3.90 6.00
7.60 4.10 2.20 3.10 8.80
7.50 8.10 3.50 9.30 3.60
8.00 4.40 5.90 5.60 9.20
7.30 9.30 6.10 4.40 0.10
7.30 4.50 6.50 6.00 9.00
3.80 2.00 8.80 7.90 2.30
6.60 5.00 2.80 9.10 4.90
6.40 5.50 3.50 1.70 9.60
0.50 8.70 6.90 2.30 9.50
4.70 9.00 2.20 7.60 4.60
2.60 3.60 8.90 4.60 2.30
5.40 1.50 2.10 3.00 9.10
4.80 1.40 2.50 4.30 5.00
5.40 2.40 6.60 5.40 8.20
7.60 4.20 8.80 4.40 1.30
0.10 5.30 9.00 8.40 7.70
5.70 9.20 5.50 5.60 5.10
8.90 3.90 6.50 0.90 0.40
3.90 5.50 5.80 2.50 3.20
2.00 7.70 5.50 5.60 9.00
1.60 4.00 0.20 1.50 0.40
4.00 6.60 9.20 2.70 7.30
0.50 4.20 7.20 9.80 2.10
9.40 1.90 2.20 8.10 1.00
5.30 5.40 0.60 9.90 5.80
1.20 7.90 2.60 7.70 5.40
6.40 6.40 6.50 7.20 7.60
8.30 6.60 3.60 0.50 1.20
2.20 7.10 1.40 2.10 8.90
7.80 8.90 9.70 0.80 2.30
2.00 7.20 7.50 1.10 0.70
9.30 1.30 1.30 7.30 8.90
8.90 6.70 8.10 3.40 9.70
4.10 7.20 2.70 1.70 7.00
7.70 4.60 8.50 8.00 6.70
8.10 6.90 1.60 0.10 8.10
5.70 8.20 1.20 4.20 9.10
9.50 9.40 2.90 0.30 5.10
1.20 2.60 2.10 5.90 4.70
8.30 5.00 6.30 3.20 7.30
3.10 1.10 2.30 4.90 7.60
1.90 5.80 7.40 1.20 7.40
6.60 1.10 2.50 2.60 1.30
7.30 8.90 9.20 6.10 1.10
7.90 2.30 7.30 1.50 0.50
2.10 2.90 0.50 2.00 2.80
9.10 5.30 7.30 2.40 5.60
4.80 4.20 0.10 7.70 3.70
1.70 3.70 3.60 4.00 0.30
7.60 9.60 0.70 7.50 1.50
5.90 5.80 1.10 8.30 9.50
7.90 4.10 9.50 5.00 9.40
1.20 0.60 2.40 8.20 2.50
8.80 4.90 5.90 9.10 5.60
9.10 3.40 7.10 7.80 7.90
6.00 8.60 7.10 8.80 0.50
0.80 7.70 6.90 1.60 3.30
9.50 9.20 6.70 6.00 4.50
5.90 9.80 2.80 2.30 4.20
4.10 6.50 5.50 1.80 7.40
5.60 0.10 6.60 2.90 0.90
2.00 1.80 4.80 4.50 3.10
7.00 7.00 4.60 2.60 4.20
1.60 2.70 3.90 6.60 4.50
0.40 4.60 0.60 7.30 7.20
1.30 9.50 2.00 9.00 8.70
4.00 7.00 7.20 9.10 3.70
6.40 1.20 7.00 6.80 1.90
8.80 4.10 6.10 1.50 1.00
9.20 0.40 8.30 2.60 2.50
9.50 4.40 7.90 1.10 3.80
1.40 3.20 8.20 2.20 5.90
1.60 7.00 6.20 6.20 5.80
0.20 2.70 9.10 9.60 9.60
2.10 2.20 0.80 5.20 3.60
9.70 5.70 8.80 7.20 8.60
5.90 3.10 2.50 1.70 9.30
8.70 2.00 0.90 4.80 3.80
7.00 8.60 3.40 4.90 4.70
1.10 3.00 2.00 9.90 7.30
9.80 2.70 9.30 8.00 1.80
7.50 4.70 0.70 3.00 1.00
2.80 9.00 1.30 0.60 7.10
5.10 4.70 1.10 3.30 3.00
2.70 4.10 5.70 8.90 9.90
5.80 4.70 2.70 1.20 8.20
1.90 2.90 0.70 8.00 1.10
6.40 1.20 4.40 9.40 4.50
0.50 1.40 9.90 5.20 7.90
8.20 0.10 5.10 4.10 6.70
1.20 4.20 8.80 4.90 3.50
5.50 6.70 1.70 9.30 2.30
