# nJobs | nMachines
50 20
# Job Weights
98
81
95
54
69
100
13
60
29
48
76
23
12
82
86
16
14
69
89
18
90
12
78
39
91
95
63
27
29
11
11
87
67
51
7
17
30
95
31
21
43
13
94
3
8
51
2
65
72
47
# P_bar : m1 | m2 | m3 | m4 | m5 | m6 | m7 | m8 | m9 | m10 | m11 | m12 | m13 | m14 | m15 | m16 | m17 | m18 | m19 | m20
52 63 82 16 63 94 79 22 80 96 53 54 71 27 95 3 92 80 61 74
95 99 21 26 55 34 21 6 13 3 19 67 90 93 53 80 62 38 86 38
42 69 79 46 59 89 93 24 64 50 99 25 59 49 54 78 11 55 16 4
75 70 95 66 35 62 32 55 77 57 62 77 82 63 22 32 83 34 42 31
44 53 46 76 21 47 8 48 17 66 88 38 22 65 84 53 87 85 14 62
57 21 23 31 59 66 45 57 78 84 93 98 88 34 54 43 66 44 92 39
89 10 40 36 78 76 37 78 82 98 34 96 35 10 2 85 98 47 67 97
53 31 95 8 25 15 78 5 4 55 72 20 49 56 80 19 42 66 77 57
84 80 87 37 30 18 26 50 72 70 42 15 78 51 84 48 23 19 46 9
62 18 37 21 38 54 98 83 93 32 65 36 69 97 66 49 45 66 41 54
91 5 24 3 78 24 17 70 68 31 39 65 76 52 25 66 52 61 78 13
14 18 24 76 79 55 25 21 25 64 79 97 2 46 16 22 6 60 3 47
95 17 65 67 58 96 21 71 67 11 9 27 14 16 79 37 3 98 72 6
89 71 62 5 44 10 28 58 80 9 26 25 3 50 90 51 64 82 95 70
4 90 19 47 38 12 68 36 43 32 72 61 22 96 51 82 55 79 53 19
95 93 67 72 76 96 24 50 93 58 29 24 26 85 29 59 97 71 59 97
2 14 66 66 70 53 62 31 21 98 36 97 44 61 29 88 83 28 34 41
97 49 6 56 72 92 89 86 33 95 48 61 1 76 90 77 42 74 66 1
68 52 65 95 85 77 60 29 14 25 57 75 4 30 83 19 81 27 42 57
20 7 59 49 8 6 64 30 30 4 95 92 16 90 83 32 92 33 63 60
33 78 2 47 10 91 38 93 59 45 93 73 55 42 19 52 68 13 27 62
51 57 67 26 84 14 90 49 83 60 79 21 43 88 95 9 46 9 92 14
98 41 82 81 42 41 87 83 85 87 88 29 87 37 87 96 56 12 8 90
8 75 90 56 67 30 1 89 85 31 77 3 35 43 12 23 88 51 65 76
85 98 30 76 20 85 99 44 70 1 94 96 76 88 34 64 50 16 34 12
86 93 63 66 24 17 34 38 35 96 39 51 98 91 23 22 13 49 6 89
73 33 5 36 75 23 9 62 2 22 74 26 78 14 44 37 23 83 42 37
4 75 93 53 23 60 22 45 76 95 46 44 81 63 30 3 13 48 39 35
40 68 53 26 33 76 74 22 46 73 17 56 48 65 82 52 49 13 2 91
98 33 85 52 60 39 14 85 72 77 30 31 25 74 83 44 18 78 7 69
12 60 81 29 20 85 14 39 69 30 62 64 81 71 42 11 50 96 85 55
59 82 73 36 75 10 84 98 46 88 77 38 27 8 56 21 94 77 32 48
44 24 34 68 83 65 75 56 3 14 43 44 84 39 89 85 71 68 14 56
46 99 74 21 26 15 37 68 57 22 98 46 59 95 38 6 64 88 74 84
2 4 13 71 92 55 32 84 71 93 48 66 98 82 96 40 31 77 59 22
41 97 78 61 29 41 29 77 77 48 14 31 14 17 10 68 21 76 95 51
28 24 35 71 39 28 32 67 33 10 45 48 32 38 3 30 2 73 48 43
83 50 20 69 14 93 89 53 49 7 25 27 95 69 53 35 63 92 37 50
28 55 16 28 74 88 12 46 59 14 98 82 30 17 97 58 58 72 59 62
21 91 48 86 66 27 47 24 82 91 30 51 13 24 11 31 36 87 4 61
80 46 12 27 86 77 19 52 59 5 90 90 68 66 65 11 64 66 42 10
71 58 11 41 10 81 97 96 70 43 92 63 19 75 47 11 52 98 93 87
4 17 80 86 27 19 7 2 76 30 35 85 57 52 76 6 8 40 32 99
60 47 9 55 8 76 12 88 10 79 13 36 65 59 22 59 94 31 30 40
34 82 24 17 7 55 43 33 65 39 75 69 13 4 17 64 51 75 16 91
55 6 76 62 97 67 89 27 19 34 55 67 63 73 14 65 36 45 95 64
53 15 32 96 84 65 14 49 77 77 80 81 26 56 11 23 82 98 58 62
96 91 35 59 56 8 33 78 86 81 67 18 96 19 69 80 30 90 12 53
37 74 66 53 61 18 56 82 21 11 3 81 53 39 91 75 17 4 95 33
37 42 48 93 9 56 57 65 75 10 93 72 94 51 53 63 21 23 21 16
# P_hat : m1 | m2 | m3 | m4 | m5 | m6 | m7 | m8 | m9 | m10 | m11 | m12 | m13 | m14 | m15 | m16 | m17 | m18 | m19 | m20
15.60 18.90 24.60 4.80 18.90 28.20 23.70 6.60 24.00 28.80 15.90 16.20 21.30 8.10 28.50 0.90 27.60 24.00 18.30 22.20
28.50 29.70 6.30 7.80 16.50 10.20 6.30 1.80 3.90 0.90 5.70 20.10 27.00 27.90 15.90 24.00 18.60 11.40 25.80 11.40
12.60 20.70 23.70 13.80 17.70 26.70 27.90 7.20 19.20 15.00 29.70 7.50 17.70 14.70 16.20 23.40 3.30 16.50 4.80 1.20
22.50 21.00 28.50 19.80 10.50 18.60 9.60 16.50 23.10 17.10 18.60 23.10 24.60 18.90 6.60 9.60 24.90 10.20 12.60 9.30
13.20 15.90 13.80 22.80 6.30 14.10 2.40 14.40 5.10 19.80 26.40 11.40 6.60 19.50 25.20 15.90 26.10 25.50 4.20 18.60
17.10 6.30 6.90 9.30 17.70 19.80 13.50 17.10 23.40 25.20 27.90 29.40 26.40 10.20 16.20 12.90 19.80 13.20 27.60 11.70
26.70 3.00 12.00 10.80 23.40 22.80 11.10 23.40 24.60 29.40 10.20 28.80 10.50 3.00 0.60 25.50 29.40 14.10 20.10 29.10
15.90 9.30 28.50 2.40 7.50 4.50 23.40 1.50 1.20 16.50 21.60 6.00 14.70 16.80 24.00 5.70 12.60 19.80 23.10 17.10
25.20 24.00 26.10 11.10 9.00 5.40 7.80 15.00 21.60 21.00 12.60 4.50 23.40 15.30 25.20 14.40 6.90 5.70 13.80 2.70
18.60 5.40 11.10 6.30 11.40 16.20 29.40 24.90 27.90 9.60 19.50 10.80 20.70 29.10 19.80 14.70 13.50 19.80 12.30 16.20
27.30 1.50 7.20 0.90 23.40 7.20 5.10 21.00 20.40 9.30 11.70 19.50 22.80 15.60 7.50 19.80 15.60 18.30 23.40 3.90
4.20 5.40 7.20 22.80 23.70 16.50 7.50 6.30 7.50 19.20 23.70 29.10 0.60 13.80 4.80 6.60 1.80 18.00 0.90 14.10
28.50 5.10 19.50 20.10 17.40 28.80 6.30 21.30 20.10 3.30 2.70 8.10 4.20 4.80 23.70 11.10 0.90 29.40 21.60 1.80
26.70 21.30 18.60 1.50 13.20 3.00 8.40 17.40 24.00 2.70 7.80 7.50 0.90 15.00 27.00 15.30 19.20 24.60 28.50 21.00
1.20 27.00 5.70 14.10 11.40 3.60 20.40 10.80 12.90 9.60 21.60 18.30 6.60 28.80 15.30 24.60 16.50 23.70 15.90 5.70
28.50 27.90 20.10 21.60 22.80 28.80 7.20 15.00 27.90 17.40 8.70 7.20 7.80 25.50 8.70 17.70 29.10 21.30 17.70 29.10
0.60 4.20 19.80 19.80 21.00 15.90 18.60 9.30 6.30 29.40 10.80 29.10 13.20 18.30 8.70 26.40 24.90 8.40 10.20 12.30
29.10 14.70 1.80 16.80 21.60 27.60 26.70 25.80 9.90 28.50 14.40 18.30 0.30 22.80 27.00 23.10 12.60 22.20 19.80 0.30
20.40 15.60 19.50 28.50 25.50 23.10 18.00 8.70 4.20 7.50 17.10 22.50 1.20 9.00 24.90 5.70 24.30 8.10 12.60 17.10
6.00 2.10 17.70 14.70 2.40 1.80 19.20 9.00 9.00 1.20 28.50 27.60 4.80 27.00 24.90 9.60 27.60 9.90 18.90 18.00
9.90 23.40 0.60 14.10 3.00 27.30 11.40 27.90 17.70 13.50 27.90 21.90 16.50 12.60 5.70 15.60 20.40 3.90 8.10 18.60
15.30 17.10 20.10 7.80 25.20 4.20 27.00 14.70 24.90 18.00 23.70 6.30 12.90 26.40 28.50 2.70 13.80 2.70 27.60 4.20
29.40 12.30 24.60 24.30 12.60 12.30 26.10 24.90 25.50 26.10 26.40 8.70 26.10 11.10 26.10 28.80 16.80 3.60 2.40 27.00
2.40 22.50 27.00 16.80 20.10 9.00 0.30 26.70 25.50 9.30 23.10 0.90 10.50 12.90 3.60 6.90 26.40 15.30 19.50 22.80
25.50 29.40 9.00 22.80 6.00 25.50 29.70 13.20 21.00 0.30 28.20 28.80 22.80 26.40 10.20 19.20 15.00 4.80 10.20 3.60
25.80 27.90 18.90 19.80 7.20 5.10 10.20 11.40 10.50 28.80 11.70 15.30 29.40 27.30 6.90 6.60 3.90 14.70 1.80 26.70
21.90 9.90 1.50 10.80 22.50 6.90 2.70 18.60 0.60 6.60 22.20 7.80 23.40 4.20 13.20 11.10 6.90 24.90 12.60 11.10
1.20 22.50 27.90 15.90 6.90 18.00 6.60 13.50 22.80 28.50 13.80 13.20 24.30 18.90 9.00 0.90 3.90 14.40 11.70 10.50
12.00 20.40 15.90 7.80 9.90 22.80 22.20 6.60 13.80 21.90 5.10 16.80 14.40 19.50 24.60 15.60 14.70 3.90 0.60 27.30
29.40 9.90 25.50 15.60 18.00 11.70 4.20 25.50 21.60 23.10 9.00 9.30 7.50 22.20 24.90 13.20 5.40 23.40 2.10 20.70
3.60 18.00 24.30 8.70 6.00 25.50 4.20 11.70 20.70 9.00 18.60 19.20 24.30 21.30 12.60 3.30 15.00 28.80 25.50 16.50
17.70 24.60 21.90 10.80 22.50 3.00 25.20 29.40 13.80 26.40 23.10 11.40 8.10 2.40 16.80 6.30 28.20 23.10 9.60 14.40
13.20 7.20 10.20 20.40 24.90 19.50 22.50 16.80 0.90 4.20 12.90 13.20 25.20 11.70 26.70 25.50 21.30 20.40 4.20 16.80
13.80 29.70 22.20 6.30 7.80 4.50 11.10 20.40 17.10 6.60 29.40 13.80 17.70 28.50 11.40 1.80 19.20 26.40 22.20 25.20
0.60 1.20 3.90 21.30 27.60 16.50 9.60 25.20 21.30 27.90 14.40 19.80 29.40 24.60 28.80 12.00 9.30 23.10 17.70 6.60
12.30 29.10 23.40 18.30 8.70 12.30 8.70 23.10 23.10 14.40 4.20 9.30 4.20 5.10 3.00 20.40 6.30 22.80 28.50 15.30
8.40 7.20 10.50 21.30 11.70 8.40 9.60 20.10 9.90 3.00 13.50 14.40 9.60 11.40 0.90 9.00 0.60 21.90 14.40 12.90
24.90 15.00 6.00 20.70 4.20 27.90 26.70 15.90 14.70 2.10 7.50 8.10 28.50 20.70 15.90 10.50 18.90 27.60 11.10 15.00
8.40 16.50 4.80 8.40 22.20 26.40 3.60 13.80 17.70 4.20 29.40 24.60 9.00 5.10 29.10 17.40 17.40 21.60 17.70 18.60
6.30 27.30 14.40 25.80 19.80 8.10 14.10 7.20 24.60 27.30 9.00 15.30 3.90 7.20 3.30 9.30 10.80 26.10 1.20 18.30
24.00 13.80 3.60 8.10 25.80 23.10 5.70 15.60 17.70 1.50 27.00 27.00 20.40 19.80 19.50 3.30 19.20 19.80 12.60 3.00
21.30 17.40 3.30 12.30 3.00 24.30 29.10 28.80 21.00 12.90 27.60 18.90 5.70 22.50 14.10 3.30 15.60 29.40 27.90 26.10
1.20 5.10 24.00 25.80 8.10 5.70 2.10 0.60 22.80 9.00 10.50 25.50 17.10 15.60 22.80 1.80 2.40 12.00 9.60 29.70
18.00 14.10 2.70 16.50 2.40 22.80 3.60 26.40 3.00 23.70 3.90 10.80 19.50 17.70 6.60 17.70 28.20 9.30 9.00 12.00
10.20 24.60 7.20 5.10 2.10 16.50 12.90 9.90 19.50 11.70 22.50 20.70 3.90 1.20 5.10 19.20 15.30 22.50 4.80 27.30
16.50 1.80 22.80 18.60 29.10 20.10 26.70 8.10 5.70 10.20 16.50 20.10 18.90 21.90 4.20 19.50 10.80 13.50 28.50 19.20
15.90 4.50 9.60 28.80 25.20 19.50 4.20 14.70 23.10 23.10 24.00 24.30 7.80 16.80 3.30 6.90 24.60 29.40 17.40 18.60
28.80 27.30 10.50 17.70 16.80 2.40 9.90 23.40 25.80 24.30 20.10 5.40 28.80 5.70 20.70 24.00 9.00 27.00 3.60 15.90
11.10 22.20 19.80 15.90 18.30 5.40 16.80 24.60 6.30 3.30 0.90 24.30 15.90 11.70 27.30 22.50 5.10 1.20 28.50 9.90
11.10 12.60 14.40 27.90 2.70 16.80 17.10 19.50 22.50 3.00 27.90 21.60 28.20 15.30 15.90 18.90 6.30 6.90 6.30 4.80
