# nJobs | nMachines
50 20
# Job Weights
32
19
54
69
74
16
24
72
44
11
86
77
11
49
29
63
46
34
54
33
41
50
44
100
63
70
32
68
58
9
28
89
64
48
32
75
89
45
27
14
69
69
5
85
4
29
11
1
50
88
# P_bar : m1 | m2 | m3 | m4 | m5 | m6 | m7 | m8 | m9 | m10 | m11 | m12 | m13 | m14 | m15 | m16 | m17 | m18 | m19 | m20
4 44 15 24 58 53 80 56 11 64 50 22 50 24 56 59 72 41 18 90
20 54 80 75 55 26 35 8 64 94 83 1 62 2 43 41 81 80 39 34
62 7 61 31 34 89 39 1 32 23 82 88 28 51 63 64 8 74 96 66
71 54 37 34 66 34 85 51 10 88 78 69 4 49 60 30 73 15 18 10
69 61 72 87 67 29 45 73 37 52 44 50 11 39 3 51 93 89 16 95
87 18 73 88 70 32 13 4 86 23 23 79 13 62 89 16 38 24 48 51
96 45 55 62 16 28 81 58 35 26 66 59 46 85 52 64 85 36 22 15
25 64 19 59 25 46 78 24 41 9 24 18 23 70 42 72 94 86 53 4
98 81 80 39 34 49 25 69 7 63 56 98 41 86 24 68 88 98 71 66
41 57 48 4 1 55 81 39 56 24 92 21 74 18 53 31 69 51 24 24
99 13 10 74 18 8 21 33 10 8 30 35 15 90 77 93 90 32 17 53
1 45 17 90 2 34 87 16 15 32 31 94 67 36 12 86 26 92 47 87
94 60 67 29 86 40 40 75 25 97 88 57 39 51 71 91 23 51 44 26
91 12 21 99 34 48 30 19 15 17 85 71 4 20 14 34 44 98 62 64
36 89 9 74 82 68 11 1 54 76 50 76 13 23 62 6 97 88 4 13
71 20 79 4 55 59 76 30 3 45 34 97 43 17 75 27 67 1 85 16
28 47 89 86 59 87 79 44 43 28 91 7 84 23 97 62 53 13 74 23
50 81 20 22 21 1 75 8 10 89 55 87 41 47 3 35 75 50 59 61
11 11 94 10 31 87 77 45 27 75 7 89 33 66 54 57 69 80 41 78
14 56 47 96 53 91 17 19 10 71 49 53 41 3 41 67 44 56 13 58
76 30 90 56 25 99 51 53 39 46 38 19 82 59 71 96 13 50 82 13
20 51 44 28 69 95 29 38 2 40 73 69 99 30 11 69 47 58 26 99
78 18 49 90 71 21 11 39 24 66 47 66 63 85 12 8 98 75 39 87
70 91 28 71 85 62 73 68 50 87 95 61 29 16 54 92 41 4 28 70
43 48 46 12 80 87 50 83 64 91 48 18 86 81 21 1 46 73 59 84
59 94 82 1 39 84 86 94 44 50 54 86 28 95 14 37 25 90 49 3
88 32 96 6 71 96 56 34 34 54 94 51 80 81 82 69 56 2 87 48
68 67 91 41 66 47 93 1 97 60 21 90 7 14 35 57 50 73 32 78
48 95 28 30 74 60 79 23 93 10 41 80 1 96 21 59 35 75 65 79
48 75 93 21 57 82 57 32 81 79 30 22 5 23 38 85 59 67 24 20
39 82 30 64 54 60 85 70 15 43 42 6 64 44 52 86 78 99 48 51
36 41 64 92 2 53 17 35 42 34 44 52 17 8 82 98 44 93 72 83
2 7 41 1 27 98 88 78 34 77 28 16 81 15 40 96 57 9 15 51
51 39 53 85 55 48 89 89 87 92 82 84 48 48 47 55 21 27 5 1
91 25 86 94 7 30 39 88 53 3 4 12 9 95 91 9 59 61 68 2
4 49 6 24 94 39 41 92 82 98 64 74 77 62 60 2 60 64 36 73
32 39 68 83 85 52 8 50 64 40 38 69 92 90 61 71 52 43 7 82
62 53 25 4 3 22 21 64 96 19 9 22 15 41 21 85 62 32 52 34
46 66 8 57 46 63 33 61 60 68 37 12 49 70 67 2 14 56 45 26
55 96 62 8 7 19 36 35 20 85 87 80 41 56 29 96 58 61 87 49
73 36 17 17 26 49 75 81 78 2 37 45 17 50 46 7 24 55 42 39
97 41 49 83 95 50 2 69 12 51 26 51 32 29 74 78 8 99 68 24
71 8 92 47 21 20 65 80 15 35 80 96 25 39 11 55 22 77 9 39
50 92 20 57 4 85 57 38 63 91 83 80 89 72 72 7 72 66 53 69
54 92 77 93 98 31 22 44 81 68 50 87 9 94 56 50 37 25 59 1
73 82 24 54 9 99 41 49 98 3 50 92 29 70 81 5 90 28 65 1
44 78 53 79 52 61 89 85 97 26 50 20 38 40 80 60 96 87 81 79
95 19 71 5 48 96 62 26 2 49 42 95 2 33 87 61 26 25 12 27
53 12 88 30 59 82 43 15 2 37 88 16 91 16 44 68 23 18 39 20
18 54 88 90 17 75 30 97 44 25 55 64 57 79 41 87 91 61 62 22
# P_hat : m1 | m2 | m3 | m4 | m5 | m6 | m7 | m8 | m9 | m10 | m11 | m12 | m13 | m14 | m15 | m16 | m17 | m18 | m19 | m20
1.20 13.20 4.50 7.20 17.40 15.90 24.00 16.80 3.30 19.20 15.00 6.60 15.00 7.20 16.80 17.70 21.60 12.30 5.40 27.00
6.00 16.20 24.00 22.50 16.50 7.80 10.50 2.40 19.20 28.20 24.90 0.30 18.60 0.60 12.90 12.30 24.30 24.00 11.70 10.20
18.60 2.10 18.30 9.30 10.20 26.70 11.70 0.30 9.60 6.90 24.60 26.40 8.40 15.30 18.90 19.20 2.40 22.20 28.80 19.80
21.30 16.20 11.10 10.20 19.80 10.20 25.50 15.30 3.00 26.40 23.40 20.70 1.20 14.70 18.00 9.00 21.90 4.50 5.40 3.00
20.70 18.30 21.60 26.10 20.10 8.70 13.50 21.90 11.10 15.60 13.20 15.00 3.30 11.70 0.90 15.30 27.90 26.70 4.80 28.50
26.10 5.40 21.90 26.40 21.00 9.60 3.90 1.20 25.80 6.90 6.90 23.70 3.90 18.60 26.70 4.80 11.40 7.20 14.40 15.30
28.80 13.50 16.50 18.60 4.80 8.40 24.30 17.40 10.50 7.80 19.80 17.70 13.80 25.50 15.60 19.20 25.50 10.80 6.60 4.50
7.50 19.20 5.70 17.70 7.50 13.80 23.40 7.20 12.30 2.70 7.20 5.40 6.90 21.00 12.60 21.60 28.20 25.80 15.90 1.20
29.40 24.30 24.00 11.70 10.20 14.70 7.50 20.70 2.10 18.90 16.80 29.40 12.30 25.80 7.20 20.40 26.40 29.40 21.30 19.80
12.30 17.10 14.40 1.20 0.30 16.50 24.30 11.70 16.80 7.20 27.60 6.30 22.20 5.40 15.90 9.30 20.70 15.30 7.20 7.20
29.70 3.90 3.00 22.20 5.40 2.40 6.30 9.90 3.00 2.40 9.00 10.50 4.50 27.00 23.10 27.90 27.00 9.60 5.10 15.90
0.30 13.50 5.10 27.00 0.60 10.20 26.10 4.80 4.50 9.60 9.30 28.20 20.10 10.80 3.60 25.80 7.80 27.60 14.10 26.10
28.20 18.00 20.10 8.70 25.80 12.00 12.00 22.50 7.50 29.10 26.40 17.10 11.70 15.30 21.30 27.30 6.90 15.30 13.20 7.80
27.30 3.60 6.30 29.70 10.20 14.40 9.00 5.70 4.50 5.10 25.50 21.30 1.20 6.00 4.20 10.20 13.20 29.40 18.60 19.20
10.80 26.70 2.70 22.20 24.60 20.40 3.30 0.30 16.20 22.80 15.00 22.80 3.90 6.90 18.60 1.80 29.10 26.40 1.20 3.90
21.30 6.00 23.70 1.20 16.50 17.70 22.80 9.00 0.90 13.50 10.20 29.10 12.90 5.10 22.50 8.10 20.10 0.30 25.50 4.80
8.40 14.10 26.70 25.80 17.70 26.10 23.70 13.20 12.90 8.40 27.30 2.10 25.20 6.90 29.10 18.60 15.90 3.90 22.20 6.90
15.00 24.30 6.00 6.60 6.30 0.30 22.50 2.40 3.00 26.70 16.50 26.10 12.30 14.10 0.90 10.50 22.50 15.00 17.70 18.30
3.30 3.30 28.20 3.00 9.30 26.10 23.10 13.50 8.10 22.50 2.10 26.70 9.90 19.80 16.20 17.10 20.70 24.00 12.30 23.40
4.20 16.80 14.10 28.80 15.90 27.30 5.10 5.70 3.00 21.30 14.70 15.90 12.30 0.90 12.30 20.10 13.20 16.80 3.90 17.40
22.80 9.00 27.00 16.80 7.50 29.70 15.30 15.90 11.70 13.80 11.40 5.70 24.60 17.70 21.30 28.80 3.90 15.00 24.60 3.90
6.00 15.30 13.20 8.40 20.70 28.50 8.70 11.40 0.60 12.00 21.90 20.70 29.70 9.00 3.30 20.70 14.10 17.40 7.80 29.70
23.40 5.40 14.70 27.00 21.30 6.30 3.30 11.70 7.20 19.80 14.10 19.80 18.90 25.50 3.60 2.40 29.40 22.50 11.70 26.10
21.00 27.30 8.40 21.30 25.50 18.60 21.90 20.40 15.00 26.10 28.50 18.30 8.70 4.80 16.20 27.60 12.30 1.20 8.40 21.00
12.90 14.40 13.80 3.60 24.00 26.10 15.00 24.90 19.20 27.30 14.40 5.40 25.80 24.30 6.30 0.30 13.80 21.90 17.70 25.20
17.70 28.20 24.60 0.30 11.70 25.20 25.80 28.20 13.20 15.00 16.20 25.80 8.40 28.50 4.20 11.10 7.50 27.00 14.70 0.90
26.40 9.60 28.80 1.80 21.30 28.80 16.80 10.20 10.20 16.20 28.20 15.30 24.00 24.30 24.60 20.70 16.80 0.60 26.10 14.40
20.40 20.10 27.30 12.30 19.80 14.10 27.90 0.30 29.10 18.00 6.30 27.00 2.10 4.20 10.50 17.10 15.00 21.90 9.60 23.40
14.40 28.50 8.40 9.00 22.20 18.00 23.70 6.90 27.90 3.00 12.30 24.00 0.30 28.80 6.30 17.70 10.50 22.50 19.50 23.70
14.40 22.50 27.90 6.30 17.10 24.60 17.10 9.60 24.30 23.70 9.00 6.60 1.50 6.90 11.40 25.50 17.70 20.10 7.20 6.00
11.70 24.60 9.00 19.20 16.20 18.00 25.50 21.00 4.50 12.90 12.60 1.80 19.20 13.20 15.60 25.80 23.40 29.70 14.40 15.30
10.80 12.30 19.20 27.60 0.60 15.90 5.10 10.50 12.60 10.20 13.20 15.60 5.10 2.40 24.60 29.40 13.20 27.90 21.60 24.90
0.60 2.10 12.30 0.30 8.10 29.40 26.40 23.40 10.20 23.10 8.40 4.80 24.30 4.50 12.00 28.80 17.10 2.70 4.50 15.30
15.30 11.70 15.90 25.50 16.50 14.40 26.70 26.70 26.10 27.60 24.60 25.20 14.40 14.40 14.10 16.50 6.30 8.10 1.50 0.30
27.30 7.50 25.80 28.20 2.10 9.00 11.70 26.40 15.90 0.90 1.20 3.60 2.70 28.50 27.30 2.70 17.70 18.30 20.40 0.60
1.20 14.70 1.80 7.20 28.20 11.70 12.30 27.60 24.60 29.40 19.20 22.20 23.10 18.60 18.00 0.60 18.00 19.20 10.80 21.90
9.60 11.70 20.40 24.90 25.50 15.60 2.40 15.00 19.20 12.00 11.40 20.70 27.60 27.00 18.30 21.30 15.60 12.90 2.10 24.60
18.60 15.90 7.50 1.20 0.90 6.60 6.30 19.20 28.80 5.70 2.70 6.60 4.50 12.30 6.30 25.50 18.60 9.60 15.60 10.20
13.80 19.80 2.40 17.10 13.80 18.90 9.90 18.30 18.00 20.40 11.10 3.60 14.70 21.00 20.10 0.60 4.20 16.80 13.50 7.80
16.50 28.80 18.60 2.40 2.10 5.70 10.80 10.50 6.00 25.50 26.10 24.00 12.30 16.80 8.70 28.80 17.40 18.30 26.10 14.70
21.90 10.80 5.10 5.10 7.80 14.70 22.50 24.30 23.40 0.60 11.10 13.50 5.10 15.00 13.80 2.10 7.20 16.50 12.60 11.70
29.10 12.30 14.70 24.90 28.50 15.00 0.60 20.70 3.60 15.30 7.80 15.30 9.60 8.70 22.20 23.40 2.40 29.70 20.40 7.20
21.30 2.40 27.60 14.10 6.30 6.00 19.50 24.00 4.50 10.50 24.00 28.80 7.50 11.70 3.30 16.50 6.60 23.10 2.70 11.70
15.00 27.60 6.00 17.10 1.20 25.50 17.10 11.40 18.90 27.30 24.90 24.00 26.70 21.60 21.60 2.10 21.60 19.80 15.90 20.70
16.20 27.60 23.10 27.90 29.40 9.30 6.60 13.20 24.30 20.40 15.00 26.10 2.70 28.20 16.80 15.00 11.10 7.50 17.70 0.30
21.90 24.60 7.20 16.20 2.70 29.70 12.30 14.70 29.40 0.90 15.00 27.60 8.70 21.00 24.30 1.50 27.00 8.40 19.50 0.30
13.20 23.40 15.90 23.70 15.60 18.30 26.70 25.50 29.10 7.80 15.00 6.00 11.40 12.00 24.00 18.00 28.80 26.10 24.30 23.70
28.50 5.70 21.30 1.50 14.40 28.80 18.60 7.80 0.60 14.70 12.60 28.50 0.60 9.90 26.10 18.30 7.80 7.50 3.60 8.10
15.90 3.60 26.40 9.00 17.70 24.60 12.90 4.50 0.60 11.10 26.40 4.80 27.30 4.80 13.20 20.40 6.90 5.40 11.70 6.00
5.40 16.20 26.40 27.00 5.10 22.50 9.00 29.10 13.20 7.50 16.50 19.20 17.10 23.70 12.30 26.10 27.30 18.30 18.60 6.60
