# nJobs | nMachines
50 5
# Job Weights
45
49
23
52
40
32
4
81
48
100
75
95
88
1
55
66
10
93
46
81
5
10
83
24
28
56
65
96
86
98
100
57
95
40
1
31
41
98
27
53
54
36
58
48
41
2
15
62
99
87
# P_bar : m1 | m2 | m3 | m4 | m5
38 5 26 66 93
23 13 40 41 95
13 36 84 74 48
1 54 84 62 71
10 76 74 70 30
76 40 39 30 22
49 67 65 66 3
2 31 15 11 22
81 35 71 51 82
43 48 92 43 35
51 85 44 32 56
71 41 27 23 14
29 82 93 20 88
44 95 2 1 41
26 15 55 54 4
27 24 44 55 52
27 77 55 65 17
56 6 23 22 95
21 79 25 99 15
76 36 1 97 85
88 18 51 21 12
9 21 12 63 11
33 34 47 45 24
6 42 98 70 71
40 74 41 41 46
64 46 18 6 59
5 1 44 70 16
5 88 72 33 33
7 29 88 97 53
5 95 60 32 22
76 67 29 28 49
63 41 99 54 44
35 98 2 63 76
94 31 17 16 88
65 25 79 12 45
25 70 6 2 52
6 62 29 50 31
87 45 89 48 66
60 59 4 34 17
33 68 70 75 68
67 22 10 45 99
81 81 79 2 78
93 44 64 39 87
98 80 92 4 45
9 88 42 46 78
94 25 79 11 51
49 93 56 66 87
27 61 94 59 4
62 1 26 28 45
90 97 93 74 9
# P_hat : m1 | m2 | m3 | m4 | m5
3.80 0.50 2.60 6.60 9.30
2.30 1.30 4.00 4.10 9.50
1.30 3.60 8.40 7.40 4.80
0.10 5.40 8.40 6.20 7.10
1.00 7.60 7.40 7.00 3.00
7.60 4.00 3.90 3.00 2.20
4.90 6.70 6.50 6.60 0.30
0.20 3.10 1.50 1.10 2.20
8.10 3.50 7.10 5.10 8.20
4.30 4.80 9.20 4.30 3.50
5.10 8.50 4.40 3.20 5.60
7.10 4.10 2.70 2.30 1.40
2.90 8.20 9.30 2.00 8.80
4.40 9.50 0.20 0.10 4.10
2.60 1.50 5.50 5.40 0.40
2.70 2.40 4.40 5.50 5.20
2.70 7.70 5.50 6.50 1.70
5.60 0.60 2.30 2.20 9.50
2.10 7.90 2.50 9.90 1.50
7.60 3.60 0.10 9.70 8.50
8.80 1.80 5.10 2.10 1.20
0.90 2.10 1.20 6.30 1.10
3.30 3.40 4.70 4.50 2.40
0.60 4.20 9.80 7.00 7.10
4.00 7.40 4.10 4.10 4.60
6.40 4.60 1.80 0.60 5.90
0.50 0.10 4.40 7.00 1.60
0.50 8.80 7.20 3.30 3.30
0.70 2.90 8.80 9.70 5.30
0.50 9.50 6.00 3.20 2.20
7.60 6.70 2.90 2.80 4.90
6.30 4.10 9.90 5.40 4.40
3.50 9.80 0.20 6.30 7.60
9.40 3.10 1.70 1.60 8.80
6.50 2.50 7.90 1.20 4.50
2.50 7.00 0.60 0.20 5.20
0.60 6.20 2.90 5.00 3.10
8.70 4.50 8.90 4.80 6.60
6.00 5.90 0.40 3.40 1.70
3.30 6.80 7.00 7.50 6.80
6.70 2.20 1.00 4.50 9.90
8.10 8.10 7.90 0.20 7.80
9.30 4.40 6.40 3.90 8.70
9.80 8.00 9.20 0.40 4.50
0.90 8.80 4.20 4.60 7.80
9.40 2.50 7.90 1.10 5.10
4.90 9.30 5.60 6.60 8.70
2.70 6.10 9.40 5.90 0.40
6.20 0.10 2.60 2.80 4.50
9.00 9.70 9.30 7.40 0.90
