# nJobs | nMachines
100 10
# Job Weights
82
88
61
9
62
81
23
45
66
43
44
39
68
62
88
50
20
24
12
21
56
53
67
7
89
77
39
73
57
9
64
12
79
80
2
4
84
64
5
3
60
52
33
16
73
37
77
26
20
99
35
35
29
22
85
35
21
18
49
12
79
81
29
73
88
27
95
86
1
5
34
3
83
43
98
33
99
48
92
49
48
12
97
92
28
16
60
14
61
13
95
40
36
73
44
53
93
100
99
68
# P_bar : m1 | m2 | m3 | m4 | m5 | m6 | m7 | m8 | m9 | m10
47 94 56 59 74 78 17 74 12 98
12 93 31 94 26 58 60 71 5 97
19 53 66 87 84 53 51 89 15 69
32 63 73 22 41 17 61 81 16 24
63 41 96 59 3 36 26 59 64 10
78 81 31 30 46 3 60 62 6 7
77 74 41 2 39 83 80 64 65 79
51 37 79 55 90 91 45 62 53 84
59 52 66 36 62 73 20 67 19 50
54 24 49 73 63 81 62 68 93 86
48 45 39 98 74 74 55 87 21 24
96 19 28 15 4 2 25 47 38 28
52 72 24 54 37 31 68 60 54 73
42 62 85 55 75 37 56 10 46 72
57 78 64 3 72 78 5 76 33 19
30 83 37 54 30 74 14 46 38 20
34 98 85 89 43 51 20 56 32 8
77 83 40 50 95 41 19 48 12 20
80 58 35 68 41 78 92 61 90 45
7 61 77 9 97 26 88 13 46 59
11 47 30 81 70 33 23 13 8 51
2 16 26 42 92 70 78 38 78 54
91 28 41 11 36 10 35 37 95 58
99 48 6 12 70 45 94 11 28 16
5 63 19 55 37 70 31 12 47 38
43 74 83 75 36 2 67 63 10 94
39 45 52 10 42 92 10 97 16 72
64 36 54 91 34 50 15 26 45 69
8 29 71 87 29 54 32 27 18 14
26 38 86 5 80 64 94 89 4 83
71 66 45 44 91 44 15 74 98 86
32 62 78 56 56 4 53 80 35 58
73 96 61 18 71 99 42 83 85 61
26 22 5 89 14 43 45 49 77 77
91 95 87 51 31 43 39 79 4 63
92 81 43 94 75 11 84 49 33 67
55 92 44 11 80 60 64 44 87 1
51 20 42 56 73 53 27 30 47 59
11 51 30 37 32 45 10 30 5 18
22 71 12 85 56 63 22 53 81 26
75 30 7 55 84 87 14 46 25 45
49 23 18 33 20 20 8 26 31 82
95 77 80 9 64 71 70 31 83 78
88 20 53 20 44 95 91 1 45 43
6 1 6 26 69 71 23 43 23 61
19 96 81 80 63 99 35 27 30 2
99 32 29 98 94 79 6 91 89 70
73 13 22 88 86 19 52 70 40 52
27 8 49 55 66 41 93 89 92 99
50 36 1 78 97 74 26 68 48 60
25 18 79 53 25 8 89 2 63 97
33 64 56 46 90 55 49 82 63 1
94 58 15 3 12 87 89 72 76 76
35 1 36 56 62 87 60 29 90 8
63 72 48 46 83 37 6 12 1 15
44 10 31 34 32 52 60 37 24 69
80 20 57 27 12 36 24 46 1 5
7 6 49 21 38 6 70 50 77 31
72 40 20 81 22 42 42 93 91 39
95 91 67 14 92 30 86 77 78 34
40 56 20 52 63 3 64 6 93 9
48 39 34 50 61 86 47 77 32 81
41 68 78 80 46 3 19 7 97 34
15 50 27 48 6 89 17 63 85 16
18 93 40 22 83 57 30 21 91 14
31 71 46 10 49 27 79 85 40 13
68 79 23 56 78 28 53 67 67 36
99 57 28 18 84 88 71 77 84 73
79 5 84 67 97 48 77 95 31 6
78 95 33 63 56 26 95 52 5 43
95 41 87 47 76 58 73 97 89 29
37 12 76 43 9 6 97 79 59 68
37 84 18 71 38 33 32 21 69 59
50 81 3 4 21 3 25 20 68 76
79 88 77 29 80 25 85 7 46 86
30 32 50 99 47 61 79 54 4 43
2 94 96 6 24 93 17 71 90 12
30 37 75 19 95 69 31 79 76 18
78 31 91 56 80 53 78 22 97 55
99 25 12 96 65 47 31 77 33 21
42 92 34 44 72 28 21 59 23 9
99 74 51 94 91 36 5 11 46 47
16 49 54 83 21 39 34 69 36 17
58 10 37 30 70 63 96 85 70 49
35 76 82 65 12 66 95 7 98 28
84 11 69 61 67 44 63 85 45 12
84 44 49 21 65 18 4 42 49 84
35 32 19 76 90 67 60 44 50 12
20 89 69 8 47 17 35 74 52 62
4 56 48 99 82 84 6 69 67 15
9 69 96 68 62 9 75 68 6 7
44 76 13 42 3 33 41 64 58 26
35 65 4 38 84 80 61 37 71 58
5 47 28 44 30 27 11 4 53 30
68 53 74 7 91 42 74 89 36 5
43 39 7 3 5 60 52 96 80 7
69 41 24 61 11 96 60 92 8 40
9 89 98 10 41 81 43 74 27 50
78 39 30 84 14 31 50 33 21 30
57 20 97 78 28 88 66 90 66 64
# P_hat : m1 | m2 | m3 | m4 | m5 | m6 | m7 | m8 | m9 | m10
14.10 28.20 16.80 17.70 22.20 23.40 5.10 22.20 3.60 29.40
3.60 27.90 9.30 28.20 7.80 17.40 18.00 21.30 1.50 29.10
5.70 15.90 19.80 26.10 25.20 15.90 15.30 26.70 4.50 20.70
9.60 18.90 21.90 6.60 12.30 5.10 18.30 24.30 4.80 7.20
18.90 12.30 28.80 17.70 0.90 10.80 7.80 17.70 19.20 3.00
23.40 24.30 9.30 9.00 13.80 0.90 18.00 18.60 1.80 2.10
23.10 22.20 12.30 0.60 11.70 24.90 24.00 19.20 19.50 23.70
15.30 11.10 23.70 16.50 27.00 27.30 13.50 18.60 15.90 25.20
17.70 15.60 19.80 10.80 18.60 21.90 6.00 20.10 5.70 15.00
16.20 7.20 14.70 21.90 18.90 24.30 18.60 20.40 27.90 25.80
14.40 13.50 11.70 29.40 22.20 22.20 16.50 26.10 6.30 7.20
28.80 5.70 8.40 4.50 1.20 0.60 7.50 14.10 11.40 8.40
15.60 21.60 7.20 16.20 11.10 9.30 20.40 18.00 16.20 21.90
12.60 18.60 25.50 16.50 22.50 11.10 16.80 3.00 13.80 21.60
17.10 23.40 19.20 0.90 21.60 23.40 1.50 22.80 9.90 5.70
9.00 24.90 11.10 16.20 9.00 22.20 4.20 13.80 11.40 6.00
10.20 29.40 25.50 26.70 12.90 15.30 6.00 16.80 9.60 2.40
23.10 24.90 12.00 15.00 28.50 12.30 5.70 14.40 3.60 6.00
24.00 17.40 10.50 20.40 12.30 23.40 27.60 18.30 27.00 13.50
2.10 18.30 23.10 2.70 29.10 7.80 26.40 3.90 13.80 17.70
3.30 14.10 9.00 24.30 21.00 9.90 6.90 3.90 2.40 15.30
0.60 4.80 7.80 12.60 27.60 21.00 23.40 11.40 23.40 16.20
27.30 8.40 12.30 3.30 10.80 3.00 10.50 11.10 28.50 17.40
29.70 14.40 1.80 3.60 21.00 13.50 28.20 3.30 8.40 4.80
1.50 18.90 5.70 16.50 11.10 21.00 9.30 3.60 14.10 11.40
12.90 22.20 24.90 22.50 10.80 0.60 20.10 18.90 3.00 28.20
11.70 13.50 15.60 3.00 12.60 27.60 3.00 29.10 4.80 21.60
19.20 10.80 16.20 27.30 10.20 15.00 4.50 7.80 13.50 20.70
2.40 8.70 21.30 26.10 8.70 16.20 9.60 8.10 5.40 4.20
7.80 11.40 25.80 1.50 24.00 19.20 28.20 26.70 1.20 24.90
21.30 19.80 13.50 13.20 27.30 13.20 4.50 22.20 29.40 25.80
9.60 18.60 23.40 16.80 16.80 1.20 15.90 24.00 10.50 17.40
21.90 28.80 18.30 5.40 21.30 29.70 12.60 24.90 25.50 18.30
7.80 6.60 1.50 26.70 4.20 12.90 13.50 14.70 23.10 23.10
27.30 28.50 26.10 15.30 9.30 12.90 11.70 23.70 1.20 18.90
27.60 24.30 12.90 28.20 22.50 3.30 25.20 14.70 9.90 20.10
16.50 27.60 13.20 3.30 24.00 18.00 19.20 13.20 26.10 0.30
15.30 6.00 12.60 16.80 21.90 15.90 8.10 9.00 14.10 17.70
3.30 15.30 9.00 11.10 9.60 13.50 3.00 9.00 1.50 5.40
6.60 21.30 3.60 25.50 16.80 18.90 6.60 15.90 24.30 7.80
22.50 9.00 2.10 16.50 25.20 26.10 4.20 13.80 7.50 13.50
14.70 6.90 5.40 9.90 6.00 6.00 2.40 7.80 9.30 24.60
28.50 23.10 24.00 2.70 19.20 21.30 21.00 9.30 24.90 23.40
26.40 6.00 15.90 6.00 13.20 28.50 27.30 0.30 13.50 12.90
1.80 0.30 1.80 7.80 20.70 21.30 6.90 12.90 6.90 18.30
5.70 28.80 24.30 24.00 18.90 29.70 10.50 8.10 9.00 0.60
29.70 9.60 8.70 29.40 28.20 23.70 1.80 27.30 26.70 21.00
21.90 3.90 6.60 26.40 25.80 5.70 15.60 21.00 12.00 15.60
8.10 2.40 14.70 16.50 19.80 12.30 27.90 26.70 27.60 29.70
15.00 10.80 0.30 23.40 29.10 22.20 7.80 20.40 14.40 18.00
7.50 5.40 23.70 15.90 7.50 2.40 26.70 0.60 18.90 29.10
9.90 19.20 16.80 13.80 27.00 16.50 14.70 24.60 18.90 0.30
28.20 17.40 4.50 0.90 3.60 26.10 26.70 21.60 22.80 22.80
10.50 0.30 10.80 16.80 18.60 26.10 18.00 8.70 27.00 2.40
18.90 21.60 14.40 13.80 24.90 11.10 1.80 3.60 0.30 4.50
13.20 3.00 9.30 10.20 9.60 15.60 18.00 11.10 7.20 20.70
24.00 6.00 17.10 8.10 3.60 10.80 7.20 13.80 0.30 1.50
2.10 1.80 14.70 6.30 11.40 1.80 21.00 15.00 23.10 9.30
21.60 12.00 6.00 24.30 6.60 12.60 12.60 27.90 27.30 11.70
28.50 27.30 20.10 4.20 27.60 9.00 25.80 23.10 23.40 10.20
12.00 16.80 6.00 15.60 18.90 0.90 19.20 1.80 27.90 2.70
14.40 11.70 10.20 15.00 18.30 25.80 14.10 23.10 9.60 24.30
12.30 20.40 23.40 24.00 13.80 0.90 5.70 2.10 29.10 10.20
4.50 15.00 8.10 14.40 1.80 26.70 5.10 18.90 25.50 4.80
5.40 27.90 12.00 6.60 24.90 17.10 9.00 6.30 27.30 4.20
9.30 21.30 13.80 3.00 14.70 8.10 23.70 25.50 12.00 3.90
20.40 23.70 6.90 16.80 23.40 8.40 15.90 20.10 20.10 10.80
29.70 17.10 8.40 5.40 25.20 26.40 21.30 23.10 25.20 21.90
23.70 1.50 25.20 20.10 29.10 14.40 23.10 28.50 9.30 1.80
23.40 28.50 9.90 18.90 16.80 7.80 28.50 15.60 1.50 12.90
28.50 12.30 26.10 14.10 22.80 17.40 21.90 29.10 26.70 8.70
11.10 3.60 22.80 12.90 2.70 1.80 29.10 23.70 17.70 20.40
11.10 25.20 5.40 21.30 11.40 9.90 9.60 6.30 20.70 17.70
15.00 24.30 0.90 1.20 6.30 0.90 7.50 6.00 20.40 22.80
23.70 26.40 23.10 8.70 24.00 7.50 25.50 2.10 13.80 25.80
9.00 9.60 15.00 29.70 14.10 18.30 23.70 16.20 1.20 12.90
0.60 28.20 28.80 1.80 7.20 27.90 5.10 21.30 27.00 3.60
9.00 11.10 22.50 5.70 28.50 20.70 9.30 23.70 22.80 5.40
23.40 9.30 27.30 16.80 24.00 15.90 23.40 6.60 29.10 16.50
29.70 7.50 3.60 28.80 19.50 14.10 9.30 23.10 9.90 6.30
12.60 27.60 10.20 13.20 21.60 8.40 6.30 17.70 6.90 2.70
29.70 22.20 15.30 28.20 27.30 10.80 1.50 3.30 13.80 14.10
4.80 14.70 16.20 24.90 6.30 11.70 10.20 20.70 10.80 5.10
17.40 3.00 11.10 9.00 21.00 18.90 28.80 25.50 21.00 14.70
10.50 22.80 24.60 19.50 3.60 19.80 28.50 2.10 29.40 8.40
25.20 3.30 20.70 18.30 20.10 13.20 18.90 25.50 13.50 3.60
25.20 13.20 14.70 6.30 19.50 5.40 1.20 12.60 14.70 25.20
10.50 9.60 5.70 22.80 27.00 20.10 18.00 13.20 15.00 3.60
6.00 26.70 20.70 2.40 14.10 5.10 10.50 22.20 15.60 18.60
1.20 16.80 14.40 29.70 24.60 25.20 1.80 20.70 20.10 4.50
2.70 20.70 28.80 20.40 18.60 2.70 22.50 20.40 1.80 2.10
13.20 22.80 3.90 12.60 0.90 9.90 12.30 19.20 17.40 7.80
10.50 19.50 1.20 11.40 25.20 24.00 18.30 11.10 21.30 17.40
1.50 14.10 8.40 13.20 9.00 8.10 3.30 1.20 15.90 9.00
20.40 15.90 22.20 2.10 27.30 12.60 22.20 26.70 10.80 1.50
12.90 11.70 2.10 0.90 1.50 18.00 15.60 28.80 24.00 2.10
20.70 12.30 7.20 18.30 3.30 28.80 18.00 27.60 2.40 12.00
2.70 26.70 29.40 3.00 12.30 24.30 12.90 22.20 8.10 15.00
23.40 11.70 9.00 25.20 4.20 9.30 15.00 9.90 6.30 9.00
17.10 6.00 29.10 23.40 8.40 26.40 19.80 27.00 19.80 19.20
