# nJobs | nMachines
20 5
# Job Weights
93
77
90
63
63
2
29
15
94
35
69
15
93
34
30
69
6
14
56
8
# P_bar : m1 | m2 | m3 | m4 | m5
53 93 90 65 64
19 79 92 97 38
99 88 35 27 44
62 77 13 25 46
88 94 75 61 66
93 39 55 24 31
34 74 80 97 48
72 46 67 61 27
42 17 3 75 82
65 30 93 92 51
39 62 54 73 90
79 77 67 21 63
9 43 25 29 85
26 98 77 3 36
72 48 38 96 69
29 14 98 51 67
36 45 96 26 81
48 25 20 44 18
57 98 15 56 81
95 30 36 31 72
# P_hat : m1 | m2 | m3 | m4 | m5
10.60 18.60 18.00 13.00 12.80
3.80 15.80 18.40 19.40 7.60
19.80 17.60 7.00 5.40 8.80
12.40 15.40 2.60 5.00 9.20
17.60 18.80 15.00 12.20 13.20
18.60 7.80 11.00 4.80 6.20
6.80 14.80 16.00 19.40 9.60
14.40 9.20 13.40 12.20 5.40
8.40 3.40 0.60 15.00 16.40
13.00 6.00 18.60 18.40 10.20
7.80 12.40 10.80 14.60 18.00
15.80 15.40 13.40 4.20 12.60
1.80 8.60 5.00 5.80 17.00
5.20 19.60 15.40 0.60 7.20
14.40 9.60 7.60 19.20 13.80
5.80 2.80 19.60 10.20 13.40
7.20 9.00 19.20 5.20 16.20
9.60 5.00 4.00 8.80 3.60
11.40 19.60 3.00 11.20 16.20
19.00 6.00 7.20 6.20 14.40
