# nJobs | nMachines
50 5
# Job Weights
24
16
74
57
38
48
67
9
93
50
92
85
83
27
38
78
35
65
90
48
23
82
38
43
94
53
26
26
45
94
35
33
38
44
90
27
90
86
78
59
26
63
68
75
67
9
57
80
71
70
# P_bar : m1 | m2 | m3 | m4 | m5
24 51 8 59 67
1 57 54 85 99
57 82 15 73 57
86 47 47 87 47
35 82 73 87 93
9 14 33 89 35
55 79 73 48 32
8 57 35 57 77
93 88 45 59 28
11 79 75 73 75
39 22 83 66 95
10 72 12 95 15
84 58 59 61 18
80 78 95 13 97
59 18 96 79 37
37 48 75 88 53
80 72 62 19 97
69 38 44 18 73
13 71 43 21 60
19 82 30 33 39
25 61 47 11 48
92 73 36 8 9
45 50 65 8 17
14 56 85 83 83
73 95 1 13 10
85 16 71 89 2
75 6 13 63 66
96 7 54 64 50
33 86 2 53 36
17 21 82 28 45
76 27 16 17 86
96 44 15 2 8
4 64 14 77 47
16 32 49 61 52
9 46 68 73 98
66 37 28 69 22
46 39 87 23 55
64 96 85 56 62
3 44 90 78 23
93 70 17 65 82
74 41 54 85 32
29 56 59 99 20
68 44 25 52 38
38 27 23 78 23
86 41 60 8 40
90 66 60 58 55
50 87 68 51 79
11 42 70 43 66
64 7 80 52 97
4 54 4 41 29
# P_hat : m1 | m2 | m3 | m4 | m5
4.80 10.20 1.60 11.80 13.40
0.20 11.40 10.80 17.00 19.80
11.40 16.40 3.00 14.60 11.40
17.20 9.40 9.40 17.40 9.40
7.00 16.40 14.60 17.40 18.60
1.80 2.80 6.60 17.80 7.00
11.00 15.80 14.60 9.60 6.40
1.60 11.40 7.00 11.40 15.40
18.60 17.60 9.00 11.80 5.60
2.20 15.80 15.00 14.60 15.00
7.80 4.40 16.60 13.20 19.00
2.00 14.40 2.40 19.00 3.00
16.80 11.60 11.80 12.20 3.60
16.00 15.60 19.00 2.60 19.40
11.80 3.60 19.20 15.80 7.40
7.40 9.60 15.00 17.60 10.60
16.00 14.40 12.40 3.80 19.40
13.80 7.60 8.80 3.60 14.60
2.60 14.20 8.60 4.20 12.00
3.80 16.40 6.00 6.60 7.80
5.00 12.20 9.40 2.20 9.60
18.40 14.60 7.20 1.60 1.80
9.00 10.00 13.00 1.60 3.40
2.80 11.20 17.00 16.60 16.60
14.60 19.00 0.20 2.60 2.00
17.00 3.20 14.20 17.80 0.40
15.00 1.20 2.60 12.60 13.20
19.20 1.40 10.80 12.80 10.00
6.60 17.20 0.40 10.60 7.20
3.40 4.20 16.40 5.60 9.00
15.20 5.40 3.20 3.40 17.20
19.20 8.80 3.00 0.40 1.60
0.80 12.80 2.80 15.40 9.40
3.20 6.40 9.80 12.20 10.40
1.80 9.20 13.60 14.60 19.60
13.20 7.40 5.60 13.80 4.40
9.20 7.80 17.40 4.60 11.00
12.80 19.20 17.00 11.20 12.40
0.60 8.80 18.00 15.60 4.60
18.60 14.00 3.40 13.00 16.40
14.80 8.20 10.80 17.00 6.40
5.80 11.20 11.80 19.80 4.00
13.60 8.80 5.00 10.40 7.60
7.60 5.40 4.60 15.60 4.60
17.20 8.20 12.00 1.60 8.00
18.00 13.20 12.00 11.60 11.00
10.00 17.40 13.60 10.20 15.80
2.20 8.40 14.00 8.60 13.20
12.80 1.40 16.00 10.40 19.40
0.80 10.80 0.80 8.20 5.80
