# nJobs | nMachines
100 5
# Job Weights
27
96
54
5
38
37
61
66
50
94
74
76
41
27
80
96
41
87
89
45
5
26
28
37
69
1
21
92
19
14
45
2
40
78
77
40
100
76
90
68
6
58
16
85
53
14
78
58
93
92
97
85
23
81
78
82
16
45
45
55
46
5
21
33
21
78
25
17
8
72
54
49
9
89
100
29
50
81
47
100
37
67
31
20
27
36
57
11
5
82
97
15
70
91
18
75
99
42
71
69
# P_bar : m1 | m2 | m3 | m4 | m5
73 5 62 42 86
69 87 94 59 73
8 54 58 91 89
59 84 93 86 81
70 8 23 76 10
47 37 66 26 84
2 40 47 78 98
37 27 30 51 76
60 81 60 39 18
75 64 26 10 25
7 80 84 95 77
41 23 54 83 70
87 66 82 40 33
21 64 60 83 31
55 19 13 20 41
32 38 14 7 55
45 96 23 23 35
56 56 80 62 68
92 16 56 42 19
2 61 31 75 28
69 48 65 84 74
39 42 83 95 60
52 28 52 77 81
2 52 92 32 82
4 78 74 17 34
79 57 12 43 38
55 28 65 53 92
20 83 37 15 90
46 36 9 49 95
88 36 78 64 83
47 28 40 76 8
63 92 13 86 44
55 6 10 12 48
90 1 23 54 65
29 89 50 62 79
79 31 86 30 82
33 36 81 22 56
40 88 67 53 49
21 74 20 61 25
4 50 34 53 88
31 85 78 71 52
99 34 9 24 76
74 37 3 55 36
93 91 96 93 24
17 11 84 47 35
5 32 2 96 29
76 83 46 51 9
49 40 71 84 40
65 86 79 94 65
80 33 44 93 35
42 58 89 16 54
45 75 67 15 14
35 85 34 21 5
13 42 20 78 91
57 71 88 77 24
46 76 53 25 39
54 59 94 43 1
7 29 85 26 58
58 57 2 54 88
3 98 2 91 1
51 47 35 82 12
86 38 98 50 49
21 98 33 65 69
47 87 33 84 71
91 25 1 21 35
48 1 46 67 70
21 60 7 96 64
36 71 19 72 20
23 18 4 14 15
50 80 40 74 7
86 41 33 77 73
84 59 94 37 20
88 89 75 18 20
84 29 85 81 99
31 54 33 92 16
63 38 15 23 53
16 80 10 29 33
55 12 72 43 94
12 56 24 3 14
14 25 81 5 89
74 85 53 19 52
59 76 27 62 41
21 33 23 33 12
91 35 80 53 78
24 61 99 51 40
69 4 15 35 93
49 70 85 96 35
4 54 4 57 10
81 69 2 29 94
35 22 67 26 88
82 47 72 18 84
12 25 78 36 53
71 42 25 19 72
6 80 31 93 60
59 43 63 69 59
95 32 57 39 63
13 85 36 79 24
40 11 72 15 41
12 72 73 13 8
43 17 87 7 73
# P_hat : m1 | m2 | m3 | m4 | m5
29.20 2.00 24.80 16.80 34.40
27.60 34.80 37.60 23.60 29.20
3.20 21.60 23.20 36.40 35.60
23.60 33.60 37.20 34.40 32.40
28.00 3.20 9.20 30.40 4.00
18.80 14.80 26.40 10.40 33.60
0.80 16.00 18.80 31.20 39.20
14.80 10.80 12.00 20.40 30.40
24.00 32.40 24.00 15.60 7.20
30.00 25.60 10.40 4.00 10.00
2.80 32.00 33.60 38.00 30.80
16.40 9.20 21.60 33.20 28.00
34.80 26.40 32.80 16.00 13.20
8.40 25.60 24.00 33.20 12.40
22.00 7.60 5.20 8.00 16.40
12.80 15.20 5.60 2.80 22.00
18.00 38.40 9.20 9.20 14.00
22.40 22.40 32.00 24.80 27.20
36.80 6.40 22.40 16.80 7.60
0.80 24.40 12.40 30.00 11.20
27.60 19.20 26.00 33.60 29.60
15.60 16.80 33.20 38.00 24.00
20.80 11.20 20.80 30.80 32.40
0.80 20.80 36.80 12.80 32.80
1.60 31.20 29.60 6.80 13.60
31.60 22.80 4.80 17.20 15.20
22.00 11.20 26.00 21.20 36.80
8.00 33.20 14.80 6.00 36.00
18.40 14.40 3.60 19.60 38.00
35.20 14.40 31.20 25.60 33.20
18.80 11.20 16.00 30.40 3.20
25.20 36.80 5.20 34.40 17.60
22.00 2.40 4.00 4.80 19.20
36.00 0.40 9.20 21.60 26.00
11.60 35.60 20.00 24.80 31.60
31.60 12.40 34.40 12.00 32.80
13.20 14.40 32.40 8.80 22.40
16.00 35.20 26.80 21.20 19.60
8.40 29.60 8.00 24.40 10.00
1.60 20.00 13.60 21.20 35.20
12.40 34.00 31.20 28.40 20.80
39.60 13.60 3.60 9.60 30.40
29.60 14.80 1.20 22.00 14.40
37.20 36.40 38.40 37.20 9.60
6.80 4.40 33.60 18.80 14.00
2.00 12.80 0.80 38.40 11.60
30.40 33.20 18.40 20.40 3.60
19.60 16.00 28.40 33.60 16.00
26.00 34.40 31.60 37.60 26.00
32.00 13.20 17.60 37.20 14.00
16.80 23.20 35.60 6.40 21.60
18.00 30.00 26.80 6.00 5.60
14.00 34.00 13.60 8.40 2.00
5.20 16.80 8.00 31.20 36.40
22.80 28.40 35.20 30.80 9.60
18.40 30.40 21.20 10.00 15.60
21.60 23.60 37.60 17.20 0.40
2.80 11.60 34.00 10.40 23.20
23.20 22.80 0.80 21.60 35.20
1.20 39.20 0.80 36.40 0.40
20.40 18.80 14.00 32.80 4.80
34.40 15.20 39.20 20.00 19.60
8.40 39.20 13.20 26.00 27.60
18.80 34.80 13.20 33.60 28.40
36.40 10.00 0.40 8.40 14.00
19.20 0.40 18.40 26.80 28.00
8.40 24.00 2.80 38.40 25.60
14.40 28.40 7.60 28.80 8.00
9.20 7.20 1.60 5.60 6.00
20.00 32.00 16.00 29.60 2.80
34.40 16.40 13.20 30.80 29.20
33.60 23.60 37.60 14.80 8.00
35.20 35.60 30.00 7.20 8.00
33.60 11.60 34.00 32.40 39.60
12.40 21.60 13.20 36.80 6.40
25.20 15.20 6.00 9.20 21.20
6.40 32.00 4.00 11.60 13.20
22.00 4.80 28.80 17.20 37.60
4.80 22.40 9.60 1.20 5.60
5.60 10.00 32.40 2.00 35.60
29.60 34.00 21.20 7.60 20.80
23.60 30.40 10.80 24.80 16.40
8.40 13.20 9.20 13.20 4.80
36.40 14.00 32.00 21.20 31.20
9.60 24.40 39.60 20.40 16.00
27.60 1.60 6.00 14.00 37.20
19.60 28.00 34.00 38.40 14.00
1.60 21.60 1.60 22.80 4.00
32.40 27.60 0.80 11.60 37.60
14.00 8.80 26.80 10.40 35.20
32.80 18.80 28.80 7.20 33.60
4.80 10.00 31.20 14.40 21.20
28.40 16.80 10.00 7.60 28.80
2.40 32.00 12.40 37.20 24.00
23.60 17.20 25.20 27.60 23.60
38.00 12.80 22.80 15.60 25.20
5.20 34.00 14.40 31.60 9.60
16.00 4.40 28.80 6.00 16.40
4.80 28.80 29.20 5.20 3.20
17.20 6.80 34.80 2.80 29.20
