# nJobs | nMachines
100 5
# Job Weights
86
94
67
76
20
39
85
40
88
88
85
47
63
54
38
44
57
37
84
59
4
72
52
59
45
81
34
47
67
77
65
73
20
89
43
28
30
79
26
15
25
44
77
81
20
22
97
10
73
94
80
20
84
72
36
49
9
72
20
57
21
26
62
89
65
8
91
49
39
40
28
93
93
50
100
65
65
11
13
34
66
7
25
97
11
36
12
96
52
62
12
91
92
33
86
62
31
52
14
13
# P_bar : m1 | m2 | m3 | m4 | m5
31 28 55 71 32
37 1 91 85 28
48 98 82 53 73
7 12 92 10 30
22 29 84 54 72
18 18 54 61 56
95 31 60 86 83
98 93 21 11 21
21 13 32 79 33
79 84 11 15 40
99 26 26 47 51
81 27 60 54 73
65 94 71 78 15
55 60 94 54 87
46 91 85 44 12
56 23 25 69 69
93 35 10 40 7
88 52 16 95 2
43 28 23 35 91
52 87 21 78 70
68 8 14 62 26
11 95 65 93 16
69 8 75 70 82
27 47 24 8 16
65 75 46 84 97
85 99 54 43 99
55 85 69 59 28
49 50 28 44 56
3 15 93 30 29
53 75 76 77 67
25 64 82 77 69
29 41 71 34 68
33 49 63 80 78
35 16 85 37 87
56 40 16 88 73
89 64 22 9 87
36 65 81 73 98
50 64 43 98 28
30 26 96 13 60
9 87 8 19 54
53 89 50 53 99
29 55 78 88 52
26 43 71 39 7
55 11 46 23 68
62 83 81 11 40
93 75 95 17 27
31 14 6 6 12
13 52 36 3 49
62 86 17 1 60
76 14 46 74 61
41 10 54 87 48
82 45 10 77 49
1 90 82 25 31
1 46 91 26 58
65 49 30 13 92
65 55 93 3 16
23 27 15 78 57
33 70 17 45 42
7 71 34 29 82
14 69 19 7 46
74 62 14 60 35
81 90 45 62 94
60 30 4 61 33
35 91 64 95 85
73 76 14 39 71
83 55 3 53 70
24 68 65 78 87
42 77 69 6 43
61 77 48 25 23
9 1 2 10 28
67 48 51 71 79
55 34 7 7 13
58 48 13 28 89
48 59 70 96 45
38 5 76 42 75
55 74 91 63 85
30 77 87 98 86
76 4 96 35 34
47 93 14 93 20
4 87 31 60 47
3 74 78 89 11
57 81 22 84 14
32 29 50 80 30
62 6 36 8 81
61 18 86 59 29
72 16 83 53 64
67 84 32 58 73
59 75 54 64 94
57 80 98 88 29
80 38 21 66 8
97 34 94 72 84
73 11 72 72 33
75 13 66 81 18
58 84 96 11 95
74 17 2 75 70
32 53 26 90 85
87 19 4 90 15
6 93 54 42 93
47 71 25 96 62
65 66 27 7 74
# P_hat : m1 | m2 | m3 | m4 | m5
9.30 8.40 16.50 21.30 9.60
11.10 0.30 27.30 25.50 8.40
14.40 29.40 24.60 15.90 21.90
2.10 3.60 27.60 3.00 9.00
6.60 8.70 25.20 16.20 21.60
5.40 5.40 16.20 18.30 16.80
28.50 9.30 18.00 25.80 24.90
29.40 27.90 6.30 3.30 6.30
6.30 3.90 9.60 23.70 9.90
23.70 25.20 3.30 4.50 12.00
29.70 7.80 7.80 14.10 15.30
24.30 8.10 18.00 16.20 21.90
19.50 28.20 21.30 23.40 4.50
16.50 18.00 28.20 16.20 26.10
13.80 27.30 25.50 13.20 3.60
16.80 6.90 7.50 20.70 20.70
27.90 10.50 3.00 12.00 2.10
26.40 15.60 4.80 28.50 0.60
12.90 8.40 6.90 10.50 27.30
15.60 26.10 6.30 23.40 21.00
20.40 2.40 4.20 18.60 7.80
3.30 28.50 19.50 27.90 4.80
20.70 2.40 22.50 21.00 24.60
8.10 14.10 7.20 2.40 4.80
19.50 22.50 13.80 25.20 29.10
25.50 29.70 16.20 12.90 29.70
16.50 25.50 20.70 17.70 8.40
14.70 15.00 8.40 13.20 16.80
0.90 4.50 27.90 9.00 8.70
15.90 22.50 22.80 23.10 20.10
7.50 19.20 24.60 23.10 20.70
8.70 12.30 21.30 10.20 20.40
9.90 14.70 18.90 24.00 23.40
10.50 4.80 25.50 11.10 26.10
16.80 12.00 4.80 26.40 21.90
26.70 19.20 6.60 2.70 26.10
10.80 19.50 24.30 21.90 29.40
15.00 19.20 12.90 29.40 8.40
9.00 7.80 28.80 3.90 18.00
2.70 26.10 2.40 5.70 16.20
15.90 26.70 15.00 15.90 29.70
8.70 16.50 23.40 26.40 15.60
7.80 12.90 21.30 11.70 2.10
16.50 3.30 13.80 6.90 20.40
18.60 24.90 24.30 3.30 12.00
27.90 22.50 28.50 5.10 8.10
9.30 4.20 1.80 1.80 3.60
3.90 15.60 10.80 0.90 14.70
18.60 25.80 5.10 0.30 18.00
22.80 4.20 13.80 22.20 18.30
12.30 3.00 16.20 26.10 14.40
24.60 13.50 3.00 23.10 14.70
0.30 27.00 24.60 7.50 9.30
0.30 13.80 27.30 7.80 17.40
19.50 14.70 9.00 3.90 27.60
19.50 16.50 27.90 0.90 4.80
6.90 8.10 4.50 23.40 17.10
9.90 21.00 5.10 13.50 12.60
2.10 21.30 10.20 8.70 24.60
4.20 20.70 5.70 2.10 13.80
22.20 18.60 4.20 18.00 10.50
24.30 27.00 13.50 18.60 28.20
18.00 9.00 1.20 18.30 9.90
10.50 27.30 19.20 28.50 25.50
21.90 22.80 4.20 11.70 21.30
24.90 16.50 0.90 15.90 21.00
7.20 20.40 19.50 23.40 26.10
12.60 23.10 20.70 1.80 12.90
18.30 23.10 14.40 7.50 6.90
2.70 0.30 0.60 3.00 8.40
20.10 14.40 15.30 21.30 23.70
16.50 10.20 2.10 2.10 3.90
17.40 14.40 3.90 8.40 26.70
14.40 17.70 21.00 28.80 13.50
11.40 1.50 22.80 12.60 22.50
16.50 22.20 27.30 18.90 25.50
9.00 23.10 26.10 29.40 25.80
22.80 1.20 28.80 10.50 10.20
14.10 27.90 4.20 27.90 6.00
1.20 26.10 9.30 18.00 14.10
0.90 22.20 23.40 26.70 3.30
17.10 24.30 6.60 25.20 4.20
9.60 8.70 15.00 24.00 9.00
18.60 1.80 10.80 2.40 24.30
18.30 5.40 25.80 17.70 8.70
21.60 4.80 24.90 15.90 19.20
20.10 25.20 9.60 17.40 21.90
17.70 22.50 16.20 19.20 28.20
17.10 24.00 29.40 26.40 8.70
24.00 11.40 6.30 19.80 2.40
29.10 10.20 28.20 21.60 25.20
21.90 3.30 21.60 21.60 9.90
22.50 3.90 19.80 24.30 5.40
17.40 25.20 28.80 3.30 28.50
22.20 5.10 0.60 22.50 21.00
9.60 15.90 7.80 27.00 25.50
26.10 5.70 1.20 27.00 4.50
1.80 27.90 16.20 12.60 27.90
14.10 21.30 7.50 28.80 18.60
19.50 19.80 8.10 2.10 22.20
