# nJobs | nMachines
200 10
# Job Weights
68
48
80
38
39
13
99
47
24
37
13
43
68
59
7
52
4
70
59
15
35
34
63
57
85
41
38
70
34
67
30
35
10
64
51
71
27
9
56
82
89
36
67
48
32
25
12
65
31
5
76
36
42
6
81
69
30
35
34
22
25
94
55
26
69
32
52
28
100
30
16
40
61
42
25
19
21
16
4
16
68
88
79
71
23
35
26
93
48
56
12
27
92
98
17
64
94
78
57
91
79
4
38
8
82
73
63
95
94
85
9
41
16
39
10
67
27
68
1
12
43
29
22
6
19
48
45
23
17
11
11
63
80
30
37
68
9
23
88
65
53
30
80
15
18
39
23
2
44
3
48
13
36
56
31
18
15
63
43
1
28
98
76
93
33
45
71
63
45
73
89
7
63
76
10
92
40
65
79
24
88
24
23
98
1
100
92
88
34
45
19
55
41
79
85
80
31
85
87
65
# P_bar : m1 | m2 | m3 | m4 | m5 | m6 | m7 | m8 | m9 | m10
88 84 41 11 16 75 54 32 86 47
93 24 8 99 26 12 62 46 82 73
78 99 16 9 28 94 18 16 57 94
54 98 10 98 66 99 82 31 24 48
48 24 99 77 62 63 86 49 65 78
89 57 83 31 24 12 48 45 19 95
7 71 84 62 12 55 99 80 89 53
46 38 96 3 41 99 54 53 35 12
22 14 8 14 26 30 33 59 47 31
64 41 7 90 74 24 55 7 22 67
33 45 47 5 84 58 47 57 27 9
76 28 62 79 24 34 2 80 67 15
49 11 17 42 27 40 9 36 24 36
60 81 26 8 51 22 39 68 67 48
98 7 84 36 98 74 20 95 15 41
69 68 36 78 87 18 57 28 69 35
66 24 49 80 12 37 84 68 86 19
25 88 42 28 1 46 27 26 77 47
93 28 78 59 73 78 99 57 9 54
38 7 41 91 99 32 50 28 78 30
1 29 61 35 81 55 95 25 45 81
94 31 35 11 44 32 79 96 84 42
40 38 45 32 10 8 2 78 29 75
69 56 65 98 75 52 16 90 74 71
22 26 38 49 41 45 17 75 75 84
43 17 37 24 32 60 76 45 48 32
69 25 49 93 71 83 47 30 50 80
69 24 35 38 46 89 12 39 1 21
27 53 28 2 18 92 8 52 50 72
68 40 99 54 84 31 15 66 63 13
23 97 94 63 43 53 27 83 87 68
50 89 44 73 93 96 96 33 8 6
97 87 9 49 63 47 76 93 42 27
37 12 18 25 17 73 48 93 84 54
27 97 33 93 52 94 42 40 35 48
51 22 32 10 23 5 56 10 63 51
71 24 3 59 83 83 15 2 8 7
83 7 96 43 68 40 42 53 91 26
30 13 50 2 99 78 16 11 55 37
73 61 66 77 33 2 12 29 36 20
10 36 50 71 65 14 67 46 95 17
50 58 76 23 82 54 16 79 4 58
69 74 46 73 10 62 60 3 9 73
29 53 42 86 90 11 83 2 56 51
55 31 91 82 82 2 75 65 38 88
5 31 72 48 82 26 65 74 62 34
38 4 1 41 41 66 52 52 91 19
99 83 46 1 62 48 36 24 42 96
37 48 5 75 45 39 87 99 11 19
29 78 89 95 81 39 6 66 10 55
45 76 39 69 67 4 35 15 7 61
4 34 46 35 17 19 15 68 32 59
82 28 21 91 50 15 21 92 21 1
83 26 9 83 71 46 77 10 97 8
21 12 20 11 78 85 26 38 83 31
31 60 40 82 93 95 51 21 74 49
27 51 88 18 4 75 2 79 38 17
43 69 94 90 67 36 42 78 47 30
7 88 93 41 21 81 45 93 58 5
64 82 33 3 58 6 2 81 97 14
39 86 95 12 49 7 94 1 38 37
96 68 49 9 10 92 1 26 26 82
16 51 57 61 51 30 30 97 38 23
92 6 30 58 66 59 97 9 51 54
62 79 66 20 4 57 55 98 16 59
75 23 45 73 40 33 98 9 32 93
18 67 30 50 32 76 5 27 94 43
21 71 63 74 2 67 2 28 6 21
62 6 68 17 2 13 67 11 58 32
4 38 36 35 94 25 94 49 93 39
50 17 90 11 2 89 25 92 5 20
1 36 81 90 47 63 11 55 11 19
96 14 10 96 9 83 3 54 11 33
83 49 53 93 13 25 83 79 39 10
53 80 82 32 19 50 76 50 30 75
65 54 54 10 22 30 27 33 91 98
4 63 94 73 89 59 13 27 6 27
48 64 25 19 41 23 49 22 84 21
42 47 61 59 39 19 28 46 34 87
62 31 13 11 96 92 28 41 96 44
92 88 27 42 87 65 58 59 23 68
22 45 85 8 81 94 24 53 17 66
82 82 58 57 60 8 12 47 83 79
87 86 14 98 33 9 32 65 43 88
21 7 27 6 30 67 19 44 2 20
79 84 68 17 86 85 45 77 50 91
5 62 49 91 85 89 42 14 12 13
19 58 96 98 91 22 50 93 1 16
2 89 29 14 25 39 31 64 13 6
95 97 28 17 31 21 27 67 73 46
18 80 20 4 56 39 75 39 90 33
4 54 67 19 22 56 81 55 61 74
5 54 12 46 75 41 42 57 60 96
79 93 9 40 28 80 54 15 55 3
7 23 12 86 44 27 52 32 68 71
95 77 53 77 6 32 70 70 48 81
82 97 92 5 65 47 1 71 73 74
33 55 50 48 2 51 87 31 78 28
23 2 48 82 14 58 54 95 53 27
7 31 12 3 5 1 63 94 23 88
45 52 39 61 91 45 59 39 48 36
43 1 29 6 54 2 19 79 76 86
49 76 21 34 37 68 71 31 25 6
35 89 35 13 26 84 74 45 97 40
43 69 70 78 4 91 95 73 84 22
84 98 7 76 22 46 31 28 15 83
41 68 33 33 66 34 2 46 51 90
50 51 15 98 24 92 76 40 6 10
62 54 43 87 52 3 26 51 60 7
5 33 84 45 46 91 98 14 61 44
8 73 43 66 60 66 22 38 91 7
43 46 11 21 69 62 30 88 14 66
34 94 70 34 87 85 57 93 72 46
25 66 71 77 27 9 91 1 73 3
31 60 4 59 36 64 6 24 2 99
82 37 48 54 39 45 63 44 55 56
66 40 58 90 71 63 91 24 44 62
48 82 78 41 18 64 19 29 37 48
82 29 71 92 21 25 28 95 57 93
40 37 37 48 68 62 39 90 45 70
59 80 79 57 56 76 54 22 94 25
45 27 25 78 72 78 51 5 69 21
98 71 28 28 98 6 79 71 69 53
56 98 83 59 96 92 27 69 2 47
37 47 26 96 23 77 31 40 83 64
36 41 6 42 9 87 21 22 26 54
85 7 39 63 32 65 76 48 33 33
94 79 30 38 4 6 90 4 65 75
10 68 15 72 56 95 87 44 75 28
45 45 9 52 14 53 75 97 59 96
50 59 23 9 14 25 39 36 23 67
23 80 30 8 22 71 97 17 41 27
95 63 53 16 79 39 33 17 79 25
71 10 63 56 10 3 8 81 34 8
12 78 2 75 41 17 42 12 48 31
21 8 37 56 96 77 38 34 73 59
24 31 39 88 38 38 84 71 68 17
85 35 45 32 6 22 23 27 61 57
26 1 54 62 55 84 78 88 82 96
29 64 52 82 89 65 83 17 55 42
61 1 40 82 50 78 3 92 16 42
55 18 18 85 96 26 57 22 92 29
15 5 64 38 44 5 32 13 29 69
81 66 98 37 8 88 69 10 73 39
23 86 14 29 7 83 67 64 13 82
70 18 31 26 82 15 9 61 95 76
31 34 12 37 4 1 38 25 1 12
52 55 83 57 25 27 78 17 52 58
62 18 58 90 7 62 80 22 55 72
31 74 28 65 37 94 6 86 66 97
70 98 25 36 8 39 91 10 67 88
30 90 78 1 8 46 94 43 45 23
72 1 25 89 17 62 43 58 24 22
73 80 90 43 53 14 98 72 6 60
13 34 99 67 20 26 78 52 61 29
12 89 26 50 37 45 48 71 25 85
69 22 70 71 69 1 79 33 7 90
12 2 31 87 77 26 75 26 12 1
20 88 47 23 31 76 15 90 20 73
73 66 63 69 79 33 13 56 24 8
73 91 53 83 19 39 33 29 82 56
38 14 4 84 72 92 25 50 39 95
84 86 64 32 80 36 5 81 34 98
39 6 19 27 37 68 89 61 33 55
10 95 10 10 96 90 67 43 82 24
69 61 69 83 19 75 33 2 30 84
98 59 74 39 1 4 11 81 36 49
39 48 57 59 96 2 7 55 4 99
66 36 37 17 89 32 65 50 82 75
67 5 55 17 46 29 89 53 62 68
82 75 21 42 76 39 91 51 69 56
29 21 83 63 5 51 63 31 25 54
82 55 22 7 66 40 28 12 95 40
42 44 72 50 25 20 95 21 51 1
83 67 66 33 15 22 16 55 99 99
21 87 37 7 41 21 21 56 91 69
92 82 81 52 23 63 25 34 63 61
34 62 27 16 29 46 4 35 25 26
49 7 57 85 66 92 2 50 73 3
59 71 22 62 16 72 64 1 35 55
63 4 25 72 4 54 44 50 27 7
3 92 87 5 27 51 53 50 62 97
20 38 21 53 3 89 4 52 29 25
11 79 13 33 56 13 90 45 98 60
15 15 74 81 75 90 53 25 3 83
90 56 26 38 48 62 93 26 12 63
61 22 41 48 49 13 50 83 12 44
80 38 84 70 73 86 68 72 98 59
90 85 9 62 2 76 92 44 33 93
81 42 8 22 26 2 93 95 50 9
19 72 19 94 82 8 47 70 75 86
24 75 64 94 19 80 37 11 17 81
36 90 9 33 62 70 38 85 79 57
88 62 75 85 93 82 92 78 40 49
70 19 30 41 34 13 20 24 44 27
76 49 3 93 71 42 79 83 40 29
16 18 90 12 45 91 9 69 41 20
97 21 4 2 37 87 47 42 55 13
59 41 71 40 73 31 71 5 33 91
12 21 91 90 36 12 39 82 80 72
# P_hat : m1 | m2 | m3 | m4 | m5 | m6 | m7 | m8 | m9 | m10
44.00 42.00 20.50 5.50 8.00 37.50 27.00 16.00 43.00 23.50
46.50 12.00 4.00 49.50 13.00 6.00 31.00 23.00 41.00 36.50
39.00 49.50 8.00 4.50 14.00 47.00 9.00 8.00 28.50 47.00
27.00 49.00 5.00 49.00 33.00 49.50 41.00 15.50 12.00 24.00
24.00 12.00 49.50 38.50 31.00 31.50 43.00 24.50 32.50 39.00
44.50 28.50 41.50 15.50 12.00 6.00 24.00 22.50 9.50 47.50
3.50 35.50 42.00 31.00 6.00 27.50 49.50 40.00 44.50 26.50
23.00 19.00 48.00 1.50 20.50 49.50 27.00 26.50 17.50 6.00
11.00 7.00 4.00 7.00 13.00 15.00 16.50 29.50 23.50 15.50
32.00 20.50 3.50 45.00 37.00 12.00 27.50 3.50 11.00 33.50
16.50 22.50 23.50 2.50 42.00 29.00 23.50 28.50 13.50 4.50
38.00 14.00 31.00 39.50 12.00 17.00 1.00 40.00 33.50 7.50
24.50 5.50 8.50 21.00 13.50 20.00 4.50 18.00 12.00 18.00
30.00 40.50 13.00 4.00 25.50 11.00 19.50 34.00 33.50 24.00
49.00 3.50 42.00 18.00 49.00 37.00 10.00 47.50 7.50 20.50
34.50 34.00 18.00 39.00 43.50 9.00 28.50 14.00 34.50 17.50
33.00 12.00 24.50 40.00 6.00 18.50 42.00 34.00 43.00 9.50
12.50 44.00 21.00 14.00 0.50 23.00 13.50 13.00 38.50 23.50
46.50 14.00 39.00 29.50 36.50 39.00 49.50 28.50 4.50 27.00
19.00 3.50 20.50 45.50 49.50 16.00 25.00 14.00 39.00 15.00
0.50 14.50 30.50 17.50 40.50 27.50 47.50 12.50 22.50 40.50
47.00 15.50 17.50 5.50 22.00 16.00 39.50 48.00 42.00 21.00
20.00 19.00 22.50 16.00 5.00 4.00 1.00 39.00 14.50 37.50
34.50 28.00 32.50 49.00 37.50 26.00 8.00 45.00 37.00 35.50
11.00 13.00 19.00 24.50 20.50 22.50 8.50 37.50 37.50 42.00
21.50 8.50 18.50 12.00 16.00 30.00 38.00 22.50 24.00 16.00
34.50 12.50 24.50 46.50 35.50 41.50 23.50 15.00 25.00 40.00
34.50 12.00 17.50 19.00 23.00 44.50 6.00 19.50 0.50 10.50
13.50 26.50 14.00 1.00 9.00 46.00 4.00 26.00 25.00 36.00
34.00 20.00 49.50 27.00 42.00 15.50 7.50 33.00 31.50 6.50
11.50 48.50 47.00 31.50 21.50 26.50 13.50 41.50 43.50 34.00
25.00 44.50 22.00 36.50 46.50 48.00 48.00 16.50 4.00 3.00
48.50 43.50 4.50 24.50 31.50 23.50 38.00 46.50 21.00 13.50
18.50 6.00 9.00 12.50 8.50 36.50 24.00 46.50 42.00 27.00
13.50 48.50 16.50 46.50 26.00 47.00 21.00 20.00 17.50 24.00
25.50 11.00 16.00 5.00 11.50 2.50 28.00 5.00 31.50 25.50
35.50 12.00 1.50 29.50 41.50 41.50 7.50 1.00 4.00 3.50
41.50 3.50 48.00 21.50 34.00 20.00 21.00 26.50 45.50 13.00
15.00 6.50 25.00 1.00 49.50 39.00 8.00 5.50 27.50 18.50
36.50 30.50 33.00 38.50 16.50 1.00 6.00 14.50 18.00 10.00
5.00 18.00 25.00 35.50 32.50 7.00 33.50 23.00 47.50 8.50
25.00 29.00 38.00 11.50 41.00 27.00 8.00 39.50 2.00 29.00
34.50 37.00 23.00 36.50 5.00 31.00 30.00 1.50 4.50 36.50
14.50 26.50 21.00 43.00 45.00 5.50 41.50 1.00 28.00 25.50
27.50 15.50 45.50 41.00 41.00 1.00 37.50 32.50 19.00 44.00
2.50 15.50 36.00 24.00 41.00 13.00 32.50 37.00 31.00 17.00
19.00 2.00 0.50 20.50 20.50 33.00 26.00 26.00 45.50 9.50
49.50 41.50 23.00 0.50 31.00 24.00 18.00 12.00 21.00 48.00
18.50 24.00 2.50 37.50 22.50 19.50 43.50 49.50 5.50 9.50
14.50 39.00 44.50 47.50 40.50 19.50 3.00 33.00 5.00 27.50
22.50 38.00 19.50 34.50 33.50 2.00 17.50 7.50 3.50 30.50
2.00 17.00 23.00 17.50 8.50 9.50 7.50 34.00 16.00 29.50
41.00 14.00 10.50 45.50 25.00 7.50 10.50 46.00 10.50 0.50
41.50 13.00 4.50 41.50 35.50 23.00 38.50 5.00 48.50 4.00
10.50 6.00 10.00 5.50 39.00 42.50 13.00 19.00 41.50 15.50
15.50 30.00 20.00 41.00 46.50 47.50 25.50 10.50 37.00 24.50
13.50 25.50 44.00 9.00 2.00 37.50 1.00 39.50 19.00 8.50
21.50 34.50 47.00 45.00 33.50 18.00 21.00 39.00 23.50 15.00
3.50 44.00 46.50 20.50 10.50 40.50 22.50 46.50 29.00 2.50
32.00 41.00 16.50 1.50 29.00 3.00 1.00 40.50 48.50 7.00
19.50 43.00 47.50 6.00 24.50 3.50 47.00 0.50 19.00 18.50
48.00 34.00 24.50 4.50 5.00 46.00 0.50 13.00 13.00 41.00
8.00 25.50 28.50 30.50 25.50 15.00 15.00 48.50 19.00 11.50
46.00 3.00 15.00 29.00 33.00 29.50 48.50 4.50 25.50 27.00
31.00 39.50 33.00 10.00 2.00 28.50 27.50 49.00 8.00 29.50
37.50 11.50 22.50 36.50 20.00 16.50 49.00 4.50 16.00 46.50
9.00 33.50 15.00 25.00 16.00 38.00 2.50 13.50 47.00 21.50
10.50 35.50 31.50 37.00 1.00 33.50 1.00 14.00 3.00 10.50
31.00 3.00 34.00 8.50 1.00 6.50 33.50 5.50 29.00 16.00
2.00 19.00 18.00 17.50 47.00 12.50 47.00 24.50 46.50 19.50
25.00 8.50 45.00 5.50 1.00 44.50 12.50 46.00 2.50 10.00
0.50 18.00 40.50 45.00 23.50 31.50 5.50 27.50 5.50 9.50
48.00 7.00 5.00 48.00 4.50 41.50 1.50 27.00 5.50 16.50
41.50 24.50 26.50 46.50 6.50 12.50 41.50 39.50 19.50 5.00
26.50 40.00 41.00 16.00 9.50 25.00 38.00 25.00 15.00 37.50
32.50 27.00 27.00 5.00 11.00 15.00 13.50 16.50 45.50 49.00
2.00 31.50 47.00 36.50 44.50 29.50 6.50 13.50 3.00 13.50
24.00 32.00 12.50 9.50 20.50 11.50 24.50 11.00 42.00 10.50
21.00 23.50 30.50 29.50 19.50 9.50 14.00 23.00 17.00 43.50
31.00 15.50 6.50 5.50 48.00 46.00 14.00 20.50 48.00 22.00
46.00 44.00 13.50 21.00 43.50 32.50 29.00 29.50 11.50 34.00
11.00 22.50 42.50 4.00 40.50 47.00 12.00 26.50 8.50 33.00
41.00 41.00 29.00 28.50 30.00 4.00 6.00 23.50 41.50 39.50
43.50 43.00 7.00 49.00 16.50 4.50 16.00 32.50 21.50 44.00
10.50 3.50 13.50 3.00 15.00 33.50 9.50 22.00 1.00 10.00
39.50 42.00 34.00 8.50 43.00 42.50 22.50 38.50 25.00 45.50
2.50 31.00 24.50 45.50 42.50 44.50 21.00 7.00 6.00 6.50
9.50 29.00 48.00 49.00 45.50 11.00 25.00 46.50 0.50 8.00
1.00 44.50 14.50 7.00 12.50 19.50 15.50 32.00 6.50 3.00
47.50 48.50 14.00 8.50 15.50 10.50 13.50 33.50 36.50 23.00
9.00 40.00 10.00 2.00 28.00 19.50 37.50 19.50 45.00 16.50
2.00 27.00 33.50 9.50 11.00 28.00 40.50 27.50 30.50 37.00
2.50 27.00 6.00 23.00 37.50 20.50 21.00 28.50 30.00 48.00
39.50 46.50 4.50 20.00 14.00 40.00 27.00 7.50 27.50 1.50
3.50 11.50 6.00 43.00 22.00 13.50 26.00 16.00 34.00 35.50
47.50 38.50 26.50 38.50 3.00 16.00 35.00 35.00 24.00 40.50
41.00 48.50 46.00 2.50 32.50 23.50 0.50 35.50 36.50 37.00
16.50 27.50 25.00 24.00 1.00 25.50 43.50 15.50 39.00 14.00
11.50 1.00 24.00 41.00 7.00 29.00 27.00 47.50 26.50 13.50
3.50 15.50 6.00 1.50 2.50 0.50 31.50 47.00 11.50 44.00
22.50 26.00 19.50 30.50 45.50 22.50 29.50 19.50 24.00 18.00
21.50 0.50 14.50 3.00 27.00 1.00 9.50 39.50 38.00 43.00
24.50 38.00 10.50 17.00 18.50 34.00 35.50 15.50 12.50 3.00
17.50 44.50 17.50 6.50 13.00 42.00 37.00 22.50 48.50 20.00
21.50 34.50 35.00 39.00 2.00 45.50 47.50 36.50 42.00 11.00
42.00 49.00 3.50 38.00 11.00 23.00 15.50 14.00 7.50 41.50
20.50 34.00 16.50 16.50 33.00 17.00 1.00 23.00 25.50 45.00
25.00 25.50 7.50 49.00 12.00 46.00 38.00 20.00 3.00 5.00
31.00 27.00 21.50 43.50 26.00 1.50 13.00 25.50 30.00 3.50
2.50 16.50 42.00 22.50 23.00 45.50 49.00 7.00 30.50 22.00
4.00 36.50 21.50 33.00 30.00 33.00 11.00 19.00 45.50 3.50
21.50 23.00 5.50 10.50 34.50 31.00 15.00 44.00 7.00 33.00
17.00 47.00 35.00 17.00 43.50 42.50 28.50 46.50 36.00 23.00
12.50 33.00 35.50 38.50 13.50 4.50 45.50 0.50 36.50 1.50
15.50 30.00 2.00 29.50 18.00 32.00 3.00 12.00 1.00 49.50
41.00 18.50 24.00 27.00 19.50 22.50 31.50 22.00 27.50 28.00
33.00 20.00 29.00 45.00 35.50 31.50 45.50 12.00 22.00 31.00
24.00 41.00 39.00 20.50 9.00 32.00 9.50 14.50 18.50 24.00
41.00 14.50 35.50 46.00 10.50 12.50 14.00 47.50 28.50 46.50
20.00 18.50 18.50 24.00 34.00 31.00 19.50 45.00 22.50 35.00
29.50 40.00 39.50 28.50 28.00 38.00 27.00 11.00 47.00 12.50
22.50 13.50 12.50 39.00 36.00 39.00 25.50 2.50 34.50 10.50
49.00 35.50 14.00 14.00 49.00 3.00 39.50 35.50 34.50 26.50
28.00 49.00 41.50 29.50 48.00 46.00 13.50 34.50 1.00 23.50
18.50 23.50 13.00 48.00 11.50 38.50 15.50 20.00 41.50 32.00
18.00 20.50 3.00 21.00 4.50 43.50 10.50 11.00 13.00 27.00
42.50 3.50 19.50 31.50 16.00 32.50 38.00 24.00 16.50 16.50
47.00 39.50 15.00 19.00 2.00 3.00 45.00 2.00 32.50 37.50
5.00 34.00 7.50 36.00 28.00 47.50 43.50 22.00 37.50 14.00
22.50 22.50 4.50 26.00 7.00 26.50 37.50 48.50 29.50 48.00
25.00 29.50 11.50 4.50 7.00 12.50 19.50 18.00 11.50 33.50
11.50 40.00 15.00 4.00 11.00 35.50 48.50 8.50 20.50 13.50
47.50 31.50 26.50 8.00 39.50 19.50 16.50 8.50 39.50 12.50
35.50 5.00 31.50 28.00 5.00 1.50 4.00 40.50 17.00 4.00
6.00 39.00 1.00 37.50 20.50 8.50 21.00 6.00 24.00 15.50
10.50 4.00 18.50 28.00 48.00 38.50 19.00 17.00 36.50 29.50
12.00 15.50 19.50 44.00 19.00 19.00 42.00 35.50 34.00 8.50
42.50 17.50 22.50 16.00 3.00 11.00 11.50 13.50 30.50 28.50
13.00 0.50 27.00 31.00 27.50 42.00 39.00 44.00 41.00 48.00
14.50 32.00 26.00 41.00 44.50 32.50 41.50 8.50 27.50 21.00
30.50 0.50 20.00 41.00 25.00 39.00 1.50 46.00 8.00 21.00
27.50 9.00 9.00 42.50 48.00 13.00 28.50 11.00 46.00 14.50
7.50 2.50 32.00 19.00 22.00 2.50 16.00 6.50 14.50 34.50
40.50 33.00 49.00 18.50 4.00 44.00 34.50 5.00 36.50 19.50
11.50 43.00 7.00 14.50 3.50 41.50 33.50 32.00 6.50 41.00
35.00 9.00 15.50 13.00 41.00 7.50 4.50 30.50 47.50 38.00
15.50 17.00 6.00 18.50 2.00 0.50 19.00 12.50 0.50 6.00
26.00 27.50 41.50 28.50 12.50 13.50 39.00 8.50 26.00 29.00
31.00 9.00 29.00 45.00 3.50 31.00 40.00 11.00 27.50 36.00
15.50 37.00 14.00 32.50 18.50 47.00 3.00 43.00 33.00 48.50
35.00 49.00 12.50 18.00 4.00 19.50 45.50 5.00 33.50 44.00
15.00 45.00 39.00 0.50 4.00 23.00 47.00 21.50 22.50 11.50
36.00 0.50 12.50 44.50 8.50 31.00 21.50 29.00 12.00 11.00
36.50 40.00 45.00 21.50 26.50 7.00 49.00 36.00 3.00 30.00
6.50 17.00 49.50 33.50 10.00 13.00 39.00 26.00 30.50 14.50
6.00 44.50 13.00 25.00 18.50 22.50 24.00 35.50 12.50 42.50
34.50 11.00 35.00 35.50 34.50 0.50 39.50 16.50 3.50 45.00
6.00 1.00 15.50 43.50 38.50 13.00 37.50 13.00 6.00 0.50
10.00 44.00 23.50 11.50 15.50 38.00 7.50 45.00 10.00 36.50
36.50 33.00 31.50 34.50 39.50 16.50 6.50 28.00 12.00 4.00
36.50 45.50 26.50 41.50 9.50 19.50 16.50 14.50 41.00 28.00
19.00 7.00 2.00 42.00 36.00 46.00 12.50 25.00 19.50 47.50
42.00 43.00 32.00 16.00 40.00 18.00 2.50 40.50 17.00 49.00
19.50 3.00 9.50 13.50 18.50 34.00 44.50 30.50 16.50 27.50
5.00 47.50 5.00 5.00 48.00 45.00 33.50 21.50 41.00 12.00
34.50 30.50 34.50 41.50 9.50 37.50 16.50 1.00 15.00 42.00
49.00 29.50 37.00 19.50 0.50 2.00 5.50 40.50 18.00 24.50
19.50 24.00 28.50 29.50 48.00 1.00 3.50 27.50 2.00 49.50
33.00 18.00 18.50 8.50 44.50 16.00 32.50 25.00 41.00 37.50
33.50 2.50 27.50 8.50 23.00 14.50 44.50 26.50 31.00 34.00
41.00 37.50 10.50 21.00 38.00 19.50 45.50 25.50 34.50 28.00
14.50 10.50 41.50 31.50 2.50 25.50 31.50 15.50 12.50 27.00
41.00 27.50 11.00 3.50 33.00 20.00 14.00 6.00 47.50 20.00
21.00 22.00 36.00 25.00 12.50 10.00 47.50 10.50 25.50 0.50
41.50 33.50 33.00 16.50 7.50 11.00 8.00 27.50 49.50 49.50
10.50 43.50 18.50 3.50 20.50 10.50 10.50 28.00 45.50 34.50
46.00 41.00 40.50 26.00 11.50 31.50 12.50 17.00 31.50 30.50
17.00 31.00 13.50 8.00 14.50 23.00 2.00 17.50 12.50 13.00
24.50 3.50 28.50 42.50 33.00 46.00 1.00 25.00 36.50 1.50
29.50 35.50 11.00 31.00 8.00 36.00 32.00 0.50 17.50 27.50
31.50 2.00 12.50 36.00 2.00 27.00 22.00 25.00 13.50 3.50
1.50 46.00 43.50 2.50 13.50 25.50 26.50 25.00 31.00 48.50
10.00 19.00 10.50 26.50 1.50 44.50 2.00 26.00 14.50 12.50
5.50 39.50 6.50 16.50 28.00 6.50 45.00 22.50 49.00 30.00
7.50 7.50 37.00 40.50 37.50 45.00 26.50 12.50 1.50 41.50
45.00 28.00 13.00 19.00 24.00 31.00 46.50 13.00 6.00 31.50
30.50 11.00 20.50 24.00 24.50 6.50 25.00 41.50 6.00 22.00
40.00 19.00 42.00 35.00 36.50 43.00 34.00 36.00 49.00 29.50
45.00 42.50 4.50 31.00 1.00 38.00 46.00 22.00 16.50 46.50
40.50 21.00 4.00 11.00 13.00 1.00 46.50 47.50 25.00 4.50
9.50 36.00 9.50 47.00 41.00 4.00 23.50 35.00 37.50 43.00
12.00 37.50 32.00 47.00 9.50 40.00 18.50 5.50 8.50 40.50
18.00 45.00 4.50 16.50 31.00 35.00 19.00 42.50 39.50 28.50
44.00 31.00 37.50 42.50 46.50 41.00 46.00 39.00 20.00 24.50
35.00 9.50 15.00 20.50 17.00 6.50 10.00 12.00 22.00 13.50
38.00 24.50 1.50 46.50 35.50 21.00 39.50 41.50 20.00 14.50
8.00 9.00 45.00 6.00 22.50 45.50 4.50 34.50 20.50 10.00
48.50 10.50 2.00 1.00 18.50 43.50 23.50 21.00 27.50 6.50
29.50 20.50 35.50 20.00 36.50 15.50 35.50 2.50 16.50 45.50
6.00 10.50 45.50 45.00 18.00 6.00 19.50 41.00 40.00 36.00
