# nJobs | nMachines
500 20
# Job Weights
46
74
9
12
58
13
52
26
13
80
68
18
39
68
16
52
79
16
96
45
55
47
82
80
5
18
19
73
47
14
68
45
15
52
6
55
76
23
78
39
19
84
57
3
57
48
36
44
86
29
58
7
61
30
56
30
41
57
7
32
16
37
11
92
94
91
55
23
26
28
18
99
95
17
74
25
26
95
28
88
49
98
19
13
10
49
45
46
41
32
6
37
57
17
62
37
95
95
19
71
34
21
51
67
47
60
63
4
19
34
89
79
73
64
72
50
95
34
86
2
43
38
23
27
24
90
12
35
20
56
42
24
85
92
9
44
56
91
35
43
65
48
38
13
67
34
33
92
81
80
100
100
73
72
85
96
76
97
12
38
16
3
9
89
61
73
100
75
20
42
89
72
34
12
56
69
74
11
59
93
27
60
20
75
45
27
94
27
20
43
99
73
49
56
84
19
10
68
74
82
2
18
33
57
70
67
19
12
18
47
72
79
43
69
29
82
39
14
69
96
37
40
21
58
91
24
88
20
4
85
80
93
74
98
38
19
4
78
46
83
31
70
11
89
82
95
98
74
88
85
71
98
20
51
9
37
10
26
65
37
87
75
86
35
95
48
75
99
36
80
98
51
31
64
96
31
36
51
46
88
3
28
2
7
58
51
29
23
17
55
4
1
24
30
32
75
66
84
51
23
26
90
70
33
26
45
51
67
81
80
83
8
53
4
51
80
64
79
76
57
47
83
55
49
78
1
88
1
45
29
41
84
47
14
43
94
8
51
86
93
10
1
31
5
77
59
33
24
36
68
94
63
26
30
75
30
61
38
50
97
97
97
65
16
48
82
95
58
48
55
42
16
6
77
41
26
73
77
53
22
72
54
53
8
80
54
36
39
16
31
60
74
59
11
77
85
34
14
86
51
100
9
52
20
47
8
81
6
82
79
46
5
59
59
94
1
47
18
63
89
70
23
58
78
38
25
52
61
14
37
99
29
21
45
87
83
95
36
76
46
80
17
6
99
2
12
91
30
77
64
48
65
32
30
55
22
25
7
92
37
2
22
58
33
29
32
31
46
5
96
72
40
51
100
88
92
86
90
32
34
96
11
19
79
97
2
29
9
58
84
44
70
38
2
33
35
78
9
25
15
# P_bar : m1 | m2 | m3 | m4 | m5 | m6 | m7 | m8 | m9 | m10 | m11 | m12 | m13 | m14 | m15 | m16 | m17 | m18 | m19 | m20
69 80 76 46 7 64 20 17 8 29 48 55 12 31 17 69 78 58 57 86
51 90 24 91 42 53 33 50 24 85 75 15 71 83 65 3 63 47 91 20
9 49 78 74 32 24 70 45 58 71 49 34 86 3 50 76 40 39 19 49
16 59 17 19 47 73 62 11 27 16 92 99 38 75 33 77 40 65 97 49
14 24 10 34 87 22 19 12 97 84 66 19 34 46 86 33 96 99 11 24
53 25 59 51 73 14 89 54 46 84 91 82 53 64 97 17 7 14 60 46
22 17 77 13 13 84 83 59 50 26 43 98 55 67 22 74 83 57 83 18
81 63 34 54 36 82 91 69 83 6 97 33 92 20 7 56 36 72 49 74
50 10 70 23 14 7 71 15 15 40 67 2 98 11 76 58 32 4 24 6
46 13 34 49 69 72 62 11 96 58 61 78 91 18 85 20 53 70 84 49
54 70 37 9 94 90 17 54 3 23 53 49 46 44 92 97 93 12 8 62
7 43 39 8 80 79 18 6 43 68 21 9 83 14 35 51 76 29 97 43
30 46 94 6 89 8 18 60 18 33 7 85 32 10 83 72 33 54 73 78
55 65 98 39 13 50 3 35 70 46 73 66 26 5 97 41 31 3 58 72
83 60 56 93 38 58 54 35 82 14 69 71 47 6 10 21 10 57 38 9
29 3 11 45 16 27 21 94 89 79 77 15 24 58 18 75 37 10 88 33
51 29 98 66 39 2 47 52 16 43 36 35 73 5 80 83 21 15 57 94
84 31 30 75 43 74 62 36 1 61 95 6 80 25 8 91 39 15 37 25
24 61 6 49 76 35 11 63 75 77 49 76 87 63 45 49 11 24 7 44
43 85 48 8 2 11 47 93 71 78 78 88 91 48 55 35 24 77 85 2
68 94 2 75 76 53 48 52 34 63 34 46 38 46 89 92 36 6 47 64
96 67 21 16 65 96 35 36 20 25 72 40 79 29 25 68 66 30 88 39
86 55 74 59 89 64 72 12 82 46 75 41 99 84 78 53 15 20 19 32
92 28 31 71 15 31 19 2 51 55 77 58 21 57 71 86 8 23 77 5
70 65 45 1 15 7 20 38 23 15 14 20 26 60 41 2 2 46 69 14
52 93 95 37 34 82 67 77 82 66 32 82 63 18 12 10 7 11 78 5
45 41 92 78 6 95 24 93 58 52 11 46 65 85 74 51 39 68 56 85
6 16 65 86 91 23 12 94 52 93 36 49 24 38 94 62 27 77 51 75
84 81 30 12 60 22 37 70 81 75 9 69 8 53 22 88 75 3 57 64
76 42 39 6 92 95 93 92 18 90 68 99 44 30 51 37 51 13 68 56
26 59 16 91 79 47 52 4 33 85 63 25 81 91 95 80 21 16 9 97
35 71 60 68 23 92 60 54 9 14 55 73 7 2 9 42 96 14 70 12
50 87 60 50 34 34 86 69 99 79 52 2 87 95 2 70 5 3 56 63
87 69 5 61 27 21 5 81 23 13 30 93 20 33 70 78 90 36 64 38
55 80 25 10 97 12 41 61 84 84 90 52 51 55 77 9 71 1 84 62
55 10 95 94 90 49 70 75 5 39 10 57 59 78 41 91 6 55 36 89
87 80 18 1 17 37 8 71 26 91 80 70 79 58 49 60 95 17 28 32
72 15 16 35 17 24 56 51 5 62 96 22 6 10 47 13 93 21 48 66
63 57 66 3 43 58 99 58 15 33 79 76 51 62 18 55 56 82 32 62
43 9 97 1 71 97 14 63 59 28 18 91 72 88 10 84 58 6 55 54
37 86 22 65 11 75 47 37 81 26 21 3 7 86 70 4 80 80 49 76
77 22 69 17 47 18 29 93 63 58 52 77 56 83 10 83 83 51 47 84
5 70 25 73 32 32 61 12 67 61 1 48 99 91 81 63 42 34 1 5
26 15 11 12 54 70 57 48 37 38 23 98 64 49 40 65 41 11 11 59
68 32 24 80 1 41 83 50 53 22 75 3 86 8 46 86 66 61 15 27
58 7 84 56 50 20 27 91 87 10 59 20 76 18 9 64 52 61 5 62
69 30 23 15 20 29 21 53 51 11 11 77 89 25 26 51 26 66 7 74
79 92 11 60 43 79 74 38 70 83 55 18 31 30 14 95 36 15 63 20
49 77 5 88 1 97 27 23 52 95 93 50 70 40 51 75 8 73 47 70
40 1 21 6 23 66 76 62 82 51 83 18 22 53 1 95 39 9 15 81
9 26 95 13 13 36 82 54 61 41 99 40 66 24 29 44 46 91 7 27
30 39 64 83 43 52 99 83 5 13 61 55 73 88 61 73 41 13 95 72
86 80 46 79 95 60 94 73 90 70 43 58 28 6 52 53 56 57 12 42
9 58 48 45 7 41 29 23 48 32 23 51 28 95 27 5 86 99 71 58
41 88 15 67 76 6 25 31 72 3 48 62 70 33 73 2 61 92 26 15
12 19 44 80 9 70 97 50 80 51 86 99 16 64 40 56 76 56 19 53
59 71 52 96 2 75 48 34 22 90 97 18 60 28 97 75 61 16 74 85
75 29 40 10 79 92 26 68 58 35 29 34 61 92 32 63 95 1 78 84
32 42 94 66 16 24 80 94 35 18 87 58 41 48 15 43 8 53 93 89
33 96 34 50 25 78 33 43 58 81 3 53 73 60 84 55 71 11 67 60
77 17 5 30 68 40 10 41 66 22 85 59 52 4 65 97 97 66 50 29
45 84 6 97 27 89 85 34 59 60 5 13 8 52 26 15 90 36 1 41
99 6 30 81 60 22 26 61 36 58 19 50 47 70 86 87 93 58 14 66
61 48 73 85 97 81 89 45 82 53 15 68 4 32 75 19 76 93 45 35
42 18 69 42 9 94 34 87 99 75 14 28 36 42 36 46 74 96 69 57
69 46 93 38 26 64 9 63 25 47 65 93 53 11 84 93 1 6 57 46
27 72 61 65 71 28 30 56 57 42 20 24 69 64 72 91 49 75 75 66
19 54 49 12 68 51 99 48 23 98 27 70 87 8 21 98 8 3 24 24
22 81 68 34 99 27 19 13 37 24 53 57 76 23 43 15 81 59 71 9
3 97 83 48 55 51 25 58 21 58 87 32 7 42 31 86 4 42 60 14
61 36 40 28 19 73 55 50 44 77 46 6 81 24 76 31 76 28 46 12
35 24 32 69 32 10 73 38 10 62 86 91 52 56 50 43 60 67 18 40
76 55 21 44 92 28 56 51 68 38 1 9 93 64 17 24 82 53 26 32
61 70 49 60 56 95 32 88 21 32 30 58 26 77 53 20 53 40 15 85
41 28 87 95 61 50 75 30 91 15 3 34 45 47 87 75 74 20 95 14
49 47 21 60 68 66 63 83 38 67 83 4 92 78 91 66 34 58 70 11
37 86 78 16 28 86 42 95 9 71 84 37 41 35 30 88 88 44 34 69
95 11 81 24 93 62 52 62 11 58 36 46 86 88 1 74 11 9 55 67
15 14 92 8 43 43 23 82 73 40 12 58 54 17 92 70 13 95 71 44
29 87 96 54 53 32 35 33 66 11 57 87 63 49 7 68 48 70 54 27
59 27 81 66 34 55 77 15 86 42 63 5 16 79 5 7 33 49 10 86
64 51 27 87 16 93 94 91 31 65 78 49 36 67 28 32 82 80 25 13
47 64 30 88 55 69 89 30 21 77 70 9 12 63 88 91 15 83 45 74
5 41 36 20 85 44 15 68 22 11 97 49 12 73 25 52 1 29 63 32
20 33 40 14 2 94 9 3 60 21 41 12 96 78 52 57 38 71 17 50
53 45 39 47 75 30 38 79 48 33 35 20 57 31 76 56 1 39 31 17
59 54 71 63 18 88 86 38 22 48 64 31 34 91 66 36 33 69 43 22
32 64 8 91 81 53 23 96 31 22 97 27 11 75 26 73 29 11 73 76
77 18 89 37 23 77 57 99 32 27 86 47 47 23 51 80 56 32 45 64
87 58 61 66 34 76 36 8 90 83 42 84 49 51 54 24 56 98 5 86
49 41 7 41 26 59 63 4 93 63 93 29 79 6 7 71 24 83 4 84
27 53 61 27 78 55 67 88 60 45 24 27 75 25 28 20 38 1 71 61
57 7 55 60 99 82 98 35 53 91 99 82 65 13 25 89 37 92 19 23
90 88 15 23 50 52 75 72 87 20 57 32 62 21 10 6 21 78 50 23
14 42 86 57 64 38 29 4 93 24 73 50 92 73 82 93 69 30 54 4
30 24 42 17 77 15 62 56 73 73 50 63 34 63 95 3 44 87 27 86
93 79 93 85 84 77 62 8 22 91 79 44 21 19 54 92 77 90 35 65
63 94 56 13 23 44 77 60 68 33 73 40 43 64 65 95 15 29 70 77
81 50 65 37 71 95 30 62 28 2 61 81 77 82 44 65 75 37 3 43
82 87 94 58 68 18 32 18 43 28 30 76 92 5 39 24 21 26 41 81
78 58 91 17 69 73 71 69 58 4 48 76 82 94 41 45 41 75 5 61
95 90 27 5 14 62 87 40 90 67 57 93 40 6 86 79 61 47 39 3
68 68 19 59 83 89 17 59 90 18 67 29 49 69 60 12 20 6 90 1
88 15 6 56 94 67 83 4 31 81 68 47 20 40 69 55 69 84 30 19
88 80 64 88 54 27 92 82 96 69 34 93 78 15 70 94 33 10 18 16
39 96 19 37 6 6 18 18 68 22 97 74 47 1 29 64 53 97 75 4
93 1 19 26 31 17 44 1 19 58 29 94 58 35 51 59 98 18 5 28
47 15 71 16 65 21 68 78 60 45 83 58 68 7 68 76 99 41 95 61
65 6 90 93 13 63 6 38 10 36 44 14 54 28 6 96 50 11 75 47
94 84 61 79 80 84 54 69 81 94 89 99 32 47 14 46 23 21 77 27
1 42 35 23 8 74 63 48 1 46 19 23 77 12 27 39 1 74 60 48
40 21 69 90 63 14 14 13 39 3 99 26 67 41 48 43 38 50 11 54
28 81 18 87 70 34 32 60 32 97 1 25 62 68 57 92 35 4 51 40
5 56 30 2 70 56 90 2 88 38 52 79 63 33 27 93 58 27 21 89
24 5 10 37 69 71 6 91 4 8 78 11 64 15 81 7 18 68 76 46
71 27 92 37 39 20 94 20 40 68 72 13 8 30 16 19 86 51 10 25
93 80 98 67 36 94 17 74 36 76 69 50 18 23 60 38 72 40 48 73
90 33 94 42 73 88 40 25 54 30 45 58 50 58 61 98 62 1 12 65
13 90 89 31 69 29 53 97 61 66 33 37 29 78 48 10 31 73 31 87
8 13 25 38 72 27 6 68 78 66 96 28 98 36 46 30 92 1 32 65
8 61 93 52 49 21 80 10 36 85 28 74 59 60 24 54 7 88 48 15
90 87 27 45 1 69 59 97 13 19 83 39 56 89 45 85 2 21 37 37
97 27 12 22 96 38 13 50 92 57 45 90 90 82 73 58 20 81 9 49
94 80 91 34 65 13 84 7 14 40 88 61 80 52 48 5 18 32 70 82
95 53 16 43 20 1 77 49 27 50 43 83 77 85 48 98 51 30 69 32
59 96 85 49 28 72 96 22 65 80 4 66 56 21 31 18 28 3 77 75
36 9 70 70 18 2 29 44 37 43 59 5 28 89 7 60 61 37 91 57
74 78 1 46 33 46 31 52 65 8 86 37 48 75 95 63 92 94 43 35
63 1 19 69 6 93 81 52 54 37 44 15 7 62 48 3 48 44 98 12
6 29 71 59 10 69 46 8 84 88 39 8 52 2 73 83 58 58 89 66
42 60 61 14 39 18 15 1 18 38 84 94 97 48 41 43 74 93 62 80
96 61 25 20 95 42 90 20 42 91 83 58 75 69 98 40 34 68 55 4
47 79 95 56 33 23 87 97 98 87 5 70 50 65 76 69 75 25 6 6
15 18 47 1 45 54 24 84 99 83 46 62 28 59 36 23 36 14 65 70
12 48 11 81 98 78 86 23 74 3 15 30 90 63 58 24 25 67 41 62
36 29 39 95 92 21 44 67 22 17 29 14 6 98 74 34 49 83 87 36
12 22 3 90 89 7 8 52 28 6 1 73 80 89 69 7 67 4 84 51
12 29 89 20 19 99 31 28 82 70 19 89 66 60 94 53 85 43 44 9
77 28 45 98 73 63 26 45 29 17 79 54 33 44 79 94 10 7 91 86
28 26 72 75 89 75 45 19 61 91 78 14 86 28 38 9 34 62 86 18
58 19 72 75 68 78 9 94 79 76 6 68 74 38 22 31 87 98 1 70
11 95 16 26 66 83 7 1 54 75 91 68 58 62 82 5 55 39 59 60
30 69 72 30 63 42 76 49 16 30 87 12 28 5 94 86 33 77 77 73
60 87 22 31 47 12 39 93 93 88 54 85 79 90 18 86 7 87 4 35
38 91 57 5 88 73 79 33 51 6 89 9 23 34 99 1 55 50 65 30
37 4 31 33 14 3 61 94 4 40 51 54 4 53 69 15 41 32 1 39
72 34 14 78 32 70 97 84 75 96 59 24 74 41 45 10 69 96 20 93
77 47 42 91 53 19 46 4 23 36 30 59 43 2 26 79 69 65 88 57
3 91 20 28 23 75 34 31 99 6 30 92 67 28 71 61 36 19 36 13
20 25 56 2 63 1 72 45 65 16 33 34 22 8 27 95 83 89 15 79
53 82 50 3 49 80 40 5 69 82 57 58 42 95 73 9 39 96 51 27
27 23 14 39 70 17 40 60 49 2 9 15 7 9 92 45 53 37 1 68
77 72 45 59 20 39 71 35 84 79 27 49 4 66 54 46 20 87 76 64
72 60 25 79 82 40 87 69 89 41 30 98 16 5 49 79 41 20 91 74
56 9 9 62 42 85 81 47 27 36 5 99 63 93 56 68 73 8 2 52
60 85 96 38 97 70 58 70 26 76 26 76 39 4 82 41 69 69 5 34
6 92 14 77 14 97 40 52 51 82 17 45 79 99 44 70 50 59 12 71
65 73 38 15 34 25 29 6 59 11 58 19 56 10 59 42 26 34 40 7
11 98 97 60 16 62 5 75 97 47 65 1 43 36 77 49 72 27 52 62
8 42 88 36 9 61 59 55 43 25 89 8 32 22 16 64 85 4 34 43
93 77 81 95 28 55 39 68 69 82 39 27 70 76 68 42 63 71 12 55
9 97 16 55 66 79 94 48 95 71 11 24 2 99 74 81 97 95 46 75
78 87 98 66 70 81 78 78 30 53 35 88 13 71 90 73 9 35 49 41
82 74 72 83 4 32 5 80 89 13 28 46 16 15 88 98 45 45 45 40
70 23 13 57 47 90 20 89 93 93 91 26 37 6 64 21 73 26 91 80
76 68 45 43 16 23 95 27 62 97 7 98 35 50 74 72 28 32 14 96
99 40 21 66 14 20 21 10 80 28 61 6 96 26 73 35 64 37 37 6
51 32 71 71 39 40 52 93 18 12 29 34 36 92 48 83 24 22 7 89
77 50 57 69 30 22 29 49 22 14 65 55 23 89 20 53 81 49 1 98
48 5 69 8 32 60 1 69 57 68 6 94 34 89 87 32 62 95 86 39
93 29 25 84 43 43 4 61 28 3 12 43 88 5 38 34 94 32 17 70
55 23 62 67 18 26 6 73 83 46 55 95 72 26 80 43 37 79 52 69
89 19 31 97 88 29 1 64 62 23 12 75 70 99 95 25 82 67 57 53
92 15 43 59 43 61 50 40 69 8 86 89 82 20 88 86 76 80 83 35
54 51 65 49 40 65 83 33 85 59 80 90 5 81 75 28 62 76 10 2
76 83 49 14 24 5 17 51 62 47 94 62 45 81 77 89 24 28 35 23
19 57 56 74 12 94 56 49 63 18 34 74 61 56 9 86 22 83 71 77
74 15 77 51 27 44 49 22 94 93 67 12 84 55 65 56 54 26 72 48
80 70 26 98 32 54 83 71 88 64 13 36 6 73 11 13 93 89 39 59
91 88 59 45 14 12 15 9 15 98 57 91 84 11 53 25 16 68 15 21
39 36 86 60 3 97 54 5 70 7 14 20 74 26 91 88 66 87 67 44
26 28 83 53 90 1 59 39 39 31 8 29 54 77 8 13 37 24 28 68
11 25 47 31 96 5 20 53 28 8 71 66 11 31 54 48 88 28 56 80
61 12 3 81 31 26 79 38 74 43 26 27 19 82 35 21 15 32 16 56
85 64 62 21 86 83 73 64 70 81 33 77 47 39 70 90 79 72 19 99
52 33 34 46 65 26 53 42 57 39 45 61 53 61 91 22 11 24 21 50
20 20 53 54 57 32 5 33 28 93 14 37 97 90 55 13 26 14 4 3
65 13 89 16 47 19 50 96 26 49 67 15 86 87 37 18 66 51 97 15
28 18 86 30 80 76 50 95 84 11 51 52 7 48 71 69 43 5 53 46
55 66 38 69 29 93 10 89 3 49 70 54 32 89 26 84 13 34 54 46
12 51 71 45 54 25 28 98 47 37 3 37 97 41 49 64 22 96 7 9
54 83 16 97 97 59 8 62 86 69 64 1 6 91 64 29 20 17 36 46
50 78 3 7 4 20 49 63 82 62 49 73 15 45 78 66 29 64 89 70
92 48 83 37 74 9 89 31 20 87 97 22 15 19 73 38 42 13 39 50
38 56 37 30 92 62 90 18 26 23 42 89 80 62 80 33 99 69 92 79
35 2 81 39 80 70 18 37 62 33 32 55 80 11 86 91 29 27 79 82
29 92 93 83 31 7 91 27 40 27 75 31 51 4 29 33 74 99 35 5
40 46 81 66 54 83 53 72 80 66 16 88 59 40 16 50 4 89 80 71
62 1 26 55 14 18 24 74 2 6 91 20 58 81 52 83 96 99 68 46
15 14 84 99 61 22 23 39 16 70 5 36 7 53 21 28 48 26 94 44
21 4 77 46 33 92 34 94 4 25 89 85 18 51 87 30 52 18 34 68
88 56 50 85 43 87 72 33 38 76 13 27 14 20 85 28 10 13 70 34
69 63 11 80 68 69 4 68 80 47 67 98 50 59 8 96 4 7 53 89
17 26 72 28 17 89 26 43 99 71 24 56 38 99 16 88 52 23 65 76
33 85 9 67 94 75 23 38 55 20 74 20 99 75 77 66 4 52 50 81
22 69 28 66 38 87 76 89 97 34 73 75 53 36 48 11 78 41 1 44
17 96 69 91 28 84 34 68 36 34 28 18 67 64 96 37 18 34 22 77
80 72 50 21 11 95 86 18 96 54 64 38 31 36 94 37 48 4 10 51
93 84 69 84 74 56 32 89 30 71 44 14 95 67 91 1 6 56 6 32
44 3 79 84 23 10 60 49 4 61 29 7 43 86 44 40 35 89 42 14
17 46 7 96 82 10 95 2 53 22 6 86 2 27 50 13 56 8 98 75
64 69 20 26 73 28 19 64 45 68 97 47 42 30 1 67 3 87 14 47
11 81 80 58 49 48 32 13 50 7 73 66 27 59 17 46 17 63 37 89
8 70 18 81 74 24 37 42 5 70 79 36 11 82 16 69 45 96 6 7
23 16 59 26 71 7 98 39 7 73 33 23 80 46 88 1 18 44 71 85
94 96 34 99 9 89 72 78 23 55 66 69 32 25 80 87 51 63 51 28
78 11 34 14 47 89 77 8 51 10 86 71 7 75 25 84 88 68 53 90
93 56 77 82 49 65 14 75 46 94 17 92 7 17 36 9 8 29 54 72
50 1 12 91 9 26 39 21 78 33 54 48 8 81 97 83 67 91 21 51
74 34 44 44 56 25 19 74 85 72 18 65 19 92 63 33 43 64 13 29
86 14 57 84 3 47 47 15 52 12 44 58 35 78 39 78 85 53 97 5
85 65 37 27 40 99 50 57 38 67 25 48 99 72 48 53 12 46 47 73
74 16 70 54 80 75 40 67 42 16 96 51 92 76 51 8 30 50 89 77
28 24 64 85 3 31 95 30 59 93 95 18 19 12 18 6 76 71 55 44
4 8 39 3 49 83 3 64 43 63 28 37 41 22 54 31 42 1 92 41
10 30 8 52 13 34 14 12 36 64 96 62 97 16 81 32 44 12 3 73
37 92 18 74 85 68 14 58 92 7 26 56 26 34 75 15 71 51 75 50
95 31 80 32 65 19 63 7 64 39 14 56 80 79 69 80 10 1 15 83
57 92 69 46 90 74 60 75 63 56 73 53 9 79 38 42 9 24 5 25
14 54 8 53 22 60 19 31 53 10 66 35 21 11 73 20 93 95 92 52
80 90 22 41 35 91 67 53 35 98 60 25 89 1 64 7 80 46 66 47
84 34 81 32 72 84 73 99 4 59 72 54 99 45 22 65 70 68 62 45
45 44 71 53 3 95 9 76 70 14 79 68 88 97 20 77 19 41 51 72
73 60 43 52 69 56 56 77 85 76 88 67 35 53 66 37 25 73 98 22
97 3 14 69 98 30 27 26 86 23 96 58 88 81 42 68 40 96 73 52
68 75 63 28 32 11 70 93 66 86 37 99 15 40 75 28 94 25 55 85
68 33 83 36 81 27 5 76 74 88 41 72 91 86 9 53 42 30 81 74
81 34 86 57 28 99 5 58 94 97 84 38 28 3 29 27 55 72 13 92
73 2 79 22 14 99 40 59 16 92 37 10 68 76 36 12 64 2 1 16
16 84 94 10 76 65 29 95 21 34 19 96 16 9 27 76 11 45 67 14
8 20 3 48 54 93 94 7 92 53 19 12 11 36 64 4 60 20 4 16
29 52 63 67 59 30 22 14 52 53 39 18 97 19 94 69 6 91 84 32
72 70 30 68 55 73 41 52 38 9 48 45 82 63 65 91 97 99 35 63
34 74 15 5 37 15 91 4 64 26 90 67 92 22 64 68 33 53 17 82
14 9 8 65 44 34 21 13 15 60 89 54 29 70 4 1 74 9 79 56
44 8 57 34 23 83 99 6 11 18 92 80 25 78 70 31 27 72 5 41
81 13 93 47 5 57 63 36 50 23 18 22 26 87 48 86 80 5 82 86
26 19 37 57 57 43 69 19 84 44 35 30 56 87 27 64 91 64 3 5
38 31 26 44 96 36 7 12 84 54 88 23 96 33 54 99 18 12 53 61
34 24 92 73 88 3 56 3 48 82 35 1 1 24 31 56 78 40 49 72
34 49 39 84 47 38 28 35 63 67 63 18 8 44 77 73 39 91 64 42
86 34 52 46 1 52 82 25 9 91 54 45 24 67 67 34 20 62 51 78
37 60 49 97 90 31 50 11 81 76 80 81 44 41 31 39 25 98 53 28
93 15 18 14 62 96 60 53 72 14 92 53 68 51 83 15 83 64 55 49
81 28 62 41 54 77 73 49 5 52 19 87 43 2 20 3 23 78 63 19
47 33 27 10 81 39 4 58 53 63 80 36 56 36 71 13 66 19 10 95
74 9 10 14 49 66 24 63 66 19 52 88 47 70 21 17 40 40 73 8
18 90 99 35 66 2 59 61 7 31 58 88 60 93 15 80 22 27 75 68
9 31 67 86 15 26 50 78 13 68 89 66 24 79 93 3 37 50 3 39
57 99 85 98 80 44 61 69 63 18 43 5 4 41 64 56 56 78 43 5
50 69 75 4 39 70 31 42 10 18 34 26 19 87 3 43 50 91 96 11
46 51 1 2 12 33 39 53 63 68 66 70 69 24 12 22 32 95 59 31
16 83 13 43 66 37 91 86 82 7 98 14 43 7 11 16 9 17 47 92
69 70 2 73 51 92 50 57 36 35 40 33 45 38 30 64 76 64 15 54
73 67 92 61 80 15 90 86 29 51 10 65 60 52 77 70 44 13 57 19
4 6 31 87 25 33 85 51 42 4 35 50 42 49 24 18 55 21 84 24
88 79 31 46 84 84 97 54 69 48 63 97 14 90 7 46 12 42 96 53
65 56 33 11 66 96 47 29 85 3 41 97 5 12 30 55 80 18 61 38
35 3 85 53 76 74 46 99 85 69 27 13 97 36 29 15 91 69 49 67
70 16 10 19 38 2 43 75 54 87 76 47 96 39 97 76 25 81 19 48
60 62 87 72 30 7 67 9 69 66 83 25 53 4 90 58 11 35 97 83
45 63 61 31 2 9 41 58 55 36 28 6 28 33 30 8 2 80 40 75
1 17 83 53 33 51 93 93 1 28 49 86 33 98 80 62 91 23 20 33
13 38 39 37 59 64 30 99 96 23 2 10 17 16 42 68 91 11 60 69
98 15 74 3 89 39 74 29 41 53 97 94 34 53 15 79 88 34 9 19
38 30 72 51 11 33 36 20 35 93 24 55 74 48 34 50 98 38 44 39
55 18 10 62 7 75 40 91 17 34 2 54 2 34 70 49 58 83 76 47
83 23 45 36 18 54 78 17 15 99 46 1 51 72 16 59 93 52 59 95
20 24 91 99 34 26 40 53 98 88 91 79 46 2 88 35 26 88 83 40
97 41 85 55 62 23 55 77 57 20 25 41 16 76 28 12 50 55 30 31
44 79 88 85 93 60 56 24 52 72 75 38 24 91 63 47 35 34 94 35
86 59 47 65 28 78 15 9 28 14 64 7 82 39 59 39 22 49 84 59
8 43 23 2 91 39 19 59 52 18 92 21 10 92 73 56 19 50 95 66
98 49 27 28 64 13 46 25 3 27 47 7 1 95 38 83 79 67 91 7
85 55 53 43 78 19 84 25 40 52 68 16 54 43 18 64 75 67 37 94
16 22 41 79 99 77 71 65 74 14 22 4 65 61 48 44 96 94 41 89
16 29 38 54 11 31 10 65 91 96 80 61 68 59 31 35 9 13 40 8
11 33 70 29 79 91 19 7 75 74 48 13 28 72 95 20 74 85 65 73
84 91 93 57 30 53 21 70 49 89 82 14 75 11 19 19 50 16 23 81
84 86 86 35 45 92 55 2 39 48 16 45 32 76 71 27 78 29 72 94
18 81 85 10 64 79 63 88 9 11 71 54 44 17 2 41 11 62 19 20
58 2 17 66 29 71 69 2 24 9 39 4 33 75 92 29 1 42 53 58
33 76 60 70 8 16 73 62 53 46 43 22 69 70 64 61 20 2 25 37
19 40 29 82 50 47 55 71 93 97 15 21 74 92 19 41 11 90 65 8
77 35 3 14 70 49 84 98 45 98 51 90 75 83 62 94 30 31 68 4
53 95 23 5 72 40 97 40 19 38 47 5 77 30 11 99 39 36 52 62
33 42 35 42 69 3 34 60 64 11 81 42 66 92 31 13 26 3 93 9
63 90 27 59 3 84 72 73 66 33 68 94 47 37 80 90 43 75 55 72
40 48 52 69 84 75 25 10 73 46 98 86 84 94 60 22 79 81 62 86
84 78 49 36 44 55 48 5 66 46 43 78 4 12 43 68 85 80 70 86
76 20 39 78 72 4 19 77 21 61 88 63 86 10 5 20 50 67 28 13
66 46 22 6 97 79 63 41 39 3 37 55 55 52 88 23 68 95 55 66
22 75 8 71 92 59 75 87 23 55 74 45 37 37 32 65 83 93 29 12
83 28 25 27 13 32 86 66 95 79 45 13 8 64 46 37 73 75 69 41
53 40 83 65 23 98 48 71 1 11 28 93 99 47 50 63 28 3 62 49
6 77 12 30 2 46 13 91 99 74 57 9 70 30 69 54 57 37 70 57
45 73 5 33 74 94 98 29 88 14 7 61 1 94 99 95 91 54 9 87
38 63 73 92 44 61 54 70 61 45 91 56 82 21 14 18 61 15 43 10
13 13 5 63 63 77 56 60 31 29 50 11 22 12 26 77 99 2 13 17
92 26 98 40 81 98 6 75 3 48 11 61 79 37 20 34 94 25 29 36
44 90 44 12 86 12 19 49 69 1 65 63 63 40 69 65 47 71 54 21
17 4 92 37 70 59 90 6 21 97 67 8 47 69 19 15 33 33 58 72
22 5 33 57 83 60 61 71 50 58 65 54 34 21 15 20 89 57 58 58
55 29 24 13 4 98 89 81 21 72 69 93 71 79 68 71 43 8 91 51
5 26 95 11 62 92 31 56 36 15 51 80 40 76 92 2 37 46 58 88
55 35 51 24 20 36 9 57 47 5 99 97 32 26 50 42 77 14 8 26
34 26 80 31 96 27 47 49 17 48 97 37 19 80 64 39 57 17 93 22
66 58 59 1 21 50 70 98 91 82 56 59 43 97 46 55 76 57 52 24
71 11 30 66 79 91 93 74 94 60 99 13 36 43 91 59 72 40 25 71
74 58 87 40 16 40 4 63 96 35 23 71 56 75 15 93 72 1 24 62
11 55 58 2 91 62 14 19 9 51 66 5 86 13 90 92 76 34 50 37
67 13 83 25 92 68 27 2 36 97 58 8 43 29 70 22 17 46 57 84
93 45 26 11 41 65 23 49 11 34 34 90 70 26 14 61 46 35 86 60
80 36 94 15 28 98 94 68 10 58 20 92 75 60 53 8 58 26 70 78
3 47 97 56 97 56 93 69 56 8 31 13 45 76 28 19 47 66 75 93
3 17 65 22 90 57 14 15 84 32 25 66 22 97 95 50 18 92 59 47
2 81 75 88 82 63 22 10 30 17 51 56 28 50 71 14 45 16 94 45
40 81 28 35 19 21 20 82 99 32 80 81 83 19 99 24 36 62 46 58
33 65 23 82 93 77 77 99 11 13 16 3 63 14 15 45 88 45 97 78
58 36 83 63 75 73 34 12 61 50 82 84 35 11 3 22 2 15 49 97
53 82 91 58 27 72 41 79 42 10 93 42 84 57 25 96 64 7 46 67
10 84 33 37 66 73 6 65 91 83 12 98 10 34 11 6 82 30 94 76
31 93 23 52 6 49 54 9 2 76 19 87 71 87 60 98 80 45 5 97
58 5 74 60 33 56 83 94 98 40 86 98 16 23 73 93 40 16 80 1
50 58 22 77 53 17 46 73 92 50 37 56 41 47 46 89 81 67 84 10
68 41 72 84 79 39 37 85 62 25 74 4 89 29 31 15 71 52 77 18
88 6 48 38 64 54 75 78 91 84 64 63 13 91 20 92 87 39 15 47
81 75 44 10 13 62 12 37 88 67 39 11 41 79 16 21 36 2 36 36
18 32 12 34 10 12 34 69 9 5 40 19 97 31 92 27 49 91 71 82
96 25 93 56 10 8 86 34 31 80 15 96 56 80 91 97 75 50 77 54
41 48 28 77 53 79 8 52 46 55 67 59 38 84 55 76 69 73 21 82
65 51 74 43 40 1 42 8 69 45 15 56 27 87 5 44 79 7 80 4
42 58 80 71 73 88 93 62 83 43 52 72 62 31 19 37 67 83 94 41
42 55 50 89 54 32 51 19 3 99 51 93 30 88 33 97 23 28 53 43
39 10 95 31 37 76 97 84 14 18 63 87 61 8 74 97 26 76 19 29
21 13 8 21 46 29 29 93 15 69 31 69 85 28 63 52 90 29 36 12
77 58 86 35 43 84 46 34 31 15 56 74 12 32 89 27 32 80 56 84
20 99 13 9 63 88 66 91 57 16 62 36 25 5 31 68 75 37 9 21
41 93 26 86 99 79 3 90 41 35 43 58 46 97 3 39 52 92 34 34
83 93 38 92 96 80 33 92 49 9 36 49 65 96 53 46 4 45 52 29
31 16 82 48 27 63 25 23 65 23 43 20 32 38 33 76 3 67 17 13
60 65 73 56 19 51 16 91 84 77 23 48 43 4 17 39 21 66 69 35
59 85 90 50 67 1 64 68 93 17 22 13 90 4 73 78 43 64 57 25
26 83 42 79 91 77 12 65 57 74 38 32 72 88 61 77 41 25 80 77
34 75 18 27 92 84 89 12 92 78 76 71 18 63 8 40 18 85 12 18
95 34 40 62 97 82 10 55 55 60 2 82 21 76 9 80 62 50 75 58
14 33 52 43 41 71 43 12 6 68 35 93 38 48 84 12 9 10 20 94
64 33 87 91 15 81 73 38 93 41 54 38 88 91 88 36 16 61 68 10
89 23 44 12 15 17 4 71 76 90 80 89 59 65 39 94 62 93 84 71
72 39 10 41 10 3 51 41 56 36 94 77 9 94 10 84 86 4 28 27
93 98 21 44 79 14 63 44 94 59 45 20 68 37 73 36 36 81 22 57
97 13 51 90 26 86 73 65 59 17 11 57 40 35 15 50 11 94 83 70
49 43 20 78 6 45 64 2 76 73 71 23 57 45 52 49 34 68 67 7
30 18 84 65 4 55 15 2 94 56 84 60 80 91 20 2 79 82 43 34
63 27 70 47 35 76 65 2 30 21 78 60 19 41 48 74 38 85 33 13
37 59 53 21 90 4 80 58 43 18 22 87 51 39 40 10 65 62 24 27
53 89 94 56 65 60 75 89 99 31 58 59 80 2 40 21 26 20 12 56
58 27 59 39 84 42 71 9 72 82 73 82 32 15 81 21 91 14 89 13
68 58 35 41 86 63 91 19 17 93 70 96 10 5 12 37 34 8 96 63
44 70 2 35 2 2 41 5 9 69 93 30 88 61 17 34 50 76 1 37
88 72 31 79 38 57 39 6 92 71 54 18 28 72 5 26 35 49 23 48
65 20 81 73 58 43 24 16 9 77 80 83 36 7 50 9 18 55 86 98
48 26 98 34 87 39 36 46 17 90 51 96 98 99 72 81 22 58 72 18
24 41 60 91 96 8 42 64 40 56 48 16 87 50 37 23 72 78 33 88
39 8 51 38 49 42 20 27 84 27 92 53 18 4 9 54 87 70 84 90
26 27 25 97 84 19 74 39 92 89 7 29 34 54 62 40 23 59 13 6
70 4 7 27 8 6 60 90 88 25 76 10 91 8 92 21 16 14 86 82
70 11 66 78 9 66 90 63 16 46 21 80 89 47 32 59 41 21 68 14
10 83 15 1 61 5 85 3 12 99 30 39 61 98 15 53 33 13 20 66
73 12 19 27 63 13 86 52 95 41 16 96 24 57 79 99 52 25 53 82
69 37 61 38 2 80 97 32 42 52 82 84 33 62 2 23 71 26 77 5
41 49 58 71 45 98 14 10 89 49 10 83 75 81 95 73 87 48 34 52
41 74 99 70 79 20 75 40 59 10 32 29 93 50 98 46 41 49 8 99
15 98 59 96 55 92 17 17 87 94 33 2 96 59 94 24 25 39 9 89
50 89 90 98 49 20 80 36 64 72 77 67 48 84 77 56 45 82 57 37
8 67 32 20 44 36 44 67 92 99 71 71 1 77 5 5 34 17 98 34
86 16 66 98 53 99 47 47 1 75 16 13 79 18 33 29 33 35 4 1
15 36 40 17 72 85 64 48 8 67 67 88 54 71 99 15 95 3 5 92
82 44 57 51 68 14 11 43 9 46 15 15 84 31 36 29 91 30 90 55
56 17 30 95 24 9 69 45 57 5 46 26 15 79 77 51 64 85 53 97
38 37 60 45 62 98 74 33 28 85 95 48 35 92 30 43 12 53 83 96
53 48 12 55 55 97 48 13 48 57 25 38 11 99 37 57 72 7 63 90
92 23 14 41 81 65 35 94 19 56 95 86 38 66 36 46 22 35 63 47
35 43 23 33 52 48 32 77 46 2 68 78 78 53 38 30 25 34 38 90
24 82 18 1 92 97 42 96 44 71 58 51 48 22 24 54 71 58 94 5
27 93 44 27 45 52 46 23 27 30 19 52 20 36 56 88 19 2 41 25
54 27 77 33 33 76 98 7 64 54 34 46 18 37 46 70 3 53 54 36
10 8 85 44 13 73 26 22 20 59 20 84 3 78 21 53 91 88 7 9
83 39 35 79 40 61 99 98 12 7 30 22 24 9 48 56 63 92 54 38
22 88 83 93 95 62 79 22 31 55 63 45 74 47 47 47 67 28 69 9
63 99 63 46 71 87 21 81 1 19 68 98 73 88 75 94 33 94 14 17
89 97 51 16 95 14 52 2 17 99 61 23 18 11 26 60 51 4 88 39
65 5 97 46 79 24 54 95 23 12 84 40 16 86 47 58 97 75 19 3
33 38 64 42 66 86 84 4 3 57 3 68 57 90 80 95 26 60 83 38
86 26 38 58 31 57 63 20 33 45 55 52 34 7 64 35 59 98 4 54
9 7 78 11 33 34 58 7 39 35 10 60 82 24 80 2 77 64 92 66
5 59 44 5 94 19 93 67 36 30 33 89 47 16 75 49 65 57 93 19
88 70 26 15 12 95 49 93 91 19 70 92 7 30 78 87 68 96 6 59
97 34 39 77 7 89 69 46 70 75 78 90 80 36 60 55 80 71 55 17
92 38 15 25 23 1 76 62 9 52 31 14 23 81 85 80 41 30 15 27
99 74 50 23 19 61 62 25 6 48 26 17 93 84 91 24 36 4 7 71
11 41 74 27 50 11 24 47 29 60 66 84 5 33 33 19 26 63 8 98
90 24 86 12 34 26 63 24 13 12 23 52 99 49 1 35 10 6 74 67
73 74 52 72 79 11 20 79 5 6 49 94 31 11 70 60 17 35 24 10
36 99 7 33 27 80 61 45 14 41 46 67 45 46 71 17 4 61 23 99
44 27 72 64 4 1 24 64 63 98 52 95 20 65 34 72 90 72 32 86
22 39 97 14 70 26 94 25 85 91 37 15 54 64 97 27 23 5 48 54
97 64 4 9 81 79 85 29 83 29 61 84 7 49 7 94 82 75 19 70
95 98 51 80 66 30 26 87 80 61 49 13 58 80 57 17 9 30 29 63
70 21 60 42 66 67 98 23 14 12 38 90 26 28 42 84 74 91 17 1
22 26 19 80 58 2 18 59 10 57 85 19 24 95 58 2 97 38 13 40
50 75 60 81 74 37 70 25 73 40 36 73 94 45 6 78 44 70 83 15
66 10 86 45 37 63 37 20 20 90 56 87 39 44 53 69 63 26 77 1
22 12 16 15 71 9 98 76 57 11 10 16 31 39 94 20 14 24 13 88
25 93 25 49 96 11 45 36 66 69 65 54 23 91 12 73 74 92 12 46
4 98 16 22 57 9 2 89 69 44 11 74 9 55 96 47 11 80 88 18
90 92 88 75 3 57 40 77 17 72 84 6 11 87 26 89 73 15 49 91
77 22 11 95 89 72 23 1 19 31 37 66 17 26 80 94 13 12 63 62
39 99 68 49 20 33 35 84 80 24 50 3 57 87 74 60 17 27 37 31
99 51 87 65 66 2 27 83 93 68 33 84 41 78 46 12 36 77 61 47
5 38 73 14 14 45 88 51 6 82 68 50 68 3 74 6 22 25 67 65
84 80 89 61 76 59 37 25 63 40 38 70 26 45 37 44 45 59 96 83
70 81 53 49 36 95 5 74 10 13 71 88 77 39 22 17 25 34 28 20
62 4 47 14 64 65 60 51 90 57 98 93 56 56 60 33 57 35 72 11
11 47 88 62 69 25 91 18 4 72 65 25 70 60 40 12 95 47 57 83
18 53 57 7 26 73 63 98 25 30 34 52 53 25 77 19 97 36 90 39
27 41 53 11 53 34 74 89 67 39 31 22 88 29 11 47 38 56 36 19
73 12 4 59 41 83 7 73 73 20 55 3 94 66 21 90 82 81 68 68
19 7 82 5 17 27 33 46 80 85 1 99 51 89 83 1 14 7 13 1
48 85 18 41 93 21 37 3 15 63 88 86 47 5 19 26 84 57 12 54
3 63 43 16 87 18 73 77 19 76 64 72 67 63 31 58 65 43 4 6
53 33 65 69 58 78 31 11 42 15 10 63 71 91 40 50 24 67 33 6
67 4 55 89 32 88 84 53 79 62 76 66 80 33 49 31 31 28 74 21
69 35 81 60 47 88 48 68 70 72 1 17 96 19 45 71 86 28 78 44
33 51 26 32 46 13 20 79 46 5 40 10 41 39 3 88 92 53 34 25
13 33 89 13 51 18 74 96 39 4 89 92 82 50 68 6 13 94 66 72
33 15 46 33 44 10 98 24 45 9 27 7 55 10 6 83 80 89 12 85
65 96 3 73 2 49 96 21 94 63 29 60 20 65 67 82 29 86 76 12
53 94 45 64 84 28 86 82 88 93 33 43 43 94 78 97 48 98 37 79
11 89 90 63 31 19 58 9 91 29 74 7 53 63 78 31 46 80 47 82
32 61 8 51 84 69 90 62 27 36 60 94 82 75 7 84 11 2 69 97
6 20 13 30 83 85 36 45 21 42 22 84 9 33 11 72 70 33 35 7
17 10 87 9 24 61 63 39 98 31 86 28 58 7 89 41 31 26 83 45
28 8 81 62 46 1 17 84 49 70 40 83 89 11 68 1 13 97 86 38
41 51 59 26 83 46 96 1 71 21 96 44 80 97 23 48 52 58 52 8
74 11 91 52 24 20 72 11 62 21 12 86 77 16 39 52 27 54 35 44
45 90 74 50 63 71 72 22 69 99 41 90 15 33 79 80 48 41 33 46
22 96 2 20 75 41 52 34 69 38 29 46 93 77 61 28 2 61 72 19
9 58 82 36 96 80 78 16 39 42 33 36 23 85 9 23 80 1 76 62
37 61 57 37 21 83 72 69 32 59 94 52 19 51 26 53 25 3 6 34
20 23 99 56 55 56 74 60 97 22 45 77 90 31 67 63 13 78 99 73
32 95 77 62 77 76 93 72 70 1 77 25 55 15 23 27 34 12 47 35
48 70 49 6 99 39 96 6 97 82 41 94 32 98 49 31 25 12 4 94
12 65 57 75 63 10 93 81 99 97 61 36 28 9 40 57 64 24 29 21
15 46 63 87 79 94 7 59 56 8 61 54 78 32 27 58 63 31 69 61
12 30 51 70 51 85 38 18 50 90 51 84 64 38 29 40 22 17 82 20
79 5 74 37 84 26 49 84 14 65 78 98 32 9 40 59 3 61 37 44
94 21 96 74 12 99 20 11 60 54 47 14 23 42 11 48 42 60 37 30
13 69 85 59 51 42 27 53 91 78 4 67 7 86 21 71 4 81 53 74
17 4 35 87 3 43 54 89 39 96 58 8 66 4 94 96 56 72 45 82
69 40 72 69 99 54 71 62 35 72 45 71 56 99 91 15 58 11 31 88
97 20 59 69 61 74 28 55 83 68 7 43 63 81 70 24 21 4 9 75
78 56 90 68 46 46 96 33 28 48 36 95 14 27 15 66 67 28 37 15
20 97 42 13 51 68 63 96 45 64 27 97 61 54 99 92 73 63 97 15
49 26 94 72 79 12 93 32 63 94 62 21 58 99 57 53 61 20 23 7
12 98 53 81 64 31 7 85 25 65 85 49 12 92 11 35 52 45 28 40
45 74 69 14 58 71 74 19 87 75 78 1 10 24 1 55 63 38 2 25
96 86 86 75 15 79 54 61 38 84 70 70 7 97 63 4 89 3 11 54
5 30 77 61 94 9 83 34 56 54 8 66 14 54 67 82 43 7 14 8
1 74 63 4 89 38 96 8 17 29 23 64 55 93 80 61 64 46 24 11
98 7 67 85 41 50 70 28 89 23 76 79 36 94 86 31 75 3 51 91
14 38 60 10 82 89 68 71 85 66 36 99 95 54 95 2 20 61 8 24
71 86 80 26 90 49 20 74 29 88 74 38 25 45 85 32 34 76 89 76
83 2 72 56 88 52 89 32 83 96 76 71 2 13 12 84 30 5 76 96
36 57 24 47 4 89 19 17 24 22 53 74 21 65 88 90 22 18 81 16
35 58 39 17 9 79 6 49 12 41 56 59 61 62 79 43 29 75 47 27
6 18 95 36 37 62 83 18 8 15 95 81 25 23 94 15 20 98 59 71
11 37 16 81 45 81 9 32 55 49 47 32 18 11 28 55 52 55 43 86
5 28 96 7 30 18 71 69 98 67 62 57 14 96 31 24 39 4 5 44
66 95 41 73 82 75 22 61 78 50 70 71 4 3 35 40 76 97 17 53
88 79 23 3 82 48 25 79 96 77 55 83 95 78 25 21 24 27 72 53
22 94 46 34 54 82 53 83 85 87 7 52 48 62 17 18 49 38 88 55
29 6 62 7 8 51 89 87 18 77 12 29 6 53 81 22 34 54 16 82
54 74 76 18 43 76 87 80 67 75 97 59 21 46 98 72 42 51 53 35
20 14 88 55 52 94 78 87 45 49 72 46 14 29 84 9 73 50 79 99
92 63 46 5 38 41 49 41 44 66 77 28 12 42 21 33 7 61 45 85
79 60 23 32 17 69 26 36 37 35 29 42 93 56 93 68 51 93 98 57
34 43 6 99 75 69 5 62 35 62 59 20 94 76 12 84 68 2 49 98
40 82 53 39 66 30 9 82 84 8 93 95 66 94 69 46 68 99 81 29
4 71 86 29 68 1 56 75 52 39 16 68 2 35 74 94 47 16 48 63
# P_hat : m1 | m2 | m3 | m4 | m5 | m6 | m7 | m8 | m9 | m10 | m11 | m12 | m13 | m14 | m15 | m16 | m17 | m18 | m19 | m20
20.70 24.00 22.80 13.80 2.10 19.20 6.00 5.10 2.40 8.70 14.40 16.50 3.60 9.30 5.10 20.70 23.40 17.40 17.10 25.80
15.30 27.00 7.20 27.30 12.60 15.90 9.90 15.00 7.20 25.50 22.50 4.50 21.30 24.90 19.50 0.90 18.90 14.10 27.30 6.00
2.70 14.70 23.40 22.20 9.60 7.20 21.00 13.50 17.40 21.30 14.70 10.20 25.80 0.90 15.00 22.80 12.00 11.70 5.70 14.70
4.80 17.70 5.10 5.70 14.10 21.90 18.60 3.30 8.10 4.80 27.60 29.70 11.40 22.50 9.90 23.10 12.00 19.50 29.10 14.70
4.20 7.20 3.00 10.20 26.10 6.60 5.70 3.60 29.10 25.20 19.80 5.70 10.20 13.80 25.80 9.90 28.80 29.70 3.30 7.20
15.90 7.50 17.70 15.30 21.90 4.20 26.70 16.20 13.80 25.20 27.30 24.60 15.90 19.20 29.10 5.10 2.10 4.20 18.00 13.80
6.60 5.10 23.10 3.90 3.90 25.20 24.90 17.70 15.00 7.80 12.90 29.40 16.50 20.10 6.60 22.20 24.90 17.10 24.90 5.40
24.30 18.90 10.20 16.20 10.80 24.60 27.30 20.70 24.90 1.80 29.10 9.90 27.60 6.00 2.10 16.80 10.80 21.60 14.70 22.20
15.00 3.00 21.00 6.90 4.20 2.10 21.30 4.50 4.50 12.00 20.10 0.60 29.40 3.30 22.80 17.40 9.60 1.20 7.20 1.80
13.80 3.90 10.20 14.70 20.70 21.60 18.60 3.30 28.80 17.40 18.30 23.40 27.30 5.40 25.50 6.00 15.90 21.00 25.20 14.70
16.20 21.00 11.10 2.70 28.20 27.00 5.10 16.20 0.90 6.90 15.90 14.70 13.80 13.20 27.60 29.10 27.90 3.60 2.40 18.60
2.10 12.90 11.70 2.40 24.00 23.70 5.40 1.80 12.90 20.40 6.30 2.70 24.90 4.20 10.50 15.30 22.80 8.70 29.10 12.90
9.00 13.80 28.20 1.80 26.70 2.40 5.40 18.00 5.40 9.90 2.10 25.50 9.60 3.00 24.90 21.60 9.90 16.20 21.90 23.40
16.50 19.50 29.40 11.70 3.90 15.00 0.90 10.50 21.00 13.80 21.90 19.80 7.80 1.50 29.10 12.30 9.30 0.90 17.40 21.60
24.90 18.00 16.80 27.90 11.40 17.40 16.20 10.50 24.60 4.20 20.70 21.30 14.10 1.80 3.00 6.30 3.00 17.10 11.40 2.70
8.70 0.90 3.30 13.50 4.80 8.10 6.30 28.20 26.70 23.70 23.10 4.50 7.20 17.40 5.40 22.50 11.10 3.00 26.40 9.90
15.30 8.70 29.40 19.80 11.70 0.60 14.10 15.60 4.80 12.90 10.80 10.50 21.90 1.50 24.00 24.90 6.30 4.50 17.10 28.20
25.20 9.30 9.00 22.50 12.90 22.20 18.60 10.80 0.30 18.30 28.50 1.80 24.00 7.50 2.40 27.30 11.70 4.50 11.10 7.50
7.20 18.30 1.80 14.70 22.80 10.50 3.30 18.90 22.50 23.10 14.70 22.80 26.10 18.90 13.50 14.70 3.30 7.20 2.10 13.20
12.90 25.50 14.40 2.40 0.60 3.30 14.10 27.90 21.30 23.40 23.40 26.40 27.30 14.40 16.50 10.50 7.20 23.10 25.50 0.60
20.40 28.20 0.60 22.50 22.80 15.90 14.40 15.60 10.20 18.90 10.20 13.80 11.40 13.80 26.70 27.60 10.80 1.80 14.10 19.20
28.80 20.10 6.30 4.80 19.50 28.80 10.50 10.80 6.00 7.50 21.60 12.00 23.70 8.70 7.50 20.40 19.80 9.00 26.40 11.70
25.80 16.50 22.20 17.70 26.70 19.20 21.60 3.60 24.60 13.80 22.50 12.30 29.70 25.20 23.40 15.90 4.50 6.00 5.70 9.60
27.60 8.40 9.30 21.30 4.50 9.30 5.70 0.60 15.30 16.50 23.10 17.40 6.30 17.10 21.30 25.80 2.40 6.90 23.10 1.50
21.00 19.50 13.50 0.30 4.50 2.10 6.00 11.40 6.90 4.50 4.20 6.00 7.80 18.00 12.30 0.60 0.60 13.80 20.70 4.20
15.60 27.90 28.50 11.10 10.20 24.60 20.10 23.10 24.60 19.80 9.60 24.60 18.90 5.40 3.60 3.00 2.10 3.30 23.40 1.50
13.50 12.30 27.60 23.40 1.80 28.50 7.20 27.90 17.40 15.60 3.30 13.80 19.50 25.50 22.20 15.30 11.70 20.40 16.80 25.50
1.80 4.80 19.50 25.80 27.30 6.90 3.60 28.20 15.60 27.90 10.80 14.70 7.20 11.40 28.20 18.60 8.10 23.10 15.30 22.50
25.20 24.30 9.00 3.60 18.00 6.60 11.10 21.00 24.30 22.50 2.70 20.70 2.40 15.90 6.60 26.40 22.50 0.90 17.10 19.20
22.80 12.60 11.70 1.80 27.60 28.50 27.90 27.60 5.40 27.00 20.40 29.70 13.20 9.00 15.30 11.10 15.30 3.90 20.40 16.80
7.80 17.70 4.80 27.30 23.70 14.10 15.60 1.20 9.90 25.50 18.90 7.50 24.30 27.30 28.50 24.00 6.30 4.80 2.70 29.10
10.50 21.30 18.00 20.40 6.90 27.60 18.00 16.20 2.70 4.20 16.50 21.90 2.10 0.60 2.70 12.60 28.80 4.20 21.00 3.60
15.00 26.10 18.00 15.00 10.20 10.20 25.80 20.70 29.70 23.70 15.60 0.60 26.10 28.50 0.60 21.00 1.50 0.90 16.80 18.90
26.10 20.70 1.50 18.30 8.10 6.30 1.50 24.30 6.90 3.90 9.00 27.90 6.00 9.90 21.00 23.40 27.00 10.80 19.20 11.40
16.50 24.00 7.50 3.00 29.10 3.60 12.30 18.30 25.20 25.20 27.00 15.60 15.30 16.50 23.10 2.70 21.30 0.30 25.20 18.60
16.50 3.00 28.50 28.20 27.00 14.70 21.00 22.50 1.50 11.70 3.00 17.10 17.70 23.40 12.30 27.30 1.80 16.50 10.80 26.70
26.10 24.00 5.40 0.30 5.10 11.10 2.40 21.30 7.80 27.30 24.00 21.00 23.70 17.40 14.70 18.00 28.50 5.10 8.40 9.60
21.60 4.50 4.80 10.50 5.10 7.20 16.80 15.30 1.50 18.60 28.80 6.60 1.80 3.00 14.10 3.90 27.90 6.30 14.40 19.80
18.90 17.10 19.80 0.90 12.90 17.40 29.70 17.40 4.50 9.90 23.70 22.80 15.30 18.60 5.40 16.50 16.80 24.60 9.60 18.60
12.90 2.70 29.10 0.30 21.30 29.10 4.20 18.90 17.70 8.40 5.40 27.30 21.60 26.40 3.00 25.20 17.40 1.80 16.50 16.20
11.10 25.80 6.60 19.50 3.30 22.50 14.10 11.10 24.30 7.80 6.30 0.90 2.10 25.80 21.00 1.20 24.00 24.00 14.70 22.80
23.10 6.60 20.70 5.10 14.10 5.40 8.70 27.90 18.90 17.40 15.60 23.10 16.80 24.90 3.00 24.90 24.90 15.30 14.10 25.20
1.50 21.00 7.50 21.90 9.60 9.60 18.30 3.60 20.10 18.30 0.30 14.40 29.70 27.30 24.30 18.90 12.60 10.20 0.30 1.50
7.80 4.50 3.30 3.60 16.20 21.00 17.10 14.40 11.10 11.40 6.90 29.40 19.20 14.70 12.00 19.50 12.30 3.30 3.30 17.70
20.40 9.60 7.20 24.00 0.30 12.30 24.90 15.00 15.90 6.60 22.50 0.90 25.80 2.40 13.80 25.80 19.80 18.30 4.50 8.10
17.40 2.10 25.20 16.80 15.00 6.00 8.10 27.30 26.10 3.00 17.70 6.00 22.80 5.40 2.70 19.20 15.60 18.30 1.50 18.60
20.70 9.00 6.90 4.50 6.00 8.70 6.30 15.90 15.30 3.30 3.30 23.10 26.70 7.50 7.80 15.30 7.80 19.80 2.10 22.20
23.70 27.60 3.30 18.00 12.90 23.70 22.20 11.40 21.00 24.90 16.50 5.40 9.30 9.00 4.20 28.50 10.80 4.50 18.90 6.00
14.70 23.10 1.50 26.40 0.30 29.10 8.10 6.90 15.60 28.50 27.90 15.00 21.00 12.00 15.30 22.50 2.40 21.90 14.10 21.00
12.00 0.30 6.30 1.80 6.90 19.80 22.80 18.60 24.60 15.30 24.90 5.40 6.60 15.90 0.30 28.50 11.70 2.70 4.50 24.30
2.70 7.80 28.50 3.90 3.90 10.80 24.60 16.20 18.30 12.30 29.70 12.00 19.80 7.20 8.70 13.20 13.80 27.30 2.10 8.10
9.00 11.70 19.20 24.90 12.90 15.60 29.70 24.90 1.50 3.90 18.30 16.50 21.90 26.40 18.30 21.90 12.30 3.90 28.50 21.60
25.80 24.00 13.80 23.70 28.50 18.00 28.20 21.90 27.00 21.00 12.90 17.40 8.40 1.80 15.60 15.90 16.80 17.10 3.60 12.60
2.70 17.40 14.40 13.50 2.10 12.30 8.70 6.90 14.40 9.60 6.90 15.30 8.40 28.50 8.10 1.50 25.80 29.70 21.30 17.40
12.30 26.40 4.50 20.10 22.80 1.80 7.50 9.30 21.60 0.90 14.40 18.60 21.00 9.90 21.90 0.60 18.30 27.60 7.80 4.50
3.60 5.70 13.20 24.00 2.70 21.00 29.10 15.00 24.00 15.30 25.80 29.70 4.80 19.20 12.00 16.80 22.80 16.80 5.70 15.90
17.70 21.30 15.60 28.80 0.60 22.50 14.40 10.20 6.60 27.00 29.10 5.40 18.00 8.40 29.10 22.50 18.30 4.80 22.20 25.50
22.50 8.70 12.00 3.00 23.70 27.60 7.80 20.40 17.40 10.50 8.70 10.20 18.30 27.60 9.60 18.90 28.50 0.30 23.40 25.20
9.60 12.60 28.20 19.80 4.80 7.20 24.00 28.20 10.50 5.40 26.10 17.40 12.30 14.40 4.50 12.90 2.40 15.90 27.90 26.70
9.90 28.80 10.20 15.00 7.50 23.40 9.90 12.90 17.40 24.30 0.90 15.90 21.90 18.00 25.20 16.50 21.30 3.30 20.10 18.00
23.10 5.10 1.50 9.00 20.40 12.00 3.00 12.30 19.80 6.60 25.50 17.70 15.60 1.20 19.50 29.10 29.10 19.80 15.00 8.70
13.50 25.20 1.80 29.10 8.10 26.70 25.50 10.20 17.70 18.00 1.50 3.90 2.40 15.60 7.80 4.50 27.00 10.80 0.30 12.30
29.70 1.80 9.00 24.30 18.00 6.60 7.80 18.30 10.80 17.40 5.70 15.00 14.10 21.00 25.80 26.10 27.90 17.40 4.20 19.80
18.30 14.40 21.90 25.50 29.10 24.30 26.70 13.50 24.60 15.90 4.50 20.40 1.20 9.60 22.50 5.70 22.80 27.90 13.50 10.50
12.60 5.40 20.70 12.60 2.70 28.20 10.20 26.10 29.70 22.50 4.20 8.40 10.80 12.60 10.80 13.80 22.20 28.80 20.70 17.10
20.70 13.80 27.90 11.40 7.80 19.20 2.70 18.90 7.50 14.10 19.50 27.90 15.90 3.30 25.20 27.90 0.30 1.80 17.10 13.80
8.10 21.60 18.30 19.50 21.30 8.40 9.00 16.80 17.10 12.60 6.00 7.20 20.70 19.20 21.60 27.30 14.70 22.50 22.50 19.80
5.70 16.20 14.70 3.60 20.40 15.30 29.70 14.40 6.90 29.40 8.10 21.00 26.10 2.40 6.30 29.40 2.40 0.90 7.20 7.20
6.60 24.30 20.40 10.20 29.70 8.10 5.70 3.90 11.10 7.20 15.90 17.10 22.80 6.90 12.90 4.50 24.30 17.70 21.30 2.70
0.90 29.10 24.90 14.40 16.50 15.30 7.50 17.40 6.30 17.40 26.10 9.60 2.10 12.60 9.30 25.80 1.20 12.60 18.00 4.20
18.30 10.80 12.00 8.40 5.70 21.90 16.50 15.00 13.20 23.10 13.80 1.80 24.30 7.20 22.80 9.30 22.80 8.40 13.80 3.60
10.50 7.20 9.60 20.70 9.60 3.00 21.90 11.40 3.00 18.60 25.80 27.30 15.60 16.80 15.00 12.90 18.00 20.10 5.40 12.00
22.80 16.50 6.30 13.20 27.60 8.40 16.80 15.30 20.40 11.40 0.30 2.70 27.90 19.20 5.10 7.20 24.60 15.90 7.80 9.60
18.30 21.00 14.70 18.00 16.80 28.50 9.60 26.40 6.30 9.60 9.00 17.40 7.80 23.10 15.90 6.00 15.90 12.00 4.50 25.50
12.30 8.40 26.10 28.50 18.30 15.00 22.50 9.00 27.30 4.50 0.90 10.20 13.50 14.10 26.10 22.50 22.20 6.00 28.50 4.20
14.70 14.10 6.30 18.00 20.40 19.80 18.90 24.90 11.40 20.10 24.90 1.20 27.60 23.40 27.30 19.80 10.20 17.40 21.00 3.30
11.10 25.80 23.40 4.80 8.40 25.80 12.60 28.50 2.70 21.30 25.20 11.10 12.30 10.50 9.00 26.40 26.40 13.20 10.20 20.70
28.50 3.30 24.30 7.20 27.90 18.60 15.60 18.60 3.30 17.40 10.80 13.80 25.80 26.40 0.30 22.20 3.30 2.70 16.50 20.10
4.50 4.20 27.60 2.40 12.90 12.90 6.90 24.60 21.90 12.00 3.60 17.40 16.20 5.10 27.60 21.00 3.90 28.50 21.30 13.20
8.70 26.10 28.80 16.20 15.90 9.60 10.50 9.90 19.80 3.30 17.10 26.10 18.90 14.70 2.10 20.40 14.40 21.00 16.20 8.10
17.70 8.10 24.30 19.80 10.20 16.50 23.10 4.50 25.80 12.60 18.90 1.50 4.80 23.70 1.50 2.10 9.90 14.70 3.00 25.80
19.20 15.30 8.10 26.10 4.80 27.90 28.20 27.30 9.30 19.50 23.40 14.70 10.80 20.10 8.40 9.60 24.60 24.00 7.50 3.90
14.10 19.20 9.00 26.40 16.50 20.70 26.70 9.00 6.30 23.10 21.00 2.70 3.60 18.90 26.40 27.30 4.50 24.90 13.50 22.20
1.50 12.30 10.80 6.00 25.50 13.20 4.50 20.40 6.60 3.30 29.10 14.70 3.60 21.90 7.50 15.60 0.30 8.70 18.90 9.60
6.00 9.90 12.00 4.20 0.60 28.20 2.70 0.90 18.00 6.30 12.30 3.60 28.80 23.40 15.60 17.10 11.40 21.30 5.10 15.00
15.90 13.50 11.70 14.10 22.50 9.00 11.40 23.70 14.40 9.90 10.50 6.00 17.10 9.30 22.80 16.80 0.30 11.70 9.30 5.10
17.70 16.20 21.30 18.90 5.40 26.40 25.80 11.40 6.60 14.40 19.20 9.30 10.20 27.30 19.80 10.80 9.90 20.70 12.90 6.60
9.60 19.20 2.40 27.30 24.30 15.90 6.90 28.80 9.30 6.60 29.10 8.10 3.30 22.50 7.80 21.90 8.70 3.30 21.90 22.80
23.10 5.40 26.70 11.10 6.90 23.10 17.10 29.70 9.60 8.10 25.80 14.10 14.10 6.90 15.30 24.00 16.80 9.60 13.50 19.20
26.10 17.40 18.30 19.80 10.20 22.80 10.80 2.40 27.00 24.90 12.60 25.20 14.70 15.30 16.20 7.20 16.80 29.40 1.50 25.80
14.70 12.30 2.10 12.30 7.80 17.70 18.90 1.20 27.90 18.90 27.90 8.70 23.70 1.80 2.10 21.30 7.20 24.90 1.20 25.20
8.10 15.90 18.30 8.10 23.40 16.50 20.10 26.40 18.00 13.50 7.20 8.10 22.50 7.50 8.40 6.00 11.40 0.30 21.30 18.30
17.10 2.10 16.50 18.00 29.70 24.60 29.40 10.50 15.90 27.30 29.70 24.60 19.50 3.90 7.50 26.70 11.10 27.60 5.70 6.90
27.00 26.40 4.50 6.90 15.00 15.60 22.50 21.60 26.10 6.00 17.10 9.60 18.60 6.30 3.00 1.80 6.30 23.40 15.00 6.90
4.20 12.60 25.80 17.10 19.20 11.40 8.70 1.20 27.90 7.20 21.90 15.00 27.60 21.90 24.60 27.90 20.70 9.00 16.20 1.20
9.00 7.20 12.60 5.10 23.10 4.50 18.60 16.80 21.90 21.90 15.00 18.90 10.20 18.90 28.50 0.90 13.20 26.10 8.10 25.80
27.90 23.70 27.90 25.50 25.20 23.10 18.60 2.40 6.60 27.30 23.70 13.20 6.30 5.70 16.20 27.60 23.10 27.00 10.50 19.50
18.90 28.20 16.80 3.90 6.90 13.20 23.10 18.00 20.40 9.90 21.90 12.00 12.90 19.20 19.50 28.50 4.50 8.70 21.00 23.10
24.30 15.00 19.50 11.10 21.30 28.50 9.00 18.60 8.40 0.60 18.30 24.30 23.10 24.60 13.20 19.50 22.50 11.10 0.90 12.90
24.60 26.10 28.20 17.40 20.40 5.40 9.60 5.40 12.90 8.40 9.00 22.80 27.60 1.50 11.70 7.20 6.30 7.80 12.30 24.30
23.40 17.40 27.30 5.10 20.70 21.90 21.30 20.70 17.40 1.20 14.40 22.80 24.60 28.20 12.30 13.50 12.30 22.50 1.50 18.30
28.50 27.00 8.10 1.50 4.20 18.60 26.10 12.00 27.00 20.10 17.10 27.90 12.00 1.80 25.80 23.70 18.30 14.10 11.70 0.90
20.40 20.40 5.70 17.70 24.90 26.70 5.10 17.70 27.00 5.40 20.10 8.70 14.70 20.70 18.00 3.60 6.00 1.80 27.00 0.30
26.40 4.50 1.80 16.80 28.20 20.10 24.90 1.20 9.30 24.30 20.40 14.10 6.00 12.00 20.70 16.50 20.70 25.20 9.00 5.70
26.40 24.00 19.20 26.40 16.20 8.10 27.60 24.60 28.80 20.70 10.20 27.90 23.40 4.50 21.00 28.20 9.90 3.00 5.40 4.80
11.70 28.80 5.70 11.10 1.80 1.80 5.40 5.40 20.40 6.60 29.10 22.20 14.10 0.30 8.70 19.20 15.90 29.10 22.50 1.20
27.90 0.30 5.70 7.80 9.30 5.10 13.20 0.30 5.70 17.40 8.70 28.20 17.40 10.50 15.30 17.70 29.40 5.40 1.50 8.40
14.10 4.50 21.30 4.80 19.50 6.30 20.40 23.40 18.00 13.50 24.90 17.40 20.40 2.10 20.40 22.80 29.70 12.30 28.50 18.30
19.50 1.80 27.00 27.90 3.90 18.90 1.80 11.40 3.00 10.80 13.20 4.20 16.20 8.40 1.80 28.80 15.00 3.30 22.50 14.10
28.20 25.20 18.30 23.70 24.00 25.20 16.20 20.70 24.30 28.20 26.70 29.70 9.60 14.10 4.20 13.80 6.90 6.30 23.10 8.10
0.30 12.60 10.50 6.90 2.40 22.20 18.90 14.40 0.30 13.80 5.70 6.90 23.10 3.60 8.10 11.70 0.30 22.20 18.00 14.40
12.00 6.30 20.70 27.00 18.90 4.20 4.20 3.90 11.70 0.90 29.70 7.80 20.10 12.30 14.40 12.90 11.40 15.00 3.30 16.20
8.40 24.30 5.40 26.10 21.00 10.20 9.60 18.00 9.60 29.10 0.30 7.50 18.60 20.40 17.10 27.60 10.50 1.20 15.30 12.00
1.50 16.80 9.00 0.60 21.00 16.80 27.00 0.60 26.40 11.40 15.60 23.70 18.90 9.90 8.10 27.90 17.40 8.10 6.30 26.70
7.20 1.50 3.00 11.10 20.70 21.30 1.80 27.30 1.20 2.40 23.40 3.30 19.20 4.50 24.30 2.10 5.40 20.40 22.80 13.80
21.30 8.10 27.60 11.10 11.70 6.00 28.20 6.00 12.00 20.40 21.60 3.90 2.40 9.00 4.80 5.70 25.80 15.30 3.00 7.50
27.90 24.00 29.40 20.10 10.80 28.20 5.10 22.20 10.80 22.80 20.70 15.00 5.40 6.90 18.00 11.40 21.60 12.00 14.40 21.90
27.00 9.90 28.20 12.60 21.90 26.40 12.00 7.50 16.20 9.00 13.50 17.40 15.00 17.40 18.30 29.40 18.60 0.30 3.60 19.50
3.90 27.00 26.70 9.30 20.70 8.70 15.90 29.10 18.30 19.80 9.90 11.10 8.70 23.40 14.40 3.00 9.30 21.90 9.30 26.10
2.40 3.90 7.50 11.40 21.60 8.10 1.80 20.40 23.40 19.80 28.80 8.40 29.40 10.80 13.80 9.00 27.60 0.30 9.60 19.50
2.40 18.30 27.90 15.60 14.70 6.30 24.00 3.00 10.80 25.50 8.40 22.20 17.70 18.00 7.20 16.20 2.10 26.40 14.40 4.50
27.00 26.10 8.10 13.50 0.30 20.70 17.70 29.10 3.90 5.70 24.90 11.70 16.80 26.70 13.50 25.50 0.60 6.30 11.10 11.10
29.10 8.10 3.60 6.60 28.80 11.40 3.90 15.00 27.60 17.10 13.50 27.00 27.00 24.60 21.90 17.40 6.00 24.30 2.70 14.70
28.20 24.00 27.30 10.20 19.50 3.90 25.20 2.10 4.20 12.00 26.40 18.30 24.00 15.60 14.40 1.50 5.40 9.60 21.00 24.60
28.50 15.90 4.80 12.90 6.00 0.30 23.10 14.70 8.10 15.00 12.90 24.90 23.10 25.50 14.40 29.40 15.30 9.00 20.70 9.60
17.70 28.80 25.50 14.70 8.40 21.60 28.80 6.60 19.50 24.00 1.20 19.80 16.80 6.30 9.30 5.40 8.40 0.90 23.10 22.50
10.80 2.70 21.00 21.00 5.40 0.60 8.70 13.20 11.10 12.90 17.70 1.50 8.40 26.70 2.10 18.00 18.30 11.10 27.30 17.10
22.20 23.40 0.30 13.80 9.90 13.80 9.30 15.60 19.50 2.40 25.80 11.10 14.40 22.50 28.50 18.90 27.60 28.20 12.90 10.50
18.90 0.30 5.70 20.70 1.80 27.90 24.30 15.60 16.20 11.10 13.20 4.50 2.10 18.60 14.40 0.90 14.40 13.20 29.40 3.60
1.80 8.70 21.30 17.70 3.00 20.70 13.80 2.40 25.20 26.40 11.70 2.40 15.60 0.60 21.90 24.90 17.40 17.40 26.70 19.80
12.60 18.00 18.30 4.20 11.70 5.40 4.50 0.30 5.40 11.40 25.20 28.20 29.10 14.40 12.30 12.90 22.20 27.90 18.60 24.00
28.80 18.30 7.50 6.00 28.50 12.60 27.00 6.00 12.60 27.30 24.90 17.40 22.50 20.70 29.40 12.00 10.20 20.40 16.50 1.20
14.10 23.70 28.50 16.80 9.90 6.90 26.10 29.10 29.40 26.10 1.50 21.00 15.00 19.50 22.80 20.70 22.50 7.50 1.80 1.80
4.50 5.40 14.10 0.30 13.50 16.20 7.20 25.20 29.70 24.90 13.80 18.60 8.40 17.70 10.80 6.90 10.80 4.20 19.50 21.00
3.60 14.40 3.30 24.30 29.40 23.40 25.80 6.90 22.20 0.90 4.50 9.00 27.00 18.90 17.40 7.20 7.50 20.10 12.30 18.60
10.80 8.70 11.70 28.50 27.60 6.30 13.20 20.10 6.60 5.10 8.70 4.20 1.80 29.40 22.20 10.20 14.70 24.90 26.10 10.80
3.60 6.60 0.90 27.00 26.70 2.10 2.40 15.60 8.40 1.80 0.30 21.90 24.00 26.70 20.70 2.10 20.10 1.20 25.20 15.30
3.60 8.70 26.70 6.00 5.70 29.70 9.30 8.40 24.60 21.00 5.70 26.70 19.80 18.00 28.20 15.90 25.50 12.90 13.20 2.70
23.10 8.40 13.50 29.40 21.90 18.90 7.80 13.50 8.70 5.10 23.70 16.20 9.90 13.20 23.70 28.20 3.00 2.10 27.30 25.80
8.40 7.80 21.60 22.50 26.70 22.50 13.50 5.70 18.30 27.30 23.40 4.20 25.80 8.40 11.40 2.70 10.20 18.60 25.80 5.40
17.40 5.70 21.60 22.50 20.40 23.40 2.70 28.20 23.70 22.80 1.80 20.40 22.20 11.40 6.60 9.30 26.10 29.40 0.30 21.00
3.30 28.50 4.80 7.80 19.80 24.90 2.10 0.30 16.20 22.50 27.30 20.40 17.40 18.60 24.60 1.50 16.50 11.70 17.70 18.00
9.00 20.70 21.60 9.00 18.90 12.60 22.80 14.70 4.80 9.00 26.10 3.60 8.40 1.50 28.20 25.80 9.90 23.10 23.10 21.90
18.00 26.10 6.60 9.30 14.10 3.60 11.70 27.90 27.90 26.40 16.20 25.50 23.70 27.00 5.40 25.80 2.10 26.10 1.20 10.50
11.40 27.30 17.10 1.50 26.40 21.90 23.70 9.90 15.30 1.80 26.70 2.70 6.90 10.20 29.70 0.30 16.50 15.00 19.50 9.00
11.10 1.20 9.30 9.90 4.20 0.90 18.30 28.20 1.20 12.00 15.30 16.20 1.20 15.90 20.70 4.50 12.30 9.60 0.30 11.70
21.60 10.20 4.20 23.40 9.60 21.00 29.10 25.20 22.50 28.80 17.70 7.20 22.20 12.30 13.50 3.00 20.70 28.80 6.00 27.90
23.10 14.10 12.60 27.30 15.90 5.70 13.80 1.20 6.90 10.80 9.00 17.70 12.90 0.60 7.80 23.70 20.70 19.50 26.40 17.10
0.90 27.30 6.00 8.40 6.90 22.50 10.20 9.30 29.70 1.80 9.00 27.60 20.10 8.40 21.30 18.30 10.80 5.70 10.80 3.90
6.00 7.50 16.80 0.60 18.90 0.30 21.60 13.50 19.50 4.80 9.90 10.20 6.60 2.40 8.10 28.50 24.90 26.70 4.50 23.70
15.90 24.60 15.00 0.90 14.70 24.00 12.00 1.50 20.70 24.60 17.10 17.40 12.60 28.50 21.90 2.70 11.70 28.80 15.30 8.10
8.10 6.90 4.20 11.70 21.00 5.10 12.00 18.00 14.70 0.60 2.70 4.50 2.10 2.70 27.60 13.50 15.90 11.10 0.30 20.40
23.10 21.60 13.50 17.70 6.00 11.70 21.30 10.50 25.20 23.70 8.10 14.70 1.20 19.80 16.20 13.80 6.00 26.10 22.80 19.20
21.60 18.00 7.50 23.70 24.60 12.00 26.10 20.70 26.70 12.30 9.00 29.40 4.80 1.50 14.70 23.70 12.30 6.00 27.30 22.20
16.80 2.70 2.70 18.60 12.60 25.50 24.30 14.10 8.10 10.80 1.50 29.70 18.90 27.90 16.80 20.40 21.90 2.40 0.60 15.60
18.00 25.50 28.80 11.40 29.10 21.00 17.40 21.00 7.80 22.80 7.80 22.80 11.70 1.20 24.60 12.30 20.70 20.70 1.50 10.20
1.80 27.60 4.20 23.10 4.20 29.10 12.00 15.60 15.30 24.60 5.10 13.50 23.70 29.70 13.20 21.00 15.00 17.70 3.60 21.30
19.50 21.90 11.40 4.50 10.20 7.50 8.70 1.80 17.70 3.30 17.40 5.70 16.80 3.00 17.70 12.60 7.80 10.20 12.00 2.10
3.30 29.40 29.10 18.00 4.80 18.60 1.50 22.50 29.10 14.10 19.50 0.30 12.90 10.80 23.10 14.70 21.60 8.10 15.60 18.60
2.40 12.60 26.40 10.80 2.70 18.30 17.70 16.50 12.90 7.50 26.70 2.40 9.60 6.60 4.80 19.20 25.50 1.20 10.20 12.90
27.90 23.10 24.30 28.50 8.40 16.50 11.70 20.40 20.70 24.60 11.70 8.10 21.00 22.80 20.40 12.60 18.90 21.30 3.60 16.50
2.70 29.10 4.80 16.50 19.80 23.70 28.20 14.40 28.50 21.30 3.30 7.20 0.60 29.70 22.20 24.30 29.10 28.50 13.80 22.50
23.40 26.10 29.40 19.80 21.00 24.30 23.40 23.40 9.00 15.90 10.50 26.40 3.90 21.30 27.00 21.90 2.70 10.50 14.70 12.30
24.60 22.20 21.60 24.90 1.20 9.60 1.50 24.00 26.70 3.90 8.40 13.80 4.80 4.50 26.40 29.40 13.50 13.50 13.50 12.00
21.00 6.90 3.90 17.10 14.10 27.00 6.00 26.70 27.90 27.90 27.30 7.80 11.10 1.80 19.20 6.30 21.90 7.80 27.30 24.00
22.80 20.40 13.50 12.90 4.80 6.90 28.50 8.10 18.60 29.10 2.10 29.40 10.50 15.00 22.20 21.60 8.40 9.60 4.20 28.80
29.70 12.00 6.30 19.80 4.20 6.00 6.30 3.00 24.00 8.40 18.30 1.80 28.80 7.80 21.90 10.50 19.20 11.10 11.10 1.80
15.30 9.60 21.30 21.30 11.70 12.00 15.60 27.90 5.40 3.60 8.70 10.20 10.80 27.60 14.40 24.90 7.20 6.60 2.10 26.70
23.10 15.00 17.10 20.70 9.00 6.60 8.70 14.70 6.60 4.20 19.50 16.50 6.90 26.70 6.00 15.90 24.30 14.70 0.30 29.40
14.40 1.50 20.70 2.40 9.60 18.00 0.30 20.70 17.10 20.40 1.80 28.20 10.20 26.70 26.10 9.60 18.60 28.50 25.80 11.70
27.90 8.70 7.50 25.20 12.90 12.90 1.20 18.30 8.40 0.90 3.60 12.90 26.40 1.50 11.40 10.20 28.20 9.60 5.10 21.00
16.50 6.90 18.60 20.10 5.40 7.80 1.80 21.90 24.90 13.80 16.50 28.50 21.60 7.80 24.00 12.90 11.10 23.70 15.60 20.70
26.70 5.70 9.30 29.10 26.40 8.70 0.30 19.20 18.60 6.90 3.60 22.50 21.00 29.70 28.50 7.50 24.60 20.10 17.10 15.90
27.60 4.50 12.90 17.70 12.90 18.30 15.00 12.00 20.70 2.40 25.80 26.70 24.60 6.00 26.40 25.80 22.80 24.00 24.90 10.50
16.20 15.30 19.50 14.70 12.00 19.50 24.90 9.90 25.50 17.70 24.00 27.00 1.50 24.30 22.50 8.40 18.60 22.80 3.00 0.60
22.80 24.90 14.70 4.20 7.20 1.50 5.10 15.30 18.60 14.10 28.20 18.60 13.50 24.30 23.10 26.70 7.20 8.40 10.50 6.90
5.70 17.10 16.80 22.20 3.60 28.20 16.80 14.70 18.90 5.40 10.20 22.20 18.30 16.80 2.70 25.80 6.60 24.90 21.30 23.10
22.20 4.50 23.10 15.30 8.10 13.20 14.70 6.60 28.20 27.90 20.10 3.60 25.20 16.50 19.50 16.80 16.20 7.80 21.60 14.40
24.00 21.00 7.80 29.40 9.60 16.20 24.90 21.30 26.40 19.20 3.90 10.80 1.80 21.90 3.30 3.90 27.90 26.70 11.70 17.70
27.30 26.40 17.70 13.50 4.20 3.60 4.50 2.70 4.50 29.40 17.10 27.30 25.20 3.30 15.90 7.50 4.80 20.40 4.50 6.30
11.70 10.80 25.80 18.00 0.90 29.10 16.20 1.50 21.00 2.10 4.20 6.00 22.20 7.80 27.30 26.40 19.80 26.10 20.10 13.20
7.80 8.40 24.90 15.90 27.00 0.30 17.70 11.70 11.70 9.30 2.40 8.70 16.20 23.10 2.40 3.90 11.10 7.20 8.40 20.40
3.30 7.50 14.10 9.30 28.80 1.50 6.00 15.90 8.40 2.40 21.30 19.80 3.30 9.30 16.20 14.40 26.40 8.40 16.80 24.00
18.30 3.60 0.90 24.30 9.30 7.80 23.70 11.40 22.20 12.90 7.80 8.10 5.70 24.60 10.50 6.30 4.50 9.60 4.80 16.80
25.50 19.20 18.60 6.30 25.80 24.90 21.90 19.20 21.00 24.30 9.90 23.10 14.10 11.70 21.00 27.00 23.70 21.60 5.70 29.70
15.60 9.90 10.20 13.80 19.50 7.80 15.90 12.60 17.10 11.70 13.50 18.30 15.90 18.30 27.30 6.60 3.30 7.20 6.30 15.00
6.00 6.00 15.90 16.20 17.10 9.60 1.50 9.90 8.40 27.90 4.20 11.10 29.10 27.00 16.50 3.90 7.80 4.20 1.20 0.90
19.50 3.90 26.70 4.80 14.10 5.70 15.00 28.80 7.80 14.70 20.10 4.50 25.80 26.10 11.10 5.40 19.80 15.30 29.10 4.50
8.40 5.40 25.80 9.00 24.00 22.80 15.00 28.50 25.20 3.30 15.30 15.60 2.10 14.40 21.30 20.70 12.90 1.50 15.90 13.80
16.50 19.80 11.40 20.70 8.70 27.90 3.00 26.70 0.90 14.70 21.00 16.20 9.60 26.70 7.80 25.20 3.90 10.20 16.20 13.80
3.60 15.30 21.30 13.50 16.20 7.50 8.40 29.40 14.10 11.10 0.90 11.10 29.10 12.30 14.70 19.20 6.60 28.80 2.10 2.70
16.20 24.90 4.80 29.10 29.10 17.70 2.40 18.60 25.80 20.70 19.20 0.30 1.80 27.30 19.20 8.70 6.00 5.10 10.80 13.80
15.00 23.40 0.90 2.10 1.20 6.00 14.70 18.90 24.60 18.60 14.70 21.90 4.50 13.50 23.40 19.80 8.70 19.20 26.70 21.00
27.60 14.40 24.90 11.10 22.20 2.70 26.70 9.30 6.00 26.10 29.10 6.60 4.50 5.70 21.90 11.40 12.60 3.90 11.70 15.00
11.40 16.80 11.10 9.00 27.60 18.60 27.00 5.40 7.80 6.90 12.60 26.70 24.00 18.60 24.00 9.90 29.70 20.70 27.60 23.70
10.50 0.60 24.30 11.70 24.00 21.00 5.40 11.10 18.60 9.90 9.60 16.50 24.00 3.30 25.80 27.30 8.70 8.10 23.70 24.60
8.70 27.60 27.90 24.90 9.30 2.10 27.30 8.10 12.00 8.10 22.50 9.30 15.30 1.20 8.70 9.90 22.20 29.70 10.50 1.50
12.00 13.80 24.30 19.80 16.20 24.90 15.90 21.60 24.00 19.80 4.80 26.40 17.70 12.00 4.80 15.00 1.20 26.70 24.00 21.30
18.60 0.30 7.80 16.50 4.20 5.40 7.20 22.20 0.60 1.80 27.30 6.00 17.40 24.30 15.60 24.90 28.80 29.70 20.40 13.80
4.50 4.20 25.20 29.70 18.30 6.60 6.90 11.70 4.80 21.00 1.50 10.80 2.10 15.90 6.30 8.40 14.40 7.80 28.20 13.20
6.30 1.20 23.10 13.80 9.90 27.60 10.20 28.20 1.20 7.50 26.70 25.50 5.40 15.30 26.10 9.00 15.60 5.40 10.20 20.40
26.40 16.80 15.00 25.50 12.90 26.10 21.60 9.90 11.40 22.80 3.90 8.10 4.20 6.00 25.50 8.40 3.00 3.90 21.00 10.20
20.70 18.90 3.30 24.00 20.40 20.70 1.20 20.40 24.00 14.10 20.10 29.40 15.00 17.70 2.40 28.80 1.20 2.10 15.90 26.70
5.10 7.80 21.60 8.40 5.10 26.70 7.80 12.90 29.70 21.30 7.20 16.80 11.40 29.70 4.80 26.40 15.60 6.90 19.50 22.80
9.90 25.50 2.70 20.10 28.20 22.50 6.90 11.40 16.50 6.00 22.20 6.00 29.70 22.50 23.10 19.80 1.20 15.60 15.00 24.30
6.60 20.70 8.40 19.80 11.40 26.10 22.80 26.70 29.10 10.20 21.90 22.50 15.90 10.80 14.40 3.30 23.40 12.30 0.30 13.20
5.10 28.80 20.70 27.30 8.40 25.20 10.20 20.40 10.80 10.20 8.40 5.40 20.10 19.20 28.80 11.10 5.40 10.20 6.60 23.10
24.00 21.60 15.00 6.30 3.30 28.50 25.80 5.40 28.80 16.20 19.20 11.40 9.30 10.80 28.20 11.10 14.40 1.20 3.00 15.30
27.90 25.20 20.70 25.20 22.20 16.80 9.60 26.70 9.00 21.30 13.20 4.20 28.50 20.10 27.30 0.30 1.80 16.80 1.80 9.60
13.20 0.90 23.70 25.20 6.90 3.00 18.00 14.70 1.20 18.30 8.70 2.10 12.90 25.80 13.20 12.00 10.50 26.70 12.60 4.20
5.10 13.80 2.10 28.80 24.60 3.00 28.50 0.60 15.90 6.60 1.80 25.80 0.60 8.10 15.00 3.90 16.80 2.40 29.40 22.50
19.20 20.70 6.00 7.80 21.90 8.40 5.70 19.20 13.50 20.40 29.10 14.10 12.60 9.00 0.30 20.10 0.90 26.10 4.20 14.10
3.30 24.30 24.00 17.40 14.70 14.40 9.60 3.90 15.00 2.10 21.90 19.80 8.10 17.70 5.10 13.80 5.10 18.90 11.10 26.70
2.40 21.00 5.40 24.30 22.20 7.20 11.10 12.60 1.50 21.00 23.70 10.80 3.30 24.60 4.80 20.70 13.50 28.80 1.80 2.10
6.90 4.80 17.70 7.80 21.30 2.10 29.40 11.70 2.10 21.90 9.90 6.90 24.00 13.80 26.40 0.30 5.40 13.20 21.30 25.50
28.20 28.80 10.20 29.70 2.70 26.70 21.60 23.40 6.90 16.50 19.80 20.70 9.60 7.50 24.00 26.10 15.30 18.90 15.30 8.40
23.40 3.30 10.20 4.20 14.10 26.70 23.10 2.40 15.30 3.00 25.80 21.30 2.10 22.50 7.50 25.20 26.40 20.40 15.90 27.00
27.90 16.80 23.10 24.60 14.70 19.50 4.20 22.50 13.80 28.20 5.10 27.60 2.10 5.10 10.80 2.70 2.40 8.70 16.20 21.60
15.00 0.30 3.60 27.30 2.70 7.80 11.70 6.30 23.40 9.90 16.20 14.40 2.40 24.30 29.10 24.90 20.10 27.30 6.30 15.30
22.20 10.20 13.20 13.20 16.80 7.50 5.70 22.20 25.50 21.60 5.40 19.50 5.70 27.60 18.90 9.90 12.90 19.20 3.90 8.70
25.80 4.20 17.10 25.20 0.90 14.10 14.10 4.50 15.60 3.60 13.20 17.40 10.50 23.40 11.70 23.40 25.50 15.90 29.10 1.50
25.50 19.50 11.10 8.10 12.00 29.70 15.00 17.10 11.40 20.10 7.50 14.40 29.70 21.60 14.40 15.90 3.60 13.80 14.10 21.90
22.20 4.80 21.00 16.20 24.00 22.50 12.00 20.10 12.60 4.80 28.80 15.30 27.60 22.80 15.30 2.40 9.00 15.00 26.70 23.10
8.40 7.20 19.20 25.50 0.90 9.30 28.50 9.00 17.70 27.90 28.50 5.40 5.70 3.60 5.40 1.80 22.80 21.30 16.50 13.20
1.20 2.40 11.70 0.90 14.70 24.90 0.90 19.20 12.90 18.90 8.40 11.10 12.30 6.60 16.20 9.30 12.60 0.30 27.60 12.30
3.00 9.00 2.40 15.60 3.90 10.20 4.20 3.60 10.80 19.20 28.80 18.60 29.10 4.80 24.30 9.60 13.20 3.60 0.90 21.90
11.10 27.60 5.40 22.20 25.50 20.40 4.20 17.40 27.60 2.10 7.80 16.80 7.80 10.20 22.50 4.50 21.30 15.30 22.50 15.00
28.50 9.30 24.00 9.60 19.50 5.70 18.90 2.10 19.20 11.70 4.20 16.80 24.00 23.70 20.70 24.00 3.00 0.30 4.50 24.90
17.10 27.60 20.70 13.80 27.00 22.20 18.00 22.50 18.90 16.80 21.90 15.90 2.70 23.70 11.40 12.60 2.70 7.20 1.50 7.50
4.20 16.20 2.40 15.90 6.60 18.00 5.70 9.30 15.90 3.00 19.80 10.50 6.30 3.30 21.90 6.00 27.90 28.50 27.60 15.60
24.00 27.00 6.60 12.30 10.50 27.30 20.10 15.90 10.50 29.40 18.00 7.50 26.70 0.30 19.20 2.10 24.00 13.80 19.80 14.10
25.20 10.20 24.30 9.60 21.60 25.20 21.90 29.70 1.20 17.70 21.60 16.20 29.70 13.50 6.60 19.50 21.00 20.40 18.60 13.50
13.50 13.20 21.30 15.90 0.90 28.50 2.70 22.80 21.00 4.20 23.70 20.40 26.40 29.10 6.00 23.10 5.70 12.30 15.30 21.60
21.90 18.00 12.90 15.60 20.70 16.80 16.80 23.10 25.50 22.80 26.40 20.10 10.50 15.90 19.80 11.10 7.50 21.90 29.40 6.60
29.10 0.90 4.20 20.70 29.40 9.00 8.10 7.80 25.80 6.90 28.80 17.40 26.40 24.30 12.60 20.40 12.00 28.80 21.90 15.60
20.40 22.50 18.90 8.40 9.60 3.30 21.00 27.90 19.80 25.80 11.10 29.70 4.50 12.00 22.50 8.40 28.20 7.50 16.50 25.50
20.40 9.90 24.90 10.80 24.30 8.10 1.50 22.80 22.20 26.40 12.30 21.60 27.30 25.80 2.70 15.90 12.60 9.00 24.30 22.20
24.30 10.20 25.80 17.10 8.40 29.70 1.50 17.40 28.20 29.10 25.20 11.40 8.40 0.90 8.70 8.10 16.50 21.60 3.90 27.60
21.90 0.60 23.70 6.60 4.20 29.70 12.00 17.70 4.80 27.60 11.10 3.00 20.40 22.80 10.80 3.60 19.20 0.60 0.30 4.80
4.80 25.20 28.20 3.00 22.80 19.50 8.70 28.50 6.30 10.20 5.70 28.80 4.80 2.70 8.10 22.80 3.30 13.50 20.10 4.20
2.40 6.00 0.90 14.40 16.20 27.90 28.20 2.10 27.60 15.90 5.70 3.60 3.30 10.80 19.20 1.20 18.00 6.00 1.20 4.80
8.70 15.60 18.90 20.10 17.70 9.00 6.60 4.20 15.60 15.90 11.70 5.40 29.10 5.70 28.20 20.70 1.80 27.30 25.20 9.60
21.60 21.00 9.00 20.40 16.50 21.90 12.30 15.60 11.40 2.70 14.40 13.50 24.60 18.90 19.50 27.30 29.10 29.70 10.50 18.90
10.20 22.20 4.50 1.50 11.10 4.50 27.30 1.20 19.20 7.80 27.00 20.10 27.60 6.60 19.20 20.40 9.90 15.90 5.10 24.60
4.20 2.70 2.40 19.50 13.20 10.20 6.30 3.90 4.50 18.00 26.70 16.20 8.70 21.00 1.20 0.30 22.20 2.70 23.70 16.80
13.20 2.40 17.10 10.20 6.90 24.90 29.70 1.80 3.30 5.40 27.60 24.00 7.50 23.40 21.00 9.30 8.10 21.60 1.50 12.30
24.30 3.90 27.90 14.10 1.50 17.10 18.90 10.80 15.00 6.90 5.40 6.60 7.80 26.10 14.40 25.80 24.00 1.50 24.60 25.80
7.80 5.70 11.10 17.10 17.10 12.90 20.70 5.70 25.20 13.20 10.50 9.00 16.80 26.10 8.10 19.20 27.30 19.20 0.90 1.50
11.40 9.30 7.80 13.20 28.80 10.80 2.10 3.60 25.20 16.20 26.40 6.90 28.80 9.90 16.20 29.70 5.40 3.60 15.90 18.30
10.20 7.20 27.60 21.90 26.40 0.90 16.80 0.90 14.40 24.60 10.50 0.30 0.30 7.20 9.30 16.80 23.40 12.00 14.70 21.60
10.20 14.70 11.70 25.20 14.10 11.40 8.40 10.50 18.90 20.10 18.90 5.40 2.40 13.20 23.10 21.90 11.70 27.30 19.20 12.60
25.80 10.20 15.60 13.80 0.30 15.60 24.60 7.50 2.70 27.30 16.20 13.50 7.20 20.10 20.10 10.20 6.00 18.60 15.30 23.40
11.10 18.00 14.70 29.10 27.00 9.30 15.00 3.30 24.30 22.80 24.00 24.30 13.20 12.30 9.30 11.70 7.50 29.40 15.90 8.40
27.90 4.50 5.40 4.20 18.60 28.80 18.00 15.90 21.60 4.20 27.60 15.90 20.40 15.30 24.90 4.50 24.90 19.20 16.50 14.70
24.30 8.40 18.60 12.30 16.20 23.10 21.90 14.70 1.50 15.60 5.70 26.10 12.90 0.60 6.00 0.90 6.90 23.40 18.90 5.70
14.10 9.90 8.10 3.00 24.30 11.70 1.20 17.40 15.90 18.90 24.00 10.80 16.80 10.80 21.30 3.90 19.80 5.70 3.00 28.50
22.20 2.70 3.00 4.20 14.70 19.80 7.20 18.90 19.80 5.70 15.60 26.40 14.10 21.00 6.30 5.10 12.00 12.00 21.90 2.40
5.40 27.00 29.70 10.50 19.80 0.60 17.70 18.30 2.10 9.30 17.40 26.40 18.00 27.90 4.50 24.00 6.60 8.10 22.50 20.40
2.70 9.30 20.10 25.80 4.50 7.80 15.00 23.40 3.90 20.40 26.70 19.80 7.20 23.70 27.90 0.90 11.10 15.00 0.90 11.70
17.10 29.70 25.50 29.40 24.00 13.20 18.30 20.70 18.90 5.40 12.90 1.50 1.20 12.30 19.20 16.80 16.80 23.40 12.90 1.50
15.00 20.70 22.50 1.20 11.70 21.00 9.30 12.60 3.00 5.40 10.20 7.80 5.70 26.10 0.90 12.90 15.00 27.30 28.80 3.30
13.80 15.30 0.30 0.60 3.60 9.90 11.70 15.90 18.90 20.40 19.80 21.00 20.70 7.20 3.60 6.60 9.60 28.50 17.70 9.30
4.80 24.90 3.90 12.90 19.80 11.10 27.30 25.80 24.60 2.10 29.40 4.20 12.90 2.10 3.30 4.80 2.70 5.10 14.10 27.60
20.70 21.00 0.60 21.90 15.30 27.60 15.00 17.10 10.80 10.50 12.00 9.90 13.50 11.40 9.00 19.20 22.80 19.20 4.50 16.20
21.90 20.10 27.60 18.30 24.00 4.50 27.00 25.80 8.70 15.30 3.00 19.50 18.00 15.60 23.10 21.00 13.20 3.90 17.10 5.70
1.20 1.80 9.30 26.10 7.50 9.90 25.50 15.30 12.60 1.20 10.50 15.00 12.60 14.70 7.20 5.40 16.50 6.30 25.20 7.20
26.40 23.70 9.30 13.80 25.20 25.20 29.10 16.20 20.70 14.40 18.90 29.10 4.20 27.00 2.10 13.80 3.60 12.60 28.80 15.90
19.50 16.80 9.90 3.30 19.80 28.80 14.10 8.70 25.50 0.90 12.30 29.10 1.50 3.60 9.00 16.50 24.00 5.40 18.30 11.40
10.50 0.90 25.50 15.90 22.80 22.20 13.80 29.70 25.50 20.70 8.10 3.90 29.10 10.80 8.70 4.50 27.30 20.70 14.70 20.10
21.00 4.80 3.00 5.70 11.40 0.60 12.90 22.50 16.20 26.10 22.80 14.10 28.80 11.70 29.10 22.80 7.50 24.30 5.70 14.40
18.00 18.60 26.10 21.60 9.00 2.10 20.10 2.70 20.70 19.80 24.90 7.50 15.90 1.20 27.00 17.40 3.30 10.50 29.10 24.90
13.50 18.90 18.30 9.30 0.60 2.70 12.30 17.40 16.50 10.80 8.40 1.80 8.40 9.90 9.00 2.40 0.60 24.00 12.00 22.50
0.30 5.10 24.90 15.90 9.90 15.30 27.90 27.90 0.30 8.40 14.70 25.80 9.90 29.40 24.00 18.60 27.30 6.90 6.00 9.90
3.90 11.40 11.70 11.10 17.70 19.20 9.00 29.70 28.80 6.90 0.60 3.00 5.10 4.80 12.60 20.40 27.30 3.30 18.00 20.70
29.40 4.50 22.20 0.90 26.70 11.70 22.20 8.70 12.30 15.90 29.10 28.20 10.20 15.90 4.50 23.70 26.40 10.20 2.70 5.70
11.40 9.00 21.60 15.30 3.30 9.90 10.80 6.00 10.50 27.90 7.20 16.50 22.20 14.40 10.20 15.00 29.40 11.40 13.20 11.70
16.50 5.40 3.00 18.60 2.10 22.50 12.00 27.30 5.10 10.20 0.60 16.20 0.60 10.20 21.00 14.70 17.40 24.90 22.80 14.10
24.90 6.90 13.50 10.80 5.40 16.20 23.40 5.10 4.50 29.70 13.80 0.30 15.30 21.60 4.80 17.70 27.90 15.60 17.70 28.50
6.00 7.20 27.30 29.70 10.20 7.80 12.00 15.90 29.40 26.40 27.30 23.70 13.80 0.60 26.40 10.50 7.80 26.40 24.90 12.00
29.10 12.30 25.50 16.50 18.60 6.90 16.50 23.10 17.10 6.00 7.50 12.30 4.80 22.80 8.40 3.60 15.00 16.50 9.00 9.30
13.20 23.70 26.40 25.50 27.90 18.00 16.80 7.20 15.60 21.60 22.50 11.40 7.20 27.30 18.90 14.10 10.50 10.20 28.20 10.50
25.80 17.70 14.10 19.50 8.40 23.40 4.50 2.70 8.40 4.20 19.20 2.10 24.60 11.70 17.70 11.70 6.60 14.70 25.20 17.70
2.40 12.90 6.90 0.60 27.30 11.70 5.70 17.70 15.60 5.40 27.60 6.30 3.00 27.60 21.90 16.80 5.70 15.00 28.50 19.80
29.40 14.70 8.10 8.40 19.20 3.90 13.80 7.50 0.90 8.10 14.10 2.10 0.30 28.50 11.40 24.90 23.70 20.10 27.30 2.10
25.50 16.50 15.90 12.90 23.40 5.70 25.20 7.50 12.00 15.60 20.40 4.80 16.20 12.90 5.40 19.20 22.50 20.10 11.10 28.20
4.80 6.60 12.30 23.70 29.70 23.10 21.30 19.50 22.20 4.20 6.60 1.20 19.50 18.30 14.40 13.20 28.80 28.20 12.30 26.70
4.80 8.70 11.40 16.20 3.30 9.30 3.00 19.50 27.30 28.80 24.00 18.30 20.40 17.70 9.30 10.50 2.70 3.90 12.00 2.40
3.30 9.90 21.00 8.70 23.70 27.30 5.70 2.10 22.50 22.20 14.40 3.90 8.40 21.60 28.50 6.00 22.20 25.50 19.50 21.90
25.20 27.30 27.90 17.10 9.00 15.90 6.30 21.00 14.70 26.70 24.60 4.20 22.50 3.30 5.70 5.70 15.00 4.80 6.90 24.30
25.20 25.80 25.80 10.50 13.50 27.60 16.50 0.60 11.70 14.40 4.80 13.50 9.60 22.80 21.30 8.10 23.40 8.70 21.60 28.20
5.40 24.30 25.50 3.00 19.20 23.70 18.90 26.40 2.70 3.30 21.30 16.20 13.20 5.10 0.60 12.30 3.30 18.60 5.70 6.00
17.40 0.60 5.10 19.80 8.70 21.30 20.70 0.60 7.20 2.70 11.70 1.20 9.90 22.50 27.60 8.70 0.30 12.60 15.90 17.40
9.90 22.80 18.00 21.00 2.40 4.80 21.90 18.60 15.90 13.80 12.90 6.60 20.70 21.00 19.20 18.30 6.00 0.60 7.50 11.10
5.70 12.00 8.70 24.60 15.00 14.10 16.50 21.30 27.90 29.10 4.50 6.30 22.20 27.60 5.70 12.30 3.30 27.00 19.50 2.40
23.10 10.50 0.90 4.20 21.00 14.70 25.20 29.40 13.50 29.40 15.30 27.00 22.50 24.90 18.60 28.20 9.00 9.30 20.40 1.20
15.90 28.50 6.90 1.50 21.60 12.00 29.10 12.00 5.70 11.40 14.10 1.50 23.10 9.00 3.30 29.70 11.70 10.80 15.60 18.60
9.90 12.60 10.50 12.60 20.70 0.90 10.20 18.00 19.20 3.30 24.30 12.60 19.80 27.60 9.30 3.90 7.80 0.90 27.90 2.70
18.90 27.00 8.10 17.70 0.90 25.20 21.60 21.90 19.80 9.90 20.40 28.20 14.10 11.10 24.00 27.00 12.90 22.50 16.50 21.60
12.00 14.40 15.60 20.70 25.20 22.50 7.50 3.00 21.90 13.80 29.40 25.80 25.20 28.20 18.00 6.60 23.70 24.30 18.60 25.80
25.20 23.40 14.70 10.80 13.20 16.50 14.40 1.50 19.80 13.80 12.90 23.40 1.20 3.60 12.90 20.40 25.50 24.00 21.00 25.80
22.80 6.00 11.70 23.40 21.60 1.20 5.70 23.10 6.30 18.30 26.40 18.90 25.80 3.00 1.50 6.00 15.00 20.10 8.40 3.90
19.80 13.80 6.60 1.80 29.10 23.70 18.90 12.30 11.70 0.90 11.10 16.50 16.50 15.60 26.40 6.90 20.40 28.50 16.50 19.80
6.60 22.50 2.40 21.30 27.60 17.70 22.50 26.10 6.90 16.50 22.20 13.50 11.10 11.10 9.60 19.50 24.90 27.90 8.70 3.60
24.90 8.40 7.50 8.10 3.90 9.60 25.80 19.80 28.50 23.70 13.50 3.90 2.40 19.20 13.80 11.10 21.90 22.50 20.70 12.30
15.90 12.00 24.90 19.50 6.90 29.40 14.40 21.30 0.30 3.30 8.40 27.90 29.70 14.10 15.00 18.90 8.40 0.90 18.60 14.70
1.80 23.10 3.60 9.00 0.60 13.80 3.90 27.30 29.70 22.20 17.10 2.70 21.00 9.00 20.70 16.20 17.10 11.10 21.00 17.10
13.50 21.90 1.50 9.90 22.20 28.20 29.40 8.70 26.40 4.20 2.10 18.30 0.30 28.20 29.70 28.50 27.30 16.20 2.70 26.10
11.40 18.90 21.90 27.60 13.20 18.30 16.20 21.00 18.30 13.50 27.30 16.80 24.60 6.30 4.20 5.40 18.30 4.50 12.90 3.00
3.90 3.90 1.50 18.90 18.90 23.10 16.80 18.00 9.30 8.70 15.00 3.30 6.60 3.60 7.80 23.10 29.70 0.60 3.90 5.10
27.60 7.80 29.40 12.00 24.30 29.40 1.80 22.50 0.90 14.40 3.30 18.30 23.70 11.10 6.00 10.20 28.20 7.50 8.70 10.80
13.20 27.00 13.20 3.60 25.80 3.60 5.70 14.70 20.70 0.30 19.50 18.90 18.90 12.00 20.70 19.50 14.10 21.30 16.20 6.30
5.10 1.20 27.60 11.10 21.00 17.70 27.00 1.80 6.30 29.10 20.10 2.40 14.10 20.70 5.70 4.50 9.90 9.90 17.40 21.60
6.60 1.50 9.90 17.10 24.90 18.00 18.30 21.30 15.00 17.40 19.50 16.20 10.20 6.30 4.50 6.00 26.70 17.10 17.40 17.40
16.50 8.70 7.20 3.90 1.20 29.40 26.70 24.30 6.30 21.60 20.70 27.90 21.30 23.70 20.40 21.30 12.90 2.40 27.30 15.30
1.50 7.80 28.50 3.30 18.60 27.60 9.30 16.80 10.80 4.50 15.30 24.00 12.00 22.80 27.60 0.60 11.10 13.80 17.40 26.40
16.50 10.50 15.30 7.20 6.00 10.80 2.70 17.10 14.10 1.50 29.70 29.10 9.60 7.80 15.00 12.60 23.10 4.20 2.40 7.80
10.20 7.80 24.00 9.30 28.80 8.10 14.10 14.70 5.10 14.40 29.10 11.10 5.70 24.00 19.20 11.70 17.10 5.10 27.90 6.60
19.80 17.40 17.70 0.30 6.30 15.00 21.00 29.40 27.30 24.60 16.80 17.70 12.90 29.10 13.80 16.50 22.80 17.10 15.60 7.20
21.30 3.30 9.00 19.80 23.70 27.30 27.90 22.20 28.20 18.00 29.70 3.90 10.80 12.90 27.30 17.70 21.60 12.00 7.50 21.30
22.20 17.40 26.10 12.00 4.80 12.00 1.20 18.90 28.80 10.50 6.90 21.30 16.80 22.50 4.50 27.90 21.60 0.30 7.20 18.60
3.30 16.50 17.40 0.60 27.30 18.60 4.20 5.70 2.70 15.30 19.80 1.50 25.80 3.90 27.00 27.60 22.80 10.20 15.00 11.10
20.10 3.90 24.90 7.50 27.60 20.40 8.10 0.60 10.80 29.10 17.40 2.40 12.90 8.70 21.00 6.60 5.10 13.80 17.10 25.20
27.90 13.50 7.80 3.30 12.30 19.50 6.90 14.70 3.30 10.20 10.20 27.00 21.00 7.80 4.20 18.30 13.80 10.50 25.80 18.00
24.00 10.80 28.20 4.50 8.40 29.40 28.20 20.40 3.00 17.40 6.00 27.60 22.50 18.00 15.90 2.40 17.40 7.80 21.00 23.40
0.90 14.10 29.10 16.80 29.10 16.80 27.90 20.70 16.80 2.40 9.30 3.90 13.50 22.80 8.40 5.70 14.10 19.80 22.50 27.90
0.90 5.10 19.50 6.60 27.00 17.10 4.20 4.50 25.20 9.60 7.50 19.80 6.60 29.10 28.50 15.00 5.40 27.60 17.70 14.10
0.60 24.30 22.50 26.40 24.60 18.90 6.60 3.00 9.00 5.10 15.30 16.80 8.40 15.00 21.30 4.20 13.50 4.80 28.20 13.50
12.00 24.30 8.40 10.50 5.70 6.30 6.00 24.60 29.70 9.60 24.00 24.30 24.90 5.70 29.70 7.20 10.80 18.60 13.80 17.40
9.90 19.50 6.90 24.60 27.90 23.10 23.10 29.70 3.30 3.90 4.80 0.90 18.90 4.20 4.50 13.50 26.40 13.50 29.10 23.40
17.40 10.80 24.90 18.90 22.50 21.90 10.20 3.60 18.30 15.00 24.60 25.20 10.50 3.30 0.90 6.60 0.60 4.50 14.70 29.10
15.90 24.60 27.30 17.40 8.10 21.60 12.30 23.70 12.60 3.00 27.90 12.60 25.20 17.10 7.50 28.80 19.20 2.10 13.80 20.10
3.00 25.20 9.90 11.10 19.80 21.90 1.80 19.50 27.30 24.90 3.60 29.40 3.00 10.20 3.30 1.80 24.60 9.00 28.20 22.80
9.30 27.90 6.90 15.60 1.80 14.70 16.20 2.70 0.60 22.80 5.70 26.10 21.30 26.10 18.00 29.40 24.00 13.50 1.50 29.10
17.40 1.50 22.20 18.00 9.90 16.80 24.90 28.20 29.40 12.00 25.80 29.40 4.80 6.90 21.90 27.90 12.00 4.80 24.00 0.30
15.00 17.40 6.60 23.10 15.90 5.10 13.80 21.90 27.60 15.00 11.10 16.80 12.30 14.10 13.80 26.70 24.30 20.10 25.20 3.00
20.40 12.30 21.60 25.20 23.70 11.70 11.10 25.50 18.60 7.50 22.20 1.20 26.70 8.70 9.30 4.50 21.30 15.60 23.10 5.40
26.40 1.80 14.40 11.40 19.20 16.20 22.50 23.40 27.30 25.20 19.20 18.90 3.90 27.30 6.00 27.60 26.10 11.70 4.50 14.10
24.30 22.50 13.20 3.00 3.90 18.60 3.60 11.10 26.40 20.10 11.70 3.30 12.30 23.70 4.80 6.30 10.80 0.60 10.80 10.80
5.40 9.60 3.60 10.20 3.00 3.60 10.20 20.70 2.70 1.50 12.00 5.70 29.10 9.30 27.60 8.10 14.70 27.30 21.30 24.60
28.80 7.50 27.90 16.80 3.00 2.40 25.80 10.20 9.30 24.00 4.50 28.80 16.80 24.00 27.30 29.10 22.50 15.00 23.10 16.20
12.30 14.40 8.40 23.10 15.90 23.70 2.40 15.60 13.80 16.50 20.10 17.70 11.40 25.20 16.50 22.80 20.70 21.90 6.30 24.60
19.50 15.30 22.20 12.90 12.00 0.30 12.60 2.40 20.70 13.50 4.50 16.80 8.10 26.10 1.50 13.20 23.70 2.10 24.00 1.20
12.60 17.40 24.00 21.30 21.90 26.40 27.90 18.60 24.90 12.90 15.60 21.60 18.60 9.30 5.70 11.10 20.10 24.90 28.20 12.30
12.60 16.50 15.00 26.70 16.20 9.60 15.30 5.70 0.90 29.70 15.30 27.90 9.00 26.40 9.90 29.10 6.90 8.40 15.90 12.90
11.70 3.00 28.50 9.30 11.10 22.80 29.10 25.20 4.20 5.40 18.90 26.10 18.30 2.40 22.20 29.10 7.80 22.80 5.70 8.70
6.30 3.90 2.40 6.30 13.80 8.70 8.70 27.90 4.50 20.70 9.30 20.70 25.50 8.40 18.90 15.60 27.00 8.70 10.80 3.60
23.10 17.40 25.80 10.50 12.90 25.20 13.80 10.20 9.30 4.50 16.80 22.20 3.60 9.60 26.70 8.10 9.60 24.00 16.80 25.20
6.00 29.70 3.90 2.70 18.90 26.40 19.80 27.30 17.10 4.80 18.60 10.80 7.50 1.50 9.30 20.40 22.50 11.10 2.70 6.30
12.30 27.90 7.80 25.80 29.70 23.70 0.90 27.00 12.30 10.50 12.90 17.40 13.80 29.10 0.90 11.70 15.60 27.60 10.20 10.20
24.90 27.90 11.40 27.60 28.80 24.00 9.90 27.60 14.70 2.70 10.80 14.70 19.50 28.80 15.90 13.80 1.20 13.50 15.60 8.70
9.30 4.80 24.60 14.40 8.10 18.90 7.50 6.90 19.50 6.90 12.90 6.00 9.60 11.40 9.90 22.80 0.90 20.10 5.10 3.90
18.00 19.50 21.90 16.80 5.70 15.30 4.80 27.30 25.20 23.10 6.90 14.40 12.90 1.20 5.10 11.70 6.30 19.80 20.70 10.50
17.70 25.50 27.00 15.00 20.10 0.30 19.20 20.40 27.90 5.10 6.60 3.90 27.00 1.20 21.90 23.40 12.90 19.20 17.10 7.50
7.80 24.90 12.60 23.70 27.30 23.10 3.60 19.50 17.10 22.20 11.40 9.60 21.60 26.40 18.30 23.10 12.30 7.50 24.00 23.10
10.20 22.50 5.40 8.10 27.60 25.20 26.70 3.60 27.60 23.40 22.80 21.30 5.40 18.90 2.40 12.00 5.40 25.50 3.60 5.40
28.50 10.20 12.00 18.60 29.10 24.60 3.00 16.50 16.50 18.00 0.60 24.60 6.30 22.80 2.70 24.00 18.60 15.00 22.50 17.40
4.20 9.90 15.60 12.90 12.30 21.30 12.90 3.60 1.80 20.40 10.50 27.90 11.40 14.40 25.20 3.60 2.70 3.00 6.00 28.20
19.20 9.90 26.10 27.30 4.50 24.30 21.90 11.40 27.90 12.30 16.20 11.40 26.40 27.30 26.40 10.80 4.80 18.30 20.40 3.00
26.70 6.90 13.20 3.60 4.50 5.10 1.20 21.30 22.80 27.00 24.00 26.70 17.70 19.50 11.70 28.20 18.60 27.90 25.20 21.30
21.60 11.70 3.00 12.30 3.00 0.90 15.30 12.30 16.80 10.80 28.20 23.10 2.70 28.20 3.00 25.20 25.80 1.20 8.40 8.10
27.90 29.40 6.30 13.20 23.70 4.20 18.90 13.20 28.20 17.70 13.50 6.00 20.40 11.10 21.90 10.80 10.80 24.30 6.60 17.10
29.10 3.90 15.30 27.00 7.80 25.80 21.90 19.50 17.70 5.10 3.30 17.10 12.00 10.50 4.50 15.00 3.30 28.20 24.90 21.00
14.70 12.90 6.00 23.40 1.80 13.50 19.20 0.60 22.80 21.90 21.30 6.90 17.10 13.50 15.60 14.70 10.20 20.40 20.10 2.10
9.00 5.40 25.20 19.50 1.20 16.50 4.50 0.60 28.20 16.80 25.20 18.00 24.00 27.30 6.00 0.60 23.70 24.60 12.90 10.20
18.90 8.10 21.00 14.10 10.50 22.80 19.50 0.60 9.00 6.30 23.40 18.00 5.70 12.30 14.40 22.20 11.40 25.50 9.90 3.90
11.10 17.70 15.90 6.30 27.00 1.20 24.00 17.40 12.90 5.40 6.60 26.10 15.30 11.70 12.00 3.00 19.50 18.60 7.20 8.10
15.90 26.70 28.20 16.80 19.50 18.00 22.50 26.70 29.70 9.30 17.40 17.70 24.00 0.60 12.00 6.30 7.80 6.00 3.60 16.80
17.40 8.10 17.70 11.70 25.20 12.60 21.30 2.70 21.60 24.60 21.90 24.60 9.60 4.50 24.30 6.30 27.30 4.20 26.70 3.90
20.40 17.40 10.50 12.30 25.80 18.90 27.30 5.70 5.10 27.90 21.00 28.80 3.00 1.50 3.60 11.10 10.20 2.40 28.80 18.90
13.20 21.00 0.60 10.50 0.60 0.60 12.30 1.50 2.70 20.70 27.90 9.00 26.40 18.30 5.10 10.20 15.00 22.80 0.30 11.10
26.40 21.60 9.30 23.70 11.40 17.10 11.70 1.80 27.60 21.30 16.20 5.40 8.40 21.60 1.50 7.80 10.50 14.70 6.90 14.40
19.50 6.00 24.30 21.90 17.40 12.90 7.20 4.80 2.70 23.10 24.00 24.90 10.80 2.10 15.00 2.70 5.40 16.50 25.80 29.40
14.40 7.80 29.40 10.20 26.10 11.70 10.80 13.80 5.10 27.00 15.30 28.80 29.40 29.70 21.60 24.30 6.60 17.40 21.60 5.40
7.20 12.30 18.00 27.30 28.80 2.40 12.60 19.20 12.00 16.80 14.40 4.80 26.10 15.00 11.10 6.90 21.60 23.40 9.90 26.40
11.70 2.40 15.30 11.40 14.70 12.60 6.00 8.10 25.20 8.10 27.60 15.90 5.40 1.20 2.70 16.20 26.10 21.00 25.20 27.00
7.80 8.10 7.50 29.10 25.20 5.70 22.20 11.70 27.60 26.70 2.10 8.70 10.20 16.20 18.60 12.00 6.90 17.70 3.90 1.80
21.00 1.20 2.10 8.10 2.40 1.80 18.00 27.00 26.40 7.50 22.80 3.00 27.30 2.40 27.60 6.30 4.80 4.20 25.80 24.60
21.00 3.30 19.80 23.40 2.70 19.80 27.00 18.90 4.80 13.80 6.30 24.00 26.70 14.10 9.60 17.70 12.30 6.30 20.40 4.20
3.00 24.90 4.50 0.30 18.30 1.50 25.50 0.90 3.60 29.70 9.00 11.70 18.30 29.40 4.50 15.90 9.90 3.90 6.00 19.80
21.90 3.60 5.70 8.10 18.90 3.90 25.80 15.60 28.50 12.30 4.80 28.80 7.20 17.10 23.70 29.70 15.60 7.50 15.90 24.60
20.70 11.10 18.30 11.40 0.60 24.00 29.10 9.60 12.60 15.60 24.60 25.20 9.90 18.60 0.60 6.90 21.30 7.80 23.10 1.50
12.30 14.70 17.40 21.30 13.50 29.40 4.20 3.00 26.70 14.70 3.00 24.90 22.50 24.30 28.50 21.90 26.10 14.40 10.20 15.60
12.30 22.20 29.70 21.00 23.70 6.00 22.50 12.00 17.70 3.00 9.60 8.70 27.90 15.00 29.40 13.80 12.30 14.70 2.40 29.70
4.50 29.40 17.70 28.80 16.50 27.60 5.10 5.10 26.10 28.20 9.90 0.60 28.80 17.70 28.20 7.20 7.50 11.70 2.70 26.70
15.00 26.70 27.00 29.40 14.70 6.00 24.00 10.80 19.20 21.60 23.10 20.10 14.40 25.20 23.10 16.80 13.50 24.60 17.10 11.10
2.40 20.10 9.60 6.00 13.20 10.80 13.20 20.10 27.60 29.70 21.30 21.30 0.30 23.10 1.50 1.50 10.20 5.10 29.40 10.20
25.80 4.80 19.80 29.40 15.90 29.70 14.10 14.10 0.30 22.50 4.80 3.90 23.70 5.40 9.90 8.70 9.90 10.50 1.20 0.30
4.50 10.80 12.00 5.10 21.60 25.50 19.20 14.40 2.40 20.10 20.10 26.40 16.20 21.30 29.70 4.50 28.50 0.90 1.50 27.60
24.60 13.20 17.10 15.30 20.40 4.20 3.30 12.90 2.70 13.80 4.50 4.50 25.20 9.30 10.80 8.70 27.30 9.00 27.00 16.50
16.80 5.10 9.00 28.50 7.20 2.70 20.70 13.50 17.10 1.50 13.80 7.80 4.50 23.70 23.10 15.30 19.20 25.50 15.90 29.10
11.40 11.10 18.00 13.50 18.60 29.40 22.20 9.90 8.40 25.50 28.50 14.40 10.50 27.60 9.00 12.90 3.60 15.90 24.90 28.80
15.90 14.40 3.60 16.50 16.50 29.10 14.40 3.90 14.40 17.10 7.50 11.40 3.30 29.70 11.10 17.10 21.60 2.10 18.90 27.00
27.60 6.90 4.20 12.30 24.30 19.50 10.50 28.20 5.70 16.80 28.50 25.80 11.40 19.80 10.80 13.80 6.60 10.50 18.90 14.10
10.50 12.90 6.90 9.90 15.60 14.40 9.60 23.10 13.80 0.60 20.40 23.40 23.40 15.90 11.40 9.00 7.50 10.20 11.40 27.00
7.20 24.60 5.40 0.30 27.60 29.10 12.60 28.80 13.20 21.30 17.40 15.30 14.40 6.60 7.20 16.20 21.30 17.40 28.20 1.50
8.10 27.90 13.20 8.10 13.50 15.60 13.80 6.90 8.10 9.00 5.70 15.60 6.00 10.80 16.80 26.40 5.70 0.60 12.30 7.50
16.20 8.10 23.10 9.90 9.90 22.80 29.40 2.10 19.20 16.20 10.20 13.80 5.40 11.10 13.80 21.00 0.90 15.90 16.20 10.80
3.00 2.40 25.50 13.20 3.90 21.90 7.80 6.60 6.00 17.70 6.00 25.20 0.90 23.40 6.30 15.90 27.30 26.40 2.10 2.70
24.90 11.70 10.50 23.70 12.00 18.30 29.70 29.40 3.60 2.10 9.00 6.60 7.20 2.70 14.40 16.80 18.90 27.60 16.20 11.40
6.60 26.40 24.90 27.90 28.50 18.60 23.70 6.60 9.30 16.50 18.90 13.50 22.20 14.10 14.10 14.10 20.10 8.40 20.70 2.70
18.90 29.70 18.90 13.80 21.30 26.10 6.30 24.30 0.30 5.70 20.40 29.40 21.90 26.40 22.50 28.20 9.90 28.20 4.20 5.10
26.70 29.10 15.30 4.80 28.50 4.20 15.60 0.60 5.10 29.70 18.30 6.90 5.40 3.30 7.80 18.00 15.30 1.20 26.40 11.70
19.50 1.50 29.10 13.80 23.70 7.20 16.20 28.50 6.90 3.60 25.20 12.00 4.80 25.80 14.10 17.40 29.10 22.50 5.70 0.90
9.90 11.40 19.20 12.60 19.80 25.80 25.20 1.20 0.90 17.10 0.90 20.40 17.10 27.00 24.00 28.50 7.80 18.00 24.90 11.40
25.80 7.80 11.40 17.40 9.30 17.10 18.90 6.00 9.90 13.50 16.50 15.60 10.20 2.10 19.20 10.50 17.70 29.40 1.20 16.20
2.70 2.10 23.40 3.30 9.90 10.20 17.40 2.10 11.70 10.50 3.00 18.00 24.60 7.20 24.00 0.60 23.10 19.20 27.60 19.80
1.50 17.70 13.20 1.50 28.20 5.70 27.90 20.10 10.80 9.00 9.90 26.70 14.10 4.80 22.50 14.70 19.50 17.10 27.90 5.70
26.40 21.00 7.80 4.50 3.60 28.50 14.70 27.90 27.30 5.70 21.00 27.60 2.10 9.00 23.40 26.10 20.40 28.80 1.80 17.70
29.10 10.20 11.70 23.10 2.10 26.70 20.70 13.80 21.00 22.50 23.40 27.00 24.00 10.80 18.00 16.50 24.00 21.30 16.50 5.10
27.60 11.40 4.50 7.50 6.90 0.30 22.80 18.60 2.70 15.60 9.30 4.20 6.90 24.30 25.50 24.00 12.30 9.00 4.50 8.10
29.70 22.20 15.00 6.90 5.70 18.30 18.60 7.50 1.80 14.40 7.80 5.10 27.90 25.20 27.30 7.20 10.80 1.20 2.10 21.30
3.30 12.30 22.20 8.10 15.00 3.30 7.20 14.10 8.70 18.00 19.80 25.20 1.50 9.90 9.90 5.70 7.80 18.90 2.40 29.40
27.00 7.20 25.80 3.60 10.20 7.80 18.90 7.20 3.90 3.60 6.90 15.60 29.70 14.70 0.30 10.50 3.00 1.80 22.20 20.10
21.90 22.20 15.60 21.60 23.70 3.30 6.00 23.70 1.50 1.80 14.70 28.20 9.30 3.30 21.00 18.00 5.10 10.50 7.20 3.00
10.80 29.70 2.10 9.90 8.10 24.00 18.30 13.50 4.20 12.30 13.80 20.10 13.50 13.80 21.30 5.10 1.20 18.30 6.90 29.70
13.20 8.10 21.60 19.20 1.20 0.30 7.20 19.20 18.90 29.40 15.60 28.50 6.00 19.50 10.20 21.60 27.00 21.60 9.60 25.80
6.60 11.70 29.10 4.20 21.00 7.80 28.20 7.50 25.50 27.30 11.10 4.50 16.20 19.20 29.10 8.10 6.90 1.50 14.40 16.20
29.10 19.20 1.20 2.70 24.30 23.70 25.50 8.70 24.90 8.70 18.30 25.20 2.10 14.70 2.10 28.20 24.60 22.50 5.70 21.00
28.50 29.40 15.30 24.00 19.80 9.00 7.80 26.10 24.00 18.30 14.70 3.90 17.40 24.00 17.10 5.10 2.70 9.00 8.70 18.90
21.00 6.30 18.00 12.60 19.80 20.10 29.40 6.90 4.20 3.60 11.40 27.00 7.80 8.40 12.60 25.20 22.20 27.30 5.10 0.30
6.60 7.80 5.70 24.00 17.40 0.60 5.40 17.70 3.00 17.10 25.50 5.70 7.20 28.50 17.40 0.60 29.10 11.40 3.90 12.00
15.00 22.50 18.00 24.30 22.20 11.10 21.00 7.50 21.90 12.00 10.80 21.90 28.20 13.50 1.80 23.40 13.20 21.00 24.90 4.50
19.80 3.00 25.80 13.50 11.10 18.90 11.10 6.00 6.00 27.00 16.80 26.10 11.70 13.20 15.90 20.70 18.90 7.80 23.10 0.30
6.60 3.60 4.80 4.50 21.30 2.70 29.40 22.80 17.10 3.30 3.00 4.80 9.30 11.70 28.20 6.00 4.20 7.20 3.90 26.40
7.50 27.90 7.50 14.70 28.80 3.30 13.50 10.80 19.80 20.70 19.50 16.20 6.90 27.30 3.60 21.90 22.20 27.60 3.60 13.80
1.20 29.40 4.80 6.60 17.10 2.70 0.60 26.70 20.70 13.20 3.30 22.20 2.70 16.50 28.80 14.10 3.30 24.00 26.40 5.40
27.00 27.60 26.40 22.50 0.90 17.10 12.00 23.10 5.10 21.60 25.20 1.80 3.30 26.10 7.80 26.70 21.90 4.50 14.70 27.30
23.10 6.60 3.30 28.50 26.70 21.60 6.90 0.30 5.70 9.30 11.10 19.80 5.10 7.80 24.00 28.20 3.90 3.60 18.90 18.60
11.70 29.70 20.40 14.70 6.00 9.90 10.50 25.20 24.00 7.20 15.00 0.90 17.10 26.10 22.20 18.00 5.10 8.10 11.10 9.30
29.70 15.30 26.10 19.50 19.80 0.60 8.10 24.90 27.90 20.40 9.90 25.20 12.30 23.40 13.80 3.60 10.80 23.10 18.30 14.10
1.50 11.40 21.90 4.20 4.20 13.50 26.40 15.30 1.80 24.60 20.40 15.00 20.40 0.90 22.20 1.80 6.60 7.50 20.10 19.50
25.20 24.00 26.70 18.30 22.80 17.70 11.10 7.50 18.90 12.00 11.40 21.00 7.80 13.50 11.10 13.20 13.50 17.70 28.80 24.90
21.00 24.30 15.90 14.70 10.80 28.50 1.50 22.20 3.00 3.90 21.30 26.40 23.10 11.70 6.60 5.10 7.50 10.20 8.40 6.00
18.60 1.20 14.10 4.20 19.20 19.50 18.00 15.30 27.00 17.10 29.40 27.90 16.80 16.80 18.00 9.90 17.10 10.50 21.60 3.30
3.30 14.10 26.40 18.60 20.70 7.50 27.30 5.40 1.20 21.60 19.50 7.50 21.00 18.00 12.00 3.60 28.50 14.10 17.10 24.90
5.40 15.90 17.10 2.10 7.80 21.90 18.90 29.40 7.50 9.00 10.20 15.60 15.90 7.50 23.10 5.70 29.10 10.80 27.00 11.70
8.10 12.30 15.90 3.30 15.90 10.20 22.20 26.70 20.10 11.70 9.30 6.60 26.40 8.70 3.30 14.10 11.40 16.80 10.80 5.70
21.90 3.60 1.20 17.70 12.30 24.90 2.10 21.90 21.90 6.00 16.50 0.90 28.20 19.80 6.30 27.00 24.60 24.30 20.40 20.40
5.70 2.10 24.60 1.50 5.10 8.10 9.90 13.80 24.00 25.50 0.30 29.70 15.30 26.70 24.90 0.30 4.20 2.10 3.90 0.30
14.40 25.50 5.40 12.30 27.90 6.30 11.10 0.90 4.50 18.90 26.40 25.80 14.10 1.50 5.70 7.80 25.20 17.10 3.60 16.20
0.90 18.90 12.90 4.80 26.10 5.40 21.90 23.10 5.70 22.80 19.20 21.60 20.10 18.90 9.30 17.40 19.50 12.90 1.20 1.80
15.90 9.90 19.50 20.70 17.40 23.40 9.30 3.30 12.60 4.50 3.00 18.90 21.30 27.30 12.00 15.00 7.20 20.10 9.90 1.80
20.10 1.20 16.50 26.70 9.60 26.40 25.20 15.90 23.70 18.60 22.80 19.80 24.00 9.90 14.70 9.30 9.30 8.40 22.20 6.30
20.70 10.50 24.30 18.00 14.10 26.40 14.40 20.40 21.00 21.60 0.30 5.10 28.80 5.70 13.50 21.30 25.80 8.40 23.40 13.20
9.90 15.30 7.80 9.60 13.80 3.90 6.00 23.70 13.80 1.50 12.00 3.00 12.30 11.70 0.90 26.40 27.60 15.90 10.20 7.50
3.90 9.90 26.70 3.90 15.30 5.40 22.20 28.80 11.70 1.20 26.70 27.60 24.60 15.00 20.40 1.80 3.90 28.20 19.80 21.60
9.90 4.50 13.80 9.90 13.20 3.00 29.40 7.20 13.50 2.70 8.10 2.10 16.50 3.00 1.80 24.90 24.00 26.70 3.60 25.50
19.50 28.80 0.90 21.90 0.60 14.70 28.80 6.30 28.20 18.90 8.70 18.00 6.00 19.50 20.10 24.60 8.70 25.80 22.80 3.60
15.90 28.20 13.50 19.20 25.20 8.40 25.80 24.60 26.40 27.90 9.90 12.90 12.90 28.20 23.40 29.10 14.40 29.40 11.10 23.70
3.30 26.70 27.00 18.90 9.30 5.70 17.40 2.70 27.30 8.70 22.20 2.10 15.90 18.90 23.40 9.30 13.80 24.00 14.10 24.60
9.60 18.30 2.40 15.30 25.20 20.70 27.00 18.60 8.10 10.80 18.00 28.20 24.60 22.50 2.10 25.20 3.30 0.60 20.70 29.10
1.80 6.00 3.90 9.00 24.90 25.50 10.80 13.50 6.30 12.60 6.60 25.20 2.70 9.90 3.30 21.60 21.00 9.90 10.50 2.10
5.10 3.00 26.10 2.70 7.20 18.30 18.90 11.70 29.40 9.30 25.80 8.40 17.40 2.10 26.70 12.30 9.30 7.80 24.90 13.50
8.40 2.40 24.30 18.60 13.80 0.30 5.10 25.20 14.70 21.00 12.00 24.90 26.70 3.30 20.40 0.30 3.90 29.10 25.80 11.40
12.30 15.30 17.70 7.80 24.90 13.80 28.80 0.30 21.30 6.30 28.80 13.20 24.00 29.10 6.90 14.40 15.60 17.40 15.60 2.40
22.20 3.30 27.30 15.60 7.20 6.00 21.60 3.30 18.60 6.30 3.60 25.80 23.10 4.80 11.70 15.60 8.10 16.20 10.50 13.20
13.50 27.00 22.20 15.00 18.90 21.30 21.60 6.60 20.70 29.70 12.30 27.00 4.50 9.90 23.70 24.00 14.40 12.30 9.90 13.80
6.60 28.80 0.60 6.00 22.50 12.30 15.60 10.20 20.70 11.40 8.70 13.80 27.90 23.10 18.30 8.40 0.60 18.30 21.60 5.70
2.70 17.40 24.60 10.80 28.80 24.00 23.40 4.80 11.70 12.60 9.90 10.80 6.90 25.50 2.70 6.90 24.00 0.30 22.80 18.60
11.10 18.30 17.10 11.10 6.30 24.90 21.60 20.70 9.60 17.70 28.20 15.60 5.70 15.30 7.80 15.90 7.50 0.90 1.80 10.20
6.00 6.90 29.70 16.80 16.50 16.80 22.20 18.00 29.10 6.60 13.50 23.10 27.00 9.30 20.10 18.90 3.90 23.40 29.70 21.90
9.60 28.50 23.10 18.60 23.10 22.80 27.90 21.60 21.00 0.30 23.10 7.50 16.50 4.50 6.90 8.10 10.20 3.60 14.10 10.50
14.40 21.00 14.70 1.80 29.70 11.70 28.80 1.80 29.10 24.60 12.30 28.20 9.60 29.40 14.70 9.30 7.50 3.60 1.20 28.20
3.60 19.50 17.10 22.50 18.90 3.00 27.90 24.30 29.70 29.10 18.30 10.80 8.40 2.70 12.00 17.10 19.20 7.20 8.70 6.30
4.50 13.80 18.90 26.10 23.70 28.20 2.10 17.70 16.80 2.40 18.30 16.20 23.40 9.60 8.10 17.40 18.90 9.30 20.70 18.30
3.60 9.00 15.30 21.00 15.30 25.50 11.40 5.40 15.00 27.00 15.30 25.20 19.20 11.40 8.70 12.00 6.60 5.10 24.60 6.00
23.70 1.50 22.20 11.10 25.20 7.80 14.70 25.20 4.20 19.50 23.40 29.40 9.60 2.70 12.00 17.70 0.90 18.30 11.10 13.20
28.20 6.30 28.80 22.20 3.60 29.70 6.00 3.30 18.00 16.20 14.10 4.20 6.90 12.60 3.30 14.40 12.60 18.00 11.10 9.00
3.90 20.70 25.50 17.70 15.30 12.60 8.10 15.90 27.30 23.40 1.20 20.10 2.10 25.80 6.30 21.30 1.20 24.30 15.90 22.20
5.10 1.20 10.50 26.10 0.90 12.90 16.20 26.70 11.70 28.80 17.40 2.40 19.80 1.20 28.20 28.80 16.80 21.60 13.50 24.60
20.70 12.00 21.60 20.70 29.70 16.20 21.30 18.60 10.50 21.60 13.50 21.30 16.80 29.70 27.30 4.50 17.40 3.30 9.30 26.40
29.10 6.00 17.70 20.70 18.30 22.20 8.40 16.50 24.90 20.40 2.10 12.90 18.90 24.30 21.00 7.20 6.30 1.20 2.70 22.50
23.40 16.80 27.00 20.40 13.80 13.80 28.80 9.90 8.40 14.40 10.80 28.50 4.20 8.10 4.50 19.80 20.10 8.40 11.10 4.50
6.00 29.10 12.60 3.90 15.30 20.40 18.90 28.80 13.50 19.20 8.10 29.10 18.30 16.20 29.70 27.60 21.90 18.90 29.10 4.50
14.70 7.80 28.20 21.60 23.70 3.60 27.90 9.60 18.90 28.20 18.60 6.30 17.40 29.70 17.10 15.90 18.30 6.00 6.90 2.10
3.60 29.40 15.90 24.30 19.20 9.30 2.10 25.50 7.50 19.50 25.50 14.70 3.60 27.60 3.30 10.50 15.60 13.50 8.40 12.00
13.50 22.20 20.70 4.20 17.40 21.30 22.20 5.70 26.10 22.50 23.40 0.30 3.00 7.20 0.30 16.50 18.90 11.40 0.60 7.50
28.80 25.80 25.80 22.50 4.50 23.70 16.20 18.30 11.40 25.20 21.00 21.00 2.10 29.10 18.90 1.20 26.70 0.90 3.30 16.20
1.50 9.00 23.10 18.30 28.20 2.70 24.90 10.20 16.80 16.20 2.40 19.80 4.20 16.20 20.10 24.60 12.90 2.10 4.20 2.40
0.30 22.20 18.90 1.20 26.70 11.40 28.80 2.40 5.10 8.70 6.90 19.20 16.50 27.90 24.00 18.30 19.20 13.80 7.20 3.30
29.40 2.10 20.10 25.50 12.30 15.00 21.00 8.40 26.70 6.90 22.80 23.70 10.80 28.20 25.80 9.30 22.50 0.90 15.30 27.30
4.20 11.40 18.00 3.00 24.60 26.70 20.40 21.30 25.50 19.80 10.80 29.70 28.50 16.20 28.50 0.60 6.00 18.30 2.40 7.20
21.30 25.80 24.00 7.80 27.00 14.70 6.00 22.20 8.70 26.40 22.20 11.40 7.50 13.50 25.50 9.60 10.20 22.80 26.70 22.80
24.90 0.60 21.60 16.80 26.40 15.60 26.70 9.60 24.90 28.80 22.80 21.30 0.60 3.90 3.60 25.20 9.00 1.50 22.80 28.80
10.80 17.10 7.20 14.10 1.20 26.70 5.70 5.10 7.20 6.60 15.90 22.20 6.30 19.50 26.40 27.00 6.60 5.40 24.30 4.80
10.50 17.40 11.70 5.10 2.70 23.70 1.80 14.70 3.60 12.30 16.80 17.70 18.30 18.60 23.70 12.90 8.70 22.50 14.10 8.10
1.80 5.40 28.50 10.80 11.10 18.60 24.90 5.40 2.40 4.50 28.50 24.30 7.50 6.90 28.20 4.50 6.00 29.40 17.70 21.30
3.30 11.10 4.80 24.30 13.50 24.30 2.70 9.60 16.50 14.70 14.10 9.60 5.40 3.30 8.40 16.50 15.60 16.50 12.90 25.80
1.50 8.40 28.80 2.10 9.00 5.40 21.30 20.70 29.40 20.10 18.60 17.10 4.20 28.80 9.30 7.20 11.70 1.20 1.50 13.20
19.80 28.50 12.30 21.90 24.60 22.50 6.60 18.30 23.40 15.00 21.00 21.30 1.20 0.90 10.50 12.00 22.80 29.10 5.10 15.90
26.40 23.70 6.90 0.90 24.60 14.40 7.50 23.70 28.80 23.10 16.50 24.90 28.50 23.40 7.50 6.30 7.20 8.10 21.60 15.90
6.60 28.20 13.80 10.20 16.20 24.60 15.90 24.90 25.50 26.10 2.10 15.60 14.40 18.60 5.10 5.40 14.70 11.40 26.40 16.50
8.70 1.80 18.60 2.10 2.40 15.30 26.70 26.10 5.40 23.10 3.60 8.70 1.80 15.90 24.30 6.60 10.20 16.20 4.80 24.60
16.20 22.20 22.80 5.40 12.90 22.80 26.10 24.00 20.10 22.50 29.10 17.70 6.30 13.80 29.40 21.60 12.60 15.30 15.90 10.50
6.00 4.20 26.40 16.50 15.60 28.20 23.40 26.10 13.50 14.70 21.60 13.80 4.20 8.70 25.20 2.70 21.90 15.00 23.70 29.70
27.60 18.90 13.80 1.50 11.40 12.30 14.70 12.30 13.20 19.80 23.10 8.40 3.60 12.60 6.30 9.90 2.10 18.30 13.50 25.50
23.70 18.00 6.90 9.60 5.10 20.70 7.80 10.80 11.10 10.50 8.70 12.60 27.90 16.80 27.90 20.40 15.30 27.90 29.40 17.10
10.20 12.90 1.80 29.70 22.50 20.70 1.50 18.60 10.50 18.60 17.70 6.00 28.20 22.80 3.60 25.20 20.40 0.60 14.70 29.40
12.00 24.60 15.90 11.70 19.80 9.00 2.70 24.60 25.20 2.40 27.90 28.50 19.80 28.20 20.70 13.80 20.40 29.70 24.30 8.70
1.20 21.30 25.80 8.70 20.40 0.30 16.80 22.50 15.60 11.70 4.80 20.40 0.60 10.50 22.20 28.20 14.10 4.80 14.40 18.90
