# nJobs | nMachines
50 10
# Job Weights
96
99
12
18
82
99
81
12
53
98
100
74
65
56
76
67
37
90
40
78
17
9
66
7
49
68
41
8
2
67
73
98
10
82
12
43
52
56
37
87
75
27
50
30
55
19
59
10
66
70
# P_bar : m1 | m2 | m3 | m4 | m5 | m6 | m7 | m8 | m9 | m10
49 76 60 40 32 17 33 98 90 75
10 91 39 56 5 43 98 90 93 68
30 51 94 89 49 13 67 4 35 39
85 55 82 53 51 20 81 39 65 71
7 32 28 26 33 41 43 79 66 31
23 26 52 38 97 94 72 76 10 43
56 37 87 15 74 18 32 53 48 5
93 21 19 3 48 28 66 77 81 32
5 58 58 75 9 8 97 10 27 6
34 26 52 4 65 71 36 2 49 56
72 19 63 48 38 82 36 97 61 56
78 65 28 86 71 42 67 31 73 72
25 52 44 28 38 90 1 62 60 23
31 36 80 51 76 76 47 28 88 95
73 89 88 62 43 62 87 74 42 50
69 95 21 46 8 95 12 60 62 53
18 51 36 43 66 74 91 53 28 27
15 56 64 1 62 80 21 74 55 8
39 21 75 52 18 33 6 88 58 18
2 35 6 19 13 91 6 11 55 81
55 90 41 85 16 35 1 88 90 57
33 26 4 37 64 80 38 92 61 54
24 83 5 73 18 79 69 7 73 99
19 37 77 25 87 68 77 80 3 20
19 59 75 35 86 97 3 67 74 10
97 3 91 79 29 98 75 27 94 19
98 44 88 88 9 3 64 21 30 18
49 42 22 29 96 22 53 43 81 53
95 57 8 7 40 52 18 59 9 73
71 45 97 18 78 80 10 30 87 10
2 36 58 26 78 32 97 17 58 74
55 90 72 63 63 75 18 4 42 93
37 71 45 41 13 78 48 7 59 22
73 37 55 20 47 36 70 21 48 75
91 69 12 97 31 46 60 83 29 84
58 27 35 80 97 16 75 44 83 9
33 13 95 15 5 36 94 70 60 27
78 16 95 47 86 93 14 30 83 32
60 32 56 29 51 39 53 39 76 51
53 53 53 46 46 19 90 35 43 83
38 59 48 78 56 95 19 8 90 70
53 8 61 16 69 91 42 6 14 13
90 98 46 67 50 49 86 92 84 1
30 65 29 44 27 35 15 39 10 81
14 50 85 23 60 93 58 55 15 13
53 85 1 47 48 11 7 34 38 98
87 78 75 98 74 93 65 98 90 58
51 38 25 97 91 6 40 47 80 28
25 55 39 49 92 96 51 99 19 3
50 89 92 65 80 19 61 16 15 21
# P_hat : m1 | m2 | m3 | m4 | m5 | m6 | m7 | m8 | m9 | m10
4.90 7.60 6.00 4.00 3.20 1.70 3.30 9.80 9.00 7.50
1.00 9.10 3.90 5.60 0.50 4.30 9.80 9.00 9.30 6.80
3.00 5.10 9.40 8.90 4.90 1.30 6.70 0.40 3.50 3.90
8.50 5.50 8.20 5.30 5.10 2.00 8.10 3.90 6.50 7.10
0.70 3.20 2.80 2.60 3.30 4.10 4.30 7.90 6.60 3.10
2.30 2.60 5.20 3.80 9.70 9.40 7.20 7.60 1.00 4.30
5.60 3.70 8.70 1.50 7.40 1.80 3.20 5.30 4.80 0.50
9.30 2.10 1.90 0.30 4.80 2.80 6.60 7.70 8.10 3.20
0.50 5.80 5.80 7.50 0.90 0.80 9.70 1.00 2.70 0.60
3.40 2.60 5.20 0.40 6.50 7.10 3.60 0.20 4.90 5.60
7.20 1.90 6.30 4.80 3.80 8.20 3.60 9.70 6.10 5.60
7.80 6.50 2.80 8.60 7.10 4.20 6.70 3.10 7.30 7.20
2.50 5.20 4.40 2.80 3.80 9.00 0.10 6.20 6.00 2.30
3.10 3.60 8.00 5.10 7.60 7.60 4.70 2.80 8.80 9.50
7.30 8.90 8.80 6.20 4.30 6.20 8.70 7.40 4.20 5.00
6.90 9.50 2.10 4.60 0.80 9.50 1.20 6.00 6.20 5.30
1.80 5.10 3.60 4.30 6.60 7.40 9.10 5.30 2.80 2.70
1.50 5.60 6.40 0.10 6.20 8.00 2.10 7.40 5.50 0.80
3.90 2.10 7.50 5.20 1.80 3.30 0.60 8.80 5.80 1.80
0.20 3.50 0.60 1.90 1.30 9.10 0.60 1.10 5.50 8.10
5.50 9.00 4.10 8.50 1.60 3.50 0.10 8.80 9.00 5.70
3.30 2.60 0.40 3.70 6.40 8.00 3.80 9.20 6.10 5.40
2.40 8.30 0.50 7.30 1.80 7.90 6.90 0.70 7.30 9.90
1.90 3.70 7.70 2.50 8.70 6.80 7.70 8.00 0.30 2.00
1.90 5.90 7.50 3.50 8.60 9.70 0.30 6.70 7.40 1.00
9.70 0.30 9.10 7.90 2.90 9.80 7.50 2.70 9.40 1.90
9.80 4.40 8.80 8.80 0.90 0.30 6.40 2.10 3.00 1.80
4.90 4.20 2.20 2.90 9.60 2.20 5.30 4.30 8.10 5.30
9.50 5.70 0.80 0.70 4.00 5.20 1.80 5.90 0.90 7.30
7.10 4.50 9.70 1.80 7.80 8.00 1.00 3.00 8.70 1.00
0.20 3.60 5.80 2.60 7.80 3.20 9.70 1.70 5.80 7.40
5.50 9.00 7.20 6.30 6.30 7.50 1.80 0.40 4.20 9.30
3.70 7.10 4.50 4.10 1.30 7.80 4.80 0.70 5.90 2.20
7.30 3.70 5.50 2.00 4.70 3.60 7.00 2.10 4.80 7.50
9.10 6.90 1.20 9.70 3.10 4.60 6.00 8.30 2.90 8.40
5.80 2.70 3.50 8.00 9.70 1.60 7.50 4.40 8.30 0.90
3.30 1.30 9.50 1.50 0.50 3.60 9.40 7.00 6.00 2.70
7.80 1.60 9.50 4.70 8.60 9.30 1.40 3.00 8.30 3.20
6.00 3.20 5.60 2.90 5.10 3.90 5.30 3.90 7.60 5.10
5.30 5.30 5.30 4.60 4.60 1.90 9.00 3.50 4.30 8.30
3.80 5.90 4.80 7.80 5.60 9.50 1.90 0.80 9.00 7.00
5.30 0.80 6.10 1.60 6.90 9.10 4.20 0.60 1.40 1.30
9.00 9.80 4.60 6.70 5.00 4.90 8.60 9.20 8.40 0.10
3.00 6.50 2.90 4.40 2.70 3.50 1.50 3.90 1.00 8.10
1.40 5.00 8.50 2.30 6.00 9.30 5.80 5.50 1.50 1.30
5.30 8.50 0.10 4.70 4.80 1.10 0.70 3.40 3.80 9.80
8.70 7.80 7.50 9.80 7.40 9.30 6.50 9.80 9.00 5.80
5.10 3.80 2.50 9.70 9.10 0.60 4.00 4.70 8.00 2.80
2.50 5.50 3.90 4.90 9.20 9.60 5.10 9.90 1.90 0.30
5.00 8.90 9.20 6.50 8.00 1.90 6.10 1.60 1.50 2.10
