# nJobs | nMachines
20 20
# Job Weights
42
29
3
97
67
65
51
66
13
37
13
8
40
67
31
82
8
82
96
8
# P_bar : m1 | m2 | m3 | m4 | m5 | m6 | m7 | m8 | m9 | m10 | m11 | m12 | m13 | m14 | m15 | m16 | m17 | m18 | m19 | m20
77 52 47 40 72 90 89 91 15 34 87 47 56 68 94 57 57 12 22 99
3 83 86 56 88 70 59 42 91 18 36 40 33 87 36 79 56 72 35 78
60 50 85 42 83 23 43 79 46 67 48 49 58 7 45 74 15 17 89 42
92 2 2 73 38 28 77 6 51 15 1 23 99 21 26 21 51 91 4 88
17 9 43 98 8 50 83 56 64 34 81 3 85 91 4 69 30 75 71 54
38 48 56 74 20 33 36 13 19 64 59 84 64 39 37 39 82 60 43 50
45 68 90 49 33 42 40 66 98 71 57 4 40 25 20 41 92 20 34 54
92 37 41 32 63 69 85 74 34 5 82 40 55 77 55 76 76 23 24 83
20 57 55 48 44 36 60 21 54 82 49 36 58 58 15 84 36 83 39 36
33 19 12 57 43 80 65 7 9 84 12 13 99 96 81 20 5 93 44 41
14 59 99 71 33 37 78 7 10 38 62 90 38 65 82 7 18 41 40 80
39 20 36 65 34 25 44 29 20 91 95 57 39 1 81 40 63 99 97 45
66 25 90 73 82 87 15 23 46 55 9 3 5 83 74 26 82 74 1 14
93 64 12 19 22 41 55 11 4 1 39 3 30 57 68 28 45 54 98 96
37 92 15 12 58 34 49 36 90 4 90 66 2 4 14 93 51 10 61 45
44 6 38 20 78 54 77 50 88 71 41 74 97 36 78 81 16 61 7 65
21 24 19 29 61 51 5 91 71 49 33 28 33 77 93 25 15 40 77 17
77 29 95 39 67 52 72 10 50 31 53 80 75 94 69 82 39 96 95 27
90 6 24 38 43 90 97 81 23 18 67 59 31 11 79 60 72 18 68 77
63 64 98 28 64 22 46 87 50 44 17 39 68 41 63 25 70 85 54 54
# P_hat : m1 | m2 | m3 | m4 | m5 | m6 | m7 | m8 | m9 | m10 | m11 | m12 | m13 | m14 | m15 | m16 | m17 | m18 | m19 | m20
23.10 15.60 14.10 12.00 21.60 27.00 26.70 27.30 4.50 10.20 26.10 14.10 16.80 20.40 28.20 17.10 17.10 3.60 6.60 29.70
0.90 24.90 25.80 16.80 26.40 21.00 17.70 12.60 27.30 5.40 10.80 12.00 9.90 26.10 10.80 23.70 16.80 21.60 10.50 23.40
18.00 15.00 25.50 12.60 24.90 6.90 12.90 23.70 13.80 20.10 14.40 14.70 17.40 2.10 13.50 22.20 4.50 5.10 26.70 12.60
27.60 0.60 0.60 21.90 11.40 8.40 23.10 1.80 15.30 4.50 0.30 6.90 29.70 6.30 7.80 6.30 15.30 27.30 1.20 26.40
5.10 2.70 12.90 29.40 2.40 15.00 24.90 16.80 19.20 10.20 24.30 0.90 25.50 27.30 1.20 20.70 9.00 22.50 21.30 16.20
11.40 14.40 16.80 22.20 6.00 9.90 10.80 3.90 5.70 19.20 17.70 25.20 19.20 11.70 11.10 11.70 24.60 18.00 12.90 15.00
13.50 20.40 27.00 14.70 9.90 12.60 12.00 19.80 29.40 21.30 17.10 1.20 12.00 7.50 6.00 12.30 27.60 6.00 10.20 16.20
27.60 11.10 12.30 9.60 18.90 20.70 25.50 22.20 10.20 1.50 24.60 12.00 16.50 23.10 16.50 22.80 22.80 6.90 7.20 24.90
6.00 17.10 16.50 14.40 13.20 10.80 18.00 6.30 16.20 24.60 14.70 10.80 17.40 17.40 4.50 25.20 10.80 24.90 11.70 10.80
9.90 5.70 3.60 17.10 12.90 24.00 19.50 2.10 2.70 25.20 3.60 3.90 29.70 28.80 24.30 6.00 1.50 27.90 13.20 12.30
4.20 17.70 29.70 21.30 9.90 11.10 23.40 2.10 3.00 11.40 18.60 27.00 11.40 19.50 24.60 2.10 5.40 12.30 12.00 24.00
11.70 6.00 10.80 19.50 10.20 7.50 13.20 8.70 6.00 27.30 28.50 17.10 11.70 0.30 24.30 12.00 18.90 29.70 29.10 13.50
19.80 7.50 27.00 21.90 24.60 26.10 4.50 6.90 13.80 16.50 2.70 0.90 1.50 24.90 22.20 7.80 24.60 22.20 0.30 4.20
27.90 19.20 3.60 5.70 6.60 12.30 16.50 3.30 1.20 0.30 11.70 0.90 9.00 17.10 20.40 8.40 13.50 16.20 29.40 28.80
11.10 27.60 4.50 3.60 17.40 10.20 14.70 10.80 27.00 1.20 27.00 19.80 0.60 1.20 4.20 27.90 15.30 3.00 18.30 13.50
13.20 1.80 11.40 6.00 23.40 16.20 23.10 15.00 26.40 21.30 12.30 22.20 29.10 10.80 23.40 24.30 4.80 18.30 2.10 19.50
6.30 7.20 5.70 8.70 18.30 15.30 1.50 27.30 21.30 14.70 9.90 8.40 9.90 23.10 27.90 7.50 4.50 12.00 23.10 5.10
23.10 8.70 28.50 11.70 20.10 15.60 21.60 3.00 15.00 9.30 15.90 24.00 22.50 28.20 20.70 24.60 11.70 28.80 28.50 8.10
27.00 1.80 7.20 11.40 12.90 27.00 29.10 24.30 6.90 5.40 20.10 17.70 9.30 3.30 23.70 18.00 21.60 5.40 20.40 23.10
18.90 19.20 29.40 8.40 19.20 6.60 13.80 26.10 15.00 13.20 5.10 11.70 20.40 12.30 18.90 7.50 21.00 25.50 16.20 16.20
