# nJobs | nMachines
100 20
# Job Weights
16
31
52
16
52
53
25
77
85
22
4
79
24
57
17
13
99
5
98
57
78
9
1
98
37
20
51
45
8
82
64
61
13
73
44
35
59
85
10
9
55
50
6
20
62
34
10
46
66
70
88
12
47
87
57
82
2
13
52
60
89
12
22
97
46
14
29
82
15
21
53
55
86
18
4
38
98
4
2
60
52
99
27
86
61
58
36
97
81
69
28
21
92
20
5
75
78
6
42
20
# P_bar : m1 | m2 | m3 | m4 | m5 | m6 | m7 | m8 | m9 | m10 | m11 | m12 | m13 | m14 | m15 | m16 | m17 | m18 | m19 | m20
50 43 2 37 66 3 14 7 53 96 30 57 64 70 65 92 28 39 75 16
69 66 38 31 46 3 68 95 63 28 34 11 13 86 75 1 48 60 81 60
14 85 79 36 31 42 51 72 79 67 90 72 43 95 38 39 54 80 18 31
61 81 78 73 21 46 62 16 98 99 42 35 55 81 51 97 78 99 12 34
88 68 8 88 54 84 67 15 11 97 56 66 58 48 65 92 29 48 29 94
5 48 87 9 71 38 21 69 89 35 24 56 8 38 87 59 29 97 83 94
52 63 75 51 42 92 94 4 22 26 36 36 82 1 86 60 63 28 78 18
87 73 53 24 81 86 64 31 50 61 4 16 37 97 35 1 15 84 16 30
92 92 96 65 8 93 43 16 86 11 79 96 76 24 58 78 12 11 73 84
78 63 27 99 32 22 12 26 84 95 60 97 90 69 65 3 48 98 38 95
25 42 25 22 12 26 1 15 56 3 74 59 42 61 72 65 22 37 18 37
40 72 41 34 41 93 86 28 32 24 94 65 35 84 24 80 39 93 43 80
79 71 99 44 12 64 84 24 4 65 53 87 10 46 70 98 83 4 38 37
79 46 25 43 71 32 87 55 87 76 74 12 15 92 41 76 15 73 83 31
24 56 16 53 31 75 80 19 58 58 54 13 21 12 73 40 73 61 83 26
91 79 27 44 60 63 38 15 3 19 48 5 47 97 41 58 89 84 6 30
3 59 92 10 25 5 15 20 99 42 80 6 30 65 80 36 27 16 45 32
19 55 37 79 18 55 4 63 81 28 71 55 12 14 14 23 23 80 91 49
91 91 74 73 81 14 13 43 51 7 91 95 83 90 69 22 11 14 39 33
27 25 78 30 7 63 46 76 35 48 37 82 2 80 23 21 8 70 77 30
29 47 93 5 55 71 20 57 41 16 32 55 27 33 33 48 52 69 5 96
90 82 73 49 33 8 27 74 37 23 59 16 80 47 70 47 83 95 94 74
63 54 66 32 41 6 28 81 21 7 82 56 13 59 99 14 4 13 89 81
28 64 16 87 34 3 83 74 26 13 39 49 10 81 75 91 84 28 79 24
93 45 18 85 32 46 18 88 50 91 98 33 30 90 50 86 52 67 81 28
24 33 67 84 75 65 41 26 50 99 75 44 18 72 83 66 58 68 94 48
63 9 10 67 69 5 3 72 65 99 55 8 29 50 67 50 91 35 62 78
52 84 3 16 57 74 45 23 8 21 59 23 65 9 97 6 47 10 25 50
45 94 75 91 79 30 91 84 62 67 45 83 80 89 48 33 13 79 17 8
64 83 35 94 61 49 18 3 7 31 96 8 71 54 38 74 27 2 6 86
61 19 42 61 93 25 57 6 83 61 28 73 64 26 99 44 10 10 19 81
96 95 11 36 98 95 84 68 3 22 78 4 59 35 21 20 94 56 89 17
35 81 81 61 74 43 28 8 90 77 64 73 21 60 17 58 85 77 65 5
19 41 37 21 76 12 31 69 64 70 93 85 46 38 97 20 46 96 5 27
78 12 62 16 80 14 74 57 46 29 5 37 47 21 8 82 97 74 54 41
27 62 44 57 49 83 98 41 96 32 29 17 89 55 69 98 47 12 14 73
57 99 60 29 93 90 14 44 69 24 73 46 69 70 63 63 57 94 96 98
17 77 13 53 9 10 2 54 59 79 68 22 81 79 71 33 51 14 77 23
80 21 76 59 68 40 90 24 26 22 42 44 24 23 80 61 3 68 1 24
31 36 8 43 96 33 59 92 57 61 63 95 29 92 93 93 61 86 88 21
65 56 16 98 93 48 23 23 89 53 14 80 77 7 27 8 91 68 16 5
29 48 98 89 66 52 17 66 3 31 37 38 68 59 30 18 26 6 93 66
36 18 36 17 60 78 82 65 20 73 63 7 55 49 48 95 78 14 35 4
73 97 13 22 36 26 21 54 33 20 39 51 9 25 31 57 45 70 91 7
51 87 36 67 79 76 83 44 75 5 40 26 20 50 36 8 33 87 1 68
14 33 40 86 6 34 79 18 54 16 25 74 13 9 2 93 31 8 66 85
8 85 59 44 59 20 24 62 36 34 74 90 21 16 94 88 94 22 68 34
65 42 61 1 3 32 23 71 37 5 6 13 79 79 87 6 4 64 10 69
95 60 69 36 44 42 35 33 64 50 85 13 96 30 52 94 37 61 33 5
84 71 53 4 7 88 39 97 34 73 76 70 33 96 62 31 83 23 37 24
49 36 30 59 72 36 19 17 32 93 7 95 87 96 85 99 54 93 42 3
70 29 47 28 12 78 84 9 1 32 54 83 91 98 35 69 68 10 29 91
89 69 2 43 69 6 55 15 51 71 27 47 60 56 1 22 32 28 16 18
57 59 38 32 50 59 7 43 6 45 6 23 42 95 76 83 94 84 84 61
52 83 39 58 41 89 37 85 57 10 83 34 48 44 35 5 4 44 15 36
11 37 24 69 75 48 62 85 48 66 80 26 59 90 27 50 48 21 83 68
32 55 47 76 48 47 25 39 27 36 62 64 98 5 6 2 36 2 42 68
54 85 89 49 48 68 90 92 28 53 4 9 54 51 64 39 77 24 28 1
70 77 46 48 92 86 78 55 13 98 59 31 97 47 6 53 6 79 7 9
76 1 56 90 8 75 49 3 91 80 68 51 99 69 79 39 89 91 40 35
52 76 90 41 83 18 21 85 71 97 27 87 44 60 23 98 61 30 28 54
50 69 36 21 31 61 27 49 76 19 85 91 93 43 33 33 65 93 59 18
84 81 26 65 66 49 90 76 26 39 37 35 74 18 17 7 91 41 63 38
27 67 23 7 5 20 52 91 16 93 19 21 91 92 1 54 78 49 10 19
6 62 36 83 64 65 18 17 27 47 53 70 94 82 9 71 39 28 4 82
44 95 54 12 59 55 95 30 76 3 11 48 30 27 29 21 73 13 6 43
50 15 57 72 10 5 38 66 65 64 13 31 52 74 49 5 20 43 90 60
89 78 35 27 97 9 82 22 82 12 64 98 17 76 20 13 92 29 98 43
87 88 33 58 86 1 76 21 57 68 80 97 96 57 50 70 66 45 12 46
14 82 5 20 6 84 99 75 25 28 52 8 44 96 7 57 92 22 76 91
96 61 74 92 34 37 43 59 72 14 17 9 46 96 46 27 30 91 35 66
30 58 93 63 79 75 5 52 7 4 79 41 87 9 86 38 90 74 14 52
82 92 5 27 32 16 19 83 8 1 76 13 97 16 3 55 62 25 43 53
75 15 79 27 88 46 73 32 73 67 33 83 9 12 15 93 86 99 72 9
55 17 37 96 98 44 45 49 59 8 21 81 18 88 7 12 98 40 3 45
90 66 56 1 44 72 82 47 26 61 7 50 18 59 76 66 17 3 94 67
6 22 43 9 49 81 55 60 34 23 69 66 77 39 97 16 30 85 28 38
63 21 93 75 66 79 93 42 18 14 19 42 47 42 89 31 53 70 31 48
37 90 36 85 61 6 9 90 78 58 6 81 26 76 93 1 56 42 75 21
40 67 92 75 46 4 74 81 67 75 65 26 74 17 92 42 32 1 55 7
2 49 86 18 21 84 9 94 93 50 7 59 97 35 58 26 52 28 79 11
71 57 84 22 40 27 5 78 99 64 88 6 47 65 23 96 19 48 37 19
2 58 87 84 6 14 12 22 33 17 86 4 81 87 93 14 1 94 68 85
17 86 94 16 93 88 65 22 8 70 98 22 59 96 54 57 33 63 97 7
17 60 45 79 65 9 86 83 32 40 2 63 11 35 14 34 75 2 4 56
94 94 48 50 57 38 35 82 71 75 62 31 94 93 33 43 22 89 51 79
36 65 54 47 43 18 61 87 70 88 64 54 90 61 82 73 97 68 72 54
47 40 15 78 58 88 43 2 84 65 40 49 23 15 88 68 47 21 87 45
89 4 92 93 54 69 3 66 26 62 17 13 78 86 3 19 6 84 47 9
37 9 27 56 36 28 11 44 59 54 33 79 86 9 73 12 58 37 55 33
6 39 84 96 72 20 98 36 55 61 93 17 15 39 18 23 45 15 2 61
56 51 41 6 37 52 94 78 46 98 40 53 45 64 85 92 94 54 92 39
79 64 13 41 21 11 61 28 57 29 58 3 27 3 22 95 6 2 28 19
62 9 98 78 51 44 87 89 53 14 82 44 22 90 90 24 4 70 27 8
82 48 97 30 19 96 59 51 44 2 20 85 3 25 87 16 83 77 40 85
83 57 29 90 29 45 9 8 63 11 60 7 50 17 97 66 55 86 94 86
98 61 99 58 92 38 48 57 83 78 48 69 76 3 1 81 10 83 39 80
49 61 97 60 3 71 61 49 55 65 6 57 90 94 89 55 72 54 82 57
43 92 63 38 86 9 61 86 4 63 61 74 99 9 98 52 25 45 90 38
23 2 36 71 77 32 51 82 20 59 35 50 52 76 7 79 12 27 32 62
# P_hat : m1 | m2 | m3 | m4 | m5 | m6 | m7 | m8 | m9 | m10 | m11 | m12 | m13 | m14 | m15 | m16 | m17 | m18 | m19 | m20
5.00 4.30 0.20 3.70 6.60 0.30 1.40 0.70 5.30 9.60 3.00 5.70 6.40 7.00 6.50 9.20 2.80 3.90 7.50 1.60
6.90 6.60 3.80 3.10 4.60 0.30 6.80 9.50 6.30 2.80 3.40 1.10 1.30 8.60 7.50 0.10 4.80 6.00 8.10 6.00
1.40 8.50 7.90 3.60 3.10 4.20 5.10 7.20 7.90 6.70 9.00 7.20 4.30 9.50 3.80 3.90 5.40 8.00 1.80 3.10
6.10 8.10 7.80 7.30 2.10 4.60 6.20 1.60 9.80 9.90 4.20 3.50 5.50 8.10 5.10 9.70 7.80 9.90 1.20 3.40
8.80 6.80 0.80 8.80 5.40 8.40 6.70 1.50 1.10 9.70 5.60 6.60 5.80 4.80 6.50 9.20 2.90 4.80 2.90 9.40
0.50 4.80 8.70 0.90 7.10 3.80 2.10 6.90 8.90 3.50 2.40 5.60 0.80 3.80 8.70 5.90 2.90 9.70 8.30 9.40
5.20 6.30 7.50 5.10 4.20 9.20 9.40 0.40 2.20 2.60 3.60 3.60 8.20 0.10 8.60 6.00 6.30 2.80 7.80 1.80
8.70 7.30 5.30 2.40 8.10 8.60 6.40 3.10 5.00 6.10 0.40 1.60 3.70 9.70 3.50 0.10 1.50 8.40 1.60 3.00
9.20 9.20 9.60 6.50 0.80 9.30 4.30 1.60 8.60 1.10 7.90 9.60 7.60 2.40 5.80 7.80 1.20 1.10 7.30 8.40
7.80 6.30 2.70 9.90 3.20 2.20 1.20 2.60 8.40 9.50 6.00 9.70 9.00 6.90 6.50 0.30 4.80 9.80 3.80 9.50
2.50 4.20 2.50 2.20 1.20 2.60 0.10 1.50 5.60 0.30 7.40 5.90 4.20 6.10 7.20 6.50 2.20 3.70 1.80 3.70
4.00 7.20 4.10 3.40 4.10 9.30 8.60 2.80 3.20 2.40 9.40 6.50 3.50 8.40 2.40 8.00 3.90 9.30 4.30 8.00
7.90 7.10 9.90 4.40 1.20 6.40 8.40 2.40 0.40 6.50 5.30 8.70 1.00 4.60 7.00 9.80 8.30 0.40 3.80 3.70
7.90 4.60 2.50 4.30 7.10 3.20 8.70 5.50 8.70 7.60 7.40 1.20 1.50 9.20 4.10 7.60 1.50 7.30 8.30 3.10
2.40 5.60 1.60 5.30 3.10 7.50 8.00 1.90 5.80 5.80 5.40 1.30 2.10 1.20 7.30 4.00 7.30 6.10 8.30 2.60
9.10 7.90 2.70 4.40 6.00 6.30 3.80 1.50 0.30 1.90 4.80 0.50 4.70 9.70 4.10 5.80 8.90 8.40 0.60 3.00
0.30 5.90 9.20 1.00 2.50 0.50 1.50 2.00 9.90 4.20 8.00 0.60 3.00 6.50 8.00 3.60 2.70 1.60 4.50 3.20
1.90 5.50 3.70 7.90 1.80 5.50 0.40 6.30 8.10 2.80 7.10 5.50 1.20 1.40 1.40 2.30 2.30 8.00 9.10 4.90
9.10 9.10 7.40 7.30 8.10 1.40 1.30 4.30 5.10 0.70 9.10 9.50 8.30 9.00 6.90 2.20 1.10 1.40 3.90 3.30
2.70 2.50 7.80 3.00 0.70 6.30 4.60 7.60 3.50 4.80 3.70 8.20 0.20 8.00 2.30 2.10 0.80 7.00 7.70 3.00
2.90 4.70 9.30 0.50 5.50 7.10 2.00 5.70 4.10 1.60 3.20 5.50 2.70 3.30 3.30 4.80 5.20 6.90 0.50 9.60
9.00 8.20 7.30 4.90 3.30 0.80 2.70 7.40 3.70 2.30 5.90 1.60 8.00 4.70 7.00 4.70 8.30 9.50 9.40 7.40
6.30 5.40 6.60 3.20 4.10 0.60 2.80 8.10 2.10 0.70 8.20 5.60 1.30 5.90 9.90 1.40 0.40 1.30 8.90 8.10
2.80 6.40 1.60 8.70 3.40 0.30 8.30 7.40 2.60 1.30 3.90 4.90 1.00 8.10 7.50 9.10 8.40 2.80 7.90 2.40
9.30 4.50 1.80 8.50 3.20 4.60 1.80 8.80 5.00 9.10 9.80 3.30 3.00 9.00 5.00 8.60 5.20 6.70 8.10 2.80
2.40 3.30 6.70 8.40 7.50 6.50 4.10 2.60 5.00 9.90 7.50 4.40 1.80 7.20 8.30 6.60 5.80 6.80 9.40 4.80
6.30 0.90 1.00 6.70 6.90 0.50 0.30 7.20 6.50 9.90 5.50 0.80 2.90 5.00 6.70 5.00 9.10 3.50 6.20 7.80
5.20 8.40 0.30 1.60 5.70 7.40 4.50 2.30 0.80 2.10 5.90 2.30 6.50 0.90 9.70 0.60 4.70 1.00 2.50 5.00
4.50 9.40 7.50 9.10 7.90 3.00 9.10 8.40 6.20 6.70 4.50 8.30 8.00 8.90 4.80 3.30 1.30 7.90 1.70 0.80
6.40 8.30 3.50 9.40 6.10 4.90 1.80 0.30 0.70 3.10 9.60 0.80 7.10 5.40 3.80 7.40 2.70 0.20 0.60 8.60
6.10 1.90 4.20 6.10 9.30 2.50 5.70 0.60 8.30 6.10 2.80 7.30 6.40 2.60 9.90 4.40 1.00 1.00 1.90 8.10
9.60 9.50 1.10 3.60 9.80 9.50 8.40 6.80 0.30 2.20 7.80 0.40 5.90 3.50 2.10 2.00 9.40 5.60 8.90 1.70
3.50 8.10 8.10 6.10 7.40 4.30 2.80 0.80 9.00 7.70 6.40 7.30 2.10 6.00 1.70 5.80 8.50 7.70 6.50 0.50
1.90 4.10 3.70 2.10 7.60 1.20 3.10 6.90 6.40 7.00 9.30 8.50 4.60 3.80 9.70 2.00 4.60 9.60 0.50 2.70
7.80 1.20 6.20 1.60 8.00 1.40 7.40 5.70 4.60 2.90 0.50 3.70 4.70 2.10 0.80 8.20 9.70 7.40 5.40 4.10
2.70 6.20 4.40 5.70 4.90 8.30 9.80 4.10 9.60 3.20 2.90 1.70 8.90 5.50 6.90 9.80 4.70 1.20 1.40 7.30
5.70 9.90 6.00 2.90 9.30 9.00 1.40 4.40 6.90 2.40 7.30 4.60 6.90 7.00 6.30 6.30 5.70 9.40 9.60 9.80
1.70 7.70 1.30 5.30 0.90 1.00 0.20 5.40 5.90 7.90 6.80 2.20 8.10 7.90 7.10 3.30 5.10 1.40 7.70 2.30
8.00 2.10 7.60 5.90 6.80 4.00 9.00 2.40 2.60 2.20 4.20 4.40 2.40 2.30 8.00 6.10 0.30 6.80 0.10 2.40
3.10 3.60 0.80 4.30 9.60 3.30 5.90 9.20 5.70 6.10 6.30 9.50 2.90 9.20 9.30 9.30 6.10 8.60 8.80 2.10
6.50 5.60 1.60 9.80 9.30 4.80 2.30 2.30 8.90 5.30 1.40 8.00 7.70 0.70 2.70 0.80 9.10 6.80 1.60 0.50
2.90 4.80 9.80 8.90 6.60 5.20 1.70 6.60 0.30 3.10 3.70 3.80 6.80 5.90 3.00 1.80 2.60 0.60 9.30 6.60
3.60 1.80 3.60 1.70 6.00 7.80 8.20 6.50 2.00 7.30 6.30 0.70 5.50 4.90 4.80 9.50 7.80 1.40 3.50 0.40
7.30 9.70 1.30 2.20 3.60 2.60 2.10 5.40 3.30 2.00 3.90 5.10 0.90 2.50 3.10 5.70 4.50 7.00 9.10 0.70
5.10 8.70 3.60 6.70 7.90 7.60 8.30 4.40 7.50 0.50 4.00 2.60 2.00 5.00 3.60 0.80 3.30 8.70 0.10 6.80
1.40 3.30 4.00 8.60 0.60 3.40 7.90 1.80 5.40 1.60 2.50 7.40 1.30 0.90 0.20 9.30 3.10 0.80 6.60 8.50
0.80 8.50 5.90 4.40 5.90 2.00 2.40 6.20 3.60 3.40 7.40 9.00 2.10 1.60 9.40 8.80 9.40 2.20 6.80 3.40
6.50 4.20 6.10 0.10 0.30 3.20 2.30 7.10 3.70 0.50 0.60 1.30 7.90 7.90 8.70 0.60 0.40 6.40 1.00 6.90
9.50 6.00 6.90 3.60 4.40 4.20 3.50 3.30 6.40 5.00 8.50 1.30 9.60 3.00 5.20 9.40 3.70 6.10 3.30 0.50
8.40 7.10 5.30 0.40 0.70 8.80 3.90 9.70 3.40 7.30 7.60 7.00 3.30 9.60 6.20 3.10 8.30 2.30 3.70 2.40
4.90 3.60 3.00 5.90 7.20 3.60 1.90 1.70 3.20 9.30 0.70 9.50 8.70 9.60 8.50 9.90 5.40 9.30 4.20 0.30
7.00 2.90 4.70 2.80 1.20 7.80 8.40 0.90 0.10 3.20 5.40 8.30 9.10 9.80 3.50 6.90 6.80 1.00 2.90 9.10
8.90 6.90 0.20 4.30 6.90 0.60 5.50 1.50 5.10 7.10 2.70 4.70 6.00 5.60 0.10 2.20 3.20 2.80 1.60 1.80
5.70 5.90 3.80 3.20 5.00 5.90 0.70 4.30 0.60 4.50 0.60 2.30 4.20 9.50 7.60 8.30 9.40 8.40 8.40 6.10
5.20 8.30 3.90 5.80 4.10 8.90 3.70 8.50 5.70 1.00 8.30 3.40 4.80 4.40 3.50 0.50 0.40 4.40 1.50 3.60
1.10 3.70 2.40 6.90 7.50 4.80 6.20 8.50 4.80 6.60 8.00 2.60 5.90 9.00 2.70 5.00 4.80 2.10 8.30 6.80
3.20 5.50 4.70 7.60 4.80 4.70 2.50 3.90 2.70 3.60 6.20 6.40 9.80 0.50 0.60 0.20 3.60 0.20 4.20 6.80
5.40 8.50 8.90 4.90 4.80 6.80 9.00 9.20 2.80 5.30 0.40 0.90 5.40 5.10 6.40 3.90 7.70 2.40 2.80 0.10
7.00 7.70 4.60 4.80 9.20 8.60 7.80 5.50 1.30 9.80 5.90 3.10 9.70 4.70 0.60 5.30 0.60 7.90 0.70 0.90
7.60 0.10 5.60 9.00 0.80 7.50 4.90 0.30 9.10 8.00 6.80 5.10 9.90 6.90 7.90 3.90 8.90 9.10 4.00 3.50
5.20 7.60 9.00 4.10 8.30 1.80 2.10 8.50 7.10 9.70 2.70 8.70 4.40 6.00 2.30 9.80 6.10 3.00 2.80 5.40
5.00 6.90 3.60 2.10 3.10 6.10 2.70 4.90 7.60 1.90 8.50 9.10 9.30 4.30 3.30 3.30 6.50 9.30 5.90 1.80
8.40 8.10 2.60 6.50 6.60 4.90 9.00 7.60 2.60 3.90 3.70 3.50 7.40 1.80 1.70 0.70 9.10 4.10 6.30 3.80
2.70 6.70 2.30 0.70 0.50 2.00 5.20 9.10 1.60 9.30 1.90 2.10 9.10 9.20 0.10 5.40 7.80 4.90 1.00 1.90
0.60 6.20 3.60 8.30 6.40 6.50 1.80 1.70 2.70 4.70 5.30 7.00 9.40 8.20 0.90 7.10 3.90 2.80 0.40 8.20
4.40 9.50 5.40 1.20 5.90 5.50 9.50 3.00 7.60 0.30 1.10 4.80 3.00 2.70 2.90 2.10 7.30 1.30 0.60 4.30
5.00 1.50 5.70 7.20 1.00 0.50 3.80 6.60 6.50 6.40 1.30 3.10 5.20 7.40 4.90 0.50 2.00 4.30 9.00 6.00
8.90 7.80 3.50 2.70 9.70 0.90 8.20 2.20 8.20 1.20 6.40 9.80 1.70 7.60 2.00 1.30 9.20 2.90 9.80 4.30
8.70 8.80 3.30 5.80 8.60 0.10 7.60 2.10 5.70 6.80 8.00 9.70 9.60 5.70 5.00 7.00 6.60 4.50 1.20 4.60
1.40 8.20 0.50 2.00 0.60 8.40 9.90 7.50 2.50 2.80 5.20 0.80 4.40 9.60 0.70 5.70 9.20 2.20 7.60 9.10
9.60 6.10 7.40 9.20 3.40 3.70 4.30 5.90 7.20 1.40 1.70 0.90 4.60 9.60 4.60 2.70 3.00 9.10 3.50 6.60
3.00 5.80 9.30 6.30 7.90 7.50 0.50 5.20 0.70 0.40 7.90 4.10 8.70 0.90 8.60 3.80 9.00 7.40 1.40 5.20
8.20 9.20 0.50 2.70 3.20 1.60 1.90 8.30 0.80 0.10 7.60 1.30 9.70 1.60 0.30 5.50 6.20 2.50 4.30 5.30
7.50 1.50 7.90 2.70 8.80 4.60 7.30 3.20 7.30 6.70 3.30 8.30 0.90 1.20 1.50 9.30 8.60 9.90 7.20 0.90
5.50 1.70 3.70 9.60 9.80 4.40 4.50 4.90 5.90 0.80 2.10 8.10 1.80 8.80 0.70 1.20 9.80 4.00 0.30 4.50
9.00 6.60 5.60 0.10 4.40 7.20 8.20 4.70 2.60 6.10 0.70 5.00 1.80 5.90 7.60 6.60 1.70 0.30 9.40 6.70
0.60 2.20 4.30 0.90 4.90 8.10 5.50 6.00 3.40 2.30 6.90 6.60 7.70 3.90 9.70 1.60 3.00 8.50 2.80 3.80
6.30 2.10 9.30 7.50 6.60 7.90 9.30 4.20 1.80 1.40 1.90 4.20 4.70 4.20 8.90 3.10 5.30 7.00 3.10 4.80
3.70 9.00 3.60 8.50 6.10 0.60 0.90 9.00 7.80 5.80 0.60 8.10 2.60 7.60 9.30 0.10 5.60 4.20 7.50 2.10
4.00 6.70 9.20 7.50 4.60 0.40 7.40 8.10 6.70 7.50 6.50 2.60 7.40 1.70 9.20 4.20 3.20 0.10 5.50 0.70
0.20 4.90 8.60 1.80 2.10 8.40 0.90 9.40 9.30 5.00 0.70 5.90 9.70 3.50 5.80 2.60 5.20 2.80 7.90 1.10
7.10 5.70 8.40 2.20 4.00 2.70 0.50 7.80 9.90 6.40 8.80 0.60 4.70 6.50 2.30 9.60 1.90 4.80 3.70 1.90
0.20 5.80 8.70 8.40 0.60 1.40 1.20 2.20 3.30 1.70 8.60 0.40 8.10 8.70 9.30 1.40 0.10 9.40 6.80 8.50
1.70 8.60 9.40 1.60 9.30 8.80 6.50 2.20 0.80 7.00 9.80 2.20 5.90 9.60 5.40 5.70 3.30 6.30 9.70 0.70
1.70 6.00 4.50 7.90 6.50 0.90 8.60 8.30 3.20 4.00 0.20 6.30 1.10 3.50 1.40 3.40 7.50 0.20 0.40 5.60
9.40 9.40 4.80 5.00 5.70 3.80 3.50 8.20 7.10 7.50 6.20 3.10 9.40 9.30 3.30 4.30 2.20 8.90 5.10 7.90
3.60 6.50 5.40 4.70 4.30 1.80 6.10 8.70 7.00 8.80 6.40 5.40 9.00 6.10 8.20 7.30 9.70 6.80 7.20 5.40
4.70 4.00 1.50 7.80 5.80 8.80 4.30 0.20 8.40 6.50 4.00 4.90 2.30 1.50 8.80 6.80 4.70 2.10 8.70 4.50
8.90 0.40 9.20 9.30 5.40 6.90 0.30 6.60 2.60 6.20 1.70 1.30 7.80 8.60 0.30 1.90 0.60 8.40 4.70 0.90
3.70 0.90 2.70 5.60 3.60 2.80 1.10 4.40 5.90 5.40 3.30 7.90 8.60 0.90 7.30 1.20 5.80 3.70 5.50 3.30
0.60 3.90 8.40 9.60 7.20 2.00 9.80 3.60 5.50 6.10 9.30 1.70 1.50 3.90 1.80 2.30 4.50 1.50 0.20 6.10
5.60 5.10 4.10 0.60 3.70 5.20 9.40 7.80 4.60 9.80 4.00 5.30 4.50 6.40 8.50 9.20 9.40 5.40 9.20 3.90
7.90 6.40 1.30 4.10 2.10 1.10 6.10 2.80 5.70 2.90 5.80 0.30 2.70 0.30 2.20 9.50 0.60 0.20 2.80 1.90
6.20 0.90 9.80 7.80 5.10 4.40 8.70 8.90 5.30 1.40 8.20 4.40 2.20 9.00 9.00 2.40 0.40 7.00 2.70 0.80
8.20 4.80 9.70 3.00 1.90 9.60 5.90 5.10 4.40 0.20 2.00 8.50 0.30 2.50 8.70 1.60 8.30 7.70 4.00 8.50
8.30 5.70 2.90 9.00 2.90 4.50 0.90 0.80 6.30 1.10 6.00 0.70 5.00 1.70 9.70 6.60 5.50 8.60 9.40 8.60
9.80 6.10 9.90 5.80 9.20 3.80 4.80 5.70 8.30 7.80 4.80 6.90 7.60 0.30 0.10 8.10 1.00 8.30 3.90 8.00
4.90 6.10 9.70 6.00 0.30 7.10 6.10 4.90 5.50 6.50 0.60 5.70 9.00 9.40 8.90 5.50 7.20 5.40 8.20 5.70
4.30 9.20 6.30 3.80 8.60 0.90 6.10 8.60 0.40 6.30 6.10 7.40 9.90 0.90 9.80 5.20 2.50 4.50 9.00 3.80
2.30 0.20 3.60 7.10 7.70 3.20 5.10 8.20 2.00 5.90 3.50 5.00 5.20 7.60 0.70 7.90 1.20 2.70 3.20 6.20
