# nJobs | nMachines
50 10
# Job Weights
85
4
45
96
77
35
32
87
67
32
68
12
53
87
80
14
58
22
91
54
88
15
86
45
61
30
98
30
63
19
88
2
14
48
38
81
15
32
16
32
23
96
67
47
6
16
1
45
27
80
# P_bar : m1 | m2 | m3 | m4 | m5 | m6 | m7 | m8 | m9 | m10
18 97 14 74 75 27 69 65 89 83
77 49 17 29 43 98 28 21 41 3
73 33 31 77 70 62 95 60 16 99
91 48 37 14 11 17 38 72 7 87
96 68 85 30 64 35 89 4 84 60
10 36 84 14 88 71 19 85 53 92
58 66 7 48 94 94 6 47 56 75
70 6 54 1 9 58 52 80 71 53
42 54 40 4 29 77 70 71 40 30
21 16 95 71 58 29 4 26 17 59
11 7 97 54 90 61 81 73 33 95
88 35 44 30 78 41 1 36 3 85
91 64 4 42 63 47 36 38 51 63
78 18 46 43 34 2 30 13 76 21
70 8 10 33 71 16 13 66 2 78
53 61 63 32 49 41 90 82 63 72
51 41 76 12 69 59 30 2 84 87
96 65 23 68 97 27 66 76 55 52
27 71 95 8 10 18 28 29 3 39
47 34 73 82 43 33 36 90 82 93
30 35 78 27 22 1 38 36 46 22
37 92 46 59 16 99 48 32 58 82
63 70 40 20 31 3 97 84 24 21
61 65 34 60 22 15 56 78 57 65
73 76 92 76 62 45 92 94 59 81
80 71 42 44 14 82 93 45 86 59
5 81 56 29 11 20 81 14 39 73
82 32 4 68 46 11 24 72 55 74
49 27 63 24 85 90 38 3 69 33
11 95 93 46 59 65 39 18 36 53
79 49 72 94 73 73 33 58 98 47
78 51 63 79 22 71 7 87 82 69
57 65 62 68 70 26 75 30 44 11
47 17 30 49 52 97 43 73 70 31
91 91 91 85 70 50 92 71 67 69
92 23 96 87 45 43 44 5 74 67
94 17 53 17 45 7 35 77 61 3
33 19 19 99 37 78 2 60 38 21
52 28 40 76 2 27 96 6 87 29
12 70 14 81 90 50 28 61 35 28
37 67 16 52 2 70 13 23 37 45
47 40 66 24 40 65 67 29 98 2
39 81 54 57 70 96 61 2 26 53
4 54 54 8 93 27 71 67 49 36
50 52 64 36 44 66 20 69 12 5
90 38 86 67 71 18 54 38 52 79
58 6 31 57 83 96 53 37 49 76
46 8 99 66 13 66 75 80 92 32
14 31 10 5 3 82 58 51 43 87
84 98 2 69 99 23 74 34 75 4
# P_hat : m1 | m2 | m3 | m4 | m5 | m6 | m7 | m8 | m9 | m10
7.20 38.80 5.60 29.60 30.00 10.80 27.60 26.00 35.60 33.20
30.80 19.60 6.80 11.60 17.20 39.20 11.20 8.40 16.40 1.20
29.20 13.20 12.40 30.80 28.00 24.80 38.00 24.00 6.40 39.60
36.40 19.20 14.80 5.60 4.40 6.80 15.20 28.80 2.80 34.80
38.40 27.20 34.00 12.00 25.60 14.00 35.60 1.60 33.60 24.00
4.00 14.40 33.60 5.60 35.20 28.40 7.60 34.00 21.20 36.80
23.20 26.40 2.80 19.20 37.60 37.60 2.40 18.80 22.40 30.00
28.00 2.40 21.60 0.40 3.60 23.20 20.80 32.00 28.40 21.20
16.80 21.60 16.00 1.60 11.60 30.80 28.00 28.40 16.00 12.00
8.40 6.40 38.00 28.40 23.20 11.60 1.60 10.40 6.80 23.60
4.40 2.80 38.80 21.60 36.00 24.40 32.40 29.20 13.20 38.00
35.20 14.00 17.60 12.00 31.20 16.40 0.40 14.40 1.20 34.00
36.40 25.60 1.60 16.80 25.20 18.80 14.40 15.20 20.40 25.20
31.20 7.20 18.40 17.20 13.60 0.80 12.00 5.20 30.40 8.40
28.00 3.20 4.00 13.20 28.40 6.40 5.20 26.40 0.80 31.20
21.20 24.40 25.20 12.80 19.60 16.40 36.00 32.80 25.20 28.80
20.40 16.40 30.40 4.80 27.60 23.60 12.00 0.80 33.60 34.80
38.40 26.00 9.20 27.20 38.80 10.80 26.40 30.40 22.00 20.80
10.80 28.40 38.00 3.20 4.00 7.20 11.20 11.60 1.20 15.60
18.80 13.60 29.20 32.80 17.20 13.20 14.40 36.00 32.80 37.20
12.00 14.00 31.20 10.80 8.80 0.40 15.20 14.40 18.40 8.80
14.80 36.80 18.40 23.60 6.40 39.60 19.20 12.80 23.20 32.80
25.20 28.00 16.00 8.00 12.40 1.20 38.80 33.60 9.60 8.40
24.40 26.00 13.60 24.00 8.80 6.00 22.40 31.20 22.80 26.00
29.20 30.40 36.80 30.40 24.80 18.00 36.80 37.60 23.60 32.40
32.00 28.40 16.80 17.60 5.60 32.80 37.20 18.00 34.40 23.60
2.00 32.40 22.40 11.60 4.40 8.00 32.40 5.60 15.60 29.20
32.80 12.80 1.60 27.20 18.40 4.40 9.60 28.80 22.00 29.60
19.60 10.80 25.20 9.60 34.00 36.00 15.20 1.20 27.60 13.20
4.40 38.00 37.20 18.40 23.60 26.00 15.60 7.20 14.40 21.20
31.60 19.60 28.80 37.60 29.20 29.20 13.20 23.20 39.20 18.80
31.20 20.40 25.20 31.60 8.80 28.40 2.80 34.80 32.80 27.60
22.80 26.00 24.80 27.20 28.00 10.40 30.00 12.00 17.60 4.40
18.80 6.80 12.00 19.60 20.80 38.80 17.20 29.20 28.00 12.40
36.40 36.40 36.40 34.00 28.00 20.00 36.80 28.40 26.80 27.60
36.80 9.20 38.40 34.80 18.00 17.20 17.60 2.00 29.60 26.80
37.60 6.80 21.20 6.80 18.00 2.80 14.00 30.80 24.40 1.20
13.20 7.60 7.60 39.60 14.80 31.20 0.80 24.00 15.20 8.40
20.80 11.20 16.00 30.40 0.80 10.80 38.40 2.40 34.80 11.60
4.80 28.00 5.60 32.40 36.00 20.00 11.20 24.40 14.00 11.20
14.80 26.80 6.40 20.80 0.80 28.00 5.20 9.20 14.80 18.00
18.80 16.00 26.40 9.60 16.00 26.00 26.80 11.60 39.20 0.80
15.60 32.40 21.60 22.80 28.00 38.40 24.40 0.80 10.40 21.20
1.60 21.60 21.60 3.20 37.20 10.80 28.40 26.80 19.60 14.40
20.00 20.80 25.60 14.40 17.60 26.40 8.00 27.60 4.80 2.00
36.00 15.20 34.40 26.80 28.40 7.20 21.60 15.20 20.80 31.60
23.20 2.40 12.40 22.80 33.20 38.40 21.20 14.80 19.60 30.40
18.40 3.20 39.60 26.40 5.20 26.40 30.00 32.00 36.80 12.80
5.60 12.40 4.00 2.00 1.20 32.80 23.20 20.40 17.20 34.80
33.60 39.20 0.80 27.60 39.60 9.20 29.60 13.60 30.00 1.60
