# nJobs | nMachines
100 5
# Job Weights
5
91
9
6
62
48
12
11
5
89
14
100
39
59
20
38
34
90
49
62
67
56
31
23
47
67
57
62
72
89
65
81
92
27
76
53
92
17
11
80
31
73
96
97
69
2
59
95
62
63
89
8
41
77
87
58
63
6
84
59
35
52
100
39
18
84
65
4
75
62
9
10
18
84
76
4
33
64
4
3
5
75
22
79
45
63
65
75
3
24
13
15
47
62
27
61
49
22
88
51
# P_bar : m1 | m2 | m3 | m4 | m5
88 43 2 95 20
11 9 10 10 5
99 81 40 84 96
20 83 22 34 32
63 90 98 26 33
67 44 85 76 79
79 60 11 32 35
91 70 94 50 4
13 85 49 44 22
77 11 57 36 13
13 88 47 18 64
52 44 65 25 9
84 97 22 28 55
73 96 21 81 92
61 28 18 57 85
27 93 72 48 20
67 28 72 79 86
5 95 25 14 57
3 94 41 88 49
13 6 31 8 61
89 52 82 85 50
58 23 91 69 26
55 33 57 60 16
1 2 89 74 87
79 60 51 66 32
74 42 5 7 49
14 59 4 24 27
71 45 30 92 9
13 5 26 57 92
60 76 78 85 93
1 45 53 54 43
55 26 43 33 62
75 44 58 86 19
88 47 92 61 27
78 11 80 16 2
80 81 64 33 82
15 82 6 14 61
93 68 70 5 10
98 6 94 85 43
40 87 34 83 94
27 20 98 94 59
65 32 28 46 56
65 35 64 67 82
70 7 62 74 17
63 61 43 81 42
54 4 47 10 34
42 71 6 9 29
82 70 11 75 80
94 11 43 70 32
4 49 22 92 14
34 54 41 25 49
91 63 83 97 53
50 91 43 45 43
50 79 48 23 31
11 5 65 84 22
3 81 85 20 97
38 99 15 26 91
50 4 86 54 10
90 10 90 82 95
97 19 59 20 72
79 24 81 55 10
45 15 17 2 36
20 66 83 62 87
22 48 61 93 76
51 96 2 5 10
83 4 83 14 70
60 82 37 65 12
50 74 57 16 11
3 21 85 27 81
1 69 4 34 50
13 83 55 80 97
63 64 23 62 96
67 22 78 37 84
19 1 62 28 8
21 7 83 4 18
89 34 69 28 40
83 93 27 92 84
60 70 94 64 98
83 31 55 10 91
67 86 20 30 71
71 74 19 6 81
60 71 48 58 83
25 5 34 77 47
26 45 90 53 82
82 76 62 50 1
60 99 90 99 63
54 41 93 19 31
26 28 97 20 22
97 80 86 69 59
30 54 22 15 96
21 99 69 19 19
71 12 18 30 56
12 57 89 35 91
13 13 75 90 64
47 46 80 50 52
95 97 35 52 97
90 90 21 49 56
67 59 7 73 17
61 65 68 73 18
23 82 47 19 15
# P_hat : m1 | m2 | m3 | m4 | m5
44.00 21.50 1.00 47.50 10.00
5.50 4.50 5.00 5.00 2.50
49.50 40.50 20.00 42.00 48.00
10.00 41.50 11.00 17.00 16.00
31.50 45.00 49.00 13.00 16.50
33.50 22.00 42.50 38.00 39.50
39.50 30.00 5.50 16.00 17.50
45.50 35.00 47.00 25.00 2.00
6.50 42.50 24.50 22.00 11.00
38.50 5.50 28.50 18.00 6.50
6.50 44.00 23.50 9.00 32.00
26.00 22.00 32.50 12.50 4.50
42.00 48.50 11.00 14.00 27.50
36.50 48.00 10.50 40.50 46.00
30.50 14.00 9.00 28.50 42.50
13.50 46.50 36.00 24.00 10.00
33.50 14.00 36.00 39.50 43.00
2.50 47.50 12.50 7.00 28.50
1.50 47.00 20.50 44.00 24.50
6.50 3.00 15.50 4.00 30.50
44.50 26.00 41.00 42.50 25.00
29.00 11.50 45.50 34.50 13.00
27.50 16.50 28.50 30.00 8.00
0.50 1.00 44.50 37.00 43.50
39.50 30.00 25.50 33.00 16.00
37.00 21.00 2.50 3.50 24.50
7.00 29.50 2.00 12.00 13.50
35.50 22.50 15.00 46.00 4.50
6.50 2.50 13.00 28.50 46.00
30.00 38.00 39.00 42.50 46.50
0.50 22.50 26.50 27.00 21.50
27.50 13.00 21.50 16.50 31.00
37.50 22.00 29.00 43.00 9.50
44.00 23.50 46.00 30.50 13.50
39.00 5.50 40.00 8.00 1.00
40.00 40.50 32.00 16.50 41.00
7.50 41.00 3.00 7.00 30.50
46.50 34.00 35.00 2.50 5.00
49.00 3.00 47.00 42.50 21.50
20.00 43.50 17.00 41.50 47.00
13.50 10.00 49.00 47.00 29.50
32.50 16.00 14.00 23.00 28.00
32.50 17.50 32.00 33.50 41.00
35.00 3.50 31.00 37.00 8.50
31.50 30.50 21.50 40.50 21.00
27.00 2.00 23.50 5.00 17.00
21.00 35.50 3.00 4.50 14.50
41.00 35.00 5.50 37.50 40.00
47.00 5.50 21.50 35.00 16.00
2.00 24.50 11.00 46.00 7.00
17.00 27.00 20.50 12.50 24.50
45.50 31.50 41.50 48.50 26.50
25.00 45.50 21.50 22.50 21.50
25.00 39.50 24.00 11.50 15.50
5.50 2.50 32.50 42.00 11.00
1.50 40.50 42.50 10.00 48.50
19.00 49.50 7.50 13.00 45.50
25.00 2.00 43.00 27.00 5.00
45.00 5.00 45.00 41.00 47.50
48.50 9.50 29.50 10.00 36.00
39.50 12.00 40.50 27.50 5.00
22.50 7.50 8.50 1.00 18.00
10.00 33.00 41.50 31.00 43.50
11.00 24.00 30.50 46.50 38.00
25.50 48.00 1.00 2.50 5.00
41.50 2.00 41.50 7.00 35.00
30.00 41.00 18.50 32.50 6.00
25.00 37.00 28.50 8.00 5.50
1.50 10.50 42.50 13.50 40.50
0.50 34.50 2.00 17.00 25.00
6.50 41.50 27.50 40.00 48.50
31.50 32.00 11.50 31.00 48.00
33.50 11.00 39.00 18.50 42.00
9.50 0.50 31.00 14.00 4.00
10.50 3.50 41.50 2.00 9.00
44.50 17.00 34.50 14.00 20.00
41.50 46.50 13.50 46.00 42.00
30.00 35.00 47.00 32.00 49.00
41.50 15.50 27.50 5.00 45.50
33.50 43.00 10.00 15.00 35.50
35.50 37.00 9.50 3.00 40.50
30.00 35.50 24.00 29.00 41.50
12.50 2.50 17.00 38.50 23.50
13.00 22.50 45.00 26.50 41.00
41.00 38.00 31.00 25.00 0.50
30.00 49.50 45.00 49.50 31.50
27.00 20.50 46.50 9.50 15.50
13.00 14.00 48.50 10.00 11.00
48.50 40.00 43.00 34.50 29.50
15.00 27.00 11.00 7.50 48.00
10.50 49.50 34.50 9.50 9.50
35.50 6.00 9.00 15.00 28.00
6.00 28.50 44.50 17.50 45.50
6.50 6.50 37.50 45.00 32.00
23.50 23.00 40.00 25.00 26.00
47.50 48.50 17.50 26.00 48.50
45.00 45.00 10.50 24.50 28.00
33.50 29.50 3.50 36.50 8.50
30.50 32.50 34.00 36.50 9.00
11.50 41.00 23.50 9.50 7.50
