# nJobs | nMachines
50 5
# Job Weights
16
18
50
70
67
70
73
76
18
73
98
2
70
94
80
71
83
98
76
90
35
54
48
3
78
21
4
72
40
69
93
62
88
68
58
22
39
83
31
74
97
44
11
56
30
24
47
28
31
79
# P_bar : m1 | m2 | m3 | m4 | m5
75 26 48 26 77
87 37 4 67 94
13 25 92 4 9
11 95 92 14 57
41 49 72 93 29
43 12 45 54 79
93 59 5 21 55
69 17 98 20 73
80 46 93 6 65
13 20 17 18 86
24 52 79 75 25
72 44 11 25 39
38 92 16 16 76
81 75 89 77 24
83 95 81 28 38
88 33 92 24 5
26 10 45 15 91
6 45 61 77 29
89 2 39 36 22
67 62 28 16 27
70 62 94 32 39
30 82 87 46 31
89 29 23 21 46
30 29 1 81 18
68 94 55 28 93
21 20 91 70 58
78 42 67 89 85
46 80 91 54 58
99 94 4 96 97
10 35 60 62 10
17 8 38 46 79
23 41 25 60 93
83 65 90 19 2
47 4 93 97 87
86 71 13 13 17
18 30 65 7 18
67 14 25 44 10
46 32 34 7 50
4 50 47 73 8
14 30 98 15 26
4 27 91 66 14
20 98 11 70 21
88 39 46 97 15
50 84 50 33 10
84 65 77 97 85
58 12 5 64 46
93 58 14 73 42
76 45 47 28 18
50 49 80 4 36
30 15 45 87 2
# P_hat : m1 | m2 | m3 | m4 | m5
30.00 10.40 19.20 10.40 30.80
34.80 14.80 1.60 26.80 37.60
5.20 10.00 36.80 1.60 3.60
4.40 38.00 36.80 5.60 22.80
16.40 19.60 28.80 37.20 11.60
17.20 4.80 18.00 21.60 31.60
37.20 23.60 2.00 8.40 22.00
27.60 6.80 39.20 8.00 29.20
32.00 18.40 37.20 2.40 26.00
5.20 8.00 6.80 7.20 34.40
9.60 20.80 31.60 30.00 10.00
28.80 17.60 4.40 10.00 15.60
15.20 36.80 6.40 6.40 30.40
32.40 30.00 35.60 30.80 9.60
33.20 38.00 32.40 11.20 15.20
35.20 13.20 36.80 9.60 2.00
10.40 4.00 18.00 6.00 36.40
2.40 18.00 24.40 30.80 11.60
35.60 0.80 15.60 14.40 8.80
26.80 24.80 11.20 6.40 10.80
28.00 24.80 37.60 12.80 15.60
12.00 32.80 34.80 18.40 12.40
35.60 11.60 9.20 8.40 18.40
12.00 11.60 0.40 32.40 7.20
27.20 37.60 22.00 11.20 37.20
8.40 8.00 36.40 28.00 23.20
31.20 16.80 26.80 35.60 34.00
18.40 32.00 36.40 21.60 23.20
39.60 37.60 1.60 38.40 38.80
4.00 14.00 24.00 24.80 4.00
6.80 3.20 15.20 18.40 31.60
9.20 16.40 10.00 24.00 37.20
33.20 26.00 36.00 7.60 0.80
18.80 1.60 37.20 38.80 34.80
34.40 28.40 5.20 5.20 6.80
7.20 12.00 26.00 2.80 7.20
26.80 5.60 10.00 17.60 4.00
18.40 12.80 13.60 2.80 20.00
1.60 20.00 18.80 29.20 3.20
5.60 12.00 39.20 6.00 10.40
1.60 10.80 36.40 26.40 5.60
8.00 39.20 4.40 28.00 8.40
35.20 15.60 18.40 38.80 6.00
20.00 33.60 20.00 13.20 4.00
33.60 26.00 30.80 38.80 34.00
23.20 4.80 2.00 25.60 18.40
37.20 23.20 5.60 29.20 16.80
30.40 18.00 18.80 11.20 7.20
20.00 19.60 32.00 1.60 14.40
12.00 6.00 18.00 34.80 0.80
