# nJobs | nMachines
200 20
# Job Weights
37
2
17
61
100
28
69
36
15
34
41
86
90
67
54
6
45
69
64
55
20
14
42
92
49
73
80
50
19
19
58
90
29
67
18
33
19
21
91
87
18
76
14
86
36
32
88
25
86
85
66
36
87
59
80
84
99
20
18
34
90
75
68
57
37
37
37
96
79
38
95
77
47
96
89
4
60
8
55
2
36
30
94
21
8
1
50
19
20
79
41
54
40
24
57
66
20
53
43
11
97
44
6
7
19
97
83
82
69
3
20
32
7
40
87
67
81
30
52
70
44
74
80
86
80
65
52
78
68
83
75
30
42
23
59
35
59
55
34
14
61
29
24
58
88
54
82
62
11
26
88
82
3
55
62
16
45
99
69
54
47
62
68
80
69
83
49
70
90
96
84
4
98
15
43
89
70
72
76
22
19
72
16
37
75
15
80
28
93
91
70
15
9
8
16
94
90
47
23
17
# P_bar : m1 | m2 | m3 | m4 | m5 | m6 | m7 | m8 | m9 | m10 | m11 | m12 | m13 | m14 | m15 | m16 | m17 | m18 | m19 | m20
28 99 41 28 77 72 80 5 5 23 7 82 35 24 86 67 96 15 4 13
87 42 42 47 37 98 83 18 37 20 64 56 28 34 99 54 57 32 8 97
76 98 67 43 78 97 1 67 30 24 53 67 25 7 16 97 3 42 25 79
87 23 84 94 25 31 66 66 15 23 45 11 36 25 19 2 53 98 28 20
85 63 13 85 51 11 52 81 25 11 43 8 29 96 42 43 7 49 19 53
94 4 60 79 26 7 7 73 6 60 17 40 41 75 32 73 52 80 44 51
64 7 6 33 3 88 80 15 78 83 97 68 11 84 68 22 63 30 46 91
9 83 41 95 10 76 45 85 14 41 76 48 65 43 95 12 74 80 83 26
38 41 23 65 74 89 12 51 70 60 44 17 85 53 63 14 32 34 8 16
60 23 15 3 75 29 39 44 72 43 64 41 22 13 1 62 72 72 16 61
12 1 99 83 42 2 37 42 50 11 27 27 82 11 75 57 69 46 20 42
29 89 78 41 41 66 22 28 68 59 83 75 96 47 85 34 4 20 59 83
65 88 22 94 64 12 71 19 74 97 78 91 59 24 86 20 91 93 48 11
56 57 70 22 65 29 73 95 6 34 70 57 1 83 17 40 91 6 41 29
43 83 84 62 51 92 69 25 93 79 78 89 17 81 65 39 15 92 87 14
4 2 41 33 29 35 15 72 83 70 17 41 16 46 24 36 40 12 28 45
48 46 57 9 3 97 40 59 65 94 96 72 54 76 45 71 32 52 14 72
52 90 38 73 44 25 35 10 93 87 21 31 43 4 71 82 97 13 85 39
74 41 97 75 65 50 29 14 67 64 7 71 52 57 56 82 54 10 37 22
75 16 68 3 52 17 72 63 11 88 49 15 62 23 88 57 91 17 50 47
62 75 53 15 60 32 16 46 44 75 74 82 54 7 36 71 61 84 92 35
72 57 67 97 13 74 79 37 42 8 2 6 37 44 34 46 20 29 2 70
6 83 91 57 81 28 79 62 18 40 63 50 84 35 32 36 21 75 25 84
92 51 73 53 38 20 6 45 30 63 18 63 75 67 72 94 40 69 5 47
86 47 33 33 10 42 16 9 75 55 16 26 36 28 8 84 7 35 73 78
3 89 55 7 78 2 17 30 61 60 63 96 83 20 68 82 86 2 13 51
17 17 69 87 65 15 53 39 61 28 84 20 42 58 20 38 54 67 58 4
59 25 42 10 51 16 87 84 38 46 17 13 53 96 39 54 32 52 40 75
6 28 33 55 80 38 14 65 1 83 7 7 46 57 78 88 98 98 5 11
9 43 32 40 31 77 44 9 79 45 70 80 24 5 58 27 83 99 28 36
51 7 67 4 84 69 35 7 37 5 56 18 96 78 28 92 5 71 51 36
48 37 60 92 62 44 37 2 9 19 73 35 28 30 60 28 32 37 1 97
86 77 90 8 9 69 51 8 68 27 30 13 72 67 35 15 25 52 88 36
68 82 49 99 29 89 65 93 21 65 45 67 72 75 84 71 59 42 33 3
97 16 93 70 72 20 66 44 13 90 21 37 17 6 49 6 98 24 87 43
16 25 83 84 34 4 17 16 39 90 49 14 16 19 18 21 50 22 13 73
98 44 41 77 46 34 69 41 98 9 32 36 27 46 89 67 71 30 14 27
43 59 70 28 96 5 68 29 3 69 92 69 71 69 51 35 7 20 22 88
63 53 48 2 9 13 40 43 32 76 51 74 21 36 94 8 65 62 32 48
98 47 78 32 3 6 85 88 53 70 20 46 59 19 53 74 21 93 63 84
74 81 75 75 95 8 4 74 80 52 19 36 70 93 82 53 24 84 77 81
71 37 24 19 86 35 72 37 71 56 39 84 51 50 63 10 16 92 82 27
79 10 15 73 45 75 66 14 42 98 37 11 58 87 45 24 52 75 87 43
51 80 75 67 19 16 1 5 64 44 90 30 72 36 85 34 38 79 51 32
26 94 22 42 61 77 40 76 32 34 59 85 77 92 11 30 15 34 81 11
70 58 74 60 18 18 99 23 41 60 5 62 85 13 47 30 99 85 80 9
52 64 19 31 62 31 94 76 10 48 66 5 3 83 83 43 88 2 38 96
16 45 33 16 2 95 83 88 70 68 61 1 37 77 8 25 58 65 28 57
5 59 19 78 77 62 21 45 61 16 81 85 63 98 53 33 76 83 62 61
89 58 12 80 61 98 57 29 12 7 35 58 70 39 35 22 67 76 17 5
30 90 32 39 9 94 3 88 47 73 45 77 15 20 24 23 9 3 72 53
8 37 7 1 12 65 34 71 24 50 93 9 10 32 87 69 62 89 35 62
45 12 54 88 66 66 42 6 49 54 91 36 45 53 19 42 52 44 93 30
60 11 3 8 73 40 21 95 86 48 9 11 82 69 7 80 10 55 47 47
90 51 93 1 36 74 90 70 1 31 75 29 17 67 69 55 22 94 52 7
81 55 18 75 74 94 56 29 75 76 79 79 28 26 6 66 73 74 49 76
87 69 69 96 61 13 31 99 14 40 95 75 33 67 1 57 56 55 29 27
32 53 55 42 7 64 69 2 42 80 93 34 84 58 8 43 80 10 40 7
17 89 47 47 57 78 78 85 95 62 54 92 69 59 27 41 87 37 34 13
80 67 79 61 96 58 50 13 22 88 43 14 22 39 38 48 31 66 57 64
9 49 11 59 2 44 27 77 47 49 74 71 19 20 47 78 40 7 21 80
30 32 83 75 14 60 56 69 24 81 56 92 16 25 13 71 30 58 49 85
28 70 8 45 3 69 67 30 76 37 63 88 75 49 12 82 42 45 32 54
20 85 71 49 29 17 15 99 99 18 64 26 22 27 14 59 55 93 20 87
76 12 19 16 79 77 52 49 68 1 26 13 53 66 41 30 40 48 14 27
43 43 72 59 43 16 98 26 97 47 91 59 16 74 69 44 9 4 7 53
18 68 24 1 64 27 27 46 74 54 71 63 75 25 94 45 5 69 3 56
47 82 94 9 20 61 27 12 74 13 37 74 79 67 60 82 27 51 46 54
42 97 8 28 44 59 49 8 77 81 32 80 33 32 41 3 56 43 16 66
97 55 72 14 87 84 60 37 10 47 8 4 28 7 54 18 61 33 23 24
90 30 17 17 84 43 16 90 14 52 85 31 89 80 79 22 19 73 1 20
64 69 23 2 71 27 82 95 79 90 93 70 18 96 32 50 31 7 76 36
95 30 1 44 88 63 43 9 12 38 56 17 43 73 33 61 81 74 16 77
84 27 1 6 14 18 59 85 67 95 21 70 28 77 15 57 94 73 8 83
71 7 41 98 24 81 77 73 5 23 5 87 28 72 65 89 83 45 22 56
8 36 17 75 88 90 23 2 40 20 82 90 51 17 11 80 22 89 59 5
94 51 71 73 20 69 71 28 94 70 82 58 83 9 50 44 3 96 50 67
59 38 69 16 79 63 88 99 5 54 59 27 20 77 63 81 2 4 30 67
85 65 68 96 83 97 48 79 29 8 28 11 3 37 57 84 36 4 59 95
68 73 90 16 43 12 80 35 47 36 55 89 53 25 21 32 17 14 66 86
91 70 77 88 24 44 16 9 66 38 80 53 20 19 6 73 79 15 58 77
40 68 93 59 92 48 81 27 51 10 39 17 56 17 13 77 60 41 43 98
25 75 27 77 7 67 13 81 67 10 38 70 15 90 51 14 74 65 60 24
78 46 79 86 92 93 74 93 74 93 91 95 5 29 10 92 41 41 77 1
91 62 79 59 68 54 62 79 1 30 77 76 85 9 1 14 62 90 54 66
8 19 61 24 69 81 96 87 71 30 77 49 67 67 41 79 20 1 71 92
80 35 69 33 34 70 78 2 15 88 72 23 37 87 57 96 86 80 1 74
80 35 18 53 30 39 82 28 98 56 59 74 89 59 79 87 34 75 47 45
88 69 30 47 85 59 65 5 19 11 50 97 41 21 77 47 56 78 71 45
23 51 9 55 5 58 60 44 86 10 61 98 75 2 18 73 16 79 82 20
13 28 69 35 41 41 77 33 92 20 29 76 18 32 55 34 84 85 38 96
20 18 94 77 90 8 53 77 39 15 41 83 83 89 92 69 31 37 68 81
77 17 26 62 46 18 11 91 60 12 31 40 69 76 41 27 96 19 91 90
99 22 33 1 20 91 61 33 29 24 22 46 97 19 62 16 47 69 32 54
72 23 42 52 91 45 15 2 1 99 62 72 20 4 31 26 78 73 89 54
9 41 49 50 51 93 13 90 18 98 61 39 71 53 45 74 75 79 65 18
56 64 51 8 86 19 54 14 24 73 89 21 63 45 36 61 67 16 61 7
52 60 42 50 99 99 79 34 5 24 7 96 25 38 33 91 41 51 77 73
81 88 79 72 26 3 5 85 55 45 85 56 31 6 1 97 11 93 15 36
39 85 81 65 95 60 54 83 3 84 82 52 45 27 63 78 40 53 59 82
86 62 90 77 89 11 27 32 68 42 88 85 91 64 39 17 20 39 86 26
10 10 53 59 55 59 41 59 48 48 85 33 70 87 62 63 33 85 37 45
33 93 43 49 85 62 50 16 42 74 98 97 32 83 1 37 82 40 52 46
30 31 38 6 49 76 22 22 32 93 8 77 98 74 71 73 1 8 71 15
13 14 49 52 28 11 37 6 12 97 76 51 68 63 55 40 50 82 38 86
61 19 82 71 21 23 3 59 83 22 76 66 38 29 6 85 23 55 37 45
64 61 97 14 48 9 65 26 86 88 49 95 61 36 43 69 73 64 89 47
73 14 83 54 47 8 30 38 81 71 44 63 5 5 5 86 9 70 41 90
67 11 34 45 12 90 94 3 20 41 6 9 21 39 13 57 39 17 21 62
56 78 47 54 90 29 67 22 45 82 40 92 46 9 80 11 73 54 70 30
66 9 48 94 23 11 39 12 15 68 4 59 76 53 36 41 57 72 60 66
55 38 24 84 43 8 24 14 92 35 19 79 57 23 31 43 41 79 99 47
22 17 71 21 27 25 98 66 85 92 93 42 33 88 67 60 83 58 34 27
47 98 73 3 16 21 9 21 22 64 7 51 42 62 98 45 92 61 33 4
5 30 3 70 26 55 28 52 68 95 94 82 12 21 67 33 31 39 58 15
97 11 85 74 97 10 54 65 56 67 27 42 93 31 29 73 7 59 64 9
65 27 3 79 34 92 18 27 78 88 90 33 8 82 85 34 6 96 66 85
84 87 71 81 99 32 32 1 85 78 53 3 90 93 54 14 86 41 22 79
3 6 14 47 17 60 50 46 23 51 79 19 94 66 90 8 54 21 31 25
72 57 70 60 63 59 43 13 10 84 5 54 12 28 21 77 93 98 54 92
19 77 62 60 48 5 80 30 43 22 69 66 43 59 26 46 59 22 33 67
6 79 2 30 24 8 14 63 84 75 3 28 80 18 22 63 1 5 97 45
10 94 14 20 27 65 25 87 22 80 5 74 88 31 96 38 66 19 95 47
21 33 94 81 53 57 7 2 43 53 15 11 94 83 75 41 91 43 43 88
56 45 85 97 74 9 81 14 15 38 5 70 43 25 13 75 78 2 7 79
17 50 48 39 75 84 58 11 53 5 22 30 28 22 15 35 97 74 85 75
75 38 84 24 51 88 48 41 12 10 84 37 60 18 20 50 42 69 34 4
30 86 75 34 28 84 85 24 35 34 7 16 17 71 80 11 27 16 64 22
44 43 22 92 46 29 85 19 85 21 64 72 69 81 28 80 25 76 52 84
34 91 81 58 82 48 77 2 38 74 85 62 19 15 26 71 41 96 8 25
39 95 32 8 80 87 4 82 17 37 33 25 88 59 29 48 74 57 98 58
77 68 44 5 33 25 55 11 64 85 34 38 23 41 98 45 63 81 49 10
72 11 92 51 33 64 17 30 85 4 5 23 63 91 56 60 73 86 20 98
95 1 92 10 84 80 46 95 92 90 94 18 85 35 27 44 49 45 61 7
67 16 32 54 73 51 56 97 77 34 68 92 70 47 75 18 75 93 10 32
37 19 5 5 6 53 50 20 13 74 99 27 82 56 88 48 42 79 56 29
44 36 42 28 26 91 29 76 53 34 41 24 51 29 77 58 29 27 43 88
24 99 23 55 26 22 87 69 72 66 92 30 55 62 33 27 95 58 38 14
16 38 92 63 67 36 40 79 43 51 70 44 12 70 33 40 88 87 69 45
20 54 67 82 82 4 9 69 47 70 53 42 56 94 50 76 79 83 95 7
76 29 57 7 64 93 88 66 58 22 7 81 30 64 21 55 94 3 33 14
66 8 57 58 76 39 39 34 59 79 55 84 87 48 90 95 71 91 53 6
44 11 74 97 45 23 16 6 89 58 73 59 1 2 50 45 54 58 68 31
36 78 8 23 57 88 37 41 67 90 74 67 41 1 4 7 67 12 66 57
5 60 66 96 37 5 5 83 97 35 94 88 84 56 51 62 48 63 1 8
28 39 46 8 54 39 82 6 78 78 61 98 67 5 36 55 68 32 17 36
82 17 81 36 51 65 23 87 97 1 66 33 83 94 71 67 29 30 36 48
87 17 7 71 7 56 67 75 60 26 46 92 98 96 50 48 48 67 47 24
73 96 28 60 67 66 8 32 62 64 45 85 49 50 64 72 30 94 84 24
72 26 62 36 55 15 24 73 65 41 48 81 3 65 96 20 8 46 20 33
36 17 56 25 69 5 61 59 58 33 60 6 51 65 96 12 25 26 38 28
54 67 57 82 27 10 93 5 61 19 86 65 2 24 28 13 14 81 46 11
33 67 40 90 63 37 11 90 43 15 94 89 78 51 83 82 21 22 49 45
44 69 6 16 98 86 96 26 34 49 29 87 37 63 13 12 71 66 66 68
49 74 79 2 29 39 51 5 33 52 24 63 86 69 91 78 97 66 11 13
66 80 34 76 25 76 1 89 75 28 16 85 56 11 38 2 6 38 37 41
27 61 80 66 44 64 8 5 42 63 78 79 9 67 13 50 28 61 93 42
89 79 70 45 95 36 80 85 15 87 36 39 81 43 65 83 11 23 68 84
92 26 45 93 18 68 79 90 78 38 80 18 22 57 89 32 94 70 64 8
97 42 81 19 20 8 63 57 57 25 31 41 11 40 5 35 46 83 56 38
90 48 99 7 26 24 96 17 13 29 65 18 82 64 76 53 97 20 93 64
35 41 1 93 23 95 75 80 56 31 54 32 59 9 4 67 82 84 50 78
53 90 33 78 37 2 94 97 83 59 54 76 4 25 68 62 58 64 27 12
4 74 82 56 3 9 19 1 75 70 39 8 89 65 25 95 99 90 38 60
75 14 80 40 88 97 40 76 13 90 14 16 40 66 12 81 50 51 65 54
26 94 89 69 57 48 81 26 90 80 94 58 87 94 84 71 72 8 45 52
47 93 41 38 44 38 53 61 27 49 58 72 1 33 21 10 72 31 93 97
11 93 75 69 88 90 30 32 66 22 82 77 32 13 16 46 10 19 13 33
27 56 84 25 20 89 99 77 95 1 47 98 28 81 49 89 45 51 48 50
91 84 40 66 17 45 49 6 41 25 34 55 83 85 68 9 47 26 19 99
10 87 58 38 52 86 40 62 53 45 51 19 29 98 23 78 72 22 1 37
37 90 33 11 86 89 26 62 11 56 43 53 90 15 19 75 49 43 35 58
54 39 42 36 94 54 83 80 35 45 54 60 55 14 91 50 41 99 20 10
32 93 44 30 62 64 39 31 46 32 94 63 48 88 55 50 87 69 50 42
50 89 63 84 75 29 5 52 5 44 88 14 16 56 15 45 57 70 92 11
75 5 22 5 94 41 50 33 78 29 86 95 21 32 59 66 50 64 12 19
30 91 86 56 38 70 41 37 53 64 50 52 91 42 75 37 40 99 43 12
37 79 5 65 36 91 57 72 97 5 5 54 40 28 45 78 25 89 23 33
25 10 79 61 29 48 53 12 90 64 27 12 66 68 23 88 63 16 54 20
88 35 90 54 83 96 69 15 54 25 22 89 31 66 8 24 8 82 88 63
99 19 96 86 95 19 56 50 66 67 59 60 92 83 42 36 52 63 92 94
77 30 25 26 71 1 56 89 17 44 63 79 69 86 96 66 44 64 21 34
63 66 92 65 59 95 11 90 76 62 71 66 12 89 47 13 87 1 6 25
76 44 1 62 31 72 92 45 39 38 8 84 15 60 53 52 15 21 72 97
92 95 54 64 59 49 24 75 84 72 34 88 34 51 4 87 78 22 42 74
59 60 97 29 39 97 66 45 28 45 59 35 85 38 2 23 15 58 26 82
23 33 73 5 77 37 74 52 52 75 92 97 72 40 15 4 69 21 96 75
80 67 89 87 1 16 87 82 21 40 57 23 90 83 52 39 30 70 93 44
82 84 6 56 90 78 3 38 25 91 77 26 3 92 23 65 73 26 65 53
77 73 67 27 29 13 82 15 43 63 52 52 1 51 20 67 34 78 33 70
51 85 10 1 3 72 38 53 1 87 18 43 10 48 74 67 68 80 43 77
17 10 60 5 55 30 88 1 50 3 60 43 3 37 82 84 22 95 34 22
48 7 52 1 8 23 77 69 63 94 69 55 74 26 3 66 40 46 32 41
6 38 20 55 56 75 91 19 18 64 38 54 88 11 56 33 82 55 54 56
77 4 67 95 37 78 97 98 34 12 89 40 56 51 40 86 41 56 95 58
29 18 43 5 18 50 12 80 48 51 1 7 60 54 20 85 15 8 48 46
36 52 84 29 82 20 8 8 66 88 32 76 60 61 30 98 44 1 71 48
4 53 91 60 28 21 93 32 36 47 60 58 91 44 76 35 13 15 63 34
65 4 31 62 54 68 54 30 23 2 92 1 34 21 14 64 19 85 80 90
46 13 71 28 9 14 92 24 2 96 84 63 33 25 71 47 46 20 34 92
# P_hat : m1 | m2 | m3 | m4 | m5 | m6 | m7 | m8 | m9 | m10 | m11 | m12 | m13 | m14 | m15 | m16 | m17 | m18 | m19 | m20
5.60 19.80 8.20 5.60 15.40 14.40 16.00 1.00 1.00 4.60 1.40 16.40 7.00 4.80 17.20 13.40 19.20 3.00 0.80 2.60
17.40 8.40 8.40 9.40 7.40 19.60 16.60 3.60 7.40 4.00 12.80 11.20 5.60 6.80 19.80 10.80 11.40 6.40 1.60 19.40
15.20 19.60 13.40 8.60 15.60 19.40 0.20 13.40 6.00 4.80 10.60 13.40 5.00 1.40 3.20 19.40 0.60 8.40 5.00 15.80
17.40 4.60 16.80 18.80 5.00 6.20 13.20 13.20 3.00 4.60 9.00 2.20 7.20 5.00 3.80 0.40 10.60 19.60 5.60 4.00
17.00 12.60 2.60 17.00 10.20 2.20 10.40 16.20 5.00 2.20 8.60 1.60 5.80 19.20 8.40 8.60 1.40 9.80 3.80 10.60
18.80 0.80 12.00 15.80 5.20 1.40 1.40 14.60 1.20 12.00 3.40 8.00 8.20 15.00 6.40 14.60 10.40 16.00 8.80 10.20
12.80 1.40 1.20 6.60 0.60 17.60 16.00 3.00 15.60 16.60 19.40 13.60 2.20 16.80 13.60 4.40 12.60 6.00 9.20 18.20
1.80 16.60 8.20 19.00 2.00 15.20 9.00 17.00 2.80 8.20 15.20 9.60 13.00 8.60 19.00 2.40 14.80 16.00 16.60 5.20
7.60 8.20 4.60 13.00 14.80 17.80 2.40 10.20 14.00 12.00 8.80 3.40 17.00 10.60 12.60 2.80 6.40 6.80 1.60 3.20
12.00 4.60 3.00 0.60 15.00 5.80 7.80 8.80 14.40 8.60 12.80 8.20 4.40 2.60 0.20 12.40 14.40 14.40 3.20 12.20
2.40 0.20 19.80 16.60 8.40 0.40 7.40 8.40 10.00 2.20 5.40 5.40 16.40 2.20 15.00 11.40 13.80 9.20 4.00 8.40
5.80 17.80 15.60 8.20 8.20 13.20 4.40 5.60 13.60 11.80 16.60 15.00 19.20 9.40 17.00 6.80 0.80 4.00 11.80 16.60
13.00 17.60 4.40 18.80 12.80 2.40 14.20 3.80 14.80 19.40 15.60 18.20 11.80 4.80 17.20 4.00 18.20 18.60 9.60 2.20
11.20 11.40 14.00 4.40 13.00 5.80 14.60 19.00 1.20 6.80 14.00 11.40 0.20 16.60 3.40 8.00 18.20 1.20 8.20 5.80
8.60 16.60 16.80 12.40 10.20 18.40 13.80 5.00 18.60 15.80 15.60 17.80 3.40 16.20 13.00 7.80 3.00 18.40 17.40 2.80
0.80 0.40 8.20 6.60 5.80 7.00 3.00 14.40 16.60 14.00 3.40 8.20 3.20 9.20 4.80 7.20 8.00 2.40 5.60 9.00
9.60 9.20 11.40 1.80 0.60 19.40 8.00 11.80 13.00 18.80 19.20 14.40 10.80 15.20 9.00 14.20 6.40 10.40 2.80 14.40
10.40 18.00 7.60 14.60 8.80 5.00 7.00 2.00 18.60 17.40 4.20 6.20 8.60 0.80 14.20 16.40 19.40 2.60 17.00 7.80
14.80 8.20 19.40 15.00 13.00 10.00 5.80 2.80 13.40 12.80 1.40 14.20 10.40 11.40 11.20 16.40 10.80 2.00 7.40 4.40
15.00 3.20 13.60 0.60 10.40 3.40 14.40 12.60 2.20 17.60 9.80 3.00 12.40 4.60 17.60 11.40 18.20 3.40 10.00 9.40
12.40 15.00 10.60 3.00 12.00 6.40 3.20 9.20 8.80 15.00 14.80 16.40 10.80 1.40 7.20 14.20 12.20 16.80 18.40 7.00
14.40 11.40 13.40 19.40 2.60 14.80 15.80 7.40 8.40 1.60 0.40 1.20 7.40 8.80 6.80 9.20 4.00 5.80 0.40 14.00
1.20 16.60 18.20 11.40 16.20 5.60 15.80 12.40 3.60 8.00 12.60 10.00 16.80 7.00 6.40 7.20 4.20 15.00 5.00 16.80
18.40 10.20 14.60 10.60 7.60 4.00 1.20 9.00 6.00 12.60 3.60 12.60 15.00 13.40 14.40 18.80 8.00 13.80 1.00 9.40
17.20 9.40 6.60 6.60 2.00 8.40 3.20 1.80 15.00 11.00 3.20 5.20 7.20 5.60 1.60 16.80 1.40 7.00 14.60 15.60
0.60 17.80 11.00 1.40 15.60 0.40 3.40 6.00 12.20 12.00 12.60 19.20 16.60 4.00 13.60 16.40 17.20 0.40 2.60 10.20
3.40 3.40 13.80 17.40 13.00 3.00 10.60 7.80 12.20 5.60 16.80 4.00 8.40 11.60 4.00 7.60 10.80 13.40 11.60 0.80
11.80 5.00 8.40 2.00 10.20 3.20 17.40 16.80 7.60 9.20 3.40 2.60 10.60 19.20 7.80 10.80 6.40 10.40 8.00 15.00
1.20 5.60 6.60 11.00 16.00 7.60 2.80 13.00 0.20 16.60 1.40 1.40 9.20 11.40 15.60 17.60 19.60 19.60 1.00 2.20
1.80 8.60 6.40 8.00 6.20 15.40 8.80 1.80 15.80 9.00 14.00 16.00 4.80 1.00 11.60 5.40 16.60 19.80 5.60 7.20
10.20 1.40 13.40 0.80 16.80 13.80 7.00 1.40 7.40 1.00 11.20 3.60 19.20 15.60 5.60 18.40 1.00 14.20 10.20 7.20
9.60 7.40 12.00 18.40 12.40 8.80 7.40 0.40 1.80 3.80 14.60 7.00 5.60 6.00 12.00 5.60 6.40 7.40 0.20 19.40
17.20 15.40 18.00 1.60 1.80 13.80 10.20 1.60 13.60 5.40 6.00 2.60 14.40 13.40 7.00 3.00 5.00 10.40 17.60 7.20
13.60 16.40 9.80 19.80 5.80 17.80 13.00 18.60 4.20 13.00 9.00 13.40 14.40 15.00 16.80 14.20 11.80 8.40 6.60 0.60
19.40 3.20 18.60 14.00 14.40 4.00 13.20 8.80 2.60 18.00 4.20 7.40 3.40 1.20 9.80 1.20 19.60 4.80 17.40 8.60
3.20 5.00 16.60 16.80 6.80 0.80 3.40 3.20 7.80 18.00 9.80 2.80 3.20 3.80 3.60 4.20 10.00 4.40 2.60 14.60
19.60 8.80 8.20 15.40 9.20 6.80 13.80 8.20 19.60 1.80 6.40 7.20 5.40 9.20 17.80 13.40 14.20 6.00 2.80 5.40
8.60 11.80 14.00 5.60 19.20 1.00 13.60 5.80 0.60 13.80 18.40 13.80 14.20 13.80 10.20 7.00 1.40 4.00 4.40 17.60
12.60 10.60 9.60 0.40 1.80 2.60 8.00 8.60 6.40 15.20 10.20 14.80 4.20 7.20 18.80 1.60 13.00 12.40 6.40 9.60
19.60 9.40 15.60 6.40 0.60 1.20 17.00 17.60 10.60 14.00 4.00 9.20 11.80 3.80 10.60 14.80 4.20 18.60 12.60 16.80
14.80 16.20 15.00 15.00 19.00 1.60 0.80 14.80 16.00 10.40 3.80 7.20 14.00 18.60 16.40 10.60 4.80 16.80 15.40 16.20
14.20 7.40 4.80 3.80 17.20 7.00 14.40 7.40 14.20 11.20 7.80 16.80 10.20 10.00 12.60 2.00 3.20 18.40 16.40 5.40
15.80 2.00 3.00 14.60 9.00 15.00 13.20 2.80 8.40 19.60 7.40 2.20 11.60 17.40 9.00 4.80 10.40 15.00 17.40 8.60
10.20 16.00 15.00 13.40 3.80 3.20 0.20 1.00 12.80 8.80 18.00 6.00 14.40 7.20 17.00 6.80 7.60 15.80 10.20 6.40
5.20 18.80 4.40 8.40 12.20 15.40 8.00 15.20 6.40 6.80 11.80 17.00 15.40 18.40 2.20 6.00 3.00 6.80 16.20 2.20
14.00 11.60 14.80 12.00 3.60 3.60 19.80 4.60 8.20 12.00 1.00 12.40 17.00 2.60 9.40 6.00 19.80 17.00 16.00 1.80
10.40 12.80 3.80 6.20 12.40 6.20 18.80 15.20 2.00 9.60 13.20 1.00 0.60 16.60 16.60 8.60 17.60 0.40 7.60 19.20
3.20 9.00 6.60 3.20 0.40 19.00 16.60 17.60 14.00 13.60 12.20 0.20 7.40 15.40 1.60 5.00 11.60 13.00 5.60 11.40
1.00 11.80 3.80 15.60 15.40 12.40 4.20 9.00 12.20 3.20 16.20 17.00 12.60 19.60 10.60 6.60 15.20 16.60 12.40 12.20
17.80 11.60 2.40 16.00 12.20 19.60 11.40 5.80 2.40 1.40 7.00 11.60 14.00 7.80 7.00 4.40 13.40 15.20 3.40 1.00
6.00 18.00 6.40 7.80 1.80 18.80 0.60 17.60 9.40 14.60 9.00 15.40 3.00 4.00 4.80 4.60 1.80 0.60 14.40 10.60
1.60 7.40 1.40 0.20 2.40 13.00 6.80 14.20 4.80 10.00 18.60 1.80 2.00 6.40 17.40 13.80 12.40 17.80 7.00 12.40
9.00 2.40 10.80 17.60 13.20 13.20 8.40 1.20 9.80 10.80 18.20 7.20 9.00 10.60 3.80 8.40 10.40 8.80 18.60 6.00
12.00 2.20 0.60 1.60 14.60 8.00 4.20 19.00 17.20 9.60 1.80 2.20 16.40 13.80 1.40 16.00 2.00 11.00 9.40 9.40
18.00 10.20 18.60 0.20 7.20 14.80 18.00 14.00 0.20 6.20 15.00 5.80 3.40 13.40 13.80 11.00 4.40 18.80 10.40 1.40
16.20 11.00 3.60 15.00 14.80 18.80 11.20 5.80 15.00 15.20 15.80 15.80 5.60 5.20 1.20 13.20 14.60 14.80 9.80 15.20
17.40 13.80 13.80 19.20 12.20 2.60 6.20 19.80 2.80 8.00 19.00 15.00 6.60 13.40 0.20 11.40 11.20 11.00 5.80 5.40
6.40 10.60 11.00 8.40 1.40 12.80 13.80 0.40 8.40 16.00 18.60 6.80 16.80 11.60 1.60 8.60 16.00 2.00 8.00 1.40
3.40 17.80 9.40 9.40 11.40 15.60 15.60 17.00 19.00 12.40 10.80 18.40 13.80 11.80 5.40 8.20 17.40 7.40 6.80 2.60
16.00 13.40 15.80 12.20 19.20 11.60 10.00 2.60 4.40 17.60 8.60 2.80 4.40 7.80 7.60 9.60 6.20 13.20 11.40 12.80
1.80 9.80 2.20 11.80 0.40 8.80 5.40 15.40 9.40 9.80 14.80 14.20 3.80 4.00 9.40 15.60 8.00 1.40 4.20 16.00
6.00 6.40 16.60 15.00 2.80 12.00 11.20 13.80 4.80 16.20 11.20 18.40 3.20 5.00 2.60 14.20 6.00 11.60 9.80 17.00
5.60 14.00 1.60 9.00 0.60 13.80 13.40 6.00 15.20 7.40 12.60 17.60 15.00 9.80 2.40 16.40 8.40 9.00 6.40 10.80
4.00 17.00 14.20 9.80 5.80 3.40 3.00 19.80 19.80 3.60 12.80 5.20 4.40 5.40 2.80 11.80 11.00 18.60 4.00 17.40
15.20 2.40 3.80 3.20 15.80 15.40 10.40 9.80 13.60 0.20 5.20 2.60 10.60 13.20 8.20 6.00 8.00 9.60 2.80 5.40
8.60 8.60 14.40 11.80 8.60 3.20 19.60 5.20 19.40 9.40 18.20 11.80 3.20 14.80 13.80 8.80 1.80 0.80 1.40 10.60
3.60 13.60 4.80 0.20 12.80 5.40 5.40 9.20 14.80 10.80 14.20 12.60 15.00 5.00 18.80 9.00 1.00 13.80 0.60 11.20
9.40 16.40 18.80 1.80 4.00 12.20 5.40 2.40 14.80 2.60 7.40 14.80 15.80 13.40 12.00 16.40 5.40 10.20 9.20 10.80
8.40 19.40 1.60 5.60 8.80 11.80 9.80 1.60 15.40 16.20 6.40 16.00 6.60 6.40 8.20 0.60 11.20 8.60 3.20 13.20
19.40 11.00 14.40 2.80 17.40 16.80 12.00 7.40 2.00 9.40 1.60 0.80 5.60 1.40 10.80 3.60 12.20 6.60 4.60 4.80
18.00 6.00 3.40 3.40 16.80 8.60 3.20 18.00 2.80 10.40 17.00 6.20 17.80 16.00 15.80 4.40 3.80 14.60 0.20 4.00
12.80 13.80 4.60 0.40 14.20 5.40 16.40 19.00 15.80 18.00 18.60 14.00 3.60 19.20 6.40 10.00 6.20 1.40 15.20 7.20
19.00 6.00 0.20 8.80 17.60 12.60 8.60 1.80 2.40 7.60 11.20 3.40 8.60 14.60 6.60 12.20 16.20 14.80 3.20 15.40
16.80 5.40 0.20 1.20 2.80 3.60 11.80 17.00 13.40 19.00 4.20 14.00 5.60 15.40 3.00 11.40 18.80 14.60 1.60 16.60
14.20 1.40 8.20 19.60 4.80 16.20 15.40 14.60 1.00 4.60 1.00 17.40 5.60 14.40 13.00 17.80 16.60 9.00 4.40 11.20
1.60 7.20 3.40 15.00 17.60 18.00 4.60 0.40 8.00 4.00 16.40 18.00 10.20 3.40 2.20 16.00 4.40 17.80 11.80 1.00
18.80 10.20 14.20 14.60 4.00 13.80 14.20 5.60 18.80 14.00 16.40 11.60 16.60 1.80 10.00 8.80 0.60 19.20 10.00 13.40
11.80 7.60 13.80 3.20 15.80 12.60 17.60 19.80 1.00 10.80 11.80 5.40 4.00 15.40 12.60 16.20 0.40 0.80 6.00 13.40
17.00 13.00 13.60 19.20 16.60 19.40 9.60 15.80 5.80 1.60 5.60 2.20 0.60 7.40 11.40 16.80 7.20 0.80 11.80 19.00
13.60 14.60 18.00 3.20 8.60 2.40 16.00 7.00 9.40 7.20 11.00 17.80 10.60 5.00 4.20 6.40 3.40 2.80 13.20 17.20
18.20 14.00 15.40 17.60 4.80 8.80 3.20 1.80 13.20 7.60 16.00 10.60 4.00 3.80 1.20 14.60 15.80 3.00 11.60 15.40
8.00 13.60 18.60 11.80 18.40 9.60 16.20 5.40 10.20 2.00 7.80 3.40 11.20 3.40 2.60 15.40 12.00 8.20 8.60 19.60
5.00 15.00 5.40 15.40 1.40 13.40 2.60 16.20 13.40 2.00 7.60 14.00 3.00 18.00 10.20 2.80 14.80 13.00 12.00 4.80
15.60 9.20 15.80 17.20 18.40 18.60 14.80 18.60 14.80 18.60 18.20 19.00 1.00 5.80 2.00 18.40 8.20 8.20 15.40 0.20
18.20 12.40 15.80 11.80 13.60 10.80 12.40 15.80 0.20 6.00 15.40 15.20 17.00 1.80 0.20 2.80 12.40 18.00 10.80 13.20
1.60 3.80 12.20 4.80 13.80 16.20 19.20 17.40 14.20 6.00 15.40 9.80 13.40 13.40 8.20 15.80 4.00 0.20 14.20 18.40
16.00 7.00 13.80 6.60 6.80 14.00 15.60 0.40 3.00 17.60 14.40 4.60 7.40 17.40 11.40 19.20 17.20 16.00 0.20 14.80
16.00 7.00 3.60 10.60 6.00 7.80 16.40 5.60 19.60 11.20 11.80 14.80 17.80 11.80 15.80 17.40 6.80 15.00 9.40 9.00
17.60 13.80 6.00 9.40 17.00 11.80 13.00 1.00 3.80 2.20 10.00 19.40 8.20 4.20 15.40 9.40 11.20 15.60 14.20 9.00
4.60 10.20 1.80 11.00 1.00 11.60 12.00 8.80 17.20 2.00 12.20 19.60 15.00 0.40 3.60 14.60 3.20 15.80 16.40 4.00
2.60 5.60 13.80 7.00 8.20 8.20 15.40 6.60 18.40 4.00 5.80 15.20 3.60 6.40 11.00 6.80 16.80 17.00 7.60 19.20
4.00 3.60 18.80 15.40 18.00 1.60 10.60 15.40 7.80 3.00 8.20 16.60 16.60 17.80 18.40 13.80 6.20 7.40 13.60 16.20
15.40 3.40 5.20 12.40 9.20 3.60 2.20 18.20 12.00 2.40 6.20 8.00 13.80 15.20 8.20 5.40 19.20 3.80 18.20 18.00
19.80 4.40 6.60 0.20 4.00 18.20 12.20 6.60 5.80 4.80 4.40 9.20 19.40 3.80 12.40 3.20 9.40 13.80 6.40 10.80
14.40 4.60 8.40 10.40 18.20 9.00 3.00 0.40 0.20 19.80 12.40 14.40 4.00 0.80 6.20 5.20 15.60 14.60 17.80 10.80
1.80 8.20 9.80 10.00 10.20 18.60 2.60 18.00 3.60 19.60 12.20 7.80 14.20 10.60 9.00 14.80 15.00 15.80 13.00 3.60
11.20 12.80 10.20 1.60 17.20 3.80 10.80 2.80 4.80 14.60 17.80 4.20 12.60 9.00 7.20 12.20 13.40 3.20 12.20 1.40
10.40 12.00 8.40 10.00 19.80 19.80 15.80 6.80 1.00 4.80 1.40 19.20 5.00 7.60 6.60 18.20 8.20 10.20 15.40 14.60
16.20 17.60 15.80 14.40 5.20 0.60 1.00 17.00 11.00 9.00 17.00 11.20 6.20 1.20 0.20 19.40 2.20 18.60 3.00 7.20
7.80 17.00 16.20 13.00 19.00 12.00 10.80 16.60 0.60 16.80 16.40 10.40 9.00 5.40 12.60 15.60 8.00 10.60 11.80 16.40
17.20 12.40 18.00 15.40 17.80 2.20 5.40 6.40 13.60 8.40 17.60 17.00 18.20 12.80 7.80 3.40 4.00 7.80 17.20 5.20
2.00 2.00 10.60 11.80 11.00 11.80 8.20 11.80 9.60 9.60 17.00 6.60 14.00 17.40 12.40 12.60 6.60 17.00 7.40 9.00
6.60 18.60 8.60 9.80 17.00 12.40 10.00 3.20 8.40 14.80 19.60 19.40 6.40 16.60 0.20 7.40 16.40 8.00 10.40 9.20
6.00 6.20 7.60 1.20 9.80 15.20 4.40 4.40 6.40 18.60 1.60 15.40 19.60 14.80 14.20 14.60 0.20 1.60 14.20 3.00
2.60 2.80 9.80 10.40 5.60 2.20 7.40 1.20 2.40 19.40 15.20 10.20 13.60 12.60 11.00 8.00 10.00 16.40 7.60 17.20
12.20 3.80 16.40 14.20 4.20 4.60 0.60 11.80 16.60 4.40 15.20 13.20 7.60 5.80 1.20 17.00 4.60 11.00 7.40 9.00
12.80 12.20 19.40 2.80 9.60 1.80 13.00 5.20 17.20 17.60 9.80 19.00 12.20 7.20 8.60 13.80 14.60 12.80 17.80 9.40
14.60 2.80 16.60 10.80 9.40 1.60 6.00 7.60 16.20 14.20 8.80 12.60 1.00 1.00 1.00 17.20 1.80 14.00 8.20 18.00
13.40 2.20 6.80 9.00 2.40 18.00 18.80 0.60 4.00 8.20 1.20 1.80 4.20 7.80 2.60 11.40 7.80 3.40 4.20 12.40
11.20 15.60 9.40 10.80 18.00 5.80 13.40 4.40 9.00 16.40 8.00 18.40 9.20 1.80 16.00 2.20 14.60 10.80 14.00 6.00
13.20 1.80 9.60 18.80 4.60 2.20 7.80 2.40 3.00 13.60 0.80 11.80 15.20 10.60 7.20 8.20 11.40 14.40 12.00 13.20
11.00 7.60 4.80 16.80 8.60 1.60 4.80 2.80 18.40 7.00 3.80 15.80 11.40 4.60 6.20 8.60 8.20 15.80 19.80 9.40
4.40 3.40 14.20 4.20 5.40 5.00 19.60 13.20 17.00 18.40 18.60 8.40 6.60 17.60 13.40 12.00 16.60 11.60 6.80 5.40
9.40 19.60 14.60 0.60 3.20 4.20 1.80 4.20 4.40 12.80 1.40 10.20 8.40 12.40 19.60 9.00 18.40 12.20 6.60 0.80
1.00 6.00 0.60 14.00 5.20 11.00 5.60 10.40 13.60 19.00 18.80 16.40 2.40 4.20 13.40 6.60 6.20 7.80 11.60 3.00
19.40 2.20 17.00 14.80 19.40 2.00 10.80 13.00 11.20 13.40 5.40 8.40 18.60 6.20 5.80 14.60 1.40 11.80 12.80 1.80
13.00 5.40 0.60 15.80 6.80 18.40 3.60 5.40 15.60 17.60 18.00 6.60 1.60 16.40 17.00 6.80 1.20 19.20 13.20 17.00
16.80 17.40 14.20 16.20 19.80 6.40 6.40 0.20 17.00 15.60 10.60 0.60 18.00 18.60 10.80 2.80 17.20 8.20 4.40 15.80
0.60 1.20 2.80 9.40 3.40 12.00 10.00 9.20 4.60 10.20 15.80 3.80 18.80 13.20 18.00 1.60 10.80 4.20 6.20 5.00
14.40 11.40 14.00 12.00 12.60 11.80 8.60 2.60 2.00 16.80 1.00 10.80 2.40 5.60 4.20 15.40 18.60 19.60 10.80 18.40
3.80 15.40 12.40 12.00 9.60 1.00 16.00 6.00 8.60 4.40 13.80 13.20 8.60 11.80 5.20 9.20 11.80 4.40 6.60 13.40
1.20 15.80 0.40 6.00 4.80 1.60 2.80 12.60 16.80 15.00 0.60 5.60 16.00 3.60 4.40 12.60 0.20 1.00 19.40 9.00
2.00 18.80 2.80 4.00 5.40 13.00 5.00 17.40 4.40 16.00 1.00 14.80 17.60 6.20 19.20 7.60 13.20 3.80 19.00 9.40
4.20 6.60 18.80 16.20 10.60 11.40 1.40 0.40 8.60 10.60 3.00 2.20 18.80 16.60 15.00 8.20 18.20 8.60 8.60 17.60
11.20 9.00 17.00 19.40 14.80 1.80 16.20 2.80 3.00 7.60 1.00 14.00 8.60 5.00 2.60 15.00 15.60 0.40 1.40 15.80
3.40 10.00 9.60 7.80 15.00 16.80 11.60 2.20 10.60 1.00 4.40 6.00 5.60 4.40 3.00 7.00 19.40 14.80 17.00 15.00
15.00 7.60 16.80 4.80 10.20 17.60 9.60 8.20 2.40 2.00 16.80 7.40 12.00 3.60 4.00 10.00 8.40 13.80 6.80 0.80
6.00 17.20 15.00 6.80 5.60 16.80 17.00 4.80 7.00 6.80 1.40 3.20 3.40 14.20 16.00 2.20 5.40 3.20 12.80 4.40
8.80 8.60 4.40 18.40 9.20 5.80 17.00 3.80 17.00 4.20 12.80 14.40 13.80 16.20 5.60 16.00 5.00 15.20 10.40 16.80
6.80 18.20 16.20 11.60 16.40 9.60 15.40 0.40 7.60 14.80 17.00 12.40 3.80 3.00 5.20 14.20 8.20 19.20 1.60 5.00
7.80 19.00 6.40 1.60 16.00 17.40 0.80 16.40 3.40 7.40 6.60 5.00 17.60 11.80 5.80 9.60 14.80 11.40 19.60 11.60
15.40 13.60 8.80 1.00 6.60 5.00 11.00 2.20 12.80 17.00 6.80 7.60 4.60 8.20 19.60 9.00 12.60 16.20 9.80 2.00
14.40 2.20 18.40 10.20 6.60 12.80 3.40 6.00 17.00 0.80 1.00 4.60 12.60 18.20 11.20 12.00 14.60 17.20 4.00 19.60
19.00 0.20 18.40 2.00 16.80 16.00 9.20 19.00 18.40 18.00 18.80 3.60 17.00 7.00 5.40 8.80 9.80 9.00 12.20 1.40
13.40 3.20 6.40 10.80 14.60 10.20 11.20 19.40 15.40 6.80 13.60 18.40 14.00 9.40 15.00 3.60 15.00 18.60 2.00 6.40
7.40 3.80 1.00 1.00 1.20 10.60 10.00 4.00 2.60 14.80 19.80 5.40 16.40 11.20 17.60 9.60 8.40 15.80 11.20 5.80
8.80 7.20 8.40 5.60 5.20 18.20 5.80 15.20 10.60 6.80 8.20 4.80 10.20 5.80 15.40 11.60 5.80 5.40 8.60 17.60
4.80 19.80 4.60 11.00 5.20 4.40 17.40 13.80 14.40 13.20 18.40 6.00 11.00 12.40 6.60 5.40 19.00 11.60 7.60 2.80
3.20 7.60 18.40 12.60 13.40 7.20 8.00 15.80 8.60 10.20 14.00 8.80 2.40 14.00 6.60 8.00 17.60 17.40 13.80 9.00
4.00 10.80 13.40 16.40 16.40 0.80 1.80 13.80 9.40 14.00 10.60 8.40 11.20 18.80 10.00 15.20 15.80 16.60 19.00 1.40
15.20 5.80 11.40 1.40 12.80 18.60 17.60 13.20 11.60 4.40 1.40 16.20 6.00 12.80 4.20 11.00 18.80 0.60 6.60 2.80
13.20 1.60 11.40 11.60 15.20 7.80 7.80 6.80 11.80 15.80 11.00 16.80 17.40 9.60 18.00 19.00 14.20 18.20 10.60 1.20
8.80 2.20 14.80 19.40 9.00 4.60 3.20 1.20 17.80 11.60 14.60 11.80 0.20 0.40 10.00 9.00 10.80 11.60 13.60 6.20
7.20 15.60 1.60 4.60 11.40 17.60 7.40 8.20 13.40 18.00 14.80 13.40 8.20 0.20 0.80 1.40 13.40 2.40 13.20 11.40
1.00 12.00 13.20 19.20 7.40 1.00 1.00 16.60 19.40 7.00 18.80 17.60 16.80 11.20 10.20 12.40 9.60 12.60 0.20 1.60
5.60 7.80 9.20 1.60 10.80 7.80 16.40 1.20 15.60 15.60 12.20 19.60 13.40 1.00 7.20 11.00 13.60 6.40 3.40 7.20
16.40 3.40 16.20 7.20 10.20 13.00 4.60 17.40 19.40 0.20 13.20 6.60 16.60 18.80 14.20 13.40 5.80 6.00 7.20 9.60
17.40 3.40 1.40 14.20 1.40 11.20 13.40 15.00 12.00 5.20 9.20 18.40 19.60 19.20 10.00 9.60 9.60 13.40 9.40 4.80
14.60 19.20 5.60 12.00 13.40 13.20 1.60 6.40 12.40 12.80 9.00 17.00 9.80 10.00 12.80 14.40 6.00 18.80 16.80 4.80
14.40 5.20 12.40 7.20 11.00 3.00 4.80 14.60 13.00 8.20 9.60 16.20 0.60 13.00 19.20 4.00 1.60 9.20 4.00 6.60
7.20 3.40 11.20 5.00 13.80 1.00 12.20 11.80 11.60 6.60 12.00 1.20 10.20 13.00 19.20 2.40 5.00 5.20 7.60 5.60
10.80 13.40 11.40 16.40 5.40 2.00 18.60 1.00 12.20 3.80 17.20 13.00 0.40 4.80 5.60 2.60 2.80 16.20 9.20 2.20
6.60 13.40 8.00 18.00 12.60 7.40 2.20 18.00 8.60 3.00 18.80 17.80 15.60 10.20 16.60 16.40 4.20 4.40 9.80 9.00
8.80 13.80 1.20 3.20 19.60 17.20 19.20 5.20 6.80 9.80 5.80 17.40 7.40 12.60 2.60 2.40 14.20 13.20 13.20 13.60
9.80 14.80 15.80 0.40 5.80 7.80 10.20 1.00 6.60 10.40 4.80 12.60 17.20 13.80 18.20 15.60 19.40 13.20 2.20 2.60
13.20 16.00 6.80 15.20 5.00 15.20 0.20 17.80 15.00 5.60 3.20 17.00 11.20 2.20 7.60 0.40 1.20 7.60 7.40 8.20
5.40 12.20 16.00 13.20 8.80 12.80 1.60 1.00 8.40 12.60 15.60 15.80 1.80 13.40 2.60 10.00 5.60 12.20 18.60 8.40
17.80 15.80 14.00 9.00 19.00 7.20 16.00 17.00 3.00 17.40 7.20 7.80 16.20 8.60 13.00 16.60 2.20 4.60 13.60 16.80
18.40 5.20 9.00 18.60 3.60 13.60 15.80 18.00 15.60 7.60 16.00 3.60 4.40 11.40 17.80 6.40 18.80 14.00 12.80 1.60
19.40 8.40 16.20 3.80 4.00 1.60 12.60 11.40 11.40 5.00 6.20 8.20 2.20 8.00 1.00 7.00 9.20 16.60 11.20 7.60
18.00 9.60 19.80 1.40 5.20 4.80 19.20 3.40 2.60 5.80 13.00 3.60 16.40 12.80 15.20 10.60 19.40 4.00 18.60 12.80
7.00 8.20 0.20 18.60 4.60 19.00 15.00 16.00 11.20 6.20 10.80 6.40 11.80 1.80 0.80 13.40 16.40 16.80 10.00 15.60
10.60 18.00 6.60 15.60 7.40 0.40 18.80 19.40 16.60 11.80 10.80 15.20 0.80 5.00 13.60 12.40 11.60 12.80 5.40 2.40
0.80 14.80 16.40 11.20 0.60 1.80 3.80 0.20 15.00 14.00 7.80 1.60 17.80 13.00 5.00 19.00 19.80 18.00 7.60 12.00
15.00 2.80 16.00 8.00 17.60 19.40 8.00 15.20 2.60 18.00 2.80 3.20 8.00 13.20 2.40 16.20 10.00 10.20 13.00 10.80
5.20 18.80 17.80 13.80 11.40 9.60 16.20 5.20 18.00 16.00 18.80 11.60 17.40 18.80 16.80 14.20 14.40 1.60 9.00 10.40
9.40 18.60 8.20 7.60 8.80 7.60 10.60 12.20 5.40 9.80 11.60 14.40 0.20 6.60 4.20 2.00 14.40 6.20 18.60 19.40
2.20 18.60 15.00 13.80 17.60 18.00 6.00 6.40 13.20 4.40 16.40 15.40 6.40 2.60 3.20 9.20 2.00 3.80 2.60 6.60
5.40 11.20 16.80 5.00 4.00 17.80 19.80 15.40 19.00 0.20 9.40 19.60 5.60 16.20 9.80 17.80 9.00 10.20 9.60 10.00
18.20 16.80 8.00 13.20 3.40 9.00 9.80 1.20 8.20 5.00 6.80 11.00 16.60 17.00 13.60 1.80 9.40 5.20 3.80 19.80
2.00 17.40 11.60 7.60 10.40 17.20 8.00 12.40 10.60 9.00 10.20 3.80 5.80 19.60 4.60 15.60 14.40 4.40 0.20 7.40
7.40 18.00 6.60 2.20 17.20 17.80 5.20 12.40 2.20 11.20 8.60 10.60 18.00 3.00 3.80 15.00 9.80 8.60 7.00 11.60
10.80 7.80 8.40 7.20 18.80 10.80 16.60 16.00 7.00 9.00 10.80 12.00 11.00 2.80 18.20 10.00 8.20 19.80 4.00 2.00
6.40 18.60 8.80 6.00 12.40 12.80 7.80 6.20 9.20 6.40 18.80 12.60 9.60 17.60 11.00 10.00 17.40 13.80 10.00 8.40
10.00 17.80 12.60 16.80 15.00 5.80 1.00 10.40 1.00 8.80 17.60 2.80 3.20 11.20 3.00 9.00 11.40 14.00 18.40 2.20
15.00 1.00 4.40 1.00 18.80 8.20 10.00 6.60 15.60 5.80 17.20 19.00 4.20 6.40 11.80 13.20 10.00 12.80 2.40 3.80
6.00 18.20 17.20 11.20 7.60 14.00 8.20 7.40 10.60 12.80 10.00 10.40 18.20 8.40 15.00 7.40 8.00 19.80 8.60 2.40
7.40 15.80 1.00 13.00 7.20 18.20 11.40 14.40 19.40 1.00 1.00 10.80 8.00 5.60 9.00 15.60 5.00 17.80 4.60 6.60
5.00 2.00 15.80 12.20 5.80 9.60 10.60 2.40 18.00 12.80 5.40 2.40 13.20 13.60 4.60 17.60 12.60 3.20 10.80 4.00
17.60 7.00 18.00 10.80 16.60 19.20 13.80 3.00 10.80 5.00 4.40 17.80 6.20 13.20 1.60 4.80 1.60 16.40 17.60 12.60
19.80 3.80 19.20 17.20 19.00 3.80 11.20 10.00 13.20 13.40 11.80 12.00 18.40 16.60 8.40 7.20 10.40 12.60 18.40 18.80
15.40 6.00 5.00 5.20 14.20 0.20 11.20 17.80 3.40 8.80 12.60 15.80 13.80 17.20 19.20 13.20 8.80 12.80 4.20 6.80
12.60 13.20 18.40 13.00 11.80 19.00 2.20 18.00 15.20 12.40 14.20 13.20 2.40 17.80 9.40 2.60 17.40 0.20 1.20 5.00
15.20 8.80 0.20 12.40 6.20 14.40 18.40 9.00 7.80 7.60 1.60 16.80 3.00 12.00 10.60 10.40 3.00 4.20 14.40 19.40
18.40 19.00 10.80 12.80 11.80 9.80 4.80 15.00 16.80 14.40 6.80 17.60 6.80 10.20 0.80 17.40 15.60 4.40 8.40 14.80
11.80 12.00 19.40 5.80 7.80 19.40 13.20 9.00 5.60 9.00 11.80 7.00 17.00 7.60 0.40 4.60 3.00 11.60 5.20 16.40
4.60 6.60 14.60 1.00 15.40 7.40 14.80 10.40 10.40 15.00 18.40 19.40 14.40 8.00 3.00 0.80 13.80 4.20 19.20 15.00
16.00 13.40 17.80 17.40 0.20 3.20 17.40 16.40 4.20 8.00 11.40 4.60 18.00 16.60 10.40 7.80 6.00 14.00 18.60 8.80
16.40 16.80 1.20 11.20 18.00 15.60 0.60 7.60 5.00 18.20 15.40 5.20 0.60 18.40 4.60 13.00 14.60 5.20 13.00 10.60
15.40 14.60 13.40 5.40 5.80 2.60 16.40 3.00 8.60 12.60 10.40 10.40 0.20 10.20 4.00 13.40 6.80 15.60 6.60 14.00
10.20 17.00 2.00 0.20 0.60 14.40 7.60 10.60 0.20 17.40 3.60 8.60 2.00 9.60 14.80 13.40 13.60 16.00 8.60 15.40
3.40 2.00 12.00 1.00 11.00 6.00 17.60 0.20 10.00 0.60 12.00 8.60 0.60 7.40 16.40 16.80 4.40 19.00 6.80 4.40
9.60 1.40 10.40 0.20 1.60 4.60 15.40 13.80 12.60 18.80 13.80 11.00 14.80 5.20 0.60 13.20 8.00 9.20 6.40 8.20
1.20 7.60 4.00 11.00 11.20 15.00 18.20 3.80 3.60 12.80 7.60 10.80 17.60 2.20 11.20 6.60 16.40 11.00 10.80 11.20
15.40 0.80 13.40 19.00 7.40 15.60 19.40 19.60 6.80 2.40 17.80 8.00 11.20 10.20 8.00 17.20 8.20 11.20 19.00 11.60
5.80 3.60 8.60 1.00 3.60 10.00 2.40 16.00 9.60 10.20 0.20 1.40 12.00 10.80 4.00 17.00 3.00 1.60 9.60 9.20
7.20 10.40 16.80 5.80 16.40 4.00 1.60 1.60 13.20 17.60 6.40 15.20 12.00 12.20 6.00 19.60 8.80 0.20 14.20 9.60
0.80 10.60 18.20 12.00 5.60 4.20 18.60 6.40 7.20 9.40 12.00 11.60 18.20 8.80 15.20 7.00 2.60 3.00 12.60 6.80
13.00 0.80 6.20 12.40 10.80 13.60 10.80 6.00 4.60 0.40 18.40 0.20 6.80 4.20 2.80 12.80 3.80 17.00 16.00 18.00
9.20 2.60 14.20 5.60 1.80 2.80 18.40 4.80 0.40 19.20 16.80 12.60 6.60 5.00 14.20 9.40 9.20 4.00 6.80 18.40
