# nJobs | nMachines
50 5
# Job Weights
45
49
23
52
40
32
4
81
48
100
75
95
88
1
55
66
10
93
46
81
5
10
83
24
28
56
65
96
86
98
100
57
95
40
1
31
41
98
27
53
54
36
58
48
41
2
15
62
99
87
# P_bar : m1 | m2 | m3 | m4 | m5
38 5 26 66 93
23 13 40 41 95
13 36 84 74 48
1 54 84 62 71
10 76 74 70 30
76 40 39 30 22
49 67 65 66 3
2 31 15 11 22
81 35 71 51 82
43 48 92 43 35
51 85 44 32 56
71 41 27 23 14
29 82 93 20 88
44 95 2 1 41
26 15 55 54 4
27 24 44 55 52
27 77 55 65 17
56 6 23 22 95
21 79 25 99 15
76 36 1 97 85
88 18 51 21 12
9 21 12 63 11
33 34 47 45 24
6 42 98 70 71
40 74 41 41 46
64 46 18 6 59
5 1 44 70 16
5 88 72 33 33
7 29 88 97 53
5 95 60 32 22
76 67 29 28 49
63 41 99 54 44
35 98 2 63 76
94 31 17 16 88
65 25 79 12 45
25 70 6 2 52
6 62 29 50 31
87 45 89 48 66
60 59 4 34 17
33 68 70 75 68
67 22 10 45 99
81 81 79 2 78
93 44 64 39 87
98 80 92 4 45
9 88 42 46 78
94 25 79 11 51
49 93 56 66 87
27 61 94 59 4
62 1 26 28 45
90 97 93 74 9
# P_hat : m1 | m2 | m3 | m4 | m5
7.60 1.00 5.20 13.20 18.60
4.60 2.60 8.00 8.20 19.00
2.60 7.20 16.80 14.80 9.60
0.20 10.80 16.80 12.40 14.20
2.00 15.20 14.80 14.00 6.00
15.20 8.00 7.80 6.00 4.40
9.80 13.40 13.00 13.20 0.60
0.40 6.20 3.00 2.20 4.40
16.20 7.00 14.20 10.20 16.40
8.60 9.60 18.40 8.60 7.00
10.20 17.00 8.80 6.40 11.20
14.20 8.20 5.40 4.60 2.80
5.80 16.40 18.60 4.00 17.60
8.80 19.00 0.40 0.20 8.20
5.20 3.00 11.00 10.80 0.80
5.40 4.80 8.80 11.00 10.40
5.40 15.40 11.00 13.00 3.40
11.20 1.20 4.60 4.40 19.00
4.20 15.80 5.00 19.80 3.00
15.20 7.20 0.20 19.40 17.00
17.60 3.60 10.20 4.20 2.40
1.80 4.20 2.40 12.60 2.20
6.60 6.80 9.40 9.00 4.80
1.20 8.40 19.60 14.00 14.20
8.00 14.80 8.20 8.20 9.20
12.80 9.20 3.60 1.20 11.80
1.00 0.20 8.80 14.00 3.20
1.00 17.60 14.40 6.60 6.60
1.40 5.80 17.60 19.40 10.60
1.00 19.00 12.00 6.40 4.40
15.20 13.40 5.80 5.60 9.80
12.60 8.20 19.80 10.80 8.80
7.00 19.60 0.40 12.60 15.20
18.80 6.20 3.40 3.20 17.60
13.00 5.00 15.80 2.40 9.00
5.00 14.00 1.20 0.40 10.40
1.20 12.40 5.80 10.00 6.20
17.40 9.00 17.80 9.60 13.20
12.00 11.80 0.80 6.80 3.40
6.60 13.60 14.00 15.00 13.60
13.40 4.40 2.00 9.00 19.80
16.20 16.20 15.80 0.40 15.60
18.60 8.80 12.80 7.80 17.40
19.60 16.00 18.40 0.80 9.00
1.80 17.60 8.40 9.20 15.60
18.80 5.00 15.80 2.20 10.20
9.80 18.60 11.20 13.20 17.40
5.40 12.20 18.80 11.80 0.80
12.40 0.20 5.20 5.60 9.00
18.00 19.40 18.60 14.80 1.80
