# nJobs | nMachines
100 5
# Job Weights
27
96
54
5
38
37
61
66
50
94
74
76
41
27
80
96
41
87
89
45
5
26
28
37
69
1
21
92
19
14
45
2
40
78
77
40
100
76
90
68
6
58
16
85
53
14
78
58
93
92
97
85
23
81
78
82
16
45
45
55
46
5
21
33
21
78
25
17
8
72
54
49
9
89
100
29
50
81
47
100
37
67
31
20
27
36
57
11
5
82
97
15
70
91
18
75
99
42
71
69
# P_bar : m1 | m2 | m3 | m4 | m5
73 5 62 42 86
69 87 94 59 73
8 54 58 91 89
59 84 93 86 81
70 8 23 76 10
47 37 66 26 84
2 40 47 78 98
37 27 30 51 76
60 81 60 39 18
75 64 26 10 25
7 80 84 95 77
41 23 54 83 70
87 66 82 40 33
21 64 60 83 31
55 19 13 20 41
32 38 14 7 55
45 96 23 23 35
56 56 80 62 68
92 16 56 42 19
2 61 31 75 28
69 48 65 84 74
39 42 83 95 60
52 28 52 77 81
2 52 92 32 82
4 78 74 17 34
79 57 12 43 38
55 28 65 53 92
20 83 37 15 90
46 36 9 49 95
88 36 78 64 83
47 28 40 76 8
63 92 13 86 44
55 6 10 12 48
90 1 23 54 65
29 89 50 62 79
79 31 86 30 82
33 36 81 22 56
40 88 67 53 49
21 74 20 61 25
4 50 34 53 88
31 85 78 71 52
99 34 9 24 76
74 37 3 55 36
93 91 96 93 24
17 11 84 47 35
5 32 2 96 29
76 83 46 51 9
49 40 71 84 40
65 86 79 94 65
80 33 44 93 35
42 58 89 16 54
45 75 67 15 14
35 85 34 21 5
13 42 20 78 91
57 71 88 77 24
46 76 53 25 39
54 59 94 43 1
7 29 85 26 58
58 57 2 54 88
3 98 2 91 1
51 47 35 82 12
86 38 98 50 49
21 98 33 65 69
47 87 33 84 71
91 25 1 21 35
48 1 46 67 70
21 60 7 96 64
36 71 19 72 20
23 18 4 14 15
50 80 40 74 7
86 41 33 77 73
84 59 94 37 20
88 89 75 18 20
84 29 85 81 99
31 54 33 92 16
63 38 15 23 53
16 80 10 29 33
55 12 72 43 94
12 56 24 3 14
14 25 81 5 89
74 85 53 19 52
59 76 27 62 41
21 33 23 33 12
91 35 80 53 78
24 61 99 51 40
69 4 15 35 93
49 70 85 96 35
4 54 4 57 10
81 69 2 29 94
35 22 67 26 88
82 47 72 18 84
12 25 78 36 53
71 42 25 19 72
6 80 31 93 60
59 43 63 69 59
95 32 57 39 63
13 85 36 79 24
40 11 72 15 41
12 72 73 13 8
43 17 87 7 73
# P_hat : m1 | m2 | m3 | m4 | m5
21.90 1.50 18.60 12.60 25.80
20.70 26.10 28.20 17.70 21.90
2.40 16.20 17.40 27.30 26.70
17.70 25.20 27.90 25.80 24.30
21.00 2.40 6.90 22.80 3.00
14.10 11.10 19.80 7.80 25.20
0.60 12.00 14.10 23.40 29.40
11.10 8.10 9.00 15.30 22.80
18.00 24.30 18.00 11.70 5.40
22.50 19.20 7.80 3.00 7.50
2.10 24.00 25.20 28.50 23.10
12.30 6.90 16.20 24.90 21.00
26.10 19.80 24.60 12.00 9.90
6.30 19.20 18.00 24.90 9.30
16.50 5.70 3.90 6.00 12.30
9.60 11.40 4.20 2.10 16.50
13.50 28.80 6.90 6.90 10.50
16.80 16.80 24.00 18.60 20.40
27.60 4.80 16.80 12.60 5.70
0.60 18.30 9.30 22.50 8.40
20.70 14.40 19.50 25.20 22.20
11.70 12.60 24.90 28.50 18.00
15.60 8.40 15.60 23.10 24.30
0.60 15.60 27.60 9.60 24.60
1.20 23.40 22.20 5.10 10.20
23.70 17.10 3.60 12.90 11.40
16.50 8.40 19.50 15.90 27.60
6.00 24.90 11.10 4.50 27.00
13.80 10.80 2.70 14.70 28.50
26.40 10.80 23.40 19.20 24.90
14.10 8.40 12.00 22.80 2.40
18.90 27.60 3.90 25.80 13.20
16.50 1.80 3.00 3.60 14.40
27.00 0.30 6.90 16.20 19.50
8.70 26.70 15.00 18.60 23.70
23.70 9.30 25.80 9.00 24.60
9.90 10.80 24.30 6.60 16.80
12.00 26.40 20.10 15.90 14.70
6.30 22.20 6.00 18.30 7.50
1.20 15.00 10.20 15.90 26.40
9.30 25.50 23.40 21.30 15.60
29.70 10.20 2.70 7.20 22.80
22.20 11.10 0.90 16.50 10.80
27.90 27.30 28.80 27.90 7.20
5.10 3.30 25.20 14.10 10.50
1.50 9.60 0.60 28.80 8.70
22.80 24.90 13.80 15.30 2.70
14.70 12.00 21.30 25.20 12.00
19.50 25.80 23.70 28.20 19.50
24.00 9.90 13.20 27.90 10.50
12.60 17.40 26.70 4.80 16.20
13.50 22.50 20.10 4.50 4.20
10.50 25.50 10.20 6.30 1.50
3.90 12.60 6.00 23.40 27.30
17.10 21.30 26.40 23.10 7.20
13.80 22.80 15.90 7.50 11.70
16.20 17.70 28.20 12.90 0.30
2.10 8.70 25.50 7.80 17.40
17.40 17.10 0.60 16.20 26.40
0.90 29.40 0.60 27.30 0.30
15.30 14.10 10.50 24.60 3.60
25.80 11.40 29.40 15.00 14.70
6.30 29.40 9.90 19.50 20.70
14.10 26.10 9.90 25.20 21.30
27.30 7.50 0.30 6.30 10.50
14.40 0.30 13.80 20.10 21.00
6.30 18.00 2.10 28.80 19.20
10.80 21.30 5.70 21.60 6.00
6.90 5.40 1.20 4.20 4.50
15.00 24.00 12.00 22.20 2.10
25.80 12.30 9.90 23.10 21.90
25.20 17.70 28.20 11.10 6.00
26.40 26.70 22.50 5.40 6.00
25.20 8.70 25.50 24.30 29.70
9.30 16.20 9.90 27.60 4.80
18.90 11.40 4.50 6.90 15.90
4.80 24.00 3.00 8.70 9.90
16.50 3.60 21.60 12.90 28.20
3.60 16.80 7.20 0.90 4.20
4.20 7.50 24.30 1.50 26.70
22.20 25.50 15.90 5.70 15.60
17.70 22.80 8.10 18.60 12.30
6.30 9.90 6.90 9.90 3.60
27.30 10.50 24.00 15.90 23.40
7.20 18.30 29.70 15.30 12.00
20.70 1.20 4.50 10.50 27.90
14.70 21.00 25.50 28.80 10.50
1.20 16.20 1.20 17.10 3.00
24.30 20.70 0.60 8.70 28.20
10.50 6.60 20.10 7.80 26.40
24.60 14.10 21.60 5.40 25.20
3.60 7.50 23.40 10.80 15.90
21.30 12.60 7.50 5.70 21.60
1.80 24.00 9.30 27.90 18.00
17.70 12.90 18.90 20.70 17.70
28.50 9.60 17.10 11.70 18.90
3.90 25.50 10.80 23.70 7.20
12.00 3.30 21.60 4.50 12.30
3.60 21.60 21.90 3.90 2.40
12.90 5.10 26.10 2.10 21.90
