# nJobs | nMachines
50 5
# Job Weights
13
91
1
60
6
94
73
59
95
14
85
87
33
77
61
80
40
17
37
19
74
21
70
47
78
71
69
67
93
74
92
47
40
46
53
48
33
77
60
7
70
24
92
18
8
72
32
21
89
74
# P_bar : m1 | m2 | m3 | m4 | m5
27 91 97 67 11
69 9 49 72 73
78 33 17 50 28
90 97 54 12 12
23 27 52 54 71
6 17 74 69 20
23 97 44 35 65
28 96 8 26 56
98 1 75 80 44
57 30 19 13 79
96 5 91 17 26
85 78 94 10 43
60 58 77 74 44
34 20 80 63 28
42 42 20 17 70
73 97 48 11 64
31 96 90 15 57
11 75 30 30 53
60 89 5 91 84
57 66 20 89 45
88 9 46 93 6
38 59 72 62 77
43 84 10 16 39
30 93 97 49 94
77 83 44 73 72
85 58 85 58 93
58 92 40 68 80
58 82 68 15 35
45 12 62 92 32
72 89 76 31 59
86 81 60 16 31
83 20 65 56 86
3 4 91 42 52
14 93 63 32 7
91 12 67 85 99
27 75 26 2 20
17 35 57 39 95
13 58 22 39 21
21 70 67 79 63
82 9 70 86 73
91 79 30 35 97
11 29 57 30 49
88 45 67 10 77
99 27 29 42 83
8 71 63 77 73
6 89 77 69 94
71 21 28 47 35
53 78 73 83 89
2 4 63 8 9
2 17 20 27 29
# P_hat : m1 | m2 | m3 | m4 | m5
5.40 18.20 19.40 13.40 2.20
13.80 1.80 9.80 14.40 14.60
15.60 6.60 3.40 10.00 5.60
18.00 19.40 10.80 2.40 2.40
4.60 5.40 10.40 10.80 14.20
1.20 3.40 14.80 13.80 4.00
4.60 19.40 8.80 7.00 13.00
5.60 19.20 1.60 5.20 11.20
19.60 0.20 15.00 16.00 8.80
11.40 6.00 3.80 2.60 15.80
19.20 1.00 18.20 3.40 5.20
17.00 15.60 18.80 2.00 8.60
12.00 11.60 15.40 14.80 8.80
6.80 4.00 16.00 12.60 5.60
8.40 8.40 4.00 3.40 14.00
14.60 19.40 9.60 2.20 12.80
6.20 19.20 18.00 3.00 11.40
2.20 15.00 6.00 6.00 10.60
12.00 17.80 1.00 18.20 16.80
11.40 13.20 4.00 17.80 9.00
17.60 1.80 9.20 18.60 1.20
7.60 11.80 14.40 12.40 15.40
8.60 16.80 2.00 3.20 7.80
6.00 18.60 19.40 9.80 18.80
15.40 16.60 8.80 14.60 14.40
17.00 11.60 17.00 11.60 18.60
11.60 18.40 8.00 13.60 16.00
11.60 16.40 13.60 3.00 7.00
9.00 2.40 12.40 18.40 6.40
14.40 17.80 15.20 6.20 11.80
17.20 16.20 12.00 3.20 6.20
16.60 4.00 13.00 11.20 17.20
0.60 0.80 18.20 8.40 10.40
2.80 18.60 12.60 6.40 1.40
18.20 2.40 13.40 17.00 19.80
5.40 15.00 5.20 0.40 4.00
3.40 7.00 11.40 7.80 19.00
2.60 11.60 4.40 7.80 4.20
4.20 14.00 13.40 15.80 12.60
16.40 1.80 14.00 17.20 14.60
18.20 15.80 6.00 7.00 19.40
2.20 5.80 11.40 6.00 9.80
17.60 9.00 13.40 2.00 15.40
19.80 5.40 5.80 8.40 16.60
1.60 14.20 12.60 15.40 14.60
1.20 17.80 15.40 13.80 18.80
14.20 4.20 5.60 9.40 7.00
10.60 15.60 14.60 16.60 17.80
0.40 0.80 12.60 1.60 1.80
0.40 3.40 4.00 5.40 5.80
