# nJobs | nMachines
20 20
# Job Weights
71
29
100
42
86
36
90
13
74
63
53
73
48
56
71
49
40
96
85
16
# P_bar : m1 | m2 | m3 | m4 | m5 | m6 | m7 | m8 | m9 | m10 | m11 | m12 | m13 | m14 | m15 | m16 | m17 | m18 | m19 | m20
1 6 10 28 69 95 90 87 80 60 17 13 66 79 79 6 43 3 36 67
96 36 65 13 34 75 38 32 10 70 74 98 30 12 93 73 45 69 98 96
21 74 39 74 10 24 20 8 63 38 87 79 89 96 25 64 46 38 7 70
57 53 99 18 91 3 85 17 14 94 39 20 45 78 61 30 9 61 3 89
7 25 77 71 98 83 49 54 89 94 14 57 44 29 59 30 10 8 5 5
34 68 39 11 60 67 37 43 65 30 28 68 91 28 20 99 42 54 82 45
72 37 50 17 3 88 29 3 43 50 12 17 18 14 92 61 43 90 41 38
12 42 14 27 86 75 84 65 44 17 49 27 67 52 1 26 46 3 2 79
80 68 75 89 55 28 93 33 28 43 88 25 94 27 35 38 7 5 63 73
99 74 28 14 95 65 99 36 39 28 91 36 41 51 97 46 15 25 56 99
28 93 92 13 73 54 44 70 59 33 53 67 78 46 79 76 32 31 85 33
80 39 74 40 65 65 39 18 91 48 40 73 27 98 37 65 80 38 85 1
30 75 20 97 24 34 18 19 70 48 1 34 15 97 72 51 4 36 25 84
15 54 70 70 22 17 40 76 24 81 55 47 55 38 76 39 73 35 98 79
95 10 43 96 5 51 24 7 96 50 39 65 28 78 89 23 42 52 58 44
19 60 6 13 67 98 98 34 1 86 35 79 28 89 7 71 98 13 16 39
12 15 77 66 39 94 61 66 92 23 99 31 26 67 79 63 24 78 99 16
59 75 25 77 58 22 72 72 79 95 17 54 98 91 85 94 25 31 61 50
66 71 68 2 4 57 21 16 57 3 69 56 98 51 40 62 13 8 21 39
51 22 83 41 30 37 76 95 88 80 67 33 77 62 24 87 38 62 26 55
# P_hat : m1 | m2 | m3 | m4 | m5 | m6 | m7 | m8 | m9 | m10 | m11 | m12 | m13 | m14 | m15 | m16 | m17 | m18 | m19 | m20
0.50 3.00 5.00 14.00 34.50 47.50 45.00 43.50 40.00 30.00 8.50 6.50 33.00 39.50 39.50 3.00 21.50 1.50 18.00 33.50
48.00 18.00 32.50 6.50 17.00 37.50 19.00 16.00 5.00 35.00 37.00 49.00 15.00 6.00 46.50 36.50 22.50 34.50 49.00 48.00
10.50 37.00 19.50 37.00 5.00 12.00 10.00 4.00 31.50 19.00 43.50 39.50 44.50 48.00 12.50 32.00 23.00 19.00 3.50 35.00
28.50 26.50 49.50 9.00 45.50 1.50 42.50 8.50 7.00 47.00 19.50 10.00 22.50 39.00 30.50 15.00 4.50 30.50 1.50 44.50
3.50 12.50 38.50 35.50 49.00 41.50 24.50 27.00 44.50 47.00 7.00 28.50 22.00 14.50 29.50 15.00 5.00 4.00 2.50 2.50
17.00 34.00 19.50 5.50 30.00 33.50 18.50 21.50 32.50 15.00 14.00 34.00 45.50 14.00 10.00 49.50 21.00 27.00 41.00 22.50
36.00 18.50 25.00 8.50 1.50 44.00 14.50 1.50 21.50 25.00 6.00 8.50 9.00 7.00 46.00 30.50 21.50 45.00 20.50 19.00
6.00 21.00 7.00 13.50 43.00 37.50 42.00 32.50 22.00 8.50 24.50 13.50 33.50 26.00 0.50 13.00 23.00 1.50 1.00 39.50
40.00 34.00 37.50 44.50 27.50 14.00 46.50 16.50 14.00 21.50 44.00 12.50 47.00 13.50 17.50 19.00 3.50 2.50 31.50 36.50
49.50 37.00 14.00 7.00 47.50 32.50 49.50 18.00 19.50 14.00 45.50 18.00 20.50 25.50 48.50 23.00 7.50 12.50 28.00 49.50
14.00 46.50 46.00 6.50 36.50 27.00 22.00 35.00 29.50 16.50 26.50 33.50 39.00 23.00 39.50 38.00 16.00 15.50 42.50 16.50
40.00 19.50 37.00 20.00 32.50 32.50 19.50 9.00 45.50 24.00 20.00 36.50 13.50 49.00 18.50 32.50 40.00 19.00 42.50 0.50
15.00 37.50 10.00 48.50 12.00 17.00 9.00 9.50 35.00 24.00 0.50 17.00 7.50 48.50 36.00 25.50 2.00 18.00 12.50 42.00
7.50 27.00 35.00 35.00 11.00 8.50 20.00 38.00 12.00 40.50 27.50 23.50 27.50 19.00 38.00 19.50 36.50 17.50 49.00 39.50
47.50 5.00 21.50 48.00 2.50 25.50 12.00 3.50 48.00 25.00 19.50 32.50 14.00 39.00 44.50 11.50 21.00 26.00 29.00 22.00
9.50 30.00 3.00 6.50 33.50 49.00 49.00 17.00 0.50 43.00 17.50 39.50 14.00 44.50 3.50 35.50 49.00 6.50 8.00 19.50
6.00 7.50 38.50 33.00 19.50 47.00 30.50 33.00 46.00 11.50 49.50 15.50 13.00 33.50 39.50 31.50 12.00 39.00 49.50 8.00
29.50 37.50 12.50 38.50 29.00 11.00 36.00 36.00 39.50 47.50 8.50 27.00 49.00 45.50 42.50 47.00 12.50 15.50 30.50 25.00
33.00 35.50 34.00 1.00 2.00 28.50 10.50 8.00 28.50 1.50 34.50 28.00 49.00 25.50 20.00 31.00 6.50 4.00 10.50 19.50
25.50 11.00 41.50 20.50 15.00 18.50 38.00 47.50 44.00 40.00 33.50 16.50 38.50 31.00 12.00 43.50 19.00 31.00 13.00 27.50
