# nJobs | nMachines
100 20
# Job Weights
48
71
39
13
50
94
73
30
45
10
25
6
70
3
70
86
76
97
13
94
24
8
93
25
100
14
60
53
59
100
66
88
67
84
42
76
42
46
44
94
25
28
74
52
22
54
36
32
76
76
35
2
83
53
27
19
75
68
22
37
41
93
34
39
6
91
51
98
65
96
70
50
41
52
32
15
54
13
76
85
42
95
99
63
39
70
4
31
69
63
42
33
30
11
20
7
98
48
19
72
# P_bar : m1 | m2 | m3 | m4 | m5 | m6 | m7 | m8 | m9 | m10 | m11 | m12 | m13 | m14 | m15 | m16 | m17 | m18 | m19 | m20
43 31 67 26 20 22 77 94 11 23 30 40 99 66 12 75 64 21 43 84
50 19 37 49 64 39 26 51 54 2 34 81 12 85 44 21 66 30 47 73
51 14 74 42 97 64 69 39 39 29 75 34 33 81 89 81 16 19 50 59
88 10 4 15 82 56 97 5 65 60 91 19 43 9 11 70 11 49 94 32
95 78 15 66 36 9 76 19 70 1 2 84 99 32 63 94 36 15 39 38
52 15 93 67 99 17 37 71 17 88 45 72 19 62 62 67 87 57 17 33
15 91 4 40 41 55 50 76 17 17 7 55 87 60 20 70 99 66 67 35
25 35 9 97 30 40 99 23 99 54 99 36 90 68 19 92 3 98 63 83
2 79 33 13 80 87 80 92 97 8 91 23 8 30 75 87 73 4 88 49
21 78 97 54 70 60 68 81 45 9 52 93 23 53 43 83 18 75 98 64
74 45 79 23 61 92 24 88 35 10 52 27 34 47 94 90 31 95 8 6
1 79 75 1 42 11 47 8 50 20 28 39 31 35 16 57 3 99 13 99
89 47 91 74 51 51 7 71 5 12 3 1 39 93 75 53 10 24 81 41
78 33 79 95 15 78 70 9 48 7 80 92 46 71 51 77 77 4 76 95
14 75 23 45 16 3 91 68 75 5 77 77 62 16 9 37 25 43 9 50
48 81 60 3 60 73 87 16 71 68 36 36 94 15 61 37 98 53 70 58
91 66 97 80 47 48 73 87 44 16 98 23 71 11 68 45 65 81 78 45
33 78 55 78 15 38 7 3 60 79 60 42 8 26 80 36 5 29 60 18
46 41 76 31 26 92 20 7 59 54 81 83 42 85 14 79 46 31 58 2
1 38 14 76 96 81 70 38 24 55 47 97 48 85 76 53 4 58 22 77
39 55 2 52 82 85 3 69 39 41 50 92 22 47 18 37 21 65 40 88
51 75 3 79 98 90 7 23 64 26 48 58 36 29 44 29 49 97 30 85
62 5 3 71 59 46 12 17 39 6 35 9 47 95 63 79 83 68 23 24
77 57 64 58 19 72 76 27 1 78 17 25 47 4 17 49 44 14 61 70
77 67 94 9 1 58 2 60 65 35 80 87 33 92 29 2 71 56 88 51
29 12 63 61 50 60 66 75 65 74 49 88 56 66 36 16 48 44 34 70
82 21 48 20 16 94 45 65 1 68 90 69 75 20 69 36 63 24 20 69
39 88 67 53 2 85 13 33 12 72 98 79 11 65 83 39 88 21 83 45
62 47 32 62 6 94 33 47 97 6 45 9 83 31 53 9 87 15 85 20
27 42 15 45 68 63 66 60 31 73 25 48 59 91 31 5 28 87 29 32
47 12 45 25 86 23 8 23 21 12 12 9 3 65 71 35 6 17 40 46
17 25 31 59 62 92 54 30 71 18 15 14 39 16 61 54 7 3 41 99
60 32 10 71 58 45 4 73 1 85 8 19 46 30 55 98 32 28 84 67
15 89 70 96 23 97 50 4 37 3 23 89 24 78 85 61 85 85 61 68
94 11 75 34 12 14 98 82 89 66 28 21 60 9 35 18 1 56 60 33
97 34 71 50 89 80 38 8 24 72 62 32 20 90 62 41 54 22 31 74
65 10 50 25 19 59 52 36 15 72 97 15 91 2 87 15 59 60 78 78
35 95 25 36 31 30 58 20 94 61 30 77 61 11 48 19 10 52 41 87
5 9 74 18 70 24 57 70 22 22 50 28 16 37 91 75 95 4 45 95
1 88 94 34 68 44 13 42 94 77 70 98 61 84 25 17 42 31 55 89
66 79 7 39 29 99 8 62 33 86 77 15 98 43 95 4 2 58 27 38
49 60 79 39 47 33 9 49 84 46 2 80 44 77 38 19 11 38 7 45
3 59 25 81 43 90 8 21 45 72 75 76 5 14 85 7 32 36 26 71
33 81 74 62 47 25 95 3 19 31 88 54 12 24 22 44 71 4 54 33
98 4 14 25 45 54 27 18 48 27 52 90 45 71 12 54 24 34 48 53
45 58 95 82 92 91 28 96 89 8 1 44 35 17 89 55 56 19 56 78
3 40 54 91 81 61 17 41 33 67 41 34 55 53 84 46 23 22 51 44
25 95 74 26 44 29 38 94 63 5 53 3 35 84 70 46 71 74 52 9
74 81 44 63 84 1 72 41 38 88 16 34 90 83 35 84 85 24 91 18
61 1 44 78 64 59 89 58 26 31 75 9 22 50 59 73 91 18 64 23
57 67 25 91 30 64 53 27 3 55 68 36 66 83 29 28 49 9 54 35
90 68 21 13 58 60 51 38 64 36 99 77 70 82 15 52 88 82 68 85
81 38 12 94 95 75 99 8 6 65 6 4 17 62 66 32 33 96 61 60
15 40 6 52 96 83 24 21 65 96 2 46 22 63 87 51 63 97 2 9
66 28 56 7 92 41 98 26 89 96 18 15 67 6 43 21 69 98 50 94
1 5 19 71 54 27 52 5 13 96 35 96 87 29 54 92 28 78 61 53
89 26 75 1 18 94 67 2 71 91 77 1 34 66 84 60 99 35 46 32
31 59 35 84 20 22 31 65 22 82 57 25 36 13 85 87 52 26 41 34
20 77 64 38 27 96 34 58 2 3 60 39 94 60 8 54 53 48 16 59
46 60 89 61 59 21 61 83 33 47 60 32 36 24 2 30 14 67 88 95
93 69 99 32 22 53 60 10 99 4 85 42 23 94 89 60 23 78 4 10
78 57 36 49 93 77 17 34 71 93 93 9 13 38 58 36 50 87 67 2
41 43 32 63 6 85 82 29 51 74 50 36 36 55 71 59 37 2 57 38
30 90 53 72 95 33 25 82 61 12 38 83 56 26 69 39 93 97 11 71
42 30 67 86 58 20 12 89 33 95 54 34 18 62 80 16 18 57 65 93
71 46 68 63 12 1 61 32 57 82 11 49 50 73 25 55 77 62 99 24
6 49 97 80 16 90 84 47 56 42 7 53 39 91 74 22 84 81 4 31
16 77 9 87 93 71 89 43 33 99 5 43 71 16 66 41 28 73 89 73
76 67 16 55 40 62 11 42 32 57 15 74 59 90 60 13 61 49 93 77
63 54 55 53 87 94 25 42 52 44 23 80 80 37 8 99 81 60 8 91
54 7 91 99 5 86 50 16 86 79 2 49 35 14 14 25 82 97 47 94
38 38 5 7 41 61 11 7 6 48 73 13 77 81 27 2 29 22 22 58
88 26 81 35 88 15 61 11 9 23 14 61 78 19 63 54 88 12 26 48
36 83 67 72 92 87 81 27 88 31 44 77 79 84 31 55 80 8 89 93
69 95 86 45 64 53 14 46 87 57 51 31 46 18 96 23 64 35 77 90
51 44 26 14 45 30 72 78 57 55 43 30 36 54 57 62 29 42 10 85
67 84 41 36 13 77 86 73 98 52 78 61 3 39 14 98 19 44 8 78
54 41 48 35 61 9 87 27 92 4 74 79 56 61 32 46 1 67 66 60
76 5 28 86 51 34 7 69 39 83 31 59 72 29 2 82 34 46 48 38
47 12 19 81 70 2 57 38 38 88 99 38 77 25 3 70 68 24 69 55
37 87 88 41 81 39 81 41 78 67 95 54 82 66 72 83 57 68 99 63
15 16 37 58 25 54 33 38 54 67 52 19 97 69 44 72 15 68 51 70
6 4 40 34 54 8 52 50 31 20 40 50 18 12 33 21 78 5 63 84
62 83 23 43 97 44 4 28 53 34 2 24 32 73 72 56 95 84 51 16
19 97 27 47 85 12 73 76 92 41 27 77 87 50 1 36 7 58 95 25
7 58 11 10 7 93 98 39 69 59 56 99 20 23 72 41 28 1 95 56
97 80 8 23 65 18 2 51 52 74 12 88 40 36 9 5 76 84 23 66
37 22 5 36 84 88 27 57 87 35 19 91 55 25 65 7 48 59 65 51
37 1 87 56 80 21 46 39 11 8 76 25 40 90 79 1 2 67 72 99
60 89 39 84 65 54 84 46 34 26 83 4 1 28 38 23 12 2 92 4
81 98 32 53 21 94 7 69 67 90 48 5 84 27 49 2 67 74 74 52
28 92 23 85 9 5 48 15 52 25 59 56 37 73 93 48 7 5 75 87
87 90 82 32 32 43 67 22 30 23 62 81 26 17 38 65 24 58 46 29
95 20 32 8 95 89 86 7 9 23 56 73 47 28 72 6 42 96 88 83
85 14 95 33 20 98 6 67 78 71 96 82 68 84 31 75 91 34 46 22
76 76 19 67 28 99 36 16 34 1 18 46 4 83 51 6 17 50 56 56
69 23 88 65 64 43 14 50 14 72 58 87 50 27 89 43 79 92 74 12
44 54 29 35 29 85 86 76 24 49 29 46 8 84 90 67 95 15 66 36
70 18 54 19 82 80 75 13 64 73 4 85 51 37 95 26 86 74 47 88
24 34 11 92 82 7 21 11 6 18 27 76 4 28 76 79 96 90 9 77
# P_hat : m1 | m2 | m3 | m4 | m5 | m6 | m7 | m8 | m9 | m10 | m11 | m12 | m13 | m14 | m15 | m16 | m17 | m18 | m19 | m20
21.50 15.50 33.50 13.00 10.00 11.00 38.50 47.00 5.50 11.50 15.00 20.00 49.50 33.00 6.00 37.50 32.00 10.50 21.50 42.00
25.00 9.50 18.50 24.50 32.00 19.50 13.00 25.50 27.00 1.00 17.00 40.50 6.00 42.50 22.00 10.50 33.00 15.00 23.50 36.50
25.50 7.00 37.00 21.00 48.50 32.00 34.50 19.50 19.50 14.50 37.50 17.00 16.50 40.50 44.50 40.50 8.00 9.50 25.00 29.50
44.00 5.00 2.00 7.50 41.00 28.00 48.50 2.50 32.50 30.00 45.50 9.50 21.50 4.50 5.50 35.00 5.50 24.50 47.00 16.00
47.50 39.00 7.50 33.00 18.00 4.50 38.00 9.50 35.00 0.50 1.00 42.00 49.50 16.00 31.50 47.00 18.00 7.50 19.50 19.00
26.00 7.50 46.50 33.50 49.50 8.50 18.50 35.50 8.50 44.00 22.50 36.00 9.50 31.00 31.00 33.50 43.50 28.50 8.50 16.50
7.50 45.50 2.00 20.00 20.50 27.50 25.00 38.00 8.50 8.50 3.50 27.50 43.50 30.00 10.00 35.00 49.50 33.00 33.50 17.50
12.50 17.50 4.50 48.50 15.00 20.00 49.50 11.50 49.50 27.00 49.50 18.00 45.00 34.00 9.50 46.00 1.50 49.00 31.50 41.50
1.00 39.50 16.50 6.50 40.00 43.50 40.00 46.00 48.50 4.00 45.50 11.50 4.00 15.00 37.50 43.50 36.50 2.00 44.00 24.50
10.50 39.00 48.50 27.00 35.00 30.00 34.00 40.50 22.50 4.50 26.00 46.50 11.50 26.50 21.50 41.50 9.00 37.50 49.00 32.00
37.00 22.50 39.50 11.50 30.50 46.00 12.00 44.00 17.50 5.00 26.00 13.50 17.00 23.50 47.00 45.00 15.50 47.50 4.00 3.00
0.50 39.50 37.50 0.50 21.00 5.50 23.50 4.00 25.00 10.00 14.00 19.50 15.50 17.50 8.00 28.50 1.50 49.50 6.50 49.50
44.50 23.50 45.50 37.00 25.50 25.50 3.50 35.50 2.50 6.00 1.50 0.50 19.50 46.50 37.50 26.50 5.00 12.00 40.50 20.50
39.00 16.50 39.50 47.50 7.50 39.00 35.00 4.50 24.00 3.50 40.00 46.00 23.00 35.50 25.50 38.50 38.50 2.00 38.00 47.50
7.00 37.50 11.50 22.50 8.00 1.50 45.50 34.00 37.50 2.50 38.50 38.50 31.00 8.00 4.50 18.50 12.50 21.50 4.50 25.00
24.00 40.50 30.00 1.50 30.00 36.50 43.50 8.00 35.50 34.00 18.00 18.00 47.00 7.50 30.50 18.50 49.00 26.50 35.00 29.00
45.50 33.00 48.50 40.00 23.50 24.00 36.50 43.50 22.00 8.00 49.00 11.50 35.50 5.50 34.00 22.50 32.50 40.50 39.00 22.50
16.50 39.00 27.50 39.00 7.50 19.00 3.50 1.50 30.00 39.50 30.00 21.00 4.00 13.00 40.00 18.00 2.50 14.50 30.00 9.00
23.00 20.50 38.00 15.50 13.00 46.00 10.00 3.50 29.50 27.00 40.50 41.50 21.00 42.50 7.00 39.50 23.00 15.50 29.00 1.00
0.50 19.00 7.00 38.00 48.00 40.50 35.00 19.00 12.00 27.50 23.50 48.50 24.00 42.50 38.00 26.50 2.00 29.00 11.00 38.50
19.50 27.50 1.00 26.00 41.00 42.50 1.50 34.50 19.50 20.50 25.00 46.00 11.00 23.50 9.00 18.50 10.50 32.50 20.00 44.00
25.50 37.50 1.50 39.50 49.00 45.00 3.50 11.50 32.00 13.00 24.00 29.00 18.00 14.50 22.00 14.50 24.50 48.50 15.00 42.50
31.00 2.50 1.50 35.50 29.50 23.00 6.00 8.50 19.50 3.00 17.50 4.50 23.50 47.50 31.50 39.50 41.50 34.00 11.50 12.00
38.50 28.50 32.00 29.00 9.50 36.00 38.00 13.50 0.50 39.00 8.50 12.50 23.50 2.00 8.50 24.50 22.00 7.00 30.50 35.00
38.50 33.50 47.00 4.50 0.50 29.00 1.00 30.00 32.50 17.50 40.00 43.50 16.50 46.00 14.50 1.00 35.50 28.00 44.00 25.50
14.50 6.00 31.50 30.50 25.00 30.00 33.00 37.50 32.50 37.00 24.50 44.00 28.00 33.00 18.00 8.00 24.00 22.00 17.00 35.00
41.00 10.50 24.00 10.00 8.00 47.00 22.50 32.50 0.50 34.00 45.00 34.50 37.50 10.00 34.50 18.00 31.50 12.00 10.00 34.50
19.50 44.00 33.50 26.50 1.00 42.50 6.50 16.50 6.00 36.00 49.00 39.50 5.50 32.50 41.50 19.50 44.00 10.50 41.50 22.50
31.00 23.50 16.00 31.00 3.00 47.00 16.50 23.50 48.50 3.00 22.50 4.50 41.50 15.50 26.50 4.50 43.50 7.50 42.50 10.00
13.50 21.00 7.50 22.50 34.00 31.50 33.00 30.00 15.50 36.50 12.50 24.00 29.50 45.50 15.50 2.50 14.00 43.50 14.50 16.00
23.50 6.00 22.50 12.50 43.00 11.50 4.00 11.50 10.50 6.00 6.00 4.50 1.50 32.50 35.50 17.50 3.00 8.50 20.00 23.00
8.50 12.50 15.50 29.50 31.00 46.00 27.00 15.00 35.50 9.00 7.50 7.00 19.50 8.00 30.50 27.00 3.50 1.50 20.50 49.50
30.00 16.00 5.00 35.50 29.00 22.50 2.00 36.50 0.50 42.50 4.00 9.50 23.00 15.00 27.50 49.00 16.00 14.00 42.00 33.50
7.50 44.50 35.00 48.00 11.50 48.50 25.00 2.00 18.50 1.50 11.50 44.50 12.00 39.00 42.50 30.50 42.50 42.50 30.50 34.00
47.00 5.50 37.50 17.00 6.00 7.00 49.00 41.00 44.50 33.00 14.00 10.50 30.00 4.50 17.50 9.00 0.50 28.00 30.00 16.50
48.50 17.00 35.50 25.00 44.50 40.00 19.00 4.00 12.00 36.00 31.00 16.00 10.00 45.00 31.00 20.50 27.00 11.00 15.50 37.00
32.50 5.00 25.00 12.50 9.50 29.50 26.00 18.00 7.50 36.00 48.50 7.50 45.50 1.00 43.50 7.50 29.50 30.00 39.00 39.00
17.50 47.50 12.50 18.00 15.50 15.00 29.00 10.00 47.00 30.50 15.00 38.50 30.50 5.50 24.00 9.50 5.00 26.00 20.50 43.50
2.50 4.50 37.00 9.00 35.00 12.00 28.50 35.00 11.00 11.00 25.00 14.00 8.00 18.50 45.50 37.50 47.50 2.00 22.50 47.50
0.50 44.00 47.00 17.00 34.00 22.00 6.50 21.00 47.00 38.50 35.00 49.00 30.50 42.00 12.50 8.50 21.00 15.50 27.50 44.50
33.00 39.50 3.50 19.50 14.50 49.50 4.00 31.00 16.50 43.00 38.50 7.50 49.00 21.50 47.50 2.00 1.00 29.00 13.50 19.00
24.50 30.00 39.50 19.50 23.50 16.50 4.50 24.50 42.00 23.00 1.00 40.00 22.00 38.50 19.00 9.50 5.50 19.00 3.50 22.50
1.50 29.50 12.50 40.50 21.50 45.00 4.00 10.50 22.50 36.00 37.50 38.00 2.50 7.00 42.50 3.50 16.00 18.00 13.00 35.50
16.50 40.50 37.00 31.00 23.50 12.50 47.50 1.50 9.50 15.50 44.00 27.00 6.00 12.00 11.00 22.00 35.50 2.00 27.00 16.50
49.00 2.00 7.00 12.50 22.50 27.00 13.50 9.00 24.00 13.50 26.00 45.00 22.50 35.50 6.00 27.00 12.00 17.00 24.00 26.50
22.50 29.00 47.50 41.00 46.00 45.50 14.00 48.00 44.50 4.00 0.50 22.00 17.50 8.50 44.50 27.50 28.00 9.50 28.00 39.00
1.50 20.00 27.00 45.50 40.50 30.50 8.50 20.50 16.50 33.50 20.50 17.00 27.50 26.50 42.00 23.00 11.50 11.00 25.50 22.00
12.50 47.50 37.00 13.00 22.00 14.50 19.00 47.00 31.50 2.50 26.50 1.50 17.50 42.00 35.00 23.00 35.50 37.00 26.00 4.50
37.00 40.50 22.00 31.50 42.00 0.50 36.00 20.50 19.00 44.00 8.00 17.00 45.00 41.50 17.50 42.00 42.50 12.00 45.50 9.00
30.50 0.50 22.00 39.00 32.00 29.50 44.50 29.00 13.00 15.50 37.50 4.50 11.00 25.00 29.50 36.50 45.50 9.00 32.00 11.50
28.50 33.50 12.50 45.50 15.00 32.00 26.50 13.50 1.50 27.50 34.00 18.00 33.00 41.50 14.50 14.00 24.50 4.50 27.00 17.50
45.00 34.00 10.50 6.50 29.00 30.00 25.50 19.00 32.00 18.00 49.50 38.50 35.00 41.00 7.50 26.00 44.00 41.00 34.00 42.50
40.50 19.00 6.00 47.00 47.50 37.50 49.50 4.00 3.00 32.50 3.00 2.00 8.50 31.00 33.00 16.00 16.50 48.00 30.50 30.00
7.50 20.00 3.00 26.00 48.00 41.50 12.00 10.50 32.50 48.00 1.00 23.00 11.00 31.50 43.50 25.50 31.50 48.50 1.00 4.50
33.00 14.00 28.00 3.50 46.00 20.50 49.00 13.00 44.50 48.00 9.00 7.50 33.50 3.00 21.50 10.50 34.50 49.00 25.00 47.00
0.50 2.50 9.50 35.50 27.00 13.50 26.00 2.50 6.50 48.00 17.50 48.00 43.50 14.50 27.00 46.00 14.00 39.00 30.50 26.50
44.50 13.00 37.50 0.50 9.00 47.00 33.50 1.00 35.50 45.50 38.50 0.50 17.00 33.00 42.00 30.00 49.50 17.50 23.00 16.00
15.50 29.50 17.50 42.00 10.00 11.00 15.50 32.50 11.00 41.00 28.50 12.50 18.00 6.50 42.50 43.50 26.00 13.00 20.50 17.00
10.00 38.50 32.00 19.00 13.50 48.00 17.00 29.00 1.00 1.50 30.00 19.50 47.00 30.00 4.00 27.00 26.50 24.00 8.00 29.50
23.00 30.00 44.50 30.50 29.50 10.50 30.50 41.50 16.50 23.50 30.00 16.00 18.00 12.00 1.00 15.00 7.00 33.50 44.00 47.50
46.50 34.50 49.50 16.00 11.00 26.50 30.00 5.00 49.50 2.00 42.50 21.00 11.50 47.00 44.50 30.00 11.50 39.00 2.00 5.00
39.00 28.50 18.00 24.50 46.50 38.50 8.50 17.00 35.50 46.50 46.50 4.50 6.50 19.00 29.00 18.00 25.00 43.50 33.50 1.00
20.50 21.50 16.00 31.50 3.00 42.50 41.00 14.50 25.50 37.00 25.00 18.00 18.00 27.50 35.50 29.50 18.50 1.00 28.50 19.00
15.00 45.00 26.50 36.00 47.50 16.50 12.50 41.00 30.50 6.00 19.00 41.50 28.00 13.00 34.50 19.50 46.50 48.50 5.50 35.50
21.00 15.00 33.50 43.00 29.00 10.00 6.00 44.50 16.50 47.50 27.00 17.00 9.00 31.00 40.00 8.00 9.00 28.50 32.50 46.50
35.50 23.00 34.00 31.50 6.00 0.50 30.50 16.00 28.50 41.00 5.50 24.50 25.00 36.50 12.50 27.50 38.50 31.00 49.50 12.00
3.00 24.50 48.50 40.00 8.00 45.00 42.00 23.50 28.00 21.00 3.50 26.50 19.50 45.50 37.00 11.00 42.00 40.50 2.00 15.50
8.00 38.50 4.50 43.50 46.50 35.50 44.50 21.50 16.50 49.50 2.50 21.50 35.50 8.00 33.00 20.50 14.00 36.50 44.50 36.50
38.00 33.50 8.00 27.50 20.00 31.00 5.50 21.00 16.00 28.50 7.50 37.00 29.50 45.00 30.00 6.50 30.50 24.50 46.50 38.50
31.50 27.00 27.50 26.50 43.50 47.00 12.50 21.00 26.00 22.00 11.50 40.00 40.00 18.50 4.00 49.50 40.50 30.00 4.00 45.50
27.00 3.50 45.50 49.50 2.50 43.00 25.00 8.00 43.00 39.50 1.00 24.50 17.50 7.00 7.00 12.50 41.00 48.50 23.50 47.00
19.00 19.00 2.50 3.50 20.50 30.50 5.50 3.50 3.00 24.00 36.50 6.50 38.50 40.50 13.50 1.00 14.50 11.00 11.00 29.00
44.00 13.00 40.50 17.50 44.00 7.50 30.50 5.50 4.50 11.50 7.00 30.50 39.00 9.50 31.50 27.00 44.00 6.00 13.00 24.00
18.00 41.50 33.50 36.00 46.00 43.50 40.50 13.50 44.00 15.50 22.00 38.50 39.50 42.00 15.50 27.50 40.00 4.00 44.50 46.50
34.50 47.50 43.00 22.50 32.00 26.50 7.00 23.00 43.50 28.50 25.50 15.50 23.00 9.00 48.00 11.50 32.00 17.50 38.50 45.00
25.50 22.00 13.00 7.00 22.50 15.00 36.00 39.00 28.50 27.50 21.50 15.00 18.00 27.00 28.50 31.00 14.50 21.00 5.00 42.50
33.50 42.00 20.50 18.00 6.50 38.50 43.00 36.50 49.00 26.00 39.00 30.50 1.50 19.50 7.00 49.00 9.50 22.00 4.00 39.00
27.00 20.50 24.00 17.50 30.50 4.50 43.50 13.50 46.00 2.00 37.00 39.50 28.00 30.50 16.00 23.00 0.50 33.50 33.00 30.00
38.00 2.50 14.00 43.00 25.50 17.00 3.50 34.50 19.50 41.50 15.50 29.50 36.00 14.50 1.00 41.00 17.00 23.00 24.00 19.00
23.50 6.00 9.50 40.50 35.00 1.00 28.50 19.00 19.00 44.00 49.50 19.00 38.50 12.50 1.50 35.00 34.00 12.00 34.50 27.50
18.50 43.50 44.00 20.50 40.50 19.50 40.50 20.50 39.00 33.50 47.50 27.00 41.00 33.00 36.00 41.50 28.50 34.00 49.50 31.50
7.50 8.00 18.50 29.00 12.50 27.00 16.50 19.00 27.00 33.50 26.00 9.50 48.50 34.50 22.00 36.00 7.50 34.00 25.50 35.00
3.00 2.00 20.00 17.00 27.00 4.00 26.00 25.00 15.50 10.00 20.00 25.00 9.00 6.00 16.50 10.50 39.00 2.50 31.50 42.00
31.00 41.50 11.50 21.50 48.50 22.00 2.00 14.00 26.50 17.00 1.00 12.00 16.00 36.50 36.00 28.00 47.50 42.00 25.50 8.00
9.50 48.50 13.50 23.50 42.50 6.00 36.50 38.00 46.00 20.50 13.50 38.50 43.50 25.00 0.50 18.00 3.50 29.00 47.50 12.50
3.50 29.00 5.50 5.00 3.50 46.50 49.00 19.50 34.50 29.50 28.00 49.50 10.00 11.50 36.00 20.50 14.00 0.50 47.50 28.00
48.50 40.00 4.00 11.50 32.50 9.00 1.00 25.50 26.00 37.00 6.00 44.00 20.00 18.00 4.50 2.50 38.00 42.00 11.50 33.00
18.50 11.00 2.50 18.00 42.00 44.00 13.50 28.50 43.50 17.50 9.50 45.50 27.50 12.50 32.50 3.50 24.00 29.50 32.50 25.50
18.50 0.50 43.50 28.00 40.00 10.50 23.00 19.50 5.50 4.00 38.00 12.50 20.00 45.00 39.50 0.50 1.00 33.50 36.00 49.50
30.00 44.50 19.50 42.00 32.50 27.00 42.00 23.00 17.00 13.00 41.50 2.00 0.50 14.00 19.00 11.50 6.00 1.00 46.00 2.00
40.50 49.00 16.00 26.50 10.50 47.00 3.50 34.50 33.50 45.00 24.00 2.50 42.00 13.50 24.50 1.00 33.50 37.00 37.00 26.00
14.00 46.00 11.50 42.50 4.50 2.50 24.00 7.50 26.00 12.50 29.50 28.00 18.50 36.50 46.50 24.00 3.50 2.50 37.50 43.50
43.50 45.00 41.00 16.00 16.00 21.50 33.50 11.00 15.00 11.50 31.00 40.50 13.00 8.50 19.00 32.50 12.00 29.00 23.00 14.50
47.50 10.00 16.00 4.00 47.50 44.50 43.00 3.50 4.50 11.50 28.00 36.50 23.50 14.00 36.00 3.00 21.00 48.00 44.00 41.50
42.50 7.00 47.50 16.50 10.00 49.00 3.00 33.50 39.00 35.50 48.00 41.00 34.00 42.00 15.50 37.50 45.50 17.00 23.00 11.00
38.00 38.00 9.50 33.50 14.00 49.50 18.00 8.00 17.00 0.50 9.00 23.00 2.00 41.50 25.50 3.00 8.50 25.00 28.00 28.00
34.50 11.50 44.00 32.50 32.00 21.50 7.00 25.00 7.00 36.00 29.00 43.50 25.00 13.50 44.50 21.50 39.50 46.00 37.00 6.00
22.00 27.00 14.50 17.50 14.50 42.50 43.00 38.00 12.00 24.50 14.50 23.00 4.00 42.00 45.00 33.50 47.50 7.50 33.00 18.00
35.00 9.00 27.00 9.50 41.00 40.00 37.50 6.50 32.00 36.50 2.00 42.50 25.50 18.50 47.50 13.00 43.00 37.00 23.50 44.00
12.00 17.00 5.50 46.00 41.00 3.50 10.50 5.50 3.00 9.00 13.50 38.00 2.00 14.00 38.00 39.50 48.00 45.00 4.50 38.50
