# nJobs | nMachines
20 20
# Job Weights
89
20
65
52
97
19
3
52
35
56
19
93
61
46
88
30
59
70
87
38
# P_bar : m1 | m2 | m3 | m4 | m5 | m6 | m7 | m8 | m9 | m10 | m11 | m12 | m13 | m14 | m15 | m16 | m17 | m18 | m19 | m20
74 63 8 21 14 19 71 50 24 54 77 67 20 72 34 17 23 91 1 26
45 31 75 7 7 41 1 4 63 6 22 98 6 90 85 92 21 75 6 83
23 40 82 73 95 6 99 96 60 15 15 98 45 94 40 35 26 53 71 66
20 47 34 24 49 6 44 12 99 98 46 47 67 90 99 54 20 59 16 61
6 21 68 59 23 44 47 57 84 88 51 65 22 36 97 5 52 6 97 54
21 8 61 62 67 28 30 70 92 31 26 65 13 6 24 49 73 68 31 25
83 14 55 23 86 68 70 76 34 12 45 58 60 28 55 97 92 30 32 62
47 60 19 76 68 44 35 88 45 31 59 13 31 86 34 75 62 58 71 16
42 64 47 35 75 29 29 4 85 48 24 33 72 20 60 15 53 12 14 30
54 59 2 2 11 85 99 77 88 74 13 53 68 44 80 89 82 93 92 62
88 16 83 60 18 56 96 56 46 80 50 2 49 62 44 25 84 26 86 67
92 66 28 62 57 53 46 58 69 26 86 10 64 37 83 8 41 13 53 36
42 77 31 67 57 23 58 94 30 51 12 34 3 65 56 75 2 65 61 70
70 38 37 4 75 81 95 78 94 50 60 41 18 55 88 50 77 79 55 31
13 41 84 13 69 3 14 47 58 7 78 77 19 44 37 28 50 38 15 30
23 79 17 12 33 16 24 63 65 34 79 40 30 48 27 34 31 52 96 7
30 49 10 91 68 40 54 78 53 20 64 82 57 68 58 28 83 90 50 13
45 68 33 43 34 53 25 53 86 55 56 80 83 58 3 63 33 58 4 41
96 62 57 82 19 62 2 78 72 64 35 98 9 70 46 59 71 28 55 44
71 47 4 83 15 45 66 37 41 27 57 89 1 97 39 97 29 88 17 76
# P_hat : m1 | m2 | m3 | m4 | m5 | m6 | m7 | m8 | m9 | m10 | m11 | m12 | m13 | m14 | m15 | m16 | m17 | m18 | m19 | m20
29.60 25.20 3.20 8.40 5.60 7.60 28.40 20.00 9.60 21.60 30.80 26.80 8.00 28.80 13.60 6.80 9.20 36.40 0.40 10.40
18.00 12.40 30.00 2.80 2.80 16.40 0.40 1.60 25.20 2.40 8.80 39.20 2.40 36.00 34.00 36.80 8.40 30.00 2.40 33.20
9.20 16.00 32.80 29.20 38.00 2.40 39.60 38.40 24.00 6.00 6.00 39.20 18.00 37.60 16.00 14.00 10.40 21.20 28.40 26.40
8.00 18.80 13.60 9.60 19.60 2.40 17.60 4.80 39.60 39.20 18.40 18.80 26.80 36.00 39.60 21.60 8.00 23.60 6.40 24.40
2.40 8.40 27.20 23.60 9.20 17.60 18.80 22.80 33.60 35.20 20.40 26.00 8.80 14.40 38.80 2.00 20.80 2.40 38.80 21.60
8.40 3.20 24.40 24.80 26.80 11.20 12.00 28.00 36.80 12.40 10.40 26.00 5.20 2.40 9.60 19.60 29.20 27.20 12.40 10.00
33.20 5.60 22.00 9.20 34.40 27.20 28.00 30.40 13.60 4.80 18.00 23.20 24.00 11.20 22.00 38.80 36.80 12.00 12.80 24.80
18.80 24.00 7.60 30.40 27.20 17.60 14.00 35.20 18.00 12.40 23.60 5.20 12.40 34.40 13.60 30.00 24.80 23.20 28.40 6.40
16.80 25.60 18.80 14.00 30.00 11.60 11.60 1.60 34.00 19.20 9.60 13.20 28.80 8.00 24.00 6.00 21.20 4.80 5.60 12.00
21.60 23.60 0.80 0.80 4.40 34.00 39.60 30.80 35.20 29.60 5.20 21.20 27.20 17.60 32.00 35.60 32.80 37.20 36.80 24.80
35.20 6.40 33.20 24.00 7.20 22.40 38.40 22.40 18.40 32.00 20.00 0.80 19.60 24.80 17.60 10.00 33.60 10.40 34.40 26.80
36.80 26.40 11.20 24.80 22.80 21.20 18.40 23.20 27.60 10.40 34.40 4.00 25.60 14.80 33.20 3.20 16.40 5.20 21.20 14.40
16.80 30.80 12.40 26.80 22.80 9.20 23.20 37.60 12.00 20.40 4.80 13.60 1.20 26.00 22.40 30.00 0.80 26.00 24.40 28.00
28.00 15.20 14.80 1.60 30.00 32.40 38.00 31.20 37.60 20.00 24.00 16.40 7.20 22.00 35.20 20.00 30.80 31.60 22.00 12.40
5.20 16.40 33.60 5.20 27.60 1.20 5.60 18.80 23.20 2.80 31.20 30.80 7.60 17.60 14.80 11.20 20.00 15.20 6.00 12.00
9.20 31.60 6.80 4.80 13.20 6.40 9.60 25.20 26.00 13.60 31.60 16.00 12.00 19.20 10.80 13.60 12.40 20.80 38.40 2.80
12.00 19.60 4.00 36.40 27.20 16.00 21.60 31.20 21.20 8.00 25.60 32.80 22.80 27.20 23.20 11.20 33.20 36.00 20.00 5.20
18.00 27.20 13.20 17.20 13.60 21.20 10.00 21.20 34.40 22.00 22.40 32.00 33.20 23.20 1.20 25.20 13.20 23.20 1.60 16.40
38.40 24.80 22.80 32.80 7.60 24.80 0.80 31.20 28.80 25.60 14.00 39.20 3.60 28.00 18.40 23.60 28.40 11.20 22.00 17.60
28.40 18.80 1.60 33.20 6.00 18.00 26.40 14.80 16.40 10.80 22.80 35.60 0.40 38.80 15.60 38.80 11.60 35.20 6.80 30.40
