# nJobs | nMachines
200 20
# Job Weights
37
25
68
67
81
71
45
49
29
8
45
19
21
70
66
82
27
32
38
93
74
37
65
58
27
87
100
87
77
31
52
84
30
27
25
44
54
48
63
77
38
82
43
95
44
11
61
41
38
92
41
43
28
6
54
12
40
27
57
1
20
53
72
8
21
37
77
46
71
48
55
84
93
100
15
41
40
7
27
13
40
35
93
78
51
17
23
96
89
21
48
42
11
11
22
64
6
100
6
21
3
49
19
70
43
85
12
4
27
38
24
96
85
28
41
1
58
89
53
9
40
52
74
26
40
3
70
67
59
91
53
46
20
68
81
16
59
45
16
63
63
57
29
67
13
29
66
91
6
48
9
9
95
5
56
26
63
97
6
88
46
35
81
79
15
34
1
98
36
9
91
100
5
16
97
65
57
63
70
89
33
23
37
18
1
22
72
58
25
95
12
53
50
55
68
86
37
27
89
59
# P_bar : m1 | m2 | m3 | m4 | m5 | m6 | m7 | m8 | m9 | m10 | m11 | m12 | m13 | m14 | m15 | m16 | m17 | m18 | m19 | m20
53 70 30 19 14 64 25 76 13 74 62 76 13 1 15 1 51 19 64 3
89 26 64 27 92 68 59 8 53 45 15 78 33 34 68 82 17 54 34 78
86 92 2 33 54 18 62 80 11 42 64 57 60 84 12 93 4 32 36 62
31 58 48 2 38 1 47 55 60 26 54 42 92 76 16 97 99 94 4 60
77 33 61 4 77 96 13 56 52 81 63 61 13 86 86 21 47 45 18 14
40 83 76 77 96 71 37 62 31 87 98 2 50 78 26 48 63 34 22 24
44 66 51 22 55 90 15 49 84 64 26 98 16 80 93 61 67 45 74 65
94 81 61 64 42 34 80 24 79 96 13 80 41 64 98 78 47 90 69 77
90 51 98 19 74 73 39 6 12 32 41 75 26 11 16 1 51 57 34 29
73 56 98 93 65 97 23 70 27 98 1 26 51 68 15 60 69 35 60 21
91 79 28 25 34 62 18 1 27 70 58 25 43 39 23 39 17 18 42 9
29 44 27 85 64 52 70 57 33 10 79 40 93 9 43 54 7 59 43 81
48 88 93 90 3 78 47 11 29 58 74 44 65 66 39 46 40 67 68 45
27 19 70 88 94 93 91 57 22 64 39 59 90 34 28 55 92 15 12 16
79 37 82 17 94 81 42 23 44 84 6 71 19 30 79 2 28 48 35 42
14 62 45 88 9 28 63 71 28 96 8 89 58 60 24 86 30 31 55 33
57 11 63 74 56 70 50 28 3 12 97 38 66 90 15 85 6 12 11 40
87 62 45 78 20 48 97 7 31 85 35 84 88 19 71 30 40 45 28 27
85 28 60 17 76 41 47 47 16 71 30 31 58 46 88 74 42 76 23 94
77 75 90 10 98 67 43 84 35 73 1 88 22 38 78 15 12 1 64 20
37 71 95 98 47 61 33 71 10 7 34 38 45 94 12 83 83 15 10 50
52 77 12 93 89 21 1 15 76 70 16 62 3 18 56 42 82 69 69 89
48 36 53 53 13 8 24 84 64 23 20 53 22 63 34 78 51 93 17 26
50 61 87 73 83 74 20 8 83 61 30 95 27 41 85 44 49 89 66 42
97 39 34 19 64 66 93 96 92 58 97 78 33 26 27 19 83 56 99 5
82 87 70 76 36 11 5 64 40 96 86 45 68 82 29 8 37 58 99 60
48 44 71 78 36 60 75 29 18 14 2 46 50 90 32 13 24 77 5 81
55 89 69 64 42 36 81 55 80 34 66 83 75 90 23 33 86 42 73 34
65 24 46 36 89 54 72 43 60 60 4 15 76 10 34 82 2 62 71 54
69 53 80 99 86 77 87 27 6 52 27 30 53 78 61 52 57 16 68 11
94 19 1 91 92 77 94 44 32 59 12 50 59 34 14 65 8 23 2 80
25 59 46 59 53 86 1 31 49 62 11 34 60 16 61 68 72 26 29 95
91 17 8 40 40 77 27 90 50 83 62 2 25 17 18 33 50 41 53 37
34 65 10 39 10 76 70 19 80 68 11 2 97 22 50 74 62 28 88 45
27 34 25 16 56 56 54 62 40 42 76 3 61 78 58 10 93 98 7 58
42 71 69 24 54 24 80 93 88 1 59 60 97 81 99 12 10 93 36 89
6 81 6 84 80 15 69 47 23 20 49 72 29 38 97 97 6 89 64 31
58 72 8 82 10 26 20 63 66 22 76 4 31 33 92 24 79 32 87 53
35 50 65 26 27 55 51 14 99 2 19 39 28 8 58 38 91 14 7 96
31 87 38 67 20 86 24 80 92 77 85 9 58 20 53 20 64 42 14 68
52 86 69 47 99 13 86 51 42 18 22 87 95 73 87 15 62 35 82 21
17 49 67 25 4 69 24 40 84 52 54 8 66 29 38 78 56 77 6 16
58 59 77 83 67 77 22 66 76 36 29 58 7 80 17 22 78 81 34 76
1 11 34 3 35 48 87 41 13 96 76 6 16 44 89 48 38 82 3 84
66 32 15 92 97 15 5 87 57 56 23 38 25 42 65 56 26 40 76 27
65 64 29 30 82 62 60 79 10 30 96 70 81 97 22 77 59 99 22 97
77 53 16 64 53 79 25 97 46 30 45 37 35 80 75 71 90 56 55 31
81 86 86 10 94 17 3 60 49 89 4 38 83 39 80 50 39 99 99 46
17 54 97 56 59 69 26 61 37 27 3 34 99 25 64 80 48 4 95 90
38 41 88 74 74 24 75 64 78 27 70 28 53 6 53 72 36 45 95 46
95 53 12 67 80 46 78 14 18 58 93 26 53 33 9 58 73 82 43 24
69 77 90 52 95 89 5 4 63 40 63 10 3 58 65 71 11 10 9 48
18 43 8 80 2 87 84 46 34 23 8 19 18 85 27 64 82 27 96 64
85 98 7 56 37 15 43 30 8 25 43 2 75 26 8 66 83 87 80 31
72 19 48 63 53 51 42 94 98 40 90 92 22 98 7 23 50 38 44 17
72 56 37 90 34 17 35 67 73 43 28 77 88 93 65 58 15 21 75 49
96 69 37 95 89 93 76 30 49 96 41 37 99 13 11 55 81 11 6 49
49 56 53 3 70 76 55 2 34 51 92 93 33 94 61 4 32 26 43 33
16 77 40 60 10 4 66 52 77 65 6 13 75 39 64 39 66 80 71 98
39 9 65 17 6 74 15 25 65 54 32 17 22 91 68 96 36 64 17 2
1 71 58 49 70 71 10 93 54 46 21 42 50 33 8 11 97 13 59 7
98 45 21 72 58 74 47 3 79 57 34 87 30 47 54 27 17 82 29 15
78 92 67 68 99 53 25 88 48 33 66 74 71 11 22 68 25 42 88 98
50 86 53 24 12 76 78 51 14 25 68 2 57 19 80 78 49 13 63 21
52 33 88 95 83 28 52 43 93 67 33 42 44 99 48 95 26 32 82 15
12 86 86 44 37 30 73 70 29 53 17 31 26 95 97 84 55 84 86 90
92 83 14 96 9 20 46 19 67 12 13 44 65 99 5 38 87 97 79 34
81 80 88 22 99 19 77 5 16 94 67 16 52 41 51 15 36 4 14 82
51 52 34 64 90 14 68 28 42 69 99 81 11 10 80 56 95 90 59 84
97 22 38 30 91 78 7 20 86 54 65 78 85 62 62 58 82 25 32 44
96 11 22 25 84 51 63 14 33 50 20 82 22 81 32 22 62 96 2 69
9 21 53 66 21 23 36 90 39 84 38 85 98 35 46 85 6 38 48 8
83 12 45 96 20 64 48 98 77 83 21 72 31 13 38 92 36 90 66 97
47 86 27 47 98 24 38 28 19 70 49 84 45 99 39 62 47 52 37 11
19 76 14 99 12 41 73 60 11 39 10 34 74 57 50 6 56 42 45 68
89 35 90 15 49 88 34 50 33 5 8 3 15 25 60 4 38 8 35 77
83 12 96 94 47 73 59 56 43 49 53 3 9 89 83 25 49 15 22 2
20 23 76 28 60 12 75 34 32 10 91 57 23 5 80 10 21 6 89 7
66 64 85 95 63 26 30 35 93 3 78 65 68 26 5 27 33 65 56 80
11 21 41 22 61 85 26 43 85 58 33 21 48 42 70 81 50 99 53 47
85 46 24 56 25 10 18 95 25 45 19 54 32 10 94 5 15 87 19 65
18 62 5 43 90 39 92 62 55 77 24 27 1 3 71 26 35 77 86 62
91 86 28 93 39 72 16 10 71 86 47 18 72 89 21 25 5 76 35 72
98 22 33 29 62 12 4 21 65 75 27 90 50 28 39 66 28 24 74 45
25 58 49 37 76 21 69 32 22 63 72 80 36 97 65 63 25 42 48 17
80 4 87 48 96 32 17 2 74 61 26 82 7 57 1 43 5 13 77 17
38 94 99 2 52 14 66 11 54 19 74 74 75 48 35 9 65 78 9 58
61 8 37 7 2 22 67 59 20 75 53 93 73 30 80 54 56 50 22 21
50 79 37 11 50 10 98 62 88 8 67 63 77 9 49 92 59 46 64 23
31 67 27 72 90 40 12 55 93 16 43 98 69 28 35 7 20 30 45 36
97 39 52 96 51 59 33 55 83 51 61 70 22 72 44 63 89 72 89 13
2 9 64 74 50 46 25 63 12 90 10 39 23 68 40 55 9 4 94 74
87 67 46 79 15 42 4 38 87 98 7 34 67 27 12 4 53 13 7 69
55 37 93 84 88 2 19 3 88 51 31 38 43 77 48 68 48 16 70 73
20 43 41 93 92 38 77 98 18 77 10 13 30 3 25 71 79 59 42 26
47 14 86 28 6 80 82 12 73 16 15 26 56 67 41 67 27 17 80 35
13 2 24 72 91 19 34 45 37 90 66 38 78 68 37 39 42 38 54 49
13 21 7 1 8 77 6 1 72 39 46 47 20 97 87 3 46 30 17 4
78 56 49 90 34 27 30 25 34 37 3 48 4 2 38 6 80 14 46 95
76 92 28 84 5 27 77 85 80 19 85 80 88 96 25 1 85 77 20 85
22 1 7 89 67 95 31 1 28 18 5 79 7 22 60 95 29 31 56 70
8 96 62 82 51 29 54 97 72 74 70 5 38 62 11 24 31 60 33 42
46 57 87 65 13 86 5 39 71 13 1 91 39 82 52 75 16 29 69 52
48 62 9 63 76 41 86 79 21 10 87 16 50 32 37 33 42 7 44 89
34 69 78 23 89 69 41 13 73 99 85 7 87 47 74 52 58 79 24 64
98 75 32 76 91 43 81 23 59 58 11 97 70 61 27 24 70 26 15 90
57 14 42 98 31 19 29 26 44 68 51 63 21 25 87 23 23 86 82 13
3 59 23 35 40 74 80 78 86 25 28 91 87 47 35 71 99 64 59 5
86 31 52 64 14 52 67 2 93 33 92 30 22 79 53 43 45 42 43 2
15 62 18 45 86 22 77 39 83 11 52 71 67 40 27 35 57 96 17 99
40 46 90 65 40 41 93 94 70 11 78 77 51 65 76 9 63 90 54 33
7 93 89 99 68 34 44 21 77 85 53 15 16 93 69 62 45 44 39 4
55 24 99 89 59 89 10 67 8 50 25 54 76 93 54 54 42 71 72 27
33 53 9 52 43 49 51 81 70 84 96 99 84 41 82 85 18 35 92 84
45 32 24 21 54 46 25 87 39 52 82 82 32 94 52 56 77 79 22 72
58 79 75 54 74 64 91 52 53 41 68 58 34 53 35 3 37 12 27 12
14 31 26 3 9 21 66 3 65 81 67 37 33 98 76 52 90 44 14 74
97 94 73 70 85 7 36 17 47 33 59 64 31 59 26 99 82 36 8 41
55 93 87 34 18 31 2 26 40 15 35 6 39 63 28 17 13 38 95 96
74 17 74 45 37 91 68 99 55 47 11 88 23 96 59 68 97 21 86 96
6 73 1 1 2 55 3 54 54 56 29 38 10 11 94 14 69 91 63 30
2 71 40 36 25 10 69 33 53 87 2 38 87 27 86 15 74 45 71 68
13 62 29 13 39 82 11 75 84 74 72 8 79 54 63 21 40 77 78 5
94 42 84 54 76 70 60 99 42 83 44 41 91 57 47 79 86 64 48 23
6 74 69 32 11 57 98 80 11 81 92 70 47 97 19 16 48 50 90 40
78 61 89 26 8 1 75 77 95 48 36 10 83 27 37 34 12 43 44 36
27 48 28 62 63 89 65 13 30 40 27 54 21 11 83 42 93 47 15 70
87 14 22 29 48 67 34 91 20 19 54 84 19 25 70 84 37 21 77 7
88 54 74 56 72 82 41 42 40 56 59 19 23 33 28 39 36 96 78 8
24 60 24 65 65 62 58 98 57 56 12 17 78 72 62 97 76 30 96 52
24 70 57 55 60 23 86 89 93 12 33 27 80 89 69 14 99 33 43 38
89 29 77 52 86 79 77 97 34 83 37 97 50 8 41 91 25 65 22 43
99 59 40 93 20 32 18 74 94 20 4 80 40 66 92 95 99 90 28 91
1 79 8 82 2 64 6 5 7 3 10 35 4 97 11 30 70 79 39 29
75 81 84 76 26 25 9 65 48 75 12 24 36 59 66 81 91 65 89 64
88 42 34 79 74 86 83 75 43 85 51 38 11 57 92 4 35 93 45 26
24 44 11 18 65 32 4 96 33 23 62 59 97 96 51 83 20 80 49 85
77 92 57 11 59 47 19 59 85 95 65 10 46 97 67 9 67 3 5 84
12 2 99 6 58 98 8 81 19 61 73 47 45 56 31 84 26 20 62 20
1 72 6 4 74 65 45 53 10 35 90 40 99 73 55 86 53 60 10 57
55 53 52 62 29 29 47 67 32 35 17 1 25 51 81 30 72 35 32 55
27 20 18 12 29 67 8 76 25 46 44 1 36 61 15 94 6 42 58 76
43 73 5 41 73 74 83 46 43 85 98 75 96 81 35 55 56 15 76 41
49 99 87 7 56 28 85 56 59 27 22 44 69 69 30 77 81 11 22 84
3 11 4 40 93 2 77 41 4 17 29 90 10 88 80 46 37 24 68 34
69 49 89 75 56 81 83 55 3 84 46 57 6 25 75 70 43 57 55 39
76 25 11 35 5 52 94 95 76 77 40 97 59 57 1 88 47 77 72 24
43 95 98 77 58 12 11 60 13 78 19 30 37 14 13 73 15 73 18 58
63 14 83 25 38 76 72 51 63 57 49 56 55 71 47 31 50 72 24 26
45 23 30 82 91 76 2 20 8 59 6 47 18 15 7 4 59 37 62 2
36 5 94 72 68 24 72 5 34 4 42 72 63 95 34 32 56 44 25 55
2 6 15 35 37 54 8 36 28 99 9 16 67 26 60 95 23 22 5 52
99 26 17 6 98 32 77 85 36 77 69 51 82 59 90 18 31 76 79 17
50 37 26 2 50 45 12 95 81 63 56 29 91 66 46 75 99 36 50 63
27 89 75 48 92 89 73 53 66 63 12 74 81 76 21 19 96 7 22 9
18 90 28 99 74 37 30 83 73 43 19 39 86 22 65 4 20 55 70 86
24 17 16 2 4 30 28 47 35 99 3 49 61 72 84 82 62 51 70 17
13 68 37 17 71 17 25 52 37 47 7 96 71 93 10 16 44 9 59 35
89 79 21 54 14 65 27 72 63 18 98 39 38 28 67 74 56 6 90 96
33 39 47 8 9 40 2 62 20 6 19 47 98 90 66 10 12 23 83 61
67 98 24 99 15 8 57 78 80 92 68 99 43 21 49 82 99 46 98 96
34 13 98 76 63 77 75 95 53 56 91 3 20 52 14 20 27 32 20 89
33 87 6 62 6 36 17 31 61 41 45 62 13 35 26 58 58 78 19 94
80 9 93 47 3 25 97 65 96 37 58 14 49 17 22 89 9 81 57 49
79 21 56 30 73 62 5 74 75 53 3 82 51 85 61 53 92 47 76 16
83 48 70 88 81 78 13 89 71 84 93 9 63 74 60 94 65 98 95 49
62 1 35 24 17 64 71 78 65 67 51 51 20 65 9 92 99 94 64 85
96 95 1 22 78 63 76 74 14 48 39 23 22 45 66 81 13 3 84 44
20 60 60 98 38 86 21 40 71 57 44 91 3 91 93 31 22 32 53 95
54 4 35 51 36 22 27 99 5 66 50 58 72 34 9 52 7 50 1 51
17 43 25 62 61 65 21 48 28 44 19 9 78 88 85 88 23 66 97 95
51 89 7 90 5 34 85 87 16 45 62 97 42 36 80 25 37 90 72 33
1 94 45 57 39 40 71 10 29 93 61 88 83 58 51 92 58 59 32 95
80 7 50 97 50 20 73 34 80 32 84 96 63 78 99 43 86 27 83 81
35 76 93 13 55 45 47 33 37 31 95 33 5 16 77 77 38 82 22 55
58 9 45 11 4 82 88 39 47 61 13 15 79 18 77 43 14 59 34 24
60 12 61 62 58 73 10 31 25 82 20 93 83 15 82 46 99 84 59 47
95 54 75 5 34 48 59 51 25 27 43 61 40 6 57 19 51 50 4 17
78 15 99 76 53 42 56 12 46 51 29 41 61 52 43 71 65 71 3 72
5 9 2 81 22 62 35 9 72 73 31 63 8 63 88 16 53 88 90 41
24 40 30 35 9 43 25 26 63 55 39 29 90 57 77 96 85 72 45 62
82 53 97 18 87 44 51 23 30 6 35 5 38 93 59 87 59 4 37 16
47 86 82 83 90 26 92 57 43 92 49 35 20 27 18 62 58 25 23 29
91 29 89 72 50 35 61 7 57 27 66 4 71 16 7 8 45 22 33 81
69 67 72 27 5 98 8 63 28 66 39 36 78 3 79 12 78 17 92 88
71 74 69 61 64 48 12 93 64 12 74 73 9 81 45 98 8 82 32 21
73 27 36 74 26 91 19 1 59 20 80 52 31 76 70 39 4 7 7 2
42 50 48 52 37 76 41 61 99 94 87 58 40 54 59 79 98 56 27 33
47 29 87 95 98 41 37 88 63 77 12 67 82 79 23 28 89 37 61 25
47 51 30 2 48 8 67 1 53 40 19 12 47 76 24 57 65 40 86 52
24 73 18 2 35 2 36 14 61 82 53 28 14 66 52 90 88 41 38 92
10 2 73 9 88 39 95 21 95 16 35 11 5 98 87 83 57 1 73 54
90 79 64 81 21 94 1 77 33 17 69 68 30 74 35 78 95 78 9 24
94 73 21 55 26 75 16 87 13 25 35 85 98 29 22 49 4 24 64 65
24 3 68 45 33 15 9 38 63 43 5 81 13 91 26 29 37 64 92 1
33 55 18 32 61 6 93 59 86 11 96 78 75 9 90 78 66 26 39 40
91 50 22 36 84 58 68 68 36 44 13 43 80 73 38 28 21 19 51 59
20 17 39 3 79 17 46 1 69 83 68 80 34 28 94 93 40 45 13 47
65 5 64 91 77 89 65 74 1 33 15 49 83 78 66 59 53 88 23 52
42 21 51 37 37 30 85 24 82 20 30 58 80 12 69 98 88 35 88 62
# P_hat : m1 | m2 | m3 | m4 | m5 | m6 | m7 | m8 | m9 | m10 | m11 | m12 | m13 | m14 | m15 | m16 | m17 | m18 | m19 | m20
10.60 14.00 6.00 3.80 2.80 12.80 5.00 15.20 2.60 14.80 12.40 15.20 2.60 0.20 3.00 0.20 10.20 3.80 12.80 0.60
17.80 5.20 12.80 5.40 18.40 13.60 11.80 1.60 10.60 9.00 3.00 15.60 6.60 6.80 13.60 16.40 3.40 10.80 6.80 15.60
17.20 18.40 0.40 6.60 10.80 3.60 12.40 16.00 2.20 8.40 12.80 11.40 12.00 16.80 2.40 18.60 0.80 6.40 7.20 12.40
6.20 11.60 9.60 0.40 7.60 0.20 9.40 11.00 12.00 5.20 10.80 8.40 18.40 15.20 3.20 19.40 19.80 18.80 0.80 12.00
15.40 6.60 12.20 0.80 15.40 19.20 2.60 11.20 10.40 16.20 12.60 12.20 2.60 17.20 17.20 4.20 9.40 9.00 3.60 2.80
8.00 16.60 15.20 15.40 19.20 14.20 7.40 12.40 6.20 17.40 19.60 0.40 10.00 15.60 5.20 9.60 12.60 6.80 4.40 4.80
8.80 13.20 10.20 4.40 11.00 18.00 3.00 9.80 16.80 12.80 5.20 19.60 3.20 16.00 18.60 12.20 13.40 9.00 14.80 13.00
18.80 16.20 12.20 12.80 8.40 6.80 16.00 4.80 15.80 19.20 2.60 16.00 8.20 12.80 19.60 15.60 9.40 18.00 13.80 15.40
18.00 10.20 19.60 3.80 14.80 14.60 7.80 1.20 2.40 6.40 8.20 15.00 5.20 2.20 3.20 0.20 10.20 11.40 6.80 5.80
14.60 11.20 19.60 18.60 13.00 19.40 4.60 14.00 5.40 19.60 0.20 5.20 10.20 13.60 3.00 12.00 13.80 7.00 12.00 4.20
18.20 15.80 5.60 5.00 6.80 12.40 3.60 0.20 5.40 14.00 11.60 5.00 8.60 7.80 4.60 7.80 3.40 3.60 8.40 1.80
5.80 8.80 5.40 17.00 12.80 10.40 14.00 11.40 6.60 2.00 15.80 8.00 18.60 1.80 8.60 10.80 1.40 11.80 8.60 16.20
9.60 17.60 18.60 18.00 0.60 15.60 9.40 2.20 5.80 11.60 14.80 8.80 13.00 13.20 7.80 9.20 8.00 13.40 13.60 9.00
5.40 3.80 14.00 17.60 18.80 18.60 18.20 11.40 4.40 12.80 7.80 11.80 18.00 6.80 5.60 11.00 18.40 3.00 2.40 3.20
15.80 7.40 16.40 3.40 18.80 16.20 8.40 4.60 8.80 16.80 1.20 14.20 3.80 6.00 15.80 0.40 5.60 9.60 7.00 8.40
2.80 12.40 9.00 17.60 1.80 5.60 12.60 14.20 5.60 19.20 1.60 17.80 11.60 12.00 4.80 17.20 6.00 6.20 11.00 6.60
11.40 2.20 12.60 14.80 11.20 14.00 10.00 5.60 0.60 2.40 19.40 7.60 13.20 18.00 3.00 17.00 1.20 2.40 2.20 8.00
17.40 12.40 9.00 15.60 4.00 9.60 19.40 1.40 6.20 17.00 7.00 16.80 17.60 3.80 14.20 6.00 8.00 9.00 5.60 5.40
17.00 5.60 12.00 3.40 15.20 8.20 9.40 9.40 3.20 14.20 6.00 6.20 11.60 9.20 17.60 14.80 8.40 15.20 4.60 18.80
15.40 15.00 18.00 2.00 19.60 13.40 8.60 16.80 7.00 14.60 0.20 17.60 4.40 7.60 15.60 3.00 2.40 0.20 12.80 4.00
7.40 14.20 19.00 19.60 9.40 12.20 6.60 14.20 2.00 1.40 6.80 7.60 9.00 18.80 2.40 16.60 16.60 3.00 2.00 10.00
10.40 15.40 2.40 18.60 17.80 4.20 0.20 3.00 15.20 14.00 3.20 12.40 0.60 3.60 11.20 8.40 16.40 13.80 13.80 17.80
9.60 7.20 10.60 10.60 2.60 1.60 4.80 16.80 12.80 4.60 4.00 10.60 4.40 12.60 6.80 15.60 10.20 18.60 3.40 5.20
10.00 12.20 17.40 14.60 16.60 14.80 4.00 1.60 16.60 12.20 6.00 19.00 5.40 8.20 17.00 8.80 9.80 17.80 13.20 8.40
19.40 7.80 6.80 3.80 12.80 13.20 18.60 19.20 18.40 11.60 19.40 15.60 6.60 5.20 5.40 3.80 16.60 11.20 19.80 1.00
16.40 17.40 14.00 15.20 7.20 2.20 1.00 12.80 8.00 19.20 17.20 9.00 13.60 16.40 5.80 1.60 7.40 11.60 19.80 12.00
9.60 8.80 14.20 15.60 7.20 12.00 15.00 5.80 3.60 2.80 0.40 9.20 10.00 18.00 6.40 2.60 4.80 15.40 1.00 16.20
11.00 17.80 13.80 12.80 8.40 7.20 16.20 11.00 16.00 6.80 13.20 16.60 15.00 18.00 4.60 6.60 17.20 8.40 14.60 6.80
13.00 4.80 9.20 7.20 17.80 10.80 14.40 8.60 12.00 12.00 0.80 3.00 15.20 2.00 6.80 16.40 0.40 12.40 14.20 10.80
13.80 10.60 16.00 19.80 17.20 15.40 17.40 5.40 1.20 10.40 5.40 6.00 10.60 15.60 12.20 10.40 11.40 3.20 13.60 2.20
18.80 3.80 0.20 18.20 18.40 15.40 18.80 8.80 6.40 11.80 2.40 10.00 11.80 6.80 2.80 13.00 1.60 4.60 0.40 16.00
5.00 11.80 9.20 11.80 10.60 17.20 0.20 6.20 9.80 12.40 2.20 6.80 12.00 3.20 12.20 13.60 14.40 5.20 5.80 19.00
18.20 3.40 1.60 8.00 8.00 15.40 5.40 18.00 10.00 16.60 12.40 0.40 5.00 3.40 3.60 6.60 10.00 8.20 10.60 7.40
6.80 13.00 2.00 7.80 2.00 15.20 14.00 3.80 16.00 13.60 2.20 0.40 19.40 4.40 10.00 14.80 12.40 5.60 17.60 9.00
5.40 6.80 5.00 3.20 11.20 11.20 10.80 12.40 8.00 8.40 15.20 0.60 12.20 15.60 11.60 2.00 18.60 19.60 1.40 11.60
8.40 14.20 13.80 4.80 10.80 4.80 16.00 18.60 17.60 0.20 11.80 12.00 19.40 16.20 19.80 2.40 2.00 18.60 7.20 17.80
1.20 16.20 1.20 16.80 16.00 3.00 13.80 9.40 4.60 4.00 9.80 14.40 5.80 7.60 19.40 19.40 1.20 17.80 12.80 6.20
11.60 14.40 1.60 16.40 2.00 5.20 4.00 12.60 13.20 4.40 15.20 0.80 6.20 6.60 18.40 4.80 15.80 6.40 17.40 10.60
7.00 10.00 13.00 5.20 5.40 11.00 10.20 2.80 19.80 0.40 3.80 7.80 5.60 1.60 11.60 7.60 18.20 2.80 1.40 19.20
6.20 17.40 7.60 13.40 4.00 17.20 4.80 16.00 18.40 15.40 17.00 1.80 11.60 4.00 10.60 4.00 12.80 8.40 2.80 13.60
10.40 17.20 13.80 9.40 19.80 2.60 17.20 10.20 8.40 3.60 4.40 17.40 19.00 14.60 17.40 3.00 12.40 7.00 16.40 4.20
3.40 9.80 13.40 5.00 0.80 13.80 4.80 8.00 16.80 10.40 10.80 1.60 13.20 5.80 7.60 15.60 11.20 15.40 1.20 3.20
11.60 11.80 15.40 16.60 13.40 15.40 4.40 13.20 15.20 7.20 5.80 11.60 1.40 16.00 3.40 4.40 15.60 16.20 6.80 15.20
0.20 2.20 6.80 0.60 7.00 9.60 17.40 8.20 2.60 19.20 15.20 1.20 3.20 8.80 17.80 9.60 7.60 16.40 0.60 16.80
13.20 6.40 3.00 18.40 19.40 3.00 1.00 17.40 11.40 11.20 4.60 7.60 5.00 8.40 13.00 11.20 5.20 8.00 15.20 5.40
13.00 12.80 5.80 6.00 16.40 12.40 12.00 15.80 2.00 6.00 19.20 14.00 16.20 19.40 4.40 15.40 11.80 19.80 4.40 19.40
15.40 10.60 3.20 12.80 10.60 15.80 5.00 19.40 9.20 6.00 9.00 7.40 7.00 16.00 15.00 14.20 18.00 11.20 11.00 6.20
16.20 17.20 17.20 2.00 18.80 3.40 0.60 12.00 9.80 17.80 0.80 7.60 16.60 7.80 16.00 10.00 7.80 19.80 19.80 9.20
3.40 10.80 19.40 11.20 11.80 13.80 5.20 12.20 7.40 5.40 0.60 6.80 19.80 5.00 12.80 16.00 9.60 0.80 19.00 18.00
7.60 8.20 17.60 14.80 14.80 4.80 15.00 12.80 15.60 5.40 14.00 5.60 10.60 1.20 10.60 14.40 7.20 9.00 19.00 9.20
19.00 10.60 2.40 13.40 16.00 9.20 15.60 2.80 3.60 11.60 18.60 5.20 10.60 6.60 1.80 11.60 14.60 16.40 8.60 4.80
13.80 15.40 18.00 10.40 19.00 17.80 1.00 0.80 12.60 8.00 12.60 2.00 0.60 11.60 13.00 14.20 2.20 2.00 1.80 9.60
3.60 8.60 1.60 16.00 0.40 17.40 16.80 9.20 6.80 4.60 1.60 3.80 3.60 17.00 5.40 12.80 16.40 5.40 19.20 12.80
17.00 19.60 1.40 11.20 7.40 3.00 8.60 6.00 1.60 5.00 8.60 0.40 15.00 5.20 1.60 13.20 16.60 17.40 16.00 6.20
14.40 3.80 9.60 12.60 10.60 10.20 8.40 18.80 19.60 8.00 18.00 18.40 4.40 19.60 1.40 4.60 10.00 7.60 8.80 3.40
14.40 11.20 7.40 18.00 6.80 3.40 7.00 13.40 14.60 8.60 5.60 15.40 17.60 18.60 13.00 11.60 3.00 4.20 15.00 9.80
19.20 13.80 7.40 19.00 17.80 18.60 15.20 6.00 9.80 19.20 8.20 7.40 19.80 2.60 2.20 11.00 16.20 2.20 1.20 9.80
9.80 11.20 10.60 0.60 14.00 15.20 11.00 0.40 6.80 10.20 18.40 18.60 6.60 18.80 12.20 0.80 6.40 5.20 8.60 6.60
3.20 15.40 8.00 12.00 2.00 0.80 13.20 10.40 15.40 13.00 1.20 2.60 15.00 7.80 12.80 7.80 13.20 16.00 14.20 19.60
7.80 1.80 13.00 3.40 1.20 14.80 3.00 5.00 13.00 10.80 6.40 3.40 4.40 18.20 13.60 19.20 7.20 12.80 3.40 0.40
0.20 14.20 11.60 9.80 14.00 14.20 2.00 18.60 10.80 9.20 4.20 8.40 10.00 6.60 1.60 2.20 19.40 2.60 11.80 1.40
19.60 9.00 4.20 14.40 11.60 14.80 9.40 0.60 15.80 11.40 6.80 17.40 6.00 9.40 10.80 5.40 3.40 16.40 5.80 3.00
15.60 18.40 13.40 13.60 19.80 10.60 5.00 17.60 9.60 6.60 13.20 14.80 14.20 2.20 4.40 13.60 5.00 8.40 17.60 19.60
10.00 17.20 10.60 4.80 2.40 15.20 15.60 10.20 2.80 5.00 13.60 0.40 11.40 3.80 16.00 15.60 9.80 2.60 12.60 4.20
10.40 6.60 17.60 19.00 16.60 5.60 10.40 8.60 18.60 13.40 6.60 8.40 8.80 19.80 9.60 19.00 5.20 6.40 16.40 3.00
2.40 17.20 17.20 8.80 7.40 6.00 14.60 14.00 5.80 10.60 3.40 6.20 5.20 19.00 19.40 16.80 11.00 16.80 17.20 18.00
18.40 16.60 2.80 19.20 1.80 4.00 9.20 3.80 13.40 2.40 2.60 8.80 13.00 19.80 1.00 7.60 17.40 19.40 15.80 6.80
16.20 16.00 17.60 4.40 19.80 3.80 15.40 1.00 3.20 18.80 13.40 3.20 10.40 8.20 10.20 3.00 7.20 0.80 2.80 16.40
10.20 10.40 6.80 12.80 18.00 2.80 13.60 5.60 8.40 13.80 19.80 16.20 2.20 2.00 16.00 11.20 19.00 18.00 11.80 16.80
19.40 4.40 7.60 6.00 18.20 15.60 1.40 4.00 17.20 10.80 13.00 15.60 17.00 12.40 12.40 11.60 16.40 5.00 6.40 8.80
19.20 2.20 4.40 5.00 16.80 10.20 12.60 2.80 6.60 10.00 4.00 16.40 4.40 16.20 6.40 4.40 12.40 19.20 0.40 13.80
1.80 4.20 10.60 13.20 4.20 4.60 7.20 18.00 7.80 16.80 7.60 17.00 19.60 7.00 9.20 17.00 1.20 7.60 9.60 1.60
16.60 2.40 9.00 19.20 4.00 12.80 9.60 19.60 15.40 16.60 4.20 14.40 6.20 2.60 7.60 18.40 7.20 18.00 13.20 19.40
9.40 17.20 5.40 9.40 19.60 4.80 7.60 5.60 3.80 14.00 9.80 16.80 9.00 19.80 7.80 12.40 9.40 10.40 7.40 2.20
3.80 15.20 2.80 19.80 2.40 8.20 14.60 12.00 2.20 7.80 2.00 6.80 14.80 11.40 10.00 1.20 11.20 8.40 9.00 13.60
17.80 7.00 18.00 3.00 9.80 17.60 6.80 10.00 6.60 1.00 1.60 0.60 3.00 5.00 12.00 0.80 7.60 1.60 7.00 15.40
16.60 2.40 19.20 18.80 9.40 14.60 11.80 11.20 8.60 9.80 10.60 0.60 1.80 17.80 16.60 5.00 9.80 3.00 4.40 0.40
4.00 4.60 15.20 5.60 12.00 2.40 15.00 6.80 6.40 2.00 18.20 11.40 4.60 1.00 16.00 2.00 4.20 1.20 17.80 1.40
13.20 12.80 17.00 19.00 12.60 5.20 6.00 7.00 18.60 0.60 15.60 13.00 13.60 5.20 1.00 5.40 6.60 13.00 11.20 16.00
2.20 4.20 8.20 4.40 12.20 17.00 5.20 8.60 17.00 11.60 6.60 4.20 9.60 8.40 14.00 16.20 10.00 19.80 10.60 9.40
17.00 9.20 4.80 11.20 5.00 2.00 3.60 19.00 5.00 9.00 3.80 10.80 6.40 2.00 18.80 1.00 3.00 17.40 3.80 13.00
3.60 12.40 1.00 8.60 18.00 7.80 18.40 12.40 11.00 15.40 4.80 5.40 0.20 0.60 14.20 5.20 7.00 15.40 17.20 12.40
18.20 17.20 5.60 18.60 7.80 14.40 3.20 2.00 14.20 17.20 9.40 3.60 14.40 17.80 4.20 5.00 1.00 15.20 7.00 14.40
19.60 4.40 6.60 5.80 12.40 2.40 0.80 4.20 13.00 15.00 5.40 18.00 10.00 5.60 7.80 13.20 5.60 4.80 14.80 9.00
5.00 11.60 9.80 7.40 15.20 4.20 13.80 6.40 4.40 12.60 14.40 16.00 7.20 19.40 13.00 12.60 5.00 8.40 9.60 3.40
16.00 0.80 17.40 9.60 19.20 6.40 3.40 0.40 14.80 12.20 5.20 16.40 1.40 11.40 0.20 8.60 1.00 2.60 15.40 3.40
7.60 18.80 19.80 0.40 10.40 2.80 13.20 2.20 10.80 3.80 14.80 14.80 15.00 9.60 7.00 1.80 13.00 15.60 1.80 11.60
12.20 1.60 7.40 1.40 0.40 4.40 13.40 11.80 4.00 15.00 10.60 18.60 14.60 6.00 16.00 10.80 11.20 10.00 4.40 4.20
10.00 15.80 7.40 2.20 10.00 2.00 19.60 12.40 17.60 1.60 13.40 12.60 15.40 1.80 9.80 18.40 11.80 9.20 12.80 4.60
6.20 13.40 5.40 14.40 18.00 8.00 2.40 11.00 18.60 3.20 8.60 19.60 13.80 5.60 7.00 1.40 4.00 6.00 9.00 7.20
19.40 7.80 10.40 19.20 10.20 11.80 6.60 11.00 16.60 10.20 12.20 14.00 4.40 14.40 8.80 12.60 17.80 14.40 17.80 2.60
0.40 1.80 12.80 14.80 10.00 9.20 5.00 12.60 2.40 18.00 2.00 7.80 4.60 13.60 8.00 11.00 1.80 0.80 18.80 14.80
17.40 13.40 9.20 15.80 3.00 8.40 0.80 7.60 17.40 19.60 1.40 6.80 13.40 5.40 2.40 0.80 10.60 2.60 1.40 13.80
11.00 7.40 18.60 16.80 17.60 0.40 3.80 0.60 17.60 10.20 6.20 7.60 8.60 15.40 9.60 13.60 9.60 3.20 14.00 14.60
4.00 8.60 8.20 18.60 18.40 7.60 15.40 19.60 3.60 15.40 2.00 2.60 6.00 0.60 5.00 14.20 15.80 11.80 8.40 5.20
9.40 2.80 17.20 5.60 1.20 16.00 16.40 2.40 14.60 3.20 3.00 5.20 11.20 13.40 8.20 13.40 5.40 3.40 16.00 7.00
2.60 0.40 4.80 14.40 18.20 3.80 6.80 9.00 7.40 18.00 13.20 7.60 15.60 13.60 7.40 7.80 8.40 7.60 10.80 9.80
2.60 4.20 1.40 0.20 1.60 15.40 1.20 0.20 14.40 7.80 9.20 9.40 4.00 19.40 17.40 0.60 9.20 6.00 3.40 0.80
15.60 11.20 9.80 18.00 6.80 5.40 6.00 5.00 6.80 7.40 0.60 9.60 0.80 0.40 7.60 1.20 16.00 2.80 9.20 19.00
15.20 18.40 5.60 16.80 1.00 5.40 15.40 17.00 16.00 3.80 17.00 16.00 17.60 19.20 5.00 0.20 17.00 15.40 4.00 17.00
4.40 0.20 1.40 17.80 13.40 19.00 6.20 0.20 5.60 3.60 1.00 15.80 1.40 4.40 12.00 19.00 5.80 6.20 11.20 14.00
1.60 19.20 12.40 16.40 10.20 5.80 10.80 19.40 14.40 14.80 14.00 1.00 7.60 12.40 2.20 4.80 6.20 12.00 6.60 8.40
9.20 11.40 17.40 13.00 2.60 17.20 1.00 7.80 14.20 2.60 0.20 18.20 7.80 16.40 10.40 15.00 3.20 5.80 13.80 10.40
9.60 12.40 1.80 12.60 15.20 8.20 17.20 15.80 4.20 2.00 17.40 3.20 10.00 6.40 7.40 6.60 8.40 1.40 8.80 17.80
6.80 13.80 15.60 4.60 17.80 13.80 8.20 2.60 14.60 19.80 17.00 1.40 17.40 9.40 14.80 10.40 11.60 15.80 4.80 12.80
19.60 15.00 6.40 15.20 18.20 8.60 16.20 4.60 11.80 11.60 2.20 19.40 14.00 12.20 5.40 4.80 14.00 5.20 3.00 18.00
11.40 2.80 8.40 19.60 6.20 3.80 5.80 5.20 8.80 13.60 10.20 12.60 4.20 5.00 17.40 4.60 4.60 17.20 16.40 2.60
0.60 11.80 4.60 7.00 8.00 14.80 16.00 15.60 17.20 5.00 5.60 18.20 17.40 9.40 7.00 14.20 19.80 12.80 11.80 1.00
17.20 6.20 10.40 12.80 2.80 10.40 13.40 0.40 18.60 6.60 18.40 6.00 4.40 15.80 10.60 8.60 9.00 8.40 8.60 0.40
3.00 12.40 3.60 9.00 17.20 4.40 15.40 7.80 16.60 2.20 10.40 14.20 13.40 8.00 5.40 7.00 11.40 19.20 3.40 19.80
8.00 9.20 18.00 13.00 8.00 8.20 18.60 18.80 14.00 2.20 15.60 15.40 10.20 13.00 15.20 1.80 12.60 18.00 10.80 6.60
1.40 18.60 17.80 19.80 13.60 6.80 8.80 4.20 15.40 17.00 10.60 3.00 3.20 18.60 13.80 12.40 9.00 8.80 7.80 0.80
11.00 4.80 19.80 17.80 11.80 17.80 2.00 13.40 1.60 10.00 5.00 10.80 15.20 18.60 10.80 10.80 8.40 14.20 14.40 5.40
6.60 10.60 1.80 10.40 8.60 9.80 10.20 16.20 14.00 16.80 19.20 19.80 16.80 8.20 16.40 17.00 3.60 7.00 18.40 16.80
9.00 6.40 4.80 4.20 10.80 9.20 5.00 17.40 7.80 10.40 16.40 16.40 6.40 18.80 10.40 11.20 15.40 15.80 4.40 14.40
11.60 15.80 15.00 10.80 14.80 12.80 18.20 10.40 10.60 8.20 13.60 11.60 6.80 10.60 7.00 0.60 7.40 2.40 5.40 2.40
2.80 6.20 5.20 0.60 1.80 4.20 13.20 0.60 13.00 16.20 13.40 7.40 6.60 19.60 15.20 10.40 18.00 8.80 2.80 14.80
19.40 18.80 14.60 14.00 17.00 1.40 7.20 3.40 9.40 6.60 11.80 12.80 6.20 11.80 5.20 19.80 16.40 7.20 1.60 8.20
11.00 18.60 17.40 6.80 3.60 6.20 0.40 5.20 8.00 3.00 7.00 1.20 7.80 12.60 5.60 3.40 2.60 7.60 19.00 19.20
14.80 3.40 14.80 9.00 7.40 18.20 13.60 19.80 11.00 9.40 2.20 17.60 4.60 19.20 11.80 13.60 19.40 4.20 17.20 19.20
1.20 14.60 0.20 0.20 0.40 11.00 0.60 10.80 10.80 11.20 5.80 7.60 2.00 2.20 18.80 2.80 13.80 18.20 12.60 6.00
0.40 14.20 8.00 7.20 5.00 2.00 13.80 6.60 10.60 17.40 0.40 7.60 17.40 5.40 17.20 3.00 14.80 9.00 14.20 13.60
2.60 12.40 5.80 2.60 7.80 16.40 2.20 15.00 16.80 14.80 14.40 1.60 15.80 10.80 12.60 4.20 8.00 15.40 15.60 1.00
18.80 8.40 16.80 10.80 15.20 14.00 12.00 19.80 8.40 16.60 8.80 8.20 18.20 11.40 9.40 15.80 17.20 12.80 9.60 4.60
1.20 14.80 13.80 6.40 2.20 11.40 19.60 16.00 2.20 16.20 18.40 14.00 9.40 19.40 3.80 3.20 9.60 10.00 18.00 8.00
15.60 12.20 17.80 5.20 1.60 0.20 15.00 15.40 19.00 9.60 7.20 2.00 16.60 5.40 7.40 6.80 2.40 8.60 8.80 7.20
5.40 9.60 5.60 12.40 12.60 17.80 13.00 2.60 6.00 8.00 5.40 10.80 4.20 2.20 16.60 8.40 18.60 9.40 3.00 14.00
17.40 2.80 4.40 5.80 9.60 13.40 6.80 18.20 4.00 3.80 10.80 16.80 3.80 5.00 14.00 16.80 7.40 4.20 15.40 1.40
17.60 10.80 14.80 11.20 14.40 16.40 8.20 8.40 8.00 11.20 11.80 3.80 4.60 6.60 5.60 7.80 7.20 19.20 15.60 1.60
4.80 12.00 4.80 13.00 13.00 12.40 11.60 19.60 11.40 11.20 2.40 3.40 15.60 14.40 12.40 19.40 15.20 6.00 19.20 10.40
4.80 14.00 11.40 11.00 12.00 4.60 17.20 17.80 18.60 2.40 6.60 5.40 16.00 17.80 13.80 2.80 19.80 6.60 8.60 7.60
17.80 5.80 15.40 10.40 17.20 15.80 15.40 19.40 6.80 16.60 7.40 19.40 10.00 1.60 8.20 18.20 5.00 13.00 4.40 8.60
19.80 11.80 8.00 18.60 4.00 6.40 3.60 14.80 18.80 4.00 0.80 16.00 8.00 13.20 18.40 19.00 19.80 18.00 5.60 18.20
0.20 15.80 1.60 16.40 0.40 12.80 1.20 1.00 1.40 0.60 2.00 7.00 0.80 19.40 2.20 6.00 14.00 15.80 7.80 5.80
15.00 16.20 16.80 15.20 5.20 5.00 1.80 13.00 9.60 15.00 2.40 4.80 7.20 11.80 13.20 16.20 18.20 13.00 17.80 12.80
17.60 8.40 6.80 15.80 14.80 17.20 16.60 15.00 8.60 17.00 10.20 7.60 2.20 11.40 18.40 0.80 7.00 18.60 9.00 5.20
4.80 8.80 2.20 3.60 13.00 6.40 0.80 19.20 6.60 4.60 12.40 11.80 19.40 19.20 10.20 16.60 4.00 16.00 9.80 17.00
15.40 18.40 11.40 2.20 11.80 9.40 3.80 11.80 17.00 19.00 13.00 2.00 9.20 19.40 13.40 1.80 13.40 0.60 1.00 16.80
2.40 0.40 19.80 1.20 11.60 19.60 1.60 16.20 3.80 12.20 14.60 9.40 9.00 11.20 6.20 16.80 5.20 4.00 12.40 4.00
0.20 14.40 1.20 0.80 14.80 13.00 9.00 10.60 2.00 7.00 18.00 8.00 19.80 14.60 11.00 17.20 10.60 12.00 2.00 11.40
11.00 10.60 10.40 12.40 5.80 5.80 9.40 13.40 6.40 7.00 3.40 0.20 5.00 10.20 16.20 6.00 14.40 7.00 6.40 11.00
5.40 4.00 3.60 2.40 5.80 13.40 1.60 15.20 5.00 9.20 8.80 0.20 7.20 12.20 3.00 18.80 1.20 8.40 11.60 15.20
8.60 14.60 1.00 8.20 14.60 14.80 16.60 9.20 8.60 17.00 19.60 15.00 19.20 16.20 7.00 11.00 11.20 3.00 15.20 8.20
9.80 19.80 17.40 1.40 11.20 5.60 17.00 11.20 11.80 5.40 4.40 8.80 13.80 13.80 6.00 15.40 16.20 2.20 4.40 16.80
0.60 2.20 0.80 8.00 18.60 0.40 15.40 8.20 0.80 3.40 5.80 18.00 2.00 17.60 16.00 9.20 7.40 4.80 13.60 6.80
13.80 9.80 17.80 15.00 11.20 16.20 16.60 11.00 0.60 16.80 9.20 11.40 1.20 5.00 15.00 14.00 8.60 11.40 11.00 7.80
15.20 5.00 2.20 7.00 1.00 10.40 18.80 19.00 15.20 15.40 8.00 19.40 11.80 11.40 0.20 17.60 9.40 15.40 14.40 4.80
8.60 19.00 19.60 15.40 11.60 2.40 2.20 12.00 2.60 15.60 3.80 6.00 7.40 2.80 2.60 14.60 3.00 14.60 3.60 11.60
12.60 2.80 16.60 5.00 7.60 15.20 14.40 10.20 12.60 11.40 9.80 11.20 11.00 14.20 9.40 6.20 10.00 14.40 4.80 5.20
9.00 4.60 6.00 16.40 18.20 15.20 0.40 4.00 1.60 11.80 1.20 9.40 3.60 3.00 1.40 0.80 11.80 7.40 12.40 0.40
7.20 1.00 18.80 14.40 13.60 4.80 14.40 1.00 6.80 0.80 8.40 14.40 12.60 19.00 6.80 6.40 11.20 8.80 5.00 11.00
0.40 1.20 3.00 7.00 7.40 10.80 1.60 7.20 5.60 19.80 1.80 3.20 13.40 5.20 12.00 19.00 4.60 4.40 1.00 10.40
19.80 5.20 3.40 1.20 19.60 6.40 15.40 17.00 7.20 15.40 13.80 10.20 16.40 11.80 18.00 3.60 6.20 15.20 15.80 3.40
10.00 7.40 5.20 0.40 10.00 9.00 2.40 19.00 16.20 12.60 11.20 5.80 18.20 13.20 9.20 15.00 19.80 7.20 10.00 12.60
5.40 17.80 15.00 9.60 18.40 17.80 14.60 10.60 13.20 12.60 2.40 14.80 16.20 15.20 4.20 3.80 19.20 1.40 4.40 1.80
3.60 18.00 5.60 19.80 14.80 7.40 6.00 16.60 14.60 8.60 3.80 7.80 17.20 4.40 13.00 0.80 4.00 11.00 14.00 17.20
4.80 3.40 3.20 0.40 0.80 6.00 5.60 9.40 7.00 19.80 0.60 9.80 12.20 14.40 16.80 16.40 12.40 10.20 14.00 3.40
2.60 13.60 7.40 3.40 14.20 3.40 5.00 10.40 7.40 9.40 1.40 19.20 14.20 18.60 2.00 3.20 8.80 1.80 11.80 7.00
17.80 15.80 4.20 10.80 2.80 13.00 5.40 14.40 12.60 3.60 19.60 7.80 7.60 5.60 13.40 14.80 11.20 1.20 18.00 19.20
6.60 7.80 9.40 1.60 1.80 8.00 0.40 12.40 4.00 1.20 3.80 9.40 19.60 18.00 13.20 2.00 2.40 4.60 16.60 12.20
13.40 19.60 4.80 19.80 3.00 1.60 11.40 15.60 16.00 18.40 13.60 19.80 8.60 4.20 9.80 16.40 19.80 9.20 19.60 19.20
6.80 2.60 19.60 15.20 12.60 15.40 15.00 19.00 10.60 11.20 18.20 0.60 4.00 10.40 2.80 4.00 5.40 6.40 4.00 17.80
6.60 17.40 1.20 12.40 1.20 7.20 3.40 6.20 12.20 8.20 9.00 12.40 2.60 7.00 5.20 11.60 11.60 15.60 3.80 18.80
16.00 1.80 18.60 9.40 0.60 5.00 19.40 13.00 19.20 7.40 11.60 2.80 9.80 3.40 4.40 17.80 1.80 16.20 11.40 9.80
15.80 4.20 11.20 6.00 14.60 12.40 1.00 14.80 15.00 10.60 0.60 16.40 10.20 17.00 12.20 10.60 18.40 9.40 15.20 3.20
16.60 9.60 14.00 17.60 16.20 15.60 2.60 17.80 14.20 16.80 18.60 1.80 12.60 14.80 12.00 18.80 13.00 19.60 19.00 9.80
12.40 0.20 7.00 4.80 3.40 12.80 14.20 15.60 13.00 13.40 10.20 10.20 4.00 13.00 1.80 18.40 19.80 18.80 12.80 17.00
19.20 19.00 0.20 4.40 15.60 12.60 15.20 14.80 2.80 9.60 7.80 4.60 4.40 9.00 13.20 16.20 2.60 0.60 16.80 8.80
4.00 12.00 12.00 19.60 7.60 17.20 4.20 8.00 14.20 11.40 8.80 18.20 0.60 18.20 18.60 6.20 4.40 6.40 10.60 19.00
10.80 0.80 7.00 10.20 7.20 4.40 5.40 19.80 1.00 13.20 10.00 11.60 14.40 6.80 1.80 10.40 1.40 10.00 0.20 10.20
3.40 8.60 5.00 12.40 12.20 13.00 4.20 9.60 5.60 8.80 3.80 1.80 15.60 17.60 17.00 17.60 4.60 13.20 19.40 19.00
10.20 17.80 1.40 18.00 1.00 6.80 17.00 17.40 3.20 9.00 12.40 19.40 8.40 7.20 16.00 5.00 7.40 18.00 14.40 6.60
0.20 18.80 9.00 11.40 7.80 8.00 14.20 2.00 5.80 18.60 12.20 17.60 16.60 11.60 10.20 18.40 11.60 11.80 6.40 19.00
16.00 1.40 10.00 19.40 10.00 4.00 14.60 6.80 16.00 6.40 16.80 19.20 12.60 15.60 19.80 8.60 17.20 5.40 16.60 16.20
7.00 15.20 18.60 2.60 11.00 9.00 9.40 6.60 7.40 6.20 19.00 6.60 1.00 3.20 15.40 15.40 7.60 16.40 4.40 11.00
11.60 1.80 9.00 2.20 0.80 16.40 17.60 7.80 9.40 12.20 2.60 3.00 15.80 3.60 15.40 8.60 2.80 11.80 6.80 4.80
12.00 2.40 12.20 12.40 11.60 14.60 2.00 6.20 5.00 16.40 4.00 18.60 16.60 3.00 16.40 9.20 19.80 16.80 11.80 9.40
19.00 10.80 15.00 1.00 6.80 9.60 11.80 10.20 5.00 5.40 8.60 12.20 8.00 1.20 11.40 3.80 10.20 10.00 0.80 3.40
15.60 3.00 19.80 15.20 10.60 8.40 11.20 2.40 9.20 10.20 5.80 8.20 12.20 10.40 8.60 14.20 13.00 14.20 0.60 14.40
1.00 1.80 0.40 16.20 4.40 12.40 7.00 1.80 14.40 14.60 6.20 12.60 1.60 12.60 17.60 3.20 10.60 17.60 18.00 8.20
4.80 8.00 6.00 7.00 1.80 8.60 5.00 5.20 12.60 11.00 7.80 5.80 18.00 11.40 15.40 19.20 17.00 14.40 9.00 12.40
16.40 10.60 19.40 3.60 17.40 8.80 10.20 4.60 6.00 1.20 7.00 1.00 7.60 18.60 11.80 17.40 11.80 0.80 7.40 3.20
9.40 17.20 16.40 16.60 18.00 5.20 18.40 11.40 8.60 18.40 9.80 7.00 4.00 5.40 3.60 12.40 11.60 5.00 4.60 5.80
18.20 5.80 17.80 14.40 10.00 7.00 12.20 1.40 11.40 5.40 13.20 0.80 14.20 3.20 1.40 1.60 9.00 4.40 6.60 16.20
13.80 13.40 14.40 5.40 1.00 19.60 1.60 12.60 5.60 13.20 7.80 7.20 15.60 0.60 15.80 2.40 15.60 3.40 18.40 17.60
14.20 14.80 13.80 12.20 12.80 9.60 2.40 18.60 12.80 2.40 14.80 14.60 1.80 16.20 9.00 19.60 1.60 16.40 6.40 4.20
14.60 5.40 7.20 14.80 5.20 18.20 3.80 0.20 11.80 4.00 16.00 10.40 6.20 15.20 14.00 7.80 0.80 1.40 1.40 0.40
8.40 10.00 9.60 10.40 7.40 15.20 8.20 12.20 19.80 18.80 17.40 11.60 8.00 10.80 11.80 15.80 19.60 11.20 5.40 6.60
9.40 5.80 17.40 19.00 19.60 8.20 7.40 17.60 12.60 15.40 2.40 13.40 16.40 15.80 4.60 5.60 17.80 7.40 12.20 5.00
9.40 10.20 6.00 0.40 9.60 1.60 13.40 0.20 10.60 8.00 3.80 2.40 9.40 15.20 4.80 11.40 13.00 8.00 17.20 10.40
4.80 14.60 3.60 0.40 7.00 0.40 7.20 2.80 12.20 16.40 10.60 5.60 2.80 13.20 10.40 18.00 17.60 8.20 7.60 18.40
2.00 0.40 14.60 1.80 17.60 7.80 19.00 4.20 19.00 3.20 7.00 2.20 1.00 19.60 17.40 16.60 11.40 0.20 14.60 10.80
18.00 15.80 12.80 16.20 4.20 18.80 0.20 15.40 6.60 3.40 13.80 13.60 6.00 14.80 7.00 15.60 19.00 15.60 1.80 4.80
18.80 14.60 4.20 11.00 5.20 15.00 3.20 17.40 2.60 5.00 7.00 17.00 19.60 5.80 4.40 9.80 0.80 4.80 12.80 13.00
4.80 0.60 13.60 9.00 6.60 3.00 1.80 7.60 12.60 8.60 1.00 16.20 2.60 18.20 5.20 5.80 7.40 12.80 18.40 0.20
6.60 11.00 3.60 6.40 12.20 1.20 18.60 11.80 17.20 2.20 19.20 15.60 15.00 1.80 18.00 15.60 13.20 5.20 7.80 8.00
18.20 10.00 4.40 7.20 16.80 11.60 13.60 13.60 7.20 8.80 2.60 8.60 16.00 14.60 7.60 5.60 4.20 3.80 10.20 11.80
4.00 3.40 7.80 0.60 15.80 3.40 9.20 0.20 13.80 16.60 13.60 16.00 6.80 5.60 18.80 18.60 8.00 9.00 2.60 9.40
13.00 1.00 12.80 18.20 15.40 17.80 13.00 14.80 0.20 6.60 3.00 9.80 16.60 15.60 13.20 11.80 10.60 17.60 4.60 10.40
8.40 4.20 10.20 7.40 7.40 6.00 17.00 4.80 16.40 4.00 6.00 11.60 16.00 2.40 13.80 19.60 17.60 7.00 17.60 12.40
