# nJobs | nMachines
20 20
# Job Weights
71
29
100
42
86
36
90
13
74
63
53
73
48
56
71
49
40
96
85
16
# P_bar : m1 | m2 | m3 | m4 | m5 | m6 | m7 | m8 | m9 | m10 | m11 | m12 | m13 | m14 | m15 | m16 | m17 | m18 | m19 | m20
1 6 10 28 69 95 90 87 80 60 17 13 66 79 79 6 43 3 36 67
96 36 65 13 34 75 38 32 10 70 74 98 30 12 93 73 45 69 98 96
21 74 39 74 10 24 20 8 63 38 87 79 89 96 25 64 46 38 7 70
57 53 99 18 91 3 85 17 14 94 39 20 45 78 61 30 9 61 3 89
7 25 77 71 98 83 49 54 89 94 14 57 44 29 59 30 10 8 5 5
34 68 39 11 60 67 37 43 65 30 28 68 91 28 20 99 42 54 82 45
72 37 50 17 3 88 29 3 43 50 12 17 18 14 92 61 43 90 41 38
12 42 14 27 86 75 84 65 44 17 49 27 67 52 1 26 46 3 2 79
80 68 75 89 55 28 93 33 28 43 88 25 94 27 35 38 7 5 63 73
99 74 28 14 95 65 99 36 39 28 91 36 41 51 97 46 15 25 56 99
28 93 92 13 73 54 44 70 59 33 53 67 78 46 79 76 32 31 85 33
80 39 74 40 65 65 39 18 91 48 40 73 27 98 37 65 80 38 85 1
30 75 20 97 24 34 18 19 70 48 1 34 15 97 72 51 4 36 25 84
15 54 70 70 22 17 40 76 24 81 55 47 55 38 76 39 73 35 98 79
95 10 43 96 5 51 24 7 96 50 39 65 28 78 89 23 42 52 58 44
19 60 6 13 67 98 98 34 1 86 35 79 28 89 7 71 98 13 16 39
12 15 77 66 39 94 61 66 92 23 99 31 26 67 79 63 24 78 99 16
59 75 25 77 58 22 72 72 79 95 17 54 98 91 85 94 25 31 61 50
66 71 68 2 4 57 21 16 57 3 69 56 98 51 40 62 13 8 21 39
51 22 83 41 30 37 76 95 88 80 67 33 77 62 24 87 38 62 26 55
# P_hat : m1 | m2 | m3 | m4 | m5 | m6 | m7 | m8 | m9 | m10 | m11 | m12 | m13 | m14 | m15 | m16 | m17 | m18 | m19 | m20
0.30 1.80 3.00 8.40 20.70 28.50 27.00 26.10 24.00 18.00 5.10 3.90 19.80 23.70 23.70 1.80 12.90 0.90 10.80 20.10
28.80 10.80 19.50 3.90 10.20 22.50 11.40 9.60 3.00 21.00 22.20 29.40 9.00 3.60 27.90 21.90 13.50 20.70 29.40 28.80
6.30 22.20 11.70 22.20 3.00 7.20 6.00 2.40 18.90 11.40 26.10 23.70 26.70 28.80 7.50 19.20 13.80 11.40 2.10 21.00
17.10 15.90 29.70 5.40 27.30 0.90 25.50 5.10 4.20 28.20 11.70 6.00 13.50 23.40 18.30 9.00 2.70 18.30 0.90 26.70
2.10 7.50 23.10 21.30 29.40 24.90 14.70 16.20 26.70 28.20 4.20 17.10 13.20 8.70 17.70 9.00 3.00 2.40 1.50 1.50
10.20 20.40 11.70 3.30 18.00 20.10 11.10 12.90 19.50 9.00 8.40 20.40 27.30 8.40 6.00 29.70 12.60 16.20 24.60 13.50
21.60 11.10 15.00 5.10 0.90 26.40 8.70 0.90 12.90 15.00 3.60 5.10 5.40 4.20 27.60 18.30 12.90 27.00 12.30 11.40
3.60 12.60 4.20 8.10 25.80 22.50 25.20 19.50 13.20 5.10 14.70 8.10 20.10 15.60 0.30 7.80 13.80 0.90 0.60 23.70
24.00 20.40 22.50 26.70 16.50 8.40 27.90 9.90 8.40 12.90 26.40 7.50 28.20 8.10 10.50 11.40 2.10 1.50 18.90 21.90
29.70 22.20 8.40 4.20 28.50 19.50 29.70 10.80 11.70 8.40 27.30 10.80 12.30 15.30 29.10 13.80 4.50 7.50 16.80 29.70
8.40 27.90 27.60 3.90 21.90 16.20 13.20 21.00 17.70 9.90 15.90 20.10 23.40 13.80 23.70 22.80 9.60 9.30 25.50 9.90
24.00 11.70 22.20 12.00 19.50 19.50 11.70 5.40 27.30 14.40 12.00 21.90 8.10 29.40 11.10 19.50 24.00 11.40 25.50 0.30
9.00 22.50 6.00 29.10 7.20 10.20 5.40 5.70 21.00 14.40 0.30 10.20 4.50 29.10 21.60 15.30 1.20 10.80 7.50 25.20
4.50 16.20 21.00 21.00 6.60 5.10 12.00 22.80 7.20 24.30 16.50 14.10 16.50 11.40 22.80 11.70 21.90 10.50 29.40 23.70
28.50 3.00 12.90 28.80 1.50 15.30 7.20 2.10 28.80 15.00 11.70 19.50 8.40 23.40 26.70 6.90 12.60 15.60 17.40 13.20
5.70 18.00 1.80 3.90 20.10 29.40 29.40 10.20 0.30 25.80 10.50 23.70 8.40 26.70 2.10 21.30 29.40 3.90 4.80 11.70
3.60 4.50 23.10 19.80 11.70 28.20 18.30 19.80 27.60 6.90 29.70 9.30 7.80 20.10 23.70 18.90 7.20 23.40 29.70 4.80
17.70 22.50 7.50 23.10 17.40 6.60 21.60 21.60 23.70 28.50 5.10 16.20 29.40 27.30 25.50 28.20 7.50 9.30 18.30 15.00
19.80 21.30 20.40 0.60 1.20 17.10 6.30 4.80 17.10 0.90 20.70 16.80 29.40 15.30 12.00 18.60 3.90 2.40 6.30 11.70
15.30 6.60 24.90 12.30 9.00 11.10 22.80 28.50 26.40 24.00 20.10 9.90 23.10 18.60 7.20 26.10 11.40 18.60 7.80 16.50
