# nJobs | nMachines
200 10
# Job Weights
50
39
63
37
4
38
29
56
78
9
72
36
42
96
97
39
37
38
28
54
73
88
60
76
25
5
27
40
82
94
26
11
36
32
46
11
37
63
8
85
64
96
21
26
69
61
5
36
85
23
93
13
78
36
86
93
60
44
16
2
10
1
61
42
73
74
84
58
90
10
8
5
23
40
73
51
53
73
22
30
94
2
7
60
66
8
77
35
45
99
94
67
85
96
4
5
30
21
85
69
1
80
35
19
22
76
71
74
8
28
59
88
72
96
22
35
64
8
36
34
6
83
49
8
31
52
67
88
56
25
79
8
28
49
25
4
91
13
6
41
82
7
13
24
52
16
18
92
57
89
45
71
54
48
49
77
12
70
74
83
11
58
40
88
75
15
54
77
95
56
44
12
14
64
54
91
24
79
14
27
26
25
93
81
54
2
11
8
68
59
20
40
18
77
85
41
90
70
3
84
# P_bar : m1 | m2 | m3 | m4 | m5 | m6 | m7 | m8 | m9 | m10
51 25 97 83 42 44 45 69 78 34
36 56 99 11 9 39 50 56 50 17
26 21 2 73 69 29 79 80 21 39
84 11 68 4 37 17 28 92 31 92
92 3 20 73 72 3 88 85 43 77
80 36 65 98 46 21 81 50 10 33
39 42 74 9 50 40 35 40 88 85
29 32 26 36 54 94 53 87 24 83
63 84 19 86 87 88 21 99 86 86
95 68 27 50 39 52 65 86 46 51
46 59 34 20 6 15 86 41 17 69
19 22 44 38 65 71 84 42 4 14
66 62 32 92 91 55 27 65 36 24
98 50 1 16 92 2 44 61 16 42
90 72 6 76 95 53 11 63 98 16
41 76 62 63 48 85 57 48 30 11
9 80 57 18 21 54 41 97 31 75
11 20 85 93 19 3 11 96 72 73
96 95 23 32 80 70 89 40 71 62
69 18 6 65 53 38 83 86 71 89
33 21 69 2 81 67 43 66 95 79
71 45 39 40 84 42 24 13 12 40
64 60 58 81 40 38 76 82 75 32
90 83 82 92 28 34 6 85 70 65
13 65 12 65 71 15 71 78 56 77
45 83 28 51 33 17 33 14 93 62
83 55 71 49 41 56 53 86 12 84
53 59 23 39 76 86 46 61 92 6
3 31 52 10 70 43 36 32 94 13
94 90 12 83 48 16 21 32 3 20
87 52 93 68 75 59 21 7 9 73
11 2 97 36 11 54 35 50 6 39
26 35 48 80 10 61 15 61 55 1
66 86 66 33 73 8 62 93 65 98
58 68 6 38 32 49 22 77 2 19
54 93 44 41 21 82 55 70 91 24
20 23 93 83 17 30 32 53 97 44
50 75 39 61 46 15 38 82 4 88
19 79 69 77 75 60 35 99 83 17
49 34 27 61 54 14 10 24 87 90
68 51 72 97 51 96 42 35 84 13
54 46 81 2 57 84 59 77 32 29
26 25 86 59 15 89 78 86 3 70
35 54 60 82 30 91 29 96 17 70
93 8 52 5 20 68 97 97 55 92
6 49 13 35 98 45 7 39 42 71
76 68 31 62 89 75 28 53 67 93
61 56 34 81 36 87 35 21 16 90
76 25 91 71 89 62 69 27 85 11
65 92 56 27 8 51 83 34 4 88
58 1 7 4 26 52 75 68 55 8
31 79 85 10 47 65 16 89 16 17
60 62 71 75 75 62 75 98 91 36
52 1 54 58 3 92 92 7 62 78
18 45 60 74 1 21 51 19 63 50
45 84 92 86 47 53 61 23 89 21
9 22 83 39 97 46 41 40 30 17
18 35 67 38 67 50 33 27 8 22
73 61 16 84 13 90 92 11 23 92
79 64 4 15 14 79 66 84 8 13
24 9 28 88 66 17 62 7 83 64
96 36 92 77 4 91 27 62 37 90
23 29 81 5 60 35 32 27 65 3
53 15 76 6 73 34 77 9 18 13
38 74 63 42 33 66 52 61 1 28
79 68 77 22 70 30 82 29 29 91
20 78 47 1 27 63 41 93 47 22
51 92 74 61 8 35 53 26 48 72
45 94 95 64 83 77 70 37 8 10
50 73 23 16 99 56 53 12 31 15
56 43 70 37 27 69 72 78 13 82
64 17 6 18 47 80 49 68 59 14
30 82 12 1 53 82 7 8 89 25
21 36 4 2 75 47 65 9 9 66
23 81 74 50 79 96 34 86 36 54
4 66 90 4 6 77 96 39 69 83
86 66 68 16 99 80 59 90 41 5
63 83 86 99 36 13 78 47 63 61
19 87 19 51 34 18 14 88 31 77
6 30 35 74 66 19 74 67 5 85
83 91 25 56 77 26 85 58 35 13
98 63 72 2 38 67 43 63 46 33
42 24 77 62 43 89 98 23 93 29
72 98 2 56 52 42 93 6 36 7
80 9 44 59 97 93 78 15 56 20
68 79 60 75 8 23 8 13 16 50
66 85 52 54 42 66 51 86 43 22
58 4 82 92 95 34 87 90 94 26
41 14 62 18 57 48 13 18 33 37
48 50 98 21 84 13 17 15 13 14
85 60 33 23 93 22 14 30 35 54
52 59 7 96 19 65 21 10 16 65
28 87 42 55 71 52 52 8 45 35
76 98 98 32 51 18 16 65 25 28
74 28 52 9 44 64 21 77 42 78
34 77 35 24 18 48 1 84 31 73
96 11 96 70 16 83 74 20 42 20
18 26 83 16 63 50 71 18 47 61
2 14 13 13 77 93 86 76 75 57
85 44 37 49 81 26 37 98 9 97
35 9 64 63 26 27 32 5 44 29
57 32 28 97 39 66 3 68 74 88
78 57 30 40 47 10 47 4 56 84
18 93 56 84 65 52 99 25 37 71
47 50 38 12 16 3 51 46 47 9
4 46 57 21 47 81 36 44 50 55
71 84 91 16 3 67 34 57 70 28
33 28 24 48 62 12 72 20 74 12
32 66 38 53 56 77 79 9 50 17
32 62 73 31 41 96 33 10 4 98
57 17 32 22 11 85 36 64 36 93
92 25 7 72 42 66 70 77 81 80
89 41 70 28 34 45 67 49 72 99
13 6 62 69 56 37 65 63 55 90
24 94 5 39 95 95 63 83 38 33
60 87 90 10 99 40 72 12 64 81
45 36 57 53 78 33 36 52 6 31
69 94 41 59 78 26 36 56 21 62
24 40 63 77 69 83 60 57 92 39
70 64 57 13 47 46 42 79 52 9
80 76 25 12 52 68 78 32 96 79
82 43 93 73 24 83 30 31 46 47
11 27 76 22 66 94 11 45 28 36
38 13 5 29 73 9 67 23 13 18
60 37 61 13 65 1 77 2 52 31
74 35 46 96 6 26 34 48 46 72
11 93 82 4 17 71 11 27 73 65
71 31 58 45 96 9 60 19 31 35
81 84 71 32 62 93 76 95 31 73
6 84 8 40 25 76 67 75 99 41
21 74 18 75 68 3 9 24 33 47
89 71 17 39 34 10 33 49 23 66
34 80 91 86 38 99 77 31 69 33
41 73 94 63 99 88 37 85 80 12
97 19 17 52 41 11 75 21 71 57
62 63 3 62 46 84 84 39 40 28
53 51 41 56 75 43 84 56 97 73
75 27 6 70 26 65 16 85 90 87
68 73 44 78 65 38 37 70 11 39
9 91 58 85 59 16 20 76 24 67
64 59 48 89 41 20 21 62 91 81
1 92 82 98 45 71 80 61 93 93
66 69 25 9 61 75 83 18 97 17
26 31 91 5 47 12 20 22 92 25
45 71 58 90 99 23 99 25 60 63
97 75 87 9 32 17 52 3 30 32
43 26 13 69 87 61 52 58 40 24
6 98 8 73 44 79 95 11 36 89
90 68 19 24 8 32 49 19 16 27
23 1 89 67 50 11 80 41 27 93
14 74 89 13 38 65 63 73 4 69
51 58 1 49 74 48 96 47 74 76
69 6 88 25 59 63 82 12 15 86
24 30 39 12 57 51 36 64 36 88
86 63 54 94 7 17 11 69 51 67
61 30 87 14 77 91 33 61 87 39
57 50 39 2 52 14 70 5 94 71
74 36 93 98 86 99 1 30 51 76
76 72 48 73 83 69 7 17 7 67
63 37 93 51 54 60 42 4 25 95
28 98 1 7 73 67 52 33 75 6
87 99 25 58 75 76 91 38 88 90
14 30 66 20 97 33 54 59 45 87
26 2 98 39 5 2 70 65 93 49
4 2 54 33 94 9 49 68 12 25
10 95 92 65 29 72 52 16 44 37
82 90 83 33 92 94 1 67 89 1
65 45 81 43 47 76 29 6 19 68
91 84 90 1 86 54 53 12 93 32
39 86 36 73 58 84 58 27 71 67
26 88 84 24 23 62 42 93 8 45
55 18 55 6 34 31 56 22 15 65
89 94 82 32 64 30 35 95 1 48
89 24 19 28 9 33 15 10 35 12
65 26 38 99 31 11 13 60 60 86
79 94 39 42 93 21 94 14 45 37
77 63 5 71 90 41 77 75 78 6
48 15 1 62 9 61 69 73 44 94
84 81 50 75 2 85 39 25 33 58
44 21 44 15 96 49 69 6 78 38
10 22 38 75 39 29 35 60 6 49
82 50 56 7 26 81 42 5 80 51
36 80 5 82 99 73 14 97 40 9
1 10 74 66 83 82 1 14 12 46
55 33 31 9 54 11 44 89 38 98
96 51 29 13 34 15 9 11 42 40
56 37 21 40 81 55 45 77 98 72
43 21 12 40 8 13 51 77 38 26
24 41 14 90 81 33 10 67 12 15
76 38 75 48 43 40 55 45 96 98
2 12 95 97 27 48 64 12 14 37
31 10 1 11 51 84 79 40 32 46
5 49 32 29 13 89 4 65 37 74
30 12 93 10 87 3 50 26 39 61
74 50 56 42 34 26 54 28 33 16
60 28 27 88 42 82 16 51 43 98
99 58 71 73 16 74 86 20 71 26
7 4 29 21 19 84 35 46 33 61
97 33 28 40 99 43 95 85 99 31
26 80 46 26 6 97 94 49 24 4
# P_hat : m1 | m2 | m3 | m4 | m5 | m6 | m7 | m8 | m9 | m10
5.10 2.50 9.70 8.30 4.20 4.40 4.50 6.90 7.80 3.40
3.60 5.60 9.90 1.10 0.90 3.90 5.00 5.60 5.00 1.70
2.60 2.10 0.20 7.30 6.90 2.90 7.90 8.00 2.10 3.90
8.40 1.10 6.80 0.40 3.70 1.70 2.80 9.20 3.10 9.20
9.20 0.30 2.00 7.30 7.20 0.30 8.80 8.50 4.30 7.70
8.00 3.60 6.50 9.80 4.60 2.10 8.10 5.00 1.00 3.30
3.90 4.20 7.40 0.90 5.00 4.00 3.50 4.00 8.80 8.50
2.90 3.20 2.60 3.60 5.40 9.40 5.30 8.70 2.40 8.30
6.30 8.40 1.90 8.60 8.70 8.80 2.10 9.90 8.60 8.60
9.50 6.80 2.70 5.00 3.90 5.20 6.50 8.60 4.60 5.10
4.60 5.90 3.40 2.00 0.60 1.50 8.60 4.10 1.70 6.90
1.90 2.20 4.40 3.80 6.50 7.10 8.40 4.20 0.40 1.40
6.60 6.20 3.20 9.20 9.10 5.50 2.70 6.50 3.60 2.40
9.80 5.00 0.10 1.60 9.20 0.20 4.40 6.10 1.60 4.20
9.00 7.20 0.60 7.60 9.50 5.30 1.10 6.30 9.80 1.60
4.10 7.60 6.20 6.30 4.80 8.50 5.70 4.80 3.00 1.10
0.90 8.00 5.70 1.80 2.10 5.40 4.10 9.70 3.10 7.50
1.10 2.00 8.50 9.30 1.90 0.30 1.10 9.60 7.20 7.30
9.60 9.50 2.30 3.20 8.00 7.00 8.90 4.00 7.10 6.20
6.90 1.80 0.60 6.50 5.30 3.80 8.30 8.60 7.10 8.90
3.30 2.10 6.90 0.20 8.10 6.70 4.30 6.60 9.50 7.90
7.10 4.50 3.90 4.00 8.40 4.20 2.40 1.30 1.20 4.00
6.40 6.00 5.80 8.10 4.00 3.80 7.60 8.20 7.50 3.20
9.00 8.30 8.20 9.20 2.80 3.40 0.60 8.50 7.00 6.50
1.30 6.50 1.20 6.50 7.10 1.50 7.10 7.80 5.60 7.70
4.50 8.30 2.80 5.10 3.30 1.70 3.30 1.40 9.30 6.20
8.30 5.50 7.10 4.90 4.10 5.60 5.30 8.60 1.20 8.40
5.30 5.90 2.30 3.90 7.60 8.60 4.60 6.10 9.20 0.60
0.30 3.10 5.20 1.00 7.00 4.30 3.60 3.20 9.40 1.30
9.40 9.00 1.20 8.30 4.80 1.60 2.10 3.20 0.30 2.00
8.70 5.20 9.30 6.80 7.50 5.90 2.10 0.70 0.90 7.30
1.10 0.20 9.70 3.60 1.10 5.40 3.50 5.00 0.60 3.90
2.60 3.50 4.80 8.00 1.00 6.10 1.50 6.10 5.50 0.10
6.60 8.60 6.60 3.30 7.30 0.80 6.20 9.30 6.50 9.80
5.80 6.80 0.60 3.80 3.20 4.90 2.20 7.70 0.20 1.90
5.40 9.30 4.40 4.10 2.10 8.20 5.50 7.00 9.10 2.40
2.00 2.30 9.30 8.30 1.70 3.00 3.20 5.30 9.70 4.40
5.00 7.50 3.90 6.10 4.60 1.50 3.80 8.20 0.40 8.80
1.90 7.90 6.90 7.70 7.50 6.00 3.50 9.90 8.30 1.70
4.90 3.40 2.70 6.10 5.40 1.40 1.00 2.40 8.70 9.00
6.80 5.10 7.20 9.70 5.10 9.60 4.20 3.50 8.40 1.30
5.40 4.60 8.10 0.20 5.70 8.40 5.90 7.70 3.20 2.90
2.60 2.50 8.60 5.90 1.50 8.90 7.80 8.60 0.30 7.00
3.50 5.40 6.00 8.20 3.00 9.10 2.90 9.60 1.70 7.00
9.30 0.80 5.20 0.50 2.00 6.80 9.70 9.70 5.50 9.20
0.60 4.90 1.30 3.50 9.80 4.50 0.70 3.90 4.20 7.10
7.60 6.80 3.10 6.20 8.90 7.50 2.80 5.30 6.70 9.30
6.10 5.60 3.40 8.10 3.60 8.70 3.50 2.10 1.60 9.00
7.60 2.50 9.10 7.10 8.90 6.20 6.90 2.70 8.50 1.10
6.50 9.20 5.60 2.70 0.80 5.10 8.30 3.40 0.40 8.80
5.80 0.10 0.70 0.40 2.60 5.20 7.50 6.80 5.50 0.80
3.10 7.90 8.50 1.00 4.70 6.50 1.60 8.90 1.60 1.70
6.00 6.20 7.10 7.50 7.50 6.20 7.50 9.80 9.10 3.60
5.20 0.10 5.40 5.80 0.30 9.20 9.20 0.70 6.20 7.80
1.80 4.50 6.00 7.40 0.10 2.10 5.10 1.90 6.30 5.00
4.50 8.40 9.20 8.60 4.70 5.30 6.10 2.30 8.90 2.10
0.90 2.20 8.30 3.90 9.70 4.60 4.10 4.00 3.00 1.70
1.80 3.50 6.70 3.80 6.70 5.00 3.30 2.70 0.80 2.20
7.30 6.10 1.60 8.40 1.30 9.00 9.20 1.10 2.30 9.20
7.90 6.40 0.40 1.50 1.40 7.90 6.60 8.40 0.80 1.30
2.40 0.90 2.80 8.80 6.60 1.70 6.20 0.70 8.30 6.40
9.60 3.60 9.20 7.70 0.40 9.10 2.70 6.20 3.70 9.00
2.30 2.90 8.10 0.50 6.00 3.50 3.20 2.70 6.50 0.30
5.30 1.50 7.60 0.60 7.30 3.40 7.70 0.90 1.80 1.30
3.80 7.40 6.30 4.20 3.30 6.60 5.20 6.10 0.10 2.80
7.90 6.80 7.70 2.20 7.00 3.00 8.20 2.90 2.90 9.10
2.00 7.80 4.70 0.10 2.70 6.30 4.10 9.30 4.70 2.20
5.10 9.20 7.40 6.10 0.80 3.50 5.30 2.60 4.80 7.20
4.50 9.40 9.50 6.40 8.30 7.70 7.00 3.70 0.80 1.00
5.00 7.30 2.30 1.60 9.90 5.60 5.30 1.20 3.10 1.50
5.60 4.30 7.00 3.70 2.70 6.90 7.20 7.80 1.30 8.20
6.40 1.70 0.60 1.80 4.70 8.00 4.90 6.80 5.90 1.40
3.00 8.20 1.20 0.10 5.30 8.20 0.70 0.80 8.90 2.50
2.10 3.60 0.40 0.20 7.50 4.70 6.50 0.90 0.90 6.60
2.30 8.10 7.40 5.00 7.90 9.60 3.40 8.60 3.60 5.40
0.40 6.60 9.00 0.40 0.60 7.70 9.60 3.90 6.90 8.30
8.60 6.60 6.80 1.60 9.90 8.00 5.90 9.00 4.10 0.50
6.30 8.30 8.60 9.90 3.60 1.30 7.80 4.70 6.30 6.10
1.90 8.70 1.90 5.10 3.40 1.80 1.40 8.80 3.10 7.70
0.60 3.00 3.50 7.40 6.60 1.90 7.40 6.70 0.50 8.50
8.30 9.10 2.50 5.60 7.70 2.60 8.50 5.80 3.50 1.30
9.80 6.30 7.20 0.20 3.80 6.70 4.30 6.30 4.60 3.30
4.20 2.40 7.70 6.20 4.30 8.90 9.80 2.30 9.30 2.90
7.20 9.80 0.20 5.60 5.20 4.20 9.30 0.60 3.60 0.70
8.00 0.90 4.40 5.90 9.70 9.30 7.80 1.50 5.60 2.00
6.80 7.90 6.00 7.50 0.80 2.30 0.80 1.30 1.60 5.00
6.60 8.50 5.20 5.40 4.20 6.60 5.10 8.60 4.30 2.20
5.80 0.40 8.20 9.20 9.50 3.40 8.70 9.00 9.40 2.60
4.10 1.40 6.20 1.80 5.70 4.80 1.30 1.80 3.30 3.70
4.80 5.00 9.80 2.10 8.40 1.30 1.70 1.50 1.30 1.40
8.50 6.00 3.30 2.30 9.30 2.20 1.40 3.00 3.50 5.40
5.20 5.90 0.70 9.60 1.90 6.50 2.10 1.00 1.60 6.50
2.80 8.70 4.20 5.50 7.10 5.20 5.20 0.80 4.50 3.50
7.60 9.80 9.80 3.20 5.10 1.80 1.60 6.50 2.50 2.80
7.40 2.80 5.20 0.90 4.40 6.40 2.10 7.70 4.20 7.80
3.40 7.70 3.50 2.40 1.80 4.80 0.10 8.40 3.10 7.30
9.60 1.10 9.60 7.00 1.60 8.30 7.40 2.00 4.20 2.00
1.80 2.60 8.30 1.60 6.30 5.00 7.10 1.80 4.70 6.10
0.20 1.40 1.30 1.30 7.70 9.30 8.60 7.60 7.50 5.70
8.50 4.40 3.70 4.90 8.10 2.60 3.70 9.80 0.90 9.70
3.50 0.90 6.40 6.30 2.60 2.70 3.20 0.50 4.40 2.90
5.70 3.20 2.80 9.70 3.90 6.60 0.30 6.80 7.40 8.80
7.80 5.70 3.00 4.00 4.70 1.00 4.70 0.40 5.60 8.40
1.80 9.30 5.60 8.40 6.50 5.20 9.90 2.50 3.70 7.10
4.70 5.00 3.80 1.20 1.60 0.30 5.10 4.60 4.70 0.90
0.40 4.60 5.70 2.10 4.70 8.10 3.60 4.40 5.00 5.50
7.10 8.40 9.10 1.60 0.30 6.70 3.40 5.70 7.00 2.80
3.30 2.80 2.40 4.80 6.20 1.20 7.20 2.00 7.40 1.20
3.20 6.60 3.80 5.30 5.60 7.70 7.90 0.90 5.00 1.70
3.20 6.20 7.30 3.10 4.10 9.60 3.30 1.00 0.40 9.80
5.70 1.70 3.20 2.20 1.10 8.50 3.60 6.40 3.60 9.30
9.20 2.50 0.70 7.20 4.20 6.60 7.00 7.70 8.10 8.00
8.90 4.10 7.00 2.80 3.40 4.50 6.70 4.90 7.20 9.90
1.30 0.60 6.20 6.90 5.60 3.70 6.50 6.30 5.50 9.00
2.40 9.40 0.50 3.90 9.50 9.50 6.30 8.30 3.80 3.30
6.00 8.70 9.00 1.00 9.90 4.00 7.20 1.20 6.40 8.10
4.50 3.60 5.70 5.30 7.80 3.30 3.60 5.20 0.60 3.10
6.90 9.40 4.10 5.90 7.80 2.60 3.60 5.60 2.10 6.20
2.40 4.00 6.30 7.70 6.90 8.30 6.00 5.70 9.20 3.90
7.00 6.40 5.70 1.30 4.70 4.60 4.20 7.90 5.20 0.90
8.00 7.60 2.50 1.20 5.20 6.80 7.80 3.20 9.60 7.90
8.20 4.30 9.30 7.30 2.40 8.30 3.00 3.10 4.60 4.70
1.10 2.70 7.60 2.20 6.60 9.40 1.10 4.50 2.80 3.60
3.80 1.30 0.50 2.90 7.30 0.90 6.70 2.30 1.30 1.80
6.00 3.70 6.10 1.30 6.50 0.10 7.70 0.20 5.20 3.10
7.40 3.50 4.60 9.60 0.60 2.60 3.40 4.80 4.60 7.20
1.10 9.30 8.20 0.40 1.70 7.10 1.10 2.70 7.30 6.50
7.10 3.10 5.80 4.50 9.60 0.90 6.00 1.90 3.10 3.50
8.10 8.40 7.10 3.20 6.20 9.30 7.60 9.50 3.10 7.30
0.60 8.40 0.80 4.00 2.50 7.60 6.70 7.50 9.90 4.10
2.10 7.40 1.80 7.50 6.80 0.30 0.90 2.40 3.30 4.70
8.90 7.10 1.70 3.90 3.40 1.00 3.30 4.90 2.30 6.60
3.40 8.00 9.10 8.60 3.80 9.90 7.70 3.10 6.90 3.30
4.10 7.30 9.40 6.30 9.90 8.80 3.70 8.50 8.00 1.20
9.70 1.90 1.70 5.20 4.10 1.10 7.50 2.10 7.10 5.70
6.20 6.30 0.30 6.20 4.60 8.40 8.40 3.90 4.00 2.80
5.30 5.10 4.10 5.60 7.50 4.30 8.40 5.60 9.70 7.30
7.50 2.70 0.60 7.00 2.60 6.50 1.60 8.50 9.00 8.70
6.80 7.30 4.40 7.80 6.50 3.80 3.70 7.00 1.10 3.90
0.90 9.10 5.80 8.50 5.90 1.60 2.00 7.60 2.40 6.70
6.40 5.90 4.80 8.90 4.10 2.00 2.10 6.20 9.10 8.10
0.10 9.20 8.20 9.80 4.50 7.10 8.00 6.10 9.30 9.30
6.60 6.90 2.50 0.90 6.10 7.50 8.30 1.80 9.70 1.70
2.60 3.10 9.10 0.50 4.70 1.20 2.00 2.20 9.20 2.50
4.50 7.10 5.80 9.00 9.90 2.30 9.90 2.50 6.00 6.30
9.70 7.50 8.70 0.90 3.20 1.70 5.20 0.30 3.00 3.20
4.30 2.60 1.30 6.90 8.70 6.10 5.20 5.80 4.00 2.40
0.60 9.80 0.80 7.30 4.40 7.90 9.50 1.10 3.60 8.90
9.00 6.80 1.90 2.40 0.80 3.20 4.90 1.90 1.60 2.70
2.30 0.10 8.90 6.70 5.00 1.10 8.00 4.10 2.70 9.30
1.40 7.40 8.90 1.30 3.80 6.50 6.30 7.30 0.40 6.90
5.10 5.80 0.10 4.90 7.40 4.80 9.60 4.70 7.40 7.60
6.90 0.60 8.80 2.50 5.90 6.30 8.20 1.20 1.50 8.60
2.40 3.00 3.90 1.20 5.70 5.10 3.60 6.40 3.60 8.80
8.60 6.30 5.40 9.40 0.70 1.70 1.10 6.90 5.10 6.70
6.10 3.00 8.70 1.40 7.70 9.10 3.30 6.10 8.70 3.90
5.70 5.00 3.90 0.20 5.20 1.40 7.00 0.50 9.40 7.10
7.40 3.60 9.30 9.80 8.60 9.90 0.10 3.00 5.10 7.60
7.60 7.20 4.80 7.30 8.30 6.90 0.70 1.70 0.70 6.70
6.30 3.70 9.30 5.10 5.40 6.00 4.20 0.40 2.50 9.50
2.80 9.80 0.10 0.70 7.30 6.70 5.20 3.30 7.50 0.60
8.70 9.90 2.50 5.80 7.50 7.60 9.10 3.80 8.80 9.00
1.40 3.00 6.60 2.00 9.70 3.30 5.40 5.90 4.50 8.70
2.60 0.20 9.80 3.90 0.50 0.20 7.00 6.50 9.30 4.90
0.40 0.20 5.40 3.30 9.40 0.90 4.90 6.80 1.20 2.50
1.00 9.50 9.20 6.50 2.90 7.20 5.20 1.60 4.40 3.70
8.20 9.00 8.30 3.30 9.20 9.40 0.10 6.70 8.90 0.10
6.50 4.50 8.10 4.30 4.70 7.60 2.90 0.60 1.90 6.80
9.10 8.40 9.00 0.10 8.60 5.40 5.30 1.20 9.30 3.20
3.90 8.60 3.60 7.30 5.80 8.40 5.80 2.70 7.10 6.70
2.60 8.80 8.40 2.40 2.30 6.20 4.20 9.30 0.80 4.50
5.50 1.80 5.50 0.60 3.40 3.10 5.60 2.20 1.50 6.50
8.90 9.40 8.20 3.20 6.40 3.00 3.50 9.50 0.10 4.80
8.90 2.40 1.90 2.80 0.90 3.30 1.50 1.00 3.50 1.20
6.50 2.60 3.80 9.90 3.10 1.10 1.30 6.00 6.00 8.60
7.90 9.40 3.90 4.20 9.30 2.10 9.40 1.40 4.50 3.70
7.70 6.30 0.50 7.10 9.00 4.10 7.70 7.50 7.80 0.60
4.80 1.50 0.10 6.20 0.90 6.10 6.90 7.30 4.40 9.40
8.40 8.10 5.00 7.50 0.20 8.50 3.90 2.50 3.30 5.80
4.40 2.10 4.40 1.50 9.60 4.90 6.90 0.60 7.80 3.80
1.00 2.20 3.80 7.50 3.90 2.90 3.50 6.00 0.60 4.90
8.20 5.00 5.60 0.70 2.60 8.10 4.20 0.50 8.00 5.10
3.60 8.00 0.50 8.20 9.90 7.30 1.40 9.70 4.00 0.90
0.10 1.00 7.40 6.60 8.30 8.20 0.10 1.40 1.20 4.60
5.50 3.30 3.10 0.90 5.40 1.10 4.40 8.90 3.80 9.80
9.60 5.10 2.90 1.30 3.40 1.50 0.90 1.10 4.20 4.00
5.60 3.70 2.10 4.00 8.10 5.50 4.50 7.70 9.80 7.20
4.30 2.10 1.20 4.00 0.80 1.30 5.10 7.70 3.80 2.60
2.40 4.10 1.40 9.00 8.10 3.30 1.00 6.70 1.20 1.50
7.60 3.80 7.50 4.80 4.30 4.00 5.50 4.50 9.60 9.80
0.20 1.20 9.50 9.70 2.70 4.80 6.40 1.20 1.40 3.70
3.10 1.00 0.10 1.10 5.10 8.40 7.90 4.00 3.20 4.60
0.50 4.90 3.20 2.90 1.30 8.90 0.40 6.50 3.70 7.40
3.00 1.20 9.30 1.00 8.70 0.30 5.00 2.60 3.90 6.10
7.40 5.00 5.60 4.20 3.40 2.60 5.40 2.80 3.30 1.60
6.00 2.80 2.70 8.80 4.20 8.20 1.60 5.10 4.30 9.80
9.90 5.80 7.10 7.30 1.60 7.40 8.60 2.00 7.10 2.60
0.70 0.40 2.90 2.10 1.90 8.40 3.50 4.60 3.30 6.10
9.70 3.30 2.80 4.00 9.90 4.30 9.50 8.50 9.90 3.10
2.60 8.00 4.60 2.60 0.60 9.70 9.40 4.90 2.40 0.40
