# nJobs | nMachines
100 5
# Job Weights
98
33
13
40
100
9
1
4
41
59
73
15
57
67
40
25
23
2
44
35
3
30
11
100
51
69
22
64
44
69
1
29
53
81
59
40
77
79
51
40
7
47
4
23
89
32
97
45
46
33
55
71
77
81
28
82
78
48
75
75
70
78
15
99
55
79
99
46
39
79
35
72
54
57
67
77
96
62
58
7
2
60
7
10
3
24
22
86
67
25
77
18
39
59
18
20
99
38
78
39
# P_bar : m1 | m2 | m3 | m4 | m5
69 78 28 55 39
53 26 54 57 81
81 41 66 50 33
70 62 30 42 63
96 28 77 18 60
25 54 69 95 73
24 27 50 68 61
95 38 85 22 74
30 64 62 33 8
40 66 80 15 49
37 82 58 4 93
5 78 77 66 90
88 52 55 50 37
74 18 80 6 18
95 1 94 81 55
26 54 6 45 6
96 43 22 61 3
3 48 33 33 80
44 67 66 53 65
3 8 55 69 37
8 36 57 3 12
44 38 49 61 17
13 32 82 40 21
92 74 75 72 59
2 96 91 28 60
69 34 14 42 94
48 56 72 69 24
23 28 72 42 19
96 66 77 73 81
92 93 83 46 54
56 51 27 75 9
15 28 61 75 49
47 63 57 35 41
41 84 78 75 41
96 25 23 1 85
35 85 60 74 56
56 1 33 3 49
34 42 49 13 6
80 12 63 66 81
73 42 25 51 60
96 23 87 72 76
81 85 36 9 1
32 77 18 45 30
55 7 70 73 84
22 43 8 32 46
43 84 68 19 2
26 76 50 98 64
20 85 89 93 76
53 29 5 27 75
63 96 28 8 49
33 3 5 55 37
47 44 27 7 44
93 88 51 89 80
68 17 53 36 47
8 44 20 41 35
51 17 48 35 15
18 35 45 35 9
80 16 61 36 31
17 2 73 13 63
88 16 32 85 14
72 68 44 21 13
97 40 35 33 55
36 76 81 33 16
58 33 75 21 42
35 92 21 3 18
56 70 8 10 52
13 6 20 51 63
73 53 86 81 28
5 57 64 65 65
12 47 56 29 73
12 41 86 15 72
17 50 87 60 62
21 97 9 60 31
44 66 58 87 97
34 33 78 87 67
61 96 39 36 17
99 4 15 19 69
54 12 25 73 11
18 26 43 57 46
2 89 10 27 39
13 29 83 14 65
17 10 32 49 89
60 15 5 49 69
90 59 49 37 24
36 54 23 37 3
52 92 12 83 62
88 39 56 86 97
56 52 35 13 46
34 95 34 10 44
97 4 66 44 89
80 35 31 42 47
8 42 54 98 90
84 19 6 3 59
17 74 37 99 41
43 45 69 21 13
30 7 1 19 23
19 60 92 71 16
38 29 63 65 45
76 48 28 96 42
88 76 50 36 96
# P_hat : m1 | m2 | m3 | m4 | m5
20.70 23.40 8.40 16.50 11.70
15.90 7.80 16.20 17.10 24.30
24.30 12.30 19.80 15.00 9.90
21.00 18.60 9.00 12.60 18.90
28.80 8.40 23.10 5.40 18.00
7.50 16.20 20.70 28.50 21.90
7.20 8.10 15.00 20.40 18.30
28.50 11.40 25.50 6.60 22.20
9.00 19.20 18.60 9.90 2.40
12.00 19.80 24.00 4.50 14.70
11.10 24.60 17.40 1.20 27.90
1.50 23.40 23.10 19.80 27.00
26.40 15.60 16.50 15.00 11.10
22.20 5.40 24.00 1.80 5.40
28.50 0.30 28.20 24.30 16.50
7.80 16.20 1.80 13.50 1.80
28.80 12.90 6.60 18.30 0.90
0.90 14.40 9.90 9.90 24.00
13.20 20.10 19.80 15.90 19.50
0.90 2.40 16.50 20.70 11.10
2.40 10.80 17.10 0.90 3.60
13.20 11.40 14.70 18.30 5.10
3.90 9.60 24.60 12.00 6.30
27.60 22.20 22.50 21.60 17.70
0.60 28.80 27.30 8.40 18.00
20.70 10.20 4.20 12.60 28.20
14.40 16.80 21.60 20.70 7.20
6.90 8.40 21.60 12.60 5.70
28.80 19.80 23.10 21.90 24.30
27.60 27.90 24.90 13.80 16.20
16.80 15.30 8.10 22.50 2.70
4.50 8.40 18.30 22.50 14.70
14.10 18.90 17.10 10.50 12.30
12.30 25.20 23.40 22.50 12.30
28.80 7.50 6.90 0.30 25.50
10.50 25.50 18.00 22.20 16.80
16.80 0.30 9.90 0.90 14.70
10.20 12.60 14.70 3.90 1.80
24.00 3.60 18.90 19.80 24.30
21.90 12.60 7.50 15.30 18.00
28.80 6.90 26.10 21.60 22.80
24.30 25.50 10.80 2.70 0.30
9.60 23.10 5.40 13.50 9.00
16.50 2.10 21.00 21.90 25.20
6.60 12.90 2.40 9.60 13.80
12.90 25.20 20.40 5.70 0.60
7.80 22.80 15.00 29.40 19.20
6.00 25.50 26.70 27.90 22.80
15.90 8.70 1.50 8.10 22.50
18.90 28.80 8.40 2.40 14.70
9.90 0.90 1.50 16.50 11.10
14.10 13.20 8.10 2.10 13.20
27.90 26.40 15.30 26.70 24.00
20.40 5.10 15.90 10.80 14.10
2.40 13.20 6.00 12.30 10.50
15.30 5.10 14.40 10.50 4.50
5.40 10.50 13.50 10.50 2.70
24.00 4.80 18.30 10.80 9.30
5.10 0.60 21.90 3.90 18.90
26.40 4.80 9.60 25.50 4.20
21.60 20.40 13.20 6.30 3.90
29.10 12.00 10.50 9.90 16.50
10.80 22.80 24.30 9.90 4.80
17.40 9.90 22.50 6.30 12.60
10.50 27.60 6.30 0.90 5.40
16.80 21.00 2.40 3.00 15.60
3.90 1.80 6.00 15.30 18.90
21.90 15.90 25.80 24.30 8.40
1.50 17.10 19.20 19.50 19.50
3.60 14.10 16.80 8.70 21.90
3.60 12.30 25.80 4.50 21.60
5.10 15.00 26.10 18.00 18.60
6.30 29.10 2.70 18.00 9.30
13.20 19.80 17.40 26.10 29.10
10.20 9.90 23.40 26.10 20.10
18.30 28.80 11.70 10.80 5.10
29.70 1.20 4.50 5.70 20.70
16.20 3.60 7.50 21.90 3.30
5.40 7.80 12.90 17.10 13.80
0.60 26.70 3.00 8.10 11.70
3.90 8.70 24.90 4.20 19.50
5.10 3.00 9.60 14.70 26.70
18.00 4.50 1.50 14.70 20.70
27.00 17.70 14.70 11.10 7.20
10.80 16.20 6.90 11.10 0.90
15.60 27.60 3.60 24.90 18.60
26.40 11.70 16.80 25.80 29.10
16.80 15.60 10.50 3.90 13.80
10.20 28.50 10.20 3.00 13.20
29.10 1.20 19.80 13.20 26.70
24.00 10.50 9.30 12.60 14.10
2.40 12.60 16.20 29.40 27.00
25.20 5.70 1.80 0.90 17.70
5.10 22.20 11.10 29.70 12.30
12.90 13.50 20.70 6.30 3.90
9.00 2.10 0.30 5.70 6.90
5.70 18.00 27.60 21.30 4.80
11.40 8.70 18.90 19.50 13.50
22.80 14.40 8.40 28.80 12.60
26.40 22.80 15.00 10.80 28.80
