# nJobs | nMachines
50 10
# Job Weights
13
7
64
11
86
34
34
4
14
10
14
11
83
14
34
74
17
52
84
88
64
39
95
91
20
82
2
54
15
63
72
10
34
27
42
30
19
5
25
49
79
55
35
56
34
53
50
18
90
93
# P_bar : m1 | m2 | m3 | m4 | m5 | m6 | m7 | m8 | m9 | m10
68 69 1 19 10 76 50 39 77 30
40 96 37 65 76 40 87 11 30 71
43 54 91 35 75 96 77 96 88 57
72 37 59 89 29 54 88 74 21 83
87 35 2 41 10 91 80 22 29 34
59 19 44 15 86 90 75 22 12 31
67 10 29 99 62 41 41 50 2 11
89 88 37 19 26 72 84 6 95 50
84 61 30 74 1 37 24 95 24 22
43 95 20 63 62 38 27 83 20 7
92 18 19 92 89 64 52 70 66 82
90 49 79 29 2 98 73 1 82 34
23 69 41 47 62 36 75 8 45 5
20 86 79 80 96 20 23 94 4 62
97 28 49 7 99 3 52 65 22 3
57 6 21 43 91 41 97 70 81 68
33 40 97 89 85 93 40 61 56 35
7 88 86 9 42 44 50 80 85 79
69 94 15 99 7 3 95 82 3 10
56 78 57 38 4 19 34 23 82 60
16 43 76 76 23 66 2 51 94 67
41 31 14 52 74 55 76 92 72 10
7 54 57 48 83 66 26 25 96 87
74 80 80 55 41 68 48 23 55 25
54 11 93 17 63 1 16 40 3 24
67 27 31 63 99 5 20 69 63 4
15 3 66 92 55 59 86 42 65 36
85 32 30 77 37 64 62 13 20 44
83 2 82 31 23 1 54 17 4 22
42 49 11 44 1 5 50 27 95 8
29 27 71 76 84 11 26 74 20 49
64 81 94 18 46 46 4 7 57 97
3 18 35 7 31 10 4 25 38 8
9 83 71 40 93 56 59 73 46 9
35 84 76 47 79 25 24 81 76 18
24 49 76 73 32 95 14 84 10 34
72 64 26 41 71 12 49 40 79 54
70 20 31 70 60 48 35 28 7 42
47 52 58 86 42 11 78 86 12 70
78 42 31 8 24 45 77 17 60 59
60 51 98 63 51 25 72 66 85 8
11 66 26 77 98 62 10 33 73 29
60 95 92 91 64 12 87 20 18 6
5 18 11 24 85 67 24 84 75 42
24 37 72 19 31 17 26 23 77 33
52 70 46 63 11 59 46 73 71 67
39 22 20 72 95 30 40 25 83 7
14 87 38 17 58 73 86 87 63 64
65 67 57 46 57 34 40 2 52 7
99 15 5 66 28 27 8 15 66 60
# P_hat : m1 | m2 | m3 | m4 | m5 | m6 | m7 | m8 | m9 | m10
27.20 27.60 0.40 7.60 4.00 30.40 20.00 15.60 30.80 12.00
16.00 38.40 14.80 26.00 30.40 16.00 34.80 4.40 12.00 28.40
17.20 21.60 36.40 14.00 30.00 38.40 30.80 38.40 35.20 22.80
28.80 14.80 23.60 35.60 11.60 21.60 35.20 29.60 8.40 33.20
34.80 14.00 0.80 16.40 4.00 36.40 32.00 8.80 11.60 13.60
23.60 7.60 17.60 6.00 34.40 36.00 30.00 8.80 4.80 12.40
26.80 4.00 11.60 39.60 24.80 16.40 16.40 20.00 0.80 4.40
35.60 35.20 14.80 7.60 10.40 28.80 33.60 2.40 38.00 20.00
33.60 24.40 12.00 29.60 0.40 14.80 9.60 38.00 9.60 8.80
17.20 38.00 8.00 25.20 24.80 15.20 10.80 33.20 8.00 2.80
36.80 7.20 7.60 36.80 35.60 25.60 20.80 28.00 26.40 32.80
36.00 19.60 31.60 11.60 0.80 39.20 29.20 0.40 32.80 13.60
9.20 27.60 16.40 18.80 24.80 14.40 30.00 3.20 18.00 2.00
8.00 34.40 31.60 32.00 38.40 8.00 9.20 37.60 1.60 24.80
38.80 11.20 19.60 2.80 39.60 1.20 20.80 26.00 8.80 1.20
22.80 2.40 8.40 17.20 36.40 16.40 38.80 28.00 32.40 27.20
13.20 16.00 38.80 35.60 34.00 37.20 16.00 24.40 22.40 14.00
2.80 35.20 34.40 3.60 16.80 17.60 20.00 32.00 34.00 31.60
27.60 37.60 6.00 39.60 2.80 1.20 38.00 32.80 1.20 4.00
22.40 31.20 22.80 15.20 1.60 7.60 13.60 9.20 32.80 24.00
6.40 17.20 30.40 30.40 9.20 26.40 0.80 20.40 37.60 26.80
16.40 12.40 5.60 20.80 29.60 22.00 30.40 36.80 28.80 4.00
2.80 21.60 22.80 19.20 33.20 26.40 10.40 10.00 38.40 34.80
29.60 32.00 32.00 22.00 16.40 27.20 19.20 9.20 22.00 10.00
21.60 4.40 37.20 6.80 25.20 0.40 6.40 16.00 1.20 9.60
26.80 10.80 12.40 25.20 39.60 2.00 8.00 27.60 25.20 1.60
6.00 1.20 26.40 36.80 22.00 23.60 34.40 16.80 26.00 14.40
34.00 12.80 12.00 30.80 14.80 25.60 24.80 5.20 8.00 17.60
33.20 0.80 32.80 12.40 9.20 0.40 21.60 6.80 1.60 8.80
16.80 19.60 4.40 17.60 0.40 2.00 20.00 10.80 38.00 3.20
11.60 10.80 28.40 30.40 33.60 4.40 10.40 29.60 8.00 19.60
25.60 32.40 37.60 7.20 18.40 18.40 1.60 2.80 22.80 38.80
1.20 7.20 14.00 2.80 12.40 4.00 1.60 10.00 15.20 3.20
3.60 33.20 28.40 16.00 37.20 22.40 23.60 29.20 18.40 3.60
14.00 33.60 30.40 18.80 31.60 10.00 9.60 32.40 30.40 7.20
9.60 19.60 30.40 29.20 12.80 38.00 5.60 33.60 4.00 13.60
28.80 25.60 10.40 16.40 28.40 4.80 19.60 16.00 31.60 21.60
28.00 8.00 12.40 28.00 24.00 19.20 14.00 11.20 2.80 16.80
18.80 20.80 23.20 34.40 16.80 4.40 31.20 34.40 4.80 28.00
31.20 16.80 12.40 3.20 9.60 18.00 30.80 6.80 24.00 23.60
24.00 20.40 39.20 25.20 20.40 10.00 28.80 26.40 34.00 3.20
4.40 26.40 10.40 30.80 39.20 24.80 4.00 13.20 29.20 11.60
24.00 38.00 36.80 36.40 25.60 4.80 34.80 8.00 7.20 2.40
2.00 7.20 4.40 9.60 34.00 26.80 9.60 33.60 30.00 16.80
9.60 14.80 28.80 7.60 12.40 6.80 10.40 9.20 30.80 13.20
20.80 28.00 18.40 25.20 4.40 23.60 18.40 29.20 28.40 26.80
15.60 8.80 8.00 28.80 38.00 12.00 16.00 10.00 33.20 2.80
5.60 34.80 15.20 6.80 23.20 29.20 34.40 34.80 25.20 25.60
26.00 26.80 22.80 18.40 22.80 13.60 16.00 0.80 20.80 2.80
39.60 6.00 2.00 26.40 11.20 10.80 3.20 6.00 26.40 24.00
