# nJobs | nMachines
100 5
# Job Weights
27
96
54
5
38
37
61
66
50
94
74
76
41
27
80
96
41
87
89
45
5
26
28
37
69
1
21
92
19
14
45
2
40
78
77
40
100
76
90
68
6
58
16
85
53
14
78
58
93
92
97
85
23
81
78
82
16
45
45
55
46
5
21
33
21
78
25
17
8
72
54
49
9
89
100
29
50
81
47
100
37
67
31
20
27
36
57
11
5
82
97
15
70
91
18
75
99
42
71
69
# P_bar : m1 | m2 | m3 | m4 | m5
73 5 62 42 86
69 87 94 59 73
8 54 58 91 89
59 84 93 86 81
70 8 23 76 10
47 37 66 26 84
2 40 47 78 98
37 27 30 51 76
60 81 60 39 18
75 64 26 10 25
7 80 84 95 77
41 23 54 83 70
87 66 82 40 33
21 64 60 83 31
55 19 13 20 41
32 38 14 7 55
45 96 23 23 35
56 56 80 62 68
92 16 56 42 19
2 61 31 75 28
69 48 65 84 74
39 42 83 95 60
52 28 52 77 81
2 52 92 32 82
4 78 74 17 34
79 57 12 43 38
55 28 65 53 92
20 83 37 15 90
46 36 9 49 95
88 36 78 64 83
47 28 40 76 8
63 92 13 86 44
55 6 10 12 48
90 1 23 54 65
29 89 50 62 79
79 31 86 30 82
33 36 81 22 56
40 88 67 53 49
21 74 20 61 25
4 50 34 53 88
31 85 78 71 52
99 34 9 24 76
74 37 3 55 36
93 91 96 93 24
17 11 84 47 35
5 32 2 96 29
76 83 46 51 9
49 40 71 84 40
65 86 79 94 65
80 33 44 93 35
42 58 89 16 54
45 75 67 15 14
35 85 34 21 5
13 42 20 78 91
57 71 88 77 24
46 76 53 25 39
54 59 94 43 1
7 29 85 26 58
58 57 2 54 88
3 98 2 91 1
51 47 35 82 12
86 38 98 50 49
21 98 33 65 69
47 87 33 84 71
91 25 1 21 35
48 1 46 67 70
21 60 7 96 64
36 71 19 72 20
23 18 4 14 15
50 80 40 74 7
86 41 33 77 73
84 59 94 37 20
88 89 75 18 20
84 29 85 81 99
31 54 33 92 16
63 38 15 23 53
16 80 10 29 33
55 12 72 43 94
12 56 24 3 14
14 25 81 5 89
74 85 53 19 52
59 76 27 62 41
21 33 23 33 12
91 35 80 53 78
24 61 99 51 40
69 4 15 35 93
49 70 85 96 35
4 54 4 57 10
81 69 2 29 94
35 22 67 26 88
82 47 72 18 84
12 25 78 36 53
71 42 25 19 72
6 80 31 93 60
59 43 63 69 59
95 32 57 39 63
13 85 36 79 24
40 11 72 15 41
12 72 73 13 8
43 17 87 7 73
# P_hat : m1 | m2 | m3 | m4 | m5
36.50 2.50 31.00 21.00 43.00
34.50 43.50 47.00 29.50 36.50
4.00 27.00 29.00 45.50 44.50
29.50 42.00 46.50 43.00 40.50
35.00 4.00 11.50 38.00 5.00
23.50 18.50 33.00 13.00 42.00
1.00 20.00 23.50 39.00 49.00
18.50 13.50 15.00 25.50 38.00
30.00 40.50 30.00 19.50 9.00
37.50 32.00 13.00 5.00 12.50
3.50 40.00 42.00 47.50 38.50
20.50 11.50 27.00 41.50 35.00
43.50 33.00 41.00 20.00 16.50
10.50 32.00 30.00 41.50 15.50
27.50 9.50 6.50 10.00 20.50
16.00 19.00 7.00 3.50 27.50
22.50 48.00 11.50 11.50 17.50
28.00 28.00 40.00 31.00 34.00
46.00 8.00 28.00 21.00 9.50
1.00 30.50 15.50 37.50 14.00
34.50 24.00 32.50 42.00 37.00
19.50 21.00 41.50 47.50 30.00
26.00 14.00 26.00 38.50 40.50
1.00 26.00 46.00 16.00 41.00
2.00 39.00 37.00 8.50 17.00
39.50 28.50 6.00 21.50 19.00
27.50 14.00 32.50 26.50 46.00
10.00 41.50 18.50 7.50 45.00
23.00 18.00 4.50 24.50 47.50
44.00 18.00 39.00 32.00 41.50
23.50 14.00 20.00 38.00 4.00
31.50 46.00 6.50 43.00 22.00
27.50 3.00 5.00 6.00 24.00
45.00 0.50 11.50 27.00 32.50
14.50 44.50 25.00 31.00 39.50
39.50 15.50 43.00 15.00 41.00
16.50 18.00 40.50 11.00 28.00
20.00 44.00 33.50 26.50 24.50
10.50 37.00 10.00 30.50 12.50
2.00 25.00 17.00 26.50 44.00
15.50 42.50 39.00 35.50 26.00
49.50 17.00 4.50 12.00 38.00
37.00 18.50 1.50 27.50 18.00
46.50 45.50 48.00 46.50 12.00
8.50 5.50 42.00 23.50 17.50
2.50 16.00 1.00 48.00 14.50
38.00 41.50 23.00 25.50 4.50
24.50 20.00 35.50 42.00 20.00
32.50 43.00 39.50 47.00 32.50
40.00 16.50 22.00 46.50 17.50
21.00 29.00 44.50 8.00 27.00
22.50 37.50 33.50 7.50 7.00
17.50 42.50 17.00 10.50 2.50
6.50 21.00 10.00 39.00 45.50
28.50 35.50 44.00 38.50 12.00
23.00 38.00 26.50 12.50 19.50
27.00 29.50 47.00 21.50 0.50
3.50 14.50 42.50 13.00 29.00
29.00 28.50 1.00 27.00 44.00
1.50 49.00 1.00 45.50 0.50
25.50 23.50 17.50 41.00 6.00
43.00 19.00 49.00 25.00 24.50
10.50 49.00 16.50 32.50 34.50
23.50 43.50 16.50 42.00 35.50
45.50 12.50 0.50 10.50 17.50
24.00 0.50 23.00 33.50 35.00
10.50 30.00 3.50 48.00 32.00
18.00 35.50 9.50 36.00 10.00
11.50 9.00 2.00 7.00 7.50
25.00 40.00 20.00 37.00 3.50
43.00 20.50 16.50 38.50 36.50
42.00 29.50 47.00 18.50 10.00
44.00 44.50 37.50 9.00 10.00
42.00 14.50 42.50 40.50 49.50
15.50 27.00 16.50 46.00 8.00
31.50 19.00 7.50 11.50 26.50
8.00 40.00 5.00 14.50 16.50
27.50 6.00 36.00 21.50 47.00
6.00 28.00 12.00 1.50 7.00
7.00 12.50 40.50 2.50 44.50
37.00 42.50 26.50 9.50 26.00
29.50 38.00 13.50 31.00 20.50
10.50 16.50 11.50 16.50 6.00
45.50 17.50 40.00 26.50 39.00
12.00 30.50 49.50 25.50 20.00
34.50 2.00 7.50 17.50 46.50
24.50 35.00 42.50 48.00 17.50
2.00 27.00 2.00 28.50 5.00
40.50 34.50 1.00 14.50 47.00
17.50 11.00 33.50 13.00 44.00
41.00 23.50 36.00 9.00 42.00
6.00 12.50 39.00 18.00 26.50
35.50 21.00 12.50 9.50 36.00
3.00 40.00 15.50 46.50 30.00
29.50 21.50 31.50 34.50 29.50
47.50 16.00 28.50 19.50 31.50
6.50 42.50 18.00 39.50 12.00
20.00 5.50 36.00 7.50 20.50
6.00 36.00 36.50 6.50 4.00
21.50 8.50 43.50 3.50 36.50
