# nJobs | nMachines
200 10
# Job Weights
87
53
3
61
54
67
96
14
61
45
35
28
97
87
63
100
85
77
14
28
49
100
94
70
7
37
45
54
81
12
74
9
86
62
45
52
1
4
51
33
84
25
61
10
48
66
86
34
6
60
93
93
65
51
88
46
51
72
18
75
78
59
30
91
20
95
34
43
15
71
2
30
28
20
96
32
46
38
47
89
10
68
8
25
99
99
41
12
50
82
4
65
71
73
67
52
76
56
61
93
88
27
45
40
20
64
100
43
65
24
92
63
64
98
97
43
40
81
67
56
15
27
9
27
83
87
30
17
32
77
48
44
31
15
92
72
82
86
37
52
10
8
57
69
100
91
7
43
83
27
62
74
43
65
28
11
68
1
8
59
31
46
2
39
8
71
27
67
33
24
18
91
43
43
3
82
49
82
93
92
79
46
56
74
88
49
65
50
57
53
99
83
71
83
5
47
13
37
32
38
# P_bar : m1 | m2 | m3 | m4 | m5 | m6 | m7 | m8 | m9 | m10
64 66 53 93 60 74 79 68 80 49
52 61 74 84 32 82 79 15 28 75
2 18 51 29 5 47 59 41 31 94
49 44 52 96 37 63 69 23 10 44
20 87 33 6 88 51 14 50 37 98
96 82 35 71 55 12 30 92 69 50
64 61 97 54 60 24 89 82 57 47
70 97 20 69 97 24 7 84 9 60
79 39 23 98 78 11 69 53 48 40
36 27 96 13 50 67 73 97 60 97
7 10 35 91 41 16 62 82 26 97
48 29 31 24 20 36 53 58 62 81
81 56 44 73 61 3 82 61 37 54
70 51 72 64 95 96 73 71 85 88
65 44 76 47 42 37 34 23 97 1
30 98 26 19 30 96 78 45 70 47
68 69 36 47 81 15 32 6 59 95
61 25 98 3 2 4 57 32 4 55
40 29 11 82 11 62 2 69 91 31
15 30 3 51 84 22 37 7 22 69
39 97 28 40 49 88 45 1 22 63
5 63 62 31 12 21 70 59 63 19
27 91 68 38 9 96 60 87 84 56
19 32 66 27 93 19 88 1 8 89
99 64 21 70 61 21 1 77 45 68
75 16 4 28 31 32 73 55 40 35
75 69 92 55 55 86 96 60 51 6
9 80 65 20 79 3 64 30 23 58
42 29 29 32 96 89 80 14 67 62
11 66 8 69 35 50 19 27 38 57
53 86 67 39 20 48 83 11 91 13
18 12 90 95 42 53 40 38 92 97
43 83 45 52 81 36 92 71 66 4
9 50 48 40 46 65 97 43 24 94
15 53 93 25 81 89 30 55 11 17
27 1 78 73 5 93 69 85 74 32
26 2 79 51 65 22 38 65 94 54
67 35 97 41 83 57 22 64 95 74
26 56 5 56 9 68 13 61 40 14
67 23 93 32 70 11 22 19 42 12
41 7 8 85 74 85 77 87 61 61
5 48 36 7 51 92 3 4 7 14
15 22 68 91 99 20 19 83 79 63
54 39 98 22 80 1 62 4 73 13
82 25 21 72 53 66 13 38 81 54
74 57 25 14 95 13 23 40 29 71
34 33 95 53 83 77 38 94 67 44
73 5 79 24 70 10 51 94 50 85
44 2 58 71 50 60 20 88 17 13
84 62 65 45 24 38 74 57 62 89
45 88 91 19 52 11 98 33 91 29
11 96 73 32 17 48 98 99 92 94
67 92 22 82 23 48 82 51 19 4
16 28 78 60 45 83 77 58 10 34
3 5 83 61 35 59 47 1 88 27
34 54 45 29 51 51 93 29 31 2
40 87 15 65 66 70 12 31 80 1
31 77 1 89 2 73 33 26 59 38
90 16 49 96 1 26 77 93 49 13
29 72 64 54 12 52 92 12 92 6
68 18 93 24 46 6 93 55 60 76
25 15 70 3 4 85 9 77 76 40
68 81 3 51 69 98 89 63 77 92
95 62 52 30 27 26 62 53 5 84
52 21 13 92 62 8 19 41 26 45
77 33 65 6 45 95 91 34 94 86
60 75 4 37 96 74 16 57 27 55
12 60 18 92 29 58 76 37 77 91
74 1 61 89 5 52 74 71 36 18
86 38 21 6 78 50 6 77 58 53
9 51 63 39 65 4 80 18 15 44
89 76 44 14 30 65 27 16 65 81
24 89 38 36 32 64 20 26 82 11
93 37 45 77 93 36 5 25 43 24
71 87 2 68 97 68 49 38 98 54
52 7 79 6 76 66 8 45 21 41
88 24 39 59 17 33 85 92 42 41
28 86 2 18 75 25 2 40 17 51
53 76 91 78 75 64 25 46 39 2
23 4 65 78 44 49 88 56 40 92
48 32 74 66 40 44 75 84 45 44
73 36 48 57 63 61 42 39 74 58
42 37 36 95 49 23 17 22 65 61
7 74 77 77 21 91 34 39 2 94
87 28 70 95 86 1 51 57 5 73
8 7 42 94 60 95 28 55 60 74
95 67 63 39 88 33 71 90 57 24
31 50 64 25 44 51 89 16 49 1
68 40 64 39 84 70 50 44 48 62
49 21 88 35 88 90 29 17 78 83
82 31 14 40 34 25 9 21 89 36
58 15 38 7 66 87 81 79 60 75
92 76 71 66 55 25 30 20 63 55
47 39 6 88 15 80 64 34 56 98
83 46 80 85 51 49 9 84 49 32
91 96 91 52 28 86 12 1 49 5
7 4 46 1 41 60 15 17 10 53
61 9 21 63 7 75 2 1 11 64
49 96 52 50 74 87 2 97 23 57
65 92 3 7 54 8 22 77 77 26
65 73 35 58 68 2 31 65 91 56
90 60 87 59 82 55 29 18 67 89
59 30 97 48 34 92 81 17 52 27
94 90 5 48 3 93 31 41 45 89
97 94 19 54 59 18 47 28 84 15
61 68 92 60 51 5 23 26 12 68
63 85 58 90 60 9 38 60 19 10
83 36 47 88 42 20 70 81 52 90
54 52 90 36 32 75 60 25 73 61
5 40 42 23 53 88 50 45 49 42
10 86 58 23 48 26 68 94 11 34
4 54 79 71 56 50 77 11 22 47
12 71 62 79 58 38 94 30 58 11
50 79 16 69 95 99 68 93 39 19
21 72 80 72 14 90 84 31 12 25
51 97 40 69 70 42 45 14 2 72
90 35 11 13 98 99 56 97 34 88
52 87 1 38 21 21 22 71 76 8
37 23 90 48 21 16 3 52 94 19
94 78 73 69 4 95 88 82 73 93
77 36 53 33 6 87 57 10 66 23
48 79 66 29 6 41 86 48 70 28
25 75 60 40 58 14 67 65 68 93
8 18 4 63 29 60 93 61 68 77
75 2 52 13 61 22 42 63 35 8
14 8 43 43 84 18 1 49 95 17
11 26 11 34 79 51 96 1 31 1
20 85 99 40 98 12 37 29 28 26
58 51 70 47 12 12 96 11 87 48
97 22 49 53 60 64 50 30 51 95
29 25 64 75 89 62 99 74 3 71
53 55 88 35 61 46 8 42 56 23
53 23 58 68 18 79 70 56 31 45
11 34 58 89 53 95 72 35 76 62
97 28 55 13 98 54 17 22 63 77
91 10 57 23 7 77 73 73 20 89
42 44 35 95 65 20 53 68 45 28
19 67 32 8 37 50 72 78 41 64
86 54 75 65 88 29 84 94 76 61
68 53 99 22 19 75 26 17 89 50
24 38 22 10 38 72 93 23 33 13
21 38 59 58 38 58 82 47 57 41
7 93 90 53 63 25 62 66 58 46
31 41 65 99 14 7 50 11 2 60
57 14 91 21 33 7 45 83 54 28
6 3 93 82 32 60 5 98 41 53
90 32 81 75 61 21 12 81 97 60
26 78 17 17 79 79 48 76 48 56
4 41 44 50 20 75 82 5 23 52
97 93 27 92 74 56 45 44 49 49
4 25 50 68 78 37 50 18 61 12
14 95 48 82 58 68 30 15 84 48
22 90 38 92 87 86 49 94 83 69
21 33 92 54 24 99 52 15 34 24
22 91 18 17 25 7 7 16 1 10
38 65 47 18 61 32 35 19 7 65
64 40 35 66 47 54 33 25 21 14
54 33 37 54 6 74 9 14 71 35
15 34 91 76 9 99 52 30 74 59
47 7 85 10 97 64 47 82 41 90
88 50 82 28 23 51 45 52 7 81
58 7 40 44 90 67 82 93 5 11
53 74 10 23 16 87 30 99 65 9
93 53 65 26 3 48 80 22 42 77
4 2 28 55 30 72 3 46 10 24
83 83 70 6 96 54 58 54 37 75
39 76 22 93 20 64 30 71 95 38
50 37 36 6 79 32 27 27 94 90
36 22 68 75 96 11 72 79 7 25
75 62 17 96 91 60 1 45 18 3
35 75 61 27 11 76 46 75 13 95
86 80 23 20 31 25 90 92 37 24
36 74 7 61 88 44 87 89 76 94
71 65 4 72 5 24 27 16 59 33
43 38 4 68 40 59 69 44 47 57
46 69 48 26 27 13 20 30 42 86
48 85 66 34 20 9 57 19 70 13
16 21 24 2 85 59 37 69 72 15
91 25 25 7 71 79 94 37 37 7
45 45 60 4 24 60 61 15 13 89
31 90 2 34 31 81 6 82 75 11
53 55 79 51 94 96 46 16 25 80
8 92 62 66 35 95 67 57 50 86
15 36 63 34 36 57 2 78 64 26
10 49 72 85 81 41 52 18 37 86
46 47 38 36 38 64 24 45 13 98
37 26 9 8 81 83 29 5 15 74
87 4 88 35 62 30 27 57 34 5
25 43 40 83 20 54 30 40 70 17
96 83 37 29 46 78 65 96 55 66
21 92 49 15 15 53 36 53 19 61
99 26 26 14 80 19 3 53 30 86
67 94 73 57 78 8 33 93 90 13
23 31 57 59 97 17 89 75 2 49
16 59 26 71 23 35 36 50 62 33
5 84 37 55 62 51 42 34 14 83
50 15 96 65 48 89 25 66 34 40
40 2 98 68 38 37 87 20 48 39
5 25 33 10 35 29 64 13 89 90
67 48 80 33 8 9 47 75 90 3
# P_hat : m1 | m2 | m3 | m4 | m5 | m6 | m7 | m8 | m9 | m10
19.20 19.80 15.90 27.90 18.00 22.20 23.70 20.40 24.00 14.70
15.60 18.30 22.20 25.20 9.60 24.60 23.70 4.50 8.40 22.50
0.60 5.40 15.30 8.70 1.50 14.10 17.70 12.30 9.30 28.20
14.70 13.20 15.60 28.80 11.10 18.90 20.70 6.90 3.00 13.20
6.00 26.10 9.90 1.80 26.40 15.30 4.20 15.00 11.10 29.40
28.80 24.60 10.50 21.30 16.50 3.60 9.00 27.60 20.70 15.00
19.20 18.30 29.10 16.20 18.00 7.20 26.70 24.60 17.10 14.10
21.00 29.10 6.00 20.70 29.10 7.20 2.10 25.20 2.70 18.00
23.70 11.70 6.90 29.40 23.40 3.30 20.70 15.90 14.40 12.00
10.80 8.10 28.80 3.90 15.00 20.10 21.90 29.10 18.00 29.10
2.10 3.00 10.50 27.30 12.30 4.80 18.60 24.60 7.80 29.10
14.40 8.70 9.30 7.20 6.00 10.80 15.90 17.40 18.60 24.30
24.30 16.80 13.20 21.90 18.30 0.90 24.60 18.30 11.10 16.20
21.00 15.30 21.60 19.20 28.50 28.80 21.90 21.30 25.50 26.40
19.50 13.20 22.80 14.10 12.60 11.10 10.20 6.90 29.10 0.30
9.00 29.40 7.80 5.70 9.00 28.80 23.40 13.50 21.00 14.10
20.40 20.70 10.80 14.10 24.30 4.50 9.60 1.80 17.70 28.50
18.30 7.50 29.40 0.90 0.60 1.20 17.10 9.60 1.20 16.50
12.00 8.70 3.30 24.60 3.30 18.60 0.60 20.70 27.30 9.30
4.50 9.00 0.90 15.30 25.20 6.60 11.10 2.10 6.60 20.70
11.70 29.10 8.40 12.00 14.70 26.40 13.50 0.30 6.60 18.90
1.50 18.90 18.60 9.30 3.60 6.30 21.00 17.70 18.90 5.70
8.10 27.30 20.40 11.40 2.70 28.80 18.00 26.10 25.20 16.80
5.70 9.60 19.80 8.10 27.90 5.70 26.40 0.30 2.40 26.70
29.70 19.20 6.30 21.00 18.30 6.30 0.30 23.10 13.50 20.40
22.50 4.80 1.20 8.40 9.30 9.60 21.90 16.50 12.00 10.50
22.50 20.70 27.60 16.50 16.50 25.80 28.80 18.00 15.30 1.80
2.70 24.00 19.50 6.00 23.70 0.90 19.20 9.00 6.90 17.40
12.60 8.70 8.70 9.60 28.80 26.70 24.00 4.20 20.10 18.60
3.30 19.80 2.40 20.70 10.50 15.00 5.70 8.10 11.40 17.10
15.90 25.80 20.10 11.70 6.00 14.40 24.90 3.30 27.30 3.90
5.40 3.60 27.00 28.50 12.60 15.90 12.00 11.40 27.60 29.10
12.90 24.90 13.50 15.60 24.30 10.80 27.60 21.30 19.80 1.20
2.70 15.00 14.40 12.00 13.80 19.50 29.10 12.90 7.20 28.20
4.50 15.90 27.90 7.50 24.30 26.70 9.00 16.50 3.30 5.10
8.10 0.30 23.40 21.90 1.50 27.90 20.70 25.50 22.20 9.60
7.80 0.60 23.70 15.30 19.50 6.60 11.40 19.50 28.20 16.20
20.10 10.50 29.10 12.30 24.90 17.10 6.60 19.20 28.50 22.20
7.80 16.80 1.50 16.80 2.70 20.40 3.90 18.30 12.00 4.20
20.10 6.90 27.90 9.60 21.00 3.30 6.60 5.70 12.60 3.60
12.30 2.10 2.40 25.50 22.20 25.50 23.10 26.10 18.30 18.30
1.50 14.40 10.80 2.10 15.30 27.60 0.90 1.20 2.10 4.20
4.50 6.60 20.40 27.30 29.70 6.00 5.70 24.90 23.70 18.90
16.20 11.70 29.40 6.60 24.00 0.30 18.60 1.20 21.90 3.90
24.60 7.50 6.30 21.60 15.90 19.80 3.90 11.40 24.30 16.20
22.20 17.10 7.50 4.20 28.50 3.90 6.90 12.00 8.70 21.30
10.20 9.90 28.50 15.90 24.90 23.10 11.40 28.20 20.10 13.20
21.90 1.50 23.70 7.20 21.00 3.00 15.30 28.20 15.00 25.50
13.20 0.60 17.40 21.30 15.00 18.00 6.00 26.40 5.10 3.90
25.20 18.60 19.50 13.50 7.20 11.40 22.20 17.10 18.60 26.70
13.50 26.40 27.30 5.70 15.60 3.30 29.40 9.90 27.30 8.70
3.30 28.80 21.90 9.60 5.10 14.40 29.40 29.70 27.60 28.20
20.10 27.60 6.60 24.60 6.90 14.40 24.60 15.30 5.70 1.20
4.80 8.40 23.40 18.00 13.50 24.90 23.10 17.40 3.00 10.20
0.90 1.50 24.90 18.30 10.50 17.70 14.10 0.30 26.40 8.10
10.20 16.20 13.50 8.70 15.30 15.30 27.90 8.70 9.30 0.60
12.00 26.10 4.50 19.50 19.80 21.00 3.60 9.30 24.00 0.30
9.30 23.10 0.30 26.70 0.60 21.90 9.90 7.80 17.70 11.40
27.00 4.80 14.70 28.80 0.30 7.80 23.10 27.90 14.70 3.90
8.70 21.60 19.20 16.20 3.60 15.60 27.60 3.60 27.60 1.80
20.40 5.40 27.90 7.20 13.80 1.80 27.90 16.50 18.00 22.80
7.50 4.50 21.00 0.90 1.20 25.50 2.70 23.10 22.80 12.00
20.40 24.30 0.90 15.30 20.70 29.40 26.70 18.90 23.10 27.60
28.50 18.60 15.60 9.00 8.10 7.80 18.60 15.90 1.50 25.20
15.60 6.30 3.90 27.60 18.60 2.40 5.70 12.30 7.80 13.50
23.10 9.90 19.50 1.80 13.50 28.50 27.30 10.20 28.20 25.80
18.00 22.50 1.20 11.10 28.80 22.20 4.80 17.10 8.10 16.50
3.60 18.00 5.40 27.60 8.70 17.40 22.80 11.10 23.10 27.30
22.20 0.30 18.30 26.70 1.50 15.60 22.20 21.30 10.80 5.40
25.80 11.40 6.30 1.80 23.40 15.00 1.80 23.10 17.40 15.90
2.70 15.30 18.90 11.70 19.50 1.20 24.00 5.40 4.50 13.20
26.70 22.80 13.20 4.20 9.00 19.50 8.10 4.80 19.50 24.30
7.20 26.70 11.40 10.80 9.60 19.20 6.00 7.80 24.60 3.30
27.90 11.10 13.50 23.10 27.90 10.80 1.50 7.50 12.90 7.20
21.30 26.10 0.60 20.40 29.10 20.40 14.70 11.40 29.40 16.20
15.60 2.10 23.70 1.80 22.80 19.80 2.40 13.50 6.30 12.30
26.40 7.20 11.70 17.70 5.10 9.90 25.50 27.60 12.60 12.30
8.40 25.80 0.60 5.40 22.50 7.50 0.60 12.00 5.10 15.30
15.90 22.80 27.30 23.40 22.50 19.20 7.50 13.80 11.70 0.60
6.90 1.20 19.50 23.40 13.20 14.70 26.40 16.80 12.00 27.60
14.40 9.60 22.20 19.80 12.00 13.20 22.50 25.20 13.50 13.20
21.90 10.80 14.40 17.10 18.90 18.30 12.60 11.70 22.20 17.40
12.60 11.10 10.80 28.50 14.70 6.90 5.10 6.60 19.50 18.30
2.10 22.20 23.10 23.10 6.30 27.30 10.20 11.70 0.60 28.20
26.10 8.40 21.00 28.50 25.80 0.30 15.30 17.10 1.50 21.90
2.40 2.10 12.60 28.20 18.00 28.50 8.40 16.50 18.00 22.20
28.50 20.10 18.90 11.70 26.40 9.90 21.30 27.00 17.10 7.20
9.30 15.00 19.20 7.50 13.20 15.30 26.70 4.80 14.70 0.30
20.40 12.00 19.20 11.70 25.20 21.00 15.00 13.20 14.40 18.60
14.70 6.30 26.40 10.50 26.40 27.00 8.70 5.10 23.40 24.90
24.60 9.30 4.20 12.00 10.20 7.50 2.70 6.30 26.70 10.80
17.40 4.50 11.40 2.10 19.80 26.10 24.30 23.70 18.00 22.50
27.60 22.80 21.30 19.80 16.50 7.50 9.00 6.00 18.90 16.50
14.10 11.70 1.80 26.40 4.50 24.00 19.20 10.20 16.80 29.40
24.90 13.80 24.00 25.50 15.30 14.70 2.70 25.20 14.70 9.60
27.30 28.80 27.30 15.60 8.40 25.80 3.60 0.30 14.70 1.50
2.10 1.20 13.80 0.30 12.30 18.00 4.50 5.10 3.00 15.90
18.30 2.70 6.30 18.90 2.10 22.50 0.60 0.30 3.30 19.20
14.70 28.80 15.60 15.00 22.20 26.10 0.60 29.10 6.90 17.10
19.50 27.60 0.90 2.10 16.20 2.40 6.60 23.10 23.10 7.80
19.50 21.90 10.50 17.40 20.40 0.60 9.30 19.50 27.30 16.80
27.00 18.00 26.10 17.70 24.60 16.50 8.70 5.40 20.10 26.70
17.70 9.00 29.10 14.40 10.20 27.60 24.30 5.10 15.60 8.10
28.20 27.00 1.50 14.40 0.90 27.90 9.30 12.30 13.50 26.70
29.10 28.20 5.70 16.20 17.70 5.40 14.10 8.40 25.20 4.50
18.30 20.40 27.60 18.00 15.30 1.50 6.90 7.80 3.60 20.40
18.90 25.50 17.40 27.00 18.00 2.70 11.40 18.00 5.70 3.00
24.90 10.80 14.10 26.40 12.60 6.00 21.00 24.30 15.60 27.00
16.20 15.60 27.00 10.80 9.60 22.50 18.00 7.50 21.90 18.30
1.50 12.00 12.60 6.90 15.90 26.40 15.00 13.50 14.70 12.60
3.00 25.80 17.40 6.90 14.40 7.80 20.40 28.20 3.30 10.20
1.20 16.20 23.70 21.30 16.80 15.00 23.10 3.30 6.60 14.10
3.60 21.30 18.60 23.70 17.40 11.40 28.20 9.00 17.40 3.30
15.00 23.70 4.80 20.70 28.50 29.70 20.40 27.90 11.70 5.70
6.30 21.60 24.00 21.60 4.20 27.00 25.20 9.30 3.60 7.50
15.30 29.10 12.00 20.70 21.00 12.60 13.50 4.20 0.60 21.60
27.00 10.50 3.30 3.90 29.40 29.70 16.80 29.10 10.20 26.40
15.60 26.10 0.30 11.40 6.30 6.30 6.60 21.30 22.80 2.40
11.10 6.90 27.00 14.40 6.30 4.80 0.90 15.60 28.20 5.70
28.20 23.40 21.90 20.70 1.20 28.50 26.40 24.60 21.90 27.90
23.10 10.80 15.90 9.90 1.80 26.10 17.10 3.00 19.80 6.90
14.40 23.70 19.80 8.70 1.80 12.30 25.80 14.40 21.00 8.40
7.50 22.50 18.00 12.00 17.40 4.20 20.10 19.50 20.40 27.90
2.40 5.40 1.20 18.90 8.70 18.00 27.90 18.30 20.40 23.10
22.50 0.60 15.60 3.90 18.30 6.60 12.60 18.90 10.50 2.40
4.20 2.40 12.90 12.90 25.20 5.40 0.30 14.70 28.50 5.10
3.30 7.80 3.30 10.20 23.70 15.30 28.80 0.30 9.30 0.30
6.00 25.50 29.70 12.00 29.40 3.60 11.10 8.70 8.40 7.80
17.40 15.30 21.00 14.10 3.60 3.60 28.80 3.30 26.10 14.40
29.10 6.60 14.70 15.90 18.00 19.20 15.00 9.00 15.30 28.50
8.70 7.50 19.20 22.50 26.70 18.60 29.70 22.20 0.90 21.30
15.90 16.50 26.40 10.50 18.30 13.80 2.40 12.60 16.80 6.90
15.90 6.90 17.40 20.40 5.40 23.70 21.00 16.80 9.30 13.50
3.30 10.20 17.40 26.70 15.90 28.50 21.60 10.50 22.80 18.60
29.10 8.40 16.50 3.90 29.40 16.20 5.10 6.60 18.90 23.10
27.30 3.00 17.10 6.90 2.10 23.10 21.90 21.90 6.00 26.70
12.60 13.20 10.50 28.50 19.50 6.00 15.90 20.40 13.50 8.40
5.70 20.10 9.60 2.40 11.10 15.00 21.60 23.40 12.30 19.20
25.80 16.20 22.50 19.50 26.40 8.70 25.20 28.20 22.80 18.30
20.40 15.90 29.70 6.60 5.70 22.50 7.80 5.10 26.70 15.00
7.20 11.40 6.60 3.00 11.40 21.60 27.90 6.90 9.90 3.90
6.30 11.40 17.70 17.40 11.40 17.40 24.60 14.10 17.10 12.30
2.10 27.90 27.00 15.90 18.90 7.50 18.60 19.80 17.40 13.80
9.30 12.30 19.50 29.70 4.20 2.10 15.00 3.30 0.60 18.00
17.10 4.20 27.30 6.30 9.90 2.10 13.50 24.90 16.20 8.40
1.80 0.90 27.90 24.60 9.60 18.00 1.50 29.40 12.30 15.90
27.00 9.60 24.30 22.50 18.30 6.30 3.60 24.30 29.10 18.00
7.80 23.40 5.10 5.10 23.70 23.70 14.40 22.80 14.40 16.80
1.20 12.30 13.20 15.00 6.00 22.50 24.60 1.50 6.90 15.60
29.10 27.90 8.10 27.60 22.20 16.80 13.50 13.20 14.70 14.70
1.20 7.50 15.00 20.40 23.40 11.10 15.00 5.40 18.30 3.60
4.20 28.50 14.40 24.60 17.40 20.40 9.00 4.50 25.20 14.40
6.60 27.00 11.40 27.60 26.10 25.80 14.70 28.20 24.90 20.70
6.30 9.90 27.60 16.20 7.20 29.70 15.60 4.50 10.20 7.20
6.60 27.30 5.40 5.10 7.50 2.10 2.10 4.80 0.30 3.00
11.40 19.50 14.10 5.40 18.30 9.60 10.50 5.70 2.10 19.50
19.20 12.00 10.50 19.80 14.10 16.20 9.90 7.50 6.30 4.20
16.20 9.90 11.10 16.20 1.80 22.20 2.70 4.20 21.30 10.50
4.50 10.20 27.30 22.80 2.70 29.70 15.60 9.00 22.20 17.70
14.10 2.10 25.50 3.00 29.10 19.20 14.10 24.60 12.30 27.00
26.40 15.00 24.60 8.40 6.90 15.30 13.50 15.60 2.10 24.30
17.40 2.10 12.00 13.20 27.00 20.10 24.60 27.90 1.50 3.30
15.90 22.20 3.00 6.90 4.80 26.10 9.00 29.70 19.50 2.70
27.90 15.90 19.50 7.80 0.90 14.40 24.00 6.60 12.60 23.10
1.20 0.60 8.40 16.50 9.00 21.60 0.90 13.80 3.00 7.20
24.90 24.90 21.00 1.80 28.80 16.20 17.40 16.20 11.10 22.50
11.70 22.80 6.60 27.90 6.00 19.20 9.00 21.30 28.50 11.40
15.00 11.10 10.80 1.80 23.70 9.60 8.10 8.10 28.20 27.00
10.80 6.60 20.40 22.50 28.80 3.30 21.60 23.70 2.10 7.50
22.50 18.60 5.10 28.80 27.30 18.00 0.30 13.50 5.40 0.90
10.50 22.50 18.30 8.10 3.30 22.80 13.80 22.50 3.90 28.50
25.80 24.00 6.90 6.00 9.30 7.50 27.00 27.60 11.10 7.20
10.80 22.20 2.10 18.30 26.40 13.20 26.10 26.70 22.80 28.20
21.30 19.50 1.20 21.60 1.50 7.20 8.10 4.80 17.70 9.90
12.90 11.40 1.20 20.40 12.00 17.70 20.70 13.20 14.10 17.10
13.80 20.70 14.40 7.80 8.10 3.90 6.00 9.00 12.60 25.80
14.40 25.50 19.80 10.20 6.00 2.70 17.10 5.70 21.00 3.90
4.80 6.30 7.20 0.60 25.50 17.70 11.10 20.70 21.60 4.50
27.30 7.50 7.50 2.10 21.30 23.70 28.20 11.10 11.10 2.10
13.50 13.50 18.00 1.20 7.20 18.00 18.30 4.50 3.90 26.70
9.30 27.00 0.60 10.20 9.30 24.30 1.80 24.60 22.50 3.30
15.90 16.50 23.70 15.30 28.20 28.80 13.80 4.80 7.50 24.00
2.40 27.60 18.60 19.80 10.50 28.50 20.10 17.10 15.00 25.80
4.50 10.80 18.90 10.20 10.80 17.10 0.60 23.40 19.20 7.80
3.00 14.70 21.60 25.50 24.30 12.30 15.60 5.40 11.10 25.80
13.80 14.10 11.40 10.80 11.40 19.20 7.20 13.50 3.90 29.40
11.10 7.80 2.70 2.40 24.30 24.90 8.70 1.50 4.50 22.20
26.10 1.20 26.40 10.50 18.60 9.00 8.10 17.10 10.20 1.50
7.50 12.90 12.00 24.90 6.00 16.20 9.00 12.00 21.00 5.10
28.80 24.90 11.10 8.70 13.80 23.40 19.50 28.80 16.50 19.80
6.30 27.60 14.70 4.50 4.50 15.90 10.80 15.90 5.70 18.30
29.70 7.80 7.80 4.20 24.00 5.70 0.90 15.90 9.00 25.80
20.10 28.20 21.90 17.10 23.40 2.40 9.90 27.90 27.00 3.90
6.90 9.30 17.10 17.70 29.10 5.10 26.70 22.50 0.60 14.70
4.80 17.70 7.80 21.30 6.90 10.50 10.80 15.00 18.60 9.90
1.50 25.20 11.10 16.50 18.60 15.30 12.60 10.20 4.20 24.90
15.00 4.50 28.80 19.50 14.40 26.70 7.50 19.80 10.20 12.00
12.00 0.60 29.40 20.40 11.40 11.10 26.10 6.00 14.40 11.70
1.50 7.50 9.90 3.00 10.50 8.70 19.20 3.90 26.70 27.00
20.10 14.40 24.00 9.90 2.40 2.70 14.10 22.50 27.00 0.90
