# nJobs | nMachines
50 20
# Job Weights
98
81
95
54
69
100
13
60
29
48
76
23
12
82
86
16
14
69
89
18
90
12
78
39
91
95
63
27
29
11
11
87
67
51
7
17
30
95
31
21
43
13
94
3
8
51
2
65
72
47
# P_bar : m1 | m2 | m3 | m4 | m5 | m6 | m7 | m8 | m9 | m10 | m11 | m12 | m13 | m14 | m15 | m16 | m17 | m18 | m19 | m20
52 63 82 16 63 94 79 22 80 96 53 54 71 27 95 3 92 80 61 74
95 99 21 26 55 34 21 6 13 3 19 67 90 93 53 80 62 38 86 38
42 69 79 46 59 89 93 24 64 50 99 25 59 49 54 78 11 55 16 4
75 70 95 66 35 62 32 55 77 57 62 77 82 63 22 32 83 34 42 31
44 53 46 76 21 47 8 48 17 66 88 38 22 65 84 53 87 85 14 62
57 21 23 31 59 66 45 57 78 84 93 98 88 34 54 43 66 44 92 39
89 10 40 36 78 76 37 78 82 98 34 96 35 10 2 85 98 47 67 97
53 31 95 8 25 15 78 5 4 55 72 20 49 56 80 19 42 66 77 57
84 80 87 37 30 18 26 50 72 70 42 15 78 51 84 48 23 19 46 9
62 18 37 21 38 54 98 83 93 32 65 36 69 97 66 49 45 66 41 54
91 5 24 3 78 24 17 70 68 31 39 65 76 52 25 66 52 61 78 13
14 18 24 76 79 55 25 21 25 64 79 97 2 46 16 22 6 60 3 47
95 17 65 67 58 96 21 71 67 11 9 27 14 16 79 37 3 98 72 6
89 71 62 5 44 10 28 58 80 9 26 25 3 50 90 51 64 82 95 70
4 90 19 47 38 12 68 36 43 32 72 61 22 96 51 82 55 79 53 19
95 93 67 72 76 96 24 50 93 58 29 24 26 85 29 59 97 71 59 97
2 14 66 66 70 53 62 31 21 98 36 97 44 61 29 88 83 28 34 41
97 49 6 56 72 92 89 86 33 95 48 61 1 76 90 77 42 74 66 1
68 52 65 95 85 77 60 29 14 25 57 75 4 30 83 19 81 27 42 57
20 7 59 49 8 6 64 30 30 4 95 92 16 90 83 32 92 33 63 60
33 78 2 47 10 91 38 93 59 45 93 73 55 42 19 52 68 13 27 62
51 57 67 26 84 14 90 49 83 60 79 21 43 88 95 9 46 9 92 14
98 41 82 81 42 41 87 83 85 87 88 29 87 37 87 96 56 12 8 90
8 75 90 56 67 30 1 89 85 31 77 3 35 43 12 23 88 51 65 76
85 98 30 76 20 85 99 44 70 1 94 96 76 88 34 64 50 16 34 12
86 93 63 66 24 17 34 38 35 96 39 51 98 91 23 22 13 49 6 89
73 33 5 36 75 23 9 62 2 22 74 26 78 14 44 37 23 83 42 37
4 75 93 53 23 60 22 45 76 95 46 44 81 63 30 3 13 48 39 35
40 68 53 26 33 76 74 22 46 73 17 56 48 65 82 52 49 13 2 91
98 33 85 52 60 39 14 85 72 77 30 31 25 74 83 44 18 78 7 69
12 60 81 29 20 85 14 39 69 30 62 64 81 71 42 11 50 96 85 55
59 82 73 36 75 10 84 98 46 88 77 38 27 8 56 21 94 77 32 48
44 24 34 68 83 65 75 56 3 14 43 44 84 39 89 85 71 68 14 56
46 99 74 21 26 15 37 68 57 22 98 46 59 95 38 6 64 88 74 84
2 4 13 71 92 55 32 84 71 93 48 66 98 82 96 40 31 77 59 22
41 97 78 61 29 41 29 77 77 48 14 31 14 17 10 68 21 76 95 51
28 24 35 71 39 28 32 67 33 10 45 48 32 38 3 30 2 73 48 43
83 50 20 69 14 93 89 53 49 7 25 27 95 69 53 35 63 92 37 50
28 55 16 28 74 88 12 46 59 14 98 82 30 17 97 58 58 72 59 62
21 91 48 86 66 27 47 24 82 91 30 51 13 24 11 31 36 87 4 61
80 46 12 27 86 77 19 52 59 5 90 90 68 66 65 11 64 66 42 10
71 58 11 41 10 81 97 96 70 43 92 63 19 75 47 11 52 98 93 87
4 17 80 86 27 19 7 2 76 30 35 85 57 52 76 6 8 40 32 99
60 47 9 55 8 76 12 88 10 79 13 36 65 59 22 59 94 31 30 40
34 82 24 17 7 55 43 33 65 39 75 69 13 4 17 64 51 75 16 91
55 6 76 62 97 67 89 27 19 34 55 67 63 73 14 65 36 45 95 64
53 15 32 96 84 65 14 49 77 77 80 81 26 56 11 23 82 98 58 62
96 91 35 59 56 8 33 78 86 81 67 18 96 19 69 80 30 90 12 53
37 74 66 53 61 18 56 82 21 11 3 81 53 39 91 75 17 4 95 33
37 42 48 93 9 56 57 65 75 10 93 72 94 51 53 63 21 23 21 16
# P_hat : m1 | m2 | m3 | m4 | m5 | m6 | m7 | m8 | m9 | m10 | m11 | m12 | m13 | m14 | m15 | m16 | m17 | m18 | m19 | m20
10.40 12.60 16.40 3.20 12.60 18.80 15.80 4.40 16.00 19.20 10.60 10.80 14.20 5.40 19.00 0.60 18.40 16.00 12.20 14.80
19.00 19.80 4.20 5.20 11.00 6.80 4.20 1.20 2.60 0.60 3.80 13.40 18.00 18.60 10.60 16.00 12.40 7.60 17.20 7.60
8.40 13.80 15.80 9.20 11.80 17.80 18.60 4.80 12.80 10.00 19.80 5.00 11.80 9.80 10.80 15.60 2.20 11.00 3.20 0.80
15.00 14.00 19.00 13.20 7.00 12.40 6.40 11.00 15.40 11.40 12.40 15.40 16.40 12.60 4.40 6.40 16.60 6.80 8.40 6.20
8.80 10.60 9.20 15.20 4.20 9.40 1.60 9.60 3.40 13.20 17.60 7.60 4.40 13.00 16.80 10.60 17.40 17.00 2.80 12.40
11.40 4.20 4.60 6.20 11.80 13.20 9.00 11.40 15.60 16.80 18.60 19.60 17.60 6.80 10.80 8.60 13.20 8.80 18.40 7.80
17.80 2.00 8.00 7.20 15.60 15.20 7.40 15.60 16.40 19.60 6.80 19.20 7.00 2.00 0.40 17.00 19.60 9.40 13.40 19.40
10.60 6.20 19.00 1.60 5.00 3.00 15.60 1.00 0.80 11.00 14.40 4.00 9.80 11.20 16.00 3.80 8.40 13.20 15.40 11.40
16.80 16.00 17.40 7.40 6.00 3.60 5.20 10.00 14.40 14.00 8.40 3.00 15.60 10.20 16.80 9.60 4.60 3.80 9.20 1.80
12.40 3.60 7.40 4.20 7.60 10.80 19.60 16.60 18.60 6.40 13.00 7.20 13.80 19.40 13.20 9.80 9.00 13.20 8.20 10.80
18.20 1.00 4.80 0.60 15.60 4.80 3.40 14.00 13.60 6.20 7.80 13.00 15.20 10.40 5.00 13.20 10.40 12.20 15.60 2.60
2.80 3.60 4.80 15.20 15.80 11.00 5.00 4.20 5.00 12.80 15.80 19.40 0.40 9.20 3.20 4.40 1.20 12.00 0.60 9.40
19.00 3.40 13.00 13.40 11.60 19.20 4.20 14.20 13.40 2.20 1.80 5.40 2.80 3.20 15.80 7.40 0.60 19.60 14.40 1.20
17.80 14.20 12.40 1.00 8.80 2.00 5.60 11.60 16.00 1.80 5.20 5.00 0.60 10.00 18.00 10.20 12.80 16.40 19.00 14.00
0.80 18.00 3.80 9.40 7.60 2.40 13.60 7.20 8.60 6.40 14.40 12.20 4.40 19.20 10.20 16.40 11.00 15.80 10.60 3.80
19.00 18.60 13.40 14.40 15.20 19.20 4.80 10.00 18.60 11.60 5.80 4.80 5.20 17.00 5.80 11.80 19.40 14.20 11.80 19.40
0.40 2.80 13.20 13.20 14.00 10.60 12.40 6.20 4.20 19.60 7.20 19.40 8.80 12.20 5.80 17.60 16.60 5.60 6.80 8.20
19.40 9.80 1.20 11.20 14.40 18.40 17.80 17.20 6.60 19.00 9.60 12.20 0.20 15.20 18.00 15.40 8.40 14.80 13.20 0.20
13.60 10.40 13.00 19.00 17.00 15.40 12.00 5.80 2.80 5.00 11.40 15.00 0.80 6.00 16.60 3.80 16.20 5.40 8.40 11.40
4.00 1.40 11.80 9.80 1.60 1.20 12.80 6.00 6.00 0.80 19.00 18.40 3.20 18.00 16.60 6.40 18.40 6.60 12.60 12.00
6.60 15.60 0.40 9.40 2.00 18.20 7.60 18.60 11.80 9.00 18.60 14.60 11.00 8.40 3.80 10.40 13.60 2.60 5.40 12.40
10.20 11.40 13.40 5.20 16.80 2.80 18.00 9.80 16.60 12.00 15.80 4.20 8.60 17.60 19.00 1.80 9.20 1.80 18.40 2.80
19.60 8.20 16.40 16.20 8.40 8.20 17.40 16.60 17.00 17.40 17.60 5.80 17.40 7.40 17.40 19.20 11.20 2.40 1.60 18.00
1.60 15.00 18.00 11.20 13.40 6.00 0.20 17.80 17.00 6.20 15.40 0.60 7.00 8.60 2.40 4.60 17.60 10.20 13.00 15.20
17.00 19.60 6.00 15.20 4.00 17.00 19.80 8.80 14.00 0.20 18.80 19.20 15.20 17.60 6.80 12.80 10.00 3.20 6.80 2.40
17.20 18.60 12.60 13.20 4.80 3.40 6.80 7.60 7.00 19.20 7.80 10.20 19.60 18.20 4.60 4.40 2.60 9.80 1.20 17.80
14.60 6.60 1.00 7.20 15.00 4.60 1.80 12.40 0.40 4.40 14.80 5.20 15.60 2.80 8.80 7.40 4.60 16.60 8.40 7.40
0.80 15.00 18.60 10.60 4.60 12.00 4.40 9.00 15.20 19.00 9.20 8.80 16.20 12.60 6.00 0.60 2.60 9.60 7.80 7.00
8.00 13.60 10.60 5.20 6.60 15.20 14.80 4.40 9.20 14.60 3.40 11.20 9.60 13.00 16.40 10.40 9.80 2.60 0.40 18.20
19.60 6.60 17.00 10.40 12.00 7.80 2.80 17.00 14.40 15.40 6.00 6.20 5.00 14.80 16.60 8.80 3.60 15.60 1.40 13.80
2.40 12.00 16.20 5.80 4.00 17.00 2.80 7.80 13.80 6.00 12.40 12.80 16.20 14.20 8.40 2.20 10.00 19.20 17.00 11.00
11.80 16.40 14.60 7.20 15.00 2.00 16.80 19.60 9.20 17.60 15.40 7.60 5.40 1.60 11.20 4.20 18.80 15.40 6.40 9.60
8.80 4.80 6.80 13.60 16.60 13.00 15.00 11.20 0.60 2.80 8.60 8.80 16.80 7.80 17.80 17.00 14.20 13.60 2.80 11.20
9.20 19.80 14.80 4.20 5.20 3.00 7.40 13.60 11.40 4.40 19.60 9.20 11.80 19.00 7.60 1.20 12.80 17.60 14.80 16.80
0.40 0.80 2.60 14.20 18.40 11.00 6.40 16.80 14.20 18.60 9.60 13.20 19.60 16.40 19.20 8.00 6.20 15.40 11.80 4.40
8.20 19.40 15.60 12.20 5.80 8.20 5.80 15.40 15.40 9.60 2.80 6.20 2.80 3.40 2.00 13.60 4.20 15.20 19.00 10.20
5.60 4.80 7.00 14.20 7.80 5.60 6.40 13.40 6.60 2.00 9.00 9.60 6.40 7.60 0.60 6.00 0.40 14.60 9.60 8.60
16.60 10.00 4.00 13.80 2.80 18.60 17.80 10.60 9.80 1.40 5.00 5.40 19.00 13.80 10.60 7.00 12.60 18.40 7.40 10.00
5.60 11.00 3.20 5.60 14.80 17.60 2.40 9.20 11.80 2.80 19.60 16.40 6.00 3.40 19.40 11.60 11.60 14.40 11.80 12.40
4.20 18.20 9.60 17.20 13.20 5.40 9.40 4.80 16.40 18.20 6.00 10.20 2.60 4.80 2.20 6.20 7.20 17.40 0.80 12.20
16.00 9.20 2.40 5.40 17.20 15.40 3.80 10.40 11.80 1.00 18.00 18.00 13.60 13.20 13.00 2.20 12.80 13.20 8.40 2.00
14.20 11.60 2.20 8.20 2.00 16.20 19.40 19.20 14.00 8.60 18.40 12.60 3.80 15.00 9.40 2.20 10.40 19.60 18.60 17.40
0.80 3.40 16.00 17.20 5.40 3.80 1.40 0.40 15.20 6.00 7.00 17.00 11.40 10.40 15.20 1.20 1.60 8.00 6.40 19.80
12.00 9.40 1.80 11.00 1.60 15.20 2.40 17.60 2.00 15.80 2.60 7.20 13.00 11.80 4.40 11.80 18.80 6.20 6.00 8.00
6.80 16.40 4.80 3.40 1.40 11.00 8.60 6.60 13.00 7.80 15.00 13.80 2.60 0.80 3.40 12.80 10.20 15.00 3.20 18.20
11.00 1.20 15.20 12.40 19.40 13.40 17.80 5.40 3.80 6.80 11.00 13.40 12.60 14.60 2.80 13.00 7.20 9.00 19.00 12.80
10.60 3.00 6.40 19.20 16.80 13.00 2.80 9.80 15.40 15.40 16.00 16.20 5.20 11.20 2.20 4.60 16.40 19.60 11.60 12.40
19.20 18.20 7.00 11.80 11.20 1.60 6.60 15.60 17.20 16.20 13.40 3.60 19.20 3.80 13.80 16.00 6.00 18.00 2.40 10.60
7.40 14.80 13.20 10.60 12.20 3.60 11.20 16.40 4.20 2.20 0.60 16.20 10.60 7.80 18.20 15.00 3.40 0.80 19.00 6.60
7.40 8.40 9.60 18.60 1.80 11.20 11.40 13.00 15.00 2.00 18.60 14.40 18.80 10.20 10.60 12.60 4.20 4.60 4.20 3.20
