# nJobs | nMachines
100 20
# Job Weights
54
25
6
59
28
49
97
22
60
91
31
65
54
42
49
23
35
40
95
6
99
93
89
38
81
26
44
42
61
81
46
98
10
50
89
85
20
84
57
10
65
53
97
46
49
80
97
81
24
94
15
55
48
69
57
94
88
60
90
73
2
4
58
91
97
88
45
38
63
99
78
62
25
93
83
96
21
91
40
42
47
81
23
83
76
8
52
87
20
24
69
19
41
77
8
50
43
90
66
6
# P_bar : m1 | m2 | m3 | m4 | m5 | m6 | m7 | m8 | m9 | m10 | m11 | m12 | m13 | m14 | m15 | m16 | m17 | m18 | m19 | m20
20 70 3 28 91 39 94 10 99 75 47 94 56 59 74 78 17 74 12 98
24 33 21 70 97 85 7 64 53 65 12 93 31 94 26 58 60 71 5 97
40 54 75 36 41 18 77 76 70 18 19 53 66 87 84 53 51 89 15 69
36 8 41 45 72 90 96 5 92 24 32 63 73 22 41 17 61 81 16 24
31 19 50 3 75 31 40 8 77 52 63 41 96 59 3 36 26 59 64 10
46 76 39 31 40 14 14 70 27 62 78 81 31 30 46 3 60 62 6 7
59 29 32 87 67 93 21 85 84 80 77 74 41 2 39 83 80 64 65 79
28 91 87 92 11 48 41 75 48 58 51 37 79 55 90 91 45 62 53 84
99 62 9 4 53 45 95 8 17 85 59 52 66 36 62 73 20 67 19 50
7 57 72 68 21 31 38 24 37 90 54 24 49 73 63 81 62 68 93 86
74 31 56 93 84 76 33 84 27 61 48 45 39 98 74 74 55 87 21 24
84 61 38 87 85 38 53 14 38 72 96 19 28 15 4 2 25 47 38 28
13 69 79 67 18 60 24 93 28 9 52 72 24 54 37 31 68 60 54 73
40 40 36 22 57 87 8 23 5 12 42 62 85 55 75 37 56 10 46 72
68 16 89 9 26 8 52 11 69 95 57 78 64 3 72 78 5 76 33 19
85 47 1 50 80 58 99 73 35 15 30 83 37 54 30 74 14 46 38 20
35 84 62 81 16 79 79 7 87 30 34 98 85 89 43 51 20 56 32 8
39 88 73 60 22 61 59 33 76 86 77 83 40 50 95 41 19 48 12 20
11 20 45 21 92 18 91 73 30 73 80 58 35 68 41 78 92 61 90 45
79 6 54 2 36 94 98 8 96 97 7 61 77 9 97 26 88 13 46 59
58 94 81 93 93 99 49 75 59 57 11 47 30 81 70 33 23 13 8 51
89 40 70 99 34 93 4 73 26 20 2 16 26 42 92 70 78 38 78 54
71 52 7 97 13 28 27 74 81 78 91 28 41 11 36 10 35 37 95 58
81 79 56 28 78 7 2 65 58 64 99 48 6 12 70 45 94 11 28 16
84 65 61 9 35 74 29 45 55 55 5 63 19 55 37 70 31 12 47 38
36 81 6 14 85 62 70 46 11 46 43 74 83 75 36 2 67 63 10 94
79 2 67 44 86 57 6 34 99 8 39 45 52 10 42 92 10 97 16 72
77 85 87 87 47 7 64 51 23 53 64 36 54 91 34 50 15 26 45 69
36 32 9 71 88 73 57 14 51 17 8 29 71 87 29 54 32 27 18 14
1 82 58 84 50 92 50 24 59 26 26 38 86 5 80 64 94 89 4 83
18 63 71 3 41 15 84 61 49 55 71 66 45 44 91 44 15 74 98 86
64 88 4 35 30 88 66 21 27 66 32 62 78 56 56 4 53 80 35 58
79 25 34 99 90 10 84 68 1 31 73 96 61 18 71 99 42 83 85 61
6 47 94 27 96 81 47 11 60 35 26 22 5 89 14 43 45 49 77 77
54 58 34 53 38 18 78 28 71 1 91 95 87 51 31 43 39 79 4 63
67 42 2 10 56 50 76 70 12 53 92 81 43 94 75 11 84 49 33 67
97 96 69 12 55 33 32 80 15 41 55 92 44 11 80 60 64 44 87 1
73 66 33 75 3 90 97 1 9 74 51 20 42 56 73 53 27 30 47 59
84 31 85 22 99 71 14 80 60 69 11 51 30 37 32 45 10 30 5 18
48 39 63 32 23 82 57 69 91 4 22 71 12 85 56 63 22 53 81 26
80 7 48 85 44 98 55 52 66 67 75 30 7 55 84 87 14 46 25 45
13 64 60 43 89 20 68 19 35 97 49 23 18 33 20 20 8 26 31 82
33 92 16 31 9 42 10 65 42 13 95 77 80 9 64 71 70 31 83 78
57 47 57 31 65 70 36 63 27 60 88 20 53 20 44 95 91 1 45 43
10 64 49 57 53 51 90 70 52 1 6 1 6 26 69 71 23 43 23 61
11 16 83 91 43 50 3 57 33 35 19 96 81 80 63 99 35 27 30 2
21 72 90 22 33 5 66 28 74 7 99 32 29 98 94 79 6 91 89 70
72 99 62 10 1 64 16 2 73 77 73 13 22 88 86 19 52 70 40 52
5 6 25 62 7 80 57 25 10 54 27 8 49 55 66 41 93 89 92 99
16 15 12 40 5 50 54 12 63 62 50 36 1 78 97 74 26 68 48 60
72 26 72 26 92 57 80 58 26 82 25 18 79 53 25 8 89 2 63 97
75 33 86 11 69 84 9 45 5 69 33 64 56 46 90 55 49 82 63 1
15 76 63 93 98 6 26 3 56 59 94 58 15 3 12 87 89 72 76 76
5 72 53 59 71 95 56 24 30 20 35 1 36 56 62 87 60 29 90 8
25 56 49 75 59 21 76 36 53 56 63 72 48 46 83 37 6 12 1 15
67 86 30 83 96 8 80 50 59 77 44 10 31 34 32 52 60 37 24 69
37 84 29 60 77 9 77 55 88 23 80 20 57 27 12 36 24 46 1 5
73 38 53 69 82 10 29 36 24 80 7 6 49 21 38 6 70 50 77 31
13 55 92 65 14 31 21 2 23 12 72 40 20 81 22 42 42 93 91 39
31 78 58 34 82 78 72 43 45 3 95 91 67 14 92 30 86 77 78 34
19 84 84 25 11 58 33 35 55 97 40 56 20 52 63 3 64 6 93 9
14 30 27 53 96 26 52 23 99 76 48 39 34 50 61 86 47 77 32 81
41 88 82 40 78 79 2 9 32 45 41 68 78 80 46 3 19 7 97 34
89 71 13 97 14 35 40 26 54 38 15 50 27 48 6 89 17 63 85 16
2 43 96 3 42 16 6 95 41 89 18 93 40 22 83 57 30 21 91 14
48 24 58 3 2 53 59 8 59 36 31 71 46 10 49 27 79 85 40 13
97 31 81 88 82 72 22 67 31 60 68 79 23 56 78 28 53 67 67 36
22 28 48 35 32 30 50 90 55 59 99 57 28 18 84 88 71 77 84 73
8 81 1 53 10 33 35 33 49 18 79 5 84 67 97 48 77 95 31 6
41 46 40 38 8 38 77 97 37 74 78 95 33 63 56 26 95 52 5 43
25 21 74 57 70 23 99 94 72 24 95 41 87 47 76 58 73 97 89 29
26 37 68 37 45 49 22 30 91 95 37 12 76 43 9 6 97 79 59 68
50 72 70 53 93 54 36 45 81 17 37 84 18 71 38 33 32 21 69 59
99 65 71 31 74 56 78 45 74 74 50 81 3 4 21 3 25 20 68 76
24 35 28 3 45 60 10 28 87 79 79 88 77 29 80 25 85 7 46 86
22 29 23 85 9 91 2 39 17 61 30 32 50 99 47 61 79 54 4 43
88 31 47 26 98 3 78 91 69 91 2 94 96 6 24 93 17 71 90 12
51 16 71 67 49 67 90 85 66 59 30 37 75 19 95 69 31 79 76 18
78 28 23 8 4 2 58 93 58 42 78 31 91 56 80 53 78 22 97 55
28 82 34 60 75 49 63 60 27 6 99 25 12 96 65 47 31 77 33 21
50 17 53 72 53 85 65 53 32 5 42 92 34 44 72 28 21 59 23 9
47 17 34 42 28 30 45 59 27 87 99 74 51 94 91 36 5 11 46 47
62 34 79 49 51 25 89 49 33 87 16 49 54 83 21 39 34 69 36 17
41 94 62 62 93 12 51 40 28 10 58 10 37 30 70 63 96 85 70 49
53 86 53 84 92 22 11 48 69 55 35 76 82 65 12 66 95 7 98 28
96 41 64 82 59 30 64 45 44 58 84 11 69 61 67 44 63 85 45 12
36 66 44 58 68 12 38 77 29 13 84 44 49 21 65 18 4 42 49 84
48 70 62 94 96 53 83 22 48 53 35 32 19 76 90 67 60 44 50 12
35 81 10 54 38 51 26 83 87 5 20 89 69 8 47 17 35 74 52 62
54 1 85 32 89 50 2 73 24 49 4 56 48 99 82 84 6 69 67 15
10 60 12 83 23 31 21 87 36 97 9 69 96 68 62 9 75 68 6 7
80 35 68 78 70 65 21 4 37 5 44 76 13 42 3 33 41 64 58 26
96 9 27 88 39 37 64 72 91 88 35 65 4 38 84 80 61 37 71 58
90 88 27 45 64 81 60 77 62 62 5 47 28 44 30 27 11 4 53 30
11 36 34 99 12 18 31 1 7 71 68 53 74 7 91 42 74 89 36 5
65 95 14 34 60 35 48 35 34 96 43 39 7 3 5 60 52 96 80 7
44 25 35 73 33 37 25 38 31 47 69 41 24 61 11 96 60 92 8 40
27 42 16 92 74 58 21 59 6 15 9 89 98 10 41 81 43 74 27 50
11 33 75 4 17 94 43 6 75 78 78 39 30 84 14 31 50 33 21 30
51 27 59 19 17 75 14 47 4 45 57 20 97 78 28 88 66 90 66 64
# P_hat : m1 | m2 | m3 | m4 | m5 | m6 | m7 | m8 | m9 | m10 | m11 | m12 | m13 | m14 | m15 | m16 | m17 | m18 | m19 | m20
6.00 21.00 0.90 8.40 27.30 11.70 28.20 3.00 29.70 22.50 14.10 28.20 16.80 17.70 22.20 23.40 5.10 22.20 3.60 29.40
7.20 9.90 6.30 21.00 29.10 25.50 2.10 19.20 15.90 19.50 3.60 27.90 9.30 28.20 7.80 17.40 18.00 21.30 1.50 29.10
12.00 16.20 22.50 10.80 12.30 5.40 23.10 22.80 21.00 5.40 5.70 15.90 19.80 26.10 25.20 15.90 15.30 26.70 4.50 20.70
10.80 2.40 12.30 13.50 21.60 27.00 28.80 1.50 27.60 7.20 9.60 18.90 21.90 6.60 12.30 5.10 18.30 24.30 4.80 7.20
9.30 5.70 15.00 0.90 22.50 9.30 12.00 2.40 23.10 15.60 18.90 12.30 28.80 17.70 0.90 10.80 7.80 17.70 19.20 3.00
13.80 22.80 11.70 9.30 12.00 4.20 4.20 21.00 8.10 18.60 23.40 24.30 9.30 9.00 13.80 0.90 18.00 18.60 1.80 2.10
17.70 8.70 9.60 26.10 20.10 27.90 6.30 25.50 25.20 24.00 23.10 22.20 12.30 0.60 11.70 24.90 24.00 19.20 19.50 23.70
8.40 27.30 26.10 27.60 3.30 14.40 12.30 22.50 14.40 17.40 15.30 11.10 23.70 16.50 27.00 27.30 13.50 18.60 15.90 25.20
29.70 18.60 2.70 1.20 15.90 13.50 28.50 2.40 5.10 25.50 17.70 15.60 19.80 10.80 18.60 21.90 6.00 20.10 5.70 15.00
2.10 17.10 21.60 20.40 6.30 9.30 11.40 7.20 11.10 27.00 16.20 7.20 14.70 21.90 18.90 24.30 18.60 20.40 27.90 25.80
22.20 9.30 16.80 27.90 25.20 22.80 9.90 25.20 8.10 18.30 14.40 13.50 11.70 29.40 22.20 22.20 16.50 26.10 6.30 7.20
25.20 18.30 11.40 26.10 25.50 11.40 15.90 4.20 11.40 21.60 28.80 5.70 8.40 4.50 1.20 0.60 7.50 14.10 11.40 8.40
3.90 20.70 23.70 20.10 5.40 18.00 7.20 27.90 8.40 2.70 15.60 21.60 7.20 16.20 11.10 9.30 20.40 18.00 16.20 21.90
12.00 12.00 10.80 6.60 17.10 26.10 2.40 6.90 1.50 3.60 12.60 18.60 25.50 16.50 22.50 11.10 16.80 3.00 13.80 21.60
20.40 4.80 26.70 2.70 7.80 2.40 15.60 3.30 20.70 28.50 17.10 23.40 19.20 0.90 21.60 23.40 1.50 22.80 9.90 5.70
25.50 14.10 0.30 15.00 24.00 17.40 29.70 21.90 10.50 4.50 9.00 24.90 11.10 16.20 9.00 22.20 4.20 13.80 11.40 6.00
10.50 25.20 18.60 24.30 4.80 23.70 23.70 2.10 26.10 9.00 10.20 29.40 25.50 26.70 12.90 15.30 6.00 16.80 9.60 2.40
11.70 26.40 21.90 18.00 6.60 18.30 17.70 9.90 22.80 25.80 23.10 24.90 12.00 15.00 28.50 12.30 5.70 14.40 3.60 6.00
3.30 6.00 13.50 6.30 27.60 5.40 27.30 21.90 9.00 21.90 24.00 17.40 10.50 20.40 12.30 23.40 27.60 18.30 27.00 13.50
23.70 1.80 16.20 0.60 10.80 28.20 29.40 2.40 28.80 29.10 2.10 18.30 23.10 2.70 29.10 7.80 26.40 3.90 13.80 17.70
17.40 28.20 24.30 27.90 27.90 29.70 14.70 22.50 17.70 17.10 3.30 14.10 9.00 24.30 21.00 9.90 6.90 3.90 2.40 15.30
26.70 12.00 21.00 29.70 10.20 27.90 1.20 21.90 7.80 6.00 0.60 4.80 7.80 12.60 27.60 21.00 23.40 11.40 23.40 16.20
21.30 15.60 2.10 29.10 3.90 8.40 8.10 22.20 24.30 23.40 27.30 8.40 12.30 3.30 10.80 3.00 10.50 11.10 28.50 17.40
24.30 23.70 16.80 8.40 23.40 2.10 0.60 19.50 17.40 19.20 29.70 14.40 1.80 3.60 21.00 13.50 28.20 3.30 8.40 4.80
25.20 19.50 18.30 2.70 10.50 22.20 8.70 13.50 16.50 16.50 1.50 18.90 5.70 16.50 11.10 21.00 9.30 3.60 14.10 11.40
10.80 24.30 1.80 4.20 25.50 18.60 21.00 13.80 3.30 13.80 12.90 22.20 24.90 22.50 10.80 0.60 20.10 18.90 3.00 28.20
23.70 0.60 20.10 13.20 25.80 17.10 1.80 10.20 29.70 2.40 11.70 13.50 15.60 3.00 12.60 27.60 3.00 29.10 4.80 21.60
23.10 25.50 26.10 26.10 14.10 2.10 19.20 15.30 6.90 15.90 19.20 10.80 16.20 27.30 10.20 15.00 4.50 7.80 13.50 20.70
10.80 9.60 2.70 21.30 26.40 21.90 17.10 4.20 15.30 5.10 2.40 8.70 21.30 26.10 8.70 16.20 9.60 8.10 5.40 4.20
0.30 24.60 17.40 25.20 15.00 27.60 15.00 7.20 17.70 7.80 7.80 11.40 25.80 1.50 24.00 19.20 28.20 26.70 1.20 24.90
5.40 18.90 21.30 0.90 12.30 4.50 25.20 18.30 14.70 16.50 21.30 19.80 13.50 13.20 27.30 13.20 4.50 22.20 29.40 25.80
19.20 26.40 1.20 10.50 9.00 26.40 19.80 6.30 8.10 19.80 9.60 18.60 23.40 16.80 16.80 1.20 15.90 24.00 10.50 17.40
23.70 7.50 10.20 29.70 27.00 3.00 25.20 20.40 0.30 9.30 21.90 28.80 18.30 5.40 21.30 29.70 12.60 24.90 25.50 18.30
1.80 14.10 28.20 8.10 28.80 24.30 14.10 3.30 18.00 10.50 7.80 6.60 1.50 26.70 4.20 12.90 13.50 14.70 23.10 23.10
16.20 17.40 10.20 15.90 11.40 5.40 23.40 8.40 21.30 0.30 27.30 28.50 26.10 15.30 9.30 12.90 11.70 23.70 1.20 18.90
20.10 12.60 0.60 3.00 16.80 15.00 22.80 21.00 3.60 15.90 27.60 24.30 12.90 28.20 22.50 3.30 25.20 14.70 9.90 20.10
29.10 28.80 20.70 3.60 16.50 9.90 9.60 24.00 4.50 12.30 16.50 27.60 13.20 3.30 24.00 18.00 19.20 13.20 26.10 0.30
21.90 19.80 9.90 22.50 0.90 27.00 29.10 0.30 2.70 22.20 15.30 6.00 12.60 16.80 21.90 15.90 8.10 9.00 14.10 17.70
25.20 9.30 25.50 6.60 29.70 21.30 4.20 24.00 18.00 20.70 3.30 15.30 9.00 11.10 9.60 13.50 3.00 9.00 1.50 5.40
14.40 11.70 18.90 9.60 6.90 24.60 17.10 20.70 27.30 1.20 6.60 21.30 3.60 25.50 16.80 18.90 6.60 15.90 24.30 7.80
24.00 2.10 14.40 25.50 13.20 29.40 16.50 15.60 19.80 20.10 22.50 9.00 2.10 16.50 25.20 26.10 4.20 13.80 7.50 13.50
3.90 19.20 18.00 12.90 26.70 6.00 20.40 5.70 10.50 29.10 14.70 6.90 5.40 9.90 6.00 6.00 2.40 7.80 9.30 24.60
9.90 27.60 4.80 9.30 2.70 12.60 3.00 19.50 12.60 3.90 28.50 23.10 24.00 2.70 19.20 21.30 21.00 9.30 24.90 23.40
17.10 14.10 17.10 9.30 19.50 21.00 10.80 18.90 8.10 18.00 26.40 6.00 15.90 6.00 13.20 28.50 27.30 0.30 13.50 12.90
3.00 19.20 14.70 17.10 15.90 15.30 27.00 21.00 15.60 0.30 1.80 0.30 1.80 7.80 20.70 21.30 6.90 12.90 6.90 18.30
3.30 4.80 24.90 27.30 12.90 15.00 0.90 17.10 9.90 10.50 5.70 28.80 24.30 24.00 18.90 29.70 10.50 8.10 9.00 0.60
6.30 21.60 27.00 6.60 9.90 1.50 19.80 8.40 22.20 2.10 29.70 9.60 8.70 29.40 28.20 23.70 1.80 27.30 26.70 21.00
21.60 29.70 18.60 3.00 0.30 19.20 4.80 0.60 21.90 23.10 21.90 3.90 6.60 26.40 25.80 5.70 15.60 21.00 12.00 15.60
1.50 1.80 7.50 18.60 2.10 24.00 17.10 7.50 3.00 16.20 8.10 2.40 14.70 16.50 19.80 12.30 27.90 26.70 27.60 29.70
4.80 4.50 3.60 12.00 1.50 15.00 16.20 3.60 18.90 18.60 15.00 10.80 0.30 23.40 29.10 22.20 7.80 20.40 14.40 18.00
21.60 7.80 21.60 7.80 27.60 17.10 24.00 17.40 7.80 24.60 7.50 5.40 23.70 15.90 7.50 2.40 26.70 0.60 18.90 29.10
22.50 9.90 25.80 3.30 20.70 25.20 2.70 13.50 1.50 20.70 9.90 19.20 16.80 13.80 27.00 16.50 14.70 24.60 18.90 0.30
4.50 22.80 18.90 27.90 29.40 1.80 7.80 0.90 16.80 17.70 28.20 17.40 4.50 0.90 3.60 26.10 26.70 21.60 22.80 22.80
1.50 21.60 15.90 17.70 21.30 28.50 16.80 7.20 9.00 6.00 10.50 0.30 10.80 16.80 18.60 26.10 18.00 8.70 27.00 2.40
7.50 16.80 14.70 22.50 17.70 6.30 22.80 10.80 15.90 16.80 18.90 21.60 14.40 13.80 24.90 11.10 1.80 3.60 0.30 4.50
20.10 25.80 9.00 24.90 28.80 2.40 24.00 15.00 17.70 23.10 13.20 3.00 9.30 10.20 9.60 15.60 18.00 11.10 7.20 20.70
11.10 25.20 8.70 18.00 23.10 2.70 23.10 16.50 26.40 6.90 24.00 6.00 17.10 8.10 3.60 10.80 7.20 13.80 0.30 1.50
21.90 11.40 15.90 20.70 24.60 3.00 8.70 10.80 7.20 24.00 2.10 1.80 14.70 6.30 11.40 1.80 21.00 15.00 23.10 9.30
3.90 16.50 27.60 19.50 4.20 9.30 6.30 0.60 6.90 3.60 21.60 12.00 6.00 24.30 6.60 12.60 12.60 27.90 27.30 11.70
9.30 23.40 17.40 10.20 24.60 23.40 21.60 12.90 13.50 0.90 28.50 27.30 20.10 4.20 27.60 9.00 25.80 23.10 23.40 10.20
5.70 25.20 25.20 7.50 3.30 17.40 9.90 10.50 16.50 29.10 12.00 16.80 6.00 15.60 18.90 0.90 19.20 1.80 27.90 2.70
4.20 9.00 8.10 15.90 28.80 7.80 15.60 6.90 29.70 22.80 14.40 11.70 10.20 15.00 18.30 25.80 14.10 23.10 9.60 24.30
12.30 26.40 24.60 12.00 23.40 23.70 0.60 2.70 9.60 13.50 12.30 20.40 23.40 24.00 13.80 0.90 5.70 2.10 29.10 10.20
26.70 21.30 3.90 29.10 4.20 10.50 12.00 7.80 16.20 11.40 4.50 15.00 8.10 14.40 1.80 26.70 5.10 18.90 25.50 4.80
0.60 12.90 28.80 0.90 12.60 4.80 1.80 28.50 12.30 26.70 5.40 27.90 12.00 6.60 24.90 17.10 9.00 6.30 27.30 4.20
14.40 7.20 17.40 0.90 0.60 15.90 17.70 2.40 17.70 10.80 9.30 21.30 13.80 3.00 14.70 8.10 23.70 25.50 12.00 3.90
29.10 9.30 24.30 26.40 24.60 21.60 6.60 20.10 9.30 18.00 20.40 23.70 6.90 16.80 23.40 8.40 15.90 20.10 20.10 10.80
6.60 8.40 14.40 10.50 9.60 9.00 15.00 27.00 16.50 17.70 29.70 17.10 8.40 5.40 25.20 26.40 21.30 23.10 25.20 21.90
2.40 24.30 0.30 15.90 3.00 9.90 10.50 9.90 14.70 5.40 23.70 1.50 25.20 20.10 29.10 14.40 23.10 28.50 9.30 1.80
12.30 13.80 12.00 11.40 2.40 11.40 23.10 29.10 11.10 22.20 23.40 28.50 9.90 18.90 16.80 7.80 28.50 15.60 1.50 12.90
7.50 6.30 22.20 17.10 21.00 6.90 29.70 28.20 21.60 7.20 28.50 12.30 26.10 14.10 22.80 17.40 21.90 29.10 26.70 8.70
7.80 11.10 20.40 11.10 13.50 14.70 6.60 9.00 27.30 28.50 11.10 3.60 22.80 12.90 2.70 1.80 29.10 23.70 17.70 20.40
15.00 21.60 21.00 15.90 27.90 16.20 10.80 13.50 24.30 5.10 11.10 25.20 5.40 21.30 11.40 9.90 9.60 6.30 20.70 17.70
29.70 19.50 21.30 9.30 22.20 16.80 23.40 13.50 22.20 22.20 15.00 24.30 0.90 1.20 6.30 0.90 7.50 6.00 20.40 22.80
7.20 10.50 8.40 0.90 13.50 18.00 3.00 8.40 26.10 23.70 23.70 26.40 23.10 8.70 24.00 7.50 25.50 2.10 13.80 25.80
6.60 8.70 6.90 25.50 2.70 27.30 0.60 11.70 5.10 18.30 9.00 9.60 15.00 29.70 14.10 18.30 23.70 16.20 1.20 12.90
26.40 9.30 14.10 7.80 29.40 0.90 23.40 27.30 20.70 27.30 0.60 28.20 28.80 1.80 7.20 27.90 5.10 21.30 27.00 3.60
15.30 4.80 21.30 20.10 14.70 20.10 27.00 25.50 19.80 17.70 9.00 11.10 22.50 5.70 28.50 20.70 9.30 23.70 22.80 5.40
23.40 8.40 6.90 2.40 1.20 0.60 17.40 27.90 17.40 12.60 23.40 9.30 27.30 16.80 24.00 15.90 23.40 6.60 29.10 16.50
8.40 24.60 10.20 18.00 22.50 14.70 18.90 18.00 8.10 1.80 29.70 7.50 3.60 28.80 19.50 14.10 9.30 23.10 9.90 6.30
15.00 5.10 15.90 21.60 15.90 25.50 19.50 15.90 9.60 1.50 12.60 27.60 10.20 13.20 21.60 8.40 6.30 17.70 6.90 2.70
14.10 5.10 10.20 12.60 8.40 9.00 13.50 17.70 8.10 26.10 29.70 22.20 15.30 28.20 27.30 10.80 1.50 3.30 13.80 14.10
18.60 10.20 23.70 14.70 15.30 7.50 26.70 14.70 9.90 26.10 4.80 14.70 16.20 24.90 6.30 11.70 10.20 20.70 10.80 5.10
12.30 28.20 18.60 18.60 27.90 3.60 15.30 12.00 8.40 3.00 17.40 3.00 11.10 9.00 21.00 18.90 28.80 25.50 21.00 14.70
15.90 25.80 15.90 25.20 27.60 6.60 3.30 14.40 20.70 16.50 10.50 22.80 24.60 19.50 3.60 19.80 28.50 2.10 29.40 8.40
28.80 12.30 19.20 24.60 17.70 9.00 19.20 13.50 13.20 17.40 25.20 3.30 20.70 18.30 20.10 13.20 18.90 25.50 13.50 3.60
10.80 19.80 13.20 17.40 20.40 3.60 11.40 23.10 8.70 3.90 25.20 13.20 14.70 6.30 19.50 5.40 1.20 12.60 14.70 25.20
14.40 21.00 18.60 28.20 28.80 15.90 24.90 6.60 14.40 15.90 10.50 9.60 5.70 22.80 27.00 20.10 18.00 13.20 15.00 3.60
10.50 24.30 3.00 16.20 11.40 15.30 7.80 24.90 26.10 1.50 6.00 26.70 20.70 2.40 14.10 5.10 10.50 22.20 15.60 18.60
16.20 0.30 25.50 9.60 26.70 15.00 0.60 21.90 7.20 14.70 1.20 16.80 14.40 29.70 24.60 25.20 1.80 20.70 20.10 4.50
3.00 18.00 3.60 24.90 6.90 9.30 6.30 26.10 10.80 29.10 2.70 20.70 28.80 20.40 18.60 2.70 22.50 20.40 1.80 2.10
24.00 10.50 20.40 23.40 21.00 19.50 6.30 1.20 11.10 1.50 13.20 22.80 3.90 12.60 0.90 9.90 12.30 19.20 17.40 7.80
28.80 2.70 8.10 26.40 11.70 11.10 19.20 21.60 27.30 26.40 10.50 19.50 1.20 11.40 25.20 24.00 18.30 11.10 21.30 17.40
27.00 26.40 8.10 13.50 19.20 24.30 18.00 23.10 18.60 18.60 1.50 14.10 8.40 13.20 9.00 8.10 3.30 1.20 15.90 9.00
3.30 10.80 10.20 29.70 3.60 5.40 9.30 0.30 2.10 21.30 20.40 15.90 22.20 2.10 27.30 12.60 22.20 26.70 10.80 1.50
19.50 28.50 4.20 10.20 18.00 10.50 14.40 10.50 10.20 28.80 12.90 11.70 2.10 0.90 1.50 18.00 15.60 28.80 24.00 2.10
13.20 7.50 10.50 21.90 9.90 11.10 7.50 11.40 9.30 14.10 20.70 12.30 7.20 18.30 3.30 28.80 18.00 27.60 2.40 12.00
8.10 12.60 4.80 27.60 22.20 17.40 6.30 17.70 1.80 4.50 2.70 26.70 29.40 3.00 12.30 24.30 12.90 22.20 8.10 15.00
3.30 9.90 22.50 1.20 5.10 28.20 12.90 1.80 22.50 23.40 23.40 11.70 9.00 25.20 4.20 9.30 15.00 9.90 6.30 9.00
15.30 8.10 17.70 5.70 5.10 22.50 4.20 14.10 1.20 13.50 17.10 6.00 29.10 23.40 8.40 26.40 19.80 27.00 19.80 19.20
