# nJobs | nMachines
50 20
# Job Weights
28
24
7
77
86
77
100
24
19
17
79
73
31
35
6
68
76
22
18
81
71
27
28
1
93
50
72
26
51
1
25
89
13
64
49
47
9
62
99
28
18
47
61
80
64
46
3
31
22
74
# P_bar : m1 | m2 | m3 | m4 | m5 | m6 | m7 | m8 | m9 | m10 | m11 | m12 | m13 | m14 | m15 | m16 | m17 | m18 | m19 | m20
66 55 65 57 58 38 5 26 66 93 39 42 40 7 50 27 64 20 79 28
46 63 35 72 66 23 13 40 41 95 12 79 62 34 4 60 44 65 18 91
25 71 49 48 5 13 36 84 74 48 45 25 8 69 20 79 58 50 99 32
30 21 2 6 69 1 54 84 62 71 34 18 13 18 19 50 7 76 75 56
17 74 95 10 38 10 76 74 70 30 11 75 87 98 58 15 69 75 47 70
40 65 14 98 93 76 40 39 30 22 71 45 40 8 22 65 12 7 96 51
17 52 67 55 59 49 67 65 66 3 53 54 27 58 56 80 5 82 6 9
20 91 8 71 56 2 31 15 11 22 28 19 44 86 92 67 69 49 22 94
73 12 62 19 26 81 35 71 51 82 93 80 41 77 59 70 46 3 3 63
5 22 25 28 96 43 48 92 43 35 61 15 70 50 34 94 23 56 29 33
60 12 2 31 60 51 85 44 32 56 61 22 10 50 17 61 95 38 12 89
3 26 40 79 18 71 41 27 23 14 78 56 94 82 39 55 24 85 53 6
91 97 68 69 74 29 82 93 20 88 13 63 25 16 59 2 58 29 42 41
34 30 75 11 93 44 95 2 1 41 49 56 10 17 7 55 88 26 61 22
81 30 72 4 12 26 15 55 54 4 15 79 36 68 59 78 46 23 49 68
58 12 5 12 56 27 24 44 55 52 31 82 87 65 2 27 65 28 56 83
48 94 5 71 36 27 77 55 65 17 93 92 37 92 70 13 31 19 9 79
71 46 10 62 71 56 6 23 22 95 83 19 86 37 72 20 84 10 6 69
57 20 33 2 38 21 79 25 99 15 20 45 76 47 90 38 4 72 54 44
5 73 56 95 96 76 36 1 97 85 1 32 70 70 56 75 73 33 57 64
8 58 89 35 84 88 18 51 21 12 13 11 17 66 26 23 43 21 16 77
19 10 54 82 84 9 21 12 63 11 36 59 92 30 50 61 97 79 95 46
78 77 31 57 65 33 34 47 45 24 6 22 90 7 4 37 49 55 26 76
2 27 1 7 17 6 42 98 70 71 22 14 58 37 8 43 2 69 25 64
1 33 61 24 78 40 74 41 41 46 44 88 19 5 60 69 54 38 71 25
78 53 25 62 45 64 46 18 6 59 65 82 97 52 60 2 12 15 50 55
8 23 11 70 83 5 1 44 70 16 87 82 80 86 80 44 31 58 38 30
14 2 7 89 53 5 88 72 33 33 50 71 28 36 38 25 52 36 15 89
46 65 88 87 60 7 29 88 97 53 96 8 67 29 51 12 29 11 85 96
98 35 65 21 60 5 95 60 32 22 51 13 59 4 25 31 98 98 20 71
50 7 74 54 9 76 67 29 28 49 48 53 9 99 97 1 46 2 25 69
88 54 16 16 7 63 41 99 54 44 89 71 92 53 73 54 83 74 67 88
28 43 87 72 51 35 98 2 63 76 69 98 7 52 46 94 78 16 7 24
66 87 57 31 85 94 31 17 16 88 83 99 19 9 82 63 52 21 12 41
43 56 89 24 66 65 25 79 12 45 22 54 82 8 92 91 63 10 50 53
23 4 85 94 6 25 70 6 2 52 26 20 60 50 42 27 66 98 8 8
93 29 46 18 3 6 62 29 50 31 29 62 60 62 65 55 45 74 82 58
52 35 54 83 93 87 45 89 48 66 67 18 58 14 12 74 49 84 5 19
1 37 23 36 88 60 59 4 34 17 70 81 74 21 34 77 21 55 9 50
77 53 23 73 40 33 68 70 75 68 59 60 70 88 23 77 13 19 41 21
54 10 96 67 85 67 22 10 45 99 34 1 72 7 99 81 9 20 85 43
45 90 79 74 92 81 81 79 2 78 18 93 33 85 48 29 87 37 77 18
56 95 70 75 15 93 44 64 39 87 4 8 71 62 41 91 3 90 74 74
54 85 33 93 51 98 80 92 4 45 65 92 68 10 40 20 15 76 17 50
57 2 50 16 55 9 88 42 46 78 58 60 94 61 76 99 55 10 38 20
23 36 18 74 19 94 25 79 11 51 35 87 82 92 89 27 5 81 42 81
18 85 65 70 58 49 93 56 66 87 86 11 46 47 42 30 8 27 20 98
88 5 87 16 84 27 61 94 59 4 34 24 78 77 90 85 94 52 68 92
38 3 18 81 4 62 1 26 28 45 49 11 37 37 61 5 60 21 93 21
72 45 15 93 23 90 97 93 74 9 88 98 69 96 25 4 18 1 15 83
# P_hat : m1 | m2 | m3 | m4 | m5 | m6 | m7 | m8 | m9 | m10 | m11 | m12 | m13 | m14 | m15 | m16 | m17 | m18 | m19 | m20
6.60 5.50 6.50 5.70 5.80 3.80 0.50 2.60 6.60 9.30 3.90 4.20 4.00 0.70 5.00 2.70 6.40 2.00 7.90 2.80
4.60 6.30 3.50 7.20 6.60 2.30 1.30 4.00 4.10 9.50 1.20 7.90 6.20 3.40 0.40 6.00 4.40 6.50 1.80 9.10
2.50 7.10 4.90 4.80 0.50 1.30 3.60 8.40 7.40 4.80 4.50 2.50 0.80 6.90 2.00 7.90 5.80 5.00 9.90 3.20
3.00 2.10 0.20 0.60 6.90 0.10 5.40 8.40 6.20 7.10 3.40 1.80 1.30 1.80 1.90 5.00 0.70 7.60 7.50 5.60
1.70 7.40 9.50 1.00 3.80 1.00 7.60 7.40 7.00 3.00 1.10 7.50 8.70 9.80 5.80 1.50 6.90 7.50 4.70 7.00
4.00 6.50 1.40 9.80 9.30 7.60 4.00 3.90 3.00 2.20 7.10 4.50 4.00 0.80 2.20 6.50 1.20 0.70 9.60 5.10
1.70 5.20 6.70 5.50 5.90 4.90 6.70 6.50 6.60 0.30 5.30 5.40 2.70 5.80 5.60 8.00 0.50 8.20 0.60 0.90
2.00 9.10 0.80 7.10 5.60 0.20 3.10 1.50 1.10 2.20 2.80 1.90 4.40 8.60 9.20 6.70 6.90 4.90 2.20 9.40
7.30 1.20 6.20 1.90 2.60 8.10 3.50 7.10 5.10 8.20 9.30 8.00 4.10 7.70 5.90 7.00 4.60 0.30 0.30 6.30
0.50 2.20 2.50 2.80 9.60 4.30 4.80 9.20 4.30 3.50 6.10 1.50 7.00 5.00 3.40 9.40 2.30 5.60 2.90 3.30
6.00 1.20 0.20 3.10 6.00 5.10 8.50 4.40 3.20 5.60 6.10 2.20 1.00 5.00 1.70 6.10 9.50 3.80 1.20 8.90
0.30 2.60 4.00 7.90 1.80 7.10 4.10 2.70 2.30 1.40 7.80 5.60 9.40 8.20 3.90 5.50 2.40 8.50 5.30 0.60
9.10 9.70 6.80 6.90 7.40 2.90 8.20 9.30 2.00 8.80 1.30 6.30 2.50 1.60 5.90 0.20 5.80 2.90 4.20 4.10
3.40 3.00 7.50 1.10 9.30 4.40 9.50 0.20 0.10 4.10 4.90 5.60 1.00 1.70 0.70 5.50 8.80 2.60 6.10 2.20
8.10 3.00 7.20 0.40 1.20 2.60 1.50 5.50 5.40 0.40 1.50 7.90 3.60 6.80 5.90 7.80 4.60 2.30 4.90 6.80
5.80 1.20 0.50 1.20 5.60 2.70 2.40 4.40 5.50 5.20 3.10 8.20 8.70 6.50 0.20 2.70 6.50 2.80 5.60 8.30
4.80 9.40 0.50 7.10 3.60 2.70 7.70 5.50 6.50 1.70 9.30 9.20 3.70 9.20 7.00 1.30 3.10 1.90 0.90 7.90
7.10 4.60 1.00 6.20 7.10 5.60 0.60 2.30 2.20 9.50 8.30 1.90 8.60 3.70 7.20 2.00 8.40 1.00 0.60 6.90
5.70 2.00 3.30 0.20 3.80 2.10 7.90 2.50 9.90 1.50 2.00 4.50 7.60 4.70 9.00 3.80 0.40 7.20 5.40 4.40
0.50 7.30 5.60 9.50 9.60 7.60 3.60 0.10 9.70 8.50 0.10 3.20 7.00 7.00 5.60 7.50 7.30 3.30 5.70 6.40
0.80 5.80 8.90 3.50 8.40 8.80 1.80 5.10 2.10 1.20 1.30 1.10 1.70 6.60 2.60 2.30 4.30 2.10 1.60 7.70
1.90 1.00 5.40 8.20 8.40 0.90 2.10 1.20 6.30 1.10 3.60 5.90 9.20 3.00 5.00 6.10 9.70 7.90 9.50 4.60
7.80 7.70 3.10 5.70 6.50 3.30 3.40 4.70 4.50 2.40 0.60 2.20 9.00 0.70 0.40 3.70 4.90 5.50 2.60 7.60
0.20 2.70 0.10 0.70 1.70 0.60 4.20 9.80 7.00 7.10 2.20 1.40 5.80 3.70 0.80 4.30 0.20 6.90 2.50 6.40
0.10 3.30 6.10 2.40 7.80 4.00 7.40 4.10 4.10 4.60 4.40 8.80 1.90 0.50 6.00 6.90 5.40 3.80 7.10 2.50
7.80 5.30 2.50 6.20 4.50 6.40 4.60 1.80 0.60 5.90 6.50 8.20 9.70 5.20 6.00 0.20 1.20 1.50 5.00 5.50
0.80 2.30 1.10 7.00 8.30 0.50 0.10 4.40 7.00 1.60 8.70 8.20 8.00 8.60 8.00 4.40 3.10 5.80 3.80 3.00
1.40 0.20 0.70 8.90 5.30 0.50 8.80 7.20 3.30 3.30 5.00 7.10 2.80 3.60 3.80 2.50 5.20 3.60 1.50 8.90
4.60 6.50 8.80 8.70 6.00 0.70 2.90 8.80 9.70 5.30 9.60 0.80 6.70 2.90 5.10 1.20 2.90 1.10 8.50 9.60
9.80 3.50 6.50 2.10 6.00 0.50 9.50 6.00 3.20 2.20 5.10 1.30 5.90 0.40 2.50 3.10 9.80 9.80 2.00 7.10
5.00 0.70 7.40 5.40 0.90 7.60 6.70 2.90 2.80 4.90 4.80 5.30 0.90 9.90 9.70 0.10 4.60 0.20 2.50 6.90
8.80 5.40 1.60 1.60 0.70 6.30 4.10 9.90 5.40 4.40 8.90 7.10 9.20 5.30 7.30 5.40 8.30 7.40 6.70 8.80
2.80 4.30 8.70 7.20 5.10 3.50 9.80 0.20 6.30 7.60 6.90 9.80 0.70 5.20 4.60 9.40 7.80 1.60 0.70 2.40
6.60 8.70 5.70 3.10 8.50 9.40 3.10 1.70 1.60 8.80 8.30 9.90 1.90 0.90 8.20 6.30 5.20 2.10 1.20 4.10
4.30 5.60 8.90 2.40 6.60 6.50 2.50 7.90 1.20 4.50 2.20 5.40 8.20 0.80 9.20 9.10 6.30 1.00 5.00 5.30
2.30 0.40 8.50 9.40 0.60 2.50 7.00 0.60 0.20 5.20 2.60 2.00 6.00 5.00 4.20 2.70 6.60 9.80 0.80 0.80
9.30 2.90 4.60 1.80 0.30 0.60 6.20 2.90 5.00 3.10 2.90 6.20 6.00 6.20 6.50 5.50 4.50 7.40 8.20 5.80
5.20 3.50 5.40 8.30 9.30 8.70 4.50 8.90 4.80 6.60 6.70 1.80 5.80 1.40 1.20 7.40 4.90 8.40 0.50 1.90
0.10 3.70 2.30 3.60 8.80 6.00 5.90 0.40 3.40 1.70 7.00 8.10 7.40 2.10 3.40 7.70 2.10 5.50 0.90 5.00
7.70 5.30 2.30 7.30 4.00 3.30 6.80 7.00 7.50 6.80 5.90 6.00 7.00 8.80 2.30 7.70 1.30 1.90 4.10 2.10
5.40 1.00 9.60 6.70 8.50 6.70 2.20 1.00 4.50 9.90 3.40 0.10 7.20 0.70 9.90 8.10 0.90 2.00 8.50 4.30
4.50 9.00 7.90 7.40 9.20 8.10 8.10 7.90 0.20 7.80 1.80 9.30 3.30 8.50 4.80 2.90 8.70 3.70 7.70 1.80
5.60 9.50 7.00 7.50 1.50 9.30 4.40 6.40 3.90 8.70 0.40 0.80 7.10 6.20 4.10 9.10 0.30 9.00 7.40 7.40
5.40 8.50 3.30 9.30 5.10 9.80 8.00 9.20 0.40 4.50 6.50 9.20 6.80 1.00 4.00 2.00 1.50 7.60 1.70 5.00
5.70 0.20 5.00 1.60 5.50 0.90 8.80 4.20 4.60 7.80 5.80 6.00 9.40 6.10 7.60 9.90 5.50 1.00 3.80 2.00
2.30 3.60 1.80 7.40 1.90 9.40 2.50 7.90 1.10 5.10 3.50 8.70 8.20 9.20 8.90 2.70 0.50 8.10 4.20 8.10
1.80 8.50 6.50 7.00 5.80 4.90 9.30 5.60 6.60 8.70 8.60 1.10 4.60 4.70 4.20 3.00 0.80 2.70 2.00 9.80
8.80 0.50 8.70 1.60 8.40 2.70 6.10 9.40 5.90 0.40 3.40 2.40 7.80 7.70 9.00 8.50 9.40 5.20 6.80 9.20
3.80 0.30 1.80 8.10 0.40 6.20 0.10 2.60 2.80 4.50 4.90 1.10 3.70 3.70 6.10 0.50 6.00 2.10 9.30 2.10
7.20 4.50 1.50 9.30 2.30 9.00 9.70 9.30 7.40 0.90 8.80 9.80 6.90 9.60 2.50 0.40 1.80 0.10 1.50 8.30
