# nJobs | nMachines
50 5
# Job Weights
51
31
41
26
89
93
35
47
99
14
11
81
33
9
30
79
1
92
90
100
29
21
81
54
86
89
85
16
23
89
70
7
15
68
16
52
42
91
15
74
98
72
45
11
66
11
4
92
68
13
# P_bar : m1 | m2 | m3 | m4 | m5
82 6 49 57 34
73 49 25 88 31
84 84 46 88 15
63 72 37 43 32
14 39 56 25 45
73 51 50 81 50
84 77 9 3 81
9 59 62 3 46
38 97 10 78 93
67 5 89 97 13
76 83 66 74 47
18 51 98 71 50
70 9 10 50 70
69 9 70 70 21
4 59 92 23 41
58 30 36 43 12
66 86 82 51 18
11 49 54 97 28
1 46 34 57 22
51 13 34 77 60
38 45 5 90 69
16 51 12 58 49
81 68 3 75 38
39 82 56 4 80
56 6 44 12 52
83 99 41 2 45
27 12 14 4 34
29 8 25 28 3
93 36 78 54 61
70 24 25 39 96
64 82 89 30 99
22 73 83 71 49
84 66 78 89 78
25 69 23 33 34
73 71 51 85 78
81 70 7 2 79
10 61 20 69 64
46 42 30 20 55
32 77 30 64 63
38 10 30 94 24
68 2 63 3 58
40 6 82 41 25
33 24 40 37 93
79 97 39 36 73
64 15 37 74 45
36 91 44 53 93
62 32 2 49 37
82 68 27 77 64
44 17 71 13 92
99 1 45 37 59
# P_hat : m1 | m2 | m3 | m4 | m5
24.60 1.80 14.70 17.10 10.20
21.90 14.70 7.50 26.40 9.30
25.20 25.20 13.80 26.40 4.50
18.90 21.60 11.10 12.90 9.60
4.20 11.70 16.80 7.50 13.50
21.90 15.30 15.00 24.30 15.00
25.20 23.10 2.70 0.90 24.30
2.70 17.70 18.60 0.90 13.80
11.40 29.10 3.00 23.40 27.90
20.10 1.50 26.70 29.10 3.90
22.80 24.90 19.80 22.20 14.10
5.40 15.30 29.40 21.30 15.00
21.00 2.70 3.00 15.00 21.00
20.70 2.70 21.00 21.00 6.30
1.20 17.70 27.60 6.90 12.30
17.40 9.00 10.80 12.90 3.60
19.80 25.80 24.60 15.30 5.40
3.30 14.70 16.20 29.10 8.40
0.30 13.80 10.20 17.10 6.60
15.30 3.90 10.20 23.10 18.00
11.40 13.50 1.50 27.00 20.70
4.80 15.30 3.60 17.40 14.70
24.30 20.40 0.90 22.50 11.40
11.70 24.60 16.80 1.20 24.00
16.80 1.80 13.20 3.60 15.60
24.90 29.70 12.30 0.60 13.50
8.10 3.60 4.20 1.20 10.20
8.70 2.40 7.50 8.40 0.90
27.90 10.80 23.40 16.20 18.30
21.00 7.20 7.50 11.70 28.80
19.20 24.60 26.70 9.00 29.70
6.60 21.90 24.90 21.30 14.70
25.20 19.80 23.40 26.70 23.40
7.50 20.70 6.90 9.90 10.20
21.90 21.30 15.30 25.50 23.40
24.30 21.00 2.10 0.60 23.70
3.00 18.30 6.00 20.70 19.20
13.80 12.60 9.00 6.00 16.50
9.60 23.10 9.00 19.20 18.90
11.40 3.00 9.00 28.20 7.20
20.40 0.60 18.90 0.90 17.40
12.00 1.80 24.60 12.30 7.50
9.90 7.20 12.00 11.10 27.90
23.70 29.10 11.70 10.80 21.90
19.20 4.50 11.10 22.20 13.50
10.80 27.30 13.20 15.90 27.90
18.60 9.60 0.60 14.70 11.10
24.60 20.40 8.10 23.10 19.20
13.20 5.10 21.30 3.90 27.60
29.70 0.30 13.50 11.10 17.70
