# nJobs | nMachines
20 5
# Job Weights
35
14
80
27
99
14
21
19
44
78
53
44
78
77
73
4
81
77
16
66
# P_bar : m1 | m2 | m3 | m4 | m5
37 59 65 70 94
36 16 94 3 98
1 90 96 43 63
4 3 47 14 83
64 76 35 26 19
74 74 34 83 79
32 22 84 26 54
67 30 3 65 78
73 89 60 47 29
7 61 34 94 8
78 39 70 75 38
64 15 57 30 97
98 69 8 1 61
60 57 74 71 10
89 9 13 46 37
49 13 37 87 16
2 71 87 78 78
79 2 71 76 96
79 34 89 75 9
53 49 57 55 91
# P_hat : m1 | m2 | m3 | m4 | m5
14.80 23.60 26.00 28.00 37.60
14.40 6.40 37.60 1.20 39.20
0.40 36.00 38.40 17.20 25.20
1.60 1.20 18.80 5.60 33.20
25.60 30.40 14.00 10.40 7.60
29.60 29.60 13.60 33.20 31.60
12.80 8.80 33.60 10.40 21.60
26.80 12.00 1.20 26.00 31.20
29.20 35.60 24.00 18.80 11.60
2.80 24.40 13.60 37.60 3.20
31.20 15.60 28.00 30.00 15.20
25.60 6.00 22.80 12.00 38.80
39.20 27.60 3.20 0.40 24.40
24.00 22.80 29.60 28.40 4.00
35.60 3.60 5.20 18.40 14.80
19.60 5.20 14.80 34.80 6.40
0.80 28.40 34.80 31.20 31.20
31.60 0.80 28.40 30.40 38.40
31.60 13.60 35.60 30.00 3.60
21.20 19.60 22.80 22.00 36.40
