# nJobs | nMachines
20 20
# Job Weights
89
20
65
52
97
19
3
52
35
56
19
93
61
46
88
30
59
70
87
38
# P_bar : m1 | m2 | m3 | m4 | m5 | m6 | m7 | m8 | m9 | m10 | m11 | m12 | m13 | m14 | m15 | m16 | m17 | m18 | m19 | m20
74 63 8 21 14 19 71 50 24 54 77 67 20 72 34 17 23 91 1 26
45 31 75 7 7 41 1 4 63 6 22 98 6 90 85 92 21 75 6 83
23 40 82 73 95 6 99 96 60 15 15 98 45 94 40 35 26 53 71 66
20 47 34 24 49 6 44 12 99 98 46 47 67 90 99 54 20 59 16 61
6 21 68 59 23 44 47 57 84 88 51 65 22 36 97 5 52 6 97 54
21 8 61 62 67 28 30 70 92 31 26 65 13 6 24 49 73 68 31 25
83 14 55 23 86 68 70 76 34 12 45 58 60 28 55 97 92 30 32 62
47 60 19 76 68 44 35 88 45 31 59 13 31 86 34 75 62 58 71 16
42 64 47 35 75 29 29 4 85 48 24 33 72 20 60 15 53 12 14 30
54 59 2 2 11 85 99 77 88 74 13 53 68 44 80 89 82 93 92 62
88 16 83 60 18 56 96 56 46 80 50 2 49 62 44 25 84 26 86 67
92 66 28 62 57 53 46 58 69 26 86 10 64 37 83 8 41 13 53 36
42 77 31 67 57 23 58 94 30 51 12 34 3 65 56 75 2 65 61 70
70 38 37 4 75 81 95 78 94 50 60 41 18 55 88 50 77 79 55 31
13 41 84 13 69 3 14 47 58 7 78 77 19 44 37 28 50 38 15 30
23 79 17 12 33 16 24 63 65 34 79 40 30 48 27 34 31 52 96 7
30 49 10 91 68 40 54 78 53 20 64 82 57 68 58 28 83 90 50 13
45 68 33 43 34 53 25 53 86 55 56 80 83 58 3 63 33 58 4 41
96 62 57 82 19 62 2 78 72 64 35 98 9 70 46 59 71 28 55 44
71 47 4 83 15 45 66 37 41 27 57 89 1 97 39 97 29 88 17 76
# P_hat : m1 | m2 | m3 | m4 | m5 | m6 | m7 | m8 | m9 | m10 | m11 | m12 | m13 | m14 | m15 | m16 | m17 | m18 | m19 | m20
7.40 6.30 0.80 2.10 1.40 1.90 7.10 5.00 2.40 5.40 7.70 6.70 2.00 7.20 3.40 1.70 2.30 9.10 0.10 2.60
4.50 3.10 7.50 0.70 0.70 4.10 0.10 0.40 6.30 0.60 2.20 9.80 0.60 9.00 8.50 9.20 2.10 7.50 0.60 8.30
2.30 4.00 8.20 7.30 9.50 0.60 9.90 9.60 6.00 1.50 1.50 9.80 4.50 9.40 4.00 3.50 2.60 5.30 7.10 6.60
2.00 4.70 3.40 2.40 4.90 0.60 4.40 1.20 9.90 9.80 4.60 4.70 6.70 9.00 9.90 5.40 2.00 5.90 1.60 6.10
0.60 2.10 6.80 5.90 2.30 4.40 4.70 5.70 8.40 8.80 5.10 6.50 2.20 3.60 9.70 0.50 5.20 0.60 9.70 5.40
2.10 0.80 6.10 6.20 6.70 2.80 3.00 7.00 9.20 3.10 2.60 6.50 1.30 0.60 2.40 4.90 7.30 6.80 3.10 2.50
8.30 1.40 5.50 2.30 8.60 6.80 7.00 7.60 3.40 1.20 4.50 5.80 6.00 2.80 5.50 9.70 9.20 3.00 3.20 6.20
4.70 6.00 1.90 7.60 6.80 4.40 3.50 8.80 4.50 3.10 5.90 1.30 3.10 8.60 3.40 7.50 6.20 5.80 7.10 1.60
4.20 6.40 4.70 3.50 7.50 2.90 2.90 0.40 8.50 4.80 2.40 3.30 7.20 2.00 6.00 1.50 5.30 1.20 1.40 3.00
5.40 5.90 0.20 0.20 1.10 8.50 9.90 7.70 8.80 7.40 1.30 5.30 6.80 4.40 8.00 8.90 8.20 9.30 9.20 6.20
8.80 1.60 8.30 6.00 1.80 5.60 9.60 5.60 4.60 8.00 5.00 0.20 4.90 6.20 4.40 2.50 8.40 2.60 8.60 6.70
9.20 6.60 2.80 6.20 5.70 5.30 4.60 5.80 6.90 2.60 8.60 1.00 6.40 3.70 8.30 0.80 4.10 1.30 5.30 3.60
4.20 7.70 3.10 6.70 5.70 2.30 5.80 9.40 3.00 5.10 1.20 3.40 0.30 6.50 5.60 7.50 0.20 6.50 6.10 7.00
7.00 3.80 3.70 0.40 7.50 8.10 9.50 7.80 9.40 5.00 6.00 4.10 1.80 5.50 8.80 5.00 7.70 7.90 5.50 3.10
1.30 4.10 8.40 1.30 6.90 0.30 1.40 4.70 5.80 0.70 7.80 7.70 1.90 4.40 3.70 2.80 5.00 3.80 1.50 3.00
2.30 7.90 1.70 1.20 3.30 1.60 2.40 6.30 6.50 3.40 7.90 4.00 3.00 4.80 2.70 3.40 3.10 5.20 9.60 0.70
3.00 4.90 1.00 9.10 6.80 4.00 5.40 7.80 5.30 2.00 6.40 8.20 5.70 6.80 5.80 2.80 8.30 9.00 5.00 1.30
4.50 6.80 3.30 4.30 3.40 5.30 2.50 5.30 8.60 5.50 5.60 8.00 8.30 5.80 0.30 6.30 3.30 5.80 0.40 4.10
9.60 6.20 5.70 8.20 1.90 6.20 0.20 7.80 7.20 6.40 3.50 9.80 0.90 7.00 4.60 5.90 7.10 2.80 5.50 4.40
7.10 4.70 0.40 8.30 1.50 4.50 6.60 3.70 4.10 2.70 5.70 8.90 0.10 9.70 3.90 9.70 2.90 8.80 1.70 7.60
