# nJobs | nMachines
20 5
# Job Weights
93
77
90
63
63
2
29
15
94
35
69
15
93
34
30
69
6
14
56
8
# P_bar : m1 | m2 | m3 | m4 | m5
53 93 90 65 64
19 79 92 97 38
99 88 35 27 44
62 77 13 25 46
88 94 75 61 66
93 39 55 24 31
34 74 80 97 48
72 46 67 61 27
42 17 3 75 82
65 30 93 92 51
39 62 54 73 90
79 77 67 21 63
9 43 25 29 85
26 98 77 3 36
72 48 38 96 69
29 14 98 51 67
36 45 96 26 81
48 25 20 44 18
57 98 15 56 81
95 30 36 31 72
# P_hat : m1 | m2 | m3 | m4 | m5
5.30 9.30 9.00 6.50 6.40
1.90 7.90 9.20 9.70 3.80
9.90 8.80 3.50 2.70 4.40
6.20 7.70 1.30 2.50 4.60
8.80 9.40 7.50 6.10 6.60
9.30 3.90 5.50 2.40 3.10
3.40 7.40 8.00 9.70 4.80
7.20 4.60 6.70 6.10 2.70
4.20 1.70 0.30 7.50 8.20
6.50 3.00 9.30 9.20 5.10
3.90 6.20 5.40 7.30 9.00
7.90 7.70 6.70 2.10 6.30
0.90 4.30 2.50 2.90 8.50
2.60 9.80 7.70 0.30 3.60
7.20 4.80 3.80 9.60 6.90
2.90 1.40 9.80 5.10 6.70
3.60 4.50 9.60 2.60 8.10
4.80 2.50 2.00 4.40 1.80
5.70 9.80 1.50 5.60 8.10
9.50 3.00 3.60 3.10 7.20
