# nJobs | nMachines
100 5
# Job Weights
5
91
9
6
62
48
12
11
5
89
14
100
39
59
20
38
34
90
49
62
67
56
31
23
47
67
57
62
72
89
65
81
92
27
76
53
92
17
11
80
31
73
96
97
69
2
59
95
62
63
89
8
41
77
87
58
63
6
84
59
35
52
100
39
18
84
65
4
75
62
9
10
18
84
76
4
33
64
4
3
5
75
22
79
45
63
65
75
3
24
13
15
47
62
27
61
49
22
88
51
# P_bar : m1 | m2 | m3 | m4 | m5
88 43 2 95 20
11 9 10 10 5
99 81 40 84 96
20 83 22 34 32
63 90 98 26 33
67 44 85 76 79
79 60 11 32 35
91 70 94 50 4
13 85 49 44 22
77 11 57 36 13
13 88 47 18 64
52 44 65 25 9
84 97 22 28 55
73 96 21 81 92
61 28 18 57 85
27 93 72 48 20
67 28 72 79 86
5 95 25 14 57
3 94 41 88 49
13 6 31 8 61
89 52 82 85 50
58 23 91 69 26
55 33 57 60 16
1 2 89 74 87
79 60 51 66 32
74 42 5 7 49
14 59 4 24 27
71 45 30 92 9
13 5 26 57 92
60 76 78 85 93
1 45 53 54 43
55 26 43 33 62
75 44 58 86 19
88 47 92 61 27
78 11 80 16 2
80 81 64 33 82
15 82 6 14 61
93 68 70 5 10
98 6 94 85 43
40 87 34 83 94
27 20 98 94 59
65 32 28 46 56
65 35 64 67 82
70 7 62 74 17
63 61 43 81 42
54 4 47 10 34
42 71 6 9 29
82 70 11 75 80
94 11 43 70 32
4 49 22 92 14
34 54 41 25 49
91 63 83 97 53
50 91 43 45 43
50 79 48 23 31
11 5 65 84 22
3 81 85 20 97
38 99 15 26 91
50 4 86 54 10
90 10 90 82 95
97 19 59 20 72
79 24 81 55 10
45 15 17 2 36
20 66 83 62 87
22 48 61 93 76
51 96 2 5 10
83 4 83 14 70
60 82 37 65 12
50 74 57 16 11
3 21 85 27 81
1 69 4 34 50
13 83 55 80 97
63 64 23 62 96
67 22 78 37 84
19 1 62 28 8
21 7 83 4 18
89 34 69 28 40
83 93 27 92 84
60 70 94 64 98
83 31 55 10 91
67 86 20 30 71
71 74 19 6 81
60 71 48 58 83
25 5 34 77 47
26 45 90 53 82
82 76 62 50 1
60 99 90 99 63
54 41 93 19 31
26 28 97 20 22
97 80 86 69 59
30 54 22 15 96
21 99 69 19 19
71 12 18 30 56
12 57 89 35 91
13 13 75 90 64
47 46 80 50 52
95 97 35 52 97
90 90 21 49 56
67 59 7 73 17
61 65 68 73 18
23 82 47 19 15
# P_hat : m1 | m2 | m3 | m4 | m5
26.40 12.90 0.60 28.50 6.00
3.30 2.70 3.00 3.00 1.50
29.70 24.30 12.00 25.20 28.80
6.00 24.90 6.60 10.20 9.60
18.90 27.00 29.40 7.80 9.90
20.10 13.20 25.50 22.80 23.70
23.70 18.00 3.30 9.60 10.50
27.30 21.00 28.20 15.00 1.20
3.90 25.50 14.70 13.20 6.60
23.10 3.30 17.10 10.80 3.90
3.90 26.40 14.10 5.40 19.20
15.60 13.20 19.50 7.50 2.70
25.20 29.10 6.60 8.40 16.50
21.90 28.80 6.30 24.30 27.60
18.30 8.40 5.40 17.10 25.50
8.10 27.90 21.60 14.40 6.00
20.10 8.40 21.60 23.70 25.80
1.50 28.50 7.50 4.20 17.10
0.90 28.20 12.30 26.40 14.70
3.90 1.80 9.30 2.40 18.30
26.70 15.60 24.60 25.50 15.00
17.40 6.90 27.30 20.70 7.80
16.50 9.90 17.10 18.00 4.80
0.30 0.60 26.70 22.20 26.10
23.70 18.00 15.30 19.80 9.60
22.20 12.60 1.50 2.10 14.70
4.20 17.70 1.20 7.20 8.10
21.30 13.50 9.00 27.60 2.70
3.90 1.50 7.80 17.10 27.60
18.00 22.80 23.40 25.50 27.90
0.30 13.50 15.90 16.20 12.90
16.50 7.80 12.90 9.90 18.60
22.50 13.20 17.40 25.80 5.70
26.40 14.10 27.60 18.30 8.10
23.40 3.30 24.00 4.80 0.60
24.00 24.30 19.20 9.90 24.60
4.50 24.60 1.80 4.20 18.30
27.90 20.40 21.00 1.50 3.00
29.40 1.80 28.20 25.50 12.90
12.00 26.10 10.20 24.90 28.20
8.10 6.00 29.40 28.20 17.70
19.50 9.60 8.40 13.80 16.80
19.50 10.50 19.20 20.10 24.60
21.00 2.10 18.60 22.20 5.10
18.90 18.30 12.90 24.30 12.60
16.20 1.20 14.10 3.00 10.20
12.60 21.30 1.80 2.70 8.70
24.60 21.00 3.30 22.50 24.00
28.20 3.30 12.90 21.00 9.60
1.20 14.70 6.60 27.60 4.20
10.20 16.20 12.30 7.50 14.70
27.30 18.90 24.90 29.10 15.90
15.00 27.30 12.90 13.50 12.90
15.00 23.70 14.40 6.90 9.30
3.30 1.50 19.50 25.20 6.60
0.90 24.30 25.50 6.00 29.10
11.40 29.70 4.50 7.80 27.30
15.00 1.20 25.80 16.20 3.00
27.00 3.00 27.00 24.60 28.50
29.10 5.70 17.70 6.00 21.60
23.70 7.20 24.30 16.50 3.00
13.50 4.50 5.10 0.60 10.80
6.00 19.80 24.90 18.60 26.10
6.60 14.40 18.30 27.90 22.80
15.30 28.80 0.60 1.50 3.00
24.90 1.20 24.90 4.20 21.00
18.00 24.60 11.10 19.50 3.60
15.00 22.20 17.10 4.80 3.30
0.90 6.30 25.50 8.10 24.30
0.30 20.70 1.20 10.20 15.00
3.90 24.90 16.50 24.00 29.10
18.90 19.20 6.90 18.60 28.80
20.10 6.60 23.40 11.10 25.20
5.70 0.30 18.60 8.40 2.40
6.30 2.10 24.90 1.20 5.40
26.70 10.20 20.70 8.40 12.00
24.90 27.90 8.10 27.60 25.20
18.00 21.00 28.20 19.20 29.40
24.90 9.30 16.50 3.00 27.30
20.10 25.80 6.00 9.00 21.30
21.30 22.20 5.70 1.80 24.30
18.00 21.30 14.40 17.40 24.90
7.50 1.50 10.20 23.10 14.10
7.80 13.50 27.00 15.90 24.60
24.60 22.80 18.60 15.00 0.30
18.00 29.70 27.00 29.70 18.90
16.20 12.30 27.90 5.70 9.30
7.80 8.40 29.10 6.00 6.60
29.10 24.00 25.80 20.70 17.70
9.00 16.20 6.60 4.50 28.80
6.30 29.70 20.70 5.70 5.70
21.30 3.60 5.40 9.00 16.80
3.60 17.10 26.70 10.50 27.30
3.90 3.90 22.50 27.00 19.20
14.10 13.80 24.00 15.00 15.60
28.50 29.10 10.50 15.60 29.10
27.00 27.00 6.30 14.70 16.80
20.10 17.70 2.10 21.90 5.10
18.30 19.50 20.40 21.90 5.40
6.90 24.60 14.10 5.70 4.50
