# nJobs | nMachines
20 5
# Job Weights
6
41
31
53
90
66
58
73
14
97
90
38
14
54
62
70
42
88
24
11
# P_bar : m1 | m2 | m3 | m4 | m5
71 13 61 21 91
27 11 25 8 13
55 73 52 5 7
90 43 72 8 95
11 27 89 58 20
18 33 75 59 69
42 57 60 85 45
64 42 28 35 44
73 71 94 84 29
95 3 95 97 32
22 11 18 93 94
53 49 73 60 84
32 8 40 99 60
5 3 61 29 49
94 47 68 94 49
12 58 75 41 65
41 23 37 51 85
85 79 13 87 52
75 99 65 97 8
38 23 7 11 58
# P_hat : m1 | m2 | m3 | m4 | m5
7.10 1.30 6.10 2.10 9.10
2.70 1.10 2.50 0.80 1.30
5.50 7.30 5.20 0.50 0.70
9.00 4.30 7.20 0.80 9.50
1.10 2.70 8.90 5.80 2.00
1.80 3.30 7.50 5.90 6.90
4.20 5.70 6.00 8.50 4.50
6.40 4.20 2.80 3.50 4.40
7.30 7.10 9.40 8.40 2.90
9.50 0.30 9.50 9.70 3.20
2.20 1.10 1.80 9.30 9.40
5.30 4.90 7.30 6.00 8.40
3.20 0.80 4.00 9.90 6.00
0.50 0.30 6.10 2.90 4.90
9.40 4.70 6.80 9.40 4.90
1.20 5.80 7.50 4.10 6.50
4.10 2.30 3.70 5.10 8.50
8.50 7.90 1.30 8.70 5.20
7.50 9.90 6.50 9.70 0.80
3.80 2.30 0.70 1.10 5.80
