# nJobs | nMachines
100 10
# Job Weights
61
94
33
82
18
5
89
32
39
69
34
33
1
23
63
34
46
52
1
65
25
38
53
20
27
85
83
17
69
41
48
25
66
98
29
9
54
27
100
77
74
14
18
52
32
67
70
26
98
51
99
81
62
68
54
65
82
82
26
33
17
5
24
63
52
81
64
61
83
70
35
21
90
25
58
93
79
1
9
8
37
74
32
94
17
52
98
31
13
15
62
81
14
8
78
2
61
96
91
3
# P_bar : m1 | m2 | m3 | m4 | m5 | m6 | m7 | m8 | m9 | m10
47 79 94 69 8 15 40 71 64 55
45 92 35 92 9 88 62 79 10 29
28 92 24 13 34 56 38 62 62 20
99 45 29 93 15 27 14 94 58 90
48 88 32 5 30 75 55 71 91 6
24 30 39 35 83 61 89 66 92 20
89 28 73 76 15 69 3 90 49 27
73 95 27 29 98 87 29 64 30 60
34 65 48 47 15 53 53 39 93 61
78 20 18 18 40 40 63 64 44 10
88 16 57 56 63 4 1 47 25 44
2 8 76 5 81 50 72 46 76 16
36 1 44 34 72 97 25 96 43 75
5 46 80 25 4 19 32 79 22 58
50 38 29 7 44 75 85 29 49 75
70 54 12 57 82 57 99 13 27 81
78 36 18 57 86 13 25 22 69 21
50 87 2 79 37 72 75 50 18 96
25 53 24 54 26 63 44 72 69 53
84 82 2 89 63 36 33 6 33 63
38 52 13 91 60 60 37 56 29 72
93 19 11 7 69 52 52 84 66 95
4 66 52 52 5 92 99 52 14 92
56 42 52 44 73 88 37 85 38 14
98 41 2 36 74 59 85 70 15 52
36 87 10 51 89 33 81 97 11 91
80 52 41 40 23 74 91 63 42 51
41 81 40 5 80 17 46 86 62 20
79 63 34 93 94 28 81 60 2 54
54 86 1 54 4 95 46 68 78 55
28 39 2 43 23 25 77 63 94 13
30 80 46 48 53 57 95 78 32 77
70 20 39 62 38 59 13 56 24 66
9 11 43 77 53 83 18 1 58 41
53 89 17 19 70 35 60 83 89 22
56 31 85 49 25 78 44 52 46 44
59 53 14 9 97 92 84 92 29 50
6 49 11 83 76 3 80 42 26 89
74 37 84 42 12 7 30 24 31 90
30 41 46 82 83 66 11 33 46 17
47 27 16 37 47 12 29 8 38 56
68 83 58 28 84 54 75 92 88 25
45 79 53 12 77 68 49 90 70 67
59 89 72 8 78 39 50 74 70 7
95 36 20 46 24 83 38 54 60 64
58 81 79 75 67 59 56 8 15 52
46 91 19 47 39 20 11 57 66 10
18 22 12 33 1 76 58 31 27 32
99 25 76 77 18 88 18 87 78 42
33 83 5 5 68 90 33 75 61 66
96 60 75 55 68 24 67 50 89 39
77 38 99 28 11 80 84 53 62 95
52 65 73 72 48 44 1 71 18 13
46 29 20 83 38 95 45 79 73 37
19 38 70 82 38 45 25 16 69 56
41 25 28 86 23 12 47 77 5 98
97 52 13 38 68 84 31 8 44 90
90 81 89 51 75 27 99 37 14 84
29 10 16 91 89 1 28 75 22 11
58 29 64 96 58 95 59 46 88 70
93 5 92 54 57 77 36 13 29 40
79 7 69 38 86 14 70 79 98 77
32 19 15 55 24 74 77 17 13 45
62 94 81 71 54 56 54 38 60 32
84 15 31 3 81 76 44 9 44 80
93 52 22 41 13 79 32 13 38 26
10 36 37 48 49 92 35 19 8 61
91 4 95 30 81 35 24 6 61 95
61 32 42 30 74 40 13 74 82 42
36 9 65 2 23 40 17 59 69 48
75 62 79 16 42 23 21 69 53 67
76 17 8 6 95 36 97 46 66 19
5 7 46 57 43 82 23 64 31 14
88 42 95 2 9 58 67 36 48 98
14 27 95 78 88 35 38 38 52 99
18 36 59 15 23 67 81 15 97 45
14 37 75 73 28 96 31 19 48 36
35 19 62 26 86 21 54 88 6 72
82 60 56 96 88 9 41 23 25 21
75 34 66 8 6 79 28 63 19 88
70 57 68 4 64 8 38 62 31 50
95 60 58 79 49 62 51 80 25 94
15 48 18 84 85 66 77 7 76 17
60 51 97 88 53 59 6 30 60 11
93 22 94 36 34 19 2 51 71 70
49 18 26 70 86 77 4 72 21 49
33 68 25 81 39 35 89 80 26 52
33 23 86 92 90 48 82 75 19 28
11 94 38 96 33 63 39 38 19 68
25 30 44 82 22 52 16 57 42 51
85 80 73 19 11 66 42 40 23 65
17 50 65 86 4 26 36 92 90 29
40 16 75 50 33 91 1 65 72 32
33 24 4 12 95 60 75 52 26 27
67 74 81 71 74 24 14 66 82 79
35 61 66 28 17 6 22 23 12 30
64 2 27 41 67 7 69 27 83 93
53 59 32 11 82 23 19 40 60 79
12 7 47 95 31 75 90 89 54 9
57 82 69 42 34 4 21 6 95 71
# P_hat : m1 | m2 | m3 | m4 | m5 | m6 | m7 | m8 | m9 | m10
23.50 39.50 47.00 34.50 4.00 7.50 20.00 35.50 32.00 27.50
22.50 46.00 17.50 46.00 4.50 44.00 31.00 39.50 5.00 14.50
14.00 46.00 12.00 6.50 17.00 28.00 19.00 31.00 31.00 10.00
49.50 22.50 14.50 46.50 7.50 13.50 7.00 47.00 29.00 45.00
24.00 44.00 16.00 2.50 15.00 37.50 27.50 35.50 45.50 3.00
12.00 15.00 19.50 17.50 41.50 30.50 44.50 33.00 46.00 10.00
44.50 14.00 36.50 38.00 7.50 34.50 1.50 45.00 24.50 13.50
36.50 47.50 13.50 14.50 49.00 43.50 14.50 32.00 15.00 30.00
17.00 32.50 24.00 23.50 7.50 26.50 26.50 19.50 46.50 30.50
39.00 10.00 9.00 9.00 20.00 20.00 31.50 32.00 22.00 5.00
44.00 8.00 28.50 28.00 31.50 2.00 0.50 23.50 12.50 22.00
1.00 4.00 38.00 2.50 40.50 25.00 36.00 23.00 38.00 8.00
18.00 0.50 22.00 17.00 36.00 48.50 12.50 48.00 21.50 37.50
2.50 23.00 40.00 12.50 2.00 9.50 16.00 39.50 11.00 29.00
25.00 19.00 14.50 3.50 22.00 37.50 42.50 14.50 24.50 37.50
35.00 27.00 6.00 28.50 41.00 28.50 49.50 6.50 13.50 40.50
39.00 18.00 9.00 28.50 43.00 6.50 12.50 11.00 34.50 10.50
25.00 43.50 1.00 39.50 18.50 36.00 37.50 25.00 9.00 48.00
12.50 26.50 12.00 27.00 13.00 31.50 22.00 36.00 34.50 26.50
42.00 41.00 1.00 44.50 31.50 18.00 16.50 3.00 16.50 31.50
19.00 26.00 6.50 45.50 30.00 30.00 18.50 28.00 14.50 36.00
46.50 9.50 5.50 3.50 34.50 26.00 26.00 42.00 33.00 47.50
2.00 33.00 26.00 26.00 2.50 46.00 49.50 26.00 7.00 46.00
28.00 21.00 26.00 22.00 36.50 44.00 18.50 42.50 19.00 7.00
49.00 20.50 1.00 18.00 37.00 29.50 42.50 35.00 7.50 26.00
18.00 43.50 5.00 25.50 44.50 16.50 40.50 48.50 5.50 45.50
40.00 26.00 20.50 20.00 11.50 37.00 45.50 31.50 21.00 25.50
20.50 40.50 20.00 2.50 40.00 8.50 23.00 43.00 31.00 10.00
39.50 31.50 17.00 46.50 47.00 14.00 40.50 30.00 1.00 27.00
27.00 43.00 0.50 27.00 2.00 47.50 23.00 34.00 39.00 27.50
14.00 19.50 1.00 21.50 11.50 12.50 38.50 31.50 47.00 6.50
15.00 40.00 23.00 24.00 26.50 28.50 47.50 39.00 16.00 38.50
35.00 10.00 19.50 31.00 19.00 29.50 6.50 28.00 12.00 33.00
4.50 5.50 21.50 38.50 26.50 41.50 9.00 0.50 29.00 20.50
26.50 44.50 8.50 9.50 35.00 17.50 30.00 41.50 44.50 11.00
28.00 15.50 42.50 24.50 12.50 39.00 22.00 26.00 23.00 22.00
29.50 26.50 7.00 4.50 48.50 46.00 42.00 46.00 14.50 25.00
3.00 24.50 5.50 41.50 38.00 1.50 40.00 21.00 13.00 44.50
37.00 18.50 42.00 21.00 6.00 3.50 15.00 12.00 15.50 45.00
15.00 20.50 23.00 41.00 41.50 33.00 5.50 16.50 23.00 8.50
23.50 13.50 8.00 18.50 23.50 6.00 14.50 4.00 19.00 28.00
34.00 41.50 29.00 14.00 42.00 27.00 37.50 46.00 44.00 12.50
22.50 39.50 26.50 6.00 38.50 34.00 24.50 45.00 35.00 33.50
29.50 44.50 36.00 4.00 39.00 19.50 25.00 37.00 35.00 3.50
47.50 18.00 10.00 23.00 12.00 41.50 19.00 27.00 30.00 32.00
29.00 40.50 39.50 37.50 33.50 29.50 28.00 4.00 7.50 26.00
23.00 45.50 9.50 23.50 19.50 10.00 5.50 28.50 33.00 5.00
9.00 11.00 6.00 16.50 0.50 38.00 29.00 15.50 13.50 16.00
49.50 12.50 38.00 38.50 9.00 44.00 9.00 43.50 39.00 21.00
16.50 41.50 2.50 2.50 34.00 45.00 16.50 37.50 30.50 33.00
48.00 30.00 37.50 27.50 34.00 12.00 33.50 25.00 44.50 19.50
38.50 19.00 49.50 14.00 5.50 40.00 42.00 26.50 31.00 47.50
26.00 32.50 36.50 36.00 24.00 22.00 0.50 35.50 9.00 6.50
23.00 14.50 10.00 41.50 19.00 47.50 22.50 39.50 36.50 18.50
9.50 19.00 35.00 41.00 19.00 22.50 12.50 8.00 34.50 28.00
20.50 12.50 14.00 43.00 11.50 6.00 23.50 38.50 2.50 49.00
48.50 26.00 6.50 19.00 34.00 42.00 15.50 4.00 22.00 45.00
45.00 40.50 44.50 25.50 37.50 13.50 49.50 18.50 7.00 42.00
14.50 5.00 8.00 45.50 44.50 0.50 14.00 37.50 11.00 5.50
29.00 14.50 32.00 48.00 29.00 47.50 29.50 23.00 44.00 35.00
46.50 2.50 46.00 27.00 28.50 38.50 18.00 6.50 14.50 20.00
39.50 3.50 34.50 19.00 43.00 7.00 35.00 39.50 49.00 38.50
16.00 9.50 7.50 27.50 12.00 37.00 38.50 8.50 6.50 22.50
31.00 47.00 40.50 35.50 27.00 28.00 27.00 19.00 30.00 16.00
42.00 7.50 15.50 1.50 40.50 38.00 22.00 4.50 22.00 40.00
46.50 26.00 11.00 20.50 6.50 39.50 16.00 6.50 19.00 13.00
5.00 18.00 18.50 24.00 24.50 46.00 17.50 9.50 4.00 30.50
45.50 2.00 47.50 15.00 40.50 17.50 12.00 3.00 30.50 47.50
30.50 16.00 21.00 15.00 37.00 20.00 6.50 37.00 41.00 21.00
18.00 4.50 32.50 1.00 11.50 20.00 8.50 29.50 34.50 24.00
37.50 31.00 39.50 8.00 21.00 11.50 10.50 34.50 26.50 33.50
38.00 8.50 4.00 3.00 47.50 18.00 48.50 23.00 33.00 9.50
2.50 3.50 23.00 28.50 21.50 41.00 11.50 32.00 15.50 7.00
44.00 21.00 47.50 1.00 4.50 29.00 33.50 18.00 24.00 49.00
7.00 13.50 47.50 39.00 44.00 17.50 19.00 19.00 26.00 49.50
9.00 18.00 29.50 7.50 11.50 33.50 40.50 7.50 48.50 22.50
7.00 18.50 37.50 36.50 14.00 48.00 15.50 9.50 24.00 18.00
17.50 9.50 31.00 13.00 43.00 10.50 27.00 44.00 3.00 36.00
41.00 30.00 28.00 48.00 44.00 4.50 20.50 11.50 12.50 10.50
37.50 17.00 33.00 4.00 3.00 39.50 14.00 31.50 9.50 44.00
35.00 28.50 34.00 2.00 32.00 4.00 19.00 31.00 15.50 25.00
47.50 30.00 29.00 39.50 24.50 31.00 25.50 40.00 12.50 47.00
7.50 24.00 9.00 42.00 42.50 33.00 38.50 3.50 38.00 8.50
30.00 25.50 48.50 44.00 26.50 29.50 3.00 15.00 30.00 5.50
46.50 11.00 47.00 18.00 17.00 9.50 1.00 25.50 35.50 35.00
24.50 9.00 13.00 35.00 43.00 38.50 2.00 36.00 10.50 24.50
16.50 34.00 12.50 40.50 19.50 17.50 44.50 40.00 13.00 26.00
16.50 11.50 43.00 46.00 45.00 24.00 41.00 37.50 9.50 14.00
5.50 47.00 19.00 48.00 16.50 31.50 19.50 19.00 9.50 34.00
12.50 15.00 22.00 41.00 11.00 26.00 8.00 28.50 21.00 25.50
42.50 40.00 36.50 9.50 5.50 33.00 21.00 20.00 11.50 32.50
8.50 25.00 32.50 43.00 2.00 13.00 18.00 46.00 45.00 14.50
20.00 8.00 37.50 25.00 16.50 45.50 0.50 32.50 36.00 16.00
16.50 12.00 2.00 6.00 47.50 30.00 37.50 26.00 13.00 13.50
33.50 37.00 40.50 35.50 37.00 12.00 7.00 33.00 41.00 39.50
17.50 30.50 33.00 14.00 8.50 3.00 11.00 11.50 6.00 15.00
32.00 1.00 13.50 20.50 33.50 3.50 34.50 13.50 41.50 46.50
26.50 29.50 16.00 5.50 41.00 11.50 9.50 20.00 30.00 39.50
6.00 3.50 23.50 47.50 15.50 37.50 45.00 44.50 27.00 4.50
28.50 41.00 34.50 21.00 17.00 2.00 10.50 3.00 47.50 35.50
