# nJobs | nMachines
50 5
# Job Weights
65
56
14
50
71
32
92
26
27
12
20
9
22
75
2
75
76
81
2
37
57
9
7
3
97
53
50
97
41
83
36
40
78
84
87
57
70
12
13
79
3
42
85
76
51
71
22
53
91
83
# P_bar : m1 | m2 | m3 | m4 | m5
9 80 28 70 55
19 54 58 1 39
86 73 52 23 86
38 83 11 18 40
71 15 21 42 92
82 5 97 96 2
12 27 49 2 65
20 20 55 52 91
37 75 16 49 67
22 24 4 82 92
97 73 82 4 55
85 88 60 67 40
93 17 5 77 1
33 24 52 24 81
69 53 42 68 2
70 86 61 37 78
29 10 87 28 25
48 30 89 65 27
28 71 76 93 46
76 5 46 68 61
91 11 32 18 46
54 97 18 6 59
71 10 3 49 16
36 84 60 67 41
13 58 34 93 65
44 47 69 3 75
27 69 47 10 69
23 80 95 80 68
95 49 92 44 68
15 74 70 26 23
25 37 71 83 30
88 94 73 4 29
46 51 58 50 37
5 1 17 74 64
38 9 26 14 44
74 16 39 8 69
21 89 60 67 36
36 2 72 18 9
21 80 93 60 45
4 38 27 3 8
96 94 27 43 50
78 93 63 31 10
7 89 59 59 46
72 95 76 69 83
80 95 97 13 91
38 63 85 46 79
17 17 57 53 39
98 98 49 27 83
88 2 60 28 36
78 19 30 63 28
# P_hat : m1 | m2 | m3 | m4 | m5
1.80 16.00 5.60 14.00 11.00
3.80 10.80 11.60 0.20 7.80
17.20 14.60 10.40 4.60 17.20
7.60 16.60 2.20 3.60 8.00
14.20 3.00 4.20 8.40 18.40
16.40 1.00 19.40 19.20 0.40
2.40 5.40 9.80 0.40 13.00
4.00 4.00 11.00 10.40 18.20
7.40 15.00 3.20 9.80 13.40
4.40 4.80 0.80 16.40 18.40
19.40 14.60 16.40 0.80 11.00
17.00 17.60 12.00 13.40 8.00
18.60 3.40 1.00 15.40 0.20
6.60 4.80 10.40 4.80 16.20
13.80 10.60 8.40 13.60 0.40
14.00 17.20 12.20 7.40 15.60
5.80 2.00 17.40 5.60 5.00
9.60 6.00 17.80 13.00 5.40
5.60 14.20 15.20 18.60 9.20
15.20 1.00 9.20 13.60 12.20
18.20 2.20 6.40 3.60 9.20
10.80 19.40 3.60 1.20 11.80
14.20 2.00 0.60 9.80 3.20
7.20 16.80 12.00 13.40 8.20
2.60 11.60 6.80 18.60 13.00
8.80 9.40 13.80 0.60 15.00
5.40 13.80 9.40 2.00 13.80
4.60 16.00 19.00 16.00 13.60
19.00 9.80 18.40 8.80 13.60
3.00 14.80 14.00 5.20 4.60
5.00 7.40 14.20 16.60 6.00
17.60 18.80 14.60 0.80 5.80
9.20 10.20 11.60 10.00 7.40
1.00 0.20 3.40 14.80 12.80
7.60 1.80 5.20 2.80 8.80
14.80 3.20 7.80 1.60 13.80
4.20 17.80 12.00 13.40 7.20
7.20 0.40 14.40 3.60 1.80
4.20 16.00 18.60 12.00 9.00
0.80 7.60 5.40 0.60 1.60
19.20 18.80 5.40 8.60 10.00
15.60 18.60 12.60 6.20 2.00
1.40 17.80 11.80 11.80 9.20
14.40 19.00 15.20 13.80 16.60
16.00 19.00 19.40 2.60 18.20
7.60 12.60 17.00 9.20 15.80
3.40 3.40 11.40 10.60 7.80
19.60 19.60 9.80 5.40 16.60
17.60 0.40 12.00 5.60 7.20
15.60 3.80 6.00 12.60 5.60
