# nJobs | nMachines
100 5
# Job Weights
64
8
42
2
30
22
81
25
66
42
96
36
17
27
91
36
99
51
37
41
30
90
32
25
69
79
15
73
61
40
82
15
81
92
85
12
10
28
90
90
61
19
45
80
90
35
81
78
3
29
80
100
27
68
100
52
17
86
12
31
82
37
13
23
77
15
8
61
68
30
21
78
46
37
59
37
8
10
30
81
97
89
30
90
98
84
62
97
10
73
91
9
71
73
3
28
26
34
1
88
# P_bar : m1 | m2 | m3 | m4 | m5
94 65 51 32 15
17 67 20 11 53
1 55 55 34 87
97 35 55 47 5
91 19 15 33 21
9 18 46 7 32
75 35 15 18 53
38 39 60 69 27
34 89 40 95 14
17 57 67 95 29
7 79 46 71 30
62 5 29 27 76
16 33 14 24 58
61 46 35 32 28
31 47 81 1 29
58 46 8 42 43
14 99 55 82 25
29 39 55 95 35
29 7 1 90 83
31 15 62 28 22
52 56 97 36 3
36 32 93 6 10
85 62 58 83 73
68 50 46 17 47
63 99 92 30 87
21 89 62 96 50
15 30 58 32 74
50 24 1 3 7
55 23 18 64 89
73 44 14 67 89
87 83 74 7 72
90 13 29 92 9
41 83 85 50 34
80 73 95 90 7
5 34 11 40 32
18 89 30 96 82
68 18 73 96 77
94 32 24 18 64
51 90 83 92 13
29 73 15 29 55
12 28 77 85 81
69 18 63 39 55
54 81 43 75 37
99 31 40 61 43
1 2 98 10 99
82 3 17 99 39
99 78 89 21 25
87 99 18 85 17
61 71 54 54 13
24 8 33 33 65
54 88 66 52 60
7 76 97 96 70
77 33 61 64 22
78 66 51 22 62
86 3 2 2 37
83 31 51 85 95
65 8 72 49 87
77 63 33 82 18
98 53 46 91 31
33 89 83 13 75
92 63 17 62 23
15 49 16 56 48
59 60 93 63 18
22 53 63 53 5
79 70 39 88 63
44 9 55 95 1
99 16 28 71 25
19 79 78 75 6
32 93 68 21 29
81 69 76 18 27
57 4 48 59 10
53 95 64 17 29
48 87 87 11 53
97 49 26 80 87
3 79 14 51 39
70 14 48 31 46
21 4 78 77 18
51 20 82 84 44
14 10 33 20 24
41 28 22 16 86
91 4 45 19 65
75 91 49 16 45
35 63 90 73 52
54 66 82 12 95
9 25 73 97 22
25 12 70 92 97
27 36 95 65 71
97 94 99 52 31
20 19 64 22 46
20 49 97 62 54
23 19 73 26 59
46 18 44 41 90
76 18 68 56 72
34 53 88 32 65
86 49 21 54 84
30 29 58 60 20
99 42 25 85 17
9 59 1 66 51
91 48 27 10 57
81 3 15 37 72
# P_hat : m1 | m2 | m3 | m4 | m5
37.60 26.00 20.40 12.80 6.00
6.80 26.80 8.00 4.40 21.20
0.40 22.00 22.00 13.60 34.80
38.80 14.00 22.00 18.80 2.00
36.40 7.60 6.00 13.20 8.40
3.60 7.20 18.40 2.80 12.80
30.00 14.00 6.00 7.20 21.20
15.20 15.60 24.00 27.60 10.80
13.60 35.60 16.00 38.00 5.60
6.80 22.80 26.80 38.00 11.60
2.80 31.60 18.40 28.40 12.00
24.80 2.00 11.60 10.80 30.40
6.40 13.20 5.60 9.60 23.20
24.40 18.40 14.00 12.80 11.20
12.40 18.80 32.40 0.40 11.60
23.20 18.40 3.20 16.80 17.20
5.60 39.60 22.00 32.80 10.00
11.60 15.60 22.00 38.00 14.00
11.60 2.80 0.40 36.00 33.20
12.40 6.00 24.80 11.20 8.80
20.80 22.40 38.80 14.40 1.20
14.40 12.80 37.20 2.40 4.00
34.00 24.80 23.20 33.20 29.20
27.20 20.00 18.40 6.80 18.80
25.20 39.60 36.80 12.00 34.80
8.40 35.60 24.80 38.40 20.00
6.00 12.00 23.20 12.80 29.60
20.00 9.60 0.40 1.20 2.80
22.00 9.20 7.20 25.60 35.60
29.20 17.60 5.60 26.80 35.60
34.80 33.20 29.60 2.80 28.80
36.00 5.20 11.60 36.80 3.60
16.40 33.20 34.00 20.00 13.60
32.00 29.20 38.00 36.00 2.80
2.00 13.60 4.40 16.00 12.80
7.20 35.60 12.00 38.40 32.80
27.20 7.20 29.20 38.40 30.80
37.60 12.80 9.60 7.20 25.60
20.40 36.00 33.20 36.80 5.20
11.60 29.20 6.00 11.60 22.00
4.80 11.20 30.80 34.00 32.40
27.60 7.20 25.20 15.60 22.00
21.60 32.40 17.20 30.00 14.80
39.60 12.40 16.00 24.40 17.20
0.40 0.80 39.20 4.00 39.60
32.80 1.20 6.80 39.60 15.60
39.60 31.20 35.60 8.40 10.00
34.80 39.60 7.20 34.00 6.80
24.40 28.40 21.60 21.60 5.20
9.60 3.20 13.20 13.20 26.00
21.60 35.20 26.40 20.80 24.00
2.80 30.40 38.80 38.40 28.00
30.80 13.20 24.40 25.60 8.80
31.20 26.40 20.40 8.80 24.80
34.40 1.20 0.80 0.80 14.80
33.20 12.40 20.40 34.00 38.00
26.00 3.20 28.80 19.60 34.80
30.80 25.20 13.20 32.80 7.20
39.20 21.20 18.40 36.40 12.40
13.20 35.60 33.20 5.20 30.00
36.80 25.20 6.80 24.80 9.20
6.00 19.60 6.40 22.40 19.20
23.60 24.00 37.20 25.20 7.20
8.80 21.20 25.20 21.20 2.00
31.60 28.00 15.60 35.20 25.20
17.60 3.60 22.00 38.00 0.40
39.60 6.40 11.20 28.40 10.00
7.60 31.60 31.20 30.00 2.40
12.80 37.20 27.20 8.40 11.60
32.40 27.60 30.40 7.20 10.80
22.80 1.60 19.20 23.60 4.00
21.20 38.00 25.60 6.80 11.60
19.20 34.80 34.80 4.40 21.20
38.80 19.60 10.40 32.00 34.80
1.20 31.60 5.60 20.40 15.60
28.00 5.60 19.20 12.40 18.40
8.40 1.60 31.20 30.80 7.20
20.40 8.00 32.80 33.60 17.60
5.60 4.00 13.20 8.00 9.60
16.40 11.20 8.80 6.40 34.40
36.40 1.60 18.00 7.60 26.00
30.00 36.40 19.60 6.40 18.00
14.00 25.20 36.00 29.20 20.80
21.60 26.40 32.80 4.80 38.00
3.60 10.00 29.20 38.80 8.80
10.00 4.80 28.00 36.80 38.80
10.80 14.40 38.00 26.00 28.40
38.80 37.60 39.60 20.80 12.40
8.00 7.60 25.60 8.80 18.40
8.00 19.60 38.80 24.80 21.60
9.20 7.60 29.20 10.40 23.60
18.40 7.20 17.60 16.40 36.00
30.40 7.20 27.20 22.40 28.80
13.60 21.20 35.20 12.80 26.00
34.40 19.60 8.40 21.60 33.60
12.00 11.60 23.20 24.00 8.00
39.60 16.80 10.00 34.00 6.80
3.60 23.60 0.40 26.40 20.40
36.40 19.20 10.80 4.00 22.80
32.40 1.20 6.00 14.80 28.80
