# nJobs | nMachines
100 20
# Job Weights
98
55
80
46
44
32
68
98
59
38
97
92
80
7
31
92
99
37
90
95
65
77
90
52
13
22
3
9
42
87
30
19
37
9
24
61
47
42
9
35
59
77
95
34
93
47
83
36
99
80
92
28
6
89
27
52
38
25
88
63
50
93
24
2
15
48
8
14
93
27
90
20
67
21
95
93
50
29
7
41
44
76
12
19
18
58
83
83
8
86
14
100
33
1
95
54
41
6
12
89
# P_bar : m1 | m2 | m3 | m4 | m5 | m6 | m7 | m8 | m9 | m10 | m11 | m12 | m13 | m14 | m15 | m16 | m17 | m18 | m19 | m20
39 57 30 84 42 11 3 21 74 82 59 78 37 22 24 81 64 17 75 73
83 2 34 64 74 20 34 88 21 10 31 63 28 94 47 80 28 45 24 60
12 75 55 65 1 3 39 54 53 53 80 21 56 75 27 33 64 27 53 24
57 44 12 11 40 40 69 16 51 40 74 88 33 49 99 8 11 53 31 50
78 30 50 41 3 48 9 8 80 16 7 96 26 4 39 24 27 92 93 75
55 39 15 31 95 24 92 34 67 63 14 44 17 22 26 98 35 6 72 58
20 88 4 5 69 32 78 74 91 94 53 57 43 77 24 76 19 95 83 36
79 35 43 67 18 23 99 11 44 4 47 12 75 80 66 30 28 30 66 50
58 13 74 91 73 25 27 24 11 54 34 3 16 35 92 48 87 2 90 91
52 21 31 75 66 51 20 77 71 33 53 52 19 94 98 44 11 3 44 74
99 38 72 47 83 80 61 19 10 22 80 88 65 96 35 96 25 18 29 81
48 6 71 78 52 23 15 12 26 95 9 61 20 38 92 97 54 16 68 70
87 92 29 64 37 49 87 17 62 39 1 66 28 37 26 6 18 71 38 23
67 43 28 23 53 88 76 8 93 81 74 93 25 17 16 91 19 92 87 93
95 22 32 29 19 35 55 59 1 93 62 29 60 14 78 38 59 41 29 66
82 85 14 81 3 40 23 8 9 17 6 33 64 14 25 56 77 9 86 53
90 51 32 44 53 40 35 88 82 64 47 37 9 15 51 42 83 52 34 96
41 25 6 80 5 63 21 21 71 94 58 60 58 88 37 37 36 18 65 77
86 43 46 59 44 48 28 75 79 35 60 6 5 49 62 9 71 97 47 63
97 4 73 34 91 29 93 29 65 52 88 3 75 6 72 31 68 9 35 12
27 81 48 35 46 19 95 83 39 31 8 14 18 14 27 56 57 22 57 35
20 31 56 54 43 5 25 76 6 16 88 42 35 41 71 18 28 62 11 92
82 71 97 49 50 23 92 35 3 69 56 20 86 4 68 40 57 89 32 57
45 92 56 14 40 14 6 19 46 85 82 19 56 61 81 85 57 53 82 32
71 25 60 72 30 57 54 18 36 77 42 90 99 23 5 29 52 69 42 97
58 72 72 21 40 57 66 60 5 45 64 10 99 73 4 54 4 25 1 30
92 42 24 57 56 40 30 84 19 83 63 27 95 6 34 96 52 48 93 73
5 77 29 42 40 7 32 80 70 97 10 76 22 58 35 45 40 40 41 46
21 70 64 24 75 95 5 62 61 43 7 58 30 69 56 49 99 59 3 91
45 66 29 88 5 53 68 20 20 64 69 67 26 60 31 85 87 3 2 52
43 15 3 78 81 52 86 33 3 29 92 28 41 50 81 5 46 45 43 97
12 15 97 75 87 2 98 19 98 2 12 54 62 27 32 48 49 15 80 19
53 51 50 53 14 43 87 85 51 27 44 66 15 64 58 45 37 70 67 28
29 78 97 80 61 94 15 50 3 91 93 46 2 29 10 24 68 33 6 21
14 89 83 88 4 85 75 2 56 40 83 78 10 43 64 43 86 30 99 16
49 50 89 20 94 75 34 39 47 96 16 91 48 88 25 62 10 88 97 81
85 74 2 4 22 84 86 88 46 66 65 85 93 2 69 46 41 40 70 59
90 57 96 30 36 42 1 94 86 62 95 3 50 69 89 27 22 88 24 45
12 7 28 52 95 27 4 67 92 75 60 49 51 17 32 5 90 13 48 63
48 65 83 32 79 40 60 85 92 50 60 74 39 56 25 12 93 88 9 49
13 89 47 82 42 66 75 18 25 68 62 23 26 21 63 89 25 77 56 42
75 87 90 28 84 48 88 31 14 1 3 60 86 42 62 34 37 80 11 38
69 6 56 36 92 81 11 72 1 68 44 61 21 28 3 88 19 14 45 83
34 31 57 98 87 92 23 96 39 91 23 57 83 65 99 57 96 79 93 52
19 70 69 77 60 30 33 88 42 50 14 79 52 79 33 6 34 87 84 92
55 25 88 71 16 49 20 41 23 78 98 4 25 19 57 76 1 51 44 36
44 36 54 16 76 86 85 89 45 67 53 59 14 78 93 34 6 16 22 22
22 88 94 91 32 26 69 76 28 23 10 53 66 20 1 67 40 96 26 49
60 25 90 79 88 91 32 93 9 36 31 15 20 2 35 51 34 95 70 63
45 94 62 10 19 78 14 36 23 92 30 21 60 37 18 11 82 49 84 56
38 66 97 28 72 41 89 4 29 65 81 73 38 90 84 82 51 44 79 44
78 95 67 80 10 53 12 21 94 13 46 4 48 42 53 93 67 65 82 51
73 77 59 60 87 50 56 91 65 5 38 14 31 53 49 82 45 59 84 75
59 10 22 86 78 74 26 76 55 62 37 52 88 32 52 48 38 49 54 34
46 26 24 81 75 69 57 86 80 60 64 47 5 26 57 3 74 63 27 8
47 58 87 20 39 48 24 47 92 7 36 66 73 74 85 67 91 95 15 6
95 8 99 3 58 91 57 89 23 56 90 93 29 95 45 55 81 81 89 48
25 95 62 46 71 20 85 81 25 19 93 65 95 89 84 22 42 47 88 8
58 20 18 57 45 20 3 88 44 23 90 91 66 68 52 56 27 78 65 29
61 46 70 58 43 53 9 41 14 84 71 61 73 34 52 62 55 34 84 8
92 49 94 76 34 75 5 18 54 50 15 55 84 65 93 18 66 84 28 12
8 37 85 63 9 78 76 49 48 17 38 76 41 10 66 89 94 29 20 61
88 76 43 13 28 91 15 22 15 77 57 64 40 63 90 21 10 72 64 60
64 11 48 81 7 84 62 59 45 63 63 45 59 51 49 84 81 10 43 32
93 24 51 85 84 49 83 96 25 25 38 58 76 4 83 72 33 39 92 64
29 72 91 82 42 39 64 70 36 17 35 25 92 58 89 66 12 80 30 13
20 75 16 92 72 19 46 85 49 73 60 98 63 81 76 38 90 1 33 71
45 58 31 52 57 29 43 46 72 62 56 5 77 76 96 31 22 64 39 59
46 46 57 8 56 77 26 75 57 10 14 64 62 48 65 38 4 89 68 91
78 2 51 6 25 1 13 10 14 63 17 31 69 80 60 9 65 37 85 68
37 83 9 52 33 5 49 7 41 64 29 38 80 53 89 82 34 83 11 82
49 14 28 12 33 84 57 5 91 25 71 37 73 53 87 88 54 66 14 98
2 77 37 65 80 34 37 18 72 1 60 39 84 71 71 39 19 8 65 76
18 68 89 26 69 13 48 42 84 50 86 62 93 65 1 78 48 42 7 35
92 81 83 67 87 19 10 92 61 7 24 57 89 3 21 9 87 97 77 78
41 81 33 14 94 80 13 86 97 59 14 69 90 96 35 17 65 6 81 58
31 56 94 64 90 21 34 59 90 93 14 41 89 44 11 57 29 48 69 81
29 37 44 8 66 87 46 90 34 95 69 25 94 67 61 22 34 46 89 26
92 41 76 40 93 4 56 87 13 41 18 3 13 38 34 67 85 63 12 3
87 96 82 86 23 76 93 82 47 20 94 86 70 96 89 52 17 67 46 80
65 53 10 47 84 91 80 10 51 69 99 97 35 54 67 66 99 9 37 90
22 88 81 83 84 54 84 79 51 37 13 37 41 14 54 45 80 53 53 39
61 66 74 58 56 56 81 64 41 21 41 83 2 99 68 9 91 91 46 90
90 50 55 83 90 9 15 50 10 91 49 78 44 64 77 67 94 50 8 32
89 40 92 95 58 79 86 4 81 12 20 86 94 91 29 38 79 86 28 32
97 28 26 56 69 20 76 29 25 64 35 98 12 9 58 54 82 55 6 34
15 65 27 65 6 62 24 8 5 94 85 22 59 21 92 10 78 38 63 69
75 76 86 23 31 59 39 6 85 5 9 9 62 93 40 96 64 68 48 81
77 89 32 32 98 43 57 60 56 32 87 22 77 7 88 2 69 73 55 55
65 16 28 43 43 19 76 79 18 26 27 44 51 48 97 58 26 68 69 13
21 48 75 91 34 92 81 85 36 16 28 37 64 80 46 96 60 91 22 15
56 91 67 18 56 7 86 35 18 55 13 32 4 1 22 26 48 5 42 17
53 83 91 27 49 94 78 35 62 75 90 3 98 46 44 99 34 58 47 87
9 84 48 79 98 55 94 51 55 27 46 54 42 58 97 72 47 56 15 11
86 18 58 53 82 34 33 35 70 90 55 71 77 35 52 69 74 17 69 12
75 2 23 87 68 14 10 24 22 84 78 86 81 27 66 11 76 35 34 48
7 63 17 97 32 70 27 65 21 86 52 49 20 55 28 55 38 42 25 2
88 27 18 79 83 88 12 15 50 14 16 89 54 80 99 82 23 55 21 65
38 39 37 99 45 58 55 11 44 7 7 27 45 40 68 59 23 17 33 35
69 14 78 18 77 7 97 99 39 36 15 50 15 13 4 25 53 28 93 98
# P_hat : m1 | m2 | m3 | m4 | m5 | m6 | m7 | m8 | m9 | m10 | m11 | m12 | m13 | m14 | m15 | m16 | m17 | m18 | m19 | m20
3.90 5.70 3.00 8.40 4.20 1.10 0.30 2.10 7.40 8.20 5.90 7.80 3.70 2.20 2.40 8.10 6.40 1.70 7.50 7.30
8.30 0.20 3.40 6.40 7.40 2.00 3.40 8.80 2.10 1.00 3.10 6.30 2.80 9.40 4.70 8.00 2.80 4.50 2.40 6.00
1.20 7.50 5.50 6.50 0.10 0.30 3.90 5.40 5.30 5.30 8.00 2.10 5.60 7.50 2.70 3.30 6.40 2.70 5.30 2.40
5.70 4.40 1.20 1.10 4.00 4.00 6.90 1.60 5.10 4.00 7.40 8.80 3.30 4.90 9.90 0.80 1.10 5.30 3.10 5.00
7.80 3.00 5.00 4.10 0.30 4.80 0.90 0.80 8.00 1.60 0.70 9.60 2.60 0.40 3.90 2.40 2.70 9.20 9.30 7.50
5.50 3.90 1.50 3.10 9.50 2.40 9.20 3.40 6.70 6.30 1.40 4.40 1.70 2.20 2.60 9.80 3.50 0.60 7.20 5.80
2.00 8.80 0.40 0.50 6.90 3.20 7.80 7.40 9.10 9.40 5.30 5.70 4.30 7.70 2.40 7.60 1.90 9.50 8.30 3.60
7.90 3.50 4.30 6.70 1.80 2.30 9.90 1.10 4.40 0.40 4.70 1.20 7.50 8.00 6.60 3.00 2.80 3.00 6.60 5.00
5.80 1.30 7.40 9.10 7.30 2.50 2.70 2.40 1.10 5.40 3.40 0.30 1.60 3.50 9.20 4.80 8.70 0.20 9.00 9.10
5.20 2.10 3.10 7.50 6.60 5.10 2.00 7.70 7.10 3.30 5.30 5.20 1.90 9.40 9.80 4.40 1.10 0.30 4.40 7.40
9.90 3.80 7.20 4.70 8.30 8.00 6.10 1.90 1.00 2.20 8.00 8.80 6.50 9.60 3.50 9.60 2.50 1.80 2.90 8.10
4.80 0.60 7.10 7.80 5.20 2.30 1.50 1.20 2.60 9.50 0.90 6.10 2.00 3.80 9.20 9.70 5.40 1.60 6.80 7.00
8.70 9.20 2.90 6.40 3.70 4.90 8.70 1.70 6.20 3.90 0.10 6.60 2.80 3.70 2.60 0.60 1.80 7.10 3.80 2.30
6.70 4.30 2.80 2.30 5.30 8.80 7.60 0.80 9.30 8.10 7.40 9.30 2.50 1.70 1.60 9.10 1.90 9.20 8.70 9.30
9.50 2.20 3.20 2.90 1.90 3.50 5.50 5.90 0.10 9.30 6.20 2.90 6.00 1.40 7.80 3.80 5.90 4.10 2.90 6.60
8.20 8.50 1.40 8.10 0.30 4.00 2.30 0.80 0.90 1.70 0.60 3.30 6.40 1.40 2.50 5.60 7.70 0.90 8.60 5.30
9.00 5.10 3.20 4.40 5.30 4.00 3.50 8.80 8.20 6.40 4.70 3.70 0.90 1.50 5.10 4.20 8.30 5.20 3.40 9.60
4.10 2.50 0.60 8.00 0.50 6.30 2.10 2.10 7.10 9.40 5.80 6.00 5.80 8.80 3.70 3.70 3.60 1.80 6.50 7.70
8.60 4.30 4.60 5.90 4.40 4.80 2.80 7.50 7.90 3.50 6.00 0.60 0.50 4.90 6.20 0.90 7.10 9.70 4.70 6.30
9.70 0.40 7.30 3.40 9.10 2.90 9.30 2.90 6.50 5.20 8.80 0.30 7.50 0.60 7.20 3.10 6.80 0.90 3.50 1.20
2.70 8.10 4.80 3.50 4.60 1.90 9.50 8.30 3.90 3.10 0.80 1.40 1.80 1.40 2.70 5.60 5.70 2.20 5.70 3.50
2.00 3.10 5.60 5.40 4.30 0.50 2.50 7.60 0.60 1.60 8.80 4.20 3.50 4.10 7.10 1.80 2.80 6.20 1.10 9.20
8.20 7.10 9.70 4.90 5.00 2.30 9.20 3.50 0.30 6.90 5.60 2.00 8.60 0.40 6.80 4.00 5.70 8.90 3.20 5.70
4.50 9.20 5.60 1.40 4.00 1.40 0.60 1.90 4.60 8.50 8.20 1.90 5.60 6.10 8.10 8.50 5.70 5.30 8.20 3.20
7.10 2.50 6.00 7.20 3.00 5.70 5.40 1.80 3.60 7.70 4.20 9.00 9.90 2.30 0.50 2.90 5.20 6.90 4.20 9.70
5.80 7.20 7.20 2.10 4.00 5.70 6.60 6.00 0.50 4.50 6.40 1.00 9.90 7.30 0.40 5.40 0.40 2.50 0.10 3.00
9.20 4.20 2.40 5.70 5.60 4.00 3.00 8.40 1.90 8.30 6.30 2.70 9.50 0.60 3.40 9.60 5.20 4.80 9.30 7.30
0.50 7.70 2.90 4.20 4.00 0.70 3.20 8.00 7.00 9.70 1.00 7.60 2.20 5.80 3.50 4.50 4.00 4.00 4.10 4.60
2.10 7.00 6.40 2.40 7.50 9.50 0.50 6.20 6.10 4.30 0.70 5.80 3.00 6.90 5.60 4.90 9.90 5.90 0.30 9.10
4.50 6.60 2.90 8.80 0.50 5.30 6.80 2.00 2.00 6.40 6.90 6.70 2.60 6.00 3.10 8.50 8.70 0.30 0.20 5.20
4.30 1.50 0.30 7.80 8.10 5.20 8.60 3.30 0.30 2.90 9.20 2.80 4.10 5.00 8.10 0.50 4.60 4.50 4.30 9.70
1.20 1.50 9.70 7.50 8.70 0.20 9.80 1.90 9.80 0.20 1.20 5.40 6.20 2.70 3.20 4.80 4.90 1.50 8.00 1.90
5.30 5.10 5.00 5.30 1.40 4.30 8.70 8.50 5.10 2.70 4.40 6.60 1.50 6.40 5.80 4.50 3.70 7.00 6.70 2.80
2.90 7.80 9.70 8.00 6.10 9.40 1.50 5.00 0.30 9.10 9.30 4.60 0.20 2.90 1.00 2.40 6.80 3.30 0.60 2.10
1.40 8.90 8.30 8.80 0.40 8.50 7.50 0.20 5.60 4.00 8.30 7.80 1.00 4.30 6.40 4.30 8.60 3.00 9.90 1.60
4.90 5.00 8.90 2.00 9.40 7.50 3.40 3.90 4.70 9.60 1.60 9.10 4.80 8.80 2.50 6.20 1.00 8.80 9.70 8.10
8.50 7.40 0.20 0.40 2.20 8.40 8.60 8.80 4.60 6.60 6.50 8.50 9.30 0.20 6.90 4.60 4.10 4.00 7.00 5.90
9.00 5.70 9.60 3.00 3.60 4.20 0.10 9.40 8.60 6.20 9.50 0.30 5.00 6.90 8.90 2.70 2.20 8.80 2.40 4.50
1.20 0.70 2.80 5.20 9.50 2.70 0.40 6.70 9.20 7.50 6.00 4.90 5.10 1.70 3.20 0.50 9.00 1.30 4.80 6.30
4.80 6.50 8.30 3.20 7.90 4.00 6.00 8.50 9.20 5.00 6.00 7.40 3.90 5.60 2.50 1.20 9.30 8.80 0.90 4.90
1.30 8.90 4.70 8.20 4.20 6.60 7.50 1.80 2.50 6.80 6.20 2.30 2.60 2.10 6.30 8.90 2.50 7.70 5.60 4.20
7.50 8.70 9.00 2.80 8.40 4.80 8.80 3.10 1.40 0.10 0.30 6.00 8.60 4.20 6.20 3.40 3.70 8.00 1.10 3.80
6.90 0.60 5.60 3.60 9.20 8.10 1.10 7.20 0.10 6.80 4.40 6.10 2.10 2.80 0.30 8.80 1.90 1.40 4.50 8.30
3.40 3.10 5.70 9.80 8.70 9.20 2.30 9.60 3.90 9.10 2.30 5.70 8.30 6.50 9.90 5.70 9.60 7.90 9.30 5.20
1.90 7.00 6.90 7.70 6.00 3.00 3.30 8.80 4.20 5.00 1.40 7.90 5.20 7.90 3.30 0.60 3.40 8.70 8.40 9.20
5.50 2.50 8.80 7.10 1.60 4.90 2.00 4.10 2.30 7.80 9.80 0.40 2.50 1.90 5.70 7.60 0.10 5.10 4.40 3.60
4.40 3.60 5.40 1.60 7.60 8.60 8.50 8.90 4.50 6.70 5.30 5.90 1.40 7.80 9.30 3.40 0.60 1.60 2.20 2.20
2.20 8.80 9.40 9.10 3.20 2.60 6.90 7.60 2.80 2.30 1.00 5.30 6.60 2.00 0.10 6.70 4.00 9.60 2.60 4.90
6.00 2.50 9.00 7.90 8.80 9.10 3.20 9.30 0.90 3.60 3.10 1.50 2.00 0.20 3.50 5.10 3.40 9.50 7.00 6.30
4.50 9.40 6.20 1.00 1.90 7.80 1.40 3.60 2.30 9.20 3.00 2.10 6.00 3.70 1.80 1.10 8.20 4.90 8.40 5.60
3.80 6.60 9.70 2.80 7.20 4.10 8.90 0.40 2.90 6.50 8.10 7.30 3.80 9.00 8.40 8.20 5.10 4.40 7.90 4.40
7.80 9.50 6.70 8.00 1.00 5.30 1.20 2.10 9.40 1.30 4.60 0.40 4.80 4.20 5.30 9.30 6.70 6.50 8.20 5.10
7.30 7.70 5.90 6.00 8.70 5.00 5.60 9.10 6.50 0.50 3.80 1.40 3.10 5.30 4.90 8.20 4.50 5.90 8.40 7.50
5.90 1.00 2.20 8.60 7.80 7.40 2.60 7.60 5.50 6.20 3.70 5.20 8.80 3.20 5.20 4.80 3.80 4.90 5.40 3.40
4.60 2.60 2.40 8.10 7.50 6.90 5.70 8.60 8.00 6.00 6.40 4.70 0.50 2.60 5.70 0.30 7.40 6.30 2.70 0.80
4.70 5.80 8.70 2.00 3.90 4.80 2.40 4.70 9.20 0.70 3.60 6.60 7.30 7.40 8.50 6.70 9.10 9.50 1.50 0.60
9.50 0.80 9.90 0.30 5.80 9.10 5.70 8.90 2.30 5.60 9.00 9.30 2.90 9.50 4.50 5.50 8.10 8.10 8.90 4.80
2.50 9.50 6.20 4.60 7.10 2.00 8.50 8.10 2.50 1.90 9.30 6.50 9.50 8.90 8.40 2.20 4.20 4.70 8.80 0.80
5.80 2.00 1.80 5.70 4.50 2.00 0.30 8.80 4.40 2.30 9.00 9.10 6.60 6.80 5.20 5.60 2.70 7.80 6.50 2.90
6.10 4.60 7.00 5.80 4.30 5.30 0.90 4.10 1.40 8.40 7.10 6.10 7.30 3.40 5.20 6.20 5.50 3.40 8.40 0.80
9.20 4.90 9.40 7.60 3.40 7.50 0.50 1.80 5.40 5.00 1.50 5.50 8.40 6.50 9.30 1.80 6.60 8.40 2.80 1.20
0.80 3.70 8.50 6.30 0.90 7.80 7.60 4.90 4.80 1.70 3.80 7.60 4.10 1.00 6.60 8.90 9.40 2.90 2.00 6.10
8.80 7.60 4.30 1.30 2.80 9.10 1.50 2.20 1.50 7.70 5.70 6.40 4.00 6.30 9.00 2.10 1.00 7.20 6.40 6.00
6.40 1.10 4.80 8.10 0.70 8.40 6.20 5.90 4.50 6.30 6.30 4.50 5.90 5.10 4.90 8.40 8.10 1.00 4.30 3.20
9.30 2.40 5.10 8.50 8.40 4.90 8.30 9.60 2.50 2.50 3.80 5.80 7.60 0.40 8.30 7.20 3.30 3.90 9.20 6.40
2.90 7.20 9.10 8.20 4.20 3.90 6.40 7.00 3.60 1.70 3.50 2.50 9.20 5.80 8.90 6.60 1.20 8.00 3.00 1.30
2.00 7.50 1.60 9.20 7.20 1.90 4.60 8.50 4.90 7.30 6.00 9.80 6.30 8.10 7.60 3.80 9.00 0.10 3.30 7.10
4.50 5.80 3.10 5.20 5.70 2.90 4.30 4.60 7.20 6.20 5.60 0.50 7.70 7.60 9.60 3.10 2.20 6.40 3.90 5.90
4.60 4.60 5.70 0.80 5.60 7.70 2.60 7.50 5.70 1.00 1.40 6.40 6.20 4.80 6.50 3.80 0.40 8.90 6.80 9.10
7.80 0.20 5.10 0.60 2.50 0.10 1.30 1.00 1.40 6.30 1.70 3.10 6.90 8.00 6.00 0.90 6.50 3.70 8.50 6.80
3.70 8.30 0.90 5.20 3.30 0.50 4.90 0.70 4.10 6.40 2.90 3.80 8.00 5.30 8.90 8.20 3.40 8.30 1.10 8.20
4.90 1.40 2.80 1.20 3.30 8.40 5.70 0.50 9.10 2.50 7.10 3.70 7.30 5.30 8.70 8.80 5.40 6.60 1.40 9.80
0.20 7.70 3.70 6.50 8.00 3.40 3.70 1.80 7.20 0.10 6.00 3.90 8.40 7.10 7.10 3.90 1.90 0.80 6.50 7.60
1.80 6.80 8.90 2.60 6.90 1.30 4.80 4.20 8.40 5.00 8.60 6.20 9.30 6.50 0.10 7.80 4.80 4.20 0.70 3.50
9.20 8.10 8.30 6.70 8.70 1.90 1.00 9.20 6.10 0.70 2.40 5.70 8.90 0.30 2.10 0.90 8.70 9.70 7.70 7.80
4.10 8.10 3.30 1.40 9.40 8.00 1.30 8.60 9.70 5.90 1.40 6.90 9.00 9.60 3.50 1.70 6.50 0.60 8.10 5.80
3.10 5.60 9.40 6.40 9.00 2.10 3.40 5.90 9.00 9.30 1.40 4.10 8.90 4.40 1.10 5.70 2.90 4.80 6.90 8.10
2.90 3.70 4.40 0.80 6.60 8.70 4.60 9.00 3.40 9.50 6.90 2.50 9.40 6.70 6.10 2.20 3.40 4.60 8.90 2.60
9.20 4.10 7.60 4.00 9.30 0.40 5.60 8.70 1.30 4.10 1.80 0.30 1.30 3.80 3.40 6.70 8.50 6.30 1.20 0.30
8.70 9.60 8.20 8.60 2.30 7.60 9.30 8.20 4.70 2.00 9.40 8.60 7.00 9.60 8.90 5.20 1.70 6.70 4.60 8.00
6.50 5.30 1.00 4.70 8.40 9.10 8.00 1.00 5.10 6.90 9.90 9.70 3.50 5.40 6.70 6.60 9.90 0.90 3.70 9.00
2.20 8.80 8.10 8.30 8.40 5.40 8.40 7.90 5.10 3.70 1.30 3.70 4.10 1.40 5.40 4.50 8.00 5.30 5.30 3.90
6.10 6.60 7.40 5.80 5.60 5.60 8.10 6.40 4.10 2.10 4.10 8.30 0.20 9.90 6.80 0.90 9.10 9.10 4.60 9.00
9.00 5.00 5.50 8.30 9.00 0.90 1.50 5.00 1.00 9.10 4.90 7.80 4.40 6.40 7.70 6.70 9.40 5.00 0.80 3.20
8.90 4.00 9.20 9.50 5.80 7.90 8.60 0.40 8.10 1.20 2.00 8.60 9.40 9.10 2.90 3.80 7.90 8.60 2.80 3.20
9.70 2.80 2.60 5.60 6.90 2.00 7.60 2.90 2.50 6.40 3.50 9.80 1.20 0.90 5.80 5.40 8.20 5.50 0.60 3.40
1.50 6.50 2.70 6.50 0.60 6.20 2.40 0.80 0.50 9.40 8.50 2.20 5.90 2.10 9.20 1.00 7.80 3.80 6.30 6.90
7.50 7.60 8.60 2.30 3.10 5.90 3.90 0.60 8.50 0.50 0.90 0.90 6.20 9.30 4.00 9.60 6.40 6.80 4.80 8.10
7.70 8.90 3.20 3.20 9.80 4.30 5.70 6.00 5.60 3.20 8.70 2.20 7.70 0.70 8.80 0.20 6.90 7.30 5.50 5.50
6.50 1.60 2.80 4.30 4.30 1.90 7.60 7.90 1.80 2.60 2.70 4.40 5.10 4.80 9.70 5.80 2.60 6.80 6.90 1.30
2.10 4.80 7.50 9.10 3.40 9.20 8.10 8.50 3.60 1.60 2.80 3.70 6.40 8.00 4.60 9.60 6.00 9.10 2.20 1.50
5.60 9.10 6.70 1.80 5.60 0.70 8.60 3.50 1.80 5.50 1.30 3.20 0.40 0.10 2.20 2.60 4.80 0.50 4.20 1.70
5.30 8.30 9.10 2.70 4.90 9.40 7.80 3.50 6.20 7.50 9.00 0.30 9.80 4.60 4.40 9.90 3.40 5.80 4.70 8.70
0.90 8.40 4.80 7.90 9.80 5.50 9.40 5.10 5.50 2.70 4.60 5.40 4.20 5.80 9.70 7.20 4.70 5.60 1.50 1.10
8.60 1.80 5.80 5.30 8.20 3.40 3.30 3.50 7.00 9.00 5.50 7.10 7.70 3.50 5.20 6.90 7.40 1.70 6.90 1.20
7.50 0.20 2.30 8.70 6.80 1.40 1.00 2.40 2.20 8.40 7.80 8.60 8.10 2.70 6.60 1.10 7.60 3.50 3.40 4.80
0.70 6.30 1.70 9.70 3.20 7.00 2.70 6.50 2.10 8.60 5.20 4.90 2.00 5.50 2.80 5.50 3.80 4.20 2.50 0.20
8.80 2.70 1.80 7.90 8.30 8.80 1.20 1.50 5.00 1.40 1.60 8.90 5.40 8.00 9.90 8.20 2.30 5.50 2.10 6.50
3.80 3.90 3.70 9.90 4.50 5.80 5.50 1.10 4.40 0.70 0.70 2.70 4.50 4.00 6.80 5.90 2.30 1.70 3.30 3.50
6.90 1.40 7.80 1.80 7.70 0.70 9.70 9.90 3.90 3.60 1.50 5.00 1.50 1.30 0.40 2.50 5.30 2.80 9.30 9.80
