# nJobs | nMachines
20 10
# Job Weights
100
25
97
76
68
74
73
8
59
10
12
4
5
100
62
98
53
94
52
36
# P_bar : m1 | m2 | m3 | m4 | m5 | m6 | m7 | m8 | m9 | m10
39 9 72 93 8 75 16 98 65 21
16 19 13 77 83 70 98 49 93 98
84 71 49 20 29 16 85 46 14 61
51 7 37 1 87 72 63 66 73 78
19 23 89 60 77 85 10 63 97 6
57 7 37 36 15 94 14 88 17 34
33 65 58 85 26 49 82 41 91 53
1 56 4 18 97 40 39 13 71 63
23 37 13 97 44 64 23 43 59 3
39 87 48 24 85 98 29 54 45 50
27 43 4 60 22 46 30 69 45 29
37 4 43 28 17 18 99 97 21 29
37 92 18 94 47 47 34 10 98 20
1 75 9 34 30 2 16 51 64 68
82 86 81 61 10 77 34 95 50 84
24 26 66 10 84 74 28 51 74 29
28 17 82 4 13 77 69 92 77 75
98 7 21 83 26 32 85 71 32 85
74 80 60 91 16 65 50 98 70 98
36 24 26 38 48 91 58 33 95 68
# P_hat : m1 | m2 | m3 | m4 | m5 | m6 | m7 | m8 | m9 | m10
7.80 1.80 14.40 18.60 1.60 15.00 3.20 19.60 13.00 4.20
3.20 3.80 2.60 15.40 16.60 14.00 19.60 9.80 18.60 19.60
16.80 14.20 9.80 4.00 5.80 3.20 17.00 9.20 2.80 12.20
10.20 1.40 7.40 0.20 17.40 14.40 12.60 13.20 14.60 15.60
3.80 4.60 17.80 12.00 15.40 17.00 2.00 12.60 19.40 1.20
11.40 1.40 7.40 7.20 3.00 18.80 2.80 17.60 3.40 6.80
6.60 13.00 11.60 17.00 5.20 9.80 16.40 8.20 18.20 10.60
0.20 11.20 0.80 3.60 19.40 8.00 7.80 2.60 14.20 12.60
4.60 7.40 2.60 19.40 8.80 12.80 4.60 8.60 11.80 0.60
7.80 17.40 9.60 4.80 17.00 19.60 5.80 10.80 9.00 10.00
5.40 8.60 0.80 12.00 4.40 9.20 6.00 13.80 9.00 5.80
7.40 0.80 8.60 5.60 3.40 3.60 19.80 19.40 4.20 5.80
7.40 18.40 3.60 18.80 9.40 9.40 6.80 2.00 19.60 4.00
0.20 15.00 1.80 6.80 6.00 0.40 3.20 10.20 12.80 13.60
16.40 17.20 16.20 12.20 2.00 15.40 6.80 19.00 10.00 16.80
4.80 5.20 13.20 2.00 16.80 14.80 5.60 10.20 14.80 5.80
5.60 3.40 16.40 0.80 2.60 15.40 13.80 18.40 15.40 15.00
19.60 1.40 4.20 16.60 5.20 6.40 17.00 14.20 6.40 17.00
14.80 16.00 12.00 18.20 3.20 13.00 10.00 19.60 14.00 19.60
7.20 4.80 5.20 7.60 9.60 18.20 11.60 6.60 19.00 13.60
