# nJobs | nMachines
100 10
# Job Weights
48
83
84
10
64
68
58
81
92
54
75
77
44
92
41
4
37
72
67
48
24
90
56
33
27
97
16
44
92
85
52
34
13
29
65
10
54
55
10
30
39
45
40
15
26
13
45
52
52
31
24
73
97
39
74
41
19
4
17
12
45
97
67
69
36
31
3
91
9
87
42
73
52
94
93
57
53
12
77
94
20
84
76
60
47
77
92
6
69
65
55
89
30
20
1
81
1
25
46
45
# P_bar : m1 | m2 | m3 | m4 | m5 | m6 | m7 | m8 | m9 | m10
30 98 75 45 56 56 63 94 63 72
26 1 92 57 59 76 47 73 77 52
71 11 78 14 22 27 36 7 44 40
3 71 26 59 2 87 26 25 15 79
56 3 54 10 46 7 80 9 45 70
61 59 3 18 4 68 14 31 82 53
21 80 46 87 31 9 50 13 54 32
2 50 29 40 90 8 44 54 59 47
18 33 39 21 2 45 43 11 10 70
76 22 10 59 75 54 94 81 21 38
77 97 65 92 25 23 72 25 40 76
37 69 74 12 58 13 89 61 30 19
2 91 97 88 59 91 22 34 23 46
9 64 31 51 39 82 16 98 73 52
75 44 35 49 27 25 2 53 94 60
61 85 53 85 97 92 23 26 4 49
96 94 57 93 84 21 92 91 47 60
44 8 27 60 40 35 25 43 63 1
24 26 1 20 22 81 63 23 42 19
8 8 11 41 29 51 90 29 29 12
6 23 33 94 95 48 98 38 20 76
8 8 41 46 70 47 74 51 43 12
90 93 78 5 25 34 23 13 93 65
15 36 42 20 92 19 4 97 1 22
48 5 20 89 45 82 30 94 59 7
95 66 86 43 57 57 8 27 23 26
88 69 60 88 26 72 76 90 59 40
62 73 42 47 47 19 28 2 12 34
53 63 42 86 12 38 79 14 11 99
23 47 59 13 96 70 47 36 47 95
60 14 53 54 67 96 92 48 62 76
89 38 55 46 1 38 19 71 54 7
84 40 43 84 79 41 17 25 42 25
28 86 70 73 23 90 15 1 5 55
79 3 99 10 33 18 76 58 64 96
45 39 9 92 11 15 68 64 24 42
14 68 20 73 77 25 74 47 39 44
72 32 26 19 4 61 13 2 30 42
31 26 72 41 56 54 12 29 76 21
32 83 20 44 12 27 84 18 20 15
25 7 32 39 86 15 33 52 35 99
88 37 21 83 10 66 32 6 45 41
35 81 28 24 48 27 24 32 42 55
66 66 23 85 56 5 37 54 7 17
85 67 2 14 10 48 7 6 23 20
20 12 37 31 52 67 12 47 40 55
3 50 23 62 1 22 24 55 59 72
18 55 77 60 30 46 56 60 28 57
66 8 86 1 41 56 10 88 68 81
74 35 13 80 68 41 16 65 84 57
75 81 94 92 34 22 97 31 38 84
39 72 2 11 60 70 38 94 14 89
14 5 22 47 48 13 70 78 55 66
58 6 18 41 61 12 60 84 22 89
27 37 10 91 83 30 31 88 88 59
42 75 43 82 76 46 5 80 57 17
44 53 25 1 32 6 1 6 86 98
91 57 46 4 17 81 37 5 84 22
49 16 3 71 61 59 86 3 22 3
16 29 20 89 84 28 27 62 39 75
80 98 88 89 25 96 49 48 48 41
39 82 56 82 50 82 27 97 84 63
83 33 58 38 62 38 2 93 91 5
19 25 43 58 32 40 36 34 55 69
39 12 37 92 54 42 24 23 23 12
64 55 19 34 40 58 99 76 42 14
59 17 16 77 3 86 55 33 10 93
19 15 4 81 43 72 31 84 63 86
59 93 8 92 17 45 63 77 78 93
63 2 25 27 49 98 34 80 56 14
72 56 68 5 36 71 86 59 9 88
77 28 12 11 89 77 35 57 40 28
39 49 73 98 61 91 11 91 99 56
44 75 73 11 67 78 32 4 34 60
25 81 47 27 93 41 20 54 40 8
4 62 43 13 53 52 15 31 44 70
73 25 16 48 55 45 14 2 18 88
4 1 13 77 60 39 5 21 79 29
3 91 42 52 21 3 30 58 28 33
27 70 42 58 59 11 61 90 44 91
64 49 78 50 38 17 60 91 12 78
12 47 47 98 98 91 47 41 6 2
97 93 45 61 79 10 1 65 68 46
43 21 45 20 98 53 94 87 66 42
7 77 21 17 83 71 82 87 29 89
54 6 28 23 3 55 72 91 43 5
29 93 87 58 70 7 85 46 13 51
72 68 24 76 3 27 89 40 89 76
75 98 85 51 47 35 96 95 61 57
76 12 35 5 49 18 79 95 8 78
36 72 83 63 60 82 12 44 90 31
74 16 34 33 73 37 17 13 82 5
96 20 54 86 8 89 60 61 88 19
88 92 35 16 37 60 16 67 16 95
66 31 43 57 43 25 24 37 63 37
62 17 28 14 36 60 97 82 70 6
3 24 4 78 47 28 95 84 72 38
25 43 39 69 80 17 5 75 93 36
40 7 98 66 7 91 35 9 97 39
4 92 72 27 66 94 92 4 3 36
# P_hat : m1 | m2 | m3 | m4 | m5 | m6 | m7 | m8 | m9 | m10
3.00 9.80 7.50 4.50 5.60 5.60 6.30 9.40 6.30 7.20
2.60 0.10 9.20 5.70 5.90 7.60 4.70 7.30 7.70 5.20
7.10 1.10 7.80 1.40 2.20 2.70 3.60 0.70 4.40 4.00
0.30 7.10 2.60 5.90 0.20 8.70 2.60 2.50 1.50 7.90
5.60 0.30 5.40 1.00 4.60 0.70 8.00 0.90 4.50 7.00
6.10 5.90 0.30 1.80 0.40 6.80 1.40 3.10 8.20 5.30
2.10 8.00 4.60 8.70 3.10 0.90 5.00 1.30 5.40 3.20
0.20 5.00 2.90 4.00 9.00 0.80 4.40 5.40 5.90 4.70
1.80 3.30 3.90 2.10 0.20 4.50 4.30 1.10 1.00 7.00
7.60 2.20 1.00 5.90 7.50 5.40 9.40 8.10 2.10 3.80
7.70 9.70 6.50 9.20 2.50 2.30 7.20 2.50 4.00 7.60
3.70 6.90 7.40 1.20 5.80 1.30 8.90 6.10 3.00 1.90
0.20 9.10 9.70 8.80 5.90 9.10 2.20 3.40 2.30 4.60
0.90 6.40 3.10 5.10 3.90 8.20 1.60 9.80 7.30 5.20
7.50 4.40 3.50 4.90 2.70 2.50 0.20 5.30 9.40 6.00
6.10 8.50 5.30 8.50 9.70 9.20 2.30 2.60 0.40 4.90
9.60 9.40 5.70 9.30 8.40 2.10 9.20 9.10 4.70 6.00
4.40 0.80 2.70 6.00 4.00 3.50 2.50 4.30 6.30 0.10
2.40 2.60 0.10 2.00 2.20 8.10 6.30 2.30 4.20 1.90
0.80 0.80 1.10 4.10 2.90 5.10 9.00 2.90 2.90 1.20
0.60 2.30 3.30 9.40 9.50 4.80 9.80 3.80 2.00 7.60
0.80 0.80 4.10 4.60 7.00 4.70 7.40 5.10 4.30 1.20
9.00 9.30 7.80 0.50 2.50 3.40 2.30 1.30 9.30 6.50
1.50 3.60 4.20 2.00 9.20 1.90 0.40 9.70 0.10 2.20
4.80 0.50 2.00 8.90 4.50 8.20 3.00 9.40 5.90 0.70
9.50 6.60 8.60 4.30 5.70 5.70 0.80 2.70 2.30 2.60
8.80 6.90 6.00 8.80 2.60 7.20 7.60 9.00 5.90 4.00
6.20 7.30 4.20 4.70 4.70 1.90 2.80 0.20 1.20 3.40
5.30 6.30 4.20 8.60 1.20 3.80 7.90 1.40 1.10 9.90
2.30 4.70 5.90 1.30 9.60 7.00 4.70 3.60 4.70 9.50
6.00 1.40 5.30 5.40 6.70 9.60 9.20 4.80 6.20 7.60
8.90 3.80 5.50 4.60 0.10 3.80 1.90 7.10 5.40 0.70
8.40 4.00 4.30 8.40 7.90 4.10 1.70 2.50 4.20 2.50
2.80 8.60 7.00 7.30 2.30 9.00 1.50 0.10 0.50 5.50
7.90 0.30 9.90 1.00 3.30 1.80 7.60 5.80 6.40 9.60
4.50 3.90 0.90 9.20 1.10 1.50 6.80 6.40 2.40 4.20
1.40 6.80 2.00 7.30 7.70 2.50 7.40 4.70 3.90 4.40
7.20 3.20 2.60 1.90 0.40 6.10 1.30 0.20 3.00 4.20
3.10 2.60 7.20 4.10 5.60 5.40 1.20 2.90 7.60 2.10
3.20 8.30 2.00 4.40 1.20 2.70 8.40 1.80 2.00 1.50
2.50 0.70 3.20 3.90 8.60 1.50 3.30 5.20 3.50 9.90
8.80 3.70 2.10 8.30 1.00 6.60 3.20 0.60 4.50 4.10
3.50 8.10 2.80 2.40 4.80 2.70 2.40 3.20 4.20 5.50
6.60 6.60 2.30 8.50 5.60 0.50 3.70 5.40 0.70 1.70
8.50 6.70 0.20 1.40 1.00 4.80 0.70 0.60 2.30 2.00
2.00 1.20 3.70 3.10 5.20 6.70 1.20 4.70 4.00 5.50
0.30 5.00 2.30 6.20 0.10 2.20 2.40 5.50 5.90 7.20
1.80 5.50 7.70 6.00 3.00 4.60 5.60 6.00 2.80 5.70
6.60 0.80 8.60 0.10 4.10 5.60 1.00 8.80 6.80 8.10
7.40 3.50 1.30 8.00 6.80 4.10 1.60 6.50 8.40 5.70
7.50 8.10 9.40 9.20 3.40 2.20 9.70 3.10 3.80 8.40
3.90 7.20 0.20 1.10 6.00 7.00 3.80 9.40 1.40 8.90
1.40 0.50 2.20 4.70 4.80 1.30 7.00 7.80 5.50 6.60
5.80 0.60 1.80 4.10 6.10 1.20 6.00 8.40 2.20 8.90
2.70 3.70 1.00 9.10 8.30 3.00 3.10 8.80 8.80 5.90
4.20 7.50 4.30 8.20 7.60 4.60 0.50 8.00 5.70 1.70
4.40 5.30 2.50 0.10 3.20 0.60 0.10 0.60 8.60 9.80
9.10 5.70 4.60 0.40 1.70 8.10 3.70 0.50 8.40 2.20
4.90 1.60 0.30 7.10 6.10 5.90 8.60 0.30 2.20 0.30
1.60 2.90 2.00 8.90 8.40 2.80 2.70 6.20 3.90 7.50
8.00 9.80 8.80 8.90 2.50 9.60 4.90 4.80 4.80 4.10
3.90 8.20 5.60 8.20 5.00 8.20 2.70 9.70 8.40 6.30
8.30 3.30 5.80 3.80 6.20 3.80 0.20 9.30 9.10 0.50
1.90 2.50 4.30 5.80 3.20 4.00 3.60 3.40 5.50 6.90
3.90 1.20 3.70 9.20 5.40 4.20 2.40 2.30 2.30 1.20
6.40 5.50 1.90 3.40 4.00 5.80 9.90 7.60 4.20 1.40
5.90 1.70 1.60 7.70 0.30 8.60 5.50 3.30 1.00 9.30
1.90 1.50 0.40 8.10 4.30 7.20 3.10 8.40 6.30 8.60
5.90 9.30 0.80 9.20 1.70 4.50 6.30 7.70 7.80 9.30
6.30 0.20 2.50 2.70 4.90 9.80 3.40 8.00 5.60 1.40
7.20 5.60 6.80 0.50 3.60 7.10 8.60 5.90 0.90 8.80
7.70 2.80 1.20 1.10 8.90 7.70 3.50 5.70 4.00 2.80
3.90 4.90 7.30 9.80 6.10 9.10 1.10 9.10 9.90 5.60
4.40 7.50 7.30 1.10 6.70 7.80 3.20 0.40 3.40 6.00
2.50 8.10 4.70 2.70 9.30 4.10 2.00 5.40 4.00 0.80
0.40 6.20 4.30 1.30 5.30 5.20 1.50 3.10 4.40 7.00
7.30 2.50 1.60 4.80 5.50 4.50 1.40 0.20 1.80 8.80
0.40 0.10 1.30 7.70 6.00 3.90 0.50 2.10 7.90 2.90
0.30 9.10 4.20 5.20 2.10 0.30 3.00 5.80 2.80 3.30
2.70 7.00 4.20 5.80 5.90 1.10 6.10 9.00 4.40 9.10
6.40 4.90 7.80 5.00 3.80 1.70 6.00 9.10 1.20 7.80
1.20 4.70 4.70 9.80 9.80 9.10 4.70 4.10 0.60 0.20
9.70 9.30 4.50 6.10 7.90 1.00 0.10 6.50 6.80 4.60
4.30 2.10 4.50 2.00 9.80 5.30 9.40 8.70 6.60 4.20
0.70 7.70 2.10 1.70 8.30 7.10 8.20 8.70 2.90 8.90
5.40 0.60 2.80 2.30 0.30 5.50 7.20 9.10 4.30 0.50
2.90 9.30 8.70 5.80 7.00 0.70 8.50 4.60 1.30 5.10
7.20 6.80 2.40 7.60 0.30 2.70 8.90 4.00 8.90 7.60
7.50 9.80 8.50 5.10 4.70 3.50 9.60 9.50 6.10 5.70
7.60 1.20 3.50 0.50 4.90 1.80 7.90 9.50 0.80 7.80
3.60 7.20 8.30 6.30 6.00 8.20 1.20 4.40 9.00 3.10
7.40 1.60 3.40 3.30 7.30 3.70 1.70 1.30 8.20 0.50
9.60 2.00 5.40 8.60 0.80 8.90 6.00 6.10 8.80 1.90
8.80 9.20 3.50 1.60 3.70 6.00 1.60 6.70 1.60 9.50
6.60 3.10 4.30 5.70 4.30 2.50 2.40 3.70 6.30 3.70
6.20 1.70 2.80 1.40 3.60 6.00 9.70 8.20 7.00 0.60
0.30 2.40 0.40 7.80 4.70 2.80 9.50 8.40 7.20 3.80
2.50 4.30 3.90 6.90 8.00 1.70 0.50 7.50 9.30 3.60
4.00 0.70 9.80 6.60 0.70 9.10 3.50 0.90 9.70 3.90
0.40 9.20 7.20 2.70 6.60 9.40 9.20 0.40 0.30 3.60
