# nJobs | nMachines
20 5
# Job Weights
35
14
80
27
99
14
21
19
44
78
53
44
78
77
73
4
81
77
16
66
# P_bar : m1 | m2 | m3 | m4 | m5
37 59 65 70 94
36 16 94 3 98
1 90 96 43 63
4 3 47 14 83
64 76 35 26 19
74 74 34 83 79
32 22 84 26 54
67 30 3 65 78
73 89 60 47 29
7 61 34 94 8
78 39 70 75 38
64 15 57 30 97
98 69 8 1 61
60 57 74 71 10
89 9 13 46 37
49 13 37 87 16
2 71 87 78 78
79 2 71 76 96
79 34 89 75 9
53 49 57 55 91
# P_hat : m1 | m2 | m3 | m4 | m5
3.70 5.90 6.50 7.00 9.40
3.60 1.60 9.40 0.30 9.80
0.10 9.00 9.60 4.30 6.30
0.40 0.30 4.70 1.40 8.30
6.40 7.60 3.50 2.60 1.90
7.40 7.40 3.40 8.30 7.90
3.20 2.20 8.40 2.60 5.40
6.70 3.00 0.30 6.50 7.80
7.30 8.90 6.00 4.70 2.90
0.70 6.10 3.40 9.40 0.80
7.80 3.90 7.00 7.50 3.80
6.40 1.50 5.70 3.00 9.70
9.80 6.90 0.80 0.10 6.10
6.00 5.70 7.40 7.10 1.00
8.90 0.90 1.30 4.60 3.70
4.90 1.30 3.70 8.70 1.60
0.20 7.10 8.70 7.80 7.80
7.90 0.20 7.10 7.60 9.60
7.90 3.40 8.90 7.50 0.90
5.30 4.90 5.70 5.50 9.10
