# nJobs | nMachines
20 5
# Job Weights
4
26
11
2
71
31
53
6
20
100
88
67
70
83
3
20
87
48
50
70
# P_bar : m1 | m2 | m3 | m4 | m5
61 27 42 13 55
86 92 93 47 48
16 8 32 6 56
42 65 30 70 84
14 34 16 19 22
92 6 95 97 51
67 42 58 41 43
77 39 12 1 50
46 2 95 57 62
41 7 21 60 61
78 85 74 62 10
3 32 38 14 87
72 14 4 90 99
95 74 31 76 40
53 59 62 12 91
59 95 39 89 64
34 48 97 37 62
66 37 57 35 53
42 59 9 91 33
63 4 54 69 16
# P_hat : m1 | m2 | m3 | m4 | m5
24.40 10.80 16.80 5.20 22.00
34.40 36.80 37.20 18.80 19.20
6.40 3.20 12.80 2.40 22.40
16.80 26.00 12.00 28.00 33.60
5.60 13.60 6.40 7.60 8.80
36.80 2.40 38.00 38.80 20.40
26.80 16.80 23.20 16.40 17.20
30.80 15.60 4.80 0.40 20.00
18.40 0.80 38.00 22.80 24.80
16.40 2.80 8.40 24.00 24.40
31.20 34.00 29.60 24.80 4.00
1.20 12.80 15.20 5.60 34.80
28.80 5.60 1.60 36.00 39.60
38.00 29.60 12.40 30.40 16.00
21.20 23.60 24.80 4.80 36.40
23.60 38.00 15.60 35.60 25.60
13.60 19.20 38.80 14.80 24.80
26.40 14.80 22.80 14.00 21.20
16.80 23.60 3.60 36.40 13.20
25.20 1.60 21.60 27.60 6.40
