# nJobs | nMachines
100 10
# Job Weights
60
78
8
48
13
32
32
62
3
21
84
90
97
75
53
5
5
68
92
66
5
66
8
79
24
4
6
24
99
35
41
85
37
2
15
37
58
89
77
79
33
17
74
1
100
8
96
55
20
96
18
66
27
33
68
36
63
32
79
81
93
56
98
28
100
77
56
63
29
25
69
93
100
50
97
50
61
94
21
62
74
63
28
3
2
67
31
10
9
23
71
94
92
71
4
36
35
78
25
87
# P_bar : m1 | m2 | m3 | m4 | m5 | m6 | m7 | m8 | m9 | m10
68 1 10 50 77 79 68 70 26 64
40 37 76 87 30 26 48 36 97 32
43 91 75 77 88 57 56 23 5 23
72 59 29 88 21 98 54 72 89 94
87 2 10 80 29 27 38 23 77 93
59 44 86 75 12 66 65 28 47 69
67 29 62 41 2 89 56 14 60 75
89 37 26 84 95 90 29 48 12 65
84 30 1 24 24 44 21 54 96 68
43 20 62 27 20 91 99 86 63 93
92 19 89 52 66 36 34 81 27 4
90 79 2 73 82 66 25 12 87 91
23 41 62 75 45 71 66 26 46 15
20 79 96 23 4 32 54 76 10 83
97 49 99 52 22 80 1 41 97 38
57 21 91 97 81 25 52 89 59 34
33 97 85 40 56 32 23 70 58 67
7 86 42 50 85 39 50 54 73 24
69 15 7 95 3 38 61 6 11 78
56 57 4 34 82 5 36 65 31 41
16 76 23 2 94 97 60 7 41 87
41 14 74 76 72 56 1 14 23 55
7 57 83 26 96 65 57 88 36 83
74 80 41 48 55 14 38 98 54 5
54 93 63 16 3 58 68 57 7 34
67 31 99 20 63 35 45 19 31 16
15 66 55 86 65 97 85 72 90 57
85 30 37 62 20 24 13 41 83 66
83 82 23 54 4 46 55 40 65 23
42 11 1 50 95 91 98 62 61 13
29 71 84 26 20 53 12 47 15 35
64 94 46 4 57 29 97 65 10 8
3 35 31 4 38 72 6 14 61 17
9 71 93 59 46 43 94 99 55 20
35 76 79 24 76 62 43 65 81 18
24 76 32 14 10 27 86 14 87 66
72 26 71 49 79 57 2 99 81 10
70 31 60 35 7 14 84 65 50 48
47 58 42 78 12 92 94 62 43 71
78 31 24 77 60 69 28 30 67 64
60 98 51 72 85 61 68 6 54 97
11 26 98 10 73 8 45 80 79 59
60 92 64 87 18 78 43 52 26 25
5 11 85 24 75 43 89 35 64 67
24 72 31 26 77 53 86 25 83 5
52 46 11 46 71 2 8 54 56 15
39 20 95 40 83 72 32 44 8 33
14 38 58 86 63 23 62 40 78 6
65 57 57 40 52 85 11 99 27 27
99 5 28 8 66 49 36 21 1 34
69 19 76 39 30 6 3 74 97 12
96 65 40 11 71 34 23 10 35 28
54 35 96 96 57 6 79 46 29 15
37 89 54 74 83 51 99 99 22 36
35 41 91 22 34 17 57 88 16 22
19 15 90 22 31 66 4 91 87 82
10 99 41 50 11 31 69 57 79 43
88 19 72 6 50 58 69 85 82 97
61 74 37 95 22 84 30 62 65 6
95 63 38 83 7 70 99 46 62 28
18 92 64 70 82 87 51 88 99 65
49 29 98 1 34 99 66 11 22 45
69 47 36 8 5 88 33 27 79 73
86 80 20 94 62 60 13 35 37 63
28 7 3 65 3 4 89 50 31 41
6 43 41 70 68 2 73 68 30 12
40 89 93 61 35 99 26 58 40 11
88 9 44 80 79 79 25 47 93 85
94 99 3 82 10 49 88 44 22 82
78 38 19 23 60 53 70 37 91 41
43 76 66 51 67 16 72 76 8 87
31 52 55 92 10 64 56 30 44 84
54 48 66 25 87 72 1 98 95 25
80 55 68 23 25 59 6 57 93 59
11 17 1 40 24 62 97 7 83 89
27 63 5 69 4 66 57 15 38 86
3 92 59 42 36 92 64 84 74 15
32 77 64 13 44 28 40 39 24 17
2 31 1 17 22 72 4 62 50 44
49 44 5 27 8 50 71 1 75 71
27 76 11 74 49 80 84 41 60 15
81 18 46 7 97 48 50 59 15 10
18 7 10 25 8 12 1 92 73 68
83 40 56 73 9 32 30 51 68 58
84 47 25 81 18 76 84 82 63 33
49 73 95 84 34 33 33 49 79 14
64 41 12 40 54 65 69 78 40 3
20 70 48 28 42 18 19 87 2 89
52 86 11 86 70 88 37 60 45 94
42 8 45 17 59 60 25 55 94 19
51 63 25 66 8 67 27 57 3 33
66 77 62 33 29 54 71 70 16 55
95 91 12 20 6 61 55 11 29 55
18 24 67 84 42 72 19 62 55 37
37 19 17 23 33 50 43 53 3 26
70 63 59 73 67 42 80 95 72 22
22 72 30 25 7 30 93 97 87 75
87 17 73 87 64 24 76 9 64 4
67 46 34 2 7 27 52 85 33 82
15 66 27 15 60 6 26 17 64 30
# P_hat : m1 | m2 | m3 | m4 | m5 | m6 | m7 | m8 | m9 | m10
34.00 0.50 5.00 25.00 38.50 39.50 34.00 35.00 13.00 32.00
20.00 18.50 38.00 43.50 15.00 13.00 24.00 18.00 48.50 16.00
21.50 45.50 37.50 38.50 44.00 28.50 28.00 11.50 2.50 11.50
36.00 29.50 14.50 44.00 10.50 49.00 27.00 36.00 44.50 47.00
43.50 1.00 5.00 40.00 14.50 13.50 19.00 11.50 38.50 46.50
29.50 22.00 43.00 37.50 6.00 33.00 32.50 14.00 23.50 34.50
33.50 14.50 31.00 20.50 1.00 44.50 28.00 7.00 30.00 37.50
44.50 18.50 13.00 42.00 47.50 45.00 14.50 24.00 6.00 32.50
42.00 15.00 0.50 12.00 12.00 22.00 10.50 27.00 48.00 34.00
21.50 10.00 31.00 13.50 10.00 45.50 49.50 43.00 31.50 46.50
46.00 9.50 44.50 26.00 33.00 18.00 17.00 40.50 13.50 2.00
45.00 39.50 1.00 36.50 41.00 33.00 12.50 6.00 43.50 45.50
11.50 20.50 31.00 37.50 22.50 35.50 33.00 13.00 23.00 7.50
10.00 39.50 48.00 11.50 2.00 16.00 27.00 38.00 5.00 41.50
48.50 24.50 49.50 26.00 11.00 40.00 0.50 20.50 48.50 19.00
28.50 10.50 45.50 48.50 40.50 12.50 26.00 44.50 29.50 17.00
16.50 48.50 42.50 20.00 28.00 16.00 11.50 35.00 29.00 33.50
3.50 43.00 21.00 25.00 42.50 19.50 25.00 27.00 36.50 12.00
34.50 7.50 3.50 47.50 1.50 19.00 30.50 3.00 5.50 39.00
28.00 28.50 2.00 17.00 41.00 2.50 18.00 32.50 15.50 20.50
8.00 38.00 11.50 1.00 47.00 48.50 30.00 3.50 20.50 43.50
20.50 7.00 37.00 38.00 36.00 28.00 0.50 7.00 11.50 27.50
3.50 28.50 41.50 13.00 48.00 32.50 28.50 44.00 18.00 41.50
37.00 40.00 20.50 24.00 27.50 7.00 19.00 49.00 27.00 2.50
27.00 46.50 31.50 8.00 1.50 29.00 34.00 28.50 3.50 17.00
33.50 15.50 49.50 10.00 31.50 17.50 22.50 9.50 15.50 8.00
7.50 33.00 27.50 43.00 32.50 48.50 42.50 36.00 45.00 28.50
42.50 15.00 18.50 31.00 10.00 12.00 6.50 20.50 41.50 33.00
41.50 41.00 11.50 27.00 2.00 23.00 27.50 20.00 32.50 11.50
21.00 5.50 0.50 25.00 47.50 45.50 49.00 31.00 30.50 6.50
14.50 35.50 42.00 13.00 10.00 26.50 6.00 23.50 7.50 17.50
32.00 47.00 23.00 2.00 28.50 14.50 48.50 32.50 5.00 4.00
1.50 17.50 15.50 2.00 19.00 36.00 3.00 7.00 30.50 8.50
4.50 35.50 46.50 29.50 23.00 21.50 47.00 49.50 27.50 10.00
17.50 38.00 39.50 12.00 38.00 31.00 21.50 32.50 40.50 9.00
12.00 38.00 16.00 7.00 5.00 13.50 43.00 7.00 43.50 33.00
36.00 13.00 35.50 24.50 39.50 28.50 1.00 49.50 40.50 5.00
35.00 15.50 30.00 17.50 3.50 7.00 42.00 32.50 25.00 24.00
23.50 29.00 21.00 39.00 6.00 46.00 47.00 31.00 21.50 35.50
39.00 15.50 12.00 38.50 30.00 34.50 14.00 15.00 33.50 32.00
30.00 49.00 25.50 36.00 42.50 30.50 34.00 3.00 27.00 48.50
5.50 13.00 49.00 5.00 36.50 4.00 22.50 40.00 39.50 29.50
30.00 46.00 32.00 43.50 9.00 39.00 21.50 26.00 13.00 12.50
2.50 5.50 42.50 12.00 37.50 21.50 44.50 17.50 32.00 33.50
12.00 36.00 15.50 13.00 38.50 26.50 43.00 12.50 41.50 2.50
26.00 23.00 5.50 23.00 35.50 1.00 4.00 27.00 28.00 7.50
19.50 10.00 47.50 20.00 41.50 36.00 16.00 22.00 4.00 16.50
7.00 19.00 29.00 43.00 31.50 11.50 31.00 20.00 39.00 3.00
32.50 28.50 28.50 20.00 26.00 42.50 5.50 49.50 13.50 13.50
49.50 2.50 14.00 4.00 33.00 24.50 18.00 10.50 0.50 17.00
34.50 9.50 38.00 19.50 15.00 3.00 1.50 37.00 48.50 6.00
48.00 32.50 20.00 5.50 35.50 17.00 11.50 5.00 17.50 14.00
27.00 17.50 48.00 48.00 28.50 3.00 39.50 23.00 14.50 7.50
18.50 44.50 27.00 37.00 41.50 25.50 49.50 49.50 11.00 18.00
17.50 20.50 45.50 11.00 17.00 8.50 28.50 44.00 8.00 11.00
9.50 7.50 45.00 11.00 15.50 33.00 2.00 45.50 43.50 41.00
5.00 49.50 20.50 25.00 5.50 15.50 34.50 28.50 39.50 21.50
44.00 9.50 36.00 3.00 25.00 29.00 34.50 42.50 41.00 48.50
30.50 37.00 18.50 47.50 11.00 42.00 15.00 31.00 32.50 3.00
47.50 31.50 19.00 41.50 3.50 35.00 49.50 23.00 31.00 14.00
9.00 46.00 32.00 35.00 41.00 43.50 25.50 44.00 49.50 32.50
24.50 14.50 49.00 0.50 17.00 49.50 33.00 5.50 11.00 22.50
34.50 23.50 18.00 4.00 2.50 44.00 16.50 13.50 39.50 36.50
43.00 40.00 10.00 47.00 31.00 30.00 6.50 17.50 18.50 31.50
14.00 3.50 1.50 32.50 1.50 2.00 44.50 25.00 15.50 20.50
3.00 21.50 20.50 35.00 34.00 1.00 36.50 34.00 15.00 6.00
20.00 44.50 46.50 30.50 17.50 49.50 13.00 29.00 20.00 5.50
44.00 4.50 22.00 40.00 39.50 39.50 12.50 23.50 46.50 42.50
47.00 49.50 1.50 41.00 5.00 24.50 44.00 22.00 11.00 41.00
39.00 19.00 9.50 11.50 30.00 26.50 35.00 18.50 45.50 20.50
21.50 38.00 33.00 25.50 33.50 8.00 36.00 38.00 4.00 43.50
15.50 26.00 27.50 46.00 5.00 32.00 28.00 15.00 22.00 42.00
27.00 24.00 33.00 12.50 43.50 36.00 0.50 49.00 47.50 12.50
40.00 27.50 34.00 11.50 12.50 29.50 3.00 28.50 46.50 29.50
5.50 8.50 0.50 20.00 12.00 31.00 48.50 3.50 41.50 44.50
13.50 31.50 2.50 34.50 2.00 33.00 28.50 7.50 19.00 43.00
1.50 46.00 29.50 21.00 18.00 46.00 32.00 42.00 37.00 7.50
16.00 38.50 32.00 6.50 22.00 14.00 20.00 19.50 12.00 8.50
1.00 15.50 0.50 8.50 11.00 36.00 2.00 31.00 25.00 22.00
24.50 22.00 2.50 13.50 4.00 25.00 35.50 0.50 37.50 35.50
13.50 38.00 5.50 37.00 24.50 40.00 42.00 20.50 30.00 7.50
40.50 9.00 23.00 3.50 48.50 24.00 25.00 29.50 7.50 5.00
9.00 3.50 5.00 12.50 4.00 6.00 0.50 46.00 36.50 34.00
41.50 20.00 28.00 36.50 4.50 16.00 15.00 25.50 34.00 29.00
42.00 23.50 12.50 40.50 9.00 38.00 42.00 41.00 31.50 16.50
24.50 36.50 47.50 42.00 17.00 16.50 16.50 24.50 39.50 7.00
32.00 20.50 6.00 20.00 27.00 32.50 34.50 39.00 20.00 1.50
10.00 35.00 24.00 14.00 21.00 9.00 9.50 43.50 1.00 44.50
26.00 43.00 5.50 43.00 35.00 44.00 18.50 30.00 22.50 47.00
21.00 4.00 22.50 8.50 29.50 30.00 12.50 27.50 47.00 9.50
25.50 31.50 12.50 33.00 4.00 33.50 13.50 28.50 1.50 16.50
33.00 38.50 31.00 16.50 14.50 27.00 35.50 35.00 8.00 27.50
47.50 45.50 6.00 10.00 3.00 30.50 27.50 5.50 14.50 27.50
9.00 12.00 33.50 42.00 21.00 36.00 9.50 31.00 27.50 18.50
18.50 9.50 8.50 11.50 16.50 25.00 21.50 26.50 1.50 13.00
35.00 31.50 29.50 36.50 33.50 21.00 40.00 47.50 36.00 11.00
11.00 36.00 15.00 12.50 3.50 15.00 46.50 48.50 43.50 37.50
43.50 8.50 36.50 43.50 32.00 12.00 38.00 4.50 32.00 2.00
33.50 23.00 17.00 1.00 3.50 13.50 26.00 42.50 16.50 41.00
7.50 33.00 13.50 7.50 30.00 3.00 13.00 8.50 32.00 15.00
