# nJobs | nMachines
50 5
# Job Weights
64
14
7
12
77
79
73
19
8
35
38
94
26
18
1
57
51
84
89
38
49
61
5
92
56
39
15
80
43
14
41
26
66
87
58
13
62
83
22
58
79
98
71
32
12
61
76
34
98
3
# P_bar : m1 | m2 | m3 | m4 | m5
17 33 98 90 75
43 98 90 93 68
13 67 4 35 39
20 81 39 65 71
41 43 79 66 31
94 72 76 10 43
18 32 53 48 5
28 66 77 81 32
8 97 10 27 6
71 36 2 49 56
82 36 97 61 56
42 67 31 73 72
90 1 62 60 23
76 47 28 88 95
62 87 74 42 50
95 12 60 62 53
74 91 53 28 27
80 21 74 55 8
33 6 88 58 18
91 6 11 55 81
35 1 88 90 57
80 38 92 61 54
79 69 7 73 99
68 77 80 3 20
97 3 67 74 10
98 75 27 94 19
3 64 21 30 18
22 53 43 81 53
52 18 59 9 73
80 10 30 87 10
32 97 17 58 74
75 18 4 42 93
78 48 7 59 22
36 70 21 48 75
46 60 83 29 84
16 75 44 83 9
36 94 70 60 27
93 14 30 83 32
39 53 39 76 51
19 90 35 43 83
95 19 8 90 70
91 42 6 14 13
49 86 92 84 1
35 15 39 10 81
93 58 55 15 13
11 7 34 38 98
93 65 98 90 58
6 40 47 80 28
96 51 99 19 3
19 61 16 15 21
# P_hat : m1 | m2 | m3 | m4 | m5
6.80 13.20 39.20 36.00 30.00
17.20 39.20 36.00 37.20 27.20
5.20 26.80 1.60 14.00 15.60
8.00 32.40 15.60 26.00 28.40
16.40 17.20 31.60 26.40 12.40
37.60 28.80 30.40 4.00 17.20
7.20 12.80 21.20 19.20 2.00
11.20 26.40 30.80 32.40 12.80
3.20 38.80 4.00 10.80 2.40
28.40 14.40 0.80 19.60 22.40
32.80 14.40 38.80 24.40 22.40
16.80 26.80 12.40 29.20 28.80
36.00 0.40 24.80 24.00 9.20
30.40 18.80 11.20 35.20 38.00
24.80 34.80 29.60 16.80 20.00
38.00 4.80 24.00 24.80 21.20
29.60 36.40 21.20 11.20 10.80
32.00 8.40 29.60 22.00 3.20
13.20 2.40 35.20 23.20 7.20
36.40 2.40 4.40 22.00 32.40
14.00 0.40 35.20 36.00 22.80
32.00 15.20 36.80 24.40 21.60
31.60 27.60 2.80 29.20 39.60
27.20 30.80 32.00 1.20 8.00
38.80 1.20 26.80 29.60 4.00
39.20 30.00 10.80 37.60 7.60
1.20 25.60 8.40 12.00 7.20
8.80 21.20 17.20 32.40 21.20
20.80 7.20 23.60 3.60 29.20
32.00 4.00 12.00 34.80 4.00
12.80 38.80 6.80 23.20 29.60
30.00 7.20 1.60 16.80 37.20
31.20 19.20 2.80 23.60 8.80
14.40 28.00 8.40 19.20 30.00
18.40 24.00 33.20 11.60 33.60
6.40 30.00 17.60 33.20 3.60
14.40 37.60 28.00 24.00 10.80
37.20 5.60 12.00 33.20 12.80
15.60 21.20 15.60 30.40 20.40
7.60 36.00 14.00 17.20 33.20
38.00 7.60 3.20 36.00 28.00
36.40 16.80 2.40 5.60 5.20
19.60 34.40 36.80 33.60 0.40
14.00 6.00 15.60 4.00 32.40
37.20 23.20 22.00 6.00 5.20
4.40 2.80 13.60 15.20 39.20
37.20 26.00 39.20 36.00 23.20
2.40 16.00 18.80 32.00 11.20
38.40 20.40 39.60 7.60 1.20
7.60 24.40 6.40 6.00 8.40
