# nJobs | nMachines
20 5
# Job Weights
77
14
86
20
71
63
81
63
11
43
35
46
63
97
44
51
51
100
33
16
# P_bar : m1 | m2 | m3 | m4 | m5
34 5 86 28 8
20 48 35 39 91
57 80 5 55 45
47 43 93 21 55
62 34 74 25 75
40 2 12 88 18
74 87 40 59 59
94 68 95 40 86
9 28 80 90 45
62 84 6 18 89
86 30 92 33 11
13 35 14 10 54
78 42 83 59 38
46 39 49 92 41
83 85 36 15 64
52 34 38 77 98
13 36 43 31 83
70 9 89 85 36
40 96 94 85 61
60 84 33 99 19
# P_hat : m1 | m2 | m3 | m4 | m5
3.40 0.50 8.60 2.80 0.80
2.00 4.80 3.50 3.90 9.10
5.70 8.00 0.50 5.50 4.50
4.70 4.30 9.30 2.10 5.50
6.20 3.40 7.40 2.50 7.50
4.00 0.20 1.20 8.80 1.80
7.40 8.70 4.00 5.90 5.90
9.40 6.80 9.50 4.00 8.60
0.90 2.80 8.00 9.00 4.50
6.20 8.40 0.60 1.80 8.90
8.60 3.00 9.20 3.30 1.10
1.30 3.50 1.40 1.00 5.40
7.80 4.20 8.30 5.90 3.80
4.60 3.90 4.90 9.20 4.10
8.30 8.50 3.60 1.50 6.40
5.20 3.40 3.80 7.70 9.80
1.30 3.60 4.30 3.10 8.30
7.00 0.90 8.90 8.50 3.60
4.00 9.60 9.40 8.50 6.10
6.00 8.40 3.30 9.90 1.90
