# nJobs | nMachines
20 10
# Job Weights
100
25
97
76
68
74
73
8
59
10
12
4
5
100
62
98
53
94
52
36
# P_bar : m1 | m2 | m3 | m4 | m5 | m6 | m7 | m8 | m9 | m10
39 9 72 93 8 75 16 98 65 21
16 19 13 77 83 70 98 49 93 98
84 71 49 20 29 16 85 46 14 61
51 7 37 1 87 72 63 66 73 78
19 23 89 60 77 85 10 63 97 6
57 7 37 36 15 94 14 88 17 34
33 65 58 85 26 49 82 41 91 53
1 56 4 18 97 40 39 13 71 63
23 37 13 97 44 64 23 43 59 3
39 87 48 24 85 98 29 54 45 50
27 43 4 60 22 46 30 69 45 29
37 4 43 28 17 18 99 97 21 29
37 92 18 94 47 47 34 10 98 20
1 75 9 34 30 2 16 51 64 68
82 86 81 61 10 77 34 95 50 84
24 26 66 10 84 74 28 51 74 29
28 17 82 4 13 77 69 92 77 75
98 7 21 83 26 32 85 71 32 85
74 80 60 91 16 65 50 98 70 98
36 24 26 38 48 91 58 33 95 68
# P_hat : m1 | m2 | m3 | m4 | m5 | m6 | m7 | m8 | m9 | m10
19.50 4.50 36.00 46.50 4.00 37.50 8.00 49.00 32.50 10.50
8.00 9.50 6.50 38.50 41.50 35.00 49.00 24.50 46.50 49.00
42.00 35.50 24.50 10.00 14.50 8.00 42.50 23.00 7.00 30.50
25.50 3.50 18.50 0.50 43.50 36.00 31.50 33.00 36.50 39.00
9.50 11.50 44.50 30.00 38.50 42.50 5.00 31.50 48.50 3.00
28.50 3.50 18.50 18.00 7.50 47.00 7.00 44.00 8.50 17.00
16.50 32.50 29.00 42.50 13.00 24.50 41.00 20.50 45.50 26.50
0.50 28.00 2.00 9.00 48.50 20.00 19.50 6.50 35.50 31.50
11.50 18.50 6.50 48.50 22.00 32.00 11.50 21.50 29.50 1.50
19.50 43.50 24.00 12.00 42.50 49.00 14.50 27.00 22.50 25.00
13.50 21.50 2.00 30.00 11.00 23.00 15.00 34.50 22.50 14.50
18.50 2.00 21.50 14.00 8.50 9.00 49.50 48.50 10.50 14.50
18.50 46.00 9.00 47.00 23.50 23.50 17.00 5.00 49.00 10.00
0.50 37.50 4.50 17.00 15.00 1.00 8.00 25.50 32.00 34.00
41.00 43.00 40.50 30.50 5.00 38.50 17.00 47.50 25.00 42.00
12.00 13.00 33.00 5.00 42.00 37.00 14.00 25.50 37.00 14.50
14.00 8.50 41.00 2.00 6.50 38.50 34.50 46.00 38.50 37.50
49.00 3.50 10.50 41.50 13.00 16.00 42.50 35.50 16.00 42.50
37.00 40.00 30.00 45.50 8.00 32.50 25.00 49.00 35.00 49.00
18.00 12.00 13.00 19.00 24.00 45.50 29.00 16.50 47.50 34.00
