# nJobs | nMachines
50 10
# Job Weights
16
62
83
9
89
15
67
23
23
23
76
89
68
40
17
97
47
69
51
28
23
64
16
68
21
36
48
13
91
57
68
42
69
13
22
95
38
91
86
16
24
12
69
65
41
51
20
41
9
63
# P_bar : m1 | m2 | m3 | m4 | m5 | m6 | m7 | m8 | m9 | m10
65 55 87 38 38 22 34 99 81 50
4 99 72 19 90 63 88 59 51 99
10 12 33 37 23 63 4 6 80 94
87 40 50 75 59 38 98 45 55 1
31 7 77 8 15 53 83 6 52 73
52 8 83 63 72 73 76 27 64 58
35 14 89 91 63 37 89 31 2 1
89 68 90 38 48 68 22 95 59 8
28 4 26 92 94 38 23 91 88 41
45 63 93 25 12 10 70 94 11 97
24 27 8 19 63 74 69 21 68 67
68 61 86 42 46 27 30 72 16 1
94 65 39 89 60 84 11 65 75 58
71 7 13 80 72 65 89 41 94 73
70 14 59 11 33 40 79 9 43 62
2 16 99 84 50 97 29 56 23 9
83 3 98 33 25 82 52 33 5 88
85 31 76 42 14 98 68 98 53 6
97 56 52 51 20 50 14 11 76 34
65 67 43 18 50 23 99 51 60 5
64 74 79 56 32 66 4 7 51 59
38 59 64 83 87 56 3 94 96 16
54 81 4 49 42 30 4 43 50 13
26 43 19 14 70 27 33 47 38 80
40 57 45 1 92 36 98 77 28 54
75 11 80 23 10 19 44 89 8 96
59 32 15 72 75 28 34 53 70 48
38 21 43 24 57 66 13 34 51 72
40 73 37 63 30 70 78 79 77 96
89 75 49 15 45 79 15 85 83 91
64 46 36 33 91 21 25 4 71 49
84 34 33 93 20 26 35 12 41 92
47 50 83 5 32 81 16 99 60 3
62 47 28 78 9 61 37 80 25 45
74 22 46 33 72 19 69 42 38 28
38 81 71 91 11 91 82 89 97 37
79 42 59 56 5 43 13 85 13 51
57 4 15 99 17 34 51 46 5 96
8 49 50 29 66 85 48 4 58 88
46 24 53 15 17 73 53 58 22 83
27 54 51 54 92 82 13 17 17 24
28 29 56 46 10 15 46 98 51 58
62 87 76 2 93 65 39 71 52 21
34 38 48 90 36 42 1 81 15 25
18 19 11 96 40 48 72 26 1 12
63 65 35 93 74 28 28 80 99 85
74 23 88 3 99 25 20 70 62 58
26 77 59 53 86 84 90 49 72 48
28 71 51 97 29 37 84 24 45 37
78 90 13 51 70 88 38 41 90 3
# P_hat : m1 | m2 | m3 | m4 | m5 | m6 | m7 | m8 | m9 | m10
6.50 5.50 8.70 3.80 3.80 2.20 3.40 9.90 8.10 5.00
0.40 9.90 7.20 1.90 9.00 6.30 8.80 5.90 5.10 9.90
1.00 1.20 3.30 3.70 2.30 6.30 0.40 0.60 8.00 9.40
8.70 4.00 5.00 7.50 5.90 3.80 9.80 4.50 5.50 0.10
3.10 0.70 7.70 0.80 1.50 5.30 8.30 0.60 5.20 7.30
5.20 0.80 8.30 6.30 7.20 7.30 7.60 2.70 6.40 5.80
3.50 1.40 8.90 9.10 6.30 3.70 8.90 3.10 0.20 0.10
8.90 6.80 9.00 3.80 4.80 6.80 2.20 9.50 5.90 0.80
2.80 0.40 2.60 9.20 9.40 3.80 2.30 9.10 8.80 4.10
4.50 6.30 9.30 2.50 1.20 1.00 7.00 9.40 1.10 9.70
2.40 2.70 0.80 1.90 6.30 7.40 6.90 2.10 6.80 6.70
6.80 6.10 8.60 4.20 4.60 2.70 3.00 7.20 1.60 0.10
9.40 6.50 3.90 8.90 6.00 8.40 1.10 6.50 7.50 5.80
7.10 0.70 1.30 8.00 7.20 6.50 8.90 4.10 9.40 7.30
7.00 1.40 5.90 1.10 3.30 4.00 7.90 0.90 4.30 6.20
0.20 1.60 9.90 8.40 5.00 9.70 2.90 5.60 2.30 0.90
8.30 0.30 9.80 3.30 2.50 8.20 5.20 3.30 0.50 8.80
8.50 3.10 7.60 4.20 1.40 9.80 6.80 9.80 5.30 0.60
9.70 5.60 5.20 5.10 2.00 5.00 1.40 1.10 7.60 3.40
6.50 6.70 4.30 1.80 5.00 2.30 9.90 5.10 6.00 0.50
6.40 7.40 7.90 5.60 3.20 6.60 0.40 0.70 5.10 5.90
3.80 5.90 6.40 8.30 8.70 5.60 0.30 9.40 9.60 1.60
5.40 8.10 0.40 4.90 4.20 3.00 0.40 4.30 5.00 1.30
2.60 4.30 1.90 1.40 7.00 2.70 3.30 4.70 3.80 8.00
4.00 5.70 4.50 0.10 9.20 3.60 9.80 7.70 2.80 5.40
7.50 1.10 8.00 2.30 1.00 1.90 4.40 8.90 0.80 9.60
5.90 3.20 1.50 7.20 7.50 2.80 3.40 5.30 7.00 4.80
3.80 2.10 4.30 2.40 5.70 6.60 1.30 3.40 5.10 7.20
4.00 7.30 3.70 6.30 3.00 7.00 7.80 7.90 7.70 9.60
8.90 7.50 4.90 1.50 4.50 7.90 1.50 8.50 8.30 9.10
6.40 4.60 3.60 3.30 9.10 2.10 2.50 0.40 7.10 4.90
8.40 3.40 3.30 9.30 2.00 2.60 3.50 1.20 4.10 9.20
4.70 5.00 8.30 0.50 3.20 8.10 1.60 9.90 6.00 0.30
6.20 4.70 2.80 7.80 0.90 6.10 3.70 8.00 2.50 4.50
7.40 2.20 4.60 3.30 7.20 1.90 6.90 4.20 3.80 2.80
3.80 8.10 7.10 9.10 1.10 9.10 8.20 8.90 9.70 3.70
7.90 4.20 5.90 5.60 0.50 4.30 1.30 8.50 1.30 5.10
5.70 0.40 1.50 9.90 1.70 3.40 5.10 4.60 0.50 9.60
0.80 4.90 5.00 2.90 6.60 8.50 4.80 0.40 5.80 8.80
4.60 2.40 5.30 1.50 1.70 7.30 5.30 5.80 2.20 8.30
2.70 5.40 5.10 5.40 9.20 8.20 1.30 1.70 1.70 2.40
2.80 2.90 5.60 4.60 1.00 1.50 4.60 9.80 5.10 5.80
6.20 8.70 7.60 0.20 9.30 6.50 3.90 7.10 5.20 2.10
3.40 3.80 4.80 9.00 3.60 4.20 0.10 8.10 1.50 2.50
1.80 1.90 1.10 9.60 4.00 4.80 7.20 2.60 0.10 1.20
6.30 6.50 3.50 9.30 7.40 2.80 2.80 8.00 9.90 8.50
7.40 2.30 8.80 0.30 9.90 2.50 2.00 7.00 6.20 5.80
2.60 7.70 5.90 5.30 8.60 8.40 9.00 4.90 7.20 4.80
2.80 7.10 5.10 9.70 2.90 3.70 8.40 2.40 4.50 3.70
7.80 9.00 1.30 5.10 7.00 8.80 3.80 4.10 9.00 0.30
