# nJobs | nMachines
100 10
# Job Weights
75
95
41
72
61
96
53
27
91
71
89
65
55
55
42
59
53
49
66
80
92
59
21
19
1
87
45
85
12
79
8
14
16
28
50
82
57
31
66
13
56
60
94
26
89
54
49
20
14
22
21
86
91
52
45
62
93
98
33
92
49
8
62
30
76
82
83
96
3
9
29
18
50
40
32
73
16
30
30
96
20
32
17
18
45
69
73
78
26
33
14
18
94
38
37
67
76
71
24
8
# P_bar : m1 | m2 | m3 | m4 | m5 | m6 | m7 | m8 | m9 | m10
52 82 63 79 80 53 71 95 92 61
95 21 55 21 13 19 90 53 62 86
42 79 59 93 64 99 59 54 11 16
75 95 35 32 77 62 82 22 83 42
44 46 21 8 17 88 22 84 87 14
57 23 59 45 78 93 88 54 66 92
89 40 78 37 82 34 35 2 98 67
53 95 25 78 4 72 49 80 42 77
84 87 30 26 72 42 78 84 23 46
62 37 38 98 93 65 69 66 45 41
91 24 78 17 68 39 76 25 52 78
14 24 79 25 25 79 2 16 6 3
95 65 58 21 67 9 14 79 3 72
89 62 44 28 80 26 3 90 64 95
4 19 38 68 43 72 22 51 55 53
95 67 76 24 93 29 26 29 97 59
2 66 70 62 21 36 44 29 83 34
97 6 72 89 33 48 1 90 42 66
68 65 85 60 14 57 4 83 81 42
20 59 8 64 30 95 16 83 92 63
33 2 10 38 59 93 55 19 68 27
51 67 84 90 83 79 43 95 46 92
98 82 42 87 85 88 87 87 56 8
8 90 67 1 85 77 35 12 88 65
85 30 20 99 70 94 76 34 50 34
86 63 24 34 35 39 98 23 13 6
73 5 75 9 2 74 78 44 23 42
4 93 23 22 76 46 81 30 13 39
40 53 33 74 46 17 48 82 49 2
98 85 60 14 72 30 25 83 18 7
12 81 20 14 69 62 81 42 50 85
59 73 75 84 46 77 27 56 94 32
44 34 83 75 3 43 84 89 71 14
46 74 26 37 57 98 59 38 64 74
2 13 92 32 71 48 98 96 31 59
41 78 29 29 77 14 14 10 21 95
28 35 39 32 33 45 32 3 2 48
83 20 14 89 49 25 95 53 63 37
28 16 74 12 59 98 30 97 58 59
21 48 66 47 82 30 13 11 36 4
80 12 86 19 59 90 68 65 64 42
71 11 10 97 70 92 19 47 52 93
4 80 27 7 76 35 57 76 8 32
60 9 8 12 10 13 65 22 94 30
34 24 7 43 65 75 13 17 51 16
55 76 97 89 19 55 63 14 36 95
53 32 84 14 77 80 26 11 82 58
96 35 56 33 86 67 96 69 30 12
37 66 61 56 21 3 53 91 17 95
37 48 9 57 75 93 94 53 21 21
63 16 94 22 96 54 27 3 80 74
99 26 34 6 3 67 93 80 38 38
69 46 89 24 50 25 49 78 55 4
70 66 62 55 57 77 63 32 34 31
53 76 47 48 66 38 65 53 85 62
21 31 66 57 84 98 34 43 44 39
10 36 76 78 98 96 10 85 47 97
31 8 15 5 55 20 56 19 66 57
80 37 18 50 70 15 51 48 19 9
18 21 54 83 32 36 97 49 66 54
5 3 24 70 31 65 52 66 61 13
18 76 55 21 64 97 46 22 60 47
17 67 96 71 11 27 16 37 98 6
71 5 10 58 9 25 50 51 82 70
90 47 12 36 32 61 96 82 79 19
93 72 96 50 58 24 85 59 71 97
14 66 53 31 98 97 61 88 28 41
49 56 92 86 95 61 76 77 74 1
52 95 77 29 25 75 30 19 27 57
7 49 6 30 4 92 90 32 33 60
78 47 91 93 45 73 42 52 13 62
57 26 14 49 60 21 88 9 9 14
41 81 41 83 87 29 37 96 12 90
75 56 30 89 31 3 43 23 51 76
98 76 85 44 1 96 88 64 16 12
93 66 17 38 96 51 91 22 49 89
33 36 23 62 22 26 14 37 83 37
75 53 60 45 95 44 63 3 48 35
68 26 76 22 73 56 65 52 13 91
33 52 39 85 77 31 74 44 78 69
60 29 85 39 30 64 71 11 96 55
82 36 10 98 88 38 8 21 77 48
24 68 65 56 14 44 39 85 68 56
99 21 15 68 22 46 95 6 88 84
4 71 55 84 93 66 82 40 77 22
97 61 41 77 48 31 17 68 76 51
24 71 28 67 10 48 38 30 73 43
50 69 93 53 7 27 69 35 92 50
55 28 88 46 14 82 17 58 72 62
91 86 27 24 91 51 24 31 87 61
46 27 77 52 5 90 66 11 66 10
58 41 81 96 43 63 75 11 98 87
17 86 19 2 30 85 52 6 40 99
47 55 76 88 79 36 59 59 31 40
82 17 55 33 39 69 4 64 75 91
6 62 67 27 34 67 73 65 45 64
15 96 65 49 77 81 56 23 98 62
91 59 8 78 81 18 19 80 90 53
74 53 18 82 11 81 39 75 4 33
42 93 56 65 10 72 51 63 23 16
# P_hat : m1 | m2 | m3 | m4 | m5 | m6 | m7 | m8 | m9 | m10
15.60 24.60 18.90 23.70 24.00 15.90 21.30 28.50 27.60 18.30
28.50 6.30 16.50 6.30 3.90 5.70 27.00 15.90 18.60 25.80
12.60 23.70 17.70 27.90 19.20 29.70 17.70 16.20 3.30 4.80
22.50 28.50 10.50 9.60 23.10 18.60 24.60 6.60 24.90 12.60
13.20 13.80 6.30 2.40 5.10 26.40 6.60 25.20 26.10 4.20
17.10 6.90 17.70 13.50 23.40 27.90 26.40 16.20 19.80 27.60
26.70 12.00 23.40 11.10 24.60 10.20 10.50 0.60 29.40 20.10
15.90 28.50 7.50 23.40 1.20 21.60 14.70 24.00 12.60 23.10
25.20 26.10 9.00 7.80 21.60 12.60 23.40 25.20 6.90 13.80
18.60 11.10 11.40 29.40 27.90 19.50 20.70 19.80 13.50 12.30
27.30 7.20 23.40 5.10 20.40 11.70 22.80 7.50 15.60 23.40
4.20 7.20 23.70 7.50 7.50 23.70 0.60 4.80 1.80 0.90
28.50 19.50 17.40 6.30 20.10 2.70 4.20 23.70 0.90 21.60
26.70 18.60 13.20 8.40 24.00 7.80 0.90 27.00 19.20 28.50
1.20 5.70 11.40 20.40 12.90 21.60 6.60 15.30 16.50 15.90
28.50 20.10 22.80 7.20 27.90 8.70 7.80 8.70 29.10 17.70
0.60 19.80 21.00 18.60 6.30 10.80 13.20 8.70 24.90 10.20
29.10 1.80 21.60 26.70 9.90 14.40 0.30 27.00 12.60 19.80
20.40 19.50 25.50 18.00 4.20 17.10 1.20 24.90 24.30 12.60
6.00 17.70 2.40 19.20 9.00 28.50 4.80 24.90 27.60 18.90
9.90 0.60 3.00 11.40 17.70 27.90 16.50 5.70 20.40 8.10
15.30 20.10 25.20 27.00 24.90 23.70 12.90 28.50 13.80 27.60
29.40 24.60 12.60 26.10 25.50 26.40 26.10 26.10 16.80 2.40
2.40 27.00 20.10 0.30 25.50 23.10 10.50 3.60 26.40 19.50
25.50 9.00 6.00 29.70 21.00 28.20 22.80 10.20 15.00 10.20
25.80 18.90 7.20 10.20 10.50 11.70 29.40 6.90 3.90 1.80
21.90 1.50 22.50 2.70 0.60 22.20 23.40 13.20 6.90 12.60
1.20 27.90 6.90 6.60 22.80 13.80 24.30 9.00 3.90 11.70
12.00 15.90 9.90 22.20 13.80 5.10 14.40 24.60 14.70 0.60
29.40 25.50 18.00 4.20 21.60 9.00 7.50 24.90 5.40 2.10
3.60 24.30 6.00 4.20 20.70 18.60 24.30 12.60 15.00 25.50
17.70 21.90 22.50 25.20 13.80 23.10 8.10 16.80 28.20 9.60
13.20 10.20 24.90 22.50 0.90 12.90 25.20 26.70 21.30 4.20
13.80 22.20 7.80 11.10 17.10 29.40 17.70 11.40 19.20 22.20
0.60 3.90 27.60 9.60 21.30 14.40 29.40 28.80 9.30 17.70
12.30 23.40 8.70 8.70 23.10 4.20 4.20 3.00 6.30 28.50
8.40 10.50 11.70 9.60 9.90 13.50 9.60 0.90 0.60 14.40
24.90 6.00 4.20 26.70 14.70 7.50 28.50 15.90 18.90 11.10
8.40 4.80 22.20 3.60 17.70 29.40 9.00 29.10 17.40 17.70
6.30 14.40 19.80 14.10 24.60 9.00 3.90 3.30 10.80 1.20
24.00 3.60 25.80 5.70 17.70 27.00 20.40 19.50 19.20 12.60
21.30 3.30 3.00 29.10 21.00 27.60 5.70 14.10 15.60 27.90
1.20 24.00 8.10 2.10 22.80 10.50 17.10 22.80 2.40 9.60
18.00 2.70 2.40 3.60 3.00 3.90 19.50 6.60 28.20 9.00
10.20 7.20 2.10 12.90 19.50 22.50 3.90 5.10 15.30 4.80
16.50 22.80 29.10 26.70 5.70 16.50 18.90 4.20 10.80 28.50
15.90 9.60 25.20 4.20 23.10 24.00 7.80 3.30 24.60 17.40
28.80 10.50 16.80 9.90 25.80 20.10 28.80 20.70 9.00 3.60
11.10 19.80 18.30 16.80 6.30 0.90 15.90 27.30 5.10 28.50
11.10 14.40 2.70 17.10 22.50 27.90 28.20 15.90 6.30 6.30
18.90 4.80 28.20 6.60 28.80 16.20 8.10 0.90 24.00 22.20
29.70 7.80 10.20 1.80 0.90 20.10 27.90 24.00 11.40 11.40
20.70 13.80 26.70 7.20 15.00 7.50 14.70 23.40 16.50 1.20
21.00 19.80 18.60 16.50 17.10 23.10 18.90 9.60 10.20 9.30
15.90 22.80 14.10 14.40 19.80 11.40 19.50 15.90 25.50 18.60
6.30 9.30 19.80 17.10 25.20 29.40 10.20 12.90 13.20 11.70
3.00 10.80 22.80 23.40 29.40 28.80 3.00 25.50 14.10 29.10
9.30 2.40 4.50 1.50 16.50 6.00 16.80 5.70 19.80 17.10
24.00 11.10 5.40 15.00 21.00 4.50 15.30 14.40 5.70 2.70
5.40 6.30 16.20 24.90 9.60 10.80 29.10 14.70 19.80 16.20
1.50 0.90 7.20 21.00 9.30 19.50 15.60 19.80 18.30 3.90
5.40 22.80 16.50 6.30 19.20 29.10 13.80 6.60 18.00 14.10
5.10 20.10 28.80 21.30 3.30 8.10 4.80 11.10 29.40 1.80
21.30 1.50 3.00 17.40 2.70 7.50 15.00 15.30 24.60 21.00
27.00 14.10 3.60 10.80 9.60 18.30 28.80 24.60 23.70 5.70
27.90 21.60 28.80 15.00 17.40 7.20 25.50 17.70 21.30 29.10
4.20 19.80 15.90 9.30 29.40 29.10 18.30 26.40 8.40 12.30
14.70 16.80 27.60 25.80 28.50 18.30 22.80 23.10 22.20 0.30
15.60 28.50 23.10 8.70 7.50 22.50 9.00 5.70 8.10 17.10
2.10 14.70 1.80 9.00 1.20 27.60 27.00 9.60 9.90 18.00
23.40 14.10 27.30 27.90 13.50 21.90 12.60 15.60 3.90 18.60
17.10 7.80 4.20 14.70 18.00 6.30 26.40 2.70 2.70 4.20
12.30 24.30 12.30 24.90 26.10 8.70 11.10 28.80 3.60 27.00
22.50 16.80 9.00 26.70 9.30 0.90 12.90 6.90 15.30 22.80
29.40 22.80 25.50 13.20 0.30 28.80 26.40 19.20 4.80 3.60
27.90 19.80 5.10 11.40 28.80 15.30 27.30 6.60 14.70 26.70
9.90 10.80 6.90 18.60 6.60 7.80 4.20 11.10 24.90 11.10
22.50 15.90 18.00 13.50 28.50 13.20 18.90 0.90 14.40 10.50
20.40 7.80 22.80 6.60 21.90 16.80 19.50 15.60 3.90 27.30
9.90 15.60 11.70 25.50 23.10 9.30 22.20 13.20 23.40 20.70
18.00 8.70 25.50 11.70 9.00 19.20 21.30 3.30 28.80 16.50
24.60 10.80 3.00 29.40 26.40 11.40 2.40 6.30 23.10 14.40
7.20 20.40 19.50 16.80 4.20 13.20 11.70 25.50 20.40 16.80
29.70 6.30 4.50 20.40 6.60 13.80 28.50 1.80 26.40 25.20
1.20 21.30 16.50 25.20 27.90 19.80 24.60 12.00 23.10 6.60
29.10 18.30 12.30 23.10 14.40 9.30 5.10 20.40 22.80 15.30
7.20 21.30 8.40 20.10 3.00 14.40 11.40 9.00 21.90 12.90
15.00 20.70 27.90 15.90 2.10 8.10 20.70 10.50 27.60 15.00
16.50 8.40 26.40 13.80 4.20 24.60 5.10 17.40 21.60 18.60
27.30 25.80 8.10 7.20 27.30 15.30 7.20 9.30 26.10 18.30
13.80 8.10 23.10 15.60 1.50 27.00 19.80 3.30 19.80 3.00
17.40 12.30 24.30 28.80 12.90 18.90 22.50 3.30 29.40 26.10
5.10 25.80 5.70 0.60 9.00 25.50 15.60 1.80 12.00 29.70
14.10 16.50 22.80 26.40 23.70 10.80 17.70 17.70 9.30 12.00
24.60 5.10 16.50 9.90 11.70 20.70 1.20 19.20 22.50 27.30
1.80 18.60 20.10 8.10 10.20 20.10 21.90 19.50 13.50 19.20
4.50 28.80 19.50 14.70 23.10 24.30 16.80 6.90 29.40 18.60
27.30 17.70 2.40 23.40 24.30 5.40 5.70 24.00 27.00 15.90
22.20 15.90 5.40 24.60 3.30 24.30 11.70 22.50 1.20 9.90
12.60 27.90 16.80 19.50 3.00 21.60 15.30 18.90 6.90 4.80
