# nJobs | nMachines
100 5
# Job Weights
79
73
1
83
32
50
60
63
12
15
50
3
75
56
45
71
29
87
66
17
35
1
22
82
58
6
78
30
54
48
28
7
8
68
7
92
41
76
90
85
69
32
81
8
1
45
6
75
37
88
57
23
2
86
13
54
30
94
29
70
77
7
23
55
10
33
3
100
67
12
85
62
52
36
16
24
92
84
22
55
54
77
13
77
66
25
65
24
52
93
98
4
86
46
88
13
98
17
34
3
# P_bar : m1 | m2 | m3 | m4 | m5
26 51 23 59 22
23 52 10 60 34
92 40 85 61 10
67 67 83 68 54
41 87 27 72 6
58 4 42 12 8
3 78 87 46 29
3 50 84 27 6
37 87 1 45 60
69 81 45 60 97
91 29 65 31 97
20 25 2 99 82
40 64 86 34 59
14 79 26 25 39
31 73 14 43 4
36 91 43 96 16
51 5 58 58 46
87 32 40 40 84
47 78 43 63 27
74 14 82 62 60
49 12 25 17 86
21 74 21 74 9
47 21 66 99 91
39 79 93 16 75
80 30 32 13 26
2 3 63 64 37
7 73 65 47 17
98 90 77 47 21
23 4 40 36 41
17 1 78 39 31
26 60 76 57 47
19 37 65 82 49
94 86 74 22 20
33 96 59 17 47
18 85 48 17 32
94 54 7 9 4
68 75 89 11 77
68 77 82 96 44
18 88 89 14 90
16 73 44 2 1
94 1 70 25 3
24 1 7 8 34
67 7 92 68 35
14 27 87 89 69
39 86 44 10 46
29 65 34 18 85
73 11 25 64 85
64 36 49 79 51
9 38 68 71 62
82 99 21 16 98
36 17 86 95 72
44 23 61 24 62
33 44 4 30 18
65 32 32 59 97
10 84 9 93 36
1 12 64 8 31
26 60 47 97 94
53 74 28 98 68
65 16 55 45 79
22 90 47 82 85
64 68 54 81 14
74 44 8 75 91
76 99 89 31 73
13 95 8 59 26
68 65 36 25 53
93 63 88 23 1
15 78 14 71 43
74 61 2 64 85
32 67 17 88 77
74 10 51 21 79
50 91 25 78 78
25 81 39 67 26
30 38 73 8 75
9 35 45 37 52
41 65 70 24 25
35 14 50 96 21
19 80 87 26 95
89 42 95 62 23
42 58 7 88 80
2 52 21 68 77
59 95 57 63 84
27 30 46 41 4
7 45 5 82 76
53 6 98 86 30
43 31 62 9 91
40 11 39 40 41
53 5 30 12 51
67 47 35 93 68
98 35 87 13 67
33 56 7 37 8
16 4 49 70 66
5 85 60 95 53
53 40 72 76 60
39 99 86 30 76
60 61 4 1 13
52 9 54 60 90
28 9 24 89 5
20 13 31 48 1
84 15 86 39 47
93 67 9 8 78
# P_hat : m1 | m2 | m3 | m4 | m5
13.00 25.50 11.50 29.50 11.00
11.50 26.00 5.00 30.00 17.00
46.00 20.00 42.50 30.50 5.00
33.50 33.50 41.50 34.00 27.00
20.50 43.50 13.50 36.00 3.00
29.00 2.00 21.00 6.00 4.00
1.50 39.00 43.50 23.00 14.50
1.50 25.00 42.00 13.50 3.00
18.50 43.50 0.50 22.50 30.00
34.50 40.50 22.50 30.00 48.50
45.50 14.50 32.50 15.50 48.50
10.00 12.50 1.00 49.50 41.00
20.00 32.00 43.00 17.00 29.50
7.00 39.50 13.00 12.50 19.50
15.50 36.50 7.00 21.50 2.00
18.00 45.50 21.50 48.00 8.00
25.50 2.50 29.00 29.00 23.00
43.50 16.00 20.00 20.00 42.00
23.50 39.00 21.50 31.50 13.50
37.00 7.00 41.00 31.00 30.00
24.50 6.00 12.50 8.50 43.00
10.50 37.00 10.50 37.00 4.50
23.50 10.50 33.00 49.50 45.50
19.50 39.50 46.50 8.00 37.50
40.00 15.00 16.00 6.50 13.00
1.00 1.50 31.50 32.00 18.50
3.50 36.50 32.50 23.50 8.50
49.00 45.00 38.50 23.50 10.50
11.50 2.00 20.00 18.00 20.50
8.50 0.50 39.00 19.50 15.50
13.00 30.00 38.00 28.50 23.50
9.50 18.50 32.50 41.00 24.50
47.00 43.00 37.00 11.00 10.00
16.50 48.00 29.50 8.50 23.50
9.00 42.50 24.00 8.50 16.00
47.00 27.00 3.50 4.50 2.00
34.00 37.50 44.50 5.50 38.50
34.00 38.50 41.00 48.00 22.00
9.00 44.00 44.50 7.00 45.00
8.00 36.50 22.00 1.00 0.50
47.00 0.50 35.00 12.50 1.50
12.00 0.50 3.50 4.00 17.00
33.50 3.50 46.00 34.00 17.50
7.00 13.50 43.50 44.50 34.50
19.50 43.00 22.00 5.00 23.00
14.50 32.50 17.00 9.00 42.50
36.50 5.50 12.50 32.00 42.50
32.00 18.00 24.50 39.50 25.50
4.50 19.00 34.00 35.50 31.00
41.00 49.50 10.50 8.00 49.00
18.00 8.50 43.00 47.50 36.00
22.00 11.50 30.50 12.00 31.00
16.50 22.00 2.00 15.00 9.00
32.50 16.00 16.00 29.50 48.50
5.00 42.00 4.50 46.50 18.00
0.50 6.00 32.00 4.00 15.50
13.00 30.00 23.50 48.50 47.00
26.50 37.00 14.00 49.00 34.00
32.50 8.00 27.50 22.50 39.50
11.00 45.00 23.50 41.00 42.50
32.00 34.00 27.00 40.50 7.00
37.00 22.00 4.00 37.50 45.50
38.00 49.50 44.50 15.50 36.50
6.50 47.50 4.00 29.50 13.00
34.00 32.50 18.00 12.50 26.50
46.50 31.50 44.00 11.50 0.50
7.50 39.00 7.00 35.50 21.50
37.00 30.50 1.00 32.00 42.50
16.00 33.50 8.50 44.00 38.50
37.00 5.00 25.50 10.50 39.50
25.00 45.50 12.50 39.00 39.00
12.50 40.50 19.50 33.50 13.00
15.00 19.00 36.50 4.00 37.50
4.50 17.50 22.50 18.50 26.00
20.50 32.50 35.00 12.00 12.50
17.50 7.00 25.00 48.00 10.50
9.50 40.00 43.50 13.00 47.50
44.50 21.00 47.50 31.00 11.50
21.00 29.00 3.50 44.00 40.00
1.00 26.00 10.50 34.00 38.50
29.50 47.50 28.50 31.50 42.00
13.50 15.00 23.00 20.50 2.00
3.50 22.50 2.50 41.00 38.00
26.50 3.00 49.00 43.00 15.00
21.50 15.50 31.00 4.50 45.50
20.00 5.50 19.50 20.00 20.50
26.50 2.50 15.00 6.00 25.50
33.50 23.50 17.50 46.50 34.00
49.00 17.50 43.50 6.50 33.50
16.50 28.00 3.50 18.50 4.00
8.00 2.00 24.50 35.00 33.00
2.50 42.50 30.00 47.50 26.50
26.50 20.00 36.00 38.00 30.00
19.50 49.50 43.00 15.00 38.00
30.00 30.50 2.00 0.50 6.50
26.00 4.50 27.00 30.00 45.00
14.00 4.50 12.00 44.50 2.50
10.00 6.50 15.50 24.00 0.50
42.00 7.50 43.00 19.50 23.50
46.50 33.50 4.50 4.00 39.00
