# nJobs | nMachines
500 20
# Job Weights
95
51
4
47
52
28
42
49
98
40
32
8
25
99
84
93
26
45
72
22
81
1
17
10
46
15
65
30
56
67
3
7
34
10
68
26
92
53
96
60
45
31
61
43
49
86
78
86
53
14
81
33
45
76
75
60
9
35
14
73
12
78
7
51
90
38
22
83
83
57
3
14
17
92
51
68
75
48
97
84
81
47
79
80
16
85
18
47
71
83
100
77
74
70
86
91
37
18
72
94
26
61
56
82
87
76
74
84
46
48
53
92
2
37
31
64
42
77
36
9
34
73
43
31
80
19
62
97
66
52
36
58
45
49
46
34
82
98
78
44
52
25
85
78
37
49
10
18
70
15
93
5
44
48
8
84
61
35
57
15
27
95
51
50
59
46
37
21
73
12
3
79
21
9
23
65
62
24
16
100
27
28
77
30
79
99
35
79
72
18
37
34
81
39
18
17
79
14
55
32
70
54
29
68
77
28
96
67
85
89
36
44
39
5
7
86
30
77
34
23
97
26
30
10
35
20
41
53
12
60
45
42
78
88
73
93
15
56
57
27
35
25
49
84
11
87
98
21
23
18
71
61
77
22
37
47
49
31
62
55
80
3
90
29
29
23
65
15
14
49
23
65
66
88
12
83
59
63
48
25
53
16
93
87
39
72
11
27
47
24
68
42
35
83
71
31
25
11
49
53
40
90
15
30
65
71
99
20
90
94
49
69
15
86
89
51
14
24
86
13
15
82
72
97
21
52
9
50
3
44
56
9
50
88
77
93
20
86
61
16
53
77
44
93
65
52
49
35
96
19
89
9
97
63
36
12
87
92
77
66
46
64
46
61
58
18
61
43
92
35
75
38
37
49
51
27
3
77
16
15
13
67
22
87
63
99
37
78
66
3
86
34
23
2
27
32
89
11
27
30
42
7
27
70
16
10
72
63
66
100
17
24
74
67
61
58
98
54
74
70
95
53
51
74
57
66
99
5
54
38
46
94
46
96
78
19
38
96
44
44
88
9
53
46
85
55
47
43
64
60
26
59
68
92
21
63
33
45
14
63
58
47
70
33
42
75
69
97
86
82
73
62
31
16
50
92
82
33
21
10
16
6
51
71
89
100
37
71
25
27
63
47
83
19
97
22
6
24
83
85
# P_bar : m1 | m2 | m3 | m4 | m5 | m6 | m7 | m8 | m9 | m10 | m11 | m12 | m13 | m14 | m15 | m16 | m17 | m18 | m19 | m20
29 99 26 94 16 63 77 22 72 81 38 17 61 50 16 91 89 75 30 80
36 18 94 48 70 90 84 76 22 18 75 4 86 74 26 86 48 52 86 6
99 97 95 11 21 21 43 39 72 66 89 5 78 37 32 89 18 71 75 69
2 28 22 47 25 36 26 90 87 44 90 31 99 77 93 78 93 97 4 6
99 91 66 39 57 55 63 92 73 77 58 20 54 30 26 12 74 29 58 95
92 61 33 1 86 45 48 46 9 61 33 41 68 97 82 74 39 69 50 50
88 83 32 35 56 25 1 32 90 50 47 78 45 18 29 64 87 85 58 11
9 12 8 31 28 31 70 28 90 36 66 75 82 69 58 70 75 86 93 48
45 52 44 66 23 57 7 92 52 91 45 70 22 90 52 87 67 28 46 30
12 55 69 61 22 58 72 87 45 41 94 53 60 83 95 62 39 32 73 40
95 47 69 81 52 14 54 66 82 67 32 78 69 95 38 91 46 9 28 7
26 71 8 48 77 28 16 95 16 81 12 48 82 79 77 72 9 81 72 65
78 23 57 78 47 93 93 45 70 66 77 92 25 1 64 72 11 85 65 35
36 79 21 39 94 97 43 30 80 33 51 41 91 14 96 41 86 80 39 63
63 86 24 31 93 33 70 51 31 26 78 85 27 74 86 46 62 92 56 31
68 73 89 60 63 87 62 14 57 59 94 98 23 93 21 88 35 45 3 59
49 59 65 97 40 24 40 91 52 34 25 23 52 23 90 74 61 89 18 31
52 59 66 45 26 19 10 74 83 11 67 38 96 61 30 88 1 9 31 69
24 40 47 84 10 10 74 45 71 97 31 29 79 13 36 3 38 81 29 44
47 13 32 55 44 63 78 45 19 56 54 9 3 26 7 75 39 57 10 90
49 83 52 58 48 45 47 21 20 49 47 33 91 63 78 16 53 86 80 61
85 94 76 98 53 33 6 60 53 82 67 74 14 80 91 69 70 80 53 68
85 69 1 95 98 58 26 57 78 91 86 91 94 84 68 58 72 45 28 70
31 42 92 89 45 11 69 20 86 76 22 16 9 35 68 13 15 66 89 39
86 39 42 42 59 8 99 63 21 66 69 62 87 81 74 66 30 16 50 59
76 88 21 1 39 16 94 13 86 29 32 82 7 23 34 16 77 12 8 51
58 62 59 69 75 23 70 44 65 74 8 60 33 11 24 2 11 46 49 41
48 16 80 67 81 44 61 61 9 15 65 27 21 28 78 44 3 30 41 11
84 86 12 5 6 43 95 51 37 95 70 24 11 63 63 57 93 78 1 38
71 85 15 79 55 18 38 29 75 92 77 37 88 45 47 1 98 8 34 7
69 33 4 51 95 43 92 76 40 41 36 18 89 43 48 59 51 8 53 23
3 11 99 97 37 7 10 19 17 69 66 60 47 39 79 58 2 36 48 12
57 68 9 25 54 89 79 68 55 82 47 90 14 35 18 28 72 1 3 55
94 45 49 9 10 59 76 3 28 69 45 60 40 65 40 67 39 29 75 7
81 22 52 30 85 52 3 85 61 48 68 18 50 9 19 45 10 19 39 41
27 63 90 99 95 58 18 31 51 15 48 20 11 7 92 29 6 31 22 21
96 15 68 97 97 90 51 85 2 54 17 83 29 21 81 96 74 78 81 58
77 74 79 43 27 41 8 60 39 81 51 4 86 38 21 32 69 11 19 49
35 80 30 19 62 60 97 80 58 33 54 60 26 32 11 11 99 9 19 98
41 84 42 14 79 92 17 52 39 1 76 69 40 21 85 95 23 72 23 41
27 8 65 84 83 70 62 49 50 92 59 78 36 62 77 57 66 96 20 34
79 52 38 33 8 2 48 46 7 63 60 80 93 40 64 76 16 33 65 91
96 74 53 26 64 48 61 75 1 13 22 50 6 28 90 55 99 20 80 61
61 53 84 55 64 21 76 91 92 22 19 36 2 8 30 68 4 20 39 28
56 13 28 43 72 33 64 43 65 53 81 46 66 36 29 63 3 40 35 90
17 40 19 71 78 73 29 11 26 85 81 39 99 38 53 87 79 69 8 7
42 13 42 10 38 24 14 47 30 65 13 85 34 19 11 82 79 12 5 58
58 5 51 30 24 56 43 1 20 60 67 6 41 22 7 35 47 67 32 28
45 48 48 73 43 34 62 18 36 43 37 60 11 65 96 43 93 1 61 56
28 2 61 30 48 86 37 78 14 3 34 9 80 14 77 55 21 87 85 1
79 14 10 16 44 27 37 76 76 97 22 21 31 79 39 72 15 6 99 2
99 44 81 44 93 30 45 97 96 17 13 18 41 68 28 54 75 37 62 38
99 85 68 20 77 1 11 39 17 63 76 38 24 59 75 76 5 63 26 52
14 34 34 97 7 70 55 95 37 40 14 49 65 65 58 55 96 19 1 17
29 30 22 37 88 53 12 16 33 16 86 92 37 85 82 21 98 22 29 69
59 77 47 4 24 78 36 6 17 18 82 16 4 34 66 9 21 69 13 34
13 31 46 5 94 36 39 48 45 52 41 42 46 28 19 91 52 94 3 55
12 91 89 43 13 58 79 23 69 23 75 64 75 64 89 28 45 92 69 85
82 65 92 67 3 56 11 40 95 9 43 51 15 40 86 84 93 94 61 67
94 90 62 66 19 73 80 4 18 61 54 1 53 58 14 39 10 90 47 64
19 60 88 61 46 76 27 90 19 7 51 69 59 69 78 52 79 9 13 48
25 30 27 81 17 25 90 21 13 72 42 17 61 86 14 87 31 81 81 50
59 80 26 12 67 80 21 17 6 6 4 24 30 5 51 17 29 24 10 5
58 11 47 37 53 80 15 54 10 12 26 73 8 16 28 27 11 11 46 48
80 52 63 81 51 7 5 93 36 65 79 32 7 91 23 77 83 1 70 1
40 62 63 20 62 88 7 35 68 70 47 54 88 29 76 53 48 70 49 40
45 25 93 66 50 96 56 48 33 38 65 18 39 10 10 48 44 64 70 43
91 87 76 9 73 25 4 96 90 12 62 14 48 73 12 90 50 70 93 59
4 14 66 65 31 78 10 58 86 51 95 67 68 53 67 32 13 53 13 52
58 75 10 79 73 6 7 80 33 1 63 87 9 38 30 82 91 60 51 62
94 38 10 35 26 45 89 67 64 7 68 97 94 14 4 15 66 41 94 85
82 61 58 78 52 76 43 68 55 27 86 73 96 80 82 70 85 84 14 97
74 30 79 14 8 42 34 74 12 63 5 64 87 43 23 44 70 41 43 40
28 8 34 47 60 26 79 93 14 67 91 95 89 60 84 1 94 95 88 72
41 99 13 12 50 28 65 50 9 64 36 80 29 29 1 47 46 6 68 16
42 79 8 1 60 15 87 49 12 64 89 4 39 15 47 24 56 81 37 78
86 98 56 25 82 24 7 62 48 51 46 14 54 12 68 13 52 62 32 54
71 81 80 77 10 48 49 52 15 73 15 52 29 40 78 15 67 53 37 35
9 55 73 18 23 71 55 48 76 64 50 33 65 38 35 80 99 2 92 20
87 19 27 34 4 83 62 76 3 28 43 59 13 3 84 18 21 58 6 94
97 70 50 91 14 32 6 13 10 58 38 60 5 53 57 62 68 23 86 91
81 66 16 10 94 36 65 21 86 47 15 15 9 6 17 24 5 1 91 89
54 16 30 16 71 62 69 36 60 50 75 88 22 15 60 30 64 62 37 14
12 62 66 70 58 89 58 76 1 2 31 15 71 21 19 28 80 46 29 76
58 25 83 50 93 56 15 51 12 75 93 49 78 73 42 95 31 60 47 95
89 32 36 69 86 72 97 39 29 13 91 19 74 16 34 56 80 34 29 59
7 98 14 83 73 96 97 33 17 46 14 51 87 24 7 40 29 46 46 86
16 84 69 5 47 71 91 14 1 21 48 17 2 93 19 76 94 86 4 48
19 58 69 59 22 89 34 79 38 76 75 77 76 17 55 32 48 76 4 52
14 24 31 2 62 81 10 68 58 52 58 68 5 60 42 94 21 42 83 95
24 62 91 1 81 39 7 26 70 50 43 71 89 33 33 19 40 62 75 51
80 21 40 95 25 29 50 93 44 55 94 49 87 87 75 67 4 62 23 74
42 75 14 19 3 4 4 58 75 41 8 57 38 5 65 92 11 9 5 58
34 91 14 83 87 26 17 84 48 86 68 86 86 53 24 49 94 57 63 56
42 5 88 96 31 99 75 8 53 16 11 59 25 47 14 32 26 44 74 35
56 58 97 40 27 17 90 94 46 38 37 84 5 96 3 96 61 41 16 85
4 69 39 17 13 21 48 83 71 84 24 36 29 90 48 49 91 20 5 47
8 99 40 92 31 76 66 86 48 79 81 56 53 60 95 17 47 84 44 61
36 96 48 42 72 63 80 26 66 60 29 58 27 79 41 94 13 8 90 11
55 75 82 36 46 78 15 11 62 55 67 78 71 80 24 78 59 68 71 19
29 81 72 3 41 14 33 54 9 85 85 46 85 20 76 81 36 18 36 45
88 62 45 14 2 11 80 68 97 5 62 75 33 2 9 39 81 58 2 16
83 68 56 8 61 40 7 11 19 60 37 69 79 69 77 12 97 93 37 53
83 61 63 84 16 36 74 79 97 35 80 80 26 62 9 66 8 26 66 37
3 28 76 96 70 28 51 66 46 18 93 21 95 44 89 87 32 63 72 60
64 46 40 29 37 46 4 18 22 42 37 32 62 62 55 85 69 90 49 96
44 59 94 95 70 29 34 54 66 78 16 32 67 87 51 77 21 76 27 12
61 30 91 67 69 37 42 66 49 1 68 55 42 98 43 42 28 52 42 16
95 97 81 21 34 10 72 4 91 9 85 27 18 13 10 2 67 83 47 5
81 92 45 89 79 64 8 36 64 31 42 25 99 77 42 30 71 8 18 60
81 43 91 42 59 77 14 85 31 62 14 2 66 64 29 64 1 22 58 95
14 77 38 5 91 74 30 44 95 21 87 21 76 97 99 9 45 92 94 93
19 34 79 79 9 62 16 83 61 77 62 77 1 26 27 43 88 33 61 9
46 66 1 11 86 75 44 87 58 19 9 10 46 41 52 72 67 70 94 99
26 98 58 45 97 99 54 41 4 67 88 25 20 46 36 6 93 44 70 83
93 14 94 60 58 24 47 4 39 20 94 12 90 28 70 92 48 94 6 19
73 42 39 80 15 89 56 11 35 63 97 9 44 60 62 85 19 99 48 28
46 76 46 27 20 94 60 65 71 49 51 29 48 81 85 74 89 69 76 39
59 37 49 71 42 95 72 7 5 63 99 22 82 63 76 27 96 41 20 43
5 20 68 29 10 27 2 59 94 43 73 63 52 54 39 18 48 52 70 62
42 64 47 64 44 79 64 24 56 2 97 89 52 83 23 28 59 17 66 6
67 22 70 23 64 81 42 5 32 78 99 13 65 58 2 98 25 55 68 78
66 9 69 20 67 46 7 45 45 98 10 90 47 92 15 11 54 3 96 19
20 66 68 84 21 88 43 17 84 91 56 7 42 44 40 51 63 38 98 17
19 18 23 66 91 75 52 12 86 11 81 63 97 1 59 87 55 70 27 23
62 72 89 15 7 51 21 56 82 19 77 94 53 87 55 10 72 58 45 12
6 30 8 42 34 85 96 36 90 40 6 12 60 28 33 27 40 1 7 54
61 76 82 9 39 94 98 23 18 63 71 25 83 41 18 44 67 60 28 59
99 57 94 51 79 46 16 34 8 29 5 23 98 32 43 63 77 30 63 7
55 24 22 39 84 49 86 59 73 89 6 96 7 63 42 40 18 30 73 89
1 68 55 93 34 96 62 95 78 31 82 24 30 34 61 20 34 98 71 79
60 63 68 86 18 15 53 94 1 68 50 30 59 94 82 7 38 98 6 80
99 23 29 48 20 52 28 41 23 45 42 39 41 30 44 99 10 86 93 78
92 17 8 29 55 32 83 22 2 46 66 60 84 34 18 26 35 96 82 54
35 37 60 33 99 59 76 8 60 27 31 65 69 32 58 47 34 30 95 80
4 87 45 81 50 88 92 97 88 57 80 26 67 82 77 17 39 32 18 49
63 37 64 49 98 95 39 97 8 66 92 57 81 91 36 84 84 71 22 98
29 25 78 5 54 72 25 44 80 90 27 81 56 21 41 60 4 76 51 33
22 88 35 39 40 76 17 6 34 15 44 84 88 13 41 66 49 82 63 25
62 27 3 64 54 24 4 61 18 33 6 79 83 79 89 38 18 62 67 75
46 37 21 68 32 49 64 93 41 38 12 77 64 31 19 78 65 5 11 39
46 79 82 71 86 30 99 36 97 77 68 8 24 30 61 75 91 18 20 56
31 17 86 7 70 59 67 27 6 62 59 13 41 51 12 23 98 37 3 29
99 85 1 27 64 19 15 54 61 46 28 15 71 30 30 70 82 18 82 41
63 55 25 53 38 10 49 80 8 75 77 23 48 78 92 71 41 35 10 64
13 34 58 40 79 25 49 71 19 70 38 81 37 55 5 98 52 63 64 91
36 88 2 53 67 80 55 96 55 30 87 71 91 45 49 26 30 40 2 38
27 65 8 4 61 21 84 4 82 65 4 77 24 54 96 57 62 78 27 49
74 43 6 83 22 44 36 3 73 84 36 54 28 42 81 69 47 23 74 51
32 16 10 32 62 2 49 67 22 50 36 76 99 37 28 76 17 87 54 22
74 31 92 27 44 33 65 29 27 82 3 88 54 60 82 90 38 24 89 32
60 50 3 24 63 80 78 54 87 48 82 89 63 56 17 55 95 93 40 45
25 71 57 13 74 99 10 20 50 37 49 84 44 29 3 26 34 13 81 62
86 28 64 76 96 88 46 25 70 87 78 88 69 78 43 85 40 42 93 55
64 40 62 31 65 9 48 72 81 91 74 50 71 73 76 6 27 71 35 54
47 87 14 82 99 3 45 48 30 89 93 16 96 59 73 62 44 53 79 31
63 15 72 65 82 10 37 70 8 66 9 55 96 98 51 11 40 66 94 65
57 45 94 44 78 71 88 50 32 52 60 25 52 72 73 27 17 72 70 89
44 20 28 45 16 80 17 87 25 19 56 61 98 88 82 31 8 44 29 43
50 9 31 33 6 50 58 89 1 88 19 73 68 50 31 10 63 23 41 27
65 10 49 50 62 56 99 60 3 86 41 30 33 17 3 23 99 4 29 55
26 58 32 99 45 32 2 7 11 54 74 39 80 22 38 20 24 64 61 48
97 81 50 94 17 61 98 90 45 11 7 85 5 31 52 78 36 3 3 52
54 24 32 54 2 39 77 55 39 34 12 31 81 93 24 67 59 11 95 57
90 73 2 77 54 69 13 62 54 20 78 14 17 78 91 59 90 36 58 86
57 7 31 92 44 61 45 96 4 6 21 89 21 76 90 96 52 6 70 37
85 53 27 22 41 78 80 9 99 76 21 29 50 77 98 72 31 51 41 85
18 41 51 88 82 4 29 51 70 7 25 73 26 90 35 97 34 61 27 24
26 76 25 7 9 46 10 38 84 10 30 40 72 62 88 61 75 9 56 20
55 10 97 26 11 80 44 73 24 22 72 98 1 11 3 66 65 18 34 29
48 43 55 51 18 30 37 10 42 6 25 18 72 21 29 29 16 95 11 61
51 23 26 85 3 18 3 63 4 30 62 88 99 86 45 52 68 2 49 32
10 69 30 63 6 2 72 43 61 66 22 60 54 88 23 81 47 32 95 82
6 99 32 74 69 72 3 37 34 10 32 99 61 75 48 94 71 44 32 30
79 51 83 6 43 9 54 40 79 73 58 77 19 66 51 5 9 76 8 51
62 31 78 75 72 23 71 50 84 42 14 58 6 30 8 67 79 83 46 54
32 36 95 16 56 47 28 62 45 38 20 34 69 89 59 3 35 31 95 69
44 42 27 33 34 80 87 41 66 83 47 59 31 69 2 10 2 50 90 38
12 20 59 26 72 57 76 44 86 11 43 8 76 19 18 87 3 15 82 84
98 43 63 27 53 45 98 19 59 9 47 9 11 12 62 13 89 55 96 2
38 65 19 14 54 30 10 93 8 19 42 98 40 90 63 71 36 59 81 46
69 37 88 86 13 98 91 93 54 28 47 12 88 62 38 85 19 1 36 49
84 83 47 19 10 38 84 84 84 35 94 31 77 27 91 41 91 82 70 41
42 67 21 33 3 28 12 83 20 12 24 56 10 12 32 2 92 63 6 2
85 16 74 37 98 58 84 87 31 23 39 85 52 23 82 15 82 51 58 51
67 23 27 1 19 91 87 35 63 14 3 19 54 13 50 68 64 82 34 69
93 5 52 41 87 50 35 90 79 85 42 17 39 27 89 45 91 60 12 62
52 29 88 40 51 8 84 56 62 71 58 92 62 39 97 1 73 89 43 21
13 74 42 64 21 36 88 75 19 78 29 87 16 31 43 92 58 58 19 66
13 91 73 63 24 9 94 87 63 27 44 88 54 13 83 83 60 10 27 12
79 56 94 85 37 64 58 19 97 18 15 45 66 8 30 22 9 57 86 62
43 25 65 20 86 2 34 92 91 84 91 42 47 93 49 13 44 62 60 12
33 34 88 78 33 13 19 66 5 91 44 86 15 8 45 41 70 25 4 20
40 31 41 3 82 77 44 88 40 85 63 34 5 87 31 24 57 89 11 58
70 66 31 76 99 94 14 87 80 90 76 15 28 36 85 37 47 97 93 42
57 9 35 82 52 37 38 40 36 10 86 75 29 64 13 78 78 54 45 93
98 5 21 47 37 21 23 37 41 7 59 46 1 15 77 65 38 72 48 61
56 67 71 96 33 7 63 81 81 46 86 31 21 19 89 87 86 5 26 19
58 75 56 18 91 13 67 72 56 84 7 25 45 52 12 31 22 48 92 29
88 65 13 73 67 4 51 74 15 21 95 77 97 93 90 50 68 87 63 45
84 84 86 42 89 98 89 24 94 76 44 61 82 70 26 96 5 23 74 65
50 32 3 45 58 25 67 63 82 72 67 8 2 49 11 80 40 50 24 98
63 38 2 82 50 38 65 50 38 80 56 54 26 7 20 65 78 93 93 30
44 14 47 61 74 28 59 90 8 4 41 54 85 50 8 10 68 89 86 84
73 16 15 67 39 96 77 40 56 44 75 26 90 50 23 10 8 1 48 40
77 19 52 82 1 3 44 12 74 61 56 95 19 15 36 53 31 2 94 12
97 81 65 25 48 51 23 20 12 98 16 27 24 2 31 5 81 50 97 86
73 59 93 87 77 13 52 79 47 2 9 86 94 38 72 4 36 43 59 1
26 95 58 60 63 85 89 73 27 20 80 68 30 76 90 85 84 47 5 66
10 62 63 27 63 93 24 79 70 88 8 97 11 19 77 77 53 2 49 82
9 13 86 52 4 84 40 66 56 57 34 61 40 18 20 30 23 78 24 69
12 98 24 79 28 77 33 69 37 89 21 9 7 43 45 56 68 17 13 65
56 1 2 49 86 15 3 38 99 66 27 92 42 46 20 19 25 44 73 86
66 43 10 12 12 87 32 4 49 39 45 67 94 74 8 7 98 77 51 99
77 22 42 3 24 61 31 9 76 53 53 74 30 37 58 37 8 79 30 19
92 57 46 84 91 24 51 68 4 16 85 57 79 84 9 55 40 56 66 14
63 96 63 2 25 83 99 43 33 77 28 80 96 7 13 56 97 18 88 41
39 58 45 74 83 85 3 66 5 51 89 43 91 12 57 27 46 69 20 2
92 38 66 27 12 2 83 74 85 71 35 29 53 97 41 89 76 84 26 97
77 32 19 44 36 50 75 97 75 37 63 35 3 71 18 90 94 96 49 25
70 16 72 90 35 57 61 43 27 82 98 83 41 19 33 17 88 12 28 61
5 32 29 71 26 32 13 53 96 85 67 78 10 74 63 71 31 73 74 91
82 37 5 29 91 32 38 89 57 42 70 43 93 4 49 1 78 58 45 5
34 5 4 51 19 43 44 31 69 1 6 38 61 86 58 31 61 28 75 46
78 44 96 42 23 56 77 56 45 70 80 47 88 52 30 71 59 40 50 11
59 75 62 98 90 70 95 77 95 61 35 50 57 53 73 47 71 81 19 98
37 45 51 51 1 56 90 21 90 99 1 53 6 71 78 38 42 18 83 92
13 36 29 87 93 39 43 85 31 40 80 66 45 41 74 91 73 41 21 73
59 79 78 93 98 44 75 71 3 4 12 44 18 47 35 73 74 8 33 42
39 30 22 37 76 33 71 21 13 47 8 72 73 58 9 76 73 55 14 16
36 66 99 14 32 59 70 25 13 60 27 94 4 80 73 57 83 62 11 19
26 90 21 24 88 6 80 99 45 36 5 9 59 8 30 5 41 49 90 83
93 8 23 84 30 60 88 80 45 70 66 48 8 35 77 91 72 32 1 34
51 84 21 71 15 75 73 95 94 17 97 2 66 3 74 93 36 97 37 34
59 88 64 91 39 90 66 60 91 36 62 59 14 78 93 33 30 86 16 1
82 77 84 8 85 98 28 95 67 17 26 96 2 48 85 17 3 70 80 29
22 43 85 75 30 46 54 74 99 20 98 54 4 33 12 71 11 42 41 9
72 97 38 67 40 86 37 11 5 58 34 88 22 36 38 78 4 76 99 23
92 97 58 81 40 35 2 40 77 90 87 27 27 56 76 60 88 53 55 94
68 33 92 62 72 29 99 41 14 58 35 81 99 85 77 49 81 47 58 52
7 77 35 34 51 93 35 48 47 88 96 69 96 24 46 73 13 40 79 22
25 95 6 96 55 20 75 10 56 19 26 72 78 2 85 5 92 1 8 38
72 97 7 67 84 87 27 6 48 47 72 37 67 44 98 52 81 75 35 23
7 37 35 91 54 13 75 4 29 4 19 42 58 4 53 5 43 39 60 82
93 14 85 61 92 48 7 49 17 52 68 2 81 70 37 81 81 41 52 46
97 61 82 81 65 61 5 11 46 65 59 46 64 89 74 67 61 77 22 19
5 30 79 94 16 47 18 92 82 39 67 14 81 39 44 7 88 37 72 39
20 40 85 48 80 27 98 53 9 73 56 13 70 6 81 69 29 20 6 95
67 52 65 73 37 69 9 62 27 64 87 57 9 71 85 94 37 73 77 60
67 63 80 65 13 91 77 15 12 48 97 14 85 48 84 2 52 42 47 93
8 65 81 63 34 63 67 59 37 34 77 17 19 54 54 12 52 89 60 62
46 72 34 84 40 10 5 9 5 42 7 11 29 68 58 49 61 37 19 60
16 91 28 26 13 12 4 8 42 3 72 87 28 52 35 2 13 15 71 97
27 3 69 12 39 89 12 15 80 97 13 12 89 20 30 53 58 52 67 35
96 97 12 41 60 53 66 67 78 72 10 78 78 76 85 11 38 48 35 52
31 56 18 26 49 69 5 26 91 51 62 23 27 21 60 78 58 8 57 53
55 23 17 26 18 85 56 46 11 50 8 62 75 59 27 5 99 55 99 70
16 74 25 92 10 32 56 79 22 40 53 52 88 27 8 64 90 9 51 73
96 97 70 19 72 22 85 50 72 70 51 89 9 84 82 79 36 49 48 50
61 80 10 74 46 56 28 78 20 93 11 33 99 66 87 15 31 56 46 55
64 97 20 43 34 19 60 48 36 22 30 1 44 49 19 79 36 69 10 16
84 7 37 10 34 6 6 19 67 86 62 10 50 74 10 8 6 43 7 49
6 74 50 79 78 75 43 46 84 43 74 7 36 98 77 59 9 69 60 65
47 59 73 96 73 1 74 70 42 58 57 52 91 60 75 31 83 37 10 84
4 4 41 22 79 95 43 83 9 37 33 68 98 29 7 33 99 84 51 66
32 99 11 93 46 85 28 48 98 34 99 72 82 77 83 47 7 18 90 69
35 74 3 76 27 7 99 88 67 79 25 29 37 19 23 39 59 44 60 47
89 1 15 52 33 79 21 62 74 54 22 31 74 62 94 28 59 36 65 2
22 45 19 48 80 78 67 19 34 12 53 2 65 23 3 88 42 92 93 64
59 45 33 23 12 79 67 81 25 76 10 10 74 56 10 49 25 73 76 12
77 7 14 43 49 21 21 51 57 58 21 56 61 61 53 77 44 27 4 32
59 66 49 67 33 55 26 56 67 63 64 21 1 89 63 92 99 15 36 91
4 56 97 95 30 17 96 25 59 50 51 22 80 49 74 10 27 96 67 73
15 15 47 37 98 6 19 37 12 41 39 60 94 69 33 92 93 67 61 94
6 1 31 44 99 84 80 70 89 67 30 99 66 60 96 10 50 35 67 19
80 17 30 65 17 65 61 20 19 38 86 53 17 73 6 71 35 78 13 64
19 60 30 9 64 99 10 94 50 76 88 17 66 52 20 65 28 14 49 87
53 69 57 36 27 82 63 37 71 19 58 15 31 97 87 43 91 83 94 96
38 27 15 7 39 79 53 4 14 75 1 90 67 40 25 77 16 44 2 4
70 61 59 70 51 24 4 61 15 8 63 11 72 53 54 54 43 60 17 29
47 99 10 75 98 95 56 36 16 67 99 38 79 78 23 14 17 83 15 81
23 18 52 10 27 31 56 75 46 69 64 28 13 24 84 69 70 35 54 85
60 63 70 5 42 61 86 73 55 61 13 61 89 97 38 7 99 85 92 15
40 80 79 78 76 10 89 93 27 4 97 15 3 83 10 73 50 74 54 16
29 58 52 94 94 97 68 4 46 15 88 70 7 80 97 58 29 72 74 21
93 23 23 98 40 14 87 51 68 63 96 74 5 24 47 23 51 95 17 59
95 51 28 5 48 24 32 37 40 80 66 47 25 9 53 16 68 28 97 65
43 84 83 7 7 47 15 22 81 15 24 56 94 32 41 73 93 78 32 95
34 9 73 30 12 83 46 2 91 89 22 2 69 95 22 60 3 6 33 91
33 89 67 86 73 87 86 72 63 65 28 89 1 18 52 26 31 70 94 75
9 69 57 49 55 68 39 36 13 21 99 18 72 34 82 13 12 11 51 24
97 45 68 51 53 16 90 1 84 25 24 91 69 76 9 54 56 59 9 53
60 19 83 99 40 3 43 92 39 41 46 7 91 44 5 25 33 9 81 11
79 57 12 81 97 95 35 95 60 69 22 1 76 68 86 41 63 79 86 25
17 82 89 48 84 60 61 51 98 32 96 58 77 41 59 48 44 13 1 79
74 83 82 25 76 45 94 58 54 54 77 53 19 35 62 52 14 49 38 77
43 62 8 89 32 16 19 29 98 29 64 59 90 32 51 74 67 94 67 80
41 56 7 85 59 51 28 48 53 81 91 87 53 93 48 53 15 76 38 64
88 3 81 54 37 7 11 59 64 7 15 4 57 78 56 41 80 65 6 39
59 10 2 13 59 69 86 86 42 66 66 10 80 13 40 63 78 84 10 8
88 73 31 22 90 62 38 8 33 15 15 75 16 88 56 23 89 58 41 90
33 2 90 6 24 35 37 94 84 94 34 34 33 83 86 39 67 18 49 32
5 65 77 35 50 34 92 66 15 31 84 78 31 58 76 76 95 25 46 65
97 24 45 21 68 31 30 41 77 96 97 61 58 74 42 43 89 43 65 49
55 76 25 59 32 26 18 2 42 24 71 22 82 56 13 19 9 48 12 71
41 52 1 91 23 82 75 20 17 67 16 90 37 6 78 75 9 66 57 52
12 69 9 36 91 25 62 37 10 96 18 26 2 48 48 45 4 69 9 75
92 55 50 35 10 34 25 40 42 69 52 34 79 1 91 99 85 93 96 49
27 47 75 32 23 89 91 71 61 32 68 34 4 53 64 4 4 92 50 5
15 50 77 96 74 10 20 94 83 66 87 87 60 25 18 8 29 58 91 29
64 7 68 10 32 3 27 59 34 71 58 94 30 9 55 72 59 29 87 50
22 81 80 86 93 98 94 72 45 79 83 26 46 91 35 34 38 19 81 16
7 47 87 35 65 64 6 20 64 76 72 16 14 66 9 28 77 9 90 49
36 34 58 40 12 93 46 31 65 79 30 67 73 33 54 3 46 17 33 50
12 62 73 88 15 29 81 33 55 27 68 49 81 74 59 69 64 58 11 51
92 74 93 33 9 34 11 50 23 52 16 30 9 84 83 53 9 26 37 9
64 17 52 56 34 92 78 47 79 77 16 88 44 67 43 98 54 32 44 40
3 45 51 35 49 56 57 2 29 53 23 57 27 82 20 3 54 39 76 9
46 89 62 3 69 25 45 29 44 29 2 89 74 88 2 61 24 59 89 99
92 31 89 2 67 13 97 44 57 94 97 29 26 51 30 62 38 52 33 79
46 40 81 85 80 15 70 17 80 84 73 17 53 98 50 1 62 87 98 75
19 47 41 26 29 83 44 43 80 65 36 4 17 50 59 51 72 99 9 42
63 79 90 90 54 35 85 45 54 79 40 79 21 8 48 33 44 75 5 19
28 98 62 8 12 73 18 49 72 6 84 74 17 82 35 44 98 41 55 45
18 56 91 20 65 94 46 95 86 77 59 46 37 97 97 54 49 14 44 94
25 3 31 50 59 33 17 82 92 86 70 97 75 27 49 44 47 45 4 99
87 53 53 46 4 59 59 75 60 3 22 56 62 62 83 45 44 57 69 27
88 90 65 96 96 45 78 28 57 8 12 72 78 38 11 93 97 10 77 3
20 93 32 76 74 57 48 94 89 37 80 54 63 99 63 91 84 58 68 20
77 68 96 84 64 24 54 63 56 73 96 89 80 72 27 52 37 21 72 86
30 65 30 19 78 32 81 35 70 90 40 7 80 53 17 97 85 75 49 98
49 74 2 78 16 29 20 29 55 25 73 58 53 18 50 62 5 18 7 44
22 15 69 73 54 78 88 2 1 22 95 40 79 15 23 88 45 21 16 44
71 54 20 21 20 82 23 8 22 99 72 83 29 26 86 58 86 1 98 8
36 77 81 20 25 76 39 45 54 4 83 74 16 89 61 90 56 93 2 95
96 72 68 85 94 49 1 71 48 19 92 50 65 16 7 90 2 64 57 26
56 67 44 92 95 21 75 54 54 63 37 81 2 73 98 42 3 16 86 16
50 11 39 18 6 72 12 24 14 86 72 11 42 26 40 49 23 62 4 56
94 91 86 16 52 9 72 56 72 81 17 12 16 2 65 36 50 14 80 97
29 69 30 98 95 17 50 5 72 74 66 74 72 31 45 15 6 96 55 67
8 92 85 53 20 83 15 4 89 32 60 51 11 45 26 15 68 89 90 64
31 74 89 92 54 58 85 51 31 97 62 35 45 29 72 78 30 83 15 93
8 96 45 63 25 31 13 55 37 26 55 10 34 98 25 81 45 13 57 28
43 20 85 56 62 57 17 60 60 95 32 97 43 31 40 52 68 11 56 93
29 7 96 87 54 38 68 71 39 85 63 32 93 70 96 94 55 20 41 35
55 12 32 79 1 70 81 58 62 57 88 35 51 51 21 7 70 83 57 32
27 70 43 81 59 63 18 18 57 91 83 22 89 61 83 81 45 46 79 50
50 23 57 50 49 28 56 87 27 63 12 83 3 49 14 66 64 37 6 7
12 41 56 62 94 32 92 97 58 38 99 77 28 6 44 90 67 36 70 14
18 28 47 13 80 60 35 3 60 29 42 85 40 40 73 89 5 99 59 38
76 42 3 35 55 9 70 14 16 67 20 57 54 60 59 49 16 67 18 68
21 5 97 36 11 93 59 7 90 39 44 72 98 46 98 36 62 9 48 68
35 32 35 97 21 34 81 57 98 38 82 14 74 44 17 98 87 6 98 43
58 18 47 14 10 81 42 97 53 60 51 4 3 86 92 44 89 80 28 34
12 92 1 5 47 53 52 8 97 38 48 60 68 19 59 87 1 56 60 45
8 55 66 68 29 61 91 83 71 68 55 59 56 55 82 60 23 95 89 31
21 89 12 24 98 19 98 53 34 91 19 54 46 80 70 32 11 7 76 99
33 62 2 91 29 77 38 64 80 16 84 13 73 60 32 85 27 3 61 56
70 14 54 84 37 98 44 72 99 37 42 88 23 63 10 28 94 79 5 50
16 69 86 66 15 40 7 38 68 91 81 23 45 90 61 23 56 71 13 75
95 6 20 71 6 31 74 55 78 72 80 97 51 77 70 72 65 42 9 12
53 78 27 64 5 52 59 5 19 16 72 40 27 20 38 38 43 70 65 4
27 87 85 29 4 87 5 29 52 33 25 27 9 76 55 48 72 81 85 49
21 39 28 4 56 56 95 79 37 18 35 44 45 58 72 30 56 4 92 30
15 5 46 18 62 78 3 53 56 23 22 75 55 60 89 42 15 30 80 83
17 96 52 81 94 44 57 91 98 57 50 53 96 69 74 84 43 53 72 63
72 51 86 50 96 35 31 75 98 11 69 94 41 26 30 22 78 73 5 59
4 80 68 89 23 17 61 1 83 49 30 83 27 86 9 50 54 50 99 47
72 64 66 43 85 26 84 87 58 44 29 84 24 42 64 87 94 45 13 43
48 73 78 44 42 54 34 94 20 49 94 48 2 27 52 69 21 74 52 91
50 24 30 71 35 56 67 59 36 94 18 46 1 67 26 8 62 14 62 16
68 95 98 82 11 69 32 41 89 13 98 80 16 88 64 58 59 38 87 1
91 35 91 70 48 19 18 8 23 80 81 65 2 67 67 34 27 12 76 24
86 57 80 73 83 46 89 93 18 10 87 7 16 76 98 89 3 77 68 75
66 28 30 28 95 79 37 64 76 61 36 84 50 38 44 2 61 26 22 90
12 69 47 14 45 96 30 6 29 72 51 92 68 42 31 14 7 96 49 73
56 92 6 13 29 67 42 32 50 43 45 88 56 64 55 6 56 73 90 98
22 11 37 13 37 81 6 53 84 41 32 15 88 18 35 90 22 23 8 63
72 4 49 23 39 85 94 77 42 56 74 27 82 73 76 76 86 91 36 86
13 85 78 59 91 82 46 58 93 80 50 95 46 6 71 91 13 67 5 22
46 89 40 56 33 15 79 82 16 12 86 50 66 90 40 54 56 91 12 6
75 81 99 58 85 64 89 31 7 85 1 94 57 15 86 50 21 74 24 46
79 77 36 56 50 73 83 97 12 40 57 69 58 63 54 76 9 60 91 6
72 17 79 73 46 2 90 42 79 75 3 31 14 21 92 30 81 54 92 97
91 44 29 26 96 76 81 56 24 95 68 81 13 13 16 60 65 90 90 47
36 39 36 5 33 55 18 92 56 89 45 68 38 79 37 95 52 54 27 45
47 60 20 5 49 81 79 58 99 97 63 45 20 8 29 59 2 46 81 11
91 59 8 4 40 57 52 36 69 21 18 51 49 34 97 59 30 89 37 3
78 60 82 53 74 72 51 35 75 88 94 30 32 54 6 93 82 83 61 33
95 55 14 94 98 8 3 70 20 10 10 92 76 35 88 24 2 65 24 87
56 75 89 67 40 9 42 84 35 65 59 31 78 73 85 63 67 39 45 10
68 76 99 31 27 2 89 49 8 63 21 80 9 20 83 79 47 24 74 39
67 95 80 44 36 34 96 59 26 75 40 60 33 44 71 86 38 75 8 86
20 53 75 31 75 21 78 24 78 81 81 81 45 87 2 12 36 50 66 97
66 2 96 18 61 11 38 12 59 6 35 19 47 7 55 98 90 47 28 42
85 42 11 37 86 41 93 52 40 66 80 94 62 53 57 70 4 59 43 61
80 48 64 84 89 61 35 20 49 50 9 81 82 26 72 22 40 98 87 26
99 76 85 5 70 70 1 9 79 28 40 20 60 72 97 14 9 49 41 35
29 16 37 13 31 20 19 93 99 64 6 87 51 95 72 21 89 17 16 57
6 70 42 95 53 41 66 45 59 91 40 98 62 87 31 40 79 93 1 67
34 43 65 88 72 11 11 22 47 28 39 15 88 69 6 14 7 77 73 99
92 89 5 88 49 72 58 4 94 15 41 46 61 87 75 71 44 55 35 38
57 69 4 41 92 3 32 27 52 5 36 91 68 82 76 83 19 98 35 84
12 34 55 23 63 88 50 34 42 75 25 9 78 23 52 73 19 47 28 88
72 70 98 37 72 32 40 36 26 61 1 10 20 37 1 87 86 70 80 66
94 96 7 17 89 36 78 66 14 4 61 85 10 98 65 20 47 69 12 2
6 99 6 30 71 17 65 74 66 10 9 55 73 11 82 61 46 95 56 96
75 48 2 27 15 92 92 14 70 72 56 13 76 57 36 38 13 10 49 34
1 60 97 17 29 70 33 55 92 40 44 46 55 42 10 24 29 94 11 81
9 64 39 36 50 12 79 82 29 58 14 92 23 40 41 22 1 42 67 87
74 62 62 23 62 22 26 97 2 15 74 88 59 23 98 49 7 59 64 9
57 31 40 39 96 8 4 24 22 70 48 29 63 69 59 34 99 20 12 62
97 49 86 61 99 7 73 25 14 50 21 36 51 35 52 78 61 25 72 62
56 95 99 94 64 40 84 12 48 27 42 59 79 24 55 62 38 10 44 14
73 23 20 44 75 4 61 36 19 13 63 93 18 93 43 17 31 94 71 91
37 65 16 20 92 59 60 35 85 83 20 35 96 84 83 47 48 12 38 7
58 10 91 92 30 16 24 74 61 78 62 88 72 43 78 49 8 93 72 60
20 51 28 85 98 65 73 24 88 98 22 15 31 21 62 10 19 82 91 68
62 29 9 14 40 35 73 63 57 93 67 79 96 29 85 76 5 40 4 12
99 63 5 69 35 40 22 36 53 8 15 15 42 45 67 61 36 81 34 9
62 7 23 29 94 12 57 7 35 69 2 23 64 4 44 87 79 93 88 93
71 28 24 19 6 85 21 96 91 43 53 50 22 25 96 17 16 30 65 95
89 72 34 5 29 30 5 37 55 76 14 22 18 7 11 60 86 86 27 92
48 63 42 57 56 26 29 38 69 64 49 92 93 52 90 64 89 2 17 54
69 63 68 13 94 61 72 36 41 56 58 61 42 53 16 72 80 52 63 65
96 40 76 91 19 33 4 6 86 99 43 42 84 78 62 66 51 95 17 26
96 39 7 8 70 81 34 98 8 30 51 86 74 91 6 54 19 91 32 77
55 48 53 82 4 72 71 8 43 15 97 72 36 57 32 79 96 48 59 54
51 1 27 88 27 17 20 90 39 81 30 41 92 10 15 43 57 54 15 29
56 67 1 67 73 4 87 1 66 36 61 27 69 27 25 76 79 6 71 38
32 42 83 26 58 8 43 48 68 95 1 42 53 27 88 42 45 3 12 62
98 6 61 40 46 27 21 74 6 74 45 28 14 18 43 14 8 10 42 70
13 75 99 51 73 8 31 15 24 26 43 15 28 45 2 32 77 91 20 57
8 65 78 56 31 68 44 68 44 85 38 81 28 59 62 28 79 14 18 34
75 90 7 93 55 62 38 53 36 49 79 51 6 4 97 53 12 18 12 69
96 90 97 93 11 1 60 22 8 95 33 79 82 20 86 68 42 68 5 6
92 4 39 83 58 78 64 21 87 14 84 89 23 72 44 23 50 38 41 40
9 53 19 74 48 95 61 51 66 73 44 76 57 95 4 20 42 22 29 44
35 39 59 63 23 84 91 59 11 47 62 25 68 66 71 96 8 55 8 19
81 35 11 38 49 39 80 63 29 83 61 34 81 78 79 20 88 60 5 25
6 95 52 18 95 35 39 13 49 75 63 84 99 24 80 30 91 28 3 98
7 6 60 47 12 56 12 38 1 24 39 27 92 23 71 29 53 50 25 85
81 16 79 10 62 31 77 23 72 97 79 45 9 84 94 32 15 9 48 67
18 69 13 9 44 83 74 38 39 5 75 71 21 33 2 66 95 27 45 30
77 92 73 47 34 3 19 68 88 33 57 67 68 18 70 85 23 27 4 50
15 30 60 92 73 38 8 23 10 37 92 63 25 25 58 82 12 5 55 23
67 81 39 85 80 1 89 76 86 29 34 72 43 48 50 27 36 44 12 29
62 20 57 99 50 25 49 26 33 93 7 2 13 11 80 84 84 91 49 91
54 15 67 35 60 56 43 41 10 18 48 62 80 86 77 91 85 32 56 20
39 49 51 51 10 95 33 80 24 83 38 93 28 64 12 88 72 10 19 99
93 50 60 18 54 2 47 86 76 6 69 23 56 11 85 33 88 5 76 39
58 47 56 68 51 5 77 4 68 7 13 86 2 41 18 73 16 1 70 91
21 9 85 43 96 86 33 52 21 65 75 21 45 78 79 58 13 78 50 97
12 97 76 53 36 48 6 9 37 31 28 60 80 73 34 23 41 18 91 35
5 92 53 40 15 28 98 60 97 76 65 18 21 45 46 70 85 90 15 80
51 22 75 16 72 8 83 30 16 28 72 27 89 85 79 92 50 51 96 82
73 76 44 89 1 11 57 35 50 78 95 47 60 5 37 59 31 14 80 36
97 91 95 91 58 53 61 65 96 14 63 47 9 39 68 53 49 1 38 27
17 55 81 92 44 82 71 7 75 39 35 92 44 57 2 19 71 26 85 96
47 50 56 94 98 77 59 77 97 95 82 56 92 16 98 63 19 66 86 52
95 57 57 4 60 66 69 1 25 18 61 29 63 5 3 68 23 81 41 19
75 58 31 71 66 68 76 39 28 88 83 54 28 86 80 53 14 82 35 84
22 62 24 82 53 4 22 41 43 65 68 85 78 77 25 52 75 67 89 8
56 82 51 70 26 67 11 9 49 3 49 94 38 85 79 8 26 51 61 32
97 84 24 81 25 48 80 36 4 8 82 20 44 94 48 22 53 45 72 68
52 44 15 24 20 88 46 44 9 51 44 26 8 54 86 5 1 3 57 91
68 92 11 38 51 22 81 69 14 80 28 74 11 32 73 29 62 52 52 96
12 4 11 49 51 39 94 45 66 90 76 80 14 75 26 81 41 59 83 84
67 94 36 82 86 82 6 67 64 73 83 88 73 71 65 72 92 52 15 74
81 6 20 61 53 65 84 38 88 67 19 55 47 87 25 97 44 46 74 94
7 74 22 19 77 37 32 16 20 82 80 88 14 51 1 89 92 77 49 93
41 12 17 86 35 45 4 50 3 42 74 16 35 58 95 53 33 14 60 9
59 3 68 60 83 94 59 42 28 22 4 38 31 20 32 39 6 81 3 32
30 73 82 34 25 44 69 84 35 85 60 63 37 41 73 41 59 24 95 56
46 16 42 31 22 89 85 22 26 87 40 82 69 22 5 42 64 16 61 32
90 32 41 51 68 12 97 8 46 80 89 79 61 72 96 89 65 96 52 83
57 99 25 92 34 43 48 57 44 56 45 31 85 31 67 88 56 34 96 24
61 45 88 28 65 36 82 62 49 14 12 11 50 9 46 70 82 62 75 32
51 7 8 54 58 62 24 46 42 89 52 91 85 36 60 57 32 94 88 16
53 36 58 74 28 96 75 97 57 11 39 29 87 89 34 36 27 64 40 78
61 21 67 22 61 65 57 36 48 11 2 1 85 6 79 43 61 72 10 6
43 88 1 44 26 82 1 19 5 76 82 31 57 69 51 25 17 73 2 33
32 74 12 27 63 79 26 86 55 21 64 5 21 91 46 13 1 94 96 76
72 69 36 54 97 52 65 86 69 13 32 96 15 33 12 34 12 7 3 75
69 73 14 77 98 17 79 32 67 86 76 40 65 87 19 41 69 6 18 68
24 87 83 39 37 47 72 43 34 29 8 50 62 72 84 78 42 70 48 47
48 19 1 48 56 88 65 94 87 56 13 9 67 25 19 81 42 74 65 53
61 39 9 86 72 36 29 32 29 18 2 61 29 58 63 17 6 77 44 72
45 58 68 94 92 92 20 33 72 59 75 84 45 72 93 24 44 51 58 36
61 27 25 29 17 71 8 25 20 66 52 83 35 75 88 55 76 19 49 99
93 81 76 49 47 49 47 49 63 99 7 84 86 16 16 90 40 71 72 89
24 42 57 86 22 81 45 96 33 8 69 42 10 55 83 52 93 2 48 23
20 90 26 27 2 36 66 44 61 67 82 22 67 7 18 22 85 3 88 20
86 70 72 64 92 20 62 60 69 28 73 43 68 87 80 53 47 99 78 78
8 63 60 61 44 36 84 72 33 30 53 59 73 31 41 72 64 90 21 92
92 13 57 80 53 66 14 61 26 18 65 60 5 82 12 41 60 80 21 2
19 48 3 15 97 99 80 83 98 8 65 8 8 60 30 96 28 97 82 83
22 7 1 65 76 7 33 72 10 30 20 99 24 4 5 91 70 49 51 81
89 13 80 51 28 96 92 23 18 30 58 97 49 9 5 57 86 34 80 43
14 20 29 68 87 5 37 61 53 98 89 32 95 73 54 68 59 10 81 24
# P_hat : m1 | m2 | m3 | m4 | m5 | m6 | m7 | m8 | m9 | m10 | m11 | m12 | m13 | m14 | m15 | m16 | m17 | m18 | m19 | m20
8.70 29.70 7.80 28.20 4.80 18.90 23.10 6.60 21.60 24.30 11.40 5.10 18.30 15.00 4.80 27.30 26.70 22.50 9.00 24.00
10.80 5.40 28.20 14.40 21.00 27.00 25.20 22.80 6.60 5.40 22.50 1.20 25.80 22.20 7.80 25.80 14.40 15.60 25.80 1.80
29.70 29.10 28.50 3.30 6.30 6.30 12.90 11.70 21.60 19.80 26.70 1.50 23.40 11.10 9.60 26.70 5.40 21.30 22.50 20.70
0.60 8.40 6.60 14.10 7.50 10.80 7.80 27.00 26.10 13.20 27.00 9.30 29.70 23.10 27.90 23.40 27.90 29.10 1.20 1.80
29.70 27.30 19.80 11.70 17.10 16.50 18.90 27.60 21.90 23.10 17.40 6.00 16.20 9.00 7.80 3.60 22.20 8.70 17.40 28.50
27.60 18.30 9.90 0.30 25.80 13.50 14.40 13.80 2.70 18.30 9.90 12.30 20.40 29.10 24.60 22.20 11.70 20.70 15.00 15.00
26.40 24.90 9.60 10.50 16.80 7.50 0.30 9.60 27.00 15.00 14.10 23.40 13.50 5.40 8.70 19.20 26.10 25.50 17.40 3.30
2.70 3.60 2.40 9.30 8.40 9.30 21.00 8.40 27.00 10.80 19.80 22.50 24.60 20.70 17.40 21.00 22.50 25.80 27.90 14.40
13.50 15.60 13.20 19.80 6.90 17.10 2.10 27.60 15.60 27.30 13.50 21.00 6.60 27.00 15.60 26.10 20.10 8.40 13.80 9.00
3.60 16.50 20.70 18.30 6.60 17.40 21.60 26.10 13.50 12.30 28.20 15.90 18.00 24.90 28.50 18.60 11.70 9.60 21.90 12.00
28.50 14.10 20.70 24.30 15.60 4.20 16.20 19.80 24.60 20.10 9.60 23.40 20.70 28.50 11.40 27.30 13.80 2.70 8.40 2.10
7.80 21.30 2.40 14.40 23.10 8.40 4.80 28.50 4.80 24.30 3.60 14.40 24.60 23.70 23.10 21.60 2.70 24.30 21.60 19.50
23.40 6.90 17.10 23.40 14.10 27.90 27.90 13.50 21.00 19.80 23.10 27.60 7.50 0.30 19.20 21.60 3.30 25.50 19.50 10.50
10.80 23.70 6.30 11.70 28.20 29.10 12.90 9.00 24.00 9.90 15.30 12.30 27.30 4.20 28.80 12.30 25.80 24.00 11.70 18.90
18.90 25.80 7.20 9.30 27.90 9.90 21.00 15.30 9.30 7.80 23.40 25.50 8.10 22.20 25.80 13.80 18.60 27.60 16.80 9.30
20.40 21.90 26.70 18.00 18.90 26.10 18.60 4.20 17.10 17.70 28.20 29.40 6.90 27.90 6.30 26.40 10.50 13.50 0.90 17.70
14.70 17.70 19.50 29.10 12.00 7.20 12.00 27.30 15.60 10.20 7.50 6.90 15.60 6.90 27.00 22.20 18.30 26.70 5.40 9.30
15.60 17.70 19.80 13.50 7.80 5.70 3.00 22.20 24.90 3.30 20.10 11.40 28.80 18.30 9.00 26.40 0.30 2.70 9.30 20.70
7.20 12.00 14.10 25.20 3.00 3.00 22.20 13.50 21.30 29.10 9.30 8.70 23.70 3.90 10.80 0.90 11.40 24.30 8.70 13.20
14.10 3.90 9.60 16.50 13.20 18.90 23.40 13.50 5.70 16.80 16.20 2.70 0.90 7.80 2.10 22.50 11.70 17.10 3.00 27.00
14.70 24.90 15.60 17.40 14.40 13.50 14.10 6.30 6.00 14.70 14.10 9.90 27.30 18.90 23.40 4.80 15.90 25.80 24.00 18.30
25.50 28.20 22.80 29.40 15.90 9.90 1.80 18.00 15.90 24.60 20.10 22.20 4.20 24.00 27.30 20.70 21.00 24.00 15.90 20.40
25.50 20.70 0.30 28.50 29.40 17.40 7.80 17.10 23.40 27.30 25.80 27.30 28.20 25.20 20.40 17.40 21.60 13.50 8.40 21.00
9.30 12.60 27.60 26.70 13.50 3.30 20.70 6.00 25.80 22.80 6.60 4.80 2.70 10.50 20.40 3.90 4.50 19.80 26.70 11.70
25.80 11.70 12.60 12.60 17.70 2.40 29.70 18.90 6.30 19.80 20.70 18.60 26.10 24.30 22.20 19.80 9.00 4.80 15.00 17.70
22.80 26.40 6.30 0.30 11.70 4.80 28.20 3.90 25.80 8.70 9.60 24.60 2.10 6.90 10.20 4.80 23.10 3.60 2.40 15.30
17.40 18.60 17.70 20.70 22.50 6.90 21.00 13.20 19.50 22.20 2.40 18.00 9.90 3.30 7.20 0.60 3.30 13.80 14.70 12.30
14.40 4.80 24.00 20.10 24.30 13.20 18.30 18.30 2.70 4.50 19.50 8.10 6.30 8.40 23.40 13.20 0.90 9.00 12.30 3.30
25.20 25.80 3.60 1.50 1.80 12.90 28.50 15.30 11.10 28.50 21.00 7.20 3.30 18.90 18.90 17.10 27.90 23.40 0.30 11.40
21.30 25.50 4.50 23.70 16.50 5.40 11.40 8.70 22.50 27.60 23.10 11.10 26.40 13.50 14.10 0.30 29.40 2.40 10.20 2.10
20.70 9.90 1.20 15.30 28.50 12.90 27.60 22.80 12.00 12.30 10.80 5.40 26.70 12.90 14.40 17.70 15.30 2.40 15.90 6.90
0.90 3.30 29.70 29.10 11.10 2.10 3.00 5.70 5.10 20.70 19.80 18.00 14.10 11.70 23.70 17.40 0.60 10.80 14.40 3.60
17.10 20.40 2.70 7.50 16.20 26.70 23.70 20.40 16.50 24.60 14.10 27.00 4.20 10.50 5.40 8.40 21.60 0.30 0.90 16.50
28.20 13.50 14.70 2.70 3.00 17.70 22.80 0.90 8.40 20.70 13.50 18.00 12.00 19.50 12.00 20.10 11.70 8.70 22.50 2.10
24.30 6.60 15.60 9.00 25.50 15.60 0.90 25.50 18.30 14.40 20.40 5.40 15.00 2.70 5.70 13.50 3.00 5.70 11.70 12.30
8.10 18.90 27.00 29.70 28.50 17.40 5.40 9.30 15.30 4.50 14.40 6.00 3.30 2.10 27.60 8.70 1.80 9.30 6.60 6.30
28.80 4.50 20.40 29.10 29.10 27.00 15.30 25.50 0.60 16.20 5.10 24.90 8.70 6.30 24.30 28.80 22.20 23.40 24.30 17.40
23.10 22.20 23.70 12.90 8.10 12.30 2.40 18.00 11.70 24.30 15.30 1.20 25.80 11.40 6.30 9.60 20.70 3.30 5.70 14.70
10.50 24.00 9.00 5.70 18.60 18.00 29.10 24.00 17.40 9.90 16.20 18.00 7.80 9.60 3.30 3.30 29.70 2.70 5.70 29.40
12.30 25.20 12.60 4.20 23.70 27.60 5.10 15.60 11.70 0.30 22.80 20.70 12.00 6.30 25.50 28.50 6.90 21.60 6.90 12.30
8.10 2.40 19.50 25.20 24.90 21.00 18.60 14.70 15.00 27.60 17.70 23.40 10.80 18.60 23.10 17.10 19.80 28.80 6.00 10.20
23.70 15.60 11.40 9.90 2.40 0.60 14.40 13.80 2.10 18.90 18.00 24.00 27.90 12.00 19.20 22.80 4.80 9.90 19.50 27.30
28.80 22.20 15.90 7.80 19.20 14.40 18.30 22.50 0.30 3.90 6.60 15.00 1.80 8.40 27.00 16.50 29.70 6.00 24.00 18.30
18.30 15.90 25.20 16.50 19.20 6.30 22.80 27.30 27.60 6.60 5.70 10.80 0.60 2.40 9.00 20.40 1.20 6.00 11.70 8.40
16.80 3.90 8.40 12.90 21.60 9.90 19.20 12.90 19.50 15.90 24.30 13.80 19.80 10.80 8.70 18.90 0.90 12.00 10.50 27.00
5.10 12.00 5.70 21.30 23.40 21.90 8.70 3.30 7.80 25.50 24.30 11.70 29.70 11.40 15.90 26.10 23.70 20.70 2.40 2.10
12.60 3.90 12.60 3.00 11.40 7.20 4.20 14.10 9.00 19.50 3.90 25.50 10.20 5.70 3.30 24.60 23.70 3.60 1.50 17.40
17.40 1.50 15.30 9.00 7.20 16.80 12.90 0.30 6.00 18.00 20.10 1.80 12.30 6.60 2.10 10.50 14.10 20.10 9.60 8.40
13.50 14.40 14.40 21.90 12.90 10.20 18.60 5.40 10.80 12.90 11.10 18.00 3.30 19.50 28.80 12.90 27.90 0.30 18.30 16.80
8.40 0.60 18.30 9.00 14.40 25.80 11.10 23.40 4.20 0.90 10.20 2.70 24.00 4.20 23.10 16.50 6.30 26.10 25.50 0.30
23.70 4.20 3.00 4.80 13.20 8.10 11.10 22.80 22.80 29.10 6.60 6.30 9.30 23.70 11.70 21.60 4.50 1.80 29.70 0.60
29.70 13.20 24.30 13.20 27.90 9.00 13.50 29.10 28.80 5.10 3.90 5.40 12.30 20.40 8.40 16.20 22.50 11.10 18.60 11.40
29.70 25.50 20.40 6.00 23.10 0.30 3.30 11.70 5.10 18.90 22.80 11.40 7.20 17.70 22.50 22.80 1.50 18.90 7.80 15.60
4.20 10.20 10.20 29.10 2.10 21.00 16.50 28.50 11.10 12.00 4.20 14.70 19.50 19.50 17.40 16.50 28.80 5.70 0.30 5.10
8.70 9.00 6.60 11.10 26.40 15.90 3.60 4.80 9.90 4.80 25.80 27.60 11.10 25.50 24.60 6.30 29.40 6.60 8.70 20.70
17.70 23.10 14.10 1.20 7.20 23.40 10.80 1.80 5.10 5.40 24.60 4.80 1.20 10.20 19.80 2.70 6.30 20.70 3.90 10.20
3.90 9.30 13.80 1.50 28.20 10.80 11.70 14.40 13.50 15.60 12.30 12.60 13.80 8.40 5.70 27.30 15.60 28.20 0.90 16.50
3.60 27.30 26.70 12.90 3.90 17.40 23.70 6.90 20.70 6.90 22.50 19.20 22.50 19.20 26.70 8.40 13.50 27.60 20.70 25.50
24.60 19.50 27.60 20.10 0.90 16.80 3.30 12.00 28.50 2.70 12.90 15.30 4.50 12.00 25.80 25.20 27.90 28.20 18.30 20.10
28.20 27.00 18.60 19.80 5.70 21.90 24.00 1.20 5.40 18.30 16.20 0.30 15.90 17.40 4.20 11.70 3.00 27.00 14.10 19.20
5.70 18.00 26.40 18.30 13.80 22.80 8.10 27.00 5.70 2.10 15.30 20.70 17.70 20.70 23.40 15.60 23.70 2.70 3.90 14.40
7.50 9.00 8.10 24.30 5.10 7.50 27.00 6.30 3.90 21.60 12.60 5.10 18.30 25.80 4.20 26.10 9.30 24.30 24.30 15.00
17.70 24.00 7.80 3.60 20.10 24.00 6.30 5.10 1.80 1.80 1.20 7.20 9.00 1.50 15.30 5.10 8.70 7.20 3.00 1.50
17.40 3.30 14.10 11.10 15.90 24.00 4.50 16.20 3.00 3.60 7.80 21.90 2.40 4.80 8.40 8.10 3.30 3.30 13.80 14.40
24.00 15.60 18.90 24.30 15.30 2.10 1.50 27.90 10.80 19.50 23.70 9.60 2.10 27.30 6.90 23.10 24.90 0.30 21.00 0.30
12.00 18.60 18.90 6.00 18.60 26.40 2.10 10.50 20.40 21.00 14.10 16.20 26.40 8.70 22.80 15.90 14.40 21.00 14.70 12.00
13.50 7.50 27.90 19.80 15.00 28.80 16.80 14.40 9.90 11.40 19.50 5.40 11.70 3.00 3.00 14.40 13.20 19.20 21.00 12.90
27.30 26.10 22.80 2.70 21.90 7.50 1.20 28.80 27.00 3.60 18.60 4.20 14.40 21.90 3.60 27.00 15.00 21.00 27.90 17.70
1.20 4.20 19.80 19.50 9.30 23.40 3.00 17.40 25.80 15.30 28.50 20.10 20.40 15.90 20.10 9.60 3.90 15.90 3.90 15.60
17.40 22.50 3.00 23.70 21.90 1.80 2.10 24.00 9.90 0.30 18.90 26.10 2.70 11.40 9.00 24.60 27.30 18.00 15.30 18.60
28.20 11.40 3.00 10.50 7.80 13.50 26.70 20.10 19.20 2.10 20.40 29.10 28.20 4.20 1.20 4.50 19.80 12.30 28.20 25.50
24.60 18.30 17.40 23.40 15.60 22.80 12.90 20.40 16.50 8.10 25.80 21.90 28.80 24.00 24.60 21.00 25.50 25.20 4.20 29.10
22.20 9.00 23.70 4.20 2.40 12.60 10.20 22.20 3.60 18.90 1.50 19.20 26.10 12.90 6.90 13.20 21.00 12.30 12.90 12.00
8.40 2.40 10.20 14.10 18.00 7.80 23.70 27.90 4.20 20.10 27.30 28.50 26.70 18.00 25.20 0.30 28.20 28.50 26.40 21.60
12.30 29.70 3.90 3.60 15.00 8.40 19.50 15.00 2.70 19.20 10.80 24.00 8.70 8.70 0.30 14.10 13.80 1.80 20.40 4.80
12.60 23.70 2.40 0.30 18.00 4.50 26.10 14.70 3.60 19.20 26.70 1.20 11.70 4.50 14.10 7.20 16.80 24.30 11.10 23.40
25.80 29.40 16.80 7.50 24.60 7.20 2.10 18.60 14.40 15.30 13.80 4.20 16.20 3.60 20.40 3.90 15.60 18.60 9.60 16.20
21.30 24.30 24.00 23.10 3.00 14.40 14.70 15.60 4.50 21.90 4.50 15.60 8.70 12.00 23.40 4.50 20.10 15.90 11.10 10.50
2.70 16.50 21.90 5.40 6.90 21.30 16.50 14.40 22.80 19.20 15.00 9.90 19.50 11.40 10.50 24.00 29.70 0.60 27.60 6.00
26.10 5.70 8.10 10.20 1.20 24.90 18.60 22.80 0.90 8.40 12.90 17.70 3.90 0.90 25.20 5.40 6.30 17.40 1.80 28.20
29.10 21.00 15.00 27.30 4.20 9.60 1.80 3.90 3.00 17.40 11.40 18.00 1.50 15.90 17.10 18.60 20.40 6.90 25.80 27.30
24.30 19.80 4.80 3.00 28.20 10.80 19.50 6.30 25.80 14.10 4.50 4.50 2.70 1.80 5.10 7.20 1.50 0.30 27.30 26.70
16.20 4.80 9.00 4.80 21.30 18.60 20.70 10.80 18.00 15.00 22.50 26.40 6.60 4.50 18.00 9.00 19.20 18.60 11.10 4.20
3.60 18.60 19.80 21.00 17.40 26.70 17.40 22.80 0.30 0.60 9.30 4.50 21.30 6.30 5.70 8.40 24.00 13.80 8.70 22.80
17.40 7.50 24.90 15.00 27.90 16.80 4.50 15.30 3.60 22.50 27.90 14.70 23.40 21.90 12.60 28.50 9.30 18.00 14.10 28.50
26.70 9.60 10.80 20.70 25.80 21.60 29.10 11.70 8.70 3.90 27.30 5.70 22.20 4.80 10.20 16.80 24.00 10.20 8.70 17.70
2.10 29.40 4.20 24.90 21.90 28.80 29.10 9.90 5.10 13.80 4.20 15.30 26.10 7.20 2.10 12.00 8.70 13.80 13.80 25.80
4.80 25.20 20.70 1.50 14.10 21.30 27.30 4.20 0.30 6.30 14.40 5.10 0.60 27.90 5.70 22.80 28.20 25.80 1.20 14.40
5.70 17.40 20.70 17.70 6.60 26.70 10.20 23.70 11.40 22.80 22.50 23.10 22.80 5.10 16.50 9.60 14.40 22.80 1.20 15.60
4.20 7.20 9.30 0.60 18.60 24.30 3.00 20.40 17.40 15.60 17.40 20.40 1.50 18.00 12.60 28.20 6.30 12.60 24.90 28.50
7.20 18.60 27.30 0.30 24.30 11.70 2.10 7.80 21.00 15.00 12.90 21.30 26.70 9.90 9.90 5.70 12.00 18.60 22.50 15.30
24.00 6.30 12.00 28.50 7.50 8.70 15.00 27.90 13.20 16.50 28.20 14.70 26.10 26.10 22.50 20.10 1.20 18.60 6.90 22.20
12.60 22.50 4.20 5.70 0.90 1.20 1.20 17.40 22.50 12.30 2.40 17.10 11.40 1.50 19.50 27.60 3.30 2.70 1.50 17.40
10.20 27.30 4.20 24.90 26.10 7.80 5.10 25.20 14.40 25.80 20.40 25.80 25.80 15.90 7.20 14.70 28.20 17.10 18.90 16.80
12.60 1.50 26.40 28.80 9.30 29.70 22.50 2.40 15.90 4.80 3.30 17.70 7.50 14.10 4.20 9.60 7.80 13.20 22.20 10.50
16.80 17.40 29.10 12.00 8.10 5.10 27.00 28.20 13.80 11.40 11.10 25.20 1.50 28.80 0.90 28.80 18.30 12.30 4.80 25.50
1.20 20.70 11.70 5.10 3.90 6.30 14.40 24.90 21.30 25.20 7.20 10.80 8.70 27.00 14.40 14.70 27.30 6.00 1.50 14.10
2.40 29.70 12.00 27.60 9.30 22.80 19.80 25.80 14.40 23.70 24.30 16.80 15.90 18.00 28.50 5.10 14.10 25.20 13.20 18.30
10.80 28.80 14.40 12.60 21.60 18.90 24.00 7.80 19.80 18.00 8.70 17.40 8.10 23.70 12.30 28.20 3.90 2.40 27.00 3.30
16.50 22.50 24.60 10.80 13.80 23.40 4.50 3.30 18.60 16.50 20.10 23.40 21.30 24.00 7.20 23.40 17.70 20.40 21.30 5.70
8.70 24.30 21.60 0.90 12.30 4.20 9.90 16.20 2.70 25.50 25.50 13.80 25.50 6.00 22.80 24.30 10.80 5.40 10.80 13.50
26.40 18.60 13.50 4.20 0.60 3.30 24.00 20.40 29.10 1.50 18.60 22.50 9.90 0.60 2.70 11.70 24.30 17.40 0.60 4.80
24.90 20.40 16.80 2.40 18.30 12.00 2.10 3.30 5.70 18.00 11.10 20.70 23.70 20.70 23.10 3.60 29.10 27.90 11.10 15.90
24.90 18.30 18.90 25.20 4.80 10.80 22.20 23.70 29.10 10.50 24.00 24.00 7.80 18.60 2.70 19.80 2.40 7.80 19.80 11.10
0.90 8.40 22.80 28.80 21.00 8.40 15.30 19.80 13.80 5.40 27.90 6.30 28.50 13.20 26.70 26.10 9.60 18.90 21.60 18.00
19.20 13.80 12.00 8.70 11.10 13.80 1.20 5.40 6.60 12.60 11.10 9.60 18.60 18.60 16.50 25.50 20.70 27.00 14.70 28.80
13.20 17.70 28.20 28.50 21.00 8.70 10.20 16.20 19.80 23.40 4.80 9.60 20.10 26.10 15.30 23.10 6.30 22.80 8.10 3.60
18.30 9.00 27.30 20.10 20.70 11.10 12.60 19.80 14.70 0.30 20.40 16.50 12.60 29.40 12.90 12.60 8.40 15.60 12.60 4.80
28.50 29.10 24.30 6.30 10.20 3.00 21.60 1.20 27.30 2.70 25.50 8.10 5.40 3.90 3.00 0.60 20.10 24.90 14.10 1.50
24.30 27.60 13.50 26.70 23.70 19.20 2.40 10.80 19.20 9.30 12.60 7.50 29.70 23.10 12.60 9.00 21.30 2.40 5.40 18.00
24.30 12.90 27.30 12.60 17.70 23.10 4.20 25.50 9.30 18.60 4.20 0.60 19.80 19.20 8.70 19.20 0.30 6.60 17.40 28.50
4.20 23.10 11.40 1.50 27.30 22.20 9.00 13.20 28.50 6.30 26.10 6.30 22.80 29.10 29.70 2.70 13.50 27.60 28.20 27.90
5.70 10.20 23.70 23.70 2.70 18.60 4.80 24.90 18.30 23.10 18.60 23.10 0.30 7.80 8.10 12.90 26.40 9.90 18.30 2.70
13.80 19.80 0.30 3.30 25.80 22.50 13.20 26.10 17.40 5.70 2.70 3.00 13.80 12.30 15.60 21.60 20.10 21.00 28.20 29.70
7.80 29.40 17.40 13.50 29.10 29.70 16.20 12.30 1.20 20.10 26.40 7.50 6.00 13.80 10.80 1.80 27.90 13.20 21.00 24.90
27.90 4.20 28.20 18.00 17.40 7.20 14.10 1.20 11.70 6.00 28.20 3.60 27.00 8.40 21.00 27.60 14.40 28.20 1.80 5.70
21.90 12.60 11.70 24.00 4.50 26.70 16.80 3.30 10.50 18.90 29.10 2.70 13.20 18.00 18.60 25.50 5.70 29.70 14.40 8.40
13.80 22.80 13.80 8.10 6.00 28.20 18.00 19.50 21.30 14.70 15.30 8.70 14.40 24.30 25.50 22.20 26.70 20.70 22.80 11.70
17.70 11.10 14.70 21.30 12.60 28.50 21.60 2.10 1.50 18.90 29.70 6.60 24.60 18.90 22.80 8.10 28.80 12.30 6.00 12.90
1.50 6.00 20.40 8.70 3.00 8.10 0.60 17.70 28.20 12.90 21.90 18.90 15.60 16.20 11.70 5.40 14.40 15.60 21.00 18.60
12.60 19.20 14.10 19.20 13.20 23.70 19.20 7.20 16.80 0.60 29.10 26.70 15.60 24.90 6.90 8.40 17.70 5.10 19.80 1.80
20.10 6.60 21.00 6.90 19.20 24.30 12.60 1.50 9.60 23.40 29.70 3.90 19.50 17.40 0.60 29.40 7.50 16.50 20.40 23.40
19.80 2.70 20.70 6.00 20.10 13.80 2.10 13.50 13.50 29.40 3.00 27.00 14.10 27.60 4.50 3.30 16.20 0.90 28.80 5.70
6.00 19.80 20.40 25.20 6.30 26.40 12.90 5.10 25.20 27.30 16.80 2.10 12.60 13.20 12.00 15.30 18.90 11.40 29.40 5.10
5.70 5.40 6.90 19.80 27.30 22.50 15.60 3.60 25.80 3.30 24.30 18.90 29.10 0.30 17.70 26.10 16.50 21.00 8.10 6.90
18.60 21.60 26.70 4.50 2.10 15.30 6.30 16.80 24.60 5.70 23.10 28.20 15.90 26.10 16.50 3.00 21.60 17.40 13.50 3.60
1.80 9.00 2.40 12.60 10.20 25.50 28.80 10.80 27.00 12.00 1.80 3.60 18.00 8.40 9.90 8.10 12.00 0.30 2.10 16.20
18.30 22.80 24.60 2.70 11.70 28.20 29.40 6.90 5.40 18.90 21.30 7.50 24.90 12.30 5.40 13.20 20.10 18.00 8.40 17.70
29.70 17.10 28.20 15.30 23.70 13.80 4.80 10.20 2.40 8.70 1.50 6.90 29.40 9.60 12.90 18.90 23.10 9.00 18.90 2.10
16.50 7.20 6.60 11.70 25.20 14.70 25.80 17.70 21.90 26.70 1.80 28.80 2.10 18.90 12.60 12.00 5.40 9.00 21.90 26.70
0.30 20.40 16.50 27.90 10.20 28.80 18.60 28.50 23.40 9.30 24.60 7.20 9.00 10.20 18.30 6.00 10.20 29.40 21.30 23.70
18.00 18.90 20.40 25.80 5.40 4.50 15.90 28.20 0.30 20.40 15.00 9.00 17.70 28.20 24.60 2.10 11.40 29.40 1.80 24.00
29.70 6.90 8.70 14.40 6.00 15.60 8.40 12.30 6.90 13.50 12.60 11.70 12.30 9.00 13.20 29.70 3.00 25.80 27.90 23.40
27.60 5.10 2.40 8.70 16.50 9.60 24.90 6.60 0.60 13.80 19.80 18.00 25.20 10.20 5.40 7.80 10.50 28.80 24.60 16.20
10.50 11.10 18.00 9.90 29.70 17.70 22.80 2.40 18.00 8.10 9.30 19.50 20.70 9.60 17.40 14.10 10.20 9.00 28.50 24.00
1.20 26.10 13.50 24.30 15.00 26.40 27.60 29.10 26.40 17.10 24.00 7.80 20.10 24.60 23.10 5.10 11.70 9.60 5.40 14.70
18.90 11.10 19.20 14.70 29.40 28.50 11.70 29.10 2.40 19.80 27.60 17.10 24.30 27.30 10.80 25.20 25.20 21.30 6.60 29.40
8.70 7.50 23.40 1.50 16.20 21.60 7.50 13.20 24.00 27.00 8.10 24.30 16.80 6.30 12.30 18.00 1.20 22.80 15.30 9.90
6.60 26.40 10.50 11.70 12.00 22.80 5.10 1.80 10.20 4.50 13.20 25.20 26.40 3.90 12.30 19.80 14.70 24.60 18.90 7.50
18.60 8.10 0.90 19.20 16.20 7.20 1.20 18.30 5.40 9.90 1.80 23.70 24.90 23.70 26.70 11.40 5.40 18.60 20.10 22.50
13.80 11.10 6.30 20.40 9.60 14.70 19.20 27.90 12.30 11.40 3.60 23.10 19.20 9.30 5.70 23.40 19.50 1.50 3.30 11.70
13.80 23.70 24.60 21.30 25.80 9.00 29.70 10.80 29.10 23.10 20.40 2.40 7.20 9.00 18.30 22.50 27.30 5.40 6.00 16.80
9.30 5.10 25.80 2.10 21.00 17.70 20.10 8.10 1.80 18.60 17.70 3.90 12.30 15.30 3.60 6.90 29.40 11.10 0.90 8.70
29.70 25.50 0.30 8.10 19.20 5.70 4.50 16.20 18.30 13.80 8.40 4.50 21.30 9.00 9.00 21.00 24.60 5.40 24.60 12.30
18.90 16.50 7.50 15.90 11.40 3.00 14.70 24.00 2.40 22.50 23.10 6.90 14.40 23.40 27.60 21.30 12.30 10.50 3.00 19.20
3.90 10.20 17.40 12.00 23.70 7.50 14.70 21.30 5.70 21.00 11.40 24.30 11.10 16.50 1.50 29.40 15.60 18.90 19.20 27.30
10.80 26.40 0.60 15.90 20.10 24.00 16.50 28.80 16.50 9.00 26.10 21.30 27.30 13.50 14.70 7.80 9.00 12.00 0.60 11.40
8.10 19.50 2.40 1.20 18.30 6.30 25.20 1.20 24.60 19.50 1.20 23.10 7.20 16.20 28.80 17.10 18.60 23.40 8.10 14.70
22.20 12.90 1.80 24.90 6.60 13.20 10.80 0.90 21.90 25.20 10.80 16.20 8.40 12.60 24.30 20.70 14.10 6.90 22.20 15.30
9.60 4.80 3.00 9.60 18.60 0.60 14.70 20.10 6.60 15.00 10.80 22.80 29.70 11.10 8.40 22.80 5.10 26.10 16.20 6.60
22.20 9.30 27.60 8.10 13.20 9.90 19.50 8.70 8.10 24.60 0.90 26.40 16.20 18.00 24.60 27.00 11.40 7.20 26.70 9.60
18.00 15.00 0.90 7.20 18.90 24.00 23.40 16.20 26.10 14.40 24.60 26.70 18.90 16.80 5.10 16.50 28.50 27.90 12.00 13.50
7.50 21.30 17.10 3.90 22.20 29.70 3.00 6.00 15.00 11.10 14.70 25.20 13.20 8.70 0.90 7.80 10.20 3.90 24.30 18.60
25.80 8.40 19.20 22.80 28.80 26.40 13.80 7.50 21.00 26.10 23.40 26.40 20.70 23.40 12.90 25.50 12.00 12.60 27.90 16.50
19.20 12.00 18.60 9.30 19.50 2.70 14.40 21.60 24.30 27.30 22.20 15.00 21.30 21.90 22.80 1.80 8.10 21.30 10.50 16.20
14.10 26.10 4.20 24.60 29.70 0.90 13.50 14.40 9.00 26.70 27.90 4.80 28.80 17.70 21.90 18.60 13.20 15.90 23.70 9.30
18.90 4.50 21.60 19.50 24.60 3.00 11.10 21.00 2.40 19.80 2.70 16.50 28.80 29.40 15.30 3.30 12.00 19.80 28.20 19.50
17.10 13.50 28.20 13.20 23.40 21.30 26.40 15.00 9.60 15.60 18.00 7.50 15.60 21.60 21.90 8.10 5.10 21.60 21.00 26.70
13.20 6.00 8.40 13.50 4.80 24.00 5.10 26.10 7.50 5.70 16.80 18.30 29.40 26.40 24.60 9.30 2.40 13.20 8.70 12.90
15.00 2.70 9.30 9.90 1.80 15.00 17.40 26.70 0.30 26.40 5.70 21.90 20.40 15.00 9.30 3.00 18.90 6.90 12.30 8.10
19.50 3.00 14.70 15.00 18.60 16.80 29.70 18.00 0.90 25.80 12.30 9.00 9.90 5.10 0.90 6.90 29.70 1.20 8.70 16.50
7.80 17.40 9.60 29.70 13.50 9.60 0.60 2.10 3.30 16.20 22.20 11.70 24.00 6.60 11.40 6.00 7.20 19.20 18.30 14.40
29.10 24.30 15.00 28.20 5.10 18.30 29.40 27.00 13.50 3.30 2.10 25.50 1.50 9.30 15.60 23.40 10.80 0.90 0.90 15.60
16.20 7.20 9.60 16.20 0.60 11.70 23.10 16.50 11.70 10.20 3.60 9.30 24.30 27.90 7.20 20.10 17.70 3.30 28.50 17.10
27.00 21.90 0.60 23.10 16.20 20.70 3.90 18.60 16.20 6.00 23.40 4.20 5.10 23.40 27.30 17.70 27.00 10.80 17.40 25.80
17.10 2.10 9.30 27.60 13.20 18.30 13.50 28.80 1.20 1.80 6.30 26.70 6.30 22.80 27.00 28.80 15.60 1.80 21.00 11.10
25.50 15.90 8.10 6.60 12.30 23.40 24.00 2.70 29.70 22.80 6.30 8.70 15.00 23.10 29.40 21.60 9.30 15.30 12.30 25.50
5.40 12.30 15.30 26.40 24.60 1.20 8.70 15.30 21.00 2.10 7.50 21.90 7.80 27.00 10.50 29.10 10.20 18.30 8.10 7.20
7.80 22.80 7.50 2.10 2.70 13.80 3.00 11.40 25.20 3.00 9.00 12.00 21.60 18.60 26.40 18.30 22.50 2.70 16.80 6.00
16.50 3.00 29.10 7.80 3.30 24.00 13.20 21.90 7.20 6.60 21.60 29.40 0.30 3.30 0.90 19.80 19.50 5.40 10.20 8.70
14.40 12.90 16.50 15.30 5.40 9.00 11.10 3.00 12.60 1.80 7.50 5.40 21.60 6.30 8.70 8.70 4.80 28.50 3.30 18.30
15.30 6.90 7.80 25.50 0.90 5.40 0.90 18.90 1.20 9.00 18.60 26.40 29.70 25.80 13.50 15.60 20.40 0.60 14.70 9.60
3.00 20.70 9.00 18.90 1.80 0.60 21.60 12.90 18.30 19.80 6.60 18.00 16.20 26.40 6.90 24.30 14.10 9.60 28.50 24.60
1.80 29.70 9.60 22.20 20.70 21.60 0.90 11.10 10.20 3.00 9.60 29.70 18.30 22.50 14.40 28.20 21.30 13.20 9.60 9.00
23.70 15.30 24.90 1.80 12.90 2.70 16.20 12.00 23.70 21.90 17.40 23.10 5.70 19.80 15.30 1.50 2.70 22.80 2.40 15.30
18.60 9.30 23.40 22.50 21.60 6.90 21.30 15.00 25.20 12.60 4.20 17.40 1.80 9.00 2.40 20.10 23.70 24.90 13.80 16.20
9.60 10.80 28.50 4.80 16.80 14.10 8.40 18.60 13.50 11.40 6.00 10.20 20.70 26.70 17.70 0.90 10.50 9.30 28.50 20.70
13.20 12.60 8.10 9.90 10.20 24.00 26.10 12.30 19.80 24.90 14.10 17.70 9.30 20.70 0.60 3.00 0.60 15.00 27.00 11.40
3.60 6.00 17.70 7.80 21.60 17.10 22.80 13.20 25.80 3.30 12.90 2.40 22.80 5.70 5.40 26.10 0.90 4.50 24.60 25.20
29.40 12.90 18.90 8.10 15.90 13.50 29.40 5.70 17.70 2.70 14.10 2.70 3.30 3.60 18.60 3.90 26.70 16.50 28.80 0.60
11.40 19.50 5.70 4.20 16.20 9.00 3.00 27.90 2.40 5.70 12.60 29.40 12.00 27.00 18.90 21.30 10.80 17.70 24.30 13.80
20.70 11.10 26.40 25.80 3.90 29.40 27.30 27.90 16.20 8.40 14.10 3.60 26.40 18.60 11.40 25.50 5.70 0.30 10.80 14.70
25.20 24.90 14.10 5.70 3.00 11.40 25.20 25.20 25.20 10.50 28.20 9.30 23.10 8.10 27.30 12.30 27.30 24.60 21.00 12.30
12.60 20.10 6.30 9.90 0.90 8.40 3.60 24.90 6.00 3.60 7.20 16.80 3.00 3.60 9.60 0.60 27.60 18.90 1.80 0.60
25.50 4.80 22.20 11.10 29.40 17.40 25.20 26.10 9.30 6.90 11.70 25.50 15.60 6.90 24.60 4.50 24.60 15.30 17.40 15.30
20.10 6.90 8.10 0.30 5.70 27.30 26.10 10.50 18.90 4.20 0.90 5.70 16.20 3.90 15.00 20.40 19.20 24.60 10.20 20.70
27.90 1.50 15.60 12.30 26.10 15.00 10.50 27.00 23.70 25.50 12.60 5.10 11.70 8.10 26.70 13.50 27.30 18.00 3.60 18.60
15.60 8.70 26.40 12.00 15.30 2.40 25.20 16.80 18.60 21.30 17.40 27.60 18.60 11.70 29.10 0.30 21.90 26.70 12.90 6.30
3.90 22.20 12.60 19.20 6.30 10.80 26.40 22.50 5.70 23.40 8.70 26.10 4.80 9.30 12.90 27.60 17.40 17.40 5.70 19.80
3.90 27.30 21.90 18.90 7.20 2.70 28.20 26.10 18.90 8.10 13.20 26.40 16.20 3.90 24.90 24.90 18.00 3.00 8.10 3.60
23.70 16.80 28.20 25.50 11.10 19.20 17.40 5.70 29.10 5.40 4.50 13.50 19.80 2.40 9.00 6.60 2.70 17.10 25.80 18.60
12.90 7.50 19.50 6.00 25.80 0.60 10.20 27.60 27.30 25.20 27.30 12.60 14.10 27.90 14.70 3.90 13.20 18.60 18.00 3.60
9.90 10.20 26.40 23.40 9.90 3.90 5.70 19.80 1.50 27.30 13.20 25.80 4.50 2.40 13.50 12.30 21.00 7.50 1.20 6.00
12.00 9.30 12.30 0.90 24.60 23.10 13.20 26.40 12.00 25.50 18.90 10.20 1.50 26.10 9.30 7.20 17.10 26.70 3.30 17.40
21.00 19.80 9.30 22.80 29.70 28.20 4.20 26.10 24.00 27.00 22.80 4.50 8.40 10.80 25.50 11.10 14.10 29.10 27.90 12.60
17.10 2.70 10.50 24.60 15.60 11.10 11.40 12.00 10.80 3.00 25.80 22.50 8.70 19.20 3.90 23.40 23.40 16.20 13.50 27.90
29.40 1.50 6.30 14.10 11.10 6.30 6.90 11.10 12.30 2.10 17.70 13.80 0.30 4.50 23.10 19.50 11.40 21.60 14.40 18.30
16.80 20.10 21.30 28.80 9.90 2.10 18.90 24.30 24.30 13.80 25.80 9.30 6.30 5.70 26.70 26.10 25.80 1.50 7.80 5.70
17.40 22.50 16.80 5.40 27.30 3.90 20.10 21.60 16.80 25.20 2.10 7.50 13.50 15.60 3.60 9.30 6.60 14.40 27.60 8.70
26.40 19.50 3.90 21.90 20.10 1.20 15.30 22.20 4.50 6.30 28.50 23.10 29.10 27.90 27.00 15.00 20.40 26.10 18.90 13.50
25.20 25.20 25.80 12.60 26.70 29.40 26.70 7.20 28.20 22.80 13.20 18.30 24.60 21.00 7.80 28.80 1.50 6.90 22.20 19.50
15.00 9.60 0.90 13.50 17.40 7.50 20.10 18.90 24.60 21.60 20.10 2.40 0.60 14.70 3.30 24.00 12.00 15.00 7.20 29.40
18.90 11.40 0.60 24.60 15.00 11.40 19.50 15.00 11.40 24.00 16.80 16.20 7.80 2.10 6.00 19.50 23.40 27.90 27.90 9.00
13.20 4.20 14.10 18.30 22.20 8.40 17.70 27.00 2.40 1.20 12.30 16.20 25.50 15.00 2.40 3.00 20.40 26.70 25.80 25.20
21.90 4.80 4.50 20.10 11.70 28.80 23.10 12.00 16.80 13.20 22.50 7.80 27.00 15.00 6.90 3.00 2.40 0.30 14.40 12.00
23.10 5.70 15.60 24.60 0.30 0.90 13.20 3.60 22.20 18.30 16.80 28.50 5.70 4.50 10.80 15.90 9.30 0.60 28.20 3.60
29.10 24.30 19.50 7.50 14.40 15.30 6.90 6.00 3.60 29.40 4.80 8.10 7.20 0.60 9.30 1.50 24.30 15.00 29.10 25.80
21.90 17.70 27.90 26.10 23.10 3.90 15.60 23.70 14.10 0.60 2.70 25.80 28.20 11.40 21.60 1.20 10.80 12.90 17.70 0.30
7.80 28.50 17.40 18.00 18.90 25.50 26.70 21.90 8.10 6.00 24.00 20.40 9.00 22.80 27.00 25.50 25.20 14.10 1.50 19.80
3.00 18.60 18.90 8.10 18.90 27.90 7.20 23.70 21.00 26.40 2.40 29.10 3.30 5.70 23.10 23.10 15.90 0.60 14.70 24.60
2.70 3.90 25.80 15.60 1.20 25.20 12.00 19.80 16.80 17.10 10.20 18.30 12.00 5.40 6.00 9.00 6.90 23.40 7.20 20.70
3.60 29.40 7.20 23.70 8.40 23.10 9.90 20.70 11.10 26.70 6.30 2.70 2.10 12.90 13.50 16.80 20.40 5.10 3.90 19.50
16.80 0.30 0.60 14.70 25.80 4.50 0.90 11.40 29.70 19.80 8.10 27.60 12.60 13.80 6.00 5.70 7.50 13.20 21.90 25.80
19.80 12.90 3.00 3.60 3.60 26.10 9.60 1.20 14.70 11.70 13.50 20.10 28.20 22.20 2.40 2.10 29.40 23.10 15.30 29.70
23.10 6.60 12.60 0.90 7.20 18.30 9.30 2.70 22.80 15.90 15.90 22.20 9.00 11.10 17.40 11.10 2.40 23.70 9.00 5.70
27.60 17.10 13.80 25.20 27.30 7.20 15.30 20.40 1.20 4.80 25.50 17.10 23.70 25.20 2.70 16.50 12.00 16.80 19.80 4.20
18.90 28.80 18.90 0.60 7.50 24.90 29.70 12.90 9.90 23.10 8.40 24.00 28.80 2.10 3.90 16.80 29.10 5.40 26.40 12.30
11.70 17.40 13.50 22.20 24.90 25.50 0.90 19.80 1.50 15.30 26.70 12.90 27.30 3.60 17.10 8.10 13.80 20.70 6.00 0.60
27.60 11.40 19.80 8.10 3.60 0.60 24.90 22.20 25.50 21.30 10.50 8.70 15.90 29.10 12.30 26.70 22.80 25.20 7.80 29.10
23.10 9.60 5.70 13.20 10.80 15.00 22.50 29.10 22.50 11.10 18.90 10.50 0.90 21.30 5.40 27.00 28.20 28.80 14.70 7.50
21.00 4.80 21.60 27.00 10.50 17.10 18.30 12.90 8.10 24.60 29.40 24.90 12.30 5.70 9.90 5.10 26.40 3.60 8.40 18.30
1.50 9.60 8.70 21.30 7.80 9.60 3.90 15.90 28.80 25.50 20.10 23.40 3.00 22.20 18.90 21.30 9.30 21.90 22.20 27.30
24.60 11.10 1.50 8.70 27.30 9.60 11.40 26.70 17.10 12.60 21.00 12.90 27.90 1.20 14.70 0.30 23.40 17.40 13.50 1.50
10.20 1.50 1.20 15.30 5.70 12.90 13.20 9.30 20.70 0.30 1.80 11.40 18.30 25.80 17.40 9.30 18.30 8.40 22.50 13.80
23.40 13.20 28.80 12.60 6.90 16.80 23.10 16.80 13.50 21.00 24.00 14.10 26.40 15.60 9.00 21.30 17.70 12.00 15.00 3.30
17.70 22.50 18.60 29.40 27.00 21.00 28.50 23.10 28.50 18.30 10.50 15.00 17.10 15.90 21.90 14.10 21.30 24.30 5.70 29.40
11.10 13.50 15.30 15.30 0.30 16.80 27.00 6.30 27.00 29.70 0.30 15.90 1.80 21.30 23.40 11.40 12.60 5.40 24.90 27.60
3.90 10.80 8.70 26.10 27.90 11.70 12.90 25.50 9.30 12.00 24.00 19.80 13.50 12.30 22.20 27.30 21.90 12.30 6.30 21.90
17.70 23.70 23.40 27.90 29.40 13.20 22.50 21.30 0.90 1.20 3.60 13.20 5.40 14.10 10.50 21.90 22.20 2.40 9.90 12.60
11.70 9.00 6.60 11.10 22.80 9.90 21.30 6.30 3.90 14.10 2.40 21.60 21.90 17.40 2.70 22.80 21.90 16.50 4.20 4.80
10.80 19.80 29.70 4.20 9.60 17.70 21.00 7.50 3.90 18.00 8.10 28.20 1.20 24.00 21.90 17.10 24.90 18.60 3.30 5.70
7.80 27.00 6.30 7.20 26.40 1.80 24.00 29.70 13.50 10.80 1.50 2.70 17.70 2.40 9.00 1.50 12.30 14.70 27.00 24.90
27.90 2.40 6.90 25.20 9.00 18.00 26.40 24.00 13.50 21.00 19.80 14.40 2.40 10.50 23.10 27.30 21.60 9.60 0.30 10.20
15.30 25.20 6.30 21.30 4.50 22.50 21.90 28.50 28.20 5.10 29.10 0.60 19.80 0.90 22.20 27.90 10.80 29.10 11.10 10.20
17.70 26.40 19.20 27.30 11.70 27.00 19.80 18.00 27.30 10.80 18.60 17.70 4.20 23.40 27.90 9.90 9.00 25.80 4.80 0.30
24.60 23.10 25.20 2.40 25.50 29.40 8.40 28.50 20.10 5.10 7.80 28.80 0.60 14.40 25.50 5.10 0.90 21.00 24.00 8.70
6.60 12.90 25.50 22.50 9.00 13.80 16.20 22.20 29.70 6.00 29.40 16.20 1.20 9.90 3.60 21.30 3.30 12.60 12.30 2.70
21.60 29.10 11.40 20.10 12.00 25.80 11.10 3.30 1.50 17.40 10.20 26.40 6.60 10.80 11.40 23.40 1.20 22.80 29.70 6.90
27.60 29.10 17.40 24.30 12.00 10.50 0.60 12.00 23.10 27.00 26.10 8.10 8.10 16.80 22.80 18.00 26.40 15.90 16.50 28.20
20.40 9.90 27.60 18.60 21.60 8.70 29.70 12.30 4.20 17.40 10.50 24.30 29.70 25.50 23.10 14.70 24.30 14.10 17.40 15.60
2.10 23.10 10.50 10.20 15.30 27.90 10.50 14.40 14.10 26.40 28.80 20.70 28.80 7.20 13.80 21.90 3.90 12.00 23.70 6.60
7.50 28.50 1.80 28.80 16.50 6.00 22.50 3.00 16.80 5.70 7.80 21.60 23.40 0.60 25.50 1.50 27.60 0.30 2.40 11.40
21.60 29.10 2.10 20.10 25.20 26.10 8.10 1.80 14.40 14.10 21.60 11.10 20.10 13.20 29.40 15.60 24.30 22.50 10.50 6.90
2.10 11.10 10.50 27.30 16.20 3.90 22.50 1.20 8.70 1.20 5.70 12.60 17.40 1.20 15.90 1.50 12.90 11.70 18.00 24.60
27.90 4.20 25.50 18.30 27.60 14.40 2.10 14.70 5.10 15.60 20.40 0.60 24.30 21.00 11.10 24.30 24.30 12.30 15.60 13.80
29.10 18.30 24.60 24.30 19.50 18.30 1.50 3.30 13.80 19.50 17.70 13.80 19.20 26.70 22.20 20.10 18.30 23.10 6.60 5.70
1.50 9.00 23.70 28.20 4.80 14.10 5.40 27.60 24.60 11.70 20.10 4.20 24.30 11.70 13.20 2.10 26.40 11.10 21.60 11.70
6.00 12.00 25.50 14.40 24.00 8.10 29.40 15.90 2.70 21.90 16.80 3.90 21.00 1.80 24.30 20.70 8.70 6.00 1.80 28.50
20.10 15.60 19.50 21.90 11.10 20.70 2.70 18.60 8.10 19.20 26.10 17.10 2.70 21.30 25.50 28.20 11.10 21.90 23.10 18.00
20.10 18.90 24.00 19.50 3.90 27.30 23.10 4.50 3.60 14.40 29.10 4.20 25.50 14.40 25.20 0.60 15.60 12.60 14.10 27.90
2.40 19.50 24.30 18.90 10.20 18.90 20.10 17.70 11.10 10.20 23.10 5.10 5.70 16.20 16.20 3.60 15.60 26.70 18.00 18.60
13.80 21.60 10.20 25.20 12.00 3.00 1.50 2.70 1.50 12.60 2.10 3.30 8.70 20.40 17.40 14.70 18.30 11.10 5.70 18.00
4.80 27.30 8.40 7.80 3.90 3.60 1.20 2.40 12.60 0.90 21.60 26.10 8.40 15.60 10.50 0.60 3.90 4.50 21.30 29.10
8.10 0.90 20.70 3.60 11.70 26.70 3.60 4.50 24.00 29.10 3.90 3.60 26.70 6.00 9.00 15.90 17.40 15.60 20.10 10.50
28.80 29.10 3.60 12.30 18.00 15.90 19.80 20.10 23.40 21.60 3.00 23.40 23.40 22.80 25.50 3.30 11.40 14.40 10.50 15.60
9.30 16.80 5.40 7.80 14.70 20.70 1.50 7.80 27.30 15.30 18.60 6.90 8.10 6.30 18.00 23.40 17.40 2.40 17.10 15.90
16.50 6.90 5.10 7.80 5.40 25.50 16.80 13.80 3.30 15.00 2.40 18.60 22.50 17.70 8.10 1.50 29.70 16.50 29.70 21.00
4.80 22.20 7.50 27.60 3.00 9.60 16.80 23.70 6.60 12.00 15.90 15.60 26.40 8.10 2.40 19.20 27.00 2.70 15.30 21.90
28.80 29.10 21.00 5.70 21.60 6.60 25.50 15.00 21.60 21.00 15.30 26.70 2.70 25.20 24.60 23.70 10.80 14.70 14.40 15.00
18.30 24.00 3.00 22.20 13.80 16.80 8.40 23.40 6.00 27.90 3.30 9.90 29.70 19.80 26.10 4.50 9.30 16.80 13.80 16.50
19.20 29.10 6.00 12.90 10.20 5.70 18.00 14.40 10.80 6.60 9.00 0.30 13.20 14.70 5.70 23.70 10.80 20.70 3.00 4.80
25.20 2.10 11.10 3.00 10.20 1.80 1.80 5.70 20.10 25.80 18.60 3.00 15.00 22.20 3.00 2.40 1.80 12.90 2.10 14.70
1.80 22.20 15.00 23.70 23.40 22.50 12.90 13.80 25.20 12.90 22.20 2.10 10.80 29.40 23.10 17.70 2.70 20.70 18.00 19.50
14.10 17.70 21.90 28.80 21.90 0.30 22.20 21.00 12.60 17.40 17.10 15.60 27.30 18.00 22.50 9.30 24.90 11.10 3.00 25.20
1.20 1.20 12.30 6.60 23.70 28.50 12.90 24.90 2.70 11.10 9.90 20.40 29.40 8.70 2.10 9.90 29.70 25.20 15.30 19.80
9.60 29.70 3.30 27.90 13.80 25.50 8.40 14.40 29.40 10.20 29.70 21.60 24.60 23.10 24.90 14.10 2.10 5.40 27.00 20.70
10.50 22.20 0.90 22.80 8.10 2.10 29.70 26.40 20.10 23.70 7.50 8.70 11.10 5.70 6.90 11.70 17.70 13.20 18.00 14.10
26.70 0.30 4.50 15.60 9.90 23.70 6.30 18.60 22.20 16.20 6.60 9.30 22.20 18.60 28.20 8.40 17.70 10.80 19.50 0.60
6.60 13.50 5.70 14.40 24.00 23.40 20.10 5.70 10.20 3.60 15.90 0.60 19.50 6.90 0.90 26.40 12.60 27.60 27.90 19.20
17.70 13.50 9.90 6.90 3.60 23.70 20.10 24.30 7.50 22.80 3.00 3.00 22.20 16.80 3.00 14.70 7.50 21.90 22.80 3.60
23.10 2.10 4.20 12.90 14.70 6.30 6.30 15.30 17.10 17.40 6.30 16.80 18.30 18.30 15.90 23.10 13.20 8.10 1.20 9.60
17.70 19.80 14.70 20.10 9.90 16.50 7.80 16.80 20.10 18.90 19.20 6.30 0.30 26.70 18.90 27.60 29.70 4.50 10.80 27.30
1.20 16.80 29.10 28.50 9.00 5.10 28.80 7.50 17.70 15.00 15.30 6.60 24.00 14.70 22.20 3.00 8.10 28.80 20.10 21.90
4.50 4.50 14.10 11.10 29.40 1.80 5.70 11.10 3.60 12.30 11.70 18.00 28.20 20.70 9.90 27.60 27.90 20.10 18.30 28.20
1.80 0.30 9.30 13.20 29.70 25.20 24.00 21.00 26.70 20.10 9.00 29.70 19.80 18.00 28.80 3.00 15.00 10.50 20.10 5.70
24.00 5.10 9.00 19.50 5.10 19.50 18.30 6.00 5.70 11.40 25.80 15.90 5.10 21.90 1.80 21.30 10.50 23.40 3.90 19.20
5.70 18.00 9.00 2.70 19.20 29.70 3.00 28.20 15.00 22.80 26.40 5.10 19.80 15.60 6.00 19.50 8.40 4.20 14.70 26.10
15.90 20.70 17.10 10.80 8.10 24.60 18.90 11.10 21.30 5.70 17.40 4.50 9.30 29.10 26.10 12.90 27.30 24.90 28.20 28.80
11.40 8.10 4.50 2.10 11.70 23.70 15.90 1.20 4.20 22.50 0.30 27.00 20.10 12.00 7.50 23.10 4.80 13.20 0.60 1.20
21.00 18.30 17.70 21.00 15.30 7.20 1.20 18.30 4.50 2.40 18.90 3.30 21.60 15.90 16.20 16.20 12.90 18.00 5.10 8.70
14.10 29.70 3.00 22.50 29.40 28.50 16.80 10.80 4.80 20.10 29.70 11.40 23.70 23.40 6.90 4.20 5.10 24.90 4.50 24.30
6.90 5.40 15.60 3.00 8.10 9.30 16.80 22.50 13.80 20.70 19.20 8.40 3.90 7.20 25.20 20.70 21.00 10.50 16.20 25.50
18.00 18.90 21.00 1.50 12.60 18.30 25.80 21.90 16.50 18.30 3.90 18.30 26.70 29.10 11.40 2.10 29.70 25.50 27.60 4.50
12.00 24.00 23.70 23.40 22.80 3.00 26.70 27.90 8.10 1.20 29.10 4.50 0.90 24.90 3.00 21.90 15.00 22.20 16.20 4.80
8.70 17.40 15.60 28.20 28.20 29.10 20.40 1.20 13.80 4.50 26.40 21.00 2.10 24.00 29.10 17.40 8.70 21.60 22.20 6.30
27.90 6.90 6.90 29.40 12.00 4.20 26.10 15.30 20.40 18.90 28.80 22.20 1.50 7.20 14.10 6.90 15.30 28.50 5.10 17.70
28.50 15.30 8.40 1.50 14.40 7.20 9.60 11.10 12.00 24.00 19.80 14.10 7.50 2.70 15.90 4.80 20.40 8.40 29.10 19.50
12.90 25.20 24.90 2.10 2.10 14.10 4.50 6.60 24.30 4.50 7.20 16.80 28.20 9.60 12.30 21.90 27.90 23.40 9.60 28.50
10.20 2.70 21.90 9.00 3.60 24.90 13.80 0.60 27.30 26.70 6.60 0.60 20.70 28.50 6.60 18.00 0.90 1.80 9.90 27.30
9.90 26.70 20.10 25.80 21.90 26.10 25.80 21.60 18.90 19.50 8.40 26.70 0.30 5.40 15.60 7.80 9.30 21.00 28.20 22.50
2.70 20.70 17.10 14.70 16.50 20.40 11.70 10.80 3.90 6.30 29.70 5.40 21.60 10.20 24.60 3.90 3.60 3.30 15.30 7.20
29.10 13.50 20.40 15.30 15.90 4.80 27.00 0.30 25.20 7.50 7.20 27.30 20.70 22.80 2.70 16.20 16.80 17.70 2.70 15.90
18.00 5.70 24.90 29.70 12.00 0.90 12.90 27.60 11.70 12.30 13.80 2.10 27.30 13.20 1.50 7.50 9.90 2.70 24.30 3.30
23.70 17.10 3.60 24.30 29.10 28.50 10.50 28.50 18.00 20.70 6.60 0.30 22.80 20.40 25.80 12.30 18.90 23.70 25.80 7.50
5.10 24.60 26.70 14.40 25.20 18.00 18.30 15.30 29.40 9.60 28.80 17.40 23.10 12.30 17.70 14.40 13.20 3.90 0.30 23.70
22.20 24.90 24.60 7.50 22.80 13.50 28.20 17.40 16.20 16.20 23.10 15.90 5.70 10.50 18.60 15.60 4.20 14.70 11.40 23.10
12.90 18.60 2.40 26.70 9.60 4.80 5.70 8.70 29.40 8.70 19.20 17.70 27.00 9.60 15.30 22.20 20.10 28.20 20.10 24.00
12.30 16.80 2.10 25.50 17.70 15.30 8.40 14.40 15.90 24.30 27.30 26.10 15.90 27.90 14.40 15.90 4.50 22.80 11.40 19.20
26.40 0.90 24.30 16.20 11.10 2.10 3.30 17.70 19.20 2.10 4.50 1.20 17.10 23.40 16.80 12.30 24.00 19.50 1.80 11.70
17.70 3.00 0.60 3.90 17.70 20.70 25.80 25.80 12.60 19.80 19.80 3.00 24.00 3.90 12.00 18.90 23.40 25.20 3.00 2.40
26.40 21.90 9.30 6.60 27.00 18.60 11.40 2.40 9.90 4.50 4.50 22.50 4.80 26.40 16.80 6.90 26.70 17.40 12.30 27.00
9.90 0.60 27.00 1.80 7.20 10.50 11.10 28.20 25.20 28.20 10.20 10.20 9.90 24.90 25.80 11.70 20.10 5.40 14.70 9.60
1.50 19.50 23.10 10.50 15.00 10.20 27.60 19.80 4.50 9.30 25.20 23.40 9.30 17.40 22.80 22.80 28.50 7.50 13.80 19.50
29.10 7.20 13.50 6.30 20.40 9.30 9.00 12.30 23.10 28.80 29.10 18.30 17.40 22.20 12.60 12.90 26.70 12.90 19.50 14.70
16.50 22.80 7.50 17.70 9.60 7.80 5.40 0.60 12.60 7.20 21.30 6.60 24.60 16.80 3.90 5.70 2.70 14.40 3.60 21.30
12.30 15.60 0.30 27.30 6.90 24.60 22.50 6.00 5.10 20.10 4.80 27.00 11.10 1.80 23.40 22.50 2.70 19.80 17.10 15.60
3.60 20.70 2.70 10.80 27.30 7.50 18.60 11.10 3.00 28.80 5.40 7.80 0.60 14.40 14.40 13.50 1.20 20.70 2.70 22.50
27.60 16.50 15.00 10.50 3.00 10.20 7.50 12.00 12.60 20.70 15.60 10.20 23.70 0.30 27.30 29.70 25.50 27.90 28.80 14.70
8.10 14.10 22.50 9.60 6.90 26.70 27.30 21.30 18.30 9.60 20.40 10.20 1.20 15.90 19.20 1.20 1.20 27.60 15.00 1.50
4.50 15.00 23.10 28.80 22.20 3.00 6.00 28.20 24.90 19.80 26.10 26.10 18.00 7.50 5.40 2.40 8.70 17.40 27.30 8.70
19.20 2.10 20.40 3.00 9.60 0.90 8.10 17.70 10.20 21.30 17.40 28.20 9.00 2.70 16.50 21.60 17.70 8.70 26.10 15.00
6.60 24.30 24.00 25.80 27.90 29.40 28.20 21.60 13.50 23.70 24.90 7.80 13.80 27.30 10.50 10.20 11.40 5.70 24.30 4.80
2.10 14.10 26.10 10.50 19.50 19.20 1.80 6.00 19.20 22.80 21.60 4.80 4.20 19.80 2.70 8.40 23.10 2.70 27.00 14.70
10.80 10.20 17.40 12.00 3.60 27.90 13.80 9.30 19.50 23.70 9.00 20.10 21.90 9.90 16.20 0.90 13.80 5.10 9.90 15.00
3.60 18.60 21.90 26.40 4.50 8.70 24.30 9.90 16.50 8.10 20.40 14.70 24.30 22.20 17.70 20.70 19.20 17.40 3.30 15.30
27.60 22.20 27.90 9.90 2.70 10.20 3.30 15.00 6.90 15.60 4.80 9.00 2.70 25.20 24.90 15.90 2.70 7.80 11.10 2.70
19.20 5.10 15.60 16.80 10.20 27.60 23.40 14.10 23.70 23.10 4.80 26.40 13.20 20.10 12.90 29.40 16.20 9.60 13.20 12.00
0.90 13.50 15.30 10.50 14.70 16.80 17.10 0.60 8.70 15.90 6.90 17.10 8.10 24.60 6.00 0.90 16.20 11.70 22.80 2.70
13.80 26.70 18.60 0.90 20.70 7.50 13.50 8.70 13.20 8.70 0.60 26.70 22.20 26.40 0.60 18.30 7.20 17.70 26.70 29.70
27.60 9.30 26.70 0.60 20.10 3.90 29.10 13.20 17.10 28.20 29.10 8.70 7.80 15.30 9.00 18.60 11.40 15.60 9.90 23.70
13.80 12.00 24.30 25.50 24.00 4.50 21.00 5.10 24.00 25.20 21.90 5.10 15.90 29.40 15.00 0.30 18.60 26.10 29.40 22.50
5.70 14.10 12.30 7.80 8.70 24.90 13.20 12.90 24.00 19.50 10.80 1.20 5.10 15.00 17.70 15.30 21.60 29.70 2.70 12.60
18.90 23.70 27.00 27.00 16.20 10.50 25.50 13.50 16.20 23.70 12.00 23.70 6.30 2.40 14.40 9.90 13.20 22.50 1.50 5.70
8.40 29.40 18.60 2.40 3.60 21.90 5.40 14.70 21.60 1.80 25.20 22.20 5.10 24.60 10.50 13.20 29.40 12.30 16.50 13.50
5.40 16.80 27.30 6.00 19.50 28.20 13.80 28.50 25.80 23.10 17.70 13.80 11.10 29.10 29.10 16.20 14.70 4.20 13.20 28.20
7.50 0.90 9.30 15.00 17.70 9.90 5.10 24.60 27.60 25.80 21.00 29.10 22.50 8.10 14.70 13.20 14.10 13.50 1.20 29.70
26.10 15.90 15.90 13.80 1.20 17.70 17.70 22.50 18.00 0.90 6.60 16.80 18.60 18.60 24.90 13.50 13.20 17.10 20.70 8.10
26.40 27.00 19.50 28.80 28.80 13.50 23.40 8.40 17.10 2.40 3.60 21.60 23.40 11.40 3.30 27.90 29.10 3.00 23.10 0.90
6.00 27.90 9.60 22.80 22.20 17.10 14.40 28.20 26.70 11.10 24.00 16.20 18.90 29.70 18.90 27.30 25.20 17.40 20.40 6.00
23.10 20.40 28.80 25.20 19.20 7.20 16.20 18.90 16.80 21.90 28.80 26.70 24.00 21.60 8.10 15.60 11.10 6.30 21.60 25.80
9.00 19.50 9.00 5.70 23.40 9.60 24.30 10.50 21.00 27.00 12.00 2.10 24.00 15.90 5.10 29.10 25.50 22.50 14.70 29.40
14.70 22.20 0.60 23.40 4.80 8.70 6.00 8.70 16.50 7.50 21.90 17.40 15.90 5.40 15.00 18.60 1.50 5.40 2.10 13.20
6.60 4.50 20.70 21.90 16.20 23.40 26.40 0.60 0.30 6.60 28.50 12.00 23.70 4.50 6.90 26.40 13.50 6.30 4.80 13.20
21.30 16.20 6.00 6.30 6.00 24.60 6.90 2.40 6.60 29.70 21.60 24.90 8.70 7.80 25.80 17.40 25.80 0.30 29.40 2.40
10.80 23.10 24.30 6.00 7.50 22.80 11.70 13.50 16.20 1.20 24.90 22.20 4.80 26.70 18.30 27.00 16.80 27.90 0.60 28.50
28.80 21.60 20.40 25.50 28.20 14.70 0.30 21.30 14.40 5.70 27.60 15.00 19.50 4.80 2.10 27.00 0.60 19.20 17.10 7.80
16.80 20.10 13.20 27.60 28.50 6.30 22.50 16.20 16.20 18.90 11.10 24.30 0.60 21.90 29.40 12.60 0.90 4.80 25.80 4.80
15.00 3.30 11.70 5.40 1.80 21.60 3.60 7.20 4.20 25.80 21.60 3.30 12.60 7.80 12.00 14.70 6.90 18.60 1.20 16.80
28.20 27.30 25.80 4.80 15.60 2.70 21.60 16.80 21.60 24.30 5.10 3.60 4.80 0.60 19.50 10.80 15.00 4.20 24.00 29.10
8.70 20.70 9.00 29.40 28.50 5.10 15.00 1.50 21.60 22.20 19.80 22.20 21.60 9.30 13.50 4.50 1.80 28.80 16.50 20.10
2.40 27.60 25.50 15.90 6.00 24.90 4.50 1.20 26.70 9.60 18.00 15.30 3.30 13.50 7.80 4.50 20.40 26.70 27.00 19.20
9.30 22.20 26.70 27.60 16.20 17.40 25.50 15.30 9.30 29.10 18.60 10.50 13.50 8.70 21.60 23.40 9.00 24.90 4.50 27.90
2.40 28.80 13.50 18.90 7.50 9.30 3.90 16.50 11.10 7.80 16.50 3.00 10.20 29.40 7.50 24.30 13.50 3.90 17.10 8.40
12.90 6.00 25.50 16.80 18.60 17.10 5.10 18.00 18.00 28.50 9.60 29.10 12.90 9.30 12.00 15.60 20.40 3.30 16.80 27.90
8.70 2.10 28.80 26.10 16.20 11.40 20.40 21.30 11.70 25.50 18.90 9.60 27.90 21.00 28.80 28.20 16.50 6.00 12.30 10.50
16.50 3.60 9.60 23.70 0.30 21.00 24.30 17.40 18.60 17.10 26.40 10.50 15.30 15.30 6.30 2.10 21.00 24.90 17.10 9.60
8.10 21.00 12.90 24.30 17.70 18.90 5.40 5.40 17.10 27.30 24.90 6.60 26.70 18.30 24.90 24.30 13.50 13.80 23.70 15.00
15.00 6.90 17.10 15.00 14.70 8.40 16.80 26.10 8.10 18.90 3.60 24.90 0.90 14.70 4.20 19.80 19.20 11.10 1.80 2.10
3.60 12.30 16.80 18.60 28.20 9.60 27.60 29.10 17.40 11.40 29.70 23.10 8.40 1.80 13.20 27.00 20.10 10.80 21.00 4.20
5.40 8.40 14.10 3.90 24.00 18.00 10.50 0.90 18.00 8.70 12.60 25.50 12.00 12.00 21.90 26.70 1.50 29.70 17.70 11.40
22.80 12.60 0.90 10.50 16.50 2.70 21.00 4.20 4.80 20.10 6.00 17.10 16.20 18.00 17.70 14.70 4.80 20.10 5.40 20.40
6.30 1.50 29.10 10.80 3.30 27.90 17.70 2.10 27.00 11.70 13.20 21.60 29.40 13.80 29.40 10.80 18.60 2.70 14.40 20.40
10.50 9.60 10.50 29.10 6.30 10.20 24.30 17.10 29.40 11.40 24.60 4.20 22.20 13.20 5.10 29.40 26.10 1.80 29.40 12.90
17.40 5.40 14.10 4.20 3.00 24.30 12.60 29.10 15.90 18.00 15.30 1.20 0.90 25.80 27.60 13.20 26.70 24.00 8.40 10.20
3.60 27.60 0.30 1.50 14.10 15.90 15.60 2.40 29.10 11.40 14.40 18.00 20.40 5.70 17.70 26.10 0.30 16.80 18.00 13.50
2.40 16.50 19.80 20.40 8.70 18.30 27.30 24.90 21.30 20.40 16.50 17.70 16.80 16.50 24.60 18.00 6.90 28.50 26.70 9.30
6.30 26.70 3.60 7.20 29.40 5.70 29.40 15.90 10.20 27.30 5.70 16.20 13.80 24.00 21.00 9.60 3.30 2.10 22.80 29.70
9.90 18.60 0.60 27.30 8.70 23.10 11.40 19.20 24.00 4.80 25.20 3.90 21.90 18.00 9.60 25.50 8.10 0.90 18.30 16.80
21.00 4.20 16.20 25.20 11.10 29.40 13.20 21.60 29.70 11.10 12.60 26.40 6.90 18.90 3.00 8.40 28.20 23.70 1.50 15.00
4.80 20.70 25.80 19.80 4.50 12.00 2.10 11.40 20.40 27.30 24.30 6.90 13.50 27.00 18.30 6.90 16.80 21.30 3.90 22.50
28.50 1.80 6.00 21.30 1.80 9.30 22.20 16.50 23.40 21.60 24.00 29.10 15.30 23.10 21.00 21.60 19.50 12.60 2.70 3.60
15.90 23.40 8.10 19.20 1.50 15.60 17.70 1.50 5.70 4.80 21.60 12.00 8.10 6.00 11.40 11.40 12.90 21.00 19.50 1.20
8.10 26.10 25.50 8.70 1.20 26.10 1.50 8.70 15.60 9.90 7.50 8.10 2.70 22.80 16.50 14.40 21.60 24.30 25.50 14.70
6.30 11.70 8.40 1.20 16.80 16.80 28.50 23.70 11.10 5.40 10.50 13.20 13.50 17.40 21.60 9.00 16.80 1.20 27.60 9.00
4.50 1.50 13.80 5.40 18.60 23.40 0.90 15.90 16.80 6.90 6.60 22.50 16.50 18.00 26.70 12.60 4.50 9.00 24.00 24.90
5.10 28.80 15.60 24.30 28.20 13.20 17.10 27.30 29.40 17.10 15.00 15.90 28.80 20.70 22.20 25.20 12.90 15.90 21.60 18.90
21.60 15.30 25.80 15.00 28.80 10.50 9.30 22.50 29.40 3.30 20.70 28.20 12.30 7.80 9.00 6.60 23.40 21.90 1.50 17.70
1.20 24.00 20.40 26.70 6.90 5.10 18.30 0.30 24.90 14.70 9.00 24.90 8.10 25.80 2.70 15.00 16.20 15.00 29.70 14.10
21.60 19.20 19.80 12.90 25.50 7.80 25.20 26.10 17.40 13.20 8.70 25.20 7.20 12.60 19.20 26.10 28.20 13.50 3.90 12.90
14.40 21.90 23.40 13.20 12.60 16.20 10.20 28.20 6.00 14.70 28.20 14.40 0.60 8.10 15.60 20.70 6.30 22.20 15.60 27.30
15.00 7.20 9.00 21.30 10.50 16.80 20.10 17.70 10.80 28.20 5.40 13.80 0.30 20.10 7.80 2.40 18.60 4.20 18.60 4.80
20.40 28.50 29.40 24.60 3.30 20.70 9.60 12.30 26.70 3.90 29.40 24.00 4.80 26.40 19.20 17.40 17.70 11.40 26.10 0.30
27.30 10.50 27.30 21.00 14.40 5.70 5.40 2.40 6.90 24.00 24.30 19.50 0.60 20.10 20.10 10.20 8.10 3.60 22.80 7.20
25.80 17.10 24.00 21.90 24.90 13.80 26.70 27.90 5.40 3.00 26.10 2.10 4.80 22.80 29.40 26.70 0.90 23.10 20.40 22.50
19.80 8.40 9.00 8.40 28.50 23.70 11.10 19.20 22.80 18.30 10.80 25.20 15.00 11.40 13.20 0.60 18.30 7.80 6.60 27.00
3.60 20.70 14.10 4.20 13.50 28.80 9.00 1.80 8.70 21.60 15.30 27.60 20.40 12.60 9.30 4.20 2.10 28.80 14.70 21.90
16.80 27.60 1.80 3.90 8.70 20.10 12.60 9.60 15.00 12.90 13.50 26.40 16.80 19.20 16.50 1.80 16.80 21.90 27.00 29.40
6.60 3.30 11.10 3.90 11.10 24.30 1.80 15.90 25.20 12.30 9.60 4.50 26.40 5.40 10.50 27.00 6.60 6.90 2.40 18.90
21.60 1.20 14.70 6.90 11.70 25.50 28.20 23.10 12.60 16.80 22.20 8.10 24.60 21.90 22.80 22.80 25.80 27.30 10.80 25.80
3.90 25.50 23.40 17.70 27.30 24.60 13.80 17.40 27.90 24.00 15.00 28.50 13.80 1.80 21.30 27.30 3.90 20.10 1.50 6.60
13.80 26.70 12.00 16.80 9.90 4.50 23.70 24.60 4.80 3.60 25.80 15.00 19.80 27.00 12.00 16.20 16.80 27.30 3.60 1.80
22.50 24.30 29.70 17.40 25.50 19.20 26.70 9.30 2.10 25.50 0.30 28.20 17.10 4.50 25.80 15.00 6.30 22.20 7.20 13.80
23.70 23.10 10.80 16.80 15.00 21.90 24.90 29.10 3.60 12.00 17.10 20.70 17.40 18.90 16.20 22.80 2.70 18.00 27.30 1.80
21.60 5.10 23.70 21.90 13.80 0.60 27.00 12.60 23.70 22.50 0.90 9.30 4.20 6.30 27.60 9.00 24.30 16.20 27.60 29.10
27.30 13.20 8.70 7.80 28.80 22.80 24.30 16.80 7.20 28.50 20.40 24.30 3.90 3.90 4.80 18.00 19.50 27.00 27.00 14.10
10.80 11.70 10.80 1.50 9.90 16.50 5.40 27.60 16.80 26.70 13.50 20.40 11.40 23.70 11.10 28.50 15.60 16.20 8.10 13.50
14.10 18.00 6.00 1.50 14.70 24.30 23.70 17.40 29.70 29.10 18.90 13.50 6.00 2.40 8.70 17.70 0.60 13.80 24.30 3.30
27.30 17.70 2.40 1.20 12.00 17.10 15.60 10.80 20.70 6.30 5.40 15.30 14.70 10.20 29.10 17.70 9.00 26.70 11.10 0.90
23.40 18.00 24.60 15.90 22.20 21.60 15.30 10.50 22.50 26.40 28.20 9.00 9.60 16.20 1.80 27.90 24.60 24.90 18.30 9.90
28.50 16.50 4.20 28.20 29.40 2.40 0.90 21.00 6.00 3.00 3.00 27.60 22.80 10.50 26.40 7.20 0.60 19.50 7.20 26.10
16.80 22.50 26.70 20.10 12.00 2.70 12.60 25.20 10.50 19.50 17.70 9.30 23.40 21.90 25.50 18.90 20.10 11.70 13.50 3.00
20.40 22.80 29.70 9.30 8.10 0.60 26.70 14.70 2.40 18.90 6.30 24.00 2.70 6.00 24.90 23.70 14.10 7.20 22.20 11.70
20.10 28.50 24.00 13.20 10.80 10.20 28.80 17.70 7.80 22.50 12.00 18.00 9.90 13.20 21.30 25.80 11.40 22.50 2.40 25.80
6.00 15.90 22.50 9.30 22.50 6.30 23.40 7.20 23.40 24.30 24.30 24.30 13.50 26.10 0.60 3.60 10.80 15.00 19.80 29.10
19.80 0.60 28.80 5.40 18.30 3.30 11.40 3.60 17.70 1.80 10.50 5.70 14.10 2.10 16.50 29.40 27.00 14.10 8.40 12.60
25.50 12.60 3.30 11.10 25.80 12.30 27.90 15.60 12.00 19.80 24.00 28.20 18.60 15.90 17.10 21.00 1.20 17.70 12.90 18.30
24.00 14.40 19.20 25.20 26.70 18.30 10.50 6.00 14.70 15.00 2.70 24.30 24.60 7.80 21.60 6.60 12.00 29.40 26.10 7.80
29.70 22.80 25.50 1.50 21.00 21.00 0.30 2.70 23.70 8.40 12.00 6.00 18.00 21.60 29.10 4.20 2.70 14.70 12.30 10.50
8.70 4.80 11.10 3.90 9.30 6.00 5.70 27.90 29.70 19.20 1.80 26.10 15.30 28.50 21.60 6.30 26.70 5.10 4.80 17.10
1.80 21.00 12.60 28.50 15.90 12.30 19.80 13.50 17.70 27.30 12.00 29.40 18.60 26.10 9.30 12.00 23.70 27.90 0.30 20.10
10.20 12.90 19.50 26.40 21.60 3.30 3.30 6.60 14.10 8.40 11.70 4.50 26.40 20.70 1.80 4.20 2.10 23.10 21.90 29.70
27.60 26.70 1.50 26.40 14.70 21.60 17.40 1.20 28.20 4.50 12.30 13.80 18.30 26.10 22.50 21.30 13.20 16.50 10.50 11.40
17.10 20.70 1.20 12.30 27.60 0.90 9.60 8.10 15.60 1.50 10.80 27.30 20.40 24.60 22.80 24.90 5.70 29.40 10.50 25.20
3.60 10.20 16.50 6.90 18.90 26.40 15.00 10.20 12.60 22.50 7.50 2.70 23.40 6.90 15.60 21.90 5.70 14.10 8.40 26.40
21.60 21.00 29.40 11.10 21.60 9.60 12.00 10.80 7.80 18.30 0.30 3.00 6.00 11.10 0.30 26.10 25.80 21.00 24.00 19.80
28.20 28.80 2.10 5.10 26.70 10.80 23.40 19.80 4.20 1.20 18.30 25.50 3.00 29.40 19.50 6.00 14.10 20.70 3.60 0.60
1.80 29.70 1.80 9.00 21.30 5.10 19.50 22.20 19.80 3.00 2.70 16.50 21.90 3.30 24.60 18.30 13.80 28.50 16.80 28.80
22.50 14.40 0.60 8.10 4.50 27.60 27.60 4.20 21.00 21.60 16.80 3.90 22.80 17.10 10.80 11.40 3.90 3.00 14.70 10.20
0.30 18.00 29.10 5.10 8.70 21.00 9.90 16.50 27.60 12.00 13.20 13.80 16.50 12.60 3.00 7.20 8.70 28.20 3.30 24.30
2.70 19.20 11.70 10.80 15.00 3.60 23.70 24.60 8.70 17.40 4.20 27.60 6.90 12.00 12.30 6.60 0.30 12.60 20.10 26.10
22.20 18.60 18.60 6.90 18.60 6.60 7.80 29.10 0.60 4.50 22.20 26.40 17.70 6.90 29.40 14.70 2.10 17.70 19.20 2.70
17.10 9.30 12.00 11.70 28.80 2.40 1.20 7.20 6.60 21.00 14.40 8.70 18.90 20.70 17.70 10.20 29.70 6.00 3.60 18.60
29.10 14.70 25.80 18.30 29.70 2.10 21.90 7.50 4.20 15.00 6.30 10.80 15.30 10.50 15.60 23.40 18.30 7.50 21.60 18.60
16.80 28.50 29.70 28.20 19.20 12.00 25.20 3.60 14.40 8.10 12.60 17.70 23.70 7.20 16.50 18.60 11.40 3.00 13.20 4.20
21.90 6.90 6.00 13.20 22.50 1.20 18.30 10.80 5.70 3.90 18.90 27.90 5.40 27.90 12.90 5.10 9.30 28.20 21.30 27.30
11.10 19.50 4.80 6.00 27.60 17.70 18.00 10.50 25.50 24.90 6.00 10.50 28.80 25.20 24.90 14.10 14.40 3.60 11.40 2.10
17.40 3.00 27.30 27.60 9.00 4.80 7.20 22.20 18.30 23.40 18.60 26.40 21.60 12.90 23.40 14.70 2.40 27.90 21.60 18.00
6.00 15.30 8.40 25.50 29.40 19.50 21.90 7.20 26.40 29.40 6.60 4.50 9.30 6.30 18.60 3.00 5.70 24.60 27.30 20.40
18.60 8.70 2.70 4.20 12.00 10.50 21.90 18.90 17.10 27.90 20.10 23.70 28.80 8.70 25.50 22.80 1.50 12.00 1.20 3.60
29.70 18.90 1.50 20.70 10.50 12.00 6.60 10.80 15.90 2.40 4.50 4.50 12.60 13.50 20.10 18.30 10.80 24.30 10.20 2.70
18.60 2.10 6.90 8.70 28.20 3.60 17.10 2.10 10.50 20.70 0.60 6.90 19.20 1.20 13.20 26.10 23.70 27.90 26.40 27.90
21.30 8.40 7.20 5.70 1.80 25.50 6.30 28.80 27.30 12.90 15.90 15.00 6.60 7.50 28.80 5.10 4.80 9.00 19.50 28.50
26.70 21.60 10.20 1.50 8.70 9.00 1.50 11.10 16.50 22.80 4.20 6.60 5.40 2.10 3.30 18.00 25.80 25.80 8.10 27.60
14.40 18.90 12.60 17.10 16.80 7.80 8.70 11.40 20.70 19.20 14.70 27.60 27.90 15.60 27.00 19.20 26.70 0.60 5.10 16.20
20.70 18.90 20.40 3.90 28.20 18.30 21.60 10.80 12.30 16.80 17.40 18.30 12.60 15.90 4.80 21.60 24.00 15.60 18.90 19.50
28.80 12.00 22.80 27.30 5.70 9.90 1.20 1.80 25.80 29.70 12.90 12.60 25.20 23.40 18.60 19.80 15.30 28.50 5.10 7.80
28.80 11.70 2.10 2.40 21.00 24.30 10.20 29.40 2.40 9.00 15.30 25.80 22.20 27.30 1.80 16.20 5.70 27.30 9.60 23.10
16.50 14.40 15.90 24.60 1.20 21.60 21.30 2.40 12.90 4.50 29.10 21.60 10.80 17.10 9.60 23.70 28.80 14.40 17.70 16.20
15.30 0.30 8.10 26.40 8.10 5.10 6.00 27.00 11.70 24.30 9.00 12.30 27.60 3.00 4.50 12.90 17.10 16.20 4.50 8.70
16.80 20.10 0.30 20.10 21.90 1.20 26.10 0.30 19.80 10.80 18.30 8.10 20.70 8.10 7.50 22.80 23.70 1.80 21.30 11.40
9.60 12.60 24.90 7.80 17.40 2.40 12.90 14.40 20.40 28.50 0.30 12.60 15.90 8.10 26.40 12.60 13.50 0.90 3.60 18.60
29.40 1.80 18.30 12.00 13.80 8.10 6.30 22.20 1.80 22.20 13.50 8.40 4.20 5.40 12.90 4.20 2.40 3.00 12.60 21.00
3.90 22.50 29.70 15.30 21.90 2.40 9.30 4.50 7.20 7.80 12.90 4.50 8.40 13.50 0.60 9.60 23.10 27.30 6.00 17.10
2.40 19.50 23.40 16.80 9.30 20.40 13.20 20.40 13.20 25.50 11.40 24.30 8.40 17.70 18.60 8.40 23.70 4.20 5.40 10.20
22.50 27.00 2.10 27.90 16.50 18.60 11.40 15.90 10.80 14.70 23.70 15.30 1.80 1.20 29.10 15.90 3.60 5.40 3.60 20.70
28.80 27.00 29.10 27.90 3.30 0.30 18.00 6.60 2.40 28.50 9.90 23.70 24.60 6.00 25.80 20.40 12.60 20.40 1.50 1.80
27.60 1.20 11.70 24.90 17.40 23.40 19.20 6.30 26.10 4.20 25.20 26.70 6.90 21.60 13.20 6.90 15.00 11.40 12.30 12.00
2.70 15.90 5.70 22.20 14.40 28.50 18.30 15.30 19.80 21.90 13.20 22.80 17.10 28.50 1.20 6.00 12.60 6.60 8.70 13.20
10.50 11.70 17.70 18.90 6.90 25.20 27.30 17.70 3.30 14.10 18.60 7.50 20.40 19.80 21.30 28.80 2.40 16.50 2.40 5.70
24.30 10.50 3.30 11.40 14.70 11.70 24.00 18.90 8.70 24.90 18.30 10.20 24.30 23.40 23.70 6.00 26.40 18.00 1.50 7.50
1.80 28.50 15.60 5.40 28.50 10.50 11.70 3.90 14.70 22.50 18.90 25.20 29.70 7.20 24.00 9.00 27.30 8.40 0.90 29.40
2.10 1.80 18.00 14.10 3.60 16.80 3.60 11.40 0.30 7.20 11.70 8.10 27.60 6.90 21.30 8.70 15.90 15.00 7.50 25.50
24.30 4.80 23.70 3.00 18.60 9.30 23.10 6.90 21.60 29.10 23.70 13.50 2.70 25.20 28.20 9.60 4.50 2.70 14.40 20.10
5.40 20.70 3.90 2.70 13.20 24.90 22.20 11.40 11.70 1.50 22.50 21.30 6.30 9.90 0.60 19.80 28.50 8.10 13.50 9.00
23.10 27.60 21.90 14.10 10.20 0.90 5.70 20.40 26.40 9.90 17.10 20.10 20.40 5.40 21.00 25.50 6.90 8.10 1.20 15.00
4.50 9.00 18.00 27.60 21.90 11.40 2.40 6.90 3.00 11.10 27.60 18.90 7.50 7.50 17.40 24.60 3.60 1.50 16.50 6.90
20.10 24.30 11.70 25.50 24.00 0.30 26.70 22.80 25.80 8.70 10.20 21.60 12.90 14.40 15.00 8.10 10.80 13.20 3.60 8.70
18.60 6.00 17.10 29.70 15.00 7.50 14.70 7.80 9.90 27.90 2.10 0.60 3.90 3.30 24.00 25.20 25.20 27.30 14.70 27.30
16.20 4.50 20.10 10.50 18.00 16.80 12.90 12.30 3.00 5.40 14.40 18.60 24.00 25.80 23.10 27.30 25.50 9.60 16.80 6.00
11.70 14.70 15.30 15.30 3.00 28.50 9.90 24.00 7.20 24.90 11.40 27.90 8.40 19.20 3.60 26.40 21.60 3.00 5.70 29.70
27.90 15.00 18.00 5.40 16.20 0.60 14.10 25.80 22.80 1.80 20.70 6.90 16.80 3.30 25.50 9.90 26.40 1.50 22.80 11.70
17.40 14.10 16.80 20.40 15.30 1.50 23.10 1.20 20.40 2.10 3.90 25.80 0.60 12.30 5.40 21.90 4.80 0.30 21.00 27.30
6.30 2.70 25.50 12.90 28.80 25.80 9.90 15.60 6.30 19.50 22.50 6.30 13.50 23.40 23.70 17.40 3.90 23.40 15.00 29.10
3.60 29.10 22.80 15.90 10.80 14.40 1.80 2.70 11.10 9.30 8.40 18.00 24.00 21.90 10.20 6.90 12.30 5.40 27.30 10.50
1.50 27.60 15.90 12.00 4.50 8.40 29.40 18.00 29.10 22.80 19.50 5.40 6.30 13.50 13.80 21.00 25.50 27.00 4.50 24.00
15.30 6.60 22.50 4.80 21.60 2.40 24.90 9.00 4.80 8.40 21.60 8.10 26.70 25.50 23.70 27.60 15.00 15.30 28.80 24.60
21.90 22.80 13.20 26.70 0.30 3.30 17.10 10.50 15.00 23.40 28.50 14.10 18.00 1.50 11.10 17.70 9.30 4.20 24.00 10.80
29.10 27.30 28.50 27.30 17.40 15.90 18.30 19.50 28.80 4.20 18.90 14.10 2.70 11.70 20.40 15.90 14.70 0.30 11.40 8.10
5.10 16.50 24.30 27.60 13.20 24.60 21.30 2.10 22.50 11.70 10.50 27.60 13.20 17.10 0.60 5.70 21.30 7.80 25.50 28.80
14.10 15.00 16.80 28.20 29.40 23.10 17.70 23.10 29.10 28.50 24.60 16.80 27.60 4.80 29.40 18.90 5.70 19.80 25.80 15.60
28.50 17.10 17.10 1.20 18.00 19.80 20.70 0.30 7.50 5.40 18.30 8.70 18.90 1.50 0.90 20.40 6.90 24.30 12.30 5.70
22.50 17.40 9.30 21.30 19.80 20.40 22.80 11.70 8.40 26.40 24.90 16.20 8.40 25.80 24.00 15.90 4.20 24.60 10.50 25.20
6.60 18.60 7.20 24.60 15.90 1.20 6.60 12.30 12.90 19.50 20.40 25.50 23.40 23.10 7.50 15.60 22.50 20.10 26.70 2.40
16.80 24.60 15.30 21.00 7.80 20.10 3.30 2.70 14.70 0.90 14.70 28.20 11.40 25.50 23.70 2.40 7.80 15.30 18.30 9.60
29.10 25.20 7.20 24.30 7.50 14.40 24.00 10.80 1.20 2.40 24.60 6.00 13.20 28.20 14.40 6.60 15.90 13.50 21.60 20.40
15.60 13.20 4.50 7.20 6.00 26.40 13.80 13.20 2.70 15.30 13.20 7.80 2.40 16.20 25.80 1.50 0.30 0.90 17.10 27.30
20.40 27.60 3.30 11.40 15.30 6.60 24.30 20.70 4.20 24.00 8.40 22.20 3.30 9.60 21.90 8.70 18.60 15.60 15.60 28.80
3.60 1.20 3.30 14.70 15.30 11.70 28.20 13.50 19.80 27.00 22.80 24.00 4.20 22.50 7.80 24.30 12.30 17.70 24.90 25.20
20.10 28.20 10.80 24.60 25.80 24.60 1.80 20.10 19.20 21.90 24.90 26.40 21.90 21.30 19.50 21.60 27.60 15.60 4.50 22.20
24.30 1.80 6.00 18.30 15.90 19.50 25.20 11.40 26.40 20.10 5.70 16.50 14.10 26.10 7.50 29.10 13.20 13.80 22.20 28.20
2.10 22.20 6.60 5.70 23.10 11.10 9.60 4.80 6.00 24.60 24.00 26.40 4.20 15.30 0.30 26.70 27.60 23.10 14.70 27.90
12.30 3.60 5.10 25.80 10.50 13.50 1.20 15.00 0.90 12.60 22.20 4.80 10.50 17.40 28.50 15.90 9.90 4.20 18.00 2.70
17.70 0.90 20.40 18.00 24.90 28.20 17.70 12.60 8.40 6.60 1.20 11.40 9.30 6.00 9.60 11.70 1.80 24.30 0.90 9.60
9.00 21.90 24.60 10.20 7.50 13.20 20.70 25.20 10.50 25.50 18.00 18.90 11.10 12.30 21.90 12.30 17.70 7.20 28.50 16.80
13.80 4.80 12.60 9.30 6.60 26.70 25.50 6.60 7.80 26.10 12.00 24.60 20.70 6.60 1.50 12.60 19.20 4.80 18.30 9.60
27.00 9.60 12.30 15.30 20.40 3.60 29.10 2.40 13.80 24.00 26.70 23.70 18.30 21.60 28.80 26.70 19.50 28.80 15.60 24.90
17.10 29.70 7.50 27.60 10.20 12.90 14.40 17.10 13.20 16.80 13.50 9.30 25.50 9.30 20.10 26.40 16.80 10.20 28.80 7.20
18.30 13.50 26.40 8.40 19.50 10.80 24.60 18.60 14.70 4.20 3.60 3.30 15.00 2.70 13.80 21.00 24.60 18.60 22.50 9.60
15.30 2.10 2.40 16.20 17.40 18.60 7.20 13.80 12.60 26.70 15.60 27.30 25.50 10.80 18.00 17.10 9.60 28.20 26.40 4.80
15.90 10.80 17.40 22.20 8.40 28.80 22.50 29.10 17.10 3.30 11.70 8.70 26.10 26.70 10.20 10.80 8.10 19.20 12.00 23.40
18.30 6.30 20.10 6.60 18.30 19.50 17.10 10.80 14.40 3.30 0.60 0.30 25.50 1.80 23.70 12.90 18.30 21.60 3.00 1.80
12.90 26.40 0.30 13.20 7.80 24.60 0.30 5.70 1.50 22.80 24.60 9.30 17.10 20.70 15.30 7.50 5.10 21.90 0.60 9.90
9.60 22.20 3.60 8.10 18.90 23.70 7.80 25.80 16.50 6.30 19.20 1.50 6.30 27.30 13.80 3.90 0.30 28.20 28.80 22.80
21.60 20.70 10.80 16.20 29.10 15.60 19.50 25.80 20.70 3.90 9.60 28.80 4.50 9.90 3.60 10.20 3.60 2.10 0.90 22.50
20.70 21.90 4.20 23.10 29.40 5.10 23.70 9.60 20.10 25.80 22.80 12.00 19.50 26.10 5.70 12.30 20.70 1.80 5.40 20.40
7.20 26.10 24.90 11.70 11.10 14.10 21.60 12.90 10.20 8.70 2.40 15.00 18.60 21.60 25.20 23.40 12.60 21.00 14.40 14.10
14.40 5.70 0.30 14.40 16.80 26.40 19.50 28.20 26.10 16.80 3.90 2.70 20.10 7.50 5.70 24.30 12.60 22.20 19.50 15.90
18.30 11.70 2.70 25.80 21.60 10.80 8.70 9.60 8.70 5.40 0.60 18.30 8.70 17.40 18.90 5.10 1.80 23.10 13.20 21.60
13.50 17.40 20.40 28.20 27.60 27.60 6.00 9.90 21.60 17.70 22.50 25.20 13.50 21.60 27.90 7.20 13.20 15.30 17.40 10.80
18.30 8.10 7.50 8.70 5.10 21.30 2.40 7.50 6.00 19.80 15.60 24.90 10.50 22.50 26.40 16.50 22.80 5.70 14.70 29.70
27.90 24.30 22.80 14.70 14.10 14.70 14.10 14.70 18.90 29.70 2.10 25.20 25.80 4.80 4.80 27.00 12.00 21.30 21.60 26.70
7.20 12.60 17.10 25.80 6.60 24.30 13.50 28.80 9.90 2.40 20.70 12.60 3.00 16.50 24.90 15.60 27.90 0.60 14.40 6.90
6.00 27.00 7.80 8.10 0.60 10.80 19.80 13.20 18.30 20.10 24.60 6.60 20.10 2.10 5.40 6.60 25.50 0.90 26.40 6.00
25.80 21.00 21.60 19.20 27.60 6.00 18.60 18.00 20.70 8.40 21.90 12.90 20.40 26.10 24.00 15.90 14.10 29.70 23.40 23.40
2.40 18.90 18.00 18.30 13.20 10.80 25.20 21.60 9.90 9.00 15.90 17.70 21.90 9.30 12.30 21.60 19.20 27.00 6.30 27.60
27.60 3.90 17.10 24.00 15.90 19.80 4.20 18.30 7.80 5.40 19.50 18.00 1.50 24.60 3.60 12.30 18.00 24.00 6.30 0.60
5.70 14.40 0.90 4.50 29.10 29.70 24.00 24.90 29.40 2.40 19.50 2.40 2.40 18.00 9.00 28.80 8.40 29.10 24.60 24.90
6.60 2.10 0.30 19.50 22.80 2.10 9.90 21.60 3.00 9.00 6.00 29.70 7.20 1.20 1.50 27.30 21.00 14.70 15.30 24.30
26.70 3.90 24.00 15.30 8.40 28.80 27.60 6.90 5.40 9.00 17.40 29.10 14.70 2.70 1.50 17.10 25.80 10.20 24.00 12.90
4.20 6.00 8.70 20.40 26.10 1.50 11.10 18.30 15.90 29.40 26.70 9.60 28.50 21.90 16.20 20.40 17.70 3.00 24.30 7.20
