# nJobs | nMachines
100 10
# Job Weights
42
80
80
24
65
95
47
51
46
14
62
97
57
7
39
8
90
90
79
25
18
79
33
28
16
99
29
75
36
42
21
58
19
8
58
78
5
60
51
41
27
1
21
86
45
100
13
28
100
36
37
51
26
24
71
23
12
78
36
16
63
2
43
38
25
61
61
44
65
90
14
32
70
29
35
21
63
67
49
74
74
27
44
72
2
9
97
96
72
1
26
14
22
27
43
30
25
92
87
38
# P_bar : m1 | m2 | m3 | m4 | m5 | m6 | m7 | m8 | m9 | m10
95 84 64 5 76 73 58 54 3 76
61 31 16 22 20 9 34 11 96 92
33 71 99 41 55 6 82 63 28 56
79 84 70 94 51 84 99 98 90 65
6 12 73 11 39 56 45 17 86 93
89 26 23 62 92 50 7 83 29 50
3 34 15 32 83 65 43 70 83 3
81 69 83 14 62 74 22 34 39 82
98 65 57 87 56 80 4 45 62 59
35 90 80 76 59 25 71 54 69 15
94 43 90 33 47 26 85 59 38 44
95 30 8 72 33 14 3 84 43 53
44 74 23 96 31 95 88 25 39 6
71 4 44 24 61 63 1 51 77 75
50 66 21 26 74 83 75 18 46 28
51 22 94 96 73 42 85 28 47 56
43 65 88 3 43 97 34 73 72 49
73 46 37 70 52 94 95 50 23 72
52 36 16 70 23 64 26 4 80 88
92 98 3 47 42 69 24 83 23 94
82 31 31 53 49 84 68 31 87 85
52 65 73 2 66 28 87 4 69 42
53 97 8 49 27 67 20 41 33 62
14 25 14 36 40 19 17 12 11 56
49 46 99 25 53 75 91 94 77 75
21 89 67 66 50 70 40 37 29 36
49 79 67 89 63 50 63 92 28 46
46 44 14 58 61 28 76 10 29 92
22 74 57 98 65 83 15 59 11 55
18 93 99 31 9 26 72 35 4 87
41 43 47 91 30 67 69 33 95 45
17 4 82 8 27 82 40 94 76 9
69 45 27 18 45 97 56 36 69 19
31 48 91 83 58 39 82 56 44 76
26 61 38 67 38 74 41 15 94 50
62 93 60 97 75 55 10 68 99 32
85 76 73 61 45 22 91 43 6 63
96 22 91 18 6 1 91 46 56 33
10 54 47 7 38 68 89 31 16 27
62 7 13 53 56 53 93 2 97 95
11 43 96 65 46 76 94 17 46 29
4 26 92 25 93 63 93 50 18 91
59 40 32 80 63 43 97 18 33 96
86 42 90 7 66 81 95 40 49 27
70 80 74 88 98 67 80 12 76 95
80 38 6 61 20 33 33 13 20 39
3 19 96 32 56 51 95 60 61 84
46 32 91 36 79 37 75 76 95 96
30 70 66 53 21 72 59 82 92 42
90 83 80 56 78 8 33 71 72 8
79 63 98 46 41 93 40 27 47 92
35 42 38 64 8 98 79 95 54 16
15 60 20 27 49 93 45 63 85 80
91 79 31 26 79 53 92 71 81 35
37 60 13 22 92 68 17 52 19 51
2 10 47 48 58 12 41 98 82 15
70 98 89 58 66 68 77 15 96 51
4 56 67 18 62 83 88 47 18 76
31 88 22 23 68 94 35 83 32 75
84 20 30 66 6 54 58 83 71 35
53 77 8 64 5 5 20 69 6 69
2 42 70 88 45 36 14 64 3 45
71 45 55 27 47 37 82 43 43 27
39 98 67 19 27 56 9 32 85 10
66 35 51 57 46 94 7 28 81 9
66 6 88 69 83 91 62 94 77 27
42 93 34 55 56 85 91 86 22 16
92 61 91 29 45 3 60 16 19 52
49 35 82 65 60 60 76 39 49 29
83 67 97 38 12 52 24 67 96 33
23 71 36 91 70 22 77 60 73 85
2 82 42 90 51 63 47 35 41 43
81 49 92 52 99 96 56 70 98 1
87 2 40 89 57 9 22 75 96 42
9 73 85 68 12 58 11 60 77 75
42 61 6 12 56 5 6 75 44 80
6 11 31 75 77 6 7 65 80 12
63 33 92 13 23 68 86 53 34 91
79 99 41 21 41 49 23 89 7 43
19 93 63 20 26 10 64 46 69 53
5 64 21 62 63 4 32 28 57 83
62 58 54 95 39 50 58 93 54 29
65 62 69 10 28 2 45 86 15 71
57 91 46 46 3 72 78 93 54 59
13 43 10 88 35 40 17 1 45 2
89 1 28 53 55 76 60 40 88 98
56 95 97 35 33 14 29 68 92 85
46 50 66 75 72 74 71 79 88 26
52 69 72 30 23 22 18 97 59 73
60 9 14 20 37 66 6 31 89 52
79 58 88 92 14 78 67 85 48 87
44 2 14 25 90 94 61 92 63 76
52 2 53 16 60 43 92 53 92 93
98 55 65 66 16 36 75 21 17 70
4 39 98 15 27 58 12 39 5 25
64 48 25 29 49 78 91 85 88 40
95 5 62 84 21 20 10 40 58 45
22 56 75 1 76 98 7 58 3 49
24 84 53 39 54 2 84 95 79 64
29 92 78 25 78 53 2 90 46 93
# P_hat : m1 | m2 | m3 | m4 | m5 | m6 | m7 | m8 | m9 | m10
47.50 42.00 32.00 2.50 38.00 36.50 29.00 27.00 1.50 38.00
30.50 15.50 8.00 11.00 10.00 4.50 17.00 5.50 48.00 46.00
16.50 35.50 49.50 20.50 27.50 3.00 41.00 31.50 14.00 28.00
39.50 42.00 35.00 47.00 25.50 42.00 49.50 49.00 45.00 32.50
3.00 6.00 36.50 5.50 19.50 28.00 22.50 8.50 43.00 46.50
44.50 13.00 11.50 31.00 46.00 25.00 3.50 41.50 14.50 25.00
1.50 17.00 7.50 16.00 41.50 32.50 21.50 35.00 41.50 1.50
40.50 34.50 41.50 7.00 31.00 37.00 11.00 17.00 19.50 41.00
49.00 32.50 28.50 43.50 28.00 40.00 2.00 22.50 31.00 29.50
17.50 45.00 40.00 38.00 29.50 12.50 35.50 27.00 34.50 7.50
47.00 21.50 45.00 16.50 23.50 13.00 42.50 29.50 19.00 22.00
47.50 15.00 4.00 36.00 16.50 7.00 1.50 42.00 21.50 26.50
22.00 37.00 11.50 48.00 15.50 47.50 44.00 12.50 19.50 3.00
35.50 2.00 22.00 12.00 30.50 31.50 0.50 25.50 38.50 37.50
25.00 33.00 10.50 13.00 37.00 41.50 37.50 9.00 23.00 14.00
25.50 11.00 47.00 48.00 36.50 21.00 42.50 14.00 23.50 28.00
21.50 32.50 44.00 1.50 21.50 48.50 17.00 36.50 36.00 24.50
36.50 23.00 18.50 35.00 26.00 47.00 47.50 25.00 11.50 36.00
26.00 18.00 8.00 35.00 11.50 32.00 13.00 2.00 40.00 44.00
46.00 49.00 1.50 23.50 21.00 34.50 12.00 41.50 11.50 47.00
41.00 15.50 15.50 26.50 24.50 42.00 34.00 15.50 43.50 42.50
26.00 32.50 36.50 1.00 33.00 14.00 43.50 2.00 34.50 21.00
26.50 48.50 4.00 24.50 13.50 33.50 10.00 20.50 16.50 31.00
7.00 12.50 7.00 18.00 20.00 9.50 8.50 6.00 5.50 28.00
24.50 23.00 49.50 12.50 26.50 37.50 45.50 47.00 38.50 37.50
10.50 44.50 33.50 33.00 25.00 35.00 20.00 18.50 14.50 18.00
24.50 39.50 33.50 44.50 31.50 25.00 31.50 46.00 14.00 23.00
23.00 22.00 7.00 29.00 30.50 14.00 38.00 5.00 14.50 46.00
11.00 37.00 28.50 49.00 32.50 41.50 7.50 29.50 5.50 27.50
9.00 46.50 49.50 15.50 4.50 13.00 36.00 17.50 2.00 43.50
20.50 21.50 23.50 45.50 15.00 33.50 34.50 16.50 47.50 22.50
8.50 2.00 41.00 4.00 13.50 41.00 20.00 47.00 38.00 4.50
34.50 22.50 13.50 9.00 22.50 48.50 28.00 18.00 34.50 9.50
15.50 24.00 45.50 41.50 29.00 19.50 41.00 28.00 22.00 38.00
13.00 30.50 19.00 33.50 19.00 37.00 20.50 7.50 47.00 25.00
31.00 46.50 30.00 48.50 37.50 27.50 5.00 34.00 49.50 16.00
42.50 38.00 36.50 30.50 22.50 11.00 45.50 21.50 3.00 31.50
48.00 11.00 45.50 9.00 3.00 0.50 45.50 23.00 28.00 16.50
5.00 27.00 23.50 3.50 19.00 34.00 44.50 15.50 8.00 13.50
31.00 3.50 6.50 26.50 28.00 26.50 46.50 1.00 48.50 47.50
5.50 21.50 48.00 32.50 23.00 38.00 47.00 8.50 23.00 14.50
2.00 13.00 46.00 12.50 46.50 31.50 46.50 25.00 9.00 45.50
29.50 20.00 16.00 40.00 31.50 21.50 48.50 9.00 16.50 48.00
43.00 21.00 45.00 3.50 33.00 40.50 47.50 20.00 24.50 13.50
35.00 40.00 37.00 44.00 49.00 33.50 40.00 6.00 38.00 47.50
40.00 19.00 3.00 30.50 10.00 16.50 16.50 6.50 10.00 19.50
1.50 9.50 48.00 16.00 28.00 25.50 47.50 30.00 30.50 42.00
23.00 16.00 45.50 18.00 39.50 18.50 37.50 38.00 47.50 48.00
15.00 35.00 33.00 26.50 10.50 36.00 29.50 41.00 46.00 21.00
45.00 41.50 40.00 28.00 39.00 4.00 16.50 35.50 36.00 4.00
39.50 31.50 49.00 23.00 20.50 46.50 20.00 13.50 23.50 46.00
17.50 21.00 19.00 32.00 4.00 49.00 39.50 47.50 27.00 8.00
7.50 30.00 10.00 13.50 24.50 46.50 22.50 31.50 42.50 40.00
45.50 39.50 15.50 13.00 39.50 26.50 46.00 35.50 40.50 17.50
18.50 30.00 6.50 11.00 46.00 34.00 8.50 26.00 9.50 25.50
1.00 5.00 23.50 24.00 29.00 6.00 20.50 49.00 41.00 7.50
35.00 49.00 44.50 29.00 33.00 34.00 38.50 7.50 48.00 25.50
2.00 28.00 33.50 9.00 31.00 41.50 44.00 23.50 9.00 38.00
15.50 44.00 11.00 11.50 34.00 47.00 17.50 41.50 16.00 37.50
42.00 10.00 15.00 33.00 3.00 27.00 29.00 41.50 35.50 17.50
26.50 38.50 4.00 32.00 2.50 2.50 10.00 34.50 3.00 34.50
1.00 21.00 35.00 44.00 22.50 18.00 7.00 32.00 1.50 22.50
35.50 22.50 27.50 13.50 23.50 18.50 41.00 21.50 21.50 13.50
19.50 49.00 33.50 9.50 13.50 28.00 4.50 16.00 42.50 5.00
33.00 17.50 25.50 28.50 23.00 47.00 3.50 14.00 40.50 4.50
33.00 3.00 44.00 34.50 41.50 45.50 31.00 47.00 38.50 13.50
21.00 46.50 17.00 27.50 28.00 42.50 45.50 43.00 11.00 8.00
46.00 30.50 45.50 14.50 22.50 1.50 30.00 8.00 9.50 26.00
24.50 17.50 41.00 32.50 30.00 30.00 38.00 19.50 24.50 14.50
41.50 33.50 48.50 19.00 6.00 26.00 12.00 33.50 48.00 16.50
11.50 35.50 18.00 45.50 35.00 11.00 38.50 30.00 36.50 42.50
1.00 41.00 21.00 45.00 25.50 31.50 23.50 17.50 20.50 21.50
40.50 24.50 46.00 26.00 49.50 48.00 28.00 35.00 49.00 0.50
43.50 1.00 20.00 44.50 28.50 4.50 11.00 37.50 48.00 21.00
4.50 36.50 42.50 34.00 6.00 29.00 5.50 30.00 38.50 37.50
21.00 30.50 3.00 6.00 28.00 2.50 3.00 37.50 22.00 40.00
3.00 5.50 15.50 37.50 38.50 3.00 3.50 32.50 40.00 6.00
31.50 16.50 46.00 6.50 11.50 34.00 43.00 26.50 17.00 45.50
39.50 49.50 20.50 10.50 20.50 24.50 11.50 44.50 3.50 21.50
9.50 46.50 31.50 10.00 13.00 5.00 32.00 23.00 34.50 26.50
2.50 32.00 10.50 31.00 31.50 2.00 16.00 14.00 28.50 41.50
31.00 29.00 27.00 47.50 19.50 25.00 29.00 46.50 27.00 14.50
32.50 31.00 34.50 5.00 14.00 1.00 22.50 43.00 7.50 35.50
28.50 45.50 23.00 23.00 1.50 36.00 39.00 46.50 27.00 29.50
6.50 21.50 5.00 44.00 17.50 20.00 8.50 0.50 22.50 1.00
44.50 0.50 14.00 26.50 27.50 38.00 30.00 20.00 44.00 49.00
28.00 47.50 48.50 17.50 16.50 7.00 14.50 34.00 46.00 42.50
23.00 25.00 33.00 37.50 36.00 37.00 35.50 39.50 44.00 13.00
26.00 34.50 36.00 15.00 11.50 11.00 9.00 48.50 29.50 36.50
30.00 4.50 7.00 10.00 18.50 33.00 3.00 15.50 44.50 26.00
39.50 29.00 44.00 46.00 7.00 39.00 33.50 42.50 24.00 43.50
22.00 1.00 7.00 12.50 45.00 47.00 30.50 46.00 31.50 38.00
26.00 1.00 26.50 8.00 30.00 21.50 46.00 26.50 46.00 46.50
49.00 27.50 32.50 33.00 8.00 18.00 37.50 10.50 8.50 35.00
2.00 19.50 49.00 7.50 13.50 29.00 6.00 19.50 2.50 12.50
32.00 24.00 12.50 14.50 24.50 39.00 45.50 42.50 44.00 20.00
47.50 2.50 31.00 42.00 10.50 10.00 5.00 20.00 29.00 22.50
11.00 28.00 37.50 0.50 38.00 49.00 3.50 29.00 1.50 24.50
12.00 42.00 26.50 19.50 27.00 1.00 42.00 47.50 39.50 32.00
14.50 46.00 39.00 12.50 39.00 26.50 1.00 45.00 23.00 46.50
