# nJobs | nMachines
100 10
# Job Weights
82
88
61
9
62
81
23
45
66
43
44
39
68
62
88
50
20
24
12
21
56
53
67
7
89
77
39
73
57
9
64
12
79
80
2
4
84
64
5
3
60
52
33
16
73
37
77
26
20
99
35
35
29
22
85
35
21
18
49
12
79
81
29
73
88
27
95
86
1
5
34
3
83
43
98
33
99
48
92
49
48
12
97
92
28
16
60
14
61
13
95
40
36
73
44
53
93
100
99
68
# P_bar : m1 | m2 | m3 | m4 | m5 | m6 | m7 | m8 | m9 | m10
47 94 56 59 74 78 17 74 12 98
12 93 31 94 26 58 60 71 5 97
19 53 66 87 84 53 51 89 15 69
32 63 73 22 41 17 61 81 16 24
63 41 96 59 3 36 26 59 64 10
78 81 31 30 46 3 60 62 6 7
77 74 41 2 39 83 80 64 65 79
51 37 79 55 90 91 45 62 53 84
59 52 66 36 62 73 20 67 19 50
54 24 49 73 63 81 62 68 93 86
48 45 39 98 74 74 55 87 21 24
96 19 28 15 4 2 25 47 38 28
52 72 24 54 37 31 68 60 54 73
42 62 85 55 75 37 56 10 46 72
57 78 64 3 72 78 5 76 33 19
30 83 37 54 30 74 14 46 38 20
34 98 85 89 43 51 20 56 32 8
77 83 40 50 95 41 19 48 12 20
80 58 35 68 41 78 92 61 90 45
7 61 77 9 97 26 88 13 46 59
11 47 30 81 70 33 23 13 8 51
2 16 26 42 92 70 78 38 78 54
91 28 41 11 36 10 35 37 95 58
99 48 6 12 70 45 94 11 28 16
5 63 19 55 37 70 31 12 47 38
43 74 83 75 36 2 67 63 10 94
39 45 52 10 42 92 10 97 16 72
64 36 54 91 34 50 15 26 45 69
8 29 71 87 29 54 32 27 18 14
26 38 86 5 80 64 94 89 4 83
71 66 45 44 91 44 15 74 98 86
32 62 78 56 56 4 53 80 35 58
73 96 61 18 71 99 42 83 85 61
26 22 5 89 14 43 45 49 77 77
91 95 87 51 31 43 39 79 4 63
92 81 43 94 75 11 84 49 33 67
55 92 44 11 80 60 64 44 87 1
51 20 42 56 73 53 27 30 47 59
11 51 30 37 32 45 10 30 5 18
22 71 12 85 56 63 22 53 81 26
75 30 7 55 84 87 14 46 25 45
49 23 18 33 20 20 8 26 31 82
95 77 80 9 64 71 70 31 83 78
88 20 53 20 44 95 91 1 45 43
6 1 6 26 69 71 23 43 23 61
19 96 81 80 63 99 35 27 30 2
99 32 29 98 94 79 6 91 89 70
73 13 22 88 86 19 52 70 40 52
27 8 49 55 66 41 93 89 92 99
50 36 1 78 97 74 26 68 48 60
25 18 79 53 25 8 89 2 63 97
33 64 56 46 90 55 49 82 63 1
94 58 15 3 12 87 89 72 76 76
35 1 36 56 62 87 60 29 90 8
63 72 48 46 83 37 6 12 1 15
44 10 31 34 32 52 60 37 24 69
80 20 57 27 12 36 24 46 1 5
7 6 49 21 38 6 70 50 77 31
72 40 20 81 22 42 42 93 91 39
95 91 67 14 92 30 86 77 78 34
40 56 20 52 63 3 64 6 93 9
48 39 34 50 61 86 47 77 32 81
41 68 78 80 46 3 19 7 97 34
15 50 27 48 6 89 17 63 85 16
18 93 40 22 83 57 30 21 91 14
31 71 46 10 49 27 79 85 40 13
68 79 23 56 78 28 53 67 67 36
99 57 28 18 84 88 71 77 84 73
79 5 84 67 97 48 77 95 31 6
78 95 33 63 56 26 95 52 5 43
95 41 87 47 76 58 73 97 89 29
37 12 76 43 9 6 97 79 59 68
37 84 18 71 38 33 32 21 69 59
50 81 3 4 21 3 25 20 68 76
79 88 77 29 80 25 85 7 46 86
30 32 50 99 47 61 79 54 4 43
2 94 96 6 24 93 17 71 90 12
30 37 75 19 95 69 31 79 76 18
78 31 91 56 80 53 78 22 97 55
99 25 12 96 65 47 31 77 33 21
42 92 34 44 72 28 21 59 23 9
99 74 51 94 91 36 5 11 46 47
16 49 54 83 21 39 34 69 36 17
58 10 37 30 70 63 96 85 70 49
35 76 82 65 12 66 95 7 98 28
84 11 69 61 67 44 63 85 45 12
84 44 49 21 65 18 4 42 49 84
35 32 19 76 90 67 60 44 50 12
20 89 69 8 47 17 35 74 52 62
4 56 48 99 82 84 6 69 67 15
9 69 96 68 62 9 75 68 6 7
44 76 13 42 3 33 41 64 58 26
35 65 4 38 84 80 61 37 71 58
5 47 28 44 30 27 11 4 53 30
68 53 74 7 91 42 74 89 36 5
43 39 7 3 5 60 52 96 80 7
69 41 24 61 11 96 60 92 8 40
9 89 98 10 41 81 43 74 27 50
78 39 30 84 14 31 50 33 21 30
57 20 97 78 28 88 66 90 66 64
# P_hat : m1 | m2 | m3 | m4 | m5 | m6 | m7 | m8 | m9 | m10
9.40 18.80 11.20 11.80 14.80 15.60 3.40 14.80 2.40 19.60
2.40 18.60 6.20 18.80 5.20 11.60 12.00 14.20 1.00 19.40
3.80 10.60 13.20 17.40 16.80 10.60 10.20 17.80 3.00 13.80
6.40 12.60 14.60 4.40 8.20 3.40 12.20 16.20 3.20 4.80
12.60 8.20 19.20 11.80 0.60 7.20 5.20 11.80 12.80 2.00
15.60 16.20 6.20 6.00 9.20 0.60 12.00 12.40 1.20 1.40
15.40 14.80 8.20 0.40 7.80 16.60 16.00 12.80 13.00 15.80
10.20 7.40 15.80 11.00 18.00 18.20 9.00 12.40 10.60 16.80
11.80 10.40 13.20 7.20 12.40 14.60 4.00 13.40 3.80 10.00
10.80 4.80 9.80 14.60 12.60 16.20 12.40 13.60 18.60 17.20
9.60 9.00 7.80 19.60 14.80 14.80 11.00 17.40 4.20 4.80
19.20 3.80 5.60 3.00 0.80 0.40 5.00 9.40 7.60 5.60
10.40 14.40 4.80 10.80 7.40 6.20 13.60 12.00 10.80 14.60
8.40 12.40 17.00 11.00 15.00 7.40 11.20 2.00 9.20 14.40
11.40 15.60 12.80 0.60 14.40 15.60 1.00 15.20 6.60 3.80
6.00 16.60 7.40 10.80 6.00 14.80 2.80 9.20 7.60 4.00
6.80 19.60 17.00 17.80 8.60 10.20 4.00 11.20 6.40 1.60
15.40 16.60 8.00 10.00 19.00 8.20 3.80 9.60 2.40 4.00
16.00 11.60 7.00 13.60 8.20 15.60 18.40 12.20 18.00 9.00
1.40 12.20 15.40 1.80 19.40 5.20 17.60 2.60 9.20 11.80
2.20 9.40 6.00 16.20 14.00 6.60 4.60 2.60 1.60 10.20
0.40 3.20 5.20 8.40 18.40 14.00 15.60 7.60 15.60 10.80
18.20 5.60 8.20 2.20 7.20 2.00 7.00 7.40 19.00 11.60
19.80 9.60 1.20 2.40 14.00 9.00 18.80 2.20 5.60 3.20
1.00 12.60 3.80 11.00 7.40 14.00 6.20 2.40 9.40 7.60
8.60 14.80 16.60 15.00 7.20 0.40 13.40 12.60 2.00 18.80
7.80 9.00 10.40 2.00 8.40 18.40 2.00 19.40 3.20 14.40
12.80 7.20 10.80 18.20 6.80 10.00 3.00 5.20 9.00 13.80
1.60 5.80 14.20 17.40 5.80 10.80 6.40 5.40 3.60 2.80
5.20 7.60 17.20 1.00 16.00 12.80 18.80 17.80 0.80 16.60
14.20 13.20 9.00 8.80 18.20 8.80 3.00 14.80 19.60 17.20
6.40 12.40 15.60 11.20 11.20 0.80 10.60 16.00 7.00 11.60
14.60 19.20 12.20 3.60 14.20 19.80 8.40 16.60 17.00 12.20
5.20 4.40 1.00 17.80 2.80 8.60 9.00 9.80 15.40 15.40
18.20 19.00 17.40 10.20 6.20 8.60 7.80 15.80 0.80 12.60
18.40 16.20 8.60 18.80 15.00 2.20 16.80 9.80 6.60 13.40
11.00 18.40 8.80 2.20 16.00 12.00 12.80 8.80 17.40 0.20
10.20 4.00 8.40 11.20 14.60 10.60 5.40 6.00 9.40 11.80
2.20 10.20 6.00 7.40 6.40 9.00 2.00 6.00 1.00 3.60
4.40 14.20 2.40 17.00 11.20 12.60 4.40 10.60 16.20 5.20
15.00 6.00 1.40 11.00 16.80 17.40 2.80 9.20 5.00 9.00
9.80 4.60 3.60 6.60 4.00 4.00 1.60 5.20 6.20 16.40
19.00 15.40 16.00 1.80 12.80 14.20 14.00 6.20 16.60 15.60
17.60 4.00 10.60 4.00 8.80 19.00 18.20 0.20 9.00 8.60
1.20 0.20 1.20 5.20 13.80 14.20 4.60 8.60 4.60 12.20
3.80 19.20 16.20 16.00 12.60 19.80 7.00 5.40 6.00 0.40
19.80 6.40 5.80 19.60 18.80 15.80 1.20 18.20 17.80 14.00
14.60 2.60 4.40 17.60 17.20 3.80 10.40 14.00 8.00 10.40
5.40 1.60 9.80 11.00 13.20 8.20 18.60 17.80 18.40 19.80
10.00 7.20 0.20 15.60 19.40 14.80 5.20 13.60 9.60 12.00
5.00 3.60 15.80 10.60 5.00 1.60 17.80 0.40 12.60 19.40
6.60 12.80 11.20 9.20 18.00 11.00 9.80 16.40 12.60 0.20
18.80 11.60 3.00 0.60 2.40 17.40 17.80 14.40 15.20 15.20
7.00 0.20 7.20 11.20 12.40 17.40 12.00 5.80 18.00 1.60
12.60 14.40 9.60 9.20 16.60 7.40 1.20 2.40 0.20 3.00
8.80 2.00 6.20 6.80 6.40 10.40 12.00 7.40 4.80 13.80
16.00 4.00 11.40 5.40 2.40 7.20 4.80 9.20 0.20 1.00
1.40 1.20 9.80 4.20 7.60 1.20 14.00 10.00 15.40 6.20
14.40 8.00 4.00 16.20 4.40 8.40 8.40 18.60 18.20 7.80
19.00 18.20 13.40 2.80 18.40 6.00 17.20 15.40 15.60 6.80
8.00 11.20 4.00 10.40 12.60 0.60 12.80 1.20 18.60 1.80
9.60 7.80 6.80 10.00 12.20 17.20 9.40 15.40 6.40 16.20
8.20 13.60 15.60 16.00 9.20 0.60 3.80 1.40 19.40 6.80
3.00 10.00 5.40 9.60 1.20 17.80 3.40 12.60 17.00 3.20
3.60 18.60 8.00 4.40 16.60 11.40 6.00 4.20 18.20 2.80
6.20 14.20 9.20 2.00 9.80 5.40 15.80 17.00 8.00 2.60
13.60 15.80 4.60 11.20 15.60 5.60 10.60 13.40 13.40 7.20
19.80 11.40 5.60 3.60 16.80 17.60 14.20 15.40 16.80 14.60
15.80 1.00 16.80 13.40 19.40 9.60 15.40 19.00 6.20 1.20
15.60 19.00 6.60 12.60 11.20 5.20 19.00 10.40 1.00 8.60
19.00 8.20 17.40 9.40 15.20 11.60 14.60 19.40 17.80 5.80
7.40 2.40 15.20 8.60 1.80 1.20 19.40 15.80 11.80 13.60
7.40 16.80 3.60 14.20 7.60 6.60 6.40 4.20 13.80 11.80
10.00 16.20 0.60 0.80 4.20 0.60 5.00 4.00 13.60 15.20
15.80 17.60 15.40 5.80 16.00 5.00 17.00 1.40 9.20 17.20
6.00 6.40 10.00 19.80 9.40 12.20 15.80 10.80 0.80 8.60
0.40 18.80 19.20 1.20 4.80 18.60 3.40 14.20 18.00 2.40
6.00 7.40 15.00 3.80 19.00 13.80 6.20 15.80 15.20 3.60
15.60 6.20 18.20 11.20 16.00 10.60 15.60 4.40 19.40 11.00
19.80 5.00 2.40 19.20 13.00 9.40 6.20 15.40 6.60 4.20
8.40 18.40 6.80 8.80 14.40 5.60 4.20 11.80 4.60 1.80
19.80 14.80 10.20 18.80 18.20 7.20 1.00 2.20 9.20 9.40
3.20 9.80 10.80 16.60 4.20 7.80 6.80 13.80 7.20 3.40
11.60 2.00 7.40 6.00 14.00 12.60 19.20 17.00 14.00 9.80
7.00 15.20 16.40 13.00 2.40 13.20 19.00 1.40 19.60 5.60
16.80 2.20 13.80 12.20 13.40 8.80 12.60 17.00 9.00 2.40
16.80 8.80 9.80 4.20 13.00 3.60 0.80 8.40 9.80 16.80
7.00 6.40 3.80 15.20 18.00 13.40 12.00 8.80 10.00 2.40
4.00 17.80 13.80 1.60 9.40 3.40 7.00 14.80 10.40 12.40
0.80 11.20 9.60 19.80 16.40 16.80 1.20 13.80 13.40 3.00
1.80 13.80 19.20 13.60 12.40 1.80 15.00 13.60 1.20 1.40
8.80 15.20 2.60 8.40 0.60 6.60 8.20 12.80 11.60 5.20
7.00 13.00 0.80 7.60 16.80 16.00 12.20 7.40 14.20 11.60
1.00 9.40 5.60 8.80 6.00 5.40 2.20 0.80 10.60 6.00
13.60 10.60 14.80 1.40 18.20 8.40 14.80 17.80 7.20 1.00
8.60 7.80 1.40 0.60 1.00 12.00 10.40 19.20 16.00 1.40
13.80 8.20 4.80 12.20 2.20 19.20 12.00 18.40 1.60 8.00
1.80 17.80 19.60 2.00 8.20 16.20 8.60 14.80 5.40 10.00
15.60 7.80 6.00 16.80 2.80 6.20 10.00 6.60 4.20 6.00
11.40 4.00 19.40 15.60 5.60 17.60 13.20 18.00 13.20 12.80
