# nJobs | nMachines
50 20
# Job Weights
54
75
39
10
95
75
74
75
71
78
18
100
30
65
2
1
39
27
3
89
51
100
8
88
69
67
64
87
24
28
65
53
97
73
96
56
37
4
77
93
4
81
45
11
33
5
46
18
50
94
# P_bar : m1 | m2 | m3 | m4 | m5 | m6 | m7 | m8 | m9 | m10 | m11 | m12 | m13 | m14 | m15 | m16 | m17 | m18 | m19 | m20
1 92 95 70 17 78 6 31 24 79 3 59 53 86 71 77 55 69 20 38
96 74 75 18 74 27 73 38 83 28 65 42 7 28 54 33 56 34 35 32
21 20 24 19 87 15 64 36 59 43 73 18 27 67 48 22 21 9 25 13
57 70 3 76 39 55 30 35 58 20 81 51 44 29 16 77 77 7 81 10
7 43 83 7 14 28 30 52 60 16 38 95 36 53 22 90 83 43 19 23
34 6 67 34 28 28 99 13 15 9 71 82 21 24 14 23 43 62 4 28
72 77 88 66 12 26 61 78 15 80 3 96 53 95 39 10 11 29 42 42
12 25 75 72 49 98 26 31 27 36 40 45 38 66 99 44 64 70 58 68
80 68 28 16 88 98 38 8 47 14 6 25 37 32 68 1 59 28 18 78
99 83 65 95 91 77 46 62 25 86 98 80 90 66 32 53 37 62 19 39
28 28 54 80 53 79 76 36 43 70 4 42 34 61 20 58 96 34 73 76
80 13 65 10 40 12 65 98 11 87 23 66 1 18 7 40 27 67 14 4
30 74 34 63 1 96 51 7 20 77 23 41 83 99 26 48 9 16 44 45
15 18 17 14 55 78 39 3 36 44 2 1 64 48 2 94 63 83 13 25
95 71 51 89 39 29 23 5 3 52 66 14 69 31 58 20 82 64 11 23
19 11 98 65 35 28 71 82 42 86 67 66 30 66 92 34 31 32 55 77
12 17 94 43 99 14 63 41 51 12 8 89 18 15 86 16 27 43 91 3
59 27 22 44 17 52 94 2 11 49 76 35 74 93 45 99 67 67 51 20
66 89 57 28 69 27 62 63 86 68 58 2 9 64 19 27 82 37 42 49
51 14 37 39 67 51 87 56 55 56 82 63 70 77 90 80 65 79 47 35
6 13 90 59 13 46 43 85 20 59 63 80 41 67 54 24 74 31 94 29
36 40 38 91 98 98 45 85 3 87 18 34 5 74 51 19 41 41 43 59
74 97 20 70 79 97 46 25 64 82 17 45 70 90 88 34 10 3 68 14
53 70 85 24 20 38 9 98 19 5 5 42 5 44 72 6 36 11 77 94
25 96 49 96 57 78 10 58 49 23 75 81 4 51 44 65 69 71 42 11
68 13 37 1 68 89 42 16 70 6 52 27 65 17 85 11 1 21 75 17
37 66 29 92 17 67 43 99 28 15 95 15 53 50 20 14 21 26 17 80
42 77 84 79 27 91 46 61 53 42 55 42 17 80 5 97 72 98 85 70
68 2 93 57 25 51 7 21 96 63 62 80 6 44 10 14 37 39 54 20
74 41 99 88 36 62 15 26 52 66 84 11 98 63 98 77 54 73 83 25
93 69 44 60 67 79 32 67 44 59 5 4 84 19 44 58 88 59 30 12
39 34 39 70 73 93 80 96 24 98 33 84 39 24 6 86 65 33 52 78
75 10 18 38 34 25 4 70 40 67 72 25 3 24 44 72 97 71 89 58
54 91 40 94 47 61 73 89 66 73 52 45 9 35 12 20 71 49 54 13
10 98 24 94 65 59 42 5 2 94 8 42 50 79 55 22 13 22 74 22
60 60 98 30 79 20 98 45 89 27 74 61 58 62 14 2 90 6 86 53
15 3 61 50 31 92 24 38 70 56 70 4 87 11 66 28 88 68 27 92
75 86 72 17 54 1 25 79 69 96 5 34 54 59 28 16 39 14 22 7
71 55 21 43 56 35 13 73 3 81 38 54 41 14 80 54 46 36 24 62
22 95 76 28 33 97 38 99 77 92 7 46 87 89 64 19 89 17 11 94
10 73 87 33 66 79 3 33 96 68 86 80 9 16 13 77 99 30 12 8
65 65 32 48 30 37 69 1 40 92 41 1 49 96 73 7 82 83 8 81
39 24 8 48 89 72 38 84 66 77 99 94 93 72 44 27 14 94 15 5
99 22 17 81 45 76 61 79 75 94 98 8 70 95 11 19 14 53 21 24
77 5 54 50 44 89 8 44 81 93 2 56 4 92 89 80 63 30 75 98
39 67 43 86 91 7 54 39 52 28 51 52 13 34 78 80 67 74 84 85
50 39 3 23 18 79 90 16 78 75 13 13 60 64 6 40 16 24 29 75
14 58 65 95 67 85 3 50 86 74 96 39 41 83 10 49 46 47 15 57
75 4 33 3 94 40 5 39 44 34 78 62 48 66 44 46 28 76 26 37
28 30 36 80 41 24 25 55 85 80 49 84 75 6 28 85 91 28 83 96
# P_hat : m1 | m2 | m3 | m4 | m5 | m6 | m7 | m8 | m9 | m10 | m11 | m12 | m13 | m14 | m15 | m16 | m17 | m18 | m19 | m20
0.50 46.00 47.50 35.00 8.50 39.00 3.00 15.50 12.00 39.50 1.50 29.50 26.50 43.00 35.50 38.50 27.50 34.50 10.00 19.00
48.00 37.00 37.50 9.00 37.00 13.50 36.50 19.00 41.50 14.00 32.50 21.00 3.50 14.00 27.00 16.50 28.00 17.00 17.50 16.00
10.50 10.00 12.00 9.50 43.50 7.50 32.00 18.00 29.50 21.50 36.50 9.00 13.50 33.50 24.00 11.00 10.50 4.50 12.50 6.50
28.50 35.00 1.50 38.00 19.50 27.50 15.00 17.50 29.00 10.00 40.50 25.50 22.00 14.50 8.00 38.50 38.50 3.50 40.50 5.00
3.50 21.50 41.50 3.50 7.00 14.00 15.00 26.00 30.00 8.00 19.00 47.50 18.00 26.50 11.00 45.00 41.50 21.50 9.50 11.50
17.00 3.00 33.50 17.00 14.00 14.00 49.50 6.50 7.50 4.50 35.50 41.00 10.50 12.00 7.00 11.50 21.50 31.00 2.00 14.00
36.00 38.50 44.00 33.00 6.00 13.00 30.50 39.00 7.50 40.00 1.50 48.00 26.50 47.50 19.50 5.00 5.50 14.50 21.00 21.00
6.00 12.50 37.50 36.00 24.50 49.00 13.00 15.50 13.50 18.00 20.00 22.50 19.00 33.00 49.50 22.00 32.00 35.00 29.00 34.00
40.00 34.00 14.00 8.00 44.00 49.00 19.00 4.00 23.50 7.00 3.00 12.50 18.50 16.00 34.00 0.50 29.50 14.00 9.00 39.00
49.50 41.50 32.50 47.50 45.50 38.50 23.00 31.00 12.50 43.00 49.00 40.00 45.00 33.00 16.00 26.50 18.50 31.00 9.50 19.50
14.00 14.00 27.00 40.00 26.50 39.50 38.00 18.00 21.50 35.00 2.00 21.00 17.00 30.50 10.00 29.00 48.00 17.00 36.50 38.00
40.00 6.50 32.50 5.00 20.00 6.00 32.50 49.00 5.50 43.50 11.50 33.00 0.50 9.00 3.50 20.00 13.50 33.50 7.00 2.00
15.00 37.00 17.00 31.50 0.50 48.00 25.50 3.50 10.00 38.50 11.50 20.50 41.50 49.50 13.00 24.00 4.50 8.00 22.00 22.50
7.50 9.00 8.50 7.00 27.50 39.00 19.50 1.50 18.00 22.00 1.00 0.50 32.00 24.00 1.00 47.00 31.50 41.50 6.50 12.50
47.50 35.50 25.50 44.50 19.50 14.50 11.50 2.50 1.50 26.00 33.00 7.00 34.50 15.50 29.00 10.00 41.00 32.00 5.50 11.50
9.50 5.50 49.00 32.50 17.50 14.00 35.50 41.00 21.00 43.00 33.50 33.00 15.00 33.00 46.00 17.00 15.50 16.00 27.50 38.50
6.00 8.50 47.00 21.50 49.50 7.00 31.50 20.50 25.50 6.00 4.00 44.50 9.00 7.50 43.00 8.00 13.50 21.50 45.50 1.50
29.50 13.50 11.00 22.00 8.50 26.00 47.00 1.00 5.50 24.50 38.00 17.50 37.00 46.50 22.50 49.50 33.50 33.50 25.50 10.00
33.00 44.50 28.50 14.00 34.50 13.50 31.00 31.50 43.00 34.00 29.00 1.00 4.50 32.00 9.50 13.50 41.00 18.50 21.00 24.50
25.50 7.00 18.50 19.50 33.50 25.50 43.50 28.00 27.50 28.00 41.00 31.50 35.00 38.50 45.00 40.00 32.50 39.50 23.50 17.50
3.00 6.50 45.00 29.50 6.50 23.00 21.50 42.50 10.00 29.50 31.50 40.00 20.50 33.50 27.00 12.00 37.00 15.50 47.00 14.50
18.00 20.00 19.00 45.50 49.00 49.00 22.50 42.50 1.50 43.50 9.00 17.00 2.50 37.00 25.50 9.50 20.50 20.50 21.50 29.50
37.00 48.50 10.00 35.00 39.50 48.50 23.00 12.50 32.00 41.00 8.50 22.50 35.00 45.00 44.00 17.00 5.00 1.50 34.00 7.00
26.50 35.00 42.50 12.00 10.00 19.00 4.50 49.00 9.50 2.50 2.50 21.00 2.50 22.00 36.00 3.00 18.00 5.50 38.50 47.00
12.50 48.00 24.50 48.00 28.50 39.00 5.00 29.00 24.50 11.50 37.50 40.50 2.00 25.50 22.00 32.50 34.50 35.50 21.00 5.50
34.00 6.50 18.50 0.50 34.00 44.50 21.00 8.00 35.00 3.00 26.00 13.50 32.50 8.50 42.50 5.50 0.50 10.50 37.50 8.50
18.50 33.00 14.50 46.00 8.50 33.50 21.50 49.50 14.00 7.50 47.50 7.50 26.50 25.00 10.00 7.00 10.50 13.00 8.50 40.00
21.00 38.50 42.00 39.50 13.50 45.50 23.00 30.50 26.50 21.00 27.50 21.00 8.50 40.00 2.50 48.50 36.00 49.00 42.50 35.00
34.00 1.00 46.50 28.50 12.50 25.50 3.50 10.50 48.00 31.50 31.00 40.00 3.00 22.00 5.00 7.00 18.50 19.50 27.00 10.00
37.00 20.50 49.50 44.00 18.00 31.00 7.50 13.00 26.00 33.00 42.00 5.50 49.00 31.50 49.00 38.50 27.00 36.50 41.50 12.50
46.50 34.50 22.00 30.00 33.50 39.50 16.00 33.50 22.00 29.50 2.50 2.00 42.00 9.50 22.00 29.00 44.00 29.50 15.00 6.00
19.50 17.00 19.50 35.00 36.50 46.50 40.00 48.00 12.00 49.00 16.50 42.00 19.50 12.00 3.00 43.00 32.50 16.50 26.00 39.00
37.50 5.00 9.00 19.00 17.00 12.50 2.00 35.00 20.00 33.50 36.00 12.50 1.50 12.00 22.00 36.00 48.50 35.50 44.50 29.00
27.00 45.50 20.00 47.00 23.50 30.50 36.50 44.50 33.00 36.50 26.00 22.50 4.50 17.50 6.00 10.00 35.50 24.50 27.00 6.50
5.00 49.00 12.00 47.00 32.50 29.50 21.00 2.50 1.00 47.00 4.00 21.00 25.00 39.50 27.50 11.00 6.50 11.00 37.00 11.00
30.00 30.00 49.00 15.00 39.50 10.00 49.00 22.50 44.50 13.50 37.00 30.50 29.00 31.00 7.00 1.00 45.00 3.00 43.00 26.50
7.50 1.50 30.50 25.00 15.50 46.00 12.00 19.00 35.00 28.00 35.00 2.00 43.50 5.50 33.00 14.00 44.00 34.00 13.50 46.00
37.50 43.00 36.00 8.50 27.00 0.50 12.50 39.50 34.50 48.00 2.50 17.00 27.00 29.50 14.00 8.00 19.50 7.00 11.00 3.50
35.50 27.50 10.50 21.50 28.00 17.50 6.50 36.50 1.50 40.50 19.00 27.00 20.50 7.00 40.00 27.00 23.00 18.00 12.00 31.00
11.00 47.50 38.00 14.00 16.50 48.50 19.00 49.50 38.50 46.00 3.50 23.00 43.50 44.50 32.00 9.50 44.50 8.50 5.50 47.00
5.00 36.50 43.50 16.50 33.00 39.50 1.50 16.50 48.00 34.00 43.00 40.00 4.50 8.00 6.50 38.50 49.50 15.00 6.00 4.00
32.50 32.50 16.00 24.00 15.00 18.50 34.50 0.50 20.00 46.00 20.50 0.50 24.50 48.00 36.50 3.50 41.00 41.50 4.00 40.50
19.50 12.00 4.00 24.00 44.50 36.00 19.00 42.00 33.00 38.50 49.50 47.00 46.50 36.00 22.00 13.50 7.00 47.00 7.50 2.50
49.50 11.00 8.50 40.50 22.50 38.00 30.50 39.50 37.50 47.00 49.00 4.00 35.00 47.50 5.50 9.50 7.00 26.50 10.50 12.00
38.50 2.50 27.00 25.00 22.00 44.50 4.00 22.00 40.50 46.50 1.00 28.00 2.00 46.00 44.50 40.00 31.50 15.00 37.50 49.00
19.50 33.50 21.50 43.00 45.50 3.50 27.00 19.50 26.00 14.00 25.50 26.00 6.50 17.00 39.00 40.00 33.50 37.00 42.00 42.50
25.00 19.50 1.50 11.50 9.00 39.50 45.00 8.00 39.00 37.50 6.50 6.50 30.00 32.00 3.00 20.00 8.00 12.00 14.50 37.50
7.00 29.00 32.50 47.50 33.50 42.50 1.50 25.00 43.00 37.00 48.00 19.50 20.50 41.50 5.00 24.50 23.00 23.50 7.50 28.50
37.50 2.00 16.50 1.50 47.00 20.00 2.50 19.50 22.00 17.00 39.00 31.00 24.00 33.00 22.00 23.00 14.00 38.00 13.00 18.50
14.00 15.00 18.00 40.00 20.50 12.00 12.50 27.50 42.50 40.00 24.50 42.00 37.50 3.00 14.00 42.50 45.50 14.00 41.50 48.00
