# nJobs | nMachines
100 20
# Job Weights
48
71
39
13
50
94
73
30
45
10
25
6
70
3
70
86
76
97
13
94
24
8
93
25
100
14
60
53
59
100
66
88
67
84
42
76
42
46
44
94
25
28
74
52
22
54
36
32
76
76
35
2
83
53
27
19
75
68
22
37
41
93
34
39
6
91
51
98
65
96
70
50
41
52
32
15
54
13
76
85
42
95
99
63
39
70
4
31
69
63
42
33
30
11
20
7
98
48
19
72
# P_bar : m1 | m2 | m3 | m4 | m5 | m6 | m7 | m8 | m9 | m10 | m11 | m12 | m13 | m14 | m15 | m16 | m17 | m18 | m19 | m20
43 31 67 26 20 22 77 94 11 23 30 40 99 66 12 75 64 21 43 84
50 19 37 49 64 39 26 51 54 2 34 81 12 85 44 21 66 30 47 73
51 14 74 42 97 64 69 39 39 29 75 34 33 81 89 81 16 19 50 59
88 10 4 15 82 56 97 5 65 60 91 19 43 9 11 70 11 49 94 32
95 78 15 66 36 9 76 19 70 1 2 84 99 32 63 94 36 15 39 38
52 15 93 67 99 17 37 71 17 88 45 72 19 62 62 67 87 57 17 33
15 91 4 40 41 55 50 76 17 17 7 55 87 60 20 70 99 66 67 35
25 35 9 97 30 40 99 23 99 54 99 36 90 68 19 92 3 98 63 83
2 79 33 13 80 87 80 92 97 8 91 23 8 30 75 87 73 4 88 49
21 78 97 54 70 60 68 81 45 9 52 93 23 53 43 83 18 75 98 64
74 45 79 23 61 92 24 88 35 10 52 27 34 47 94 90 31 95 8 6
1 79 75 1 42 11 47 8 50 20 28 39 31 35 16 57 3 99 13 99
89 47 91 74 51 51 7 71 5 12 3 1 39 93 75 53 10 24 81 41
78 33 79 95 15 78 70 9 48 7 80 92 46 71 51 77 77 4 76 95
14 75 23 45 16 3 91 68 75 5 77 77 62 16 9 37 25 43 9 50
48 81 60 3 60 73 87 16 71 68 36 36 94 15 61 37 98 53 70 58
91 66 97 80 47 48 73 87 44 16 98 23 71 11 68 45 65 81 78 45
33 78 55 78 15 38 7 3 60 79 60 42 8 26 80 36 5 29 60 18
46 41 76 31 26 92 20 7 59 54 81 83 42 85 14 79 46 31 58 2
1 38 14 76 96 81 70 38 24 55 47 97 48 85 76 53 4 58 22 77
39 55 2 52 82 85 3 69 39 41 50 92 22 47 18 37 21 65 40 88
51 75 3 79 98 90 7 23 64 26 48 58 36 29 44 29 49 97 30 85
62 5 3 71 59 46 12 17 39 6 35 9 47 95 63 79 83 68 23 24
77 57 64 58 19 72 76 27 1 78 17 25 47 4 17 49 44 14 61 70
77 67 94 9 1 58 2 60 65 35 80 87 33 92 29 2 71 56 88 51
29 12 63 61 50 60 66 75 65 74 49 88 56 66 36 16 48 44 34 70
82 21 48 20 16 94 45 65 1 68 90 69 75 20 69 36 63 24 20 69
39 88 67 53 2 85 13 33 12 72 98 79 11 65 83 39 88 21 83 45
62 47 32 62 6 94 33 47 97 6 45 9 83 31 53 9 87 15 85 20
27 42 15 45 68 63 66 60 31 73 25 48 59 91 31 5 28 87 29 32
47 12 45 25 86 23 8 23 21 12 12 9 3 65 71 35 6 17 40 46
17 25 31 59 62 92 54 30 71 18 15 14 39 16 61 54 7 3 41 99
60 32 10 71 58 45 4 73 1 85 8 19 46 30 55 98 32 28 84 67
15 89 70 96 23 97 50 4 37 3 23 89 24 78 85 61 85 85 61 68
94 11 75 34 12 14 98 82 89 66 28 21 60 9 35 18 1 56 60 33
97 34 71 50 89 80 38 8 24 72 62 32 20 90 62 41 54 22 31 74
65 10 50 25 19 59 52 36 15 72 97 15 91 2 87 15 59 60 78 78
35 95 25 36 31 30 58 20 94 61 30 77 61 11 48 19 10 52 41 87
5 9 74 18 70 24 57 70 22 22 50 28 16 37 91 75 95 4 45 95
1 88 94 34 68 44 13 42 94 77 70 98 61 84 25 17 42 31 55 89
66 79 7 39 29 99 8 62 33 86 77 15 98 43 95 4 2 58 27 38
49 60 79 39 47 33 9 49 84 46 2 80 44 77 38 19 11 38 7 45
3 59 25 81 43 90 8 21 45 72 75 76 5 14 85 7 32 36 26 71
33 81 74 62 47 25 95 3 19 31 88 54 12 24 22 44 71 4 54 33
98 4 14 25 45 54 27 18 48 27 52 90 45 71 12 54 24 34 48 53
45 58 95 82 92 91 28 96 89 8 1 44 35 17 89 55 56 19 56 78
3 40 54 91 81 61 17 41 33 67 41 34 55 53 84 46 23 22 51 44
25 95 74 26 44 29 38 94 63 5 53 3 35 84 70 46 71 74 52 9
74 81 44 63 84 1 72 41 38 88 16 34 90 83 35 84 85 24 91 18
61 1 44 78 64 59 89 58 26 31 75 9 22 50 59 73 91 18 64 23
57 67 25 91 30 64 53 27 3 55 68 36 66 83 29 28 49 9 54 35
90 68 21 13 58 60 51 38 64 36 99 77 70 82 15 52 88 82 68 85
81 38 12 94 95 75 99 8 6 65 6 4 17 62 66 32 33 96 61 60
15 40 6 52 96 83 24 21 65 96 2 46 22 63 87 51 63 97 2 9
66 28 56 7 92 41 98 26 89 96 18 15 67 6 43 21 69 98 50 94
1 5 19 71 54 27 52 5 13 96 35 96 87 29 54 92 28 78 61 53
89 26 75 1 18 94 67 2 71 91 77 1 34 66 84 60 99 35 46 32
31 59 35 84 20 22 31 65 22 82 57 25 36 13 85 87 52 26 41 34
20 77 64 38 27 96 34 58 2 3 60 39 94 60 8 54 53 48 16 59
46 60 89 61 59 21 61 83 33 47 60 32 36 24 2 30 14 67 88 95
93 69 99 32 22 53 60 10 99 4 85 42 23 94 89 60 23 78 4 10
78 57 36 49 93 77 17 34 71 93 93 9 13 38 58 36 50 87 67 2
41 43 32 63 6 85 82 29 51 74 50 36 36 55 71 59 37 2 57 38
30 90 53 72 95 33 25 82 61 12 38 83 56 26 69 39 93 97 11 71
42 30 67 86 58 20 12 89 33 95 54 34 18 62 80 16 18 57 65 93
71 46 68 63 12 1 61 32 57 82 11 49 50 73 25 55 77 62 99 24
6 49 97 80 16 90 84 47 56 42 7 53 39 91 74 22 84 81 4 31
16 77 9 87 93 71 89 43 33 99 5 43 71 16 66 41 28 73 89 73
76 67 16 55 40 62 11 42 32 57 15 74 59 90 60 13 61 49 93 77
63 54 55 53 87 94 25 42 52 44 23 80 80 37 8 99 81 60 8 91
54 7 91 99 5 86 50 16 86 79 2 49 35 14 14 25 82 97 47 94
38 38 5 7 41 61 11 7 6 48 73 13 77 81 27 2 29 22 22 58
88 26 81 35 88 15 61 11 9 23 14 61 78 19 63 54 88 12 26 48
36 83 67 72 92 87 81 27 88 31 44 77 79 84 31 55 80 8 89 93
69 95 86 45 64 53 14 46 87 57 51 31 46 18 96 23 64 35 77 90
51 44 26 14 45 30 72 78 57 55 43 30 36 54 57 62 29 42 10 85
67 84 41 36 13 77 86 73 98 52 78 61 3 39 14 98 19 44 8 78
54 41 48 35 61 9 87 27 92 4 74 79 56 61 32 46 1 67 66 60
76 5 28 86 51 34 7 69 39 83 31 59 72 29 2 82 34 46 48 38
47 12 19 81 70 2 57 38 38 88 99 38 77 25 3 70 68 24 69 55
37 87 88 41 81 39 81 41 78 67 95 54 82 66 72 83 57 68 99 63
15 16 37 58 25 54 33 38 54 67 52 19 97 69 44 72 15 68 51 70
6 4 40 34 54 8 52 50 31 20 40 50 18 12 33 21 78 5 63 84
62 83 23 43 97 44 4 28 53 34 2 24 32 73 72 56 95 84 51 16
19 97 27 47 85 12 73 76 92 41 27 77 87 50 1 36 7 58 95 25
7 58 11 10 7 93 98 39 69 59 56 99 20 23 72 41 28 1 95 56
97 80 8 23 65 18 2 51 52 74 12 88 40 36 9 5 76 84 23 66
37 22 5 36 84 88 27 57 87 35 19 91 55 25 65 7 48 59 65 51
37 1 87 56 80 21 46 39 11 8 76 25 40 90 79 1 2 67 72 99
60 89 39 84 65 54 84 46 34 26 83 4 1 28 38 23 12 2 92 4
81 98 32 53 21 94 7 69 67 90 48 5 84 27 49 2 67 74 74 52
28 92 23 85 9 5 48 15 52 25 59 56 37 73 93 48 7 5 75 87
87 90 82 32 32 43 67 22 30 23 62 81 26 17 38 65 24 58 46 29
95 20 32 8 95 89 86 7 9 23 56 73 47 28 72 6 42 96 88 83
85 14 95 33 20 98 6 67 78 71 96 82 68 84 31 75 91 34 46 22
76 76 19 67 28 99 36 16 34 1 18 46 4 83 51 6 17 50 56 56
69 23 88 65 64 43 14 50 14 72 58 87 50 27 89 43 79 92 74 12
44 54 29 35 29 85 86 76 24 49 29 46 8 84 90 67 95 15 66 36
70 18 54 19 82 80 75 13 64 73 4 85 51 37 95 26 86 74 47 88
24 34 11 92 82 7 21 11 6 18 27 76 4 28 76 79 96 90 9 77
# P_hat : m1 | m2 | m3 | m4 | m5 | m6 | m7 | m8 | m9 | m10 | m11 | m12 | m13 | m14 | m15 | m16 | m17 | m18 | m19 | m20
12.90 9.30 20.10 7.80 6.00 6.60 23.10 28.20 3.30 6.90 9.00 12.00 29.70 19.80 3.60 22.50 19.20 6.30 12.90 25.20
15.00 5.70 11.10 14.70 19.20 11.70 7.80 15.30 16.20 0.60 10.20 24.30 3.60 25.50 13.20 6.30 19.80 9.00 14.10 21.90
15.30 4.20 22.20 12.60 29.10 19.20 20.70 11.70 11.70 8.70 22.50 10.20 9.90 24.30 26.70 24.30 4.80 5.70 15.00 17.70
26.40 3.00 1.20 4.50 24.60 16.80 29.10 1.50 19.50 18.00 27.30 5.70 12.90 2.70 3.30 21.00 3.30 14.70 28.20 9.60
28.50 23.40 4.50 19.80 10.80 2.70 22.80 5.70 21.00 0.30 0.60 25.20 29.70 9.60 18.90 28.20 10.80 4.50 11.70 11.40
15.60 4.50 27.90 20.10 29.70 5.10 11.10 21.30 5.10 26.40 13.50 21.60 5.70 18.60 18.60 20.10 26.10 17.10 5.10 9.90
4.50 27.30 1.20 12.00 12.30 16.50 15.00 22.80 5.10 5.10 2.10 16.50 26.10 18.00 6.00 21.00 29.70 19.80 20.10 10.50
7.50 10.50 2.70 29.10 9.00 12.00 29.70 6.90 29.70 16.20 29.70 10.80 27.00 20.40 5.70 27.60 0.90 29.40 18.90 24.90
0.60 23.70 9.90 3.90 24.00 26.10 24.00 27.60 29.10 2.40 27.30 6.90 2.40 9.00 22.50 26.10 21.90 1.20 26.40 14.70
6.30 23.40 29.10 16.20 21.00 18.00 20.40 24.30 13.50 2.70 15.60 27.90 6.90 15.90 12.90 24.90 5.40 22.50 29.40 19.20
22.20 13.50 23.70 6.90 18.30 27.60 7.20 26.40 10.50 3.00 15.60 8.10 10.20 14.10 28.20 27.00 9.30 28.50 2.40 1.80
0.30 23.70 22.50 0.30 12.60 3.30 14.10 2.40 15.00 6.00 8.40 11.70 9.30 10.50 4.80 17.10 0.90 29.70 3.90 29.70
26.70 14.10 27.30 22.20 15.30 15.30 2.10 21.30 1.50 3.60 0.90 0.30 11.70 27.90 22.50 15.90 3.00 7.20 24.30 12.30
23.40 9.90 23.70 28.50 4.50 23.40 21.00 2.70 14.40 2.10 24.00 27.60 13.80 21.30 15.30 23.10 23.10 1.20 22.80 28.50
4.20 22.50 6.90 13.50 4.80 0.90 27.30 20.40 22.50 1.50 23.10 23.10 18.60 4.80 2.70 11.10 7.50 12.90 2.70 15.00
14.40 24.30 18.00 0.90 18.00 21.90 26.10 4.80 21.30 20.40 10.80 10.80 28.20 4.50 18.30 11.10 29.40 15.90 21.00 17.40
27.30 19.80 29.10 24.00 14.10 14.40 21.90 26.10 13.20 4.80 29.40 6.90 21.30 3.30 20.40 13.50 19.50 24.30 23.40 13.50
9.90 23.40 16.50 23.40 4.50 11.40 2.10 0.90 18.00 23.70 18.00 12.60 2.40 7.80 24.00 10.80 1.50 8.70 18.00 5.40
13.80 12.30 22.80 9.30 7.80 27.60 6.00 2.10 17.70 16.20 24.30 24.90 12.60 25.50 4.20 23.70 13.80 9.30 17.40 0.60
0.30 11.40 4.20 22.80 28.80 24.30 21.00 11.40 7.20 16.50 14.10 29.10 14.40 25.50 22.80 15.90 1.20 17.40 6.60 23.10
11.70 16.50 0.60 15.60 24.60 25.50 0.90 20.70 11.70 12.30 15.00 27.60 6.60 14.10 5.40 11.10 6.30 19.50 12.00 26.40
15.30 22.50 0.90 23.70 29.40 27.00 2.10 6.90 19.20 7.80 14.40 17.40 10.80 8.70 13.20 8.70 14.70 29.10 9.00 25.50
18.60 1.50 0.90 21.30 17.70 13.80 3.60 5.10 11.70 1.80 10.50 2.70 14.10 28.50 18.90 23.70 24.90 20.40 6.90 7.20
23.10 17.10 19.20 17.40 5.70 21.60 22.80 8.10 0.30 23.40 5.10 7.50 14.10 1.20 5.10 14.70 13.20 4.20 18.30 21.00
23.10 20.10 28.20 2.70 0.30 17.40 0.60 18.00 19.50 10.50 24.00 26.10 9.90 27.60 8.70 0.60 21.30 16.80 26.40 15.30
8.70 3.60 18.90 18.30 15.00 18.00 19.80 22.50 19.50 22.20 14.70 26.40 16.80 19.80 10.80 4.80 14.40 13.20 10.20 21.00
24.60 6.30 14.40 6.00 4.80 28.20 13.50 19.50 0.30 20.40 27.00 20.70 22.50 6.00 20.70 10.80 18.90 7.20 6.00 20.70
11.70 26.40 20.10 15.90 0.60 25.50 3.90 9.90 3.60 21.60 29.40 23.70 3.30 19.50 24.90 11.70 26.40 6.30 24.90 13.50
18.60 14.10 9.60 18.60 1.80 28.20 9.90 14.10 29.10 1.80 13.50 2.70 24.90 9.30 15.90 2.70 26.10 4.50 25.50 6.00
8.10 12.60 4.50 13.50 20.40 18.90 19.80 18.00 9.30 21.90 7.50 14.40 17.70 27.30 9.30 1.50 8.40 26.10 8.70 9.60
14.10 3.60 13.50 7.50 25.80 6.90 2.40 6.90 6.30 3.60 3.60 2.70 0.90 19.50 21.30 10.50 1.80 5.10 12.00 13.80
5.10 7.50 9.30 17.70 18.60 27.60 16.20 9.00 21.30 5.40 4.50 4.20 11.70 4.80 18.30 16.20 2.10 0.90 12.30 29.70
18.00 9.60 3.00 21.30 17.40 13.50 1.20 21.90 0.30 25.50 2.40 5.70 13.80 9.00 16.50 29.40 9.60 8.40 25.20 20.10
4.50 26.70 21.00 28.80 6.90 29.10 15.00 1.20 11.10 0.90 6.90 26.70 7.20 23.40 25.50 18.30 25.50 25.50 18.30 20.40
28.20 3.30 22.50 10.20 3.60 4.20 29.40 24.60 26.70 19.80 8.40 6.30 18.00 2.70 10.50 5.40 0.30 16.80 18.00 9.90
29.10 10.20 21.30 15.00 26.70 24.00 11.40 2.40 7.20 21.60 18.60 9.60 6.00 27.00 18.60 12.30 16.20 6.60 9.30 22.20
19.50 3.00 15.00 7.50 5.70 17.70 15.60 10.80 4.50 21.60 29.10 4.50 27.30 0.60 26.10 4.50 17.70 18.00 23.40 23.40
10.50 28.50 7.50 10.80 9.30 9.00 17.40 6.00 28.20 18.30 9.00 23.10 18.30 3.30 14.40 5.70 3.00 15.60 12.30 26.10
1.50 2.70 22.20 5.40 21.00 7.20 17.10 21.00 6.60 6.60 15.00 8.40 4.80 11.10 27.30 22.50 28.50 1.20 13.50 28.50
0.30 26.40 28.20 10.20 20.40 13.20 3.90 12.60 28.20 23.10 21.00 29.40 18.30 25.20 7.50 5.10 12.60 9.30 16.50 26.70
19.80 23.70 2.10 11.70 8.70 29.70 2.40 18.60 9.90 25.80 23.10 4.50 29.40 12.90 28.50 1.20 0.60 17.40 8.10 11.40
14.70 18.00 23.70 11.70 14.10 9.90 2.70 14.70 25.20 13.80 0.60 24.00 13.20 23.10 11.40 5.70 3.30 11.40 2.10 13.50
0.90 17.70 7.50 24.30 12.90 27.00 2.40 6.30 13.50 21.60 22.50 22.80 1.50 4.20 25.50 2.10 9.60 10.80 7.80 21.30
9.90 24.30 22.20 18.60 14.10 7.50 28.50 0.90 5.70 9.30 26.40 16.20 3.60 7.20 6.60 13.20 21.30 1.20 16.20 9.90
29.40 1.20 4.20 7.50 13.50 16.20 8.10 5.40 14.40 8.10 15.60 27.00 13.50 21.30 3.60 16.20 7.20 10.20 14.40 15.90
13.50 17.40 28.50 24.60 27.60 27.30 8.40 28.80 26.70 2.40 0.30 13.20 10.50 5.10 26.70 16.50 16.80 5.70 16.80 23.40
0.90 12.00 16.20 27.30 24.30 18.30 5.10 12.30 9.90 20.10 12.30 10.20 16.50 15.90 25.20 13.80 6.90 6.60 15.30 13.20
7.50 28.50 22.20 7.80 13.20 8.70 11.40 28.20 18.90 1.50 15.90 0.90 10.50 25.20 21.00 13.80 21.30 22.20 15.60 2.70
22.20 24.30 13.20 18.90 25.20 0.30 21.60 12.30 11.40 26.40 4.80 10.20 27.00 24.90 10.50 25.20 25.50 7.20 27.30 5.40
18.30 0.30 13.20 23.40 19.20 17.70 26.70 17.40 7.80 9.30 22.50 2.70 6.60 15.00 17.70 21.90 27.30 5.40 19.20 6.90
17.10 20.10 7.50 27.30 9.00 19.20 15.90 8.10 0.90 16.50 20.40 10.80 19.80 24.90 8.70 8.40 14.70 2.70 16.20 10.50
27.00 20.40 6.30 3.90 17.40 18.00 15.30 11.40 19.20 10.80 29.70 23.10 21.00 24.60 4.50 15.60 26.40 24.60 20.40 25.50
24.30 11.40 3.60 28.20 28.50 22.50 29.70 2.40 1.80 19.50 1.80 1.20 5.10 18.60 19.80 9.60 9.90 28.80 18.30 18.00
4.50 12.00 1.80 15.60 28.80 24.90 7.20 6.30 19.50 28.80 0.60 13.80 6.60 18.90 26.10 15.30 18.90 29.10 0.60 2.70
19.80 8.40 16.80 2.10 27.60 12.30 29.40 7.80 26.70 28.80 5.40 4.50 20.10 1.80 12.90 6.30 20.70 29.40 15.00 28.20
0.30 1.50 5.70 21.30 16.20 8.10 15.60 1.50 3.90 28.80 10.50 28.80 26.10 8.70 16.20 27.60 8.40 23.40 18.30 15.90
26.70 7.80 22.50 0.30 5.40 28.20 20.10 0.60 21.30 27.30 23.10 0.30 10.20 19.80 25.20 18.00 29.70 10.50 13.80 9.60
9.30 17.70 10.50 25.20 6.00 6.60 9.30 19.50 6.60 24.60 17.10 7.50 10.80 3.90 25.50 26.10 15.60 7.80 12.30 10.20
6.00 23.10 19.20 11.40 8.10 28.80 10.20 17.40 0.60 0.90 18.00 11.70 28.20 18.00 2.40 16.20 15.90 14.40 4.80 17.70
13.80 18.00 26.70 18.30 17.70 6.30 18.30 24.90 9.90 14.10 18.00 9.60 10.80 7.20 0.60 9.00 4.20 20.10 26.40 28.50
27.90 20.70 29.70 9.60 6.60 15.90 18.00 3.00 29.70 1.20 25.50 12.60 6.90 28.20 26.70 18.00 6.90 23.40 1.20 3.00
23.40 17.10 10.80 14.70 27.90 23.10 5.10 10.20 21.30 27.90 27.90 2.70 3.90 11.40 17.40 10.80 15.00 26.10 20.10 0.60
12.30 12.90 9.60 18.90 1.80 25.50 24.60 8.70 15.30 22.20 15.00 10.80 10.80 16.50 21.30 17.70 11.10 0.60 17.10 11.40
9.00 27.00 15.90 21.60 28.50 9.90 7.50 24.60 18.30 3.60 11.40 24.90 16.80 7.80 20.70 11.70 27.90 29.10 3.30 21.30
12.60 9.00 20.10 25.80 17.40 6.00 3.60 26.70 9.90 28.50 16.20 10.20 5.40 18.60 24.00 4.80 5.40 17.10 19.50 27.90
21.30 13.80 20.40 18.90 3.60 0.30 18.30 9.60 17.10 24.60 3.30 14.70 15.00 21.90 7.50 16.50 23.10 18.60 29.70 7.20
1.80 14.70 29.10 24.00 4.80 27.00 25.20 14.10 16.80 12.60 2.10 15.90 11.70 27.30 22.20 6.60 25.20 24.30 1.20 9.30
4.80 23.10 2.70 26.10 27.90 21.30 26.70 12.90 9.90 29.70 1.50 12.90 21.30 4.80 19.80 12.30 8.40 21.90 26.70 21.90
22.80 20.10 4.80 16.50 12.00 18.60 3.30 12.60 9.60 17.10 4.50 22.20 17.70 27.00 18.00 3.90 18.30 14.70 27.90 23.10
18.90 16.20 16.50 15.90 26.10 28.20 7.50 12.60 15.60 13.20 6.90 24.00 24.00 11.10 2.40 29.70 24.30 18.00 2.40 27.30
16.20 2.10 27.30 29.70 1.50 25.80 15.00 4.80 25.80 23.70 0.60 14.70 10.50 4.20 4.20 7.50 24.60 29.10 14.10 28.20
11.40 11.40 1.50 2.10 12.30 18.30 3.30 2.10 1.80 14.40 21.90 3.90 23.10 24.30 8.10 0.60 8.70 6.60 6.60 17.40
26.40 7.80 24.30 10.50 26.40 4.50 18.30 3.30 2.70 6.90 4.20 18.30 23.40 5.70 18.90 16.20 26.40 3.60 7.80 14.40
10.80 24.90 20.10 21.60 27.60 26.10 24.30 8.10 26.40 9.30 13.20 23.10 23.70 25.20 9.30 16.50 24.00 2.40 26.70 27.90
20.70 28.50 25.80 13.50 19.20 15.90 4.20 13.80 26.10 17.10 15.30 9.30 13.80 5.40 28.80 6.90 19.20 10.50 23.10 27.00
15.30 13.20 7.80 4.20 13.50 9.00 21.60 23.40 17.10 16.50 12.90 9.00 10.80 16.20 17.10 18.60 8.70 12.60 3.00 25.50
20.10 25.20 12.30 10.80 3.90 23.10 25.80 21.90 29.40 15.60 23.40 18.30 0.90 11.70 4.20 29.40 5.70 13.20 2.40 23.40
16.20 12.30 14.40 10.50 18.30 2.70 26.10 8.10 27.60 1.20 22.20 23.70 16.80 18.30 9.60 13.80 0.30 20.10 19.80 18.00
22.80 1.50 8.40 25.80 15.30 10.20 2.10 20.70 11.70 24.90 9.30 17.70 21.60 8.70 0.60 24.60 10.20 13.80 14.40 11.40
14.10 3.60 5.70 24.30 21.00 0.60 17.10 11.40 11.40 26.40 29.70 11.40 23.10 7.50 0.90 21.00 20.40 7.20 20.70 16.50
11.10 26.10 26.40 12.30 24.30 11.70 24.30 12.30 23.40 20.10 28.50 16.20 24.60 19.80 21.60 24.90 17.10 20.40 29.70 18.90
4.50 4.80 11.10 17.40 7.50 16.20 9.90 11.40 16.20 20.10 15.60 5.70 29.10 20.70 13.20 21.60 4.50 20.40 15.30 21.00
1.80 1.20 12.00 10.20 16.20 2.40 15.60 15.00 9.30 6.00 12.00 15.00 5.40 3.60 9.90 6.30 23.40 1.50 18.90 25.20
18.60 24.90 6.90 12.90 29.10 13.20 1.20 8.40 15.90 10.20 0.60 7.20 9.60 21.90 21.60 16.80 28.50 25.20 15.30 4.80
5.70 29.10 8.10 14.10 25.50 3.60 21.90 22.80 27.60 12.30 8.10 23.10 26.10 15.00 0.30 10.80 2.10 17.40 28.50 7.50
2.10 17.40 3.30 3.00 2.10 27.90 29.40 11.70 20.70 17.70 16.80 29.70 6.00 6.90 21.60 12.30 8.40 0.30 28.50 16.80
29.10 24.00 2.40 6.90 19.50 5.40 0.60 15.30 15.60 22.20 3.60 26.40 12.00 10.80 2.70 1.50 22.80 25.20 6.90 19.80
11.10 6.60 1.50 10.80 25.20 26.40 8.10 17.10 26.10 10.50 5.70 27.30 16.50 7.50 19.50 2.10 14.40 17.70 19.50 15.30
11.10 0.30 26.10 16.80 24.00 6.30 13.80 11.70 3.30 2.40 22.80 7.50 12.00 27.00 23.70 0.30 0.60 20.10 21.60 29.70
18.00 26.70 11.70 25.20 19.50 16.20 25.20 13.80 10.20 7.80 24.90 1.20 0.30 8.40 11.40 6.90 3.60 0.60 27.60 1.20
24.30 29.40 9.60 15.90 6.30 28.20 2.10 20.70 20.10 27.00 14.40 1.50 25.20 8.10 14.70 0.60 20.10 22.20 22.20 15.60
8.40 27.60 6.90 25.50 2.70 1.50 14.40 4.50 15.60 7.50 17.70 16.80 11.10 21.90 27.90 14.40 2.10 1.50 22.50 26.10
26.10 27.00 24.60 9.60 9.60 12.90 20.10 6.60 9.00 6.90 18.60 24.30 7.80 5.10 11.40 19.50 7.20 17.40 13.80 8.70
28.50 6.00 9.60 2.40 28.50 26.70 25.80 2.10 2.70 6.90 16.80 21.90 14.10 8.40 21.60 1.80 12.60 28.80 26.40 24.90
25.50 4.20 28.50 9.90 6.00 29.40 1.80 20.10 23.40 21.30 28.80 24.60 20.40 25.20 9.30 22.50 27.30 10.20 13.80 6.60
22.80 22.80 5.70 20.10 8.40 29.70 10.80 4.80 10.20 0.30 5.40 13.80 1.20 24.90 15.30 1.80 5.10 15.00 16.80 16.80
20.70 6.90 26.40 19.50 19.20 12.90 4.20 15.00 4.20 21.60 17.40 26.10 15.00 8.10 26.70 12.90 23.70 27.60 22.20 3.60
13.20 16.20 8.70 10.50 8.70 25.50 25.80 22.80 7.20 14.70 8.70 13.80 2.40 25.20 27.00 20.10 28.50 4.50 19.80 10.80
21.00 5.40 16.20 5.70 24.60 24.00 22.50 3.90 19.20 21.90 1.20 25.50 15.30 11.10 28.50 7.80 25.80 22.20 14.10 26.40
7.20 10.20 3.30 27.60 24.60 2.10 6.30 3.30 1.80 5.40 8.10 22.80 1.20 8.40 22.80 23.70 28.80 27.00 2.70 23.10
