# nJobs | nMachines
50 5
# Job Weights
24
16
74
57
38
48
67
9
93
50
92
85
83
27
38
78
35
65
90
48
23
82
38
43
94
53
26
26
45
94
35
33
38
44
90
27
90
86
78
59
26
63
68
75
67
9
57
80
71
70
# P_bar : m1 | m2 | m3 | m4 | m5
24 51 8 59 67
1 57 54 85 99
57 82 15 73 57
86 47 47 87 47
35 82 73 87 93
9 14 33 89 35
55 79 73 48 32
8 57 35 57 77
93 88 45 59 28
11 79 75 73 75
39 22 83 66 95
10 72 12 95 15
84 58 59 61 18
80 78 95 13 97
59 18 96 79 37
37 48 75 88 53
80 72 62 19 97
69 38 44 18 73
13 71 43 21 60
19 82 30 33 39
25 61 47 11 48
92 73 36 8 9
45 50 65 8 17
14 56 85 83 83
73 95 1 13 10
85 16 71 89 2
75 6 13 63 66
96 7 54 64 50
33 86 2 53 36
17 21 82 28 45
76 27 16 17 86
96 44 15 2 8
4 64 14 77 47
16 32 49 61 52
9 46 68 73 98
66 37 28 69 22
46 39 87 23 55
64 96 85 56 62
3 44 90 78 23
93 70 17 65 82
74 41 54 85 32
29 56 59 99 20
68 44 25 52 38
38 27 23 78 23
86 41 60 8 40
90 66 60 58 55
50 87 68 51 79
11 42 70 43 66
64 7 80 52 97
4 54 4 41 29
# P_hat : m1 | m2 | m3 | m4 | m5
12.00 25.50 4.00 29.50 33.50
0.50 28.50 27.00 42.50 49.50
28.50 41.00 7.50 36.50 28.50
43.00 23.50 23.50 43.50 23.50
17.50 41.00 36.50 43.50 46.50
4.50 7.00 16.50 44.50 17.50
27.50 39.50 36.50 24.00 16.00
4.00 28.50 17.50 28.50 38.50
46.50 44.00 22.50 29.50 14.00
5.50 39.50 37.50 36.50 37.50
19.50 11.00 41.50 33.00 47.50
5.00 36.00 6.00 47.50 7.50
42.00 29.00 29.50 30.50 9.00
40.00 39.00 47.50 6.50 48.50
29.50 9.00 48.00 39.50 18.50
18.50 24.00 37.50 44.00 26.50
40.00 36.00 31.00 9.50 48.50
34.50 19.00 22.00 9.00 36.50
6.50 35.50 21.50 10.50 30.00
9.50 41.00 15.00 16.50 19.50
12.50 30.50 23.50 5.50 24.00
46.00 36.50 18.00 4.00 4.50
22.50 25.00 32.50 4.00 8.50
7.00 28.00 42.50 41.50 41.50
36.50 47.50 0.50 6.50 5.00
42.50 8.00 35.50 44.50 1.00
37.50 3.00 6.50 31.50 33.00
48.00 3.50 27.00 32.00 25.00
16.50 43.00 1.00 26.50 18.00
8.50 10.50 41.00 14.00 22.50
38.00 13.50 8.00 8.50 43.00
48.00 22.00 7.50 1.00 4.00
2.00 32.00 7.00 38.50 23.50
8.00 16.00 24.50 30.50 26.00
4.50 23.00 34.00 36.50 49.00
33.00 18.50 14.00 34.50 11.00
23.00 19.50 43.50 11.50 27.50
32.00 48.00 42.50 28.00 31.00
1.50 22.00 45.00 39.00 11.50
46.50 35.00 8.50 32.50 41.00
37.00 20.50 27.00 42.50 16.00
14.50 28.00 29.50 49.50 10.00
34.00 22.00 12.50 26.00 19.00
19.00 13.50 11.50 39.00 11.50
43.00 20.50 30.00 4.00 20.00
45.00 33.00 30.00 29.00 27.50
25.00 43.50 34.00 25.50 39.50
5.50 21.00 35.00 21.50 33.00
32.00 3.50 40.00 26.00 48.50
2.00 27.00 2.00 20.50 14.50
