# nJobs | nMachines
100 20
# Job Weights
85
74
92
23
79
100
65
52
26
42
29
1
8
53
29
55
21
9
51
90
62
26
45
75
44
16
68
96
68
42
88
87
31
89
8
93
44
27
23
94
49
36
78
70
43
86
30
59
4
9
72
29
14
100
89
45
12
37
61
29
74
24
99
37
19
87
4
79
6
70
84
87
73
27
31
89
80
3
53
75
22
62
41
4
43
56
76
33
53
50
11
78
50
29
11
32
46
23
95
12
# P_bar : m1 | m2 | m3 | m4 | m5 | m6 | m7 | m8 | m9 | m10 | m11 | m12 | m13 | m14 | m15 | m16 | m17 | m18 | m19 | m20
1 87 92 71 47 12 91 45 74 96 68 97 52 42 89 35 83 27 75 65
61 33 75 85 7 29 19 12 87 41 69 98 21 11 51 92 34 84 84 35
82 38 4 37 33 76 69 58 9 83 80 58 2 54 46 60 22 96 82 68
63 36 88 66 48 97 20 63 78 13 71 60 86 16 17 14 99 46 74 70
9 28 28 81 61 43 34 41 33 79 11 97 47 10 76 20 85 6 2 45
98 94 37 59 67 48 28 92 84 71 44 9 91 12 14 96 94 55 8 92
85 61 67 45 99 81 24 7 63 4 86 44 22 82 24 67 37 9 16 68
76 89 1 96 32 10 16 3 71 60 86 24 7 60 58 21 67 80 60 85
35 33 54 89 19 55 89 35 13 93 18 24 56 83 4 28 78 48 33 33
26 3 1 23 50 90 40 97 1 24 55 18 44 29 26 69 97 36 81 21
10 28 88 32 91 19 82 32 72 16 96 77 3 55 77 26 51 32 94 28
7 79 1 18 65 29 63 18 36 22 82 75 21 67 40 6 82 42 8 84
55 68 67 71 25 10 32 44 86 21 39 3 52 62 47 22 83 14 10 56
4 35 12 61 64 49 11 87 68 99 17 88 99 6 36 15 38 83 93 8
28 51 25 65 64 5 82 5 39 12 69 48 45 39 37 3 12 23 92 71
59 14 75 16 64 12 71 25 56 44 98 78 36 39 66 45 23 94 71 69
59 24 42 47 9 98 22 97 34 57 61 71 42 74 26 81 26 12 78 49
8 31 84 15 96 55 38 48 76 75 68 24 42 57 13 29 73 11 26 9
98 47 67 54 65 38 29 59 63 13 62 50 80 2 81 13 32 14 47 37
34 95 23 61 72 30 93 83 45 14 88 19 38 8 4 49 80 66 72 24
90 64 40 61 61 41 14 40 16 49 37 98 68 32 95 99 11 81 32 87
32 39 36 66 45 86 74 3 82 72 39 38 71 6 70 33 6 47 16 59
57 98 37 55 29 50 93 42 30 40 7 43 18 62 55 64 24 84 35 57
87 15 86 18 36 43 63 91 32 98 51 10 11 78 40 96 78 46 63 9
1 51 14 9 64 96 94 82 73 88 2 51 37 3 11 16 66 23 34 31
88 69 39 78 14 18 64 40 57 37 62 64 30 26 40 56 21 69 91 74
46 50 30 59 86 42 31 86 49 6 35 5 55 80 28 85 73 7 77 4
46 3 61 70 22 75 85 63 29 5 75 77 25 75 70 65 38 63 82 89
84 60 62 69 87 88 61 94 43 58 5 72 58 73 75 70 80 67 57 67
43 31 39 41 22 50 13 46 99 33 97 2 11 18 84 46 83 23 35 12
52 23 74 37 91 66 80 56 27 40 87 34 51 34 70 6 99 11 74 45
26 14 19 99 40 23 33 5 81 22 52 78 44 89 33 55 72 66 37 84
21 5 14 24 56 35 81 48 2 50 30 32 5 22 96 73 35 17 27 43
55 97 85 67 97 22 6 34 65 23 75 14 84 38 63 79 7 12 48 30
94 94 55 52 7 13 84 49 91 89 27 98 10 75 64 81 82 88 10 45
32 44 95 63 5 11 19 24 13 34 75 90 58 32 39 15 61 31 54 33
52 56 58 62 83 39 9 28 68 66 40 4 21 29 26 46 83 92 94 27
21 24 66 24 98 16 61 94 48 27 4 45 4 97 14 51 74 78 56 11
33 46 61 7 25 63 72 55 22 9 43 49 16 24 67 13 98 89 23 43
68 44 75 50 87 87 42 9 7 92 90 80 72 96 63 36 45 38 91 6
62 51 91 44 27 31 93 66 41 13 35 95 64 91 39 85 40 80 47 90
71 47 27 28 88 1 57 80 59 83 24 89 87 89 58 1 7 61 53 29
85 18 60 84 74 54 6 38 92 13 28 56 4 23 67 38 30 53 42 46
32 54 90 49 98 41 56 37 20 77 58 42 10 17 61 29 87 28 16 1
32 7 71 94 15 53 86 92 52 17 36 27 69 67 47 87 51 40 72 29
62 26 99 3 97 99 44 90 71 66 43 74 24 45 97 95 64 82 35 90
97 16 99 22 16 9 39 42 6 96 49 5 47 30 63 8 25 35 33 86
93 67 73 95 13 3 90 43 78 40 86 33 53 9 45 10 17 89 69 46
72 3 39 69 13 24 31 13 37 30 60 52 25 6 49 76 2 20 92 81
28 38 25 69 38 83 18 29 91 38 25 95 36 47 99 63 92 58 26 43
5 13 37 16 94 9 13 7 42 9 89 60 13 13 49 25 14 25 16 20
66 28 56 5 88 66 6 67 61 10 1 29 23 93 80 2 54 83 74 78
96 23 83 24 57 61 71 36 97 87 46 53 19 80 54 50 34 62 97 96
36 62 27 90 46 51 2 80 4 41 83 73 78 23 28 81 23 48 38 11
55 87 19 92 82 79 72 5 55 72 34 7 19 55 83 11 47 32 44 29
22 75 27 65 32 93 67 15 79 89 32 17 38 76 67 80 69 46 33 27
82 55 47 82 10 64 71 12 78 67 59 97 63 37 89 77 50 12 46 71
64 20 19 9 59 86 67 31 41 54 29 65 64 64 30 74 34 62 71 54
62 68 59 73 81 20 69 1 23 9 11 32 28 16 91 20 80 22 56 68
68 13 8 58 91 88 30 29 19 73 82 19 89 55 23 64 18 41 98 28
27 80 20 60 30 52 60 36 10 61 54 89 72 2 79 43 19 68 42 12
21 47 12 14 41 68 12 48 22 80 92 70 70 60 73 23 25 35 14 8
63 48 62 20 70 49 83 98 27 50 98 22 32 66 80 10 16 56 19 12
22 20 4 14 50 61 94 28 27 42 27 91 53 90 68 41 71 67 69 90
40 13 36 90 75 55 71 41 43 86 57 59 55 95 75 51 7 74 34 94
85 23 80 93 63 50 43 13 80 27 57 12 40 47 16 94 89 82 77 48
52 76 71 26 32 44 12 21 62 79 63 44 13 32 75 31 41 64 1 4
51 63 64 24 79 36 69 50 85 75 63 20 48 58 2 4 48 43 29 68
41 91 8 46 68 63 2 57 87 46 95 74 91 54 28 74 96 40 34 73
30 49 40 93 24 89 42 14 69 59 74 75 55 89 77 76 13 6 35 88
23 34 93 17 95 10 4 41 69 10 63 79 31 66 4 29 20 22 69 50
66 34 1 11 7 80 81 59 3 51 7 20 85 27 13 51 87 76 21 97
52 17 1 71 80 20 98 86 32 1 67 69 51 27 47 26 60 59 45 7
52 20 39 19 95 41 49 56 97 11 70 20 15 80 19 61 57 85 31 76
65 92 32 4 60 23 40 28 47 1 32 28 31 75 68 44 65 46 12 42
70 65 31 96 17 16 21 76 2 19 86 32 64 89 20 90 21 88 59 88
47 80 8 87 19 10 60 69 39 88 26 99 30 30 61 34 34 13 45 27
38 26 26 58 65 2 78 67 67 65 2 27 90 21 4 59 6 85 15 15
81 24 50 13 41 79 37 90 96 7 54 14 36 71 22 48 23 61 34 72
88 30 50 53 19 70 3 95 37 45 67 81 42 87 5 66 1 91 14 77
66 2 47 50 59 22 92 45 94 67 8 71 3 46 43 43 62 91 44 62
91 9 79 63 71 32 3 95 79 97 45 83 90 79 43 86 52 79 20 51
90 16 2 20 71 44 53 43 30 45 46 84 18 68 64 11 18 7 66 48
98 86 36 52 30 51 46 43 29 30 99 75 23 41 84 19 94 30 65 22
52 2 72 79 47 58 34 16 90 28 1 73 75 38 44 48 94 63 31 97
88 8 57 29 38 9 80 95 83 92 29 10 68 45 7 30 2 30 71 93
84 57 25 2 9 20 91 62 56 28 24 76 37 63 98 59 52 55 36 51
91 55 15 92 67 75 76 81 75 74 69 66 77 90 26 63 85 62 36 85
90 67 93 14 25 75 94 46 94 78 39 58 20 81 67 39 19 80 58 26
36 72 74 7 85 15 11 16 84 95 15 81 50 91 51 73 80 58 18 17
49 1 34 73 36 45 52 22 31 12 37 29 97 53 9 52 28 37 6 54
56 30 94 98 78 44 64 65 91 36 80 75 37 55 73 77 47 17 66 99
51 25 53 97 93 82 54 14 31 6 36 41 10 83 63 60 77 22 41 8
26 46 48 85 9 60 37 57 43 29 81 54 89 23 99 60 69 46 85 4
56 23 67 61 82 14 61 35 62 99 55 8 91 22 4 71 58 87 62 2
57 63 95 9 29 9 98 88 24 14 84 98 97 11 72 25 16 90 12 29
55 4 84 14 10 19 31 70 17 81 43 68 12 96 74 68 73 57 47 80
23 6 2 70 27 4 81 2 1 53 7 17 56 93 79 47 10 98 82 20
57 30 69 45 4 33 78 46 83 36 43 63 16 11 27 83 84 59 75 6
99 40 30 22 93 5 42 50 34 86 78 77 5 20 28 83 61 22 84 86
# P_hat : m1 | m2 | m3 | m4 | m5 | m6 | m7 | m8 | m9 | m10 | m11 | m12 | m13 | m14 | m15 | m16 | m17 | m18 | m19 | m20
0.30 26.10 27.60 21.30 14.10 3.60 27.30 13.50 22.20 28.80 20.40 29.10 15.60 12.60 26.70 10.50 24.90 8.10 22.50 19.50
18.30 9.90 22.50 25.50 2.10 8.70 5.70 3.60 26.10 12.30 20.70 29.40 6.30 3.30 15.30 27.60 10.20 25.20 25.20 10.50
24.60 11.40 1.20 11.10 9.90 22.80 20.70 17.40 2.70 24.90 24.00 17.40 0.60 16.20 13.80 18.00 6.60 28.80 24.60 20.40
18.90 10.80 26.40 19.80 14.40 29.10 6.00 18.90 23.40 3.90 21.30 18.00 25.80 4.80 5.10 4.20 29.70 13.80 22.20 21.00
2.70 8.40 8.40 24.30 18.30 12.90 10.20 12.30 9.90 23.70 3.30 29.10 14.10 3.00 22.80 6.00 25.50 1.80 0.60 13.50
29.40 28.20 11.10 17.70 20.10 14.40 8.40 27.60 25.20 21.30 13.20 2.70 27.30 3.60 4.20 28.80 28.20 16.50 2.40 27.60
25.50 18.30 20.10 13.50 29.70 24.30 7.20 2.10 18.90 1.20 25.80 13.20 6.60 24.60 7.20 20.10 11.10 2.70 4.80 20.40
22.80 26.70 0.30 28.80 9.60 3.00 4.80 0.90 21.30 18.00 25.80 7.20 2.10 18.00 17.40 6.30 20.10 24.00 18.00 25.50
10.50 9.90 16.20 26.70 5.70 16.50 26.70 10.50 3.90 27.90 5.40 7.20 16.80 24.90 1.20 8.40 23.40 14.40 9.90 9.90
7.80 0.90 0.30 6.90 15.00 27.00 12.00 29.10 0.30 7.20 16.50 5.40 13.20 8.70 7.80 20.70 29.10 10.80 24.30 6.30
3.00 8.40 26.40 9.60 27.30 5.70 24.60 9.60 21.60 4.80 28.80 23.10 0.90 16.50 23.10 7.80 15.30 9.60 28.20 8.40
2.10 23.70 0.30 5.40 19.50 8.70 18.90 5.40 10.80 6.60 24.60 22.50 6.30 20.10 12.00 1.80 24.60 12.60 2.40 25.20
16.50 20.40 20.10 21.30 7.50 3.00 9.60 13.20 25.80 6.30 11.70 0.90 15.60 18.60 14.10 6.60 24.90 4.20 3.00 16.80
1.20 10.50 3.60 18.30 19.20 14.70 3.30 26.10 20.40 29.70 5.10 26.40 29.70 1.80 10.80 4.50 11.40 24.90 27.90 2.40
8.40 15.30 7.50 19.50 19.20 1.50 24.60 1.50 11.70 3.60 20.70 14.40 13.50 11.70 11.10 0.90 3.60 6.90 27.60 21.30
17.70 4.20 22.50 4.80 19.20 3.60 21.30 7.50 16.80 13.20 29.40 23.40 10.80 11.70 19.80 13.50 6.90 28.20 21.30 20.70
17.70 7.20 12.60 14.10 2.70 29.40 6.60 29.10 10.20 17.10 18.30 21.30 12.60 22.20 7.80 24.30 7.80 3.60 23.40 14.70
2.40 9.30 25.20 4.50 28.80 16.50 11.40 14.40 22.80 22.50 20.40 7.20 12.60 17.10 3.90 8.70 21.90 3.30 7.80 2.70
29.40 14.10 20.10 16.20 19.50 11.40 8.70 17.70 18.90 3.90 18.60 15.00 24.00 0.60 24.30 3.90 9.60 4.20 14.10 11.10
10.20 28.50 6.90 18.30 21.60 9.00 27.90 24.90 13.50 4.20 26.40 5.70 11.40 2.40 1.20 14.70 24.00 19.80 21.60 7.20
27.00 19.20 12.00 18.30 18.30 12.30 4.20 12.00 4.80 14.70 11.10 29.40 20.40 9.60 28.50 29.70 3.30 24.30 9.60 26.10
9.60 11.70 10.80 19.80 13.50 25.80 22.20 0.90 24.60 21.60 11.70 11.40 21.30 1.80 21.00 9.90 1.80 14.10 4.80 17.70
17.10 29.40 11.10 16.50 8.70 15.00 27.90 12.60 9.00 12.00 2.10 12.90 5.40 18.60 16.50 19.20 7.20 25.20 10.50 17.10
26.10 4.50 25.80 5.40 10.80 12.90 18.90 27.30 9.60 29.40 15.30 3.00 3.30 23.40 12.00 28.80 23.40 13.80 18.90 2.70
0.30 15.30 4.20 2.70 19.20 28.80 28.20 24.60 21.90 26.40 0.60 15.30 11.10 0.90 3.30 4.80 19.80 6.90 10.20 9.30
26.40 20.70 11.70 23.40 4.20 5.40 19.20 12.00 17.10 11.10 18.60 19.20 9.00 7.80 12.00 16.80 6.30 20.70 27.30 22.20
13.80 15.00 9.00 17.70 25.80 12.60 9.30 25.80 14.70 1.80 10.50 1.50 16.50 24.00 8.40 25.50 21.90 2.10 23.10 1.20
13.80 0.90 18.30 21.00 6.60 22.50 25.50 18.90 8.70 1.50 22.50 23.10 7.50 22.50 21.00 19.50 11.40 18.90 24.60 26.70
25.20 18.00 18.60 20.70 26.10 26.40 18.30 28.20 12.90 17.40 1.50 21.60 17.40 21.90 22.50 21.00 24.00 20.10 17.10 20.10
12.90 9.30 11.70 12.30 6.60 15.00 3.90 13.80 29.70 9.90 29.10 0.60 3.30 5.40 25.20 13.80 24.90 6.90 10.50 3.60
15.60 6.90 22.20 11.10 27.30 19.80 24.00 16.80 8.10 12.00 26.10 10.20 15.30 10.20 21.00 1.80 29.70 3.30 22.20 13.50
7.80 4.20 5.70 29.70 12.00 6.90 9.90 1.50 24.30 6.60 15.60 23.40 13.20 26.70 9.90 16.50 21.60 19.80 11.10 25.20
6.30 1.50 4.20 7.20 16.80 10.50 24.30 14.40 0.60 15.00 9.00 9.60 1.50 6.60 28.80 21.90 10.50 5.10 8.10 12.90
16.50 29.10 25.50 20.10 29.10 6.60 1.80 10.20 19.50 6.90 22.50 4.20 25.20 11.40 18.90 23.70 2.10 3.60 14.40 9.00
28.20 28.20 16.50 15.60 2.10 3.90 25.20 14.70 27.30 26.70 8.10 29.40 3.00 22.50 19.20 24.30 24.60 26.40 3.00 13.50
9.60 13.20 28.50 18.90 1.50 3.30 5.70 7.20 3.90 10.20 22.50 27.00 17.40 9.60 11.70 4.50 18.30 9.30 16.20 9.90
15.60 16.80 17.40 18.60 24.90 11.70 2.70 8.40 20.40 19.80 12.00 1.20 6.30 8.70 7.80 13.80 24.90 27.60 28.20 8.10
6.30 7.20 19.80 7.20 29.40 4.80 18.30 28.20 14.40 8.10 1.20 13.50 1.20 29.10 4.20 15.30 22.20 23.40 16.80 3.30
9.90 13.80 18.30 2.10 7.50 18.90 21.60 16.50 6.60 2.70 12.90 14.70 4.80 7.20 20.10 3.90 29.40 26.70 6.90 12.90
20.40 13.20 22.50 15.00 26.10 26.10 12.60 2.70 2.10 27.60 27.00 24.00 21.60 28.80 18.90 10.80 13.50 11.40 27.30 1.80
18.60 15.30 27.30 13.20 8.10 9.30 27.90 19.80 12.30 3.90 10.50 28.50 19.20 27.30 11.70 25.50 12.00 24.00 14.10 27.00
21.30 14.10 8.10 8.40 26.40 0.30 17.10 24.00 17.70 24.90 7.20 26.70 26.10 26.70 17.40 0.30 2.10 18.30 15.90 8.70
25.50 5.40 18.00 25.20 22.20 16.20 1.80 11.40 27.60 3.90 8.40 16.80 1.20 6.90 20.10 11.40 9.00 15.90 12.60 13.80
9.60 16.20 27.00 14.70 29.40 12.30 16.80 11.10 6.00 23.10 17.40 12.60 3.00 5.10 18.30 8.70 26.10 8.40 4.80 0.30
9.60 2.10 21.30 28.20 4.50 15.90 25.80 27.60 15.60 5.10 10.80 8.10 20.70 20.10 14.10 26.10 15.30 12.00 21.60 8.70
18.60 7.80 29.70 0.90 29.10 29.70 13.20 27.00 21.30 19.80 12.90 22.20 7.20 13.50 29.10 28.50 19.20 24.60 10.50 27.00
29.10 4.80 29.70 6.60 4.80 2.70 11.70 12.60 1.80 28.80 14.70 1.50 14.10 9.00 18.90 2.40 7.50 10.50 9.90 25.80
27.90 20.10 21.90 28.50 3.90 0.90 27.00 12.90 23.40 12.00 25.80 9.90 15.90 2.70 13.50 3.00 5.10 26.70 20.70 13.80
21.60 0.90 11.70 20.70 3.90 7.20 9.30 3.90 11.10 9.00 18.00 15.60 7.50 1.80 14.70 22.80 0.60 6.00 27.60 24.30
8.40 11.40 7.50 20.70 11.40 24.90 5.40 8.70 27.30 11.40 7.50 28.50 10.80 14.10 29.70 18.90 27.60 17.40 7.80 12.90
1.50 3.90 11.10 4.80 28.20 2.70 3.90 2.10 12.60 2.70 26.70 18.00 3.90 3.90 14.70 7.50 4.20 7.50 4.80 6.00
19.80 8.40 16.80 1.50 26.40 19.80 1.80 20.10 18.30 3.00 0.30 8.70 6.90 27.90 24.00 0.60 16.20 24.90 22.20 23.40
28.80 6.90 24.90 7.20 17.10 18.30 21.30 10.80 29.10 26.10 13.80 15.90 5.70 24.00 16.20 15.00 10.20 18.60 29.10 28.80
10.80 18.60 8.10 27.00 13.80 15.30 0.60 24.00 1.20 12.30 24.90 21.90 23.40 6.90 8.40 24.30 6.90 14.40 11.40 3.30
16.50 26.10 5.70 27.60 24.60 23.70 21.60 1.50 16.50 21.60 10.20 2.10 5.70 16.50 24.90 3.30 14.10 9.60 13.20 8.70
6.60 22.50 8.10 19.50 9.60 27.90 20.10 4.50 23.70 26.70 9.60 5.10 11.40 22.80 20.10 24.00 20.70 13.80 9.90 8.10
24.60 16.50 14.10 24.60 3.00 19.20 21.30 3.60 23.40 20.10 17.70 29.10 18.90 11.10 26.70 23.10 15.00 3.60 13.80 21.30
19.20 6.00 5.70 2.70 17.70 25.80 20.10 9.30 12.30 16.20 8.70 19.50 19.20 19.20 9.00 22.20 10.20 18.60 21.30 16.20
18.60 20.40 17.70 21.90 24.30 6.00 20.70 0.30 6.90 2.70 3.30 9.60 8.40 4.80 27.30 6.00 24.00 6.60 16.80 20.40
20.40 3.90 2.40 17.40 27.30 26.40 9.00 8.70 5.70 21.90 24.60 5.70 26.70 16.50 6.90 19.20 5.40 12.30 29.40 8.40
8.10 24.00 6.00 18.00 9.00 15.60 18.00 10.80 3.00 18.30 16.20 26.70 21.60 0.60 23.70 12.90 5.70 20.40 12.60 3.60
6.30 14.10 3.60 4.20 12.30 20.40 3.60 14.40 6.60 24.00 27.60 21.00 21.00 18.00 21.90 6.90 7.50 10.50 4.20 2.40
18.90 14.40 18.60 6.00 21.00 14.70 24.90 29.40 8.10 15.00 29.40 6.60 9.60 19.80 24.00 3.00 4.80 16.80 5.70 3.60
6.60 6.00 1.20 4.20 15.00 18.30 28.20 8.40 8.10 12.60 8.10 27.30 15.90 27.00 20.40 12.30 21.30 20.10 20.70 27.00
12.00 3.90 10.80 27.00 22.50 16.50 21.30 12.30 12.90 25.80 17.10 17.70 16.50 28.50 22.50 15.30 2.10 22.20 10.20 28.20
25.50 6.90 24.00 27.90 18.90 15.00 12.90 3.90 24.00 8.10 17.10 3.60 12.00 14.10 4.80 28.20 26.70 24.60 23.10 14.40
15.60 22.80 21.30 7.80 9.60 13.20 3.60 6.30 18.60 23.70 18.90 13.20 3.90 9.60 22.50 9.30 12.30 19.20 0.30 1.20
15.30 18.90 19.20 7.20 23.70 10.80 20.70 15.00 25.50 22.50 18.90 6.00 14.40 17.40 0.60 1.20 14.40 12.90 8.70 20.40
12.30 27.30 2.40 13.80 20.40 18.90 0.60 17.10 26.10 13.80 28.50 22.20 27.30 16.20 8.40 22.20 28.80 12.00 10.20 21.90
9.00 14.70 12.00 27.90 7.20 26.70 12.60 4.20 20.70 17.70 22.20 22.50 16.50 26.70 23.10 22.80 3.90 1.80 10.50 26.40
6.90 10.20 27.90 5.10 28.50 3.00 1.20 12.30 20.70 3.00 18.90 23.70 9.30 19.80 1.20 8.70 6.00 6.60 20.70 15.00
19.80 10.20 0.30 3.30 2.10 24.00 24.30 17.70 0.90 15.30 2.10 6.00 25.50 8.10 3.90 15.30 26.10 22.80 6.30 29.10
15.60 5.10 0.30 21.30 24.00 6.00 29.40 25.80 9.60 0.30 20.10 20.70 15.30 8.10 14.10 7.80 18.00 17.70 13.50 2.10
15.60 6.00 11.70 5.70 28.50 12.30 14.70 16.80 29.10 3.30 21.00 6.00 4.50 24.00 5.70 18.30 17.10 25.50 9.30 22.80
19.50 27.60 9.60 1.20 18.00 6.90 12.00 8.40 14.10 0.30 9.60 8.40 9.30 22.50 20.40 13.20 19.50 13.80 3.60 12.60
21.00 19.50 9.30 28.80 5.10 4.80 6.30 22.80 0.60 5.70 25.80 9.60 19.20 26.70 6.00 27.00 6.30 26.40 17.70 26.40
14.10 24.00 2.40 26.10 5.70 3.00 18.00 20.70 11.70 26.40 7.80 29.70 9.00 9.00 18.30 10.20 10.20 3.90 13.50 8.10
11.40 7.80 7.80 17.40 19.50 0.60 23.40 20.10 20.10 19.50 0.60 8.10 27.00 6.30 1.20 17.70 1.80 25.50 4.50 4.50
24.30 7.20 15.00 3.90 12.30 23.70 11.10 27.00 28.80 2.10 16.20 4.20 10.80 21.30 6.60 14.40 6.90 18.30 10.20 21.60
26.40 9.00 15.00 15.90 5.70 21.00 0.90 28.50 11.10 13.50 20.10 24.30 12.60 26.10 1.50 19.80 0.30 27.30 4.20 23.10
19.80 0.60 14.10 15.00 17.70 6.60 27.60 13.50 28.20 20.10 2.40 21.30 0.90 13.80 12.90 12.90 18.60 27.30 13.20 18.60
27.30 2.70 23.70 18.90 21.30 9.60 0.90 28.50 23.70 29.10 13.50 24.90 27.00 23.70 12.90 25.80 15.60 23.70 6.00 15.30
27.00 4.80 0.60 6.00 21.30 13.20 15.90 12.90 9.00 13.50 13.80 25.20 5.40 20.40 19.20 3.30 5.40 2.10 19.80 14.40
29.40 25.80 10.80 15.60 9.00 15.30 13.80 12.90 8.70 9.00 29.70 22.50 6.90 12.30 25.20 5.70 28.20 9.00 19.50 6.60
15.60 0.60 21.60 23.70 14.10 17.40 10.20 4.80 27.00 8.40 0.30 21.90 22.50 11.40 13.20 14.40 28.20 18.90 9.30 29.10
26.40 2.40 17.10 8.70 11.40 2.70 24.00 28.50 24.90 27.60 8.70 3.00 20.40 13.50 2.10 9.00 0.60 9.00 21.30 27.90
25.20 17.10 7.50 0.60 2.70 6.00 27.30 18.60 16.80 8.40 7.20 22.80 11.10 18.90 29.40 17.70 15.60 16.50 10.80 15.30
27.30 16.50 4.50 27.60 20.10 22.50 22.80 24.30 22.50 22.20 20.70 19.80 23.10 27.00 7.80 18.90 25.50 18.60 10.80 25.50
27.00 20.10 27.90 4.20 7.50 22.50 28.20 13.80 28.20 23.40 11.70 17.40 6.00 24.30 20.10 11.70 5.70 24.00 17.40 7.80
10.80 21.60 22.20 2.10 25.50 4.50 3.30 4.80 25.20 28.50 4.50 24.30 15.00 27.30 15.30 21.90 24.00 17.40 5.40 5.10
14.70 0.30 10.20 21.90 10.80 13.50 15.60 6.60 9.30 3.60 11.10 8.70 29.10 15.90 2.70 15.60 8.40 11.10 1.80 16.20
16.80 9.00 28.20 29.40 23.40 13.20 19.20 19.50 27.30 10.80 24.00 22.50 11.10 16.50 21.90 23.10 14.10 5.10 19.80 29.70
15.30 7.50 15.90 29.10 27.90 24.60 16.20 4.20 9.30 1.80 10.80 12.30 3.00 24.90 18.90 18.00 23.10 6.60 12.30 2.40
7.80 13.80 14.40 25.50 2.70 18.00 11.10 17.10 12.90 8.70 24.30 16.20 26.70 6.90 29.70 18.00 20.70 13.80 25.50 1.20
16.80 6.90 20.10 18.30 24.60 4.20 18.30 10.50 18.60 29.70 16.50 2.40 27.30 6.60 1.20 21.30 17.40 26.10 18.60 0.60
17.10 18.90 28.50 2.70 8.70 2.70 29.40 26.40 7.20 4.20 25.20 29.40 29.10 3.30 21.60 7.50 4.80 27.00 3.60 8.70
16.50 1.20 25.20 4.20 3.00 5.70 9.30 21.00 5.10 24.30 12.90 20.40 3.60 28.80 22.20 20.40 21.90 17.10 14.10 24.00
6.90 1.80 0.60 21.00 8.10 1.20 24.30 0.60 0.30 15.90 2.10 5.10 16.80 27.90 23.70 14.10 3.00 29.40 24.60 6.00
17.10 9.00 20.70 13.50 1.20 9.90 23.40 13.80 24.90 10.80 12.90 18.90 4.80 3.30 8.10 24.90 25.20 17.70 22.50 1.80
29.70 12.00 9.00 6.60 27.90 1.50 12.60 15.00 10.20 25.80 23.40 23.10 1.50 6.00 8.40 24.90 18.30 6.60 25.20 25.80
