# nJobs | nMachines
100 10
# Job Weights
61
94
33
82
18
5
89
32
39
69
34
33
1
23
63
34
46
52
1
65
25
38
53
20
27
85
83
17
69
41
48
25
66
98
29
9
54
27
100
77
74
14
18
52
32
67
70
26
98
51
99
81
62
68
54
65
82
82
26
33
17
5
24
63
52
81
64
61
83
70
35
21
90
25
58
93
79
1
9
8
37
74
32
94
17
52
98
31
13
15
62
81
14
8
78
2
61
96
91
3
# P_bar : m1 | m2 | m3 | m4 | m5 | m6 | m7 | m8 | m9 | m10
47 79 94 69 8 15 40 71 64 55
45 92 35 92 9 88 62 79 10 29
28 92 24 13 34 56 38 62 62 20
99 45 29 93 15 27 14 94 58 90
48 88 32 5 30 75 55 71 91 6
24 30 39 35 83 61 89 66 92 20
89 28 73 76 15 69 3 90 49 27
73 95 27 29 98 87 29 64 30 60
34 65 48 47 15 53 53 39 93 61
78 20 18 18 40 40 63 64 44 10
88 16 57 56 63 4 1 47 25 44
2 8 76 5 81 50 72 46 76 16
36 1 44 34 72 97 25 96 43 75
5 46 80 25 4 19 32 79 22 58
50 38 29 7 44 75 85 29 49 75
70 54 12 57 82 57 99 13 27 81
78 36 18 57 86 13 25 22 69 21
50 87 2 79 37 72 75 50 18 96
25 53 24 54 26 63 44 72 69 53
84 82 2 89 63 36 33 6 33 63
38 52 13 91 60 60 37 56 29 72
93 19 11 7 69 52 52 84 66 95
4 66 52 52 5 92 99 52 14 92
56 42 52 44 73 88 37 85 38 14
98 41 2 36 74 59 85 70 15 52
36 87 10 51 89 33 81 97 11 91
80 52 41 40 23 74 91 63 42 51
41 81 40 5 80 17 46 86 62 20
79 63 34 93 94 28 81 60 2 54
54 86 1 54 4 95 46 68 78 55
28 39 2 43 23 25 77 63 94 13
30 80 46 48 53 57 95 78 32 77
70 20 39 62 38 59 13 56 24 66
9 11 43 77 53 83 18 1 58 41
53 89 17 19 70 35 60 83 89 22
56 31 85 49 25 78 44 52 46 44
59 53 14 9 97 92 84 92 29 50
6 49 11 83 76 3 80 42 26 89
74 37 84 42 12 7 30 24 31 90
30 41 46 82 83 66 11 33 46 17
47 27 16 37 47 12 29 8 38 56
68 83 58 28 84 54 75 92 88 25
45 79 53 12 77 68 49 90 70 67
59 89 72 8 78 39 50 74 70 7
95 36 20 46 24 83 38 54 60 64
58 81 79 75 67 59 56 8 15 52
46 91 19 47 39 20 11 57 66 10
18 22 12 33 1 76 58 31 27 32
99 25 76 77 18 88 18 87 78 42
33 83 5 5 68 90 33 75 61 66
96 60 75 55 68 24 67 50 89 39
77 38 99 28 11 80 84 53 62 95
52 65 73 72 48 44 1 71 18 13
46 29 20 83 38 95 45 79 73 37
19 38 70 82 38 45 25 16 69 56
41 25 28 86 23 12 47 77 5 98
97 52 13 38 68 84 31 8 44 90
90 81 89 51 75 27 99 37 14 84
29 10 16 91 89 1 28 75 22 11
58 29 64 96 58 95 59 46 88 70
93 5 92 54 57 77 36 13 29 40
79 7 69 38 86 14 70 79 98 77
32 19 15 55 24 74 77 17 13 45
62 94 81 71 54 56 54 38 60 32
84 15 31 3 81 76 44 9 44 80
93 52 22 41 13 79 32 13 38 26
10 36 37 48 49 92 35 19 8 61
91 4 95 30 81 35 24 6 61 95
61 32 42 30 74 40 13 74 82 42
36 9 65 2 23 40 17 59 69 48
75 62 79 16 42 23 21 69 53 67
76 17 8 6 95 36 97 46 66 19
5 7 46 57 43 82 23 64 31 14
88 42 95 2 9 58 67 36 48 98
14 27 95 78 88 35 38 38 52 99
18 36 59 15 23 67 81 15 97 45
14 37 75 73 28 96 31 19 48 36
35 19 62 26 86 21 54 88 6 72
82 60 56 96 88 9 41 23 25 21
75 34 66 8 6 79 28 63 19 88
70 57 68 4 64 8 38 62 31 50
95 60 58 79 49 62 51 80 25 94
15 48 18 84 85 66 77 7 76 17
60 51 97 88 53 59 6 30 60 11
93 22 94 36 34 19 2 51 71 70
49 18 26 70 86 77 4 72 21 49
33 68 25 81 39 35 89 80 26 52
33 23 86 92 90 48 82 75 19 28
11 94 38 96 33 63 39 38 19 68
25 30 44 82 22 52 16 57 42 51
85 80 73 19 11 66 42 40 23 65
17 50 65 86 4 26 36 92 90 29
40 16 75 50 33 91 1 65 72 32
33 24 4 12 95 60 75 52 26 27
67 74 81 71 74 24 14 66 82 79
35 61 66 28 17 6 22 23 12 30
64 2 27 41 67 7 69 27 83 93
53 59 32 11 82 23 19 40 60 79
12 7 47 95 31 75 90 89 54 9
57 82 69 42 34 4 21 6 95 71
# P_hat : m1 | m2 | m3 | m4 | m5 | m6 | m7 | m8 | m9 | m10
14.10 23.70 28.20 20.70 2.40 4.50 12.00 21.30 19.20 16.50
13.50 27.60 10.50 27.60 2.70 26.40 18.60 23.70 3.00 8.70
8.40 27.60 7.20 3.90 10.20 16.80 11.40 18.60 18.60 6.00
29.70 13.50 8.70 27.90 4.50 8.10 4.20 28.20 17.40 27.00
14.40 26.40 9.60 1.50 9.00 22.50 16.50 21.30 27.30 1.80
7.20 9.00 11.70 10.50 24.90 18.30 26.70 19.80 27.60 6.00
26.70 8.40 21.90 22.80 4.50 20.70 0.90 27.00 14.70 8.10
21.90 28.50 8.10 8.70 29.40 26.10 8.70 19.20 9.00 18.00
10.20 19.50 14.40 14.10 4.50 15.90 15.90 11.70 27.90 18.30
23.40 6.00 5.40 5.40 12.00 12.00 18.90 19.20 13.20 3.00
26.40 4.80 17.10 16.80 18.90 1.20 0.30 14.10 7.50 13.20
0.60 2.40 22.80 1.50 24.30 15.00 21.60 13.80 22.80 4.80
10.80 0.30 13.20 10.20 21.60 29.10 7.50 28.80 12.90 22.50
1.50 13.80 24.00 7.50 1.20 5.70 9.60 23.70 6.60 17.40
15.00 11.40 8.70 2.10 13.20 22.50 25.50 8.70 14.70 22.50
21.00 16.20 3.60 17.10 24.60 17.10 29.70 3.90 8.10 24.30
23.40 10.80 5.40 17.10 25.80 3.90 7.50 6.60 20.70 6.30
15.00 26.10 0.60 23.70 11.10 21.60 22.50 15.00 5.40 28.80
7.50 15.90 7.20 16.20 7.80 18.90 13.20 21.60 20.70 15.90
25.20 24.60 0.60 26.70 18.90 10.80 9.90 1.80 9.90 18.90
11.40 15.60 3.90 27.30 18.00 18.00 11.10 16.80 8.70 21.60
27.90 5.70 3.30 2.10 20.70 15.60 15.60 25.20 19.80 28.50
1.20 19.80 15.60 15.60 1.50 27.60 29.70 15.60 4.20 27.60
16.80 12.60 15.60 13.20 21.90 26.40 11.10 25.50 11.40 4.20
29.40 12.30 0.60 10.80 22.20 17.70 25.50 21.00 4.50 15.60
10.80 26.10 3.00 15.30 26.70 9.90 24.30 29.10 3.30 27.30
24.00 15.60 12.30 12.00 6.90 22.20 27.30 18.90 12.60 15.30
12.30 24.30 12.00 1.50 24.00 5.10 13.80 25.80 18.60 6.00
23.70 18.90 10.20 27.90 28.20 8.40 24.30 18.00 0.60 16.20
16.20 25.80 0.30 16.20 1.20 28.50 13.80 20.40 23.40 16.50
8.40 11.70 0.60 12.90 6.90 7.50 23.10 18.90 28.20 3.90
9.00 24.00 13.80 14.40 15.90 17.10 28.50 23.40 9.60 23.10
21.00 6.00 11.70 18.60 11.40 17.70 3.90 16.80 7.20 19.80
2.70 3.30 12.90 23.10 15.90 24.90 5.40 0.30 17.40 12.30
15.90 26.70 5.10 5.70 21.00 10.50 18.00 24.90 26.70 6.60
16.80 9.30 25.50 14.70 7.50 23.40 13.20 15.60 13.80 13.20
17.70 15.90 4.20 2.70 29.10 27.60 25.20 27.60 8.70 15.00
1.80 14.70 3.30 24.90 22.80 0.90 24.00 12.60 7.80 26.70
22.20 11.10 25.20 12.60 3.60 2.10 9.00 7.20 9.30 27.00
9.00 12.30 13.80 24.60 24.90 19.80 3.30 9.90 13.80 5.10
14.10 8.10 4.80 11.10 14.10 3.60 8.70 2.40 11.40 16.80
20.40 24.90 17.40 8.40 25.20 16.20 22.50 27.60 26.40 7.50
13.50 23.70 15.90 3.60 23.10 20.40 14.70 27.00 21.00 20.10
17.70 26.70 21.60 2.40 23.40 11.70 15.00 22.20 21.00 2.10
28.50 10.80 6.00 13.80 7.20 24.90 11.40 16.20 18.00 19.20
17.40 24.30 23.70 22.50 20.10 17.70 16.80 2.40 4.50 15.60
13.80 27.30 5.70 14.10 11.70 6.00 3.30 17.10 19.80 3.00
5.40 6.60 3.60 9.90 0.30 22.80 17.40 9.30 8.10 9.60
29.70 7.50 22.80 23.10 5.40 26.40 5.40 26.10 23.40 12.60
9.90 24.90 1.50 1.50 20.40 27.00 9.90 22.50 18.30 19.80
28.80 18.00 22.50 16.50 20.40 7.20 20.10 15.00 26.70 11.70
23.10 11.40 29.70 8.40 3.30 24.00 25.20 15.90 18.60 28.50
15.60 19.50 21.90 21.60 14.40 13.20 0.30 21.30 5.40 3.90
13.80 8.70 6.00 24.90 11.40 28.50 13.50 23.70 21.90 11.10
5.70 11.40 21.00 24.60 11.40 13.50 7.50 4.80 20.70 16.80
12.30 7.50 8.40 25.80 6.90 3.60 14.10 23.10 1.50 29.40
29.10 15.60 3.90 11.40 20.40 25.20 9.30 2.40 13.20 27.00
27.00 24.30 26.70 15.30 22.50 8.10 29.70 11.10 4.20 25.20
8.70 3.00 4.80 27.30 26.70 0.30 8.40 22.50 6.60 3.30
17.40 8.70 19.20 28.80 17.40 28.50 17.70 13.80 26.40 21.00
27.90 1.50 27.60 16.20 17.10 23.10 10.80 3.90 8.70 12.00
23.70 2.10 20.70 11.40 25.80 4.20 21.00 23.70 29.40 23.10
9.60 5.70 4.50 16.50 7.20 22.20 23.10 5.10 3.90 13.50
18.60 28.20 24.30 21.30 16.20 16.80 16.20 11.40 18.00 9.60
25.20 4.50 9.30 0.90 24.30 22.80 13.20 2.70 13.20 24.00
27.90 15.60 6.60 12.30 3.90 23.70 9.60 3.90 11.40 7.80
3.00 10.80 11.10 14.40 14.70 27.60 10.50 5.70 2.40 18.30
27.30 1.20 28.50 9.00 24.30 10.50 7.20 1.80 18.30 28.50
18.30 9.60 12.60 9.00 22.20 12.00 3.90 22.20 24.60 12.60
10.80 2.70 19.50 0.60 6.90 12.00 5.10 17.70 20.70 14.40
22.50 18.60 23.70 4.80 12.60 6.90 6.30 20.70 15.90 20.10
22.80 5.10 2.40 1.80 28.50 10.80 29.10 13.80 19.80 5.70
1.50 2.10 13.80 17.10 12.90 24.60 6.90 19.20 9.30 4.20
26.40 12.60 28.50 0.60 2.70 17.40 20.10 10.80 14.40 29.40
4.20 8.10 28.50 23.40 26.40 10.50 11.40 11.40 15.60 29.70
5.40 10.80 17.70 4.50 6.90 20.10 24.30 4.50 29.10 13.50
4.20 11.10 22.50 21.90 8.40 28.80 9.30 5.70 14.40 10.80
10.50 5.70 18.60 7.80 25.80 6.30 16.20 26.40 1.80 21.60
24.60 18.00 16.80 28.80 26.40 2.70 12.30 6.90 7.50 6.30
22.50 10.20 19.80 2.40 1.80 23.70 8.40 18.90 5.70 26.40
21.00 17.10 20.40 1.20 19.20 2.40 11.40 18.60 9.30 15.00
28.50 18.00 17.40 23.70 14.70 18.60 15.30 24.00 7.50 28.20
4.50 14.40 5.40 25.20 25.50 19.80 23.10 2.10 22.80 5.10
18.00 15.30 29.10 26.40 15.90 17.70 1.80 9.00 18.00 3.30
27.90 6.60 28.20 10.80 10.20 5.70 0.60 15.30 21.30 21.00
14.70 5.40 7.80 21.00 25.80 23.10 1.20 21.60 6.30 14.70
9.90 20.40 7.50 24.30 11.70 10.50 26.70 24.00 7.80 15.60
9.90 6.90 25.80 27.60 27.00 14.40 24.60 22.50 5.70 8.40
3.30 28.20 11.40 28.80 9.90 18.90 11.70 11.40 5.70 20.40
7.50 9.00 13.20 24.60 6.60 15.60 4.80 17.10 12.60 15.30
25.50 24.00 21.90 5.70 3.30 19.80 12.60 12.00 6.90 19.50
5.10 15.00 19.50 25.80 1.20 7.80 10.80 27.60 27.00 8.70
12.00 4.80 22.50 15.00 9.90 27.30 0.30 19.50 21.60 9.60
9.90 7.20 1.20 3.60 28.50 18.00 22.50 15.60 7.80 8.10
20.10 22.20 24.30 21.30 22.20 7.20 4.20 19.80 24.60 23.70
10.50 18.30 19.80 8.40 5.10 1.80 6.60 6.90 3.60 9.00
19.20 0.60 8.10 12.30 20.10 2.10 20.70 8.10 24.90 27.90
15.90 17.70 9.60 3.30 24.60 6.90 5.70 12.00 18.00 23.70
3.60 2.10 14.10 28.50 9.30 22.50 27.00 26.70 16.20 2.70
17.10 24.60 20.70 12.60 10.20 1.20 6.30 1.80 28.50 21.30
