# nJobs | nMachines
100 5
# Job Weights
64
8
42
2
30
22
81
25
66
42
96
36
17
27
91
36
99
51
37
41
30
90
32
25
69
79
15
73
61
40
82
15
81
92
85
12
10
28
90
90
61
19
45
80
90
35
81
78
3
29
80
100
27
68
100
52
17
86
12
31
82
37
13
23
77
15
8
61
68
30
21
78
46
37
59
37
8
10
30
81
97
89
30
90
98
84
62
97
10
73
91
9
71
73
3
28
26
34
1
88
# P_bar : m1 | m2 | m3 | m4 | m5
94 65 51 32 15
17 67 20 11 53
1 55 55 34 87
97 35 55 47 5
91 19 15 33 21
9 18 46 7 32
75 35 15 18 53
38 39 60 69 27
34 89 40 95 14
17 57 67 95 29
7 79 46 71 30
62 5 29 27 76
16 33 14 24 58
61 46 35 32 28
31 47 81 1 29
58 46 8 42 43
14 99 55 82 25
29 39 55 95 35
29 7 1 90 83
31 15 62 28 22
52 56 97 36 3
36 32 93 6 10
85 62 58 83 73
68 50 46 17 47
63 99 92 30 87
21 89 62 96 50
15 30 58 32 74
50 24 1 3 7
55 23 18 64 89
73 44 14 67 89
87 83 74 7 72
90 13 29 92 9
41 83 85 50 34
80 73 95 90 7
5 34 11 40 32
18 89 30 96 82
68 18 73 96 77
94 32 24 18 64
51 90 83 92 13
29 73 15 29 55
12 28 77 85 81
69 18 63 39 55
54 81 43 75 37
99 31 40 61 43
1 2 98 10 99
82 3 17 99 39
99 78 89 21 25
87 99 18 85 17
61 71 54 54 13
24 8 33 33 65
54 88 66 52 60
7 76 97 96 70
77 33 61 64 22
78 66 51 22 62
86 3 2 2 37
83 31 51 85 95
65 8 72 49 87
77 63 33 82 18
98 53 46 91 31
33 89 83 13 75
92 63 17 62 23
15 49 16 56 48
59 60 93 63 18
22 53 63 53 5
79 70 39 88 63
44 9 55 95 1
99 16 28 71 25
19 79 78 75 6
32 93 68 21 29
81 69 76 18 27
57 4 48 59 10
53 95 64 17 29
48 87 87 11 53
97 49 26 80 87
3 79 14 51 39
70 14 48 31 46
21 4 78 77 18
51 20 82 84 44
14 10 33 20 24
41 28 22 16 86
91 4 45 19 65
75 91 49 16 45
35 63 90 73 52
54 66 82 12 95
9 25 73 97 22
25 12 70 92 97
27 36 95 65 71
97 94 99 52 31
20 19 64 22 46
20 49 97 62 54
23 19 73 26 59
46 18 44 41 90
76 18 68 56 72
34 53 88 32 65
86 49 21 54 84
30 29 58 60 20
99 42 25 85 17
9 59 1 66 51
91 48 27 10 57
81 3 15 37 72
# P_hat : m1 | m2 | m3 | m4 | m5
28.20 19.50 15.30 9.60 4.50
5.10 20.10 6.00 3.30 15.90
0.30 16.50 16.50 10.20 26.10
29.10 10.50 16.50 14.10 1.50
27.30 5.70 4.50 9.90 6.30
2.70 5.40 13.80 2.10 9.60
22.50 10.50 4.50 5.40 15.90
11.40 11.70 18.00 20.70 8.10
10.20 26.70 12.00 28.50 4.20
5.10 17.10 20.10 28.50 8.70
2.10 23.70 13.80 21.30 9.00
18.60 1.50 8.70 8.10 22.80
4.80 9.90 4.20 7.20 17.40
18.30 13.80 10.50 9.60 8.40
9.30 14.10 24.30 0.30 8.70
17.40 13.80 2.40 12.60 12.90
4.20 29.70 16.50 24.60 7.50
8.70 11.70 16.50 28.50 10.50
8.70 2.10 0.30 27.00 24.90
9.30 4.50 18.60 8.40 6.60
15.60 16.80 29.10 10.80 0.90
10.80 9.60 27.90 1.80 3.00
25.50 18.60 17.40 24.90 21.90
20.40 15.00 13.80 5.10 14.10
18.90 29.70 27.60 9.00 26.10
6.30 26.70 18.60 28.80 15.00
4.50 9.00 17.40 9.60 22.20
15.00 7.20 0.30 0.90 2.10
16.50 6.90 5.40 19.20 26.70
21.90 13.20 4.20 20.10 26.70
26.10 24.90 22.20 2.10 21.60
27.00 3.90 8.70 27.60 2.70
12.30 24.90 25.50 15.00 10.20
24.00 21.90 28.50 27.00 2.10
1.50 10.20 3.30 12.00 9.60
5.40 26.70 9.00 28.80 24.60
20.40 5.40 21.90 28.80 23.10
28.20 9.60 7.20 5.40 19.20
15.30 27.00 24.90 27.60 3.90
8.70 21.90 4.50 8.70 16.50
3.60 8.40 23.10 25.50 24.30
20.70 5.40 18.90 11.70 16.50
16.20 24.30 12.90 22.50 11.10
29.70 9.30 12.00 18.30 12.90
0.30 0.60 29.40 3.00 29.70
24.60 0.90 5.10 29.70 11.70
29.70 23.40 26.70 6.30 7.50
26.10 29.70 5.40 25.50 5.10
18.30 21.30 16.20 16.20 3.90
7.20 2.40 9.90 9.90 19.50
16.20 26.40 19.80 15.60 18.00
2.10 22.80 29.10 28.80 21.00
23.10 9.90 18.30 19.20 6.60
23.40 19.80 15.30 6.60 18.60
25.80 0.90 0.60 0.60 11.10
24.90 9.30 15.30 25.50 28.50
19.50 2.40 21.60 14.70 26.10
23.10 18.90 9.90 24.60 5.40
29.40 15.90 13.80 27.30 9.30
9.90 26.70 24.90 3.90 22.50
27.60 18.90 5.10 18.60 6.90
4.50 14.70 4.80 16.80 14.40
17.70 18.00 27.90 18.90 5.40
6.60 15.90 18.90 15.90 1.50
23.70 21.00 11.70 26.40 18.90
13.20 2.70 16.50 28.50 0.30
29.70 4.80 8.40 21.30 7.50
5.70 23.70 23.40 22.50 1.80
9.60 27.90 20.40 6.30 8.70
24.30 20.70 22.80 5.40 8.10
17.10 1.20 14.40 17.70 3.00
15.90 28.50 19.20 5.10 8.70
14.40 26.10 26.10 3.30 15.90
29.10 14.70 7.80 24.00 26.10
0.90 23.70 4.20 15.30 11.70
21.00 4.20 14.40 9.30 13.80
6.30 1.20 23.40 23.10 5.40
15.30 6.00 24.60 25.20 13.20
4.20 3.00 9.90 6.00 7.20
12.30 8.40 6.60 4.80 25.80
27.30 1.20 13.50 5.70 19.50
22.50 27.30 14.70 4.80 13.50
10.50 18.90 27.00 21.90 15.60
16.20 19.80 24.60 3.60 28.50
2.70 7.50 21.90 29.10 6.60
7.50 3.60 21.00 27.60 29.10
8.10 10.80 28.50 19.50 21.30
29.10 28.20 29.70 15.60 9.30
6.00 5.70 19.20 6.60 13.80
6.00 14.70 29.10 18.60 16.20
6.90 5.70 21.90 7.80 17.70
13.80 5.40 13.20 12.30 27.00
22.80 5.40 20.40 16.80 21.60
10.20 15.90 26.40 9.60 19.50
25.80 14.70 6.30 16.20 25.20
9.00 8.70 17.40 18.00 6.00
29.70 12.60 7.50 25.50 5.10
2.70 17.70 0.30 19.80 15.30
27.30 14.40 8.10 3.00 17.10
24.30 0.90 4.50 11.10 21.60
