# nJobs | nMachines
20 20
# Job Weights
65
21
11
59
36
61
90
44
36
18
90
97
68
39
55
78
12
97
51
20
# P_bar : m1 | m2 | m3 | m4 | m5 | m6 | m7 | m8 | m9 | m10 | m11 | m12 | m13 | m14 | m15 | m16 | m17 | m18 | m19 | m20
72 72 79 95 1 90 37 92 94 15 8 62 89 96 89 54 46 94 40 28
47 45 55 67 83 30 32 82 82 50 35 44 99 47 93 68 88 91 58 23
52 73 95 93 17 88 42 95 24 27 46 89 23 39 74 26 61 88 85 59
40 94 46 90 69 69 3 18 98 12 25 20 34 43 2 47 6 56 69 85
49 76 59 73 72 51 5 85 74 59 41 21 68 45 54 51 33 94 67 4
86 28 89 63 61 7 79 27 98 97 50 72 23 13 60 44 17 13 41 14
75 58 16 25 67 26 33 92 93 38 24 96 31 95 57 21 21 33 6 53
26 98 40 36 83 5 79 77 80 83 46 73 14 89 21 34 27 68 24 14
37 65 28 7 89 1 56 68 25 84 1 34 77 27 65 61 57 27 65 70
29 7 51 26 99 90 96 46 99 54 16 10 97 71 70 52 4 74 20 76
34 77 80 86 5 40 57 57 19 79 65 99 11 43 27 73 14 81 12 41
86 1 95 50 47 78 23 61 34 51 81 46 60 24 93 45 86 11 9 50
96 75 41 80 84 68 19 4 12 93 9 66 21 3 8 45 72 74 4 88
36 46 18 48 76 31 24 58 55 95 82 42 25 22 35 3 10 27 70 58
55 61 14 12 68 91 25 94 71 66 26 33 56 76 9 68 39 51 98 29
41 93 65 57 36 23 73 50 21 12 38 70 86 38 99 46 19 36 10 66
97 79 26 34 30 55 69 31 5 80 77 95 11 82 60 60 71 58 87 19
74 23 5 4 38 14 24 25 61 20 96 57 2 94 38 8 61 39 35 64
55 71 7 99 62 44 19 34 37 28 65 40 77 25 43 6 72 48 90 77
61 46 75 20 61 22 5 80 22 86 43 19 98 72 14 70 94 46 61 25
# P_hat : m1 | m2 | m3 | m4 | m5 | m6 | m7 | m8 | m9 | m10 | m11 | m12 | m13 | m14 | m15 | m16 | m17 | m18 | m19 | m20
28.80 28.80 31.60 38.00 0.40 36.00 14.80 36.80 37.60 6.00 3.20 24.80 35.60 38.40 35.60 21.60 18.40 37.60 16.00 11.20
18.80 18.00 22.00 26.80 33.20 12.00 12.80 32.80 32.80 20.00 14.00 17.60 39.60 18.80 37.20 27.20 35.20 36.40 23.20 9.20
20.80 29.20 38.00 37.20 6.80 35.20 16.80 38.00 9.60 10.80 18.40 35.60 9.20 15.60 29.60 10.40 24.40 35.20 34.00 23.60
16.00 37.60 18.40 36.00 27.60 27.60 1.20 7.20 39.20 4.80 10.00 8.00 13.60 17.20 0.80 18.80 2.40 22.40 27.60 34.00
19.60 30.40 23.60 29.20 28.80 20.40 2.00 34.00 29.60 23.60 16.40 8.40 27.20 18.00 21.60 20.40 13.20 37.60 26.80 1.60
34.40 11.20 35.60 25.20 24.40 2.80 31.60 10.80 39.20 38.80 20.00 28.80 9.20 5.20 24.00 17.60 6.80 5.20 16.40 5.60
30.00 23.20 6.40 10.00 26.80 10.40 13.20 36.80 37.20 15.20 9.60 38.40 12.40 38.00 22.80 8.40 8.40 13.20 2.40 21.20
10.40 39.20 16.00 14.40 33.20 2.00 31.60 30.80 32.00 33.20 18.40 29.20 5.60 35.60 8.40 13.60 10.80 27.20 9.60 5.60
14.80 26.00 11.20 2.80 35.60 0.40 22.40 27.20 10.00 33.60 0.40 13.60 30.80 10.80 26.00 24.40 22.80 10.80 26.00 28.00
11.60 2.80 20.40 10.40 39.60 36.00 38.40 18.40 39.60 21.60 6.40 4.00 38.80 28.40 28.00 20.80 1.60 29.60 8.00 30.40
13.60 30.80 32.00 34.40 2.00 16.00 22.80 22.80 7.60 31.60 26.00 39.60 4.40 17.20 10.80 29.20 5.60 32.40 4.80 16.40
34.40 0.40 38.00 20.00 18.80 31.20 9.20 24.40 13.60 20.40 32.40 18.40 24.00 9.60 37.20 18.00 34.40 4.40 3.60 20.00
38.40 30.00 16.40 32.00 33.60 27.20 7.60 1.60 4.80 37.20 3.60 26.40 8.40 1.20 3.20 18.00 28.80 29.60 1.60 35.20
14.40 18.40 7.20 19.20 30.40 12.40 9.60 23.20 22.00 38.00 32.80 16.80 10.00 8.80 14.00 1.20 4.00 10.80 28.00 23.20
22.00 24.40 5.60 4.80 27.20 36.40 10.00 37.60 28.40 26.40 10.40 13.20 22.40 30.40 3.60 27.20 15.60 20.40 39.20 11.60
16.40 37.20 26.00 22.80 14.40 9.20 29.20 20.00 8.40 4.80 15.20 28.00 34.40 15.20 39.60 18.40 7.60 14.40 4.00 26.40
38.80 31.60 10.40 13.60 12.00 22.00 27.60 12.40 2.00 32.00 30.80 38.00 4.40 32.80 24.00 24.00 28.40 23.20 34.80 7.60
29.60 9.20 2.00 1.60 15.20 5.60 9.60 10.00 24.40 8.00 38.40 22.80 0.80 37.60 15.20 3.20 24.40 15.60 14.00 25.60
22.00 28.40 2.80 39.60 24.80 17.60 7.60 13.60 14.80 11.20 26.00 16.00 30.80 10.00 17.20 2.40 28.80 19.20 36.00 30.80
24.40 18.40 30.00 8.00 24.40 8.80 2.00 32.00 8.80 34.40 17.20 7.60 39.20 28.80 5.60 28.00 37.60 18.40 24.40 10.00
