# nJobs | nMachines
50 5
# Job Weights
65
56
14
50
71
32
92
26
27
12
20
9
22
75
2
75
76
81
2
37
57
9
7
3
97
53
50
97
41
83
36
40
78
84
87
57
70
12
13
79
3
42
85
76
51
71
22
53
91
83
# P_bar : m1 | m2 | m3 | m4 | m5
9 80 28 70 55
19 54 58 1 39
86 73 52 23 86
38 83 11 18 40
71 15 21 42 92
82 5 97 96 2
12 27 49 2 65
20 20 55 52 91
37 75 16 49 67
22 24 4 82 92
97 73 82 4 55
85 88 60 67 40
93 17 5 77 1
33 24 52 24 81
69 53 42 68 2
70 86 61 37 78
29 10 87 28 25
48 30 89 65 27
28 71 76 93 46
76 5 46 68 61
91 11 32 18 46
54 97 18 6 59
71 10 3 49 16
36 84 60 67 41
13 58 34 93 65
44 47 69 3 75
27 69 47 10 69
23 80 95 80 68
95 49 92 44 68
15 74 70 26 23
25 37 71 83 30
88 94 73 4 29
46 51 58 50 37
5 1 17 74 64
38 9 26 14 44
74 16 39 8 69
21 89 60 67 36
36 2 72 18 9
21 80 93 60 45
4 38 27 3 8
96 94 27 43 50
78 93 63 31 10
7 89 59 59 46
72 95 76 69 83
80 95 97 13 91
38 63 85 46 79
17 17 57 53 39
98 98 49 27 83
88 2 60 28 36
78 19 30 63 28
# P_hat : m1 | m2 | m3 | m4 | m5
4.50 40.00 14.00 35.00 27.50
9.50 27.00 29.00 0.50 19.50
43.00 36.50 26.00 11.50 43.00
19.00 41.50 5.50 9.00 20.00
35.50 7.50 10.50 21.00 46.00
41.00 2.50 48.50 48.00 1.00
6.00 13.50 24.50 1.00 32.50
10.00 10.00 27.50 26.00 45.50
18.50 37.50 8.00 24.50 33.50
11.00 12.00 2.00 41.00 46.00
48.50 36.50 41.00 2.00 27.50
42.50 44.00 30.00 33.50 20.00
46.50 8.50 2.50 38.50 0.50
16.50 12.00 26.00 12.00 40.50
34.50 26.50 21.00 34.00 1.00
35.00 43.00 30.50 18.50 39.00
14.50 5.00 43.50 14.00 12.50
24.00 15.00 44.50 32.50 13.50
14.00 35.50 38.00 46.50 23.00
38.00 2.50 23.00 34.00 30.50
45.50 5.50 16.00 9.00 23.00
27.00 48.50 9.00 3.00 29.50
35.50 5.00 1.50 24.50 8.00
18.00 42.00 30.00 33.50 20.50
6.50 29.00 17.00 46.50 32.50
22.00 23.50 34.50 1.50 37.50
13.50 34.50 23.50 5.00 34.50
11.50 40.00 47.50 40.00 34.00
47.50 24.50 46.00 22.00 34.00
7.50 37.00 35.00 13.00 11.50
12.50 18.50 35.50 41.50 15.00
44.00 47.00 36.50 2.00 14.50
23.00 25.50 29.00 25.00 18.50
2.50 0.50 8.50 37.00 32.00
19.00 4.50 13.00 7.00 22.00
37.00 8.00 19.50 4.00 34.50
10.50 44.50 30.00 33.50 18.00
18.00 1.00 36.00 9.00 4.50
10.50 40.00 46.50 30.00 22.50
2.00 19.00 13.50 1.50 4.00
48.00 47.00 13.50 21.50 25.00
39.00 46.50 31.50 15.50 5.00
3.50 44.50 29.50 29.50 23.00
36.00 47.50 38.00 34.50 41.50
40.00 47.50 48.50 6.50 45.50
19.00 31.50 42.50 23.00 39.50
8.50 8.50 28.50 26.50 19.50
49.00 49.00 24.50 13.50 41.50
44.00 1.00 30.00 14.00 18.00
39.00 9.50 15.00 31.50 14.00
