# nJobs | nMachines
100 5
# Job Weights
30
66
19
64
44
38
29
83
11
3
3
20
26
2
28
30
27
1
93
26
37
32
84
7
14
64
88
11
67
34
37
88
73
47
84
68
15
27
4
51
27
99
100
28
37
84
57
94
8
98
37
80
11
73
50
38
68
63
39
12
33
75
45
30
34
28
65
60
58
2
54
59
30
41
7
15
13
82
22
81
58
92
14
48
18
29
44
40
14
36
1
36
43
40
84
19
95
37
64
46
# P_bar : m1 | m2 | m3 | m4 | m5
73 34 8 62 10
84 46 37 86 60
57 97 38 46 34
52 88 30 3 96
66 52 20 22 79
67 49 68 33 62
33 88 4 90 6
62 15 78 94 15
65 55 41 98 94
7 6 2 9 39
6 77 62 84 85
31 49 38 69 17
42 46 95 26 55
82 14 82 22 59
48 35 96 49 48
45 40 56 90 11
79 1 61 81 63
86 70 34 12 98
10 46 1 54 33
47 28 9 53 49
67 73 57 18 41
86 24 80 56 82
64 44 58 43 12
38 55 7 50 61
13 94 56 82 94
69 52 31 18 80
4 40 92 89 84
21 76 84 49 18
25 92 25 20 68
74 22 20 76 6
11 46 65 90 98
85 19 36 64 47
50 18 67 89 6
21 50 96 16 55
93 31 35 3 73
98 41 59 12 70
91 51 76 45 56
26 73 66 67 46
4 22 83 97 50
28 21 37 80 90
61 79 33 97 89
8 93 2 92 88
55 98 95 56 50
68 89 20 50 99
30 44 84 95 41
26 64 43 25 36
81 93 4 52 16
95 66 44 21 84
49 14 74 47 98
6 10 92 4 44
82 36 55 67 42
71 36 98 62 43
61 69 8 63 62
84 79 30 25 49
29 90 18 3 22
44 51 28 55 16
83 81 54 87 14
12 16 68 84 55
54 28 42 28 45
19 26 28 73 20
52 97 12 8 35
59 33 57 38 89
74 77 81 80 7
42 68 19 53 64
60 28 16 70 36
43 46 88 9 5
80 16 75 87 63
34 96 11 33 8
74 59 57 11 76
46 56 99 65 95
40 4 4 92 40
27 52 51 34 51
79 89 26 64 98
1 84 6 96 77
98 42 16 67 92
44 37 71 54 35
8 90 52 26 3
55 51 96 32 56
55 84 89 10 1
27 16 79 91 17
69 39 91 90 70
79 16 57 31 45
97 37 2 7 87
39 19 33 6 37
54 15 42 77 70
75 68 1 91 84
88 7 40 42 69
87 58 76 5 7
97 47 85 46 5
4 27 99 54 97
79 82 65 56 47
59 72 98 1 12
7 1 78 24 54
89 7 61 62 84
61 22 83 47 49
42 40 30 63 89
79 59 14 39 86
85 16 62 63 37
66 7 41 95 52
99 72 91 45 85
# P_hat : m1 | m2 | m3 | m4 | m5
7.30 3.40 0.80 6.20 1.00
8.40 4.60 3.70 8.60 6.00
5.70 9.70 3.80 4.60 3.40
5.20 8.80 3.00 0.30 9.60
6.60 5.20 2.00 2.20 7.90
6.70 4.90 6.80 3.30 6.20
3.30 8.80 0.40 9.00 0.60
6.20 1.50 7.80 9.40 1.50
6.50 5.50 4.10 9.80 9.40
0.70 0.60 0.20 0.90 3.90
0.60 7.70 6.20 8.40 8.50
3.10 4.90 3.80 6.90 1.70
4.20 4.60 9.50 2.60 5.50
8.20 1.40 8.20 2.20 5.90
4.80 3.50 9.60 4.90 4.80
4.50 4.00 5.60 9.00 1.10
7.90 0.10 6.10 8.10 6.30
8.60 7.00 3.40 1.20 9.80
1.00 4.60 0.10 5.40 3.30
4.70 2.80 0.90 5.30 4.90
6.70 7.30 5.70 1.80 4.10
8.60 2.40 8.00 5.60 8.20
6.40 4.40 5.80 4.30 1.20
3.80 5.50 0.70 5.00 6.10
1.30 9.40 5.60 8.20 9.40
6.90 5.20 3.10 1.80 8.00
0.40 4.00 9.20 8.90 8.40
2.10 7.60 8.40 4.90 1.80
2.50 9.20 2.50 2.00 6.80
7.40 2.20 2.00 7.60 0.60
1.10 4.60 6.50 9.00 9.80
8.50 1.90 3.60 6.40 4.70
5.00 1.80 6.70 8.90 0.60
2.10 5.00 9.60 1.60 5.50
9.30 3.10 3.50 0.30 7.30
9.80 4.10 5.90 1.20 7.00
9.10 5.10 7.60 4.50 5.60
2.60 7.30 6.60 6.70 4.60
0.40 2.20 8.30 9.70 5.00
2.80 2.10 3.70 8.00 9.00
6.10 7.90 3.30 9.70 8.90
0.80 9.30 0.20 9.20 8.80
5.50 9.80 9.50 5.60 5.00
6.80 8.90 2.00 5.00 9.90
3.00 4.40 8.40 9.50 4.10
2.60 6.40 4.30 2.50 3.60
8.10 9.30 0.40 5.20 1.60
9.50 6.60 4.40 2.10 8.40
4.90 1.40 7.40 4.70 9.80
0.60 1.00 9.20 0.40 4.40
8.20 3.60 5.50 6.70 4.20
7.10 3.60 9.80 6.20 4.30
6.10 6.90 0.80 6.30 6.20
8.40 7.90 3.00 2.50 4.90
2.90 9.00 1.80 0.30 2.20
4.40 5.10 2.80 5.50 1.60
8.30 8.10 5.40 8.70 1.40
1.20 1.60 6.80 8.40 5.50
5.40 2.80 4.20 2.80 4.50
1.90 2.60 2.80 7.30 2.00
5.20 9.70 1.20 0.80 3.50
5.90 3.30 5.70 3.80 8.90
7.40 7.70 8.10 8.00 0.70
4.20 6.80 1.90 5.30 6.40
6.00 2.80 1.60 7.00 3.60
4.30 4.60 8.80 0.90 0.50
8.00 1.60 7.50 8.70 6.30
3.40 9.60 1.10 3.30 0.80
7.40 5.90 5.70 1.10 7.60
4.60 5.60 9.90 6.50 9.50
4.00 0.40 0.40 9.20 4.00
2.70 5.20 5.10 3.40 5.10
7.90 8.90 2.60 6.40 9.80
0.10 8.40 0.60 9.60 7.70
9.80 4.20 1.60 6.70 9.20
4.40 3.70 7.10 5.40 3.50
0.80 9.00 5.20 2.60 0.30
5.50 5.10 9.60 3.20 5.60
5.50 8.40 8.90 1.00 0.10
2.70 1.60 7.90 9.10 1.70
6.90 3.90 9.10 9.00 7.00
7.90 1.60 5.70 3.10 4.50
9.70 3.70 0.20 0.70 8.70
3.90 1.90 3.30 0.60 3.70
5.40 1.50 4.20 7.70 7.00
7.50 6.80 0.10 9.10 8.40
8.80 0.70 4.00 4.20 6.90
8.70 5.80 7.60 0.50 0.70
9.70 4.70 8.50 4.60 0.50
0.40 2.70 9.90 5.40 9.70
7.90 8.20 6.50 5.60 4.70
5.90 7.20 9.80 0.10 1.20
0.70 0.10 7.80 2.40 5.40
8.90 0.70 6.10 6.20 8.40
6.10 2.20 8.30 4.70 4.90
4.20 4.00 3.00 6.30 8.90
7.90 5.90 1.40 3.90 8.60
8.50 1.60 6.20 6.30 3.70
6.60 0.70 4.10 9.50 5.20
9.90 7.20 9.10 4.50 8.50
