# nJobs | nMachines
100 5
# Job Weights
98
33
13
40
100
9
1
4
41
59
73
15
57
67
40
25
23
2
44
35
3
30
11
100
51
69
22
64
44
69
1
29
53
81
59
40
77
79
51
40
7
47
4
23
89
32
97
45
46
33
55
71
77
81
28
82
78
48
75
75
70
78
15
99
55
79
99
46
39
79
35
72
54
57
67
77
96
62
58
7
2
60
7
10
3
24
22
86
67
25
77
18
39
59
18
20
99
38
78
39
# P_bar : m1 | m2 | m3 | m4 | m5
69 78 28 55 39
53 26 54 57 81
81 41 66 50 33
70 62 30 42 63
96 28 77 18 60
25 54 69 95 73
24 27 50 68 61
95 38 85 22 74
30 64 62 33 8
40 66 80 15 49
37 82 58 4 93
5 78 77 66 90
88 52 55 50 37
74 18 80 6 18
95 1 94 81 55
26 54 6 45 6
96 43 22 61 3
3 48 33 33 80
44 67 66 53 65
3 8 55 69 37
8 36 57 3 12
44 38 49 61 17
13 32 82 40 21
92 74 75 72 59
2 96 91 28 60
69 34 14 42 94
48 56 72 69 24
23 28 72 42 19
96 66 77 73 81
92 93 83 46 54
56 51 27 75 9
15 28 61 75 49
47 63 57 35 41
41 84 78 75 41
96 25 23 1 85
35 85 60 74 56
56 1 33 3 49
34 42 49 13 6
80 12 63 66 81
73 42 25 51 60
96 23 87 72 76
81 85 36 9 1
32 77 18 45 30
55 7 70 73 84
22 43 8 32 46
43 84 68 19 2
26 76 50 98 64
20 85 89 93 76
53 29 5 27 75
63 96 28 8 49
33 3 5 55 37
47 44 27 7 44
93 88 51 89 80
68 17 53 36 47
8 44 20 41 35
51 17 48 35 15
18 35 45 35 9
80 16 61 36 31
17 2 73 13 63
88 16 32 85 14
72 68 44 21 13
97 40 35 33 55
36 76 81 33 16
58 33 75 21 42
35 92 21 3 18
56 70 8 10 52
13 6 20 51 63
73 53 86 81 28
5 57 64 65 65
12 47 56 29 73
12 41 86 15 72
17 50 87 60 62
21 97 9 60 31
44 66 58 87 97
34 33 78 87 67
61 96 39 36 17
99 4 15 19 69
54 12 25 73 11
18 26 43 57 46
2 89 10 27 39
13 29 83 14 65
17 10 32 49 89
60 15 5 49 69
90 59 49 37 24
36 54 23 37 3
52 92 12 83 62
88 39 56 86 97
56 52 35 13 46
34 95 34 10 44
97 4 66 44 89
80 35 31 42 47
8 42 54 98 90
84 19 6 3 59
17 74 37 99 41
43 45 69 21 13
30 7 1 19 23
19 60 92 71 16
38 29 63 65 45
76 48 28 96 42
88 76 50 36 96
# P_hat : m1 | m2 | m3 | m4 | m5
34.50 39.00 14.00 27.50 19.50
26.50 13.00 27.00 28.50 40.50
40.50 20.50 33.00 25.00 16.50
35.00 31.00 15.00 21.00 31.50
48.00 14.00 38.50 9.00 30.00
12.50 27.00 34.50 47.50 36.50
12.00 13.50 25.00 34.00 30.50
47.50 19.00 42.50 11.00 37.00
15.00 32.00 31.00 16.50 4.00
20.00 33.00 40.00 7.50 24.50
18.50 41.00 29.00 2.00 46.50
2.50 39.00 38.50 33.00 45.00
44.00 26.00 27.50 25.00 18.50
37.00 9.00 40.00 3.00 9.00
47.50 0.50 47.00 40.50 27.50
13.00 27.00 3.00 22.50 3.00
48.00 21.50 11.00 30.50 1.50
1.50 24.00 16.50 16.50 40.00
22.00 33.50 33.00 26.50 32.50
1.50 4.00 27.50 34.50 18.50
4.00 18.00 28.50 1.50 6.00
22.00 19.00 24.50 30.50 8.50
6.50 16.00 41.00 20.00 10.50
46.00 37.00 37.50 36.00 29.50
1.00 48.00 45.50 14.00 30.00
34.50 17.00 7.00 21.00 47.00
24.00 28.00 36.00 34.50 12.00
11.50 14.00 36.00 21.00 9.50
48.00 33.00 38.50 36.50 40.50
46.00 46.50 41.50 23.00 27.00
28.00 25.50 13.50 37.50 4.50
7.50 14.00 30.50 37.50 24.50
23.50 31.50 28.50 17.50 20.50
20.50 42.00 39.00 37.50 20.50
48.00 12.50 11.50 0.50 42.50
17.50 42.50 30.00 37.00 28.00
28.00 0.50 16.50 1.50 24.50
17.00 21.00 24.50 6.50 3.00
40.00 6.00 31.50 33.00 40.50
36.50 21.00 12.50 25.50 30.00
48.00 11.50 43.50 36.00 38.00
40.50 42.50 18.00 4.50 0.50
16.00 38.50 9.00 22.50 15.00
27.50 3.50 35.00 36.50 42.00
11.00 21.50 4.00 16.00 23.00
21.50 42.00 34.00 9.50 1.00
13.00 38.00 25.00 49.00 32.00
10.00 42.50 44.50 46.50 38.00
26.50 14.50 2.50 13.50 37.50
31.50 48.00 14.00 4.00 24.50
16.50 1.50 2.50 27.50 18.50
23.50 22.00 13.50 3.50 22.00
46.50 44.00 25.50 44.50 40.00
34.00 8.50 26.50 18.00 23.50
4.00 22.00 10.00 20.50 17.50
25.50 8.50 24.00 17.50 7.50
9.00 17.50 22.50 17.50 4.50
40.00 8.00 30.50 18.00 15.50
8.50 1.00 36.50 6.50 31.50
44.00 8.00 16.00 42.50 7.00
36.00 34.00 22.00 10.50 6.50
48.50 20.00 17.50 16.50 27.50
18.00 38.00 40.50 16.50 8.00
29.00 16.50 37.50 10.50 21.00
17.50 46.00 10.50 1.50 9.00
28.00 35.00 4.00 5.00 26.00
6.50 3.00 10.00 25.50 31.50
36.50 26.50 43.00 40.50 14.00
2.50 28.50 32.00 32.50 32.50
6.00 23.50 28.00 14.50 36.50
6.00 20.50 43.00 7.50 36.00
8.50 25.00 43.50 30.00 31.00
10.50 48.50 4.50 30.00 15.50
22.00 33.00 29.00 43.50 48.50
17.00 16.50 39.00 43.50 33.50
30.50 48.00 19.50 18.00 8.50
49.50 2.00 7.50 9.50 34.50
27.00 6.00 12.50 36.50 5.50
9.00 13.00 21.50 28.50 23.00
1.00 44.50 5.00 13.50 19.50
6.50 14.50 41.50 7.00 32.50
8.50 5.00 16.00 24.50 44.50
30.00 7.50 2.50 24.50 34.50
45.00 29.50 24.50 18.50 12.00
18.00 27.00 11.50 18.50 1.50
26.00 46.00 6.00 41.50 31.00
44.00 19.50 28.00 43.00 48.50
28.00 26.00 17.50 6.50 23.00
17.00 47.50 17.00 5.00 22.00
48.50 2.00 33.00 22.00 44.50
40.00 17.50 15.50 21.00 23.50
4.00 21.00 27.00 49.00 45.00
42.00 9.50 3.00 1.50 29.50
8.50 37.00 18.50 49.50 20.50
21.50 22.50 34.50 10.50 6.50
15.00 3.50 0.50 9.50 11.50
9.50 30.00 46.00 35.50 8.00
19.00 14.50 31.50 32.50 22.50
38.00 24.00 14.00 48.00 21.00
44.00 38.00 25.00 18.00 48.00
