# nJobs | nMachines
50 10
# Job Weights
57
43
38
59
27
57
36
23
99
51
46
83
59
75
55
23
40
84
9
100
30
70
19
16
4
6
43
94
13
85
95
3
87
24
48
8
83
48
71
44
42
37
62
83
82
76
7
21
18
64
# P_bar : m1 | m2 | m3 | m4 | m5 | m6 | m7 | m8 | m9 | m10
29 39 19 98 20 58 59 59 76 77
28 38 6 38 79 44 66 60 72 34
63 12 72 80 35 53 35 72 23 66
73 83 73 84 67 11 61 54 74 3
99 98 43 28 65 92 70 97 99 52
55 31 3 15 20 50 17 71 74 3
79 37 47 46 30 37 98 43 71 51
82 48 34 67 23 57 40 92 27 89
2 59 28 78 85 14 46 71 81 78
45 28 32 39 55 64 88 53 75 62
45 91 7 85 32 63 93 28 47 40
41 88 29 93 45 16 11 97 90 8
26 51 89 22 94 9 33 55 17 32
87 62 84 22 84 97 65 91 59 37
52 99 33 36 48 86 15 33 91 14
10 43 95 67 56 87 67 12 27 80
42 7 64 7 46 77 41 12 69 10
72 10 9 83 90 20 1 36 29 43
59 77 44 78 73 60 90 73 79 87
45 35 23 68 2 83 8 78 95 27
54 28 45 75 8 72 16 7 20 85
71 98 68 7 62 29 12 3 88 36
44 17 88 65 49 3 86 4 54 11
49 75 96 23 86 27 71 87 46 27
78 82 56 32 97 33 53 84 46 9
7 89 43 13 34 3 13 16 82 16
57 48 11 38 2 41 32 12 50 57
10 60 95 51 19 61 64 84 10 87
63 26 94 79 66 63 53 2 53 58
73 52 99 50 23 52 51 34 69 25
91 65 56 25 1 69 58 9 25 52
22 10 3 83 26 97 95 98 2 92
63 27 2 6 47 45 6 83 29 67
98 25 23 16 10 4 93 98 51 1
92 6 75 36 75 72 47 70 12 69
91 96 17 16 39 19 22 3 65 37
28 16 46 43 18 66 83 76 85 93
86 57 83 66 57 35 4 16 48 20
76 98 98 79 95 43 17 49 73 21
36 38 30 40 70 72 17 27 1 53
29 66 23 8 11 28 86 20 4 37
5 91 77 71 42 46 16 24 46 98
77 70 12 77 9 73 59 61 80 68
81 83 12 31 61 12 43 48 72 74
73 49 15 83 81 74 1 49 96 7
65 7 70 31 75 41 18 34 47 64
72 54 78 76 94 59 87 97 22 24
61 25 13 9 31 42 27 92 9 85
32 6 22 45 48 47 94 62 90 31
61 87 90 76 88 23 57 81 58 51
# P_hat : m1 | m2 | m3 | m4 | m5 | m6 | m7 | m8 | m9 | m10
5.80 7.80 3.80 19.60 4.00 11.60 11.80 11.80 15.20 15.40
5.60 7.60 1.20 7.60 15.80 8.80 13.20 12.00 14.40 6.80
12.60 2.40 14.40 16.00 7.00 10.60 7.00 14.40 4.60 13.20
14.60 16.60 14.60 16.80 13.40 2.20 12.20 10.80 14.80 0.60
19.80 19.60 8.60 5.60 13.00 18.40 14.00 19.40 19.80 10.40
11.00 6.20 0.60 3.00 4.00 10.00 3.40 14.20 14.80 0.60
15.80 7.40 9.40 9.20 6.00 7.40 19.60 8.60 14.20 10.20
16.40 9.60 6.80 13.40 4.60 11.40 8.00 18.40 5.40 17.80
0.40 11.80 5.60 15.60 17.00 2.80 9.20 14.20 16.20 15.60
9.00 5.60 6.40 7.80 11.00 12.80 17.60 10.60 15.00 12.40
9.00 18.20 1.40 17.00 6.40 12.60 18.60 5.60 9.40 8.00
8.20 17.60 5.80 18.60 9.00 3.20 2.20 19.40 18.00 1.60
5.20 10.20 17.80 4.40 18.80 1.80 6.60 11.00 3.40 6.40
17.40 12.40 16.80 4.40 16.80 19.40 13.00 18.20 11.80 7.40
10.40 19.80 6.60 7.20 9.60 17.20 3.00 6.60 18.20 2.80
2.00 8.60 19.00 13.40 11.20 17.40 13.40 2.40 5.40 16.00
8.40 1.40 12.80 1.40 9.20 15.40 8.20 2.40 13.80 2.00
14.40 2.00 1.80 16.60 18.00 4.00 0.20 7.20 5.80 8.60
11.80 15.40 8.80 15.60 14.60 12.00 18.00 14.60 15.80 17.40
9.00 7.00 4.60 13.60 0.40 16.60 1.60 15.60 19.00 5.40
10.80 5.60 9.00 15.00 1.60 14.40 3.20 1.40 4.00 17.00
14.20 19.60 13.60 1.40 12.40 5.80 2.40 0.60 17.60 7.20
8.80 3.40 17.60 13.00 9.80 0.60 17.20 0.80 10.80 2.20
9.80 15.00 19.20 4.60 17.20 5.40 14.20 17.40 9.20 5.40
15.60 16.40 11.20 6.40 19.40 6.60 10.60 16.80 9.20 1.80
1.40 17.80 8.60 2.60 6.80 0.60 2.60 3.20 16.40 3.20
11.40 9.60 2.20 7.60 0.40 8.20 6.40 2.40 10.00 11.40
2.00 12.00 19.00 10.20 3.80 12.20 12.80 16.80 2.00 17.40
12.60 5.20 18.80 15.80 13.20 12.60 10.60 0.40 10.60 11.60
14.60 10.40 19.80 10.00 4.60 10.40 10.20 6.80 13.80 5.00
18.20 13.00 11.20 5.00 0.20 13.80 11.60 1.80 5.00 10.40
4.40 2.00 0.60 16.60 5.20 19.40 19.00 19.60 0.40 18.40
12.60 5.40 0.40 1.20 9.40 9.00 1.20 16.60 5.80 13.40
19.60 5.00 4.60 3.20 2.00 0.80 18.60 19.60 10.20 0.20
18.40 1.20 15.00 7.20 15.00 14.40 9.40 14.00 2.40 13.80
18.20 19.20 3.40 3.20 7.80 3.80 4.40 0.60 13.00 7.40
5.60 3.20 9.20 8.60 3.60 13.20 16.60 15.20 17.00 18.60
17.20 11.40 16.60 13.20 11.40 7.00 0.80 3.20 9.60 4.00
15.20 19.60 19.60 15.80 19.00 8.60 3.40 9.80 14.60 4.20
7.20 7.60 6.00 8.00 14.00 14.40 3.40 5.40 0.20 10.60
5.80 13.20 4.60 1.60 2.20 5.60 17.20 4.00 0.80 7.40
1.00 18.20 15.40 14.20 8.40 9.20 3.20 4.80 9.20 19.60
15.40 14.00 2.40 15.40 1.80 14.60 11.80 12.20 16.00 13.60
16.20 16.60 2.40 6.20 12.20 2.40 8.60 9.60 14.40 14.80
14.60 9.80 3.00 16.60 16.20 14.80 0.20 9.80 19.20 1.40
13.00 1.40 14.00 6.20 15.00 8.20 3.60 6.80 9.40 12.80
14.40 10.80 15.60 15.20 18.80 11.80 17.40 19.40 4.40 4.80
12.20 5.00 2.60 1.80 6.20 8.40 5.40 18.40 1.80 17.00
6.40 1.20 4.40 9.00 9.60 9.40 18.80 12.40 18.00 6.20
12.20 17.40 18.00 15.20 17.60 4.60 11.40 16.20 11.60 10.20
