# nJobs | nMachines
50 5
# Job Weights
45
49
23
52
40
32
4
81
48
100
75
95
88
1
55
66
10
93
46
81
5
10
83
24
28
56
65
96
86
98
100
57
95
40
1
31
41
98
27
53
54
36
58
48
41
2
15
62
99
87
# P_bar : m1 | m2 | m3 | m4 | m5
38 5 26 66 93
23 13 40 41 95
13 36 84 74 48
1 54 84 62 71
10 76 74 70 30
76 40 39 30 22
49 67 65 66 3
2 31 15 11 22
81 35 71 51 82
43 48 92 43 35
51 85 44 32 56
71 41 27 23 14
29 82 93 20 88
44 95 2 1 41
26 15 55 54 4
27 24 44 55 52
27 77 55 65 17
56 6 23 22 95
21 79 25 99 15
76 36 1 97 85
88 18 51 21 12
9 21 12 63 11
33 34 47 45 24
6 42 98 70 71
40 74 41 41 46
64 46 18 6 59
5 1 44 70 16
5 88 72 33 33
7 29 88 97 53
5 95 60 32 22
76 67 29 28 49
63 41 99 54 44
35 98 2 63 76
94 31 17 16 88
65 25 79 12 45
25 70 6 2 52
6 62 29 50 31
87 45 89 48 66
60 59 4 34 17
33 68 70 75 68
67 22 10 45 99
81 81 79 2 78
93 44 64 39 87
98 80 92 4 45
9 88 42 46 78
94 25 79 11 51
49 93 56 66 87
27 61 94 59 4
62 1 26 28 45
90 97 93 74 9
# P_hat : m1 | m2 | m3 | m4 | m5
19.00 2.50 13.00 33.00 46.50
11.50 6.50 20.00 20.50 47.50
6.50 18.00 42.00 37.00 24.00
0.50 27.00 42.00 31.00 35.50
5.00 38.00 37.00 35.00 15.00
38.00 20.00 19.50 15.00 11.00
24.50 33.50 32.50 33.00 1.50
1.00 15.50 7.50 5.50 11.00
40.50 17.50 35.50 25.50 41.00
21.50 24.00 46.00 21.50 17.50
25.50 42.50 22.00 16.00 28.00
35.50 20.50 13.50 11.50 7.00
14.50 41.00 46.50 10.00 44.00
22.00 47.50 1.00 0.50 20.50
13.00 7.50 27.50 27.00 2.00
13.50 12.00 22.00 27.50 26.00
13.50 38.50 27.50 32.50 8.50
28.00 3.00 11.50 11.00 47.50
10.50 39.50 12.50 49.50 7.50
38.00 18.00 0.50 48.50 42.50
44.00 9.00 25.50 10.50 6.00
4.50 10.50 6.00 31.50 5.50
16.50 17.00 23.50 22.50 12.00
3.00 21.00 49.00 35.00 35.50
20.00 37.00 20.50 20.50 23.00
32.00 23.00 9.00 3.00 29.50
2.50 0.50 22.00 35.00 8.00
2.50 44.00 36.00 16.50 16.50
3.50 14.50 44.00 48.50 26.50
2.50 47.50 30.00 16.00 11.00
38.00 33.50 14.50 14.00 24.50
31.50 20.50 49.50 27.00 22.00
17.50 49.00 1.00 31.50 38.00
47.00 15.50 8.50 8.00 44.00
32.50 12.50 39.50 6.00 22.50
12.50 35.00 3.00 1.00 26.00
3.00 31.00 14.50 25.00 15.50
43.50 22.50 44.50 24.00 33.00
30.00 29.50 2.00 17.00 8.50
16.50 34.00 35.00 37.50 34.00
33.50 11.00 5.00 22.50 49.50
40.50 40.50 39.50 1.00 39.00
46.50 22.00 32.00 19.50 43.50
49.00 40.00 46.00 2.00 22.50
4.50 44.00 21.00 23.00 39.00
47.00 12.50 39.50 5.50 25.50
24.50 46.50 28.00 33.00 43.50
13.50 30.50 47.00 29.50 2.00
31.00 0.50 13.00 14.00 22.50
45.00 48.50 46.50 37.00 4.50
