# nJobs | nMachines
50 10
# Job Weights
13
53
1
11
35
50
87
83
43
87
65
75
36
41
96
27
58
39
54
26
4
4
67
65
62
100
14
67
78
64
41
32
66
32
26
69
32
8
84
99
17
33
85
94
95
67
59
42
78
61
# P_bar : m1 | m2 | m3 | m4 | m5 | m6 | m7 | m8 | m9 | m10
46 61 3 51 37 79 83 22 27 24
52 87 1 24 16 93 87 29 92 47
79 51 58 21 42 68 38 99 75 39
45 25 85 57 47 75 38 25 94 66
97 73 33 69 94 37 86 98 18 41
10 93 71 51 14 44 67 55 41 46
44 28 58 50 94 34 23 80 37 24
24 90 56 51 34 39 19 82 58 23
85 94 64 21 72 76 97 33 56 68
75 59 43 19 36 62 78 68 20 50
66 64 48 63 88 74 66 47 2 93
49 2 69 91 51 28 67 74 39 22
95 16 96 11 41 78 7 26 91 64
61 35 35 6 71 43 23 61 81 81
19 53 82 31 94 98 67 95 33 94
47 40 53 63 99 83 8 55 14 97
84 81 64 36 11 91 77 11 88 54
13 26 11 39 97 27 71 42 22 82
11 85 61 57 44 6 85 72 36 11
19 4 36 47 77 82 29 14 65 91
98 4 53 56 69 60 49 8 79 23
2 10 87 65 91 44 3 98 23 32
85 63 88 59 38 43 94 90 66 26
44 96 10 4 25 76 76 36 5 22
7 55 32 10 87 99 95 75 15 12
73 71 38 12 7 66 48 69 51 23
19 66 25 62 66 11 4 26 2 34
69 94 24 43 54 35 37 24 81 87
12 7 90 49 86 52 82 55 12 59
73 15 7 54 49 8 57 98 40 2
85 11 11 87 3 40 61 86 59 38
23 99 49 29 48 62 6 30 32 84
53 37 2 2 44 25 97 92 16 62
16 50 76 18 93 24 5 94 87 10
88 56 17 75 37 30 27 66 78 11
8 69 32 39 82 1 95 47 41 93
26 22 39 77 31 73 46 3 43 57
42 56 9 69 59 27 92 41 94 81
58 67 83 15 78 16 46 41 1 10
63 63 69 78 33 91 52 47 93 40
7 96 67 68 36 33 8 89 22 62
2 74 28 37 3 11 11 28 93 49
44 4 88 22 58 99 7 39 62 90
38 42 23 41 10 2 54 80 53 34
24 40 91 92 98 60 72 47 30 11
76 30 71 67 6 90 57 57 34 81
85 93 3 24 44 36 85 74 27 51
61 36 26 87 62 62 22 38 30 21
32 25 41 91 24 15 87 59 54 39
90 87 96 31 94 3 65 5 77 27
# P_hat : m1 | m2 | m3 | m4 | m5 | m6 | m7 | m8 | m9 | m10
9.20 12.20 0.60 10.20 7.40 15.80 16.60 4.40 5.40 4.80
10.40 17.40 0.20 4.80 3.20 18.60 17.40 5.80 18.40 9.40
15.80 10.20 11.60 4.20 8.40 13.60 7.60 19.80 15.00 7.80
9.00 5.00 17.00 11.40 9.40 15.00 7.60 5.00 18.80 13.20
19.40 14.60 6.60 13.80 18.80 7.40 17.20 19.60 3.60 8.20
2.00 18.60 14.20 10.20 2.80 8.80 13.40 11.00 8.20 9.20
8.80 5.60 11.60 10.00 18.80 6.80 4.60 16.00 7.40 4.80
4.80 18.00 11.20 10.20 6.80 7.80 3.80 16.40 11.60 4.60
17.00 18.80 12.80 4.20 14.40 15.20 19.40 6.60 11.20 13.60
15.00 11.80 8.60 3.80 7.20 12.40 15.60 13.60 4.00 10.00
13.20 12.80 9.60 12.60 17.60 14.80 13.20 9.40 0.40 18.60
9.80 0.40 13.80 18.20 10.20 5.60 13.40 14.80 7.80 4.40
19.00 3.20 19.20 2.20 8.20 15.60 1.40 5.20 18.20 12.80
12.20 7.00 7.00 1.20 14.20 8.60 4.60 12.20 16.20 16.20
3.80 10.60 16.40 6.20 18.80 19.60 13.40 19.00 6.60 18.80
9.40 8.00 10.60 12.60 19.80 16.60 1.60 11.00 2.80 19.40
16.80 16.20 12.80 7.20 2.20 18.20 15.40 2.20 17.60 10.80
2.60 5.20 2.20 7.80 19.40 5.40 14.20 8.40 4.40 16.40
2.20 17.00 12.20 11.40 8.80 1.20 17.00 14.40 7.20 2.20
3.80 0.80 7.20 9.40 15.40 16.40 5.80 2.80 13.00 18.20
19.60 0.80 10.60 11.20 13.80 12.00 9.80 1.60 15.80 4.60
0.40 2.00 17.40 13.00 18.20 8.80 0.60 19.60 4.60 6.40
17.00 12.60 17.60 11.80 7.60 8.60 18.80 18.00 13.20 5.20
8.80 19.20 2.00 0.80 5.00 15.20 15.20 7.20 1.00 4.40
1.40 11.00 6.40 2.00 17.40 19.80 19.00 15.00 3.00 2.40
14.60 14.20 7.60 2.40 1.40 13.20 9.60 13.80 10.20 4.60
3.80 13.20 5.00 12.40 13.20 2.20 0.80 5.20 0.40 6.80
13.80 18.80 4.80 8.60 10.80 7.00 7.40 4.80 16.20 17.40
2.40 1.40 18.00 9.80 17.20 10.40 16.40 11.00 2.40 11.80
14.60 3.00 1.40 10.80 9.80 1.60 11.40 19.60 8.00 0.40
17.00 2.20 2.20 17.40 0.60 8.00 12.20 17.20 11.80 7.60
4.60 19.80 9.80 5.80 9.60 12.40 1.20 6.00 6.40 16.80
10.60 7.40 0.40 0.40 8.80 5.00 19.40 18.40 3.20 12.40
3.20 10.00 15.20 3.60 18.60 4.80 1.00 18.80 17.40 2.00
17.60 11.20 3.40 15.00 7.40 6.00 5.40 13.20 15.60 2.20
1.60 13.80 6.40 7.80 16.40 0.20 19.00 9.40 8.20 18.60
5.20 4.40 7.80 15.40 6.20 14.60 9.20 0.60 8.60 11.40
8.40 11.20 1.80 13.80 11.80 5.40 18.40 8.20 18.80 16.20
11.60 13.40 16.60 3.00 15.60 3.20 9.20 8.20 0.20 2.00
12.60 12.60 13.80 15.60 6.60 18.20 10.40 9.40 18.60 8.00
1.40 19.20 13.40 13.60 7.20 6.60 1.60 17.80 4.40 12.40
0.40 14.80 5.60 7.40 0.60 2.20 2.20 5.60 18.60 9.80
8.80 0.80 17.60 4.40 11.60 19.80 1.40 7.80 12.40 18.00
7.60 8.40 4.60 8.20 2.00 0.40 10.80 16.00 10.60 6.80
4.80 8.00 18.20 18.40 19.60 12.00 14.40 9.40 6.00 2.20
15.20 6.00 14.20 13.40 1.20 18.00 11.40 11.40 6.80 16.20
17.00 18.60 0.60 4.80 8.80 7.20 17.00 14.80 5.40 10.20
12.20 7.20 5.20 17.40 12.40 12.40 4.40 7.60 6.00 4.20
6.40 5.00 8.20 18.20 4.80 3.00 17.40 11.80 10.80 7.80
18.00 17.40 19.20 6.20 18.80 0.60 13.00 1.00 15.40 5.40
