# nJobs | nMachines
100 5
# Job Weights
86
94
67
76
20
39
85
40
88
88
85
47
63
54
38
44
57
37
84
59
4
72
52
59
45
81
34
47
67
77
65
73
20
89
43
28
30
79
26
15
25
44
77
81
20
22
97
10
73
94
80
20
84
72
36
49
9
72
20
57
21
26
62
89
65
8
91
49
39
40
28
93
93
50
100
65
65
11
13
34
66
7
25
97
11
36
12
96
52
62
12
91
92
33
86
62
31
52
14
13
# P_bar : m1 | m2 | m3 | m4 | m5
31 28 55 71 32
37 1 91 85 28
48 98 82 53 73
7 12 92 10 30
22 29 84 54 72
18 18 54 61 56
95 31 60 86 83
98 93 21 11 21
21 13 32 79 33
79 84 11 15 40
99 26 26 47 51
81 27 60 54 73
65 94 71 78 15
55 60 94 54 87
46 91 85 44 12
56 23 25 69 69
93 35 10 40 7
88 52 16 95 2
43 28 23 35 91
52 87 21 78 70
68 8 14 62 26
11 95 65 93 16
69 8 75 70 82
27 47 24 8 16
65 75 46 84 97
85 99 54 43 99
55 85 69 59 28
49 50 28 44 56
3 15 93 30 29
53 75 76 77 67
25 64 82 77 69
29 41 71 34 68
33 49 63 80 78
35 16 85 37 87
56 40 16 88 73
89 64 22 9 87
36 65 81 73 98
50 64 43 98 28
30 26 96 13 60
9 87 8 19 54
53 89 50 53 99
29 55 78 88 52
26 43 71 39 7
55 11 46 23 68
62 83 81 11 40
93 75 95 17 27
31 14 6 6 12
13 52 36 3 49
62 86 17 1 60
76 14 46 74 61
41 10 54 87 48
82 45 10 77 49
1 90 82 25 31
1 46 91 26 58
65 49 30 13 92
65 55 93 3 16
23 27 15 78 57
33 70 17 45 42
7 71 34 29 82
14 69 19 7 46
74 62 14 60 35
81 90 45 62 94
60 30 4 61 33
35 91 64 95 85
73 76 14 39 71
83 55 3 53 70
24 68 65 78 87
42 77 69 6 43
61 77 48 25 23
9 1 2 10 28
67 48 51 71 79
55 34 7 7 13
58 48 13 28 89
48 59 70 96 45
38 5 76 42 75
55 74 91 63 85
30 77 87 98 86
76 4 96 35 34
47 93 14 93 20
4 87 31 60 47
3 74 78 89 11
57 81 22 84 14
32 29 50 80 30
62 6 36 8 81
61 18 86 59 29
72 16 83 53 64
67 84 32 58 73
59 75 54 64 94
57 80 98 88 29
80 38 21 66 8
97 34 94 72 84
73 11 72 72 33
75 13 66 81 18
58 84 96 11 95
74 17 2 75 70
32 53 26 90 85
87 19 4 90 15
6 93 54 42 93
47 71 25 96 62
65 66 27 7 74
# P_hat : m1 | m2 | m3 | m4 | m5
3.10 2.80 5.50 7.10 3.20
3.70 0.10 9.10 8.50 2.80
4.80 9.80 8.20 5.30 7.30
0.70 1.20 9.20 1.00 3.00
2.20 2.90 8.40 5.40 7.20
1.80 1.80 5.40 6.10 5.60
9.50 3.10 6.00 8.60 8.30
9.80 9.30 2.10 1.10 2.10
2.10 1.30 3.20 7.90 3.30
7.90 8.40 1.10 1.50 4.00
9.90 2.60 2.60 4.70 5.10
8.10 2.70 6.00 5.40 7.30
6.50 9.40 7.10 7.80 1.50
5.50 6.00 9.40 5.40 8.70
4.60 9.10 8.50 4.40 1.20
5.60 2.30 2.50 6.90 6.90
9.30 3.50 1.00 4.00 0.70
8.80 5.20 1.60 9.50 0.20
4.30 2.80 2.30 3.50 9.10
5.20 8.70 2.10 7.80 7.00
6.80 0.80 1.40 6.20 2.60
1.10 9.50 6.50 9.30 1.60
6.90 0.80 7.50 7.00 8.20
2.70 4.70 2.40 0.80 1.60
6.50 7.50 4.60 8.40 9.70
8.50 9.90 5.40 4.30 9.90
5.50 8.50 6.90 5.90 2.80
4.90 5.00 2.80 4.40 5.60
0.30 1.50 9.30 3.00 2.90
5.30 7.50 7.60 7.70 6.70
2.50 6.40 8.20 7.70 6.90
2.90 4.10 7.10 3.40 6.80
3.30 4.90 6.30 8.00 7.80
3.50 1.60 8.50 3.70 8.70
5.60 4.00 1.60 8.80 7.30
8.90 6.40 2.20 0.90 8.70
3.60 6.50 8.10 7.30 9.80
5.00 6.40 4.30 9.80 2.80
3.00 2.60 9.60 1.30 6.00
0.90 8.70 0.80 1.90 5.40
5.30 8.90 5.00 5.30 9.90
2.90 5.50 7.80 8.80 5.20
2.60 4.30 7.10 3.90 0.70
5.50 1.10 4.60 2.30 6.80
6.20 8.30 8.10 1.10 4.00
9.30 7.50 9.50 1.70 2.70
3.10 1.40 0.60 0.60 1.20
1.30 5.20 3.60 0.30 4.90
6.20 8.60 1.70 0.10 6.00
7.60 1.40 4.60 7.40 6.10
4.10 1.00 5.40 8.70 4.80
8.20 4.50 1.00 7.70 4.90
0.10 9.00 8.20 2.50 3.10
0.10 4.60 9.10 2.60 5.80
6.50 4.90 3.00 1.30 9.20
6.50 5.50 9.30 0.30 1.60
2.30 2.70 1.50 7.80 5.70
3.30 7.00 1.70 4.50 4.20
0.70 7.10 3.40 2.90 8.20
1.40 6.90 1.90 0.70 4.60
7.40 6.20 1.40 6.00 3.50
8.10 9.00 4.50 6.20 9.40
6.00 3.00 0.40 6.10 3.30
3.50 9.10 6.40 9.50 8.50
7.30 7.60 1.40 3.90 7.10
8.30 5.50 0.30 5.30 7.00
2.40 6.80 6.50 7.80 8.70
4.20 7.70 6.90 0.60 4.30
6.10 7.70 4.80 2.50 2.30
0.90 0.10 0.20 1.00 2.80
6.70 4.80 5.10 7.10 7.90
5.50 3.40 0.70 0.70 1.30
5.80 4.80 1.30 2.80 8.90
4.80 5.90 7.00 9.60 4.50
3.80 0.50 7.60 4.20 7.50
5.50 7.40 9.10 6.30 8.50
3.00 7.70 8.70 9.80 8.60
7.60 0.40 9.60 3.50 3.40
4.70 9.30 1.40 9.30 2.00
0.40 8.70 3.10 6.00 4.70
0.30 7.40 7.80 8.90 1.10
5.70 8.10 2.20 8.40 1.40
3.20 2.90 5.00 8.00 3.00
6.20 0.60 3.60 0.80 8.10
6.10 1.80 8.60 5.90 2.90
7.20 1.60 8.30 5.30 6.40
6.70 8.40 3.20 5.80 7.30
5.90 7.50 5.40 6.40 9.40
5.70 8.00 9.80 8.80 2.90
8.00 3.80 2.10 6.60 0.80
9.70 3.40 9.40 7.20 8.40
7.30 1.10 7.20 7.20 3.30
7.50 1.30 6.60 8.10 1.80
5.80 8.40 9.60 1.10 9.50
7.40 1.70 0.20 7.50 7.00
3.20 5.30 2.60 9.00 8.50
8.70 1.90 0.40 9.00 1.50
0.60 9.30 5.40 4.20 9.30
4.70 7.10 2.50 9.60 6.20
6.50 6.60 2.70 0.70 7.40
