# nJobs | nMachines
50 10
# Job Weights
64
97
75
17
20
48
50
29
36
71
54
50
43
88
12
2
38
20
92
75
31
67
57
46
96
44
41
68
83
80
25
6
79
24
58
11
53
74
18
95
52
54
86
79
24
45
63
11
29
37
# P_bar : m1 | m2 | m3 | m4 | m5 | m6 | m7 | m8 | m9 | m10
16 13 42 37 68 24 51 8 59 67
90 27 21 43 3 1 57 54 85 99
63 27 21 87 58 57 82 15 73 57
73 9 90 77 57 86 47 47 87 47
57 88 54 39 49 35 82 73 87 93
17 3 64 35 13 9 14 33 89 35
29 29 55 49 72 55 79 73 48 32
16 96 93 66 13 8 57 35 57 77
94 39 1 35 13 93 88 45 59 28
47 15 36 2 5 11 79 75 73 75
24 61 16 38 88 39 22 83 66 95
39 76 7 73 38 10 72 12 95 15
2 79 98 28 82 84 58 59 61 18
5 67 20 97 41 80 78 95 13 97
75 6 83 20 61 59 18 96 79 37
7 61 77 46 85 37 48 75 88 53
74 32 39 85 81 80 72 62 19 97
96 76 63 53 53 69 38 44 18 73
94 96 72 78 65 13 71 43 21 60
44 59 47 73 89 19 82 30 33 39
63 85 21 72 50 25 61 47 11 48
38 36 98 82 78 92 73 36 8 9
22 23 97 59 38 45 50 65 8 17
76 72 86 24 82 14 56 85 83 83
2 71 7 6 38 73 95 1 13 10
11 44 81 94 38 85 16 71 89 2
71 88 5 67 85 75 6 13 63 66
94 58 56 66 55 96 7 54 64 50
77 51 57 30 64 33 86 2 53 36
57 73 15 33 47 17 21 82 28 45
45 10 7 32 87 76 27 16 17 86
58 85 85 51 66 96 44 15 2 8
16 16 77 38 5 4 64 14 77 47
96 41 14 8 16 16 32 49 61 52
41 40 23 82 48 9 46 68 73 98
52 57 10 63 29 66 37 28 69 22
57 85 93 77 67 46 39 87 23 55
39 73 57 73 72 64 96 85 56 62
74 9 58 66 5 3 44 90 78 23
35 24 31 65 79 93 70 17 65 82
52 94 92 75 30 74 41 54 85 32
42 4 6 17 64 29 56 59 99 20
82 96 37 22 3 68 44 25 52 38
43 37 77 34 80 38 27 23 78 23
47 84 80 3 11 86 41 60 8 40
34 2 41 8 99 90 66 60 58 55
96 94 18 87 32 50 87 68 51 79
13 21 68 50 25 11 42 70 43 66
33 4 81 76 84 64 7 80 52 97
58 73 41 16 12 4 54 4 41 29
# P_hat : m1 | m2 | m3 | m4 | m5 | m6 | m7 | m8 | m9 | m10
6.40 5.20 16.80 14.80 27.20 9.60 20.40 3.20 23.60 26.80
36.00 10.80 8.40 17.20 1.20 0.40 22.80 21.60 34.00 39.60
25.20 10.80 8.40 34.80 23.20 22.80 32.80 6.00 29.20 22.80
29.20 3.60 36.00 30.80 22.80 34.40 18.80 18.80 34.80 18.80
22.80 35.20 21.60 15.60 19.60 14.00 32.80 29.20 34.80 37.20
6.80 1.20 25.60 14.00 5.20 3.60 5.60 13.20 35.60 14.00
11.60 11.60 22.00 19.60 28.80 22.00 31.60 29.20 19.20 12.80
6.40 38.40 37.20 26.40 5.20 3.20 22.80 14.00 22.80 30.80
37.60 15.60 0.40 14.00 5.20 37.20 35.20 18.00 23.60 11.20
18.80 6.00 14.40 0.80 2.00 4.40 31.60 30.00 29.20 30.00
9.60 24.40 6.40 15.20 35.20 15.60 8.80 33.20 26.40 38.00
15.60 30.40 2.80 29.20 15.20 4.00 28.80 4.80 38.00 6.00
0.80 31.60 39.20 11.20 32.80 33.60 23.20 23.60 24.40 7.20
2.00 26.80 8.00 38.80 16.40 32.00 31.20 38.00 5.20 38.80
30.00 2.40 33.20 8.00 24.40 23.60 7.20 38.40 31.60 14.80
2.80 24.40 30.80 18.40 34.00 14.80 19.20 30.00 35.20 21.20
29.60 12.80 15.60 34.00 32.40 32.00 28.80 24.80 7.60 38.80
38.40 30.40 25.20 21.20 21.20 27.60 15.20 17.60 7.20 29.20
37.60 38.40 28.80 31.20 26.00 5.20 28.40 17.20 8.40 24.00
17.60 23.60 18.80 29.20 35.60 7.60 32.80 12.00 13.20 15.60
25.20 34.00 8.40 28.80 20.00 10.00 24.40 18.80 4.40 19.20
15.20 14.40 39.20 32.80 31.20 36.80 29.20 14.40 3.20 3.60
8.80 9.20 38.80 23.60 15.20 18.00 20.00 26.00 3.20 6.80
30.40 28.80 34.40 9.60 32.80 5.60 22.40 34.00 33.20 33.20
0.80 28.40 2.80 2.40 15.20 29.20 38.00 0.40 5.20 4.00
4.40 17.60 32.40 37.60 15.20 34.00 6.40 28.40 35.60 0.80
28.40 35.20 2.00 26.80 34.00 30.00 2.40 5.20 25.20 26.40
37.60 23.20 22.40 26.40 22.00 38.40 2.80 21.60 25.60 20.00
30.80 20.40 22.80 12.00 25.60 13.20 34.40 0.80 21.20 14.40
22.80 29.20 6.00 13.20 18.80 6.80 8.40 32.80 11.20 18.00
18.00 4.00 2.80 12.80 34.80 30.40 10.80 6.40 6.80 34.40
23.20 34.00 34.00 20.40 26.40 38.40 17.60 6.00 0.80 3.20
6.40 6.40 30.80 15.20 2.00 1.60 25.60 5.60 30.80 18.80
38.40 16.40 5.60 3.20 6.40 6.40 12.80 19.60 24.40 20.80
16.40 16.00 9.20 32.80 19.20 3.60 18.40 27.20 29.20 39.20
20.80 22.80 4.00 25.20 11.60 26.40 14.80 11.20 27.60 8.80
22.80 34.00 37.20 30.80 26.80 18.40 15.60 34.80 9.20 22.00
15.60 29.20 22.80 29.20 28.80 25.60 38.40 34.00 22.40 24.80
29.60 3.60 23.20 26.40 2.00 1.20 17.60 36.00 31.20 9.20
14.00 9.60 12.40 26.00 31.60 37.20 28.00 6.80 26.00 32.80
20.80 37.60 36.80 30.00 12.00 29.60 16.40 21.60 34.00 12.80
16.80 1.60 2.40 6.80 25.60 11.60 22.40 23.60 39.60 8.00
32.80 38.40 14.80 8.80 1.20 27.20 17.60 10.00 20.80 15.20
17.20 14.80 30.80 13.60 32.00 15.20 10.80 9.20 31.20 9.20
18.80 33.60 32.00 1.20 4.40 34.40 16.40 24.00 3.20 16.00
13.60 0.80 16.40 3.20 39.60 36.00 26.40 24.00 23.20 22.00
38.40 37.60 7.20 34.80 12.80 20.00 34.80 27.20 20.40 31.60
5.20 8.40 27.20 20.00 10.00 4.40 16.80 28.00 17.20 26.40
13.20 1.60 32.40 30.40 33.60 25.60 2.80 32.00 20.80 38.80
23.20 29.20 16.40 6.40 4.80 1.60 21.60 1.60 16.40 11.60
