# nJobs | nMachines
100 5
# Job Weights
24
63
36
49
5
30
67
30
82
61
92
38
14
71
74
98
63
72
27
93
99
14
91
47
30
56
1
60
92
26
31
58
69
64
82
22
56
42
65
34
97
55
16
24
44
6
29
11
92
4
54
15
96
10
84
44
48
48
81
12
83
10
20
99
23
3
95
35
20
5
36
67
52
91
65
72
93
11
51
60
56
56
58
13
96
81
65
53
72
79
30
37
43
78
87
8
90
66
17
77
# P_bar : m1 | m2 | m3 | m4 | m5
14 21 3 9 6
28 16 24 18 52
71 40 75 42 73
57 45 31 29 71
82 1 52 30 48
68 97 53 60 53
58 17 73 56 68
61 65 3 30 72
84 51 60 73 91
7 35 26 44 74
31 22 43 42 35
12 27 69 10 34
75 78 65 48 41
91 23 58 96 86
47 46 40 95 86
53 6 46 65 19
35 85 54 3 49
89 29 40 31 11
64 63 72 39 60
67 7 71 92 25
1 5 91 71 73
70 9 74 24 25
52 99 44 75 44
31 31 25 11 45
74 83 18 63 51
37 74 83 40 68
83 31 99 40 25
21 76 9 74 12
28 66 52 37 53
46 73 75 8 73
79 79 88 88 24
95 48 58 90 39
27 69 21 30 47
71 81 72 62 45
24 89 95 60 35
99 75 73 3 69
7 74 72 40 32
68 8 64 79 94
35 62 82 38 4
83 36 91 97 6
36 24 13 13 99
89 86 98 23 93
79 94 38 99 30
64 67 44 43 24
51 85 94 99 72
97 39 47 92 9
3 43 49 74 72
9 92 32 97 78
94 87 81 42 37
45 23 54 21 18
17 1 21 73 79
56 19 52 90 20
58 49 99 16 40
49 32 83 45 89
32 75 3 97 81
49 74 30 7 86
26 19 57 47 28
53 25 54 33 21
67 5 74 77 94
31 75 29 91 53
72 71 45 10 53
71 80 97 22 46
93 72 3 22 31
23 60 55 3 84
42 64 81 82 79
79 36 47 4 91
19 23 71 57 87
43 7 37 21 45
26 52 98 97 23
71 8 48 58 59
17 87 96 27 75
37 5 11 25 52
93 44 48 38 45
11 37 5 49 21
21 66 65 13 59
79 74 2 68 21
51 6 40 43 9
26 44 29 60 61
85 30 23 25 6
41 78 96 63 58
76 99 11 48 71
28 34 55 13 69
76 77 33 36 2
40 51 44 71 50
83 57 67 27 55
18 68 22 14 92
74 27 33 11 29
8 36 96 87 2
75 36 90 27 94
66 70 69 6 57
50 66 11 63 36
16 79 23 61 74
14 74 37 55 87
12 63 30 62 32
98 47 6 34 76
71 40 66 17 86
47 28 94 11 22
22 44 19 28 29
71 30 18 46 90
44 48 57 63 44
# P_hat : m1 | m2 | m3 | m4 | m5
1.40 2.10 0.30 0.90 0.60
2.80 1.60 2.40 1.80 5.20
7.10 4.00 7.50 4.20 7.30
5.70 4.50 3.10 2.90 7.10
8.20 0.10 5.20 3.00 4.80
6.80 9.70 5.30 6.00 5.30
5.80 1.70 7.30 5.60 6.80
6.10 6.50 0.30 3.00 7.20
8.40 5.10 6.00 7.30 9.10
0.70 3.50 2.60 4.40 7.40
3.10 2.20 4.30 4.20 3.50
1.20 2.70 6.90 1.00 3.40
7.50 7.80 6.50 4.80 4.10
9.10 2.30 5.80 9.60 8.60
4.70 4.60 4.00 9.50 8.60
5.30 0.60 4.60 6.50 1.90
3.50 8.50 5.40 0.30 4.90
8.90 2.90 4.00 3.10 1.10
6.40 6.30 7.20 3.90 6.00
6.70 0.70 7.10 9.20 2.50
0.10 0.50 9.10 7.10 7.30
7.00 0.90 7.40 2.40 2.50
5.20 9.90 4.40 7.50 4.40
3.10 3.10 2.50 1.10 4.50
7.40 8.30 1.80 6.30 5.10
3.70 7.40 8.30 4.00 6.80
8.30 3.10 9.90 4.00 2.50
2.10 7.60 0.90 7.40 1.20
2.80 6.60 5.20 3.70 5.30
4.60 7.30 7.50 0.80 7.30
7.90 7.90 8.80 8.80 2.40
9.50 4.80 5.80 9.00 3.90
2.70 6.90 2.10 3.00 4.70
7.10 8.10 7.20 6.20 4.50
2.40 8.90 9.50 6.00 3.50
9.90 7.50 7.30 0.30 6.90
0.70 7.40 7.20 4.00 3.20
6.80 0.80 6.40 7.90 9.40
3.50 6.20 8.20 3.80 0.40
8.30 3.60 9.10 9.70 0.60
3.60 2.40 1.30 1.30 9.90
8.90 8.60 9.80 2.30 9.30
7.90 9.40 3.80 9.90 3.00
6.40 6.70 4.40 4.30 2.40
5.10 8.50 9.40 9.90 7.20
9.70 3.90 4.70 9.20 0.90
0.30 4.30 4.90 7.40 7.20
0.90 9.20 3.20 9.70 7.80
9.40 8.70 8.10 4.20 3.70
4.50 2.30 5.40 2.10 1.80
1.70 0.10 2.10 7.30 7.90
5.60 1.90 5.20 9.00 2.00
5.80 4.90 9.90 1.60 4.00
4.90 3.20 8.30 4.50 8.90
3.20 7.50 0.30 9.70 8.10
4.90 7.40 3.00 0.70 8.60
2.60 1.90 5.70 4.70 2.80
5.30 2.50 5.40 3.30 2.10
6.70 0.50 7.40 7.70 9.40
3.10 7.50 2.90 9.10 5.30
7.20 7.10 4.50 1.00 5.30
7.10 8.00 9.70 2.20 4.60
9.30 7.20 0.30 2.20 3.10
2.30 6.00 5.50 0.30 8.40
4.20 6.40 8.10 8.20 7.90
7.90 3.60 4.70 0.40 9.10
1.90 2.30 7.10 5.70 8.70
4.30 0.70 3.70 2.10 4.50
2.60 5.20 9.80 9.70 2.30
7.10 0.80 4.80 5.80 5.90
1.70 8.70 9.60 2.70 7.50
3.70 0.50 1.10 2.50 5.20
9.30 4.40 4.80 3.80 4.50
1.10 3.70 0.50 4.90 2.10
2.10 6.60 6.50 1.30 5.90
7.90 7.40 0.20 6.80 2.10
5.10 0.60 4.00 4.30 0.90
2.60 4.40 2.90 6.00 6.10
8.50 3.00 2.30 2.50 0.60
4.10 7.80 9.60 6.30 5.80
7.60 9.90 1.10 4.80 7.10
2.80 3.40 5.50 1.30 6.90
7.60 7.70 3.30 3.60 0.20
4.00 5.10 4.40 7.10 5.00
8.30 5.70 6.70 2.70 5.50
1.80 6.80 2.20 1.40 9.20
7.40 2.70 3.30 1.10 2.90
0.80 3.60 9.60 8.70 0.20
7.50 3.60 9.00 2.70 9.40
6.60 7.00 6.90 0.60 5.70
5.00 6.60 1.10 6.30 3.60
1.60 7.90 2.30 6.10 7.40
1.40 7.40 3.70 5.50 8.70
1.20 6.30 3.00 6.20 3.20
9.80 4.70 0.60 3.40 7.60
7.10 4.00 6.60 1.70 8.60
4.70 2.80 9.40 1.10 2.20
2.20 4.40 1.90 2.80 2.90
7.10 3.00 1.80 4.60 9.00
4.40 4.80 5.70 6.30 4.40
