# nJobs | nMachines
20 10
# Job Weights
7
27
50
89
52
56
70
3
47
90
1
75
69
89
26
50
18
100
67
43
# P_bar : m1 | m2 | m3 | m4 | m5 | m6 | m7 | m8 | m9 | m10
47 80 51 63 60 70 39 33 5 9
77 46 79 22 20 96 75 1 37 14
66 37 35 47 13 56 66 59 72 37
13 86 63 46 64 22 89 85 6 54
77 85 18 72 67 44 56 1 90 14
20 67 67 16 25 83 42 85 71 53
29 22 73 35 39 66 90 65 47 27
11 67 2 2 40 56 77 47 60 64
85 20 23 22 72 27 76 13 93 25
98 1 59 50 28 52 43 12 17 79
36 39 46 58 36 46 14 23 65 30
92 25 12 46 60 83 3 21 12 33
99 1 17 19 2 76 57 89 97 5
65 41 87 82 8 25 98 51 29 96
34 74 35 69 33 28 47 34 41 1
35 39 27 14 85 26 35 62 3 51
42 2 71 94 51 98 58 6 46 42
28 20 11 39 6 64 6 22 33 78
28 3 97 62 5 66 95 75 55 70
5 29 83 27 72 15 9 22 10 91
# P_hat : m1 | m2 | m3 | m4 | m5 | m6 | m7 | m8 | m9 | m10
9.40 16.00 10.20 12.60 12.00 14.00 7.80 6.60 1.00 1.80
15.40 9.20 15.80 4.40 4.00 19.20 15.00 0.20 7.40 2.80
13.20 7.40 7.00 9.40 2.60 11.20 13.20 11.80 14.40 7.40
2.60 17.20 12.60 9.20 12.80 4.40 17.80 17.00 1.20 10.80
15.40 17.00 3.60 14.40 13.40 8.80 11.20 0.20 18.00 2.80
4.00 13.40 13.40 3.20 5.00 16.60 8.40 17.00 14.20 10.60
5.80 4.40 14.60 7.00 7.80 13.20 18.00 13.00 9.40 5.40
2.20 13.40 0.40 0.40 8.00 11.20 15.40 9.40 12.00 12.80
17.00 4.00 4.60 4.40 14.40 5.40 15.20 2.60 18.60 5.00
19.60 0.20 11.80 10.00 5.60 10.40 8.60 2.40 3.40 15.80
7.20 7.80 9.20 11.60 7.20 9.20 2.80 4.60 13.00 6.00
18.40 5.00 2.40 9.20 12.00 16.60 0.60 4.20 2.40 6.60
19.80 0.20 3.40 3.80 0.40 15.20 11.40 17.80 19.40 1.00
13.00 8.20 17.40 16.40 1.60 5.00 19.60 10.20 5.80 19.20
6.80 14.80 7.00 13.80 6.60 5.60 9.40 6.80 8.20 0.20
7.00 7.80 5.40 2.80 17.00 5.20 7.00 12.40 0.60 10.20
8.40 0.40 14.20 18.80 10.20 19.60 11.60 1.20 9.20 8.40
5.60 4.00 2.20 7.80 1.20 12.80 1.20 4.40 6.60 15.60
5.60 0.60 19.40 12.40 1.00 13.20 19.00 15.00 11.00 14.00
1.00 5.80 16.60 5.40 14.40 3.00 1.80 4.40 2.00 18.20
