# nJobs | nMachines
100 5
# Job Weights
89
27
100
42
45
83
25
58
12
57
62
24
77
40
75
41
73
90
68
38
88
73
48
46
23
26
51
70
86
8
45
23
59
15
16
35
6
18
5
84
52
67
81
29
90
25
56
90
8
95
75
13
55
24
82
20
62
72
75
27
79
17
28
64
51
7
64
48
30
25
20
49
70
21
81
53
35
66
30
97
69
81
76
47
87
30
78
28
28
23
27
65
86
34
58
42
8
49
39
1
# P_bar : m1 | m2 | m3 | m4 | m5
37 54 28 11 65
45 85 1 5 64
97 52 75 37 94
90 79 36 55 90
54 78 27 55 33
69 16 19 83 41
12 92 62 62 24
29 82 76 58 24
47 28 78 75 10
21 2 70 57 47
60 48 24 27 21
45 34 12 29 83
5 48 23 55 14
6 20 44 71 81
41 81 84 41 86
38 44 50 11 82
35 12 96 14 7
69 40 15 78 36
74 15 60 79 33
83 86 41 69 62
31 61 64 88 2
39 59 54 54 48
17 21 28 78 12
29 71 94 10 88
17 22 73 27 82
50 35 64 43 28
58 81 64 76 34
8 41 63 9 3
56 53 67 70 99
27 18 12 98 70
88 12 51 9 60
7 24 56 83 50
89 16 78 66 35
98 52 34 32 38
69 93 43 25 83
73 44 71 7 22
22 86 61 60 69
82 9 4 5 44
85 83 17 15 9
48 37 36 28 89
18 42 38 27 47
6 46 60 23 14
3 13 79 31 24
19 28 66 96 14
12 95 28 74 33
57 23 84 60 70
34 67 95 19 99
83 59 43 38 15
71 75 23 37 96
94 90 51 56 23
30 66 30 37 27
54 88 60 61 15
39 68 31 75 37
32 50 34 72 99
11 30 1 8 8
64 70 46 54 41
39 18 84 27 41
45 53 22 52 43
39 1 57 84 66
41 34 16 37 16
8 82 39 50 37
34 41 49 63 97
53 84 71 64 86
84 64 41 31 16
56 66 3 45 46
48 97 72 88 34
63 71 24 22 85
29 17 26 16 59
79 37 80 61 29
22 29 72 82 29
67 24 61 47 30
89 97 66 63 51
81 6 72 99 49
25 83 65 53 72
32 40 93 31 69
70 36 74 41 51
15 67 21 88 11
45 53 82 37 98
38 68 87 23 63
58 20 76 59 80
35 36 80 84 81
50 30 31 3 86
56 95 20 77 55
41 92 90 90 74
81 57 68 10 43
40 75 31 16 93
94 92 31 57 98
51 94 11 25 24
33 28 22 49 62
13 65 66 13 50
70 9 69 50 68
26 23 61 97 65
34 30 94 59 69
11 63 1 59 17
29 86 23 70 49
87 30 48 15 29
1 61 45 26 70
43 28 92 68 46
12 92 40 79 53
52 10 69 49 66
# P_hat : m1 | m2 | m3 | m4 | m5
7.40 10.80 5.60 2.20 13.00
9.00 17.00 0.20 1.00 12.80
19.40 10.40 15.00 7.40 18.80
18.00 15.80 7.20 11.00 18.00
10.80 15.60 5.40 11.00 6.60
13.80 3.20 3.80 16.60 8.20
2.40 18.40 12.40 12.40 4.80
5.80 16.40 15.20 11.60 4.80
9.40 5.60 15.60 15.00 2.00
4.20 0.40 14.00 11.40 9.40
12.00 9.60 4.80 5.40 4.20
9.00 6.80 2.40 5.80 16.60
1.00 9.60 4.60 11.00 2.80
1.20 4.00 8.80 14.20 16.20
8.20 16.20 16.80 8.20 17.20
7.60 8.80 10.00 2.20 16.40
7.00 2.40 19.20 2.80 1.40
13.80 8.00 3.00 15.60 7.20
14.80 3.00 12.00 15.80 6.60
16.60 17.20 8.20 13.80 12.40
6.20 12.20 12.80 17.60 0.40
7.80 11.80 10.80 10.80 9.60
3.40 4.20 5.60 15.60 2.40
5.80 14.20 18.80 2.00 17.60
3.40 4.40 14.60 5.40 16.40
10.00 7.00 12.80 8.60 5.60
11.60 16.20 12.80 15.20 6.80
1.60 8.20 12.60 1.80 0.60
11.20 10.60 13.40 14.00 19.80
5.40 3.60 2.40 19.60 14.00
17.60 2.40 10.20 1.80 12.00
1.40 4.80 11.20 16.60 10.00
17.80 3.20 15.60 13.20 7.00
19.60 10.40 6.80 6.40 7.60
13.80 18.60 8.60 5.00 16.60
14.60 8.80 14.20 1.40 4.40
4.40 17.20 12.20 12.00 13.80
16.40 1.80 0.80 1.00 8.80
17.00 16.60 3.40 3.00 1.80
9.60 7.40 7.20 5.60 17.80
3.60 8.40 7.60 5.40 9.40
1.20 9.20 12.00 4.60 2.80
0.60 2.60 15.80 6.20 4.80
3.80 5.60 13.20 19.20 2.80
2.40 19.00 5.60 14.80 6.60
11.40 4.60 16.80 12.00 14.00
6.80 13.40 19.00 3.80 19.80
16.60 11.80 8.60 7.60 3.00
14.20 15.00 4.60 7.40 19.20
18.80 18.00 10.20 11.20 4.60
6.00 13.20 6.00 7.40 5.40
10.80 17.60 12.00 12.20 3.00
7.80 13.60 6.20 15.00 7.40
6.40 10.00 6.80 14.40 19.80
2.20 6.00 0.20 1.60 1.60
12.80 14.00 9.20 10.80 8.20
7.80 3.60 16.80 5.40 8.20
9.00 10.60 4.40 10.40 8.60
7.80 0.20 11.40 16.80 13.20
8.20 6.80 3.20 7.40 3.20
1.60 16.40 7.80 10.00 7.40
6.80 8.20 9.80 12.60 19.40
10.60 16.80 14.20 12.80 17.20
16.80 12.80 8.20 6.20 3.20
11.20 13.20 0.60 9.00 9.20
9.60 19.40 14.40 17.60 6.80
12.60 14.20 4.80 4.40 17.00
5.80 3.40 5.20 3.20 11.80
15.80 7.40 16.00 12.20 5.80
4.40 5.80 14.40 16.40 5.80
13.40 4.80 12.20 9.40 6.00
17.80 19.40 13.20 12.60 10.20
16.20 1.20 14.40 19.80 9.80
5.00 16.60 13.00 10.60 14.40
6.40 8.00 18.60 6.20 13.80
14.00 7.20 14.80 8.20 10.20
3.00 13.40 4.20 17.60 2.20
9.00 10.60 16.40 7.40 19.60
7.60 13.60 17.40 4.60 12.60
11.60 4.00 15.20 11.80 16.00
7.00 7.20 16.00 16.80 16.20
10.00 6.00 6.20 0.60 17.20
11.20 19.00 4.00 15.40 11.00
8.20 18.40 18.00 18.00 14.80
16.20 11.40 13.60 2.00 8.60
8.00 15.00 6.20 3.20 18.60
18.80 18.40 6.20 11.40 19.60
10.20 18.80 2.20 5.00 4.80
6.60 5.60 4.40 9.80 12.40
2.60 13.00 13.20 2.60 10.00
14.00 1.80 13.80 10.00 13.60
5.20 4.60 12.20 19.40 13.00
6.80 6.00 18.80 11.80 13.80
2.20 12.60 0.20 11.80 3.40
5.80 17.20 4.60 14.00 9.80
17.40 6.00 9.60 3.00 5.80
0.20 12.20 9.00 5.20 14.00
8.60 5.60 18.40 13.60 9.20
2.40 18.40 8.00 15.80 10.60
10.40 2.00 13.80 9.80 13.20
