# nJobs | nMachines
20 20
# Job Weights
3
71
24
31
31
2
17
63
68
12
14
62
3
23
20
54
14
58
20
69
# P_bar : m1 | m2 | m3 | m4 | m5 | m6 | m7 | m8 | m9 | m10 | m11 | m12 | m13 | m14 | m15 | m16 | m17 | m18 | m19 | m20
46 98 7 64 11 3 53 67 63 87 37 69 36 74 40 83 49 8 47 86
52 2 2 2 99 1 87 28 91 29 16 91 3 28 62 87 3 11 74 30
79 85 44 16 37 58 88 88 11 2 42 38 58 78 25 38 94 7 26 92
45 44 38 35 50 85 10 23 6 18 47 25 10 43 24 38 76 54 61 94
97 7 24 53 56 33 32 91 31 75 94 87 98 98 30 86 95 72 95 66
10 73 76 40 69 71 38 71 63 39 14 7 6 83 1 67 48 57 55 47
44 19 85 81 22 58 25 3 36 77 94 66 44 91 73 23 4 85 11 3
24 69 61 26 56 56 24 26 39 69 34 54 62 27 27 19 37 22 42 41
85 12 32 85 67 64 90 41 57 15 72 86 24 6 16 97 82 87 72 41
75 73 90 4 63 43 7 96 47 78 36 49 94 82 91 78 57 65 14 47
66 85 61 4 96 48 11 51 56 68 88 3 79 60 33 66 61 22 8 89
49 23 87 10 74 69 49 24 65 37 51 48 93 44 11 67 6 29 98 28
95 53 51 63 4 96 2 21 59 22 41 44 68 43 99 7 97 99 90 39
61 16 25 96 42 35 76 57 4 41 71 93 75 76 2 23 5 25 36 80
19 88 73 55 40 82 17 69 10 92 94 37 37 99 60 67 27 98 75 47
47 8 93 71 30 53 32 51 12 67 99 82 44 66 90 8 95 55 69 57
84 26 28 66 93 64 39 50 62 24 11 31 34 11 36 77 46 80 26 74
13 42 90 94 36 11 9 51 43 87 97 59 39 35 62 71 92 82 24 38
11 58 94 7 25 61 83 21 49 91 44 78 76 52 15 85 46 33 55 59
19 63 59 15 87 36 69 19 54 31 77 33 62 8 3 29 52 68 98 5
# P_hat : m1 | m2 | m3 | m4 | m5 | m6 | m7 | m8 | m9 | m10 | m11 | m12 | m13 | m14 | m15 | m16 | m17 | m18 | m19 | m20
23.00 49.00 3.50 32.00 5.50 1.50 26.50 33.50 31.50 43.50 18.50 34.50 18.00 37.00 20.00 41.50 24.50 4.00 23.50 43.00
26.00 1.00 1.00 1.00 49.50 0.50 43.50 14.00 45.50 14.50 8.00 45.50 1.50 14.00 31.00 43.50 1.50 5.50 37.00 15.00
39.50 42.50 22.00 8.00 18.50 29.00 44.00 44.00 5.50 1.00 21.00 19.00 29.00 39.00 12.50 19.00 47.00 3.50 13.00 46.00
22.50 22.00 19.00 17.50 25.00 42.50 5.00 11.50 3.00 9.00 23.50 12.50 5.00 21.50 12.00 19.00 38.00 27.00 30.50 47.00
48.50 3.50 12.00 26.50 28.00 16.50 16.00 45.50 15.50 37.50 47.00 43.50 49.00 49.00 15.00 43.00 47.50 36.00 47.50 33.00
5.00 36.50 38.00 20.00 34.50 35.50 19.00 35.50 31.50 19.50 7.00 3.50 3.00 41.50 0.50 33.50 24.00 28.50 27.50 23.50
22.00 9.50 42.50 40.50 11.00 29.00 12.50 1.50 18.00 38.50 47.00 33.00 22.00 45.50 36.50 11.50 2.00 42.50 5.50 1.50
12.00 34.50 30.50 13.00 28.00 28.00 12.00 13.00 19.50 34.50 17.00 27.00 31.00 13.50 13.50 9.50 18.50 11.00 21.00 20.50
42.50 6.00 16.00 42.50 33.50 32.00 45.00 20.50 28.50 7.50 36.00 43.00 12.00 3.00 8.00 48.50 41.00 43.50 36.00 20.50
37.50 36.50 45.00 2.00 31.50 21.50 3.50 48.00 23.50 39.00 18.00 24.50 47.00 41.00 45.50 39.00 28.50 32.50 7.00 23.50
33.00 42.50 30.50 2.00 48.00 24.00 5.50 25.50 28.00 34.00 44.00 1.50 39.50 30.00 16.50 33.00 30.50 11.00 4.00 44.50
24.50 11.50 43.50 5.00 37.00 34.50 24.50 12.00 32.50 18.50 25.50 24.00 46.50 22.00 5.50 33.50 3.00 14.50 49.00 14.00
47.50 26.50 25.50 31.50 2.00 48.00 1.00 10.50 29.50 11.00 20.50 22.00 34.00 21.50 49.50 3.50 48.50 49.50 45.00 19.50
30.50 8.00 12.50 48.00 21.00 17.50 38.00 28.50 2.00 20.50 35.50 46.50 37.50 38.00 1.00 11.50 2.50 12.50 18.00 40.00
9.50 44.00 36.50 27.50 20.00 41.00 8.50 34.50 5.00 46.00 47.00 18.50 18.50 49.50 30.00 33.50 13.50 49.00 37.50 23.50
23.50 4.00 46.50 35.50 15.00 26.50 16.00 25.50 6.00 33.50 49.50 41.00 22.00 33.00 45.00 4.00 47.50 27.50 34.50 28.50
42.00 13.00 14.00 33.00 46.50 32.00 19.50 25.00 31.00 12.00 5.50 15.50 17.00 5.50 18.00 38.50 23.00 40.00 13.00 37.00
6.50 21.00 45.00 47.00 18.00 5.50 4.50 25.50 21.50 43.50 48.50 29.50 19.50 17.50 31.00 35.50 46.00 41.00 12.00 19.00
5.50 29.00 47.00 3.50 12.50 30.50 41.50 10.50 24.50 45.50 22.00 39.00 38.00 26.00 7.50 42.50 23.00 16.50 27.50 29.50
9.50 31.50 29.50 7.50 43.50 18.00 34.50 9.50 27.00 15.50 38.50 16.50 31.00 4.00 1.50 14.50 26.00 34.00 49.00 2.50
