# nJobs | nMachines
100 5
# Job Weights
98
33
13
40
100
9
1
4
41
59
73
15
57
67
40
25
23
2
44
35
3
30
11
100
51
69
22
64
44
69
1
29
53
81
59
40
77
79
51
40
7
47
4
23
89
32
97
45
46
33
55
71
77
81
28
82
78
48
75
75
70
78
15
99
55
79
99
46
39
79
35
72
54
57
67
77
96
62
58
7
2
60
7
10
3
24
22
86
67
25
77
18
39
59
18
20
99
38
78
39
# P_bar : m1 | m2 | m3 | m4 | m5
69 78 28 55 39
53 26 54 57 81
81 41 66 50 33
70 62 30 42 63
96 28 77 18 60
25 54 69 95 73
24 27 50 68 61
95 38 85 22 74
30 64 62 33 8
40 66 80 15 49
37 82 58 4 93
5 78 77 66 90
88 52 55 50 37
74 18 80 6 18
95 1 94 81 55
26 54 6 45 6
96 43 22 61 3
3 48 33 33 80
44 67 66 53 65
3 8 55 69 37
8 36 57 3 12
44 38 49 61 17
13 32 82 40 21
92 74 75 72 59
2 96 91 28 60
69 34 14 42 94
48 56 72 69 24
23 28 72 42 19
96 66 77 73 81
92 93 83 46 54
56 51 27 75 9
15 28 61 75 49
47 63 57 35 41
41 84 78 75 41
96 25 23 1 85
35 85 60 74 56
56 1 33 3 49
34 42 49 13 6
80 12 63 66 81
73 42 25 51 60
96 23 87 72 76
81 85 36 9 1
32 77 18 45 30
55 7 70 73 84
22 43 8 32 46
43 84 68 19 2
26 76 50 98 64
20 85 89 93 76
53 29 5 27 75
63 96 28 8 49
33 3 5 55 37
47 44 27 7 44
93 88 51 89 80
68 17 53 36 47
8 44 20 41 35
51 17 48 35 15
18 35 45 35 9
80 16 61 36 31
17 2 73 13 63
88 16 32 85 14
72 68 44 21 13
97 40 35 33 55
36 76 81 33 16
58 33 75 21 42
35 92 21 3 18
56 70 8 10 52
13 6 20 51 63
73 53 86 81 28
5 57 64 65 65
12 47 56 29 73
12 41 86 15 72
17 50 87 60 62
21 97 9 60 31
44 66 58 87 97
34 33 78 87 67
61 96 39 36 17
99 4 15 19 69
54 12 25 73 11
18 26 43 57 46
2 89 10 27 39
13 29 83 14 65
17 10 32 49 89
60 15 5 49 69
90 59 49 37 24
36 54 23 37 3
52 92 12 83 62
88 39 56 86 97
56 52 35 13 46
34 95 34 10 44
97 4 66 44 89
80 35 31 42 47
8 42 54 98 90
84 19 6 3 59
17 74 37 99 41
43 45 69 21 13
30 7 1 19 23
19 60 92 71 16
38 29 63 65 45
76 48 28 96 42
88 76 50 36 96
# P_hat : m1 | m2 | m3 | m4 | m5
13.80 15.60 5.60 11.00 7.80
10.60 5.20 10.80 11.40 16.20
16.20 8.20 13.20 10.00 6.60
14.00 12.40 6.00 8.40 12.60
19.20 5.60 15.40 3.60 12.00
5.00 10.80 13.80 19.00 14.60
4.80 5.40 10.00 13.60 12.20
19.00 7.60 17.00 4.40 14.80
6.00 12.80 12.40 6.60 1.60
8.00 13.20 16.00 3.00 9.80
7.40 16.40 11.60 0.80 18.60
1.00 15.60 15.40 13.20 18.00
17.60 10.40 11.00 10.00 7.40
14.80 3.60 16.00 1.20 3.60
19.00 0.20 18.80 16.20 11.00
5.20 10.80 1.20 9.00 1.20
19.20 8.60 4.40 12.20 0.60
0.60 9.60 6.60 6.60 16.00
8.80 13.40 13.20 10.60 13.00
0.60 1.60 11.00 13.80 7.40
1.60 7.20 11.40 0.60 2.40
8.80 7.60 9.80 12.20 3.40
2.60 6.40 16.40 8.00 4.20
18.40 14.80 15.00 14.40 11.80
0.40 19.20 18.20 5.60 12.00
13.80 6.80 2.80 8.40 18.80
9.60 11.20 14.40 13.80 4.80
4.60 5.60 14.40 8.40 3.80
19.20 13.20 15.40 14.60 16.20
18.40 18.60 16.60 9.20 10.80
11.20 10.20 5.40 15.00 1.80
3.00 5.60 12.20 15.00 9.80
9.40 12.60 11.40 7.00 8.20
8.20 16.80 15.60 15.00 8.20
19.20 5.00 4.60 0.20 17.00
7.00 17.00 12.00 14.80 11.20
11.20 0.20 6.60 0.60 9.80
6.80 8.40 9.80 2.60 1.20
16.00 2.40 12.60 13.20 16.20
14.60 8.40 5.00 10.20 12.00
19.20 4.60 17.40 14.40 15.20
16.20 17.00 7.20 1.80 0.20
6.40 15.40 3.60 9.00 6.00
11.00 1.40 14.00 14.60 16.80
4.40 8.60 1.60 6.40 9.20
8.60 16.80 13.60 3.80 0.40
5.20 15.20 10.00 19.60 12.80
4.00 17.00 17.80 18.60 15.20
10.60 5.80 1.00 5.40 15.00
12.60 19.20 5.60 1.60 9.80
6.60 0.60 1.00 11.00 7.40
9.40 8.80 5.40 1.40 8.80
18.60 17.60 10.20 17.80 16.00
13.60 3.40 10.60 7.20 9.40
1.60 8.80 4.00 8.20 7.00
10.20 3.40 9.60 7.00 3.00
3.60 7.00 9.00 7.00 1.80
16.00 3.20 12.20 7.20 6.20
3.40 0.40 14.60 2.60 12.60
17.60 3.20 6.40 17.00 2.80
14.40 13.60 8.80 4.20 2.60
19.40 8.00 7.00 6.60 11.00
7.20 15.20 16.20 6.60 3.20
11.60 6.60 15.00 4.20 8.40
7.00 18.40 4.20 0.60 3.60
11.20 14.00 1.60 2.00 10.40
2.60 1.20 4.00 10.20 12.60
14.60 10.60 17.20 16.20 5.60
1.00 11.40 12.80 13.00 13.00
2.40 9.40 11.20 5.80 14.60
2.40 8.20 17.20 3.00 14.40
3.40 10.00 17.40 12.00 12.40
4.20 19.40 1.80 12.00 6.20
8.80 13.20 11.60 17.40 19.40
6.80 6.60 15.60 17.40 13.40
12.20 19.20 7.80 7.20 3.40
19.80 0.80 3.00 3.80 13.80
10.80 2.40 5.00 14.60 2.20
3.60 5.20 8.60 11.40 9.20
0.40 17.80 2.00 5.40 7.80
2.60 5.80 16.60 2.80 13.00
3.40 2.00 6.40 9.80 17.80
12.00 3.00 1.00 9.80 13.80
18.00 11.80 9.80 7.40 4.80
7.20 10.80 4.60 7.40 0.60
10.40 18.40 2.40 16.60 12.40
17.60 7.80 11.20 17.20 19.40
11.20 10.40 7.00 2.60 9.20
6.80 19.00 6.80 2.00 8.80
19.40 0.80 13.20 8.80 17.80
16.00 7.00 6.20 8.40 9.40
1.60 8.40 10.80 19.60 18.00
16.80 3.80 1.20 0.60 11.80
3.40 14.80 7.40 19.80 8.20
8.60 9.00 13.80 4.20 2.60
6.00 1.40 0.20 3.80 4.60
3.80 12.00 18.40 14.20 3.20
7.60 5.80 12.60 13.00 9.00
15.20 9.60 5.60 19.20 8.40
17.60 15.20 10.00 7.20 19.20
