# nJobs | nMachines
100 10
# Job Weights
60
78
8
48
13
32
32
62
3
21
84
90
97
75
53
5
5
68
92
66
5
66
8
79
24
4
6
24
99
35
41
85
37
2
15
37
58
89
77
79
33
17
74
1
100
8
96
55
20
96
18
66
27
33
68
36
63
32
79
81
93
56
98
28
100
77
56
63
29
25
69
93
100
50
97
50
61
94
21
62
74
63
28
3
2
67
31
10
9
23
71
94
92
71
4
36
35
78
25
87
# P_bar : m1 | m2 | m3 | m4 | m5 | m6 | m7 | m8 | m9 | m10
68 1 10 50 77 79 68 70 26 64
40 37 76 87 30 26 48 36 97 32
43 91 75 77 88 57 56 23 5 23
72 59 29 88 21 98 54 72 89 94
87 2 10 80 29 27 38 23 77 93
59 44 86 75 12 66 65 28 47 69
67 29 62 41 2 89 56 14 60 75
89 37 26 84 95 90 29 48 12 65
84 30 1 24 24 44 21 54 96 68
43 20 62 27 20 91 99 86 63 93
92 19 89 52 66 36 34 81 27 4
90 79 2 73 82 66 25 12 87 91
23 41 62 75 45 71 66 26 46 15
20 79 96 23 4 32 54 76 10 83
97 49 99 52 22 80 1 41 97 38
57 21 91 97 81 25 52 89 59 34
33 97 85 40 56 32 23 70 58 67
7 86 42 50 85 39 50 54 73 24
69 15 7 95 3 38 61 6 11 78
56 57 4 34 82 5 36 65 31 41
16 76 23 2 94 97 60 7 41 87
41 14 74 76 72 56 1 14 23 55
7 57 83 26 96 65 57 88 36 83
74 80 41 48 55 14 38 98 54 5
54 93 63 16 3 58 68 57 7 34
67 31 99 20 63 35 45 19 31 16
15 66 55 86 65 97 85 72 90 57
85 30 37 62 20 24 13 41 83 66
83 82 23 54 4 46 55 40 65 23
42 11 1 50 95 91 98 62 61 13
29 71 84 26 20 53 12 47 15 35
64 94 46 4 57 29 97 65 10 8
3 35 31 4 38 72 6 14 61 17
9 71 93 59 46 43 94 99 55 20
35 76 79 24 76 62 43 65 81 18
24 76 32 14 10 27 86 14 87 66
72 26 71 49 79 57 2 99 81 10
70 31 60 35 7 14 84 65 50 48
47 58 42 78 12 92 94 62 43 71
78 31 24 77 60 69 28 30 67 64
60 98 51 72 85 61 68 6 54 97
11 26 98 10 73 8 45 80 79 59
60 92 64 87 18 78 43 52 26 25
5 11 85 24 75 43 89 35 64 67
24 72 31 26 77 53 86 25 83 5
52 46 11 46 71 2 8 54 56 15
39 20 95 40 83 72 32 44 8 33
14 38 58 86 63 23 62 40 78 6
65 57 57 40 52 85 11 99 27 27
99 5 28 8 66 49 36 21 1 34
69 19 76 39 30 6 3 74 97 12
96 65 40 11 71 34 23 10 35 28
54 35 96 96 57 6 79 46 29 15
37 89 54 74 83 51 99 99 22 36
35 41 91 22 34 17 57 88 16 22
19 15 90 22 31 66 4 91 87 82
10 99 41 50 11 31 69 57 79 43
88 19 72 6 50 58 69 85 82 97
61 74 37 95 22 84 30 62 65 6
95 63 38 83 7 70 99 46 62 28
18 92 64 70 82 87 51 88 99 65
49 29 98 1 34 99 66 11 22 45
69 47 36 8 5 88 33 27 79 73
86 80 20 94 62 60 13 35 37 63
28 7 3 65 3 4 89 50 31 41
6 43 41 70 68 2 73 68 30 12
40 89 93 61 35 99 26 58 40 11
88 9 44 80 79 79 25 47 93 85
94 99 3 82 10 49 88 44 22 82
78 38 19 23 60 53 70 37 91 41
43 76 66 51 67 16 72 76 8 87
31 52 55 92 10 64 56 30 44 84
54 48 66 25 87 72 1 98 95 25
80 55 68 23 25 59 6 57 93 59
11 17 1 40 24 62 97 7 83 89
27 63 5 69 4 66 57 15 38 86
3 92 59 42 36 92 64 84 74 15
32 77 64 13 44 28 40 39 24 17
2 31 1 17 22 72 4 62 50 44
49 44 5 27 8 50 71 1 75 71
27 76 11 74 49 80 84 41 60 15
81 18 46 7 97 48 50 59 15 10
18 7 10 25 8 12 1 92 73 68
83 40 56 73 9 32 30 51 68 58
84 47 25 81 18 76 84 82 63 33
49 73 95 84 34 33 33 49 79 14
64 41 12 40 54 65 69 78 40 3
20 70 48 28 42 18 19 87 2 89
52 86 11 86 70 88 37 60 45 94
42 8 45 17 59 60 25 55 94 19
51 63 25 66 8 67 27 57 3 33
66 77 62 33 29 54 71 70 16 55
95 91 12 20 6 61 55 11 29 55
18 24 67 84 42 72 19 62 55 37
37 19 17 23 33 50 43 53 3 26
70 63 59 73 67 42 80 95 72 22
22 72 30 25 7 30 93 97 87 75
87 17 73 87 64 24 76 9 64 4
67 46 34 2 7 27 52 85 33 82
15 66 27 15 60 6 26 17 64 30
# P_hat : m1 | m2 | m3 | m4 | m5 | m6 | m7 | m8 | m9 | m10
13.60 0.20 2.00 10.00 15.40 15.80 13.60 14.00 5.20 12.80
8.00 7.40 15.20 17.40 6.00 5.20 9.60 7.20 19.40 6.40
8.60 18.20 15.00 15.40 17.60 11.40 11.20 4.60 1.00 4.60
14.40 11.80 5.80 17.60 4.20 19.60 10.80 14.40 17.80 18.80
17.40 0.40 2.00 16.00 5.80 5.40 7.60 4.60 15.40 18.60
11.80 8.80 17.20 15.00 2.40 13.20 13.00 5.60 9.40 13.80
13.40 5.80 12.40 8.20 0.40 17.80 11.20 2.80 12.00 15.00
17.80 7.40 5.20 16.80 19.00 18.00 5.80 9.60 2.40 13.00
16.80 6.00 0.20 4.80 4.80 8.80 4.20 10.80 19.20 13.60
8.60 4.00 12.40 5.40 4.00 18.20 19.80 17.20 12.60 18.60
18.40 3.80 17.80 10.40 13.20 7.20 6.80 16.20 5.40 0.80
18.00 15.80 0.40 14.60 16.40 13.20 5.00 2.40 17.40 18.20
4.60 8.20 12.40 15.00 9.00 14.20 13.20 5.20 9.20 3.00
4.00 15.80 19.20 4.60 0.80 6.40 10.80 15.20 2.00 16.60
19.40 9.80 19.80 10.40 4.40 16.00 0.20 8.20 19.40 7.60
11.40 4.20 18.20 19.40 16.20 5.00 10.40 17.80 11.80 6.80
6.60 19.40 17.00 8.00 11.20 6.40 4.60 14.00 11.60 13.40
1.40 17.20 8.40 10.00 17.00 7.80 10.00 10.80 14.60 4.80
13.80 3.00 1.40 19.00 0.60 7.60 12.20 1.20 2.20 15.60
11.20 11.40 0.80 6.80 16.40 1.00 7.20 13.00 6.20 8.20
3.20 15.20 4.60 0.40 18.80 19.40 12.00 1.40 8.20 17.40
8.20 2.80 14.80 15.20 14.40 11.20 0.20 2.80 4.60 11.00
1.40 11.40 16.60 5.20 19.20 13.00 11.40 17.60 7.20 16.60
14.80 16.00 8.20 9.60 11.00 2.80 7.60 19.60 10.80 1.00
10.80 18.60 12.60 3.20 0.60 11.60 13.60 11.40 1.40 6.80
13.40 6.20 19.80 4.00 12.60 7.00 9.00 3.80 6.20 3.20
3.00 13.20 11.00 17.20 13.00 19.40 17.00 14.40 18.00 11.40
17.00 6.00 7.40 12.40 4.00 4.80 2.60 8.20 16.60 13.20
16.60 16.40 4.60 10.80 0.80 9.20 11.00 8.00 13.00 4.60
8.40 2.20 0.20 10.00 19.00 18.20 19.60 12.40 12.20 2.60
5.80 14.20 16.80 5.20 4.00 10.60 2.40 9.40 3.00 7.00
12.80 18.80 9.20 0.80 11.40 5.80 19.40 13.00 2.00 1.60
0.60 7.00 6.20 0.80 7.60 14.40 1.20 2.80 12.20 3.40
1.80 14.20 18.60 11.80 9.20 8.60 18.80 19.80 11.00 4.00
7.00 15.20 15.80 4.80 15.20 12.40 8.60 13.00 16.20 3.60
4.80 15.20 6.40 2.80 2.00 5.40 17.20 2.80 17.40 13.20
14.40 5.20 14.20 9.80 15.80 11.40 0.40 19.80 16.20 2.00
14.00 6.20 12.00 7.00 1.40 2.80 16.80 13.00 10.00 9.60
9.40 11.60 8.40 15.60 2.40 18.40 18.80 12.40 8.60 14.20
15.60 6.20 4.80 15.40 12.00 13.80 5.60 6.00 13.40 12.80
12.00 19.60 10.20 14.40 17.00 12.20 13.60 1.20 10.80 19.40
2.20 5.20 19.60 2.00 14.60 1.60 9.00 16.00 15.80 11.80
12.00 18.40 12.80 17.40 3.60 15.60 8.60 10.40 5.20 5.00
1.00 2.20 17.00 4.80 15.00 8.60 17.80 7.00 12.80 13.40
4.80 14.40 6.20 5.20 15.40 10.60 17.20 5.00 16.60 1.00
10.40 9.20 2.20 9.20 14.20 0.40 1.60 10.80 11.20 3.00
7.80 4.00 19.00 8.00 16.60 14.40 6.40 8.80 1.60 6.60
2.80 7.60 11.60 17.20 12.60 4.60 12.40 8.00 15.60 1.20
13.00 11.40 11.40 8.00 10.40 17.00 2.20 19.80 5.40 5.40
19.80 1.00 5.60 1.60 13.20 9.80 7.20 4.20 0.20 6.80
13.80 3.80 15.20 7.80 6.00 1.20 0.60 14.80 19.40 2.40
19.20 13.00 8.00 2.20 14.20 6.80 4.60 2.00 7.00 5.60
10.80 7.00 19.20 19.20 11.40 1.20 15.80 9.20 5.80 3.00
7.40 17.80 10.80 14.80 16.60 10.20 19.80 19.80 4.40 7.20
7.00 8.20 18.20 4.40 6.80 3.40 11.40 17.60 3.20 4.40
3.80 3.00 18.00 4.40 6.20 13.20 0.80 18.20 17.40 16.40
2.00 19.80 8.20 10.00 2.20 6.20 13.80 11.40 15.80 8.60
17.60 3.80 14.40 1.20 10.00 11.60 13.80 17.00 16.40 19.40
12.20 14.80 7.40 19.00 4.40 16.80 6.00 12.40 13.00 1.20
19.00 12.60 7.60 16.60 1.40 14.00 19.80 9.20 12.40 5.60
3.60 18.40 12.80 14.00 16.40 17.40 10.20 17.60 19.80 13.00
9.80 5.80 19.60 0.20 6.80 19.80 13.20 2.20 4.40 9.00
13.80 9.40 7.20 1.60 1.00 17.60 6.60 5.40 15.80 14.60
17.20 16.00 4.00 18.80 12.40 12.00 2.60 7.00 7.40 12.60
5.60 1.40 0.60 13.00 0.60 0.80 17.80 10.00 6.20 8.20
1.20 8.60 8.20 14.00 13.60 0.40 14.60 13.60 6.00 2.40
8.00 17.80 18.60 12.20 7.00 19.80 5.20 11.60 8.00 2.20
17.60 1.80 8.80 16.00 15.80 15.80 5.00 9.40 18.60 17.00
18.80 19.80 0.60 16.40 2.00 9.80 17.60 8.80 4.40 16.40
15.60 7.60 3.80 4.60 12.00 10.60 14.00 7.40 18.20 8.20
8.60 15.20 13.20 10.20 13.40 3.20 14.40 15.20 1.60 17.40
6.20 10.40 11.00 18.40 2.00 12.80 11.20 6.00 8.80 16.80
10.80 9.60 13.20 5.00 17.40 14.40 0.20 19.60 19.00 5.00
16.00 11.00 13.60 4.60 5.00 11.80 1.20 11.40 18.60 11.80
2.20 3.40 0.20 8.00 4.80 12.40 19.40 1.40 16.60 17.80
5.40 12.60 1.00 13.80 0.80 13.20 11.40 3.00 7.60 17.20
0.60 18.40 11.80 8.40 7.20 18.40 12.80 16.80 14.80 3.00
6.40 15.40 12.80 2.60 8.80 5.60 8.00 7.80 4.80 3.40
0.40 6.20 0.20 3.40 4.40 14.40 0.80 12.40 10.00 8.80
9.80 8.80 1.00 5.40 1.60 10.00 14.20 0.20 15.00 14.20
5.40 15.20 2.20 14.80 9.80 16.00 16.80 8.20 12.00 3.00
16.20 3.60 9.20 1.40 19.40 9.60 10.00 11.80 3.00 2.00
3.60 1.40 2.00 5.00 1.60 2.40 0.20 18.40 14.60 13.60
16.60 8.00 11.20 14.60 1.80 6.40 6.00 10.20 13.60 11.60
16.80 9.40 5.00 16.20 3.60 15.20 16.80 16.40 12.60 6.60
9.80 14.60 19.00 16.80 6.80 6.60 6.60 9.80 15.80 2.80
12.80 8.20 2.40 8.00 10.80 13.00 13.80 15.60 8.00 0.60
4.00 14.00 9.60 5.60 8.40 3.60 3.80 17.40 0.40 17.80
10.40 17.20 2.20 17.20 14.00 17.60 7.40 12.00 9.00 18.80
8.40 1.60 9.00 3.40 11.80 12.00 5.00 11.00 18.80 3.80
10.20 12.60 5.00 13.20 1.60 13.40 5.40 11.40 0.60 6.60
13.20 15.40 12.40 6.60 5.80 10.80 14.20 14.00 3.20 11.00
19.00 18.20 2.40 4.00 1.20 12.20 11.00 2.20 5.80 11.00
3.60 4.80 13.40 16.80 8.40 14.40 3.80 12.40 11.00 7.40
7.40 3.80 3.40 4.60 6.60 10.00 8.60 10.60 0.60 5.20
14.00 12.60 11.80 14.60 13.40 8.40 16.00 19.00 14.40 4.40
4.40 14.40 6.00 5.00 1.40 6.00 18.60 19.40 17.40 15.00
17.40 3.40 14.60 17.40 12.80 4.80 15.20 1.80 12.80 0.80
13.40 9.20 6.80 0.40 1.40 5.40 10.40 17.00 6.60 16.40
3.00 13.20 5.40 3.00 12.00 1.20 5.20 3.40 12.80 6.00
