# nJobs | nMachines
50 5
# Job Weights
51
31
41
26
89
93
35
47
99
14
11
81
33
9
30
79
1
92
90
100
29
21
81
54
86
89
85
16
23
89
70
7
15
68
16
52
42
91
15
74
98
72
45
11
66
11
4
92
68
13
# P_bar : m1 | m2 | m3 | m4 | m5
82 6 49 57 34
73 49 25 88 31
84 84 46 88 15
63 72 37 43 32
14 39 56 25 45
73 51 50 81 50
84 77 9 3 81
9 59 62 3 46
38 97 10 78 93
67 5 89 97 13
76 83 66 74 47
18 51 98 71 50
70 9 10 50 70
69 9 70 70 21
4 59 92 23 41
58 30 36 43 12
66 86 82 51 18
11 49 54 97 28
1 46 34 57 22
51 13 34 77 60
38 45 5 90 69
16 51 12 58 49
81 68 3 75 38
39 82 56 4 80
56 6 44 12 52
83 99 41 2 45
27 12 14 4 34
29 8 25 28 3
93 36 78 54 61
70 24 25 39 96
64 82 89 30 99
22 73 83 71 49
84 66 78 89 78
25 69 23 33 34
73 71 51 85 78
81 70 7 2 79
10 61 20 69 64
46 42 30 20 55
32 77 30 64 63
38 10 30 94 24
68 2 63 3 58
40 6 82 41 25
33 24 40 37 93
79 97 39 36 73
64 15 37 74 45
36 91 44 53 93
62 32 2 49 37
82 68 27 77 64
44 17 71 13 92
99 1 45 37 59
# P_hat : m1 | m2 | m3 | m4 | m5
32.80 2.40 19.60 22.80 13.60
29.20 19.60 10.00 35.20 12.40
33.60 33.60 18.40 35.20 6.00
25.20 28.80 14.80 17.20 12.80
5.60 15.60 22.40 10.00 18.00
29.20 20.40 20.00 32.40 20.00
33.60 30.80 3.60 1.20 32.40
3.60 23.60 24.80 1.20 18.40
15.20 38.80 4.00 31.20 37.20
26.80 2.00 35.60 38.80 5.20
30.40 33.20 26.40 29.60 18.80
7.20 20.40 39.20 28.40 20.00
28.00 3.60 4.00 20.00 28.00
27.60 3.60 28.00 28.00 8.40
1.60 23.60 36.80 9.20 16.40
23.20 12.00 14.40 17.20 4.80
26.40 34.40 32.80 20.40 7.20
4.40 19.60 21.60 38.80 11.20
0.40 18.40 13.60 22.80 8.80
20.40 5.20 13.60 30.80 24.00
15.20 18.00 2.00 36.00 27.60
6.40 20.40 4.80 23.20 19.60
32.40 27.20 1.20 30.00 15.20
15.60 32.80 22.40 1.60 32.00
22.40 2.40 17.60 4.80 20.80
33.20 39.60 16.40 0.80 18.00
10.80 4.80 5.60 1.60 13.60
11.60 3.20 10.00 11.20 1.20
37.20 14.40 31.20 21.60 24.40
28.00 9.60 10.00 15.60 38.40
25.60 32.80 35.60 12.00 39.60
8.80 29.20 33.20 28.40 19.60
33.60 26.40 31.20 35.60 31.20
10.00 27.60 9.20 13.20 13.60
29.20 28.40 20.40 34.00 31.20
32.40 28.00 2.80 0.80 31.60
4.00 24.40 8.00 27.60 25.60
18.40 16.80 12.00 8.00 22.00
12.80 30.80 12.00 25.60 25.20
15.20 4.00 12.00 37.60 9.60
27.20 0.80 25.20 1.20 23.20
16.00 2.40 32.80 16.40 10.00
13.20 9.60 16.00 14.80 37.20
31.60 38.80 15.60 14.40 29.20
25.60 6.00 14.80 29.60 18.00
14.40 36.40 17.60 21.20 37.20
24.80 12.80 0.80 19.60 14.80
32.80 27.20 10.80 30.80 25.60
17.60 6.80 28.40 5.20 36.80
39.60 0.40 18.00 14.80 23.60
