# nJobs | nMachines
100 5
# Job Weights
5
91
9
6
62
48
12
11
5
89
14
100
39
59
20
38
34
90
49
62
67
56
31
23
47
67
57
62
72
89
65
81
92
27
76
53
92
17
11
80
31
73
96
97
69
2
59
95
62
63
89
8
41
77
87
58
63
6
84
59
35
52
100
39
18
84
65
4
75
62
9
10
18
84
76
4
33
64
4
3
5
75
22
79
45
63
65
75
3
24
13
15
47
62
27
61
49
22
88
51
# P_bar : m1 | m2 | m3 | m4 | m5
88 43 2 95 20
11 9 10 10 5
99 81 40 84 96
20 83 22 34 32
63 90 98 26 33
67 44 85 76 79
79 60 11 32 35
91 70 94 50 4
13 85 49 44 22
77 11 57 36 13
13 88 47 18 64
52 44 65 25 9
84 97 22 28 55
73 96 21 81 92
61 28 18 57 85
27 93 72 48 20
67 28 72 79 86
5 95 25 14 57
3 94 41 88 49
13 6 31 8 61
89 52 82 85 50
58 23 91 69 26
55 33 57 60 16
1 2 89 74 87
79 60 51 66 32
74 42 5 7 49
14 59 4 24 27
71 45 30 92 9
13 5 26 57 92
60 76 78 85 93
1 45 53 54 43
55 26 43 33 62
75 44 58 86 19
88 47 92 61 27
78 11 80 16 2
80 81 64 33 82
15 82 6 14 61
93 68 70 5 10
98 6 94 85 43
40 87 34 83 94
27 20 98 94 59
65 32 28 46 56
65 35 64 67 82
70 7 62 74 17
63 61 43 81 42
54 4 47 10 34
42 71 6 9 29
82 70 11 75 80
94 11 43 70 32
4 49 22 92 14
34 54 41 25 49
91 63 83 97 53
50 91 43 45 43
50 79 48 23 31
11 5 65 84 22
3 81 85 20 97
38 99 15 26 91
50 4 86 54 10
90 10 90 82 95
97 19 59 20 72
79 24 81 55 10
45 15 17 2 36
20 66 83 62 87
22 48 61 93 76
51 96 2 5 10
83 4 83 14 70
60 82 37 65 12
50 74 57 16 11
3 21 85 27 81
1 69 4 34 50
13 83 55 80 97
63 64 23 62 96
67 22 78 37 84
19 1 62 28 8
21 7 83 4 18
89 34 69 28 40
83 93 27 92 84
60 70 94 64 98
83 31 55 10 91
67 86 20 30 71
71 74 19 6 81
60 71 48 58 83
25 5 34 77 47
26 45 90 53 82
82 76 62 50 1
60 99 90 99 63
54 41 93 19 31
26 28 97 20 22
97 80 86 69 59
30 54 22 15 96
21 99 69 19 19
71 12 18 30 56
12 57 89 35 91
13 13 75 90 64
47 46 80 50 52
95 97 35 52 97
90 90 21 49 56
67 59 7 73 17
61 65 68 73 18
23 82 47 19 15
# P_hat : m1 | m2 | m3 | m4 | m5
8.80 4.30 0.20 9.50 2.00
1.10 0.90 1.00 1.00 0.50
9.90 8.10 4.00 8.40 9.60
2.00 8.30 2.20 3.40 3.20
6.30 9.00 9.80 2.60 3.30
6.70 4.40 8.50 7.60 7.90
7.90 6.00 1.10 3.20 3.50
9.10 7.00 9.40 5.00 0.40
1.30 8.50 4.90 4.40 2.20
7.70 1.10 5.70 3.60 1.30
1.30 8.80 4.70 1.80 6.40
5.20 4.40 6.50 2.50 0.90
8.40 9.70 2.20 2.80 5.50
7.30 9.60 2.10 8.10 9.20
6.10 2.80 1.80 5.70 8.50
2.70 9.30 7.20 4.80 2.00
6.70 2.80 7.20 7.90 8.60
0.50 9.50 2.50 1.40 5.70
0.30 9.40 4.10 8.80 4.90
1.30 0.60 3.10 0.80 6.10
8.90 5.20 8.20 8.50 5.00
5.80 2.30 9.10 6.90 2.60
5.50 3.30 5.70 6.00 1.60
0.10 0.20 8.90 7.40 8.70
7.90 6.00 5.10 6.60 3.20
7.40 4.20 0.50 0.70 4.90
1.40 5.90 0.40 2.40 2.70
7.10 4.50 3.00 9.20 0.90
1.30 0.50 2.60 5.70 9.20
6.00 7.60 7.80 8.50 9.30
0.10 4.50 5.30 5.40 4.30
5.50 2.60 4.30 3.30 6.20
7.50 4.40 5.80 8.60 1.90
8.80 4.70 9.20 6.10 2.70
7.80 1.10 8.00 1.60 0.20
8.00 8.10 6.40 3.30 8.20
1.50 8.20 0.60 1.40 6.10
9.30 6.80 7.00 0.50 1.00
9.80 0.60 9.40 8.50 4.30
4.00 8.70 3.40 8.30 9.40
2.70 2.00 9.80 9.40 5.90
6.50 3.20 2.80 4.60 5.60
6.50 3.50 6.40 6.70 8.20
7.00 0.70 6.20 7.40 1.70
6.30 6.10 4.30 8.10 4.20
5.40 0.40 4.70 1.00 3.40
4.20 7.10 0.60 0.90 2.90
8.20 7.00 1.10 7.50 8.00
9.40 1.10 4.30 7.00 3.20
0.40 4.90 2.20 9.20 1.40
3.40 5.40 4.10 2.50 4.90
9.10 6.30 8.30 9.70 5.30
5.00 9.10 4.30 4.50 4.30
5.00 7.90 4.80 2.30 3.10
1.10 0.50 6.50 8.40 2.20
0.30 8.10 8.50 2.00 9.70
3.80 9.90 1.50 2.60 9.10
5.00 0.40 8.60 5.40 1.00
9.00 1.00 9.00 8.20 9.50
9.70 1.90 5.90 2.00 7.20
7.90 2.40 8.10 5.50 1.00
4.50 1.50 1.70 0.20 3.60
2.00 6.60 8.30 6.20 8.70
2.20 4.80 6.10 9.30 7.60
5.10 9.60 0.20 0.50 1.00
8.30 0.40 8.30 1.40 7.00
6.00 8.20 3.70 6.50 1.20
5.00 7.40 5.70 1.60 1.10
0.30 2.10 8.50 2.70 8.10
0.10 6.90 0.40 3.40 5.00
1.30 8.30 5.50 8.00 9.70
6.30 6.40 2.30 6.20 9.60
6.70 2.20 7.80 3.70 8.40
1.90 0.10 6.20 2.80 0.80
2.10 0.70 8.30 0.40 1.80
8.90 3.40 6.90 2.80 4.00
8.30 9.30 2.70 9.20 8.40
6.00 7.00 9.40 6.40 9.80
8.30 3.10 5.50 1.00 9.10
6.70 8.60 2.00 3.00 7.10
7.10 7.40 1.90 0.60 8.10
6.00 7.10 4.80 5.80 8.30
2.50 0.50 3.40 7.70 4.70
2.60 4.50 9.00 5.30 8.20
8.20 7.60 6.20 5.00 0.10
6.00 9.90 9.00 9.90 6.30
5.40 4.10 9.30 1.90 3.10
2.60 2.80 9.70 2.00 2.20
9.70 8.00 8.60 6.90 5.90
3.00 5.40 2.20 1.50 9.60
2.10 9.90 6.90 1.90 1.90
7.10 1.20 1.80 3.00 5.60
1.20 5.70 8.90 3.50 9.10
1.30 1.30 7.50 9.00 6.40
4.70 4.60 8.00 5.00 5.20
9.50 9.70 3.50 5.20 9.70
9.00 9.00 2.10 4.90 5.60
6.70 5.90 0.70 7.30 1.70
6.10 6.50 6.80 7.30 1.80
2.30 8.20 4.70 1.90 1.50
