# nJobs | nMachines
20 20
# Job Weights
43
10
13
40
7
59
52
24
95
99
97
72
5
2
24
21
74
20
37
60
# P_bar : m1 | m2 | m3 | m4 | m5 | m6 | m7 | m8 | m9 | m10 | m11 | m12 | m13 | m14 | m15 | m16 | m17 | m18 | m19 | m20
66 21 45 56 49 39 13 34 22 53 40 17 72 50 99 50 26 99 61 1
41 63 2 14 44 12 36 18 56 71 62 92 33 82 53 4 50 48 55 54
74 45 39 88 76 45 6 4 63 98 8 90 71 16 52 20 4 41 2 94
62 70 4 41 88 34 22 65 56 99 13 58 68 17 9 19 8 40 55 63
70 41 46 4 45 11 44 58 79 54 87 19 94 68 8 58 60 76 78 91
30 6 11 52 52 71 65 35 82 20 40 97 82 65 50 22 60 89 27 27
66 70 66 17 31 53 87 86 92 62 27 80 46 92 62 56 80 42 13 55
11 33 59 95 66 28 50 34 19 18 44 28 78 37 14 92 38 90 20 74
51 97 28 15 17 93 96 49 45 81 41 67 37 47 21 59 51 61 38 77
43 32 74 85 68 61 51 88 32 60 70 59 69 70 88 34 25 25 75 77
32 28 93 12 99 61 48 42 11 1 10 9 7 66 7 17 97 27 23 81
23 54 95 11 78 78 89 79 59 93 94 92 34 30 85 39 73 60 61 29
20 63 48 24 87 13 69 25 22 8 25 7 69 7 62 59 46 79 37 91
1 16 71 71 45 49 83 18 14 92 10 19 18 37 10 7 82 50 43 20
54 12 30 46 78 15 22 75 88 60 36 82 98 5 61 59 92 15 69 99
55 2 22 59 51 31 26 45 82 87 87 60 8 52 92 2 42 65 2 27
65 50 3 16 87 93 29 54 82 11 37 60 58 86 47 70 65 80 44 30
22 48 22 33 4 83 67 19 71 24 86 58 86 36 77 72 12 67 25 85
99 34 82 53 45 20 70 80 8 11 76 74 77 29 37 90 34 70 12 5
97 75 35 22 9 1 59 15 13 98 70 70 50 4 96 56 23 94 31 4
# P_hat : m1 | m2 | m3 | m4 | m5 | m6 | m7 | m8 | m9 | m10 | m11 | m12 | m13 | m14 | m15 | m16 | m17 | m18 | m19 | m20
33.00 10.50 22.50 28.00 24.50 19.50 6.50 17.00 11.00 26.50 20.00 8.50 36.00 25.00 49.50 25.00 13.00 49.50 30.50 0.50
20.50 31.50 1.00 7.00 22.00 6.00 18.00 9.00 28.00 35.50 31.00 46.00 16.50 41.00 26.50 2.00 25.00 24.00 27.50 27.00
37.00 22.50 19.50 44.00 38.00 22.50 3.00 2.00 31.50 49.00 4.00 45.00 35.50 8.00 26.00 10.00 2.00 20.50 1.00 47.00
31.00 35.00 2.00 20.50 44.00 17.00 11.00 32.50 28.00 49.50 6.50 29.00 34.00 8.50 4.50 9.50 4.00 20.00 27.50 31.50
35.00 20.50 23.00 2.00 22.50 5.50 22.00 29.00 39.50 27.00 43.50 9.50 47.00 34.00 4.00 29.00 30.00 38.00 39.00 45.50
15.00 3.00 5.50 26.00 26.00 35.50 32.50 17.50 41.00 10.00 20.00 48.50 41.00 32.50 25.00 11.00 30.00 44.50 13.50 13.50
33.00 35.00 33.00 8.50 15.50 26.50 43.50 43.00 46.00 31.00 13.50 40.00 23.00 46.00 31.00 28.00 40.00 21.00 6.50 27.50
5.50 16.50 29.50 47.50 33.00 14.00 25.00 17.00 9.50 9.00 22.00 14.00 39.00 18.50 7.00 46.00 19.00 45.00 10.00 37.00
25.50 48.50 14.00 7.50 8.50 46.50 48.00 24.50 22.50 40.50 20.50 33.50 18.50 23.50 10.50 29.50 25.50 30.50 19.00 38.50
21.50 16.00 37.00 42.50 34.00 30.50 25.50 44.00 16.00 30.00 35.00 29.50 34.50 35.00 44.00 17.00 12.50 12.50 37.50 38.50
16.00 14.00 46.50 6.00 49.50 30.50 24.00 21.00 5.50 0.50 5.00 4.50 3.50 33.00 3.50 8.50 48.50 13.50 11.50 40.50
11.50 27.00 47.50 5.50 39.00 39.00 44.50 39.50 29.50 46.50 47.00 46.00 17.00 15.00 42.50 19.50 36.50 30.00 30.50 14.50
10.00 31.50 24.00 12.00 43.50 6.50 34.50 12.50 11.00 4.00 12.50 3.50 34.50 3.50 31.00 29.50 23.00 39.50 18.50 45.50
0.50 8.00 35.50 35.50 22.50 24.50 41.50 9.00 7.00 46.00 5.00 9.50 9.00 18.50 5.00 3.50 41.00 25.00 21.50 10.00
27.00 6.00 15.00 23.00 39.00 7.50 11.00 37.50 44.00 30.00 18.00 41.00 49.00 2.50 30.50 29.50 46.00 7.50 34.50 49.50
27.50 1.00 11.00 29.50 25.50 15.50 13.00 22.50 41.00 43.50 43.50 30.00 4.00 26.00 46.00 1.00 21.00 32.50 1.00 13.50
32.50 25.00 1.50 8.00 43.50 46.50 14.50 27.00 41.00 5.50 18.50 30.00 29.00 43.00 23.50 35.00 32.50 40.00 22.00 15.00
11.00 24.00 11.00 16.50 2.00 41.50 33.50 9.50 35.50 12.00 43.00 29.00 43.00 18.00 38.50 36.00 6.00 33.50 12.50 42.50
49.50 17.00 41.00 26.50 22.50 10.00 35.00 40.00 4.00 5.50 38.00 37.00 38.50 14.50 18.50 45.00 17.00 35.00 6.00 2.50
48.50 37.50 17.50 11.00 4.50 0.50 29.50 7.50 6.50 49.00 35.00 35.00 25.00 2.00 48.00 28.00 11.50 47.00 15.50 2.00
