# nJobs | nMachines
50 10
# Job Weights
69
77
56
20
18
27
54
50
63
99
28
80
9
67
10
65
84
2
3
62
91
74
44
49
79
28
92
47
67
69
75
30
6
24
98
91
29
45
14
90
90
62
33
54
16
75
61
49
21
99
# P_bar : m1 | m2 | m3 | m4 | m5 | m6 | m7 | m8 | m9 | m10
12 13 82 20 91 25 47 77 6 6
72 64 52 77 33 61 77 21 63 11
18 7 72 63 5 58 47 8 56 27
85 60 81 28 51 52 57 36 63 71
42 75 61 77 30 81 2 49 75 4
76 75 36 34 20 33 77 86 56 73
13 63 10 96 26 64 45 50 22 16
82 87 62 88 53 14 69 60 89 63
35 93 11 20 91 67 19 26 29 85
33 73 46 26 40 3 70 7 33 92
76 5 42 4 52 32 97 11 46 57
19 18 32 30 55 78 61 76 96 90
94 75 39 40 9 55 61 33 52 49
93 20 44 18 33 26 15 74 43 75
64 30 95 36 32 79 16 68 60 15
82 99 10 98 17 92 82 10 87 64
60 19 96 24 77 57 44 2 46 44
8 70 55 70 30 90 17 54 85 10
66 55 67 66 37 68 37 58 84 78
56 11 86 15 79 73 51 82 54 80
40 78 75 96 68 57 23 14 74 92
11 66 58 29 31 55 67 9 19 18
12 92 10 74 17 19 34 10 82 70
20 57 65 39 7 47 45 48 19 22
61 91 9 16 19 86 42 90 58 22
72 56 22 72 19 26 23 89 6 78
52 1 56 92 62 96 56 3 85 6
62 17 34 9 3 45 59 20 82 86
85 61 98 10 99 4 80 24 2 94
67 51 82 45 94 17 18 67 16 45
67 3 65 32 62 9 18 90 75 57
68 72 68 9 24 60 67 19 52 80
18 72 49 46 2 23 23 72 13 96
10 21 98 83 99 54 41 59 1 94
1 2 36 63 7 42 98 94 43 5
92 36 51 58 93 30 48 84 85 28
66 42 19 77 1 78 85 59 73 50
22 59 68 26 27 43 29 43 79 52
95 12 24 88 20 80 80 81 91 49
59 31 35 78 97 43 43 38 51 31
79 72 8 79 81 7 93 62 1 66
25 39 9 37 23 27 28 85 46 30
43 99 69 13 75 23 98 85 3 11
51 9 73 39 16 55 73 84 26 14
69 68 49 75 21 66 5 71 15 45
27 27 29 60 47 90 6 31 22 32
33 22 36 58 68 63 88 39 18 31
76 60 10 2 41 38 36 40 8 6
12 28 9 70 54 65 20 41 20 95
19 66 1 9 58 82 24 40 32 95
# P_hat : m1 | m2 | m3 | m4 | m5 | m6 | m7 | m8 | m9 | m10
4.80 5.20 32.80 8.00 36.40 10.00 18.80 30.80 2.40 2.40
28.80 25.60 20.80 30.80 13.20 24.40 30.80 8.40 25.20 4.40
7.20 2.80 28.80 25.20 2.00 23.20 18.80 3.20 22.40 10.80
34.00 24.00 32.40 11.20 20.40 20.80 22.80 14.40 25.20 28.40
16.80 30.00 24.40 30.80 12.00 32.40 0.80 19.60 30.00 1.60
30.40 30.00 14.40 13.60 8.00 13.20 30.80 34.40 22.40 29.20
5.20 25.20 4.00 38.40 10.40 25.60 18.00 20.00 8.80 6.40
32.80 34.80 24.80 35.20 21.20 5.60 27.60 24.00 35.60 25.20
14.00 37.20 4.40 8.00 36.40 26.80 7.60 10.40 11.60 34.00
13.20 29.20 18.40 10.40 16.00 1.20 28.00 2.80 13.20 36.80
30.40 2.00 16.80 1.60 20.80 12.80 38.80 4.40 18.40 22.80
7.60 7.20 12.80 12.00 22.00 31.20 24.40 30.40 38.40 36.00
37.60 30.00 15.60 16.00 3.60 22.00 24.40 13.20 20.80 19.60
37.20 8.00 17.60 7.20 13.20 10.40 6.00 29.60 17.20 30.00
25.60 12.00 38.00 14.40 12.80 31.60 6.40 27.20 24.00 6.00
32.80 39.60 4.00 39.20 6.80 36.80 32.80 4.00 34.80 25.60
24.00 7.60 38.40 9.60 30.80 22.80 17.60 0.80 18.40 17.60
3.20 28.00 22.00 28.00 12.00 36.00 6.80 21.60 34.00 4.00
26.40 22.00 26.80 26.40 14.80 27.20 14.80 23.20 33.60 31.20
22.40 4.40 34.40 6.00 31.60 29.20 20.40 32.80 21.60 32.00
16.00 31.20 30.00 38.40 27.20 22.80 9.20 5.60 29.60 36.80
4.40 26.40 23.20 11.60 12.40 22.00 26.80 3.60 7.60 7.20
4.80 36.80 4.00 29.60 6.80 7.60 13.60 4.00 32.80 28.00
8.00 22.80 26.00 15.60 2.80 18.80 18.00 19.20 7.60 8.80
24.40 36.40 3.60 6.40 7.60 34.40 16.80 36.00 23.20 8.80
28.80 22.40 8.80 28.80 7.60 10.40 9.20 35.60 2.40 31.20
20.80 0.40 22.40 36.80 24.80 38.40 22.40 1.20 34.00 2.40
24.80 6.80 13.60 3.60 1.20 18.00 23.60 8.00 32.80 34.40
34.00 24.40 39.20 4.00 39.60 1.60 32.00 9.60 0.80 37.60
26.80 20.40 32.80 18.00 37.60 6.80 7.20 26.80 6.40 18.00
26.80 1.20 26.00 12.80 24.80 3.60 7.20 36.00 30.00 22.80
27.20 28.80 27.20 3.60 9.60 24.00 26.80 7.60 20.80 32.00
7.20 28.80 19.60 18.40 0.80 9.20 9.20 28.80 5.20 38.40
4.00 8.40 39.20 33.20 39.60 21.60 16.40 23.60 0.40 37.60
0.40 0.80 14.40 25.20 2.80 16.80 39.20 37.60 17.20 2.00
36.80 14.40 20.40 23.20 37.20 12.00 19.20 33.60 34.00 11.20
26.40 16.80 7.60 30.80 0.40 31.20 34.00 23.60 29.20 20.00
8.80 23.60 27.20 10.40 10.80 17.20 11.60 17.20 31.60 20.80
38.00 4.80 9.60 35.20 8.00 32.00 32.00 32.40 36.40 19.60
23.60 12.40 14.00 31.20 38.80 17.20 17.20 15.20 20.40 12.40
31.60 28.80 3.20 31.60 32.40 2.80 37.20 24.80 0.40 26.40
10.00 15.60 3.60 14.80 9.20 10.80 11.20 34.00 18.40 12.00
17.20 39.60 27.60 5.20 30.00 9.20 39.20 34.00 1.20 4.40
20.40 3.60 29.20 15.60 6.40 22.00 29.20 33.60 10.40 5.60
27.60 27.20 19.60 30.00 8.40 26.40 2.00 28.40 6.00 18.00
10.80 10.80 11.60 24.00 18.80 36.00 2.40 12.40 8.80 12.80
13.20 8.80 14.40 23.20 27.20 25.20 35.20 15.60 7.20 12.40
30.40 24.00 4.00 0.80 16.40 15.20 14.40 16.00 3.20 2.40
4.80 11.20 3.60 28.00 21.60 26.00 8.00 16.40 8.00 38.00
7.60 26.40 0.40 3.60 23.20 32.80 9.60 16.00 12.80 38.00
