# nJobs | nMachines
50 20
# Job Weights
32
19
54
69
74
16
24
72
44
11
86
77
11
49
29
63
46
34
54
33
41
50
44
100
63
70
32
68
58
9
28
89
64
48
32
75
89
45
27
14
69
69
5
85
4
29
11
1
50
88
# P_bar : m1 | m2 | m3 | m4 | m5 | m6 | m7 | m8 | m9 | m10 | m11 | m12 | m13 | m14 | m15 | m16 | m17 | m18 | m19 | m20
4 44 15 24 58 53 80 56 11 64 50 22 50 24 56 59 72 41 18 90
20 54 80 75 55 26 35 8 64 94 83 1 62 2 43 41 81 80 39 34
62 7 61 31 34 89 39 1 32 23 82 88 28 51 63 64 8 74 96 66
71 54 37 34 66 34 85 51 10 88 78 69 4 49 60 30 73 15 18 10
69 61 72 87 67 29 45 73 37 52 44 50 11 39 3 51 93 89 16 95
87 18 73 88 70 32 13 4 86 23 23 79 13 62 89 16 38 24 48 51
96 45 55 62 16 28 81 58 35 26 66 59 46 85 52 64 85 36 22 15
25 64 19 59 25 46 78 24 41 9 24 18 23 70 42 72 94 86 53 4
98 81 80 39 34 49 25 69 7 63 56 98 41 86 24 68 88 98 71 66
41 57 48 4 1 55 81 39 56 24 92 21 74 18 53 31 69 51 24 24
99 13 10 74 18 8 21 33 10 8 30 35 15 90 77 93 90 32 17 53
1 45 17 90 2 34 87 16 15 32 31 94 67 36 12 86 26 92 47 87
94 60 67 29 86 40 40 75 25 97 88 57 39 51 71 91 23 51 44 26
91 12 21 99 34 48 30 19 15 17 85 71 4 20 14 34 44 98 62 64
36 89 9 74 82 68 11 1 54 76 50 76 13 23 62 6 97 88 4 13
71 20 79 4 55 59 76 30 3 45 34 97 43 17 75 27 67 1 85 16
28 47 89 86 59 87 79 44 43 28 91 7 84 23 97 62 53 13 74 23
50 81 20 22 21 1 75 8 10 89 55 87 41 47 3 35 75 50 59 61
11 11 94 10 31 87 77 45 27 75 7 89 33 66 54 57 69 80 41 78
14 56 47 96 53 91 17 19 10 71 49 53 41 3 41 67 44 56 13 58
76 30 90 56 25 99 51 53 39 46 38 19 82 59 71 96 13 50 82 13
20 51 44 28 69 95 29 38 2 40 73 69 99 30 11 69 47 58 26 99
78 18 49 90 71 21 11 39 24 66 47 66 63 85 12 8 98 75 39 87
70 91 28 71 85 62 73 68 50 87 95 61 29 16 54 92 41 4 28 70
43 48 46 12 80 87 50 83 64 91 48 18 86 81 21 1 46 73 59 84
59 94 82 1 39 84 86 94 44 50 54 86 28 95 14 37 25 90 49 3
88 32 96 6 71 96 56 34 34 54 94 51 80 81 82 69 56 2 87 48
68 67 91 41 66 47 93 1 97 60 21 90 7 14 35 57 50 73 32 78
48 95 28 30 74 60 79 23 93 10 41 80 1 96 21 59 35 75 65 79
48 75 93 21 57 82 57 32 81 79 30 22 5 23 38 85 59 67 24 20
39 82 30 64 54 60 85 70 15 43 42 6 64 44 52 86 78 99 48 51
36 41 64 92 2 53 17 35 42 34 44 52 17 8 82 98 44 93 72 83
2 7 41 1 27 98 88 78 34 77 28 16 81 15 40 96 57 9 15 51
51 39 53 85 55 48 89 89 87 92 82 84 48 48 47 55 21 27 5 1
91 25 86 94 7 30 39 88 53 3 4 12 9 95 91 9 59 61 68 2
4 49 6 24 94 39 41 92 82 98 64 74 77 62 60 2 60 64 36 73
32 39 68 83 85 52 8 50 64 40 38 69 92 90 61 71 52 43 7 82
62 53 25 4 3 22 21 64 96 19 9 22 15 41 21 85 62 32 52 34
46 66 8 57 46 63 33 61 60 68 37 12 49 70 67 2 14 56 45 26
55 96 62 8 7 19 36 35 20 85 87 80 41 56 29 96 58 61 87 49
73 36 17 17 26 49 75 81 78 2 37 45 17 50 46 7 24 55 42 39
97 41 49 83 95 50 2 69 12 51 26 51 32 29 74 78 8 99 68 24
71 8 92 47 21 20 65 80 15 35 80 96 25 39 11 55 22 77 9 39
50 92 20 57 4 85 57 38 63 91 83 80 89 72 72 7 72 66 53 69
54 92 77 93 98 31 22 44 81 68 50 87 9 94 56 50 37 25 59 1
73 82 24 54 9 99 41 49 98 3 50 92 29 70 81 5 90 28 65 1
44 78 53 79 52 61 89 85 97 26 50 20 38 40 80 60 96 87 81 79
95 19 71 5 48 96 62 26 2 49 42 95 2 33 87 61 26 25 12 27
53 12 88 30 59 82 43 15 2 37 88 16 91 16 44 68 23 18 39 20
18 54 88 90 17 75 30 97 44 25 55 64 57 79 41 87 91 61 62 22
# P_hat : m1 | m2 | m3 | m4 | m5 | m6 | m7 | m8 | m9 | m10 | m11 | m12 | m13 | m14 | m15 | m16 | m17 | m18 | m19 | m20
0.40 4.40 1.50 2.40 5.80 5.30 8.00 5.60 1.10 6.40 5.00 2.20 5.00 2.40 5.60 5.90 7.20 4.10 1.80 9.00
2.00 5.40 8.00 7.50 5.50 2.60 3.50 0.80 6.40 9.40 8.30 0.10 6.20 0.20 4.30 4.10 8.10 8.00 3.90 3.40
6.20 0.70 6.10 3.10 3.40 8.90 3.90 0.10 3.20 2.30 8.20 8.80 2.80 5.10 6.30 6.40 0.80 7.40 9.60 6.60
7.10 5.40 3.70 3.40 6.60 3.40 8.50 5.10 1.00 8.80 7.80 6.90 0.40 4.90 6.00 3.00 7.30 1.50 1.80 1.00
6.90 6.10 7.20 8.70 6.70 2.90 4.50 7.30 3.70 5.20 4.40 5.00 1.10 3.90 0.30 5.10 9.30 8.90 1.60 9.50
8.70 1.80 7.30 8.80 7.00 3.20 1.30 0.40 8.60 2.30 2.30 7.90 1.30 6.20 8.90 1.60 3.80 2.40 4.80 5.10
9.60 4.50 5.50 6.20 1.60 2.80 8.10 5.80 3.50 2.60 6.60 5.90 4.60 8.50 5.20 6.40 8.50 3.60 2.20 1.50
2.50 6.40 1.90 5.90 2.50 4.60 7.80 2.40 4.10 0.90 2.40 1.80 2.30 7.00 4.20 7.20 9.40 8.60 5.30 0.40
9.80 8.10 8.00 3.90 3.40 4.90 2.50 6.90 0.70 6.30 5.60 9.80 4.10 8.60 2.40 6.80 8.80 9.80 7.10 6.60
4.10 5.70 4.80 0.40 0.10 5.50 8.10 3.90 5.60 2.40 9.20 2.10 7.40 1.80 5.30 3.10 6.90 5.10 2.40 2.40
9.90 1.30 1.00 7.40 1.80 0.80 2.10 3.30 1.00 0.80 3.00 3.50 1.50 9.00 7.70 9.30 9.00 3.20 1.70 5.30
0.10 4.50 1.70 9.00 0.20 3.40 8.70 1.60 1.50 3.20 3.10 9.40 6.70 3.60 1.20 8.60 2.60 9.20 4.70 8.70
9.40 6.00 6.70 2.90 8.60 4.00 4.00 7.50 2.50 9.70 8.80 5.70 3.90 5.10 7.10 9.10 2.30 5.10 4.40 2.60
9.10 1.20 2.10 9.90 3.40 4.80 3.00 1.90 1.50 1.70 8.50 7.10 0.40 2.00 1.40 3.40 4.40 9.80 6.20 6.40
3.60 8.90 0.90 7.40 8.20 6.80 1.10 0.10 5.40 7.60 5.00 7.60 1.30 2.30 6.20 0.60 9.70 8.80 0.40 1.30
7.10 2.00 7.90 0.40 5.50 5.90 7.60 3.00 0.30 4.50 3.40 9.70 4.30 1.70 7.50 2.70 6.70 0.10 8.50 1.60
2.80 4.70 8.90 8.60 5.90 8.70 7.90 4.40 4.30 2.80 9.10 0.70 8.40 2.30 9.70 6.20 5.30 1.30 7.40 2.30
5.00 8.10 2.00 2.20 2.10 0.10 7.50 0.80 1.00 8.90 5.50 8.70 4.10 4.70 0.30 3.50 7.50 5.00 5.90 6.10
1.10 1.10 9.40 1.00 3.10 8.70 7.70 4.50 2.70 7.50 0.70 8.90 3.30 6.60 5.40 5.70 6.90 8.00 4.10 7.80
1.40 5.60 4.70 9.60 5.30 9.10 1.70 1.90 1.00 7.10 4.90 5.30 4.10 0.30 4.10 6.70 4.40 5.60 1.30 5.80
7.60 3.00 9.00 5.60 2.50 9.90 5.10 5.30 3.90 4.60 3.80 1.90 8.20 5.90 7.10 9.60 1.30 5.00 8.20 1.30
2.00 5.10 4.40 2.80 6.90 9.50 2.90 3.80 0.20 4.00 7.30 6.90 9.90 3.00 1.10 6.90 4.70 5.80 2.60 9.90
7.80 1.80 4.90 9.00 7.10 2.10 1.10 3.90 2.40 6.60 4.70 6.60 6.30 8.50 1.20 0.80 9.80 7.50 3.90 8.70
7.00 9.10 2.80 7.10 8.50 6.20 7.30 6.80 5.00 8.70 9.50 6.10 2.90 1.60 5.40 9.20 4.10 0.40 2.80 7.00
4.30 4.80 4.60 1.20 8.00 8.70 5.00 8.30 6.40 9.10 4.80 1.80 8.60 8.10 2.10 0.10 4.60 7.30 5.90 8.40
5.90 9.40 8.20 0.10 3.90 8.40 8.60 9.40 4.40 5.00 5.40 8.60 2.80 9.50 1.40 3.70 2.50 9.00 4.90 0.30
8.80 3.20 9.60 0.60 7.10 9.60 5.60 3.40 3.40 5.40 9.40 5.10 8.00 8.10 8.20 6.90 5.60 0.20 8.70 4.80
6.80 6.70 9.10 4.10 6.60 4.70 9.30 0.10 9.70 6.00 2.10 9.00 0.70 1.40 3.50 5.70 5.00 7.30 3.20 7.80
4.80 9.50 2.80 3.00 7.40 6.00 7.90 2.30 9.30 1.00 4.10 8.00 0.10 9.60 2.10 5.90 3.50 7.50 6.50 7.90
4.80 7.50 9.30 2.10 5.70 8.20 5.70 3.20 8.10 7.90 3.00 2.20 0.50 2.30 3.80 8.50 5.90 6.70 2.40 2.00
3.90 8.20 3.00 6.40 5.40 6.00 8.50 7.00 1.50 4.30 4.20 0.60 6.40 4.40 5.20 8.60 7.80 9.90 4.80 5.10
3.60 4.10 6.40 9.20 0.20 5.30 1.70 3.50 4.20 3.40 4.40 5.20 1.70 0.80 8.20 9.80 4.40 9.30 7.20 8.30
0.20 0.70 4.10 0.10 2.70 9.80 8.80 7.80 3.40 7.70 2.80 1.60 8.10 1.50 4.00 9.60 5.70 0.90 1.50 5.10
5.10 3.90 5.30 8.50 5.50 4.80 8.90 8.90 8.70 9.20 8.20 8.40 4.80 4.80 4.70 5.50 2.10 2.70 0.50 0.10
9.10 2.50 8.60 9.40 0.70 3.00 3.90 8.80 5.30 0.30 0.40 1.20 0.90 9.50 9.10 0.90 5.90 6.10 6.80 0.20
0.40 4.90 0.60 2.40 9.40 3.90 4.10 9.20 8.20 9.80 6.40 7.40 7.70 6.20 6.00 0.20 6.00 6.40 3.60 7.30
3.20 3.90 6.80 8.30 8.50 5.20 0.80 5.00 6.40 4.00 3.80 6.90 9.20 9.00 6.10 7.10 5.20 4.30 0.70 8.20
6.20 5.30 2.50 0.40 0.30 2.20 2.10 6.40 9.60 1.90 0.90 2.20 1.50 4.10 2.10 8.50 6.20 3.20 5.20 3.40
4.60 6.60 0.80 5.70 4.60 6.30 3.30 6.10 6.00 6.80 3.70 1.20 4.90 7.00 6.70 0.20 1.40 5.60 4.50 2.60
5.50 9.60 6.20 0.80 0.70 1.90 3.60 3.50 2.00 8.50 8.70 8.00 4.10 5.60 2.90 9.60 5.80 6.10 8.70 4.90
7.30 3.60 1.70 1.70 2.60 4.90 7.50 8.10 7.80 0.20 3.70 4.50 1.70 5.00 4.60 0.70 2.40 5.50 4.20 3.90
9.70 4.10 4.90 8.30 9.50 5.00 0.20 6.90 1.20 5.10 2.60 5.10 3.20 2.90 7.40 7.80 0.80 9.90 6.80 2.40
7.10 0.80 9.20 4.70 2.10 2.00 6.50 8.00 1.50 3.50 8.00 9.60 2.50 3.90 1.10 5.50 2.20 7.70 0.90 3.90
5.00 9.20 2.00 5.70 0.40 8.50 5.70 3.80 6.30 9.10 8.30 8.00 8.90 7.20 7.20 0.70 7.20 6.60 5.30 6.90
5.40 9.20 7.70 9.30 9.80 3.10 2.20 4.40 8.10 6.80 5.00 8.70 0.90 9.40 5.60 5.00 3.70 2.50 5.90 0.10
7.30 8.20 2.40 5.40 0.90 9.90 4.10 4.90 9.80 0.30 5.00 9.20 2.90 7.00 8.10 0.50 9.00 2.80 6.50 0.10
4.40 7.80 5.30 7.90 5.20 6.10 8.90 8.50 9.70 2.60 5.00 2.00 3.80 4.00 8.00 6.00 9.60 8.70 8.10 7.90
9.50 1.90 7.10 0.50 4.80 9.60 6.20 2.60 0.20 4.90 4.20 9.50 0.20 3.30 8.70 6.10 2.60 2.50 1.20 2.70
5.30 1.20 8.80 3.00 5.90 8.20 4.30 1.50 0.20 3.70 8.80 1.60 9.10 1.60 4.40 6.80 2.30 1.80 3.90 2.00
1.80 5.40 8.80 9.00 1.70 7.50 3.00 9.70 4.40 2.50 5.50 6.40 5.70 7.90 4.10 8.70 9.10 6.10 6.20 2.20
