# nJobs | nMachines
100 5
# Job Weights
46
2
96
34
22
11
16
76
33
77
86
70
53
49
11
26
49
52
10
1
17
6
73
84
34
49
15
100
63
57
13
86
82
97
37
97
55
13
39
35
79
57
49
35
21
29
9
66
36
91
78
29
46
56
81
20
39
83
10
10
5
37
24
6
9
95
22
63
16
88
45
27
67
24
21
39
55
99
58
42
81
51
69
28
3
76
75
58
16
82
72
28
68
36
74
69
15
17
47
71
# P_bar : m1 | m2 | m3 | m4 | m5
7 62 29 10 30
41 67 39 54 10
6 30 31 89 54
14 5 3 9 3
62 26 50 52 63
1 57 37 47 63
40 28 85 5 90
16 5 70 39 60
76 41 22 31 88
75 81 35 93 36
80 44 59 56 92
73 93 61 44 1
73 45 65 60 90
38 20 88 79 23
66 50 28 91 49
64 55 35 17 96
5 87 69 23 95
47 90 22 76 46
26 36 89 46 23
54 15 21 30 91
48 14 25 43 50
54 24 66 54 82
76 42 88 44 13
1 53 90 84 77
57 92 55 56 51
89 39 65 9 4
39 55 58 25 32
20 77 55 56 90
16 40 2 15 4
40 66 92 27 73
5 42 72 98 21
94 19 22 81 10
53 54 6 99 58
12 79 26 77 54
64 64 65 72 76
83 66 36 5 12
22 71 14 21 89
78 89 97 8 23
20 72 75 11 7
93 13 13 73 89
89 67 81 34 97
41 72 27 17 70
77 46 85 80 67
81 69 16 1 81
57 82 12 42 91
95 94 29 3 51
12 26 21 59 47
83 50 63 32 73
31 11 23 49 76
19 58 74 12 74
66 11 25 26 13
73 89 92 61 11
79 23 73 15 5
21 29 5 20 28
91 53 73 24 56
48 42 1 77 37
17 37 36 40 3
76 96 7 75 15
59 58 11 83 95
79 41 95 50 94
12 6 24 82 25
88 49 59 91 56
91 34 71 78 79
60 86 71 88 5
8 77 69 16 33
95 92 67 60 45
59 98 28 23 42
41 65 55 18 74
56 1 66 29 9
20 18 48 45 31
70 70 46 26 42
16 27 39 66 45
4 46 6 73 72
13 95 20 90 87
40 70 72 91 37
64 12 70 68 19
88 41 61 15 10
92 4 83 26 25
95 44 79 11 38
14 32 82 22 59
16 70 62 62 58
2 27 91 96 96
21 22 8 52 36
97 57 88 72 86
59 31 25 17 93
87 20 9 48 38
70 86 34 49 47
11 30 20 99 73
98 27 93 80 18
75 47 7 30 10
28 90 13 6 71
51 47 11 33 30
27 41 57 89 99
58 47 27 12 82
19 29 7 80 11
64 12 44 94 45
5 14 99 52 79
82 1 51 41 67
12 42 88 49 35
55 67 17 93 23
# P_hat : m1 | m2 | m3 | m4 | m5
2.80 24.80 11.60 4.00 12.00
16.40 26.80 15.60 21.60 4.00
2.40 12.00 12.40 35.60 21.60
5.60 2.00 1.20 3.60 1.20
24.80 10.40 20.00 20.80 25.20
0.40 22.80 14.80 18.80 25.20
16.00 11.20 34.00 2.00 36.00
6.40 2.00 28.00 15.60 24.00
30.40 16.40 8.80 12.40 35.20
30.00 32.40 14.00 37.20 14.40
32.00 17.60 23.60 22.40 36.80
29.20 37.20 24.40 17.60 0.40
29.20 18.00 26.00 24.00 36.00
15.20 8.00 35.20 31.60 9.20
26.40 20.00 11.20 36.40 19.60
25.60 22.00 14.00 6.80 38.40
2.00 34.80 27.60 9.20 38.00
18.80 36.00 8.80 30.40 18.40
10.40 14.40 35.60 18.40 9.20
21.60 6.00 8.40 12.00 36.40
19.20 5.60 10.00 17.20 20.00
21.60 9.60 26.40 21.60 32.80
30.40 16.80 35.20 17.60 5.20
0.40 21.20 36.00 33.60 30.80
22.80 36.80 22.00 22.40 20.40
35.60 15.60 26.00 3.60 1.60
15.60 22.00 23.20 10.00 12.80
8.00 30.80 22.00 22.40 36.00
6.40 16.00 0.80 6.00 1.60
16.00 26.40 36.80 10.80 29.20
2.00 16.80 28.80 39.20 8.40
37.60 7.60 8.80 32.40 4.00
21.20 21.60 2.40 39.60 23.20
4.80 31.60 10.40 30.80 21.60
25.60 25.60 26.00 28.80 30.40
33.20 26.40 14.40 2.00 4.80
8.80 28.40 5.60 8.40 35.60
31.20 35.60 38.80 3.20 9.20
8.00 28.80 30.00 4.40 2.80
37.20 5.20 5.20 29.20 35.60
35.60 26.80 32.40 13.60 38.80
16.40 28.80 10.80 6.80 28.00
30.80 18.40 34.00 32.00 26.80
32.40 27.60 6.40 0.40 32.40
22.80 32.80 4.80 16.80 36.40
38.00 37.60 11.60 1.20 20.40
4.80 10.40 8.40 23.60 18.80
33.20 20.00 25.20 12.80 29.20
12.40 4.40 9.20 19.60 30.40
7.60 23.20 29.60 4.80 29.60
26.40 4.40 10.00 10.40 5.20
29.20 35.60 36.80 24.40 4.40
31.60 9.20 29.20 6.00 2.00
8.40 11.60 2.00 8.00 11.20
36.40 21.20 29.20 9.60 22.40
19.20 16.80 0.40 30.80 14.80
6.80 14.80 14.40 16.00 1.20
30.40 38.40 2.80 30.00 6.00
23.60 23.20 4.40 33.20 38.00
31.60 16.40 38.00 20.00 37.60
4.80 2.40 9.60 32.80 10.00
35.20 19.60 23.60 36.40 22.40
36.40 13.60 28.40 31.20 31.60
24.00 34.40 28.40 35.20 2.00
3.20 30.80 27.60 6.40 13.20
38.00 36.80 26.80 24.00 18.00
23.60 39.20 11.20 9.20 16.80
16.40 26.00 22.00 7.20 29.60
22.40 0.40 26.40 11.60 3.60
8.00 7.20 19.20 18.00 12.40
28.00 28.00 18.40 10.40 16.80
6.40 10.80 15.60 26.40 18.00
1.60 18.40 2.40 29.20 28.80
5.20 38.00 8.00 36.00 34.80
16.00 28.00 28.80 36.40 14.80
25.60 4.80 28.00 27.20 7.60
35.20 16.40 24.40 6.00 4.00
36.80 1.60 33.20 10.40 10.00
38.00 17.60 31.60 4.40 15.20
5.60 12.80 32.80 8.80 23.60
6.40 28.00 24.80 24.80 23.20
0.80 10.80 36.40 38.40 38.40
8.40 8.80 3.20 20.80 14.40
38.80 22.80 35.20 28.80 34.40
23.60 12.40 10.00 6.80 37.20
34.80 8.00 3.60 19.20 15.20
28.00 34.40 13.60 19.60 18.80
4.40 12.00 8.00 39.60 29.20
39.20 10.80 37.20 32.00 7.20
30.00 18.80 2.80 12.00 4.00
11.20 36.00 5.20 2.40 28.40
20.40 18.80 4.40 13.20 12.00
10.80 16.40 22.80 35.60 39.60
23.20 18.80 10.80 4.80 32.80
7.60 11.60 2.80 32.00 4.40
25.60 4.80 17.60 37.60 18.00
2.00 5.60 39.60 20.80 31.60
32.80 0.40 20.40 16.40 26.80
4.80 16.80 35.20 19.60 14.00
22.00 26.80 6.80 37.20 9.20
