# nJobs | nMachines
20 20
# Job Weights
93
14
99
92
47
88
61
46
97
17
88
57
52
27
67
30
32
55
62
78
# P_bar : m1 | m2 | m3 | m4 | m5 | m6 | m7 | m8 | m9 | m10 | m11 | m12 | m13 | m14 | m15 | m16 | m17 | m18 | m19 | m20
94 3 39 1 63 86 44 19 55 67 98 30 21 63 75 20 57 73 71 38
43 18 23 92 96 36 25 82 46 66 79 63 18 20 56 50 28 11 18 4
6 43 28 83 50 19 85 12 68 66 44 88 98 70 87 37 27 38 93 40
47 41 31 43 12 71 86 70 15 32 90 79 59 12 52 68 51 53 74 98
45 83 86 3 15 8 73 6 55 8 22 44 17 1 77 23 42 79 30 22
51 62 19 3 11 77 58 64 74 30 72 54 29 75 78 64 95 40 86 8
73 27 85 51 33 8 95 3 42 92 84 12 42 72 93 15 94 56 50 31
49 75 90 5 7 6 13 4 40 40 42 15 19 79 65 10 35 60 12 41
31 52 77 38 4 40 50 29 88 13 46 3 17 48 21 20 26 25 6 25
58 58 4 37 58 39 39 43 68 79 72 89 49 77 35 15 42 54 80 91
19 18 85 44 27 24 24 40 67 19 98 84 71 16 1 19 31 78 96 95
36 1 81 66 7 82 55 77 67 29 12 23 25 60 15 92 26 78 10 83
54 61 9 31 7 69 58 88 8 27 14 4 22 47 52 63 14 53 95 38
75 67 52 8 54 82 79 74 13 18 6 32 84 67 94 69 75 39 17 93
7 55 67 79 31 39 42 13 74 42 70 60 50 45 10 15 6 50 98 62
5 72 77 42 94 52 98 13 47 86 1 70 46 67 61 94 86 64 29 87
82 16 45 85 25 85 44 17 3 30 41 20 60 35 8 94 32 67 13 27
20 12 7 92 8 48 16 45 95 41 60 43 31 55 79 54 92 15 64 33
31 87 21 89 61 22 13 2 36 27 51 2 64 26 40 45 71 24 56 58
32 21 26 29 51 57 74 22 46 50 82 52 53 32 29 51 63 74 81 26
# P_hat : m1 | m2 | m3 | m4 | m5 | m6 | m7 | m8 | m9 | m10 | m11 | m12 | m13 | m14 | m15 | m16 | m17 | m18 | m19 | m20
47.00 1.50 19.50 0.50 31.50 43.00 22.00 9.50 27.50 33.50 49.00 15.00 10.50 31.50 37.50 10.00 28.50 36.50 35.50 19.00
21.50 9.00 11.50 46.00 48.00 18.00 12.50 41.00 23.00 33.00 39.50 31.50 9.00 10.00 28.00 25.00 14.00 5.50 9.00 2.00
3.00 21.50 14.00 41.50 25.00 9.50 42.50 6.00 34.00 33.00 22.00 44.00 49.00 35.00 43.50 18.50 13.50 19.00 46.50 20.00
23.50 20.50 15.50 21.50 6.00 35.50 43.00 35.00 7.50 16.00 45.00 39.50 29.50 6.00 26.00 34.00 25.50 26.50 37.00 49.00
22.50 41.50 43.00 1.50 7.50 4.00 36.50 3.00 27.50 4.00 11.00 22.00 8.50 0.50 38.50 11.50 21.00 39.50 15.00 11.00
25.50 31.00 9.50 1.50 5.50 38.50 29.00 32.00 37.00 15.00 36.00 27.00 14.50 37.50 39.00 32.00 47.50 20.00 43.00 4.00
36.50 13.50 42.50 25.50 16.50 4.00 47.50 1.50 21.00 46.00 42.00 6.00 21.00 36.00 46.50 7.50 47.00 28.00 25.00 15.50
24.50 37.50 45.00 2.50 3.50 3.00 6.50 2.00 20.00 20.00 21.00 7.50 9.50 39.50 32.50 5.00 17.50 30.00 6.00 20.50
15.50 26.00 38.50 19.00 2.00 20.00 25.00 14.50 44.00 6.50 23.00 1.50 8.50 24.00 10.50 10.00 13.00 12.50 3.00 12.50
29.00 29.00 2.00 18.50 29.00 19.50 19.50 21.50 34.00 39.50 36.00 44.50 24.50 38.50 17.50 7.50 21.00 27.00 40.00 45.50
9.50 9.00 42.50 22.00 13.50 12.00 12.00 20.00 33.50 9.50 49.00 42.00 35.50 8.00 0.50 9.50 15.50 39.00 48.00 47.50
18.00 0.50 40.50 33.00 3.50 41.00 27.50 38.50 33.50 14.50 6.00 11.50 12.50 30.00 7.50 46.00 13.00 39.00 5.00 41.50
27.00 30.50 4.50 15.50 3.50 34.50 29.00 44.00 4.00 13.50 7.00 2.00 11.00 23.50 26.00 31.50 7.00 26.50 47.50 19.00
37.50 33.50 26.00 4.00 27.00 41.00 39.50 37.00 6.50 9.00 3.00 16.00 42.00 33.50 47.00 34.50 37.50 19.50 8.50 46.50
3.50 27.50 33.50 39.50 15.50 19.50 21.00 6.50 37.00 21.00 35.00 30.00 25.00 22.50 5.00 7.50 3.00 25.00 49.00 31.00
2.50 36.00 38.50 21.00 47.00 26.00 49.00 6.50 23.50 43.00 0.50 35.00 23.00 33.50 30.50 47.00 43.00 32.00 14.50 43.50
41.00 8.00 22.50 42.50 12.50 42.50 22.00 8.50 1.50 15.00 20.50 10.00 30.00 17.50 4.00 47.00 16.00 33.50 6.50 13.50
10.00 6.00 3.50 46.00 4.00 24.00 8.00 22.50 47.50 20.50 30.00 21.50 15.50 27.50 39.50 27.00 46.00 7.50 32.00 16.50
15.50 43.50 10.50 44.50 30.50 11.00 6.50 1.00 18.00 13.50 25.50 1.00 32.00 13.00 20.00 22.50 35.50 12.00 28.00 29.00
16.00 10.50 13.00 14.50 25.50 28.50 37.00 11.00 23.00 25.00 41.00 26.00 26.50 16.00 14.50 25.50 31.50 37.00 40.50 13.00
