# nJobs | nMachines
100 5
# Job Weights
89
27
100
42
45
83
25
58
12
57
62
24
77
40
75
41
73
90
68
38
88
73
48
46
23
26
51
70
86
8
45
23
59
15
16
35
6
18
5
84
52
67
81
29
90
25
56
90
8
95
75
13
55
24
82
20
62
72
75
27
79
17
28
64
51
7
64
48
30
25
20
49
70
21
81
53
35
66
30
97
69
81
76
47
87
30
78
28
28
23
27
65
86
34
58
42
8
49
39
1
# P_bar : m1 | m2 | m3 | m4 | m5
37 54 28 11 65
45 85 1 5 64
97 52 75 37 94
90 79 36 55 90
54 78 27 55 33
69 16 19 83 41
12 92 62 62 24
29 82 76 58 24
47 28 78 75 10
21 2 70 57 47
60 48 24 27 21
45 34 12 29 83
5 48 23 55 14
6 20 44 71 81
41 81 84 41 86
38 44 50 11 82
35 12 96 14 7
69 40 15 78 36
74 15 60 79 33
83 86 41 69 62
31 61 64 88 2
39 59 54 54 48
17 21 28 78 12
29 71 94 10 88
17 22 73 27 82
50 35 64 43 28
58 81 64 76 34
8 41 63 9 3
56 53 67 70 99
27 18 12 98 70
88 12 51 9 60
7 24 56 83 50
89 16 78 66 35
98 52 34 32 38
69 93 43 25 83
73 44 71 7 22
22 86 61 60 69
82 9 4 5 44
85 83 17 15 9
48 37 36 28 89
18 42 38 27 47
6 46 60 23 14
3 13 79 31 24
19 28 66 96 14
12 95 28 74 33
57 23 84 60 70
34 67 95 19 99
83 59 43 38 15
71 75 23 37 96
94 90 51 56 23
30 66 30 37 27
54 88 60 61 15
39 68 31 75 37
32 50 34 72 99
11 30 1 8 8
64 70 46 54 41
39 18 84 27 41
45 53 22 52 43
39 1 57 84 66
41 34 16 37 16
8 82 39 50 37
34 41 49 63 97
53 84 71 64 86
84 64 41 31 16
56 66 3 45 46
48 97 72 88 34
63 71 24 22 85
29 17 26 16 59
79 37 80 61 29
22 29 72 82 29
67 24 61 47 30
89 97 66 63 51
81 6 72 99 49
25 83 65 53 72
32 40 93 31 69
70 36 74 41 51
15 67 21 88 11
45 53 82 37 98
38 68 87 23 63
58 20 76 59 80
35 36 80 84 81
50 30 31 3 86
56 95 20 77 55
41 92 90 90 74
81 57 68 10 43
40 75 31 16 93
94 92 31 57 98
51 94 11 25 24
33 28 22 49 62
13 65 66 13 50
70 9 69 50 68
26 23 61 97 65
34 30 94 59 69
11 63 1 59 17
29 86 23 70 49
87 30 48 15 29
1 61 45 26 70
43 28 92 68 46
12 92 40 79 53
52 10 69 49 66
# P_hat : m1 | m2 | m3 | m4 | m5
3.70 5.40 2.80 1.10 6.50
4.50 8.50 0.10 0.50 6.40
9.70 5.20 7.50 3.70 9.40
9.00 7.90 3.60 5.50 9.00
5.40 7.80 2.70 5.50 3.30
6.90 1.60 1.90 8.30 4.10
1.20 9.20 6.20 6.20 2.40
2.90 8.20 7.60 5.80 2.40
4.70 2.80 7.80 7.50 1.00
2.10 0.20 7.00 5.70 4.70
6.00 4.80 2.40 2.70 2.10
4.50 3.40 1.20 2.90 8.30
0.50 4.80 2.30 5.50 1.40
0.60 2.00 4.40 7.10 8.10
4.10 8.10 8.40 4.10 8.60
3.80 4.40 5.00 1.10 8.20
3.50 1.20 9.60 1.40 0.70
6.90 4.00 1.50 7.80 3.60
7.40 1.50 6.00 7.90 3.30
8.30 8.60 4.10 6.90 6.20
3.10 6.10 6.40 8.80 0.20
3.90 5.90 5.40 5.40 4.80
1.70 2.10 2.80 7.80 1.20
2.90 7.10 9.40 1.00 8.80
1.70 2.20 7.30 2.70 8.20
5.00 3.50 6.40 4.30 2.80
5.80 8.10 6.40 7.60 3.40
0.80 4.10 6.30 0.90 0.30
5.60 5.30 6.70 7.00 9.90
2.70 1.80 1.20 9.80 7.00
8.80 1.20 5.10 0.90 6.00
0.70 2.40 5.60 8.30 5.00
8.90 1.60 7.80 6.60 3.50
9.80 5.20 3.40 3.20 3.80
6.90 9.30 4.30 2.50 8.30
7.30 4.40 7.10 0.70 2.20
2.20 8.60 6.10 6.00 6.90
8.20 0.90 0.40 0.50 4.40
8.50 8.30 1.70 1.50 0.90
4.80 3.70 3.60 2.80 8.90
1.80 4.20 3.80 2.70 4.70
0.60 4.60 6.00 2.30 1.40
0.30 1.30 7.90 3.10 2.40
1.90 2.80 6.60 9.60 1.40
1.20 9.50 2.80 7.40 3.30
5.70 2.30 8.40 6.00 7.00
3.40 6.70 9.50 1.90 9.90
8.30 5.90 4.30 3.80 1.50
7.10 7.50 2.30 3.70 9.60
9.40 9.00 5.10 5.60 2.30
3.00 6.60 3.00 3.70 2.70
5.40 8.80 6.00 6.10 1.50
3.90 6.80 3.10 7.50 3.70
3.20 5.00 3.40 7.20 9.90
1.10 3.00 0.10 0.80 0.80
6.40 7.00 4.60 5.40 4.10
3.90 1.80 8.40 2.70 4.10
4.50 5.30 2.20 5.20 4.30
3.90 0.10 5.70 8.40 6.60
4.10 3.40 1.60 3.70 1.60
0.80 8.20 3.90 5.00 3.70
3.40 4.10 4.90 6.30 9.70
5.30 8.40 7.10 6.40 8.60
8.40 6.40 4.10 3.10 1.60
5.60 6.60 0.30 4.50 4.60
4.80 9.70 7.20 8.80 3.40
6.30 7.10 2.40 2.20 8.50
2.90 1.70 2.60 1.60 5.90
7.90 3.70 8.00 6.10 2.90
2.20 2.90 7.20 8.20 2.90
6.70 2.40 6.10 4.70 3.00
8.90 9.70 6.60 6.30 5.10
8.10 0.60 7.20 9.90 4.90
2.50 8.30 6.50 5.30 7.20
3.20 4.00 9.30 3.10 6.90
7.00 3.60 7.40 4.10 5.10
1.50 6.70 2.10 8.80 1.10
4.50 5.30 8.20 3.70 9.80
3.80 6.80 8.70 2.30 6.30
5.80 2.00 7.60 5.90 8.00
3.50 3.60 8.00 8.40 8.10
5.00 3.00 3.10 0.30 8.60
5.60 9.50 2.00 7.70 5.50
4.10 9.20 9.00 9.00 7.40
8.10 5.70 6.80 1.00 4.30
4.00 7.50 3.10 1.60 9.30
9.40 9.20 3.10 5.70 9.80
5.10 9.40 1.10 2.50 2.40
3.30 2.80 2.20 4.90 6.20
1.30 6.50 6.60 1.30 5.00
7.00 0.90 6.90 5.00 6.80
2.60 2.30 6.10 9.70 6.50
3.40 3.00 9.40 5.90 6.90
1.10 6.30 0.10 5.90 1.70
2.90 8.60 2.30 7.00 4.90
8.70 3.00 4.80 1.50 2.90
0.10 6.10 4.50 2.60 7.00
4.30 2.80 9.20 6.80 4.60
1.20 9.20 4.00 7.90 5.30
5.20 1.00 6.90 4.90 6.60
