# nJobs | nMachines
20 5
# Job Weights
4
26
11
2
71
31
53
6
20
100
88
67
70
83
3
20
87
48
50
70
# P_bar : m1 | m2 | m3 | m4 | m5
61 27 42 13 55
86 92 93 47 48
16 8 32 6 56
42 65 30 70 84
14 34 16 19 22
92 6 95 97 51
67 42 58 41 43
77 39 12 1 50
46 2 95 57 62
41 7 21 60 61
78 85 74 62 10
3 32 38 14 87
72 14 4 90 99
95 74 31 76 40
53 59 62 12 91
59 95 39 89 64
34 48 97 37 62
66 37 57 35 53
42 59 9 91 33
63 4 54 69 16
# P_hat : m1 | m2 | m3 | m4 | m5
12.20 5.40 8.40 2.60 11.00
17.20 18.40 18.60 9.40 9.60
3.20 1.60 6.40 1.20 11.20
8.40 13.00 6.00 14.00 16.80
2.80 6.80 3.20 3.80 4.40
18.40 1.20 19.00 19.40 10.20
13.40 8.40 11.60 8.20 8.60
15.40 7.80 2.40 0.20 10.00
9.20 0.40 19.00 11.40 12.40
8.20 1.40 4.20 12.00 12.20
15.60 17.00 14.80 12.40 2.00
0.60 6.40 7.60 2.80 17.40
14.40 2.80 0.80 18.00 19.80
19.00 14.80 6.20 15.20 8.00
10.60 11.80 12.40 2.40 18.20
11.80 19.00 7.80 17.80 12.80
6.80 9.60 19.40 7.40 12.40
13.20 7.40 11.40 7.00 10.60
8.40 11.80 1.80 18.20 6.60
12.60 0.80 10.80 13.80 3.20
