# nJobs | nMachines
50 10
# Job Weights
85
4
45
96
77
35
32
87
67
32
68
12
53
87
80
14
58
22
91
54
88
15
86
45
61
30
98
30
63
19
88
2
14
48
38
81
15
32
16
32
23
96
67
47
6
16
1
45
27
80
# P_bar : m1 | m2 | m3 | m4 | m5 | m6 | m7 | m8 | m9 | m10
18 97 14 74 75 27 69 65 89 83
77 49 17 29 43 98 28 21 41 3
73 33 31 77 70 62 95 60 16 99
91 48 37 14 11 17 38 72 7 87
96 68 85 30 64 35 89 4 84 60
10 36 84 14 88 71 19 85 53 92
58 66 7 48 94 94 6 47 56 75
70 6 54 1 9 58 52 80 71 53
42 54 40 4 29 77 70 71 40 30
21 16 95 71 58 29 4 26 17 59
11 7 97 54 90 61 81 73 33 95
88 35 44 30 78 41 1 36 3 85
91 64 4 42 63 47 36 38 51 63
78 18 46 43 34 2 30 13 76 21
70 8 10 33 71 16 13 66 2 78
53 61 63 32 49 41 90 82 63 72
51 41 76 12 69 59 30 2 84 87
96 65 23 68 97 27 66 76 55 52
27 71 95 8 10 18 28 29 3 39
47 34 73 82 43 33 36 90 82 93
30 35 78 27 22 1 38 36 46 22
37 92 46 59 16 99 48 32 58 82
63 70 40 20 31 3 97 84 24 21
61 65 34 60 22 15 56 78 57 65
73 76 92 76 62 45 92 94 59 81
80 71 42 44 14 82 93 45 86 59
5 81 56 29 11 20 81 14 39 73
82 32 4 68 46 11 24 72 55 74
49 27 63 24 85 90 38 3 69 33
11 95 93 46 59 65 39 18 36 53
79 49 72 94 73 73 33 58 98 47
78 51 63 79 22 71 7 87 82 69
57 65 62 68 70 26 75 30 44 11
47 17 30 49 52 97 43 73 70 31
91 91 91 85 70 50 92 71 67 69
92 23 96 87 45 43 44 5 74 67
94 17 53 17 45 7 35 77 61 3
33 19 19 99 37 78 2 60 38 21
52 28 40 76 2 27 96 6 87 29
12 70 14 81 90 50 28 61 35 28
37 67 16 52 2 70 13 23 37 45
47 40 66 24 40 65 67 29 98 2
39 81 54 57 70 96 61 2 26 53
4 54 54 8 93 27 71 67 49 36
50 52 64 36 44 66 20 69 12 5
90 38 86 67 71 18 54 38 52 79
58 6 31 57 83 96 53 37 49 76
46 8 99 66 13 66 75 80 92 32
14 31 10 5 3 82 58 51 43 87
84 98 2 69 99 23 74 34 75 4
# P_hat : m1 | m2 | m3 | m4 | m5 | m6 | m7 | m8 | m9 | m10
5.40 29.10 4.20 22.20 22.50 8.10 20.70 19.50 26.70 24.90
23.10 14.70 5.10 8.70 12.90 29.40 8.40 6.30 12.30 0.90
21.90 9.90 9.30 23.10 21.00 18.60 28.50 18.00 4.80 29.70
27.30 14.40 11.10 4.20 3.30 5.10 11.40 21.60 2.10 26.10
28.80 20.40 25.50 9.00 19.20 10.50 26.70 1.20 25.20 18.00
3.00 10.80 25.20 4.20 26.40 21.30 5.70 25.50 15.90 27.60
17.40 19.80 2.10 14.40 28.20 28.20 1.80 14.10 16.80 22.50
21.00 1.80 16.20 0.30 2.70 17.40 15.60 24.00 21.30 15.90
12.60 16.20 12.00 1.20 8.70 23.10 21.00 21.30 12.00 9.00
6.30 4.80 28.50 21.30 17.40 8.70 1.20 7.80 5.10 17.70
3.30 2.10 29.10 16.20 27.00 18.30 24.30 21.90 9.90 28.50
26.40 10.50 13.20 9.00 23.40 12.30 0.30 10.80 0.90 25.50
27.30 19.20 1.20 12.60 18.90 14.10 10.80 11.40 15.30 18.90
23.40 5.40 13.80 12.90 10.20 0.60 9.00 3.90 22.80 6.30
21.00 2.40 3.00 9.90 21.30 4.80 3.90 19.80 0.60 23.40
15.90 18.30 18.90 9.60 14.70 12.30 27.00 24.60 18.90 21.60
15.30 12.30 22.80 3.60 20.70 17.70 9.00 0.60 25.20 26.10
28.80 19.50 6.90 20.40 29.10 8.10 19.80 22.80 16.50 15.60
8.10 21.30 28.50 2.40 3.00 5.40 8.40 8.70 0.90 11.70
14.10 10.20 21.90 24.60 12.90 9.90 10.80 27.00 24.60 27.90
9.00 10.50 23.40 8.10 6.60 0.30 11.40 10.80 13.80 6.60
11.10 27.60 13.80 17.70 4.80 29.70 14.40 9.60 17.40 24.60
18.90 21.00 12.00 6.00 9.30 0.90 29.10 25.20 7.20 6.30
18.30 19.50 10.20 18.00 6.60 4.50 16.80 23.40 17.10 19.50
21.90 22.80 27.60 22.80 18.60 13.50 27.60 28.20 17.70 24.30
24.00 21.30 12.60 13.20 4.20 24.60 27.90 13.50 25.80 17.70
1.50 24.30 16.80 8.70 3.30 6.00 24.30 4.20 11.70 21.90
24.60 9.60 1.20 20.40 13.80 3.30 7.20 21.60 16.50 22.20
14.70 8.10 18.90 7.20 25.50 27.00 11.40 0.90 20.70 9.90
3.30 28.50 27.90 13.80 17.70 19.50 11.70 5.40 10.80 15.90
23.70 14.70 21.60 28.20 21.90 21.90 9.90 17.40 29.40 14.10
23.40 15.30 18.90 23.70 6.60 21.30 2.10 26.10 24.60 20.70
17.10 19.50 18.60 20.40 21.00 7.80 22.50 9.00 13.20 3.30
14.10 5.10 9.00 14.70 15.60 29.10 12.90 21.90 21.00 9.30
27.30 27.30 27.30 25.50 21.00 15.00 27.60 21.30 20.10 20.70
27.60 6.90 28.80 26.10 13.50 12.90 13.20 1.50 22.20 20.10
28.20 5.10 15.90 5.10 13.50 2.10 10.50 23.10 18.30 0.90
9.90 5.70 5.70 29.70 11.10 23.40 0.60 18.00 11.40 6.30
15.60 8.40 12.00 22.80 0.60 8.10 28.80 1.80 26.10 8.70
3.60 21.00 4.20 24.30 27.00 15.00 8.40 18.30 10.50 8.40
11.10 20.10 4.80 15.60 0.60 21.00 3.90 6.90 11.10 13.50
14.10 12.00 19.80 7.20 12.00 19.50 20.10 8.70 29.40 0.60
11.70 24.30 16.20 17.10 21.00 28.80 18.30 0.60 7.80 15.90
1.20 16.20 16.20 2.40 27.90 8.10 21.30 20.10 14.70 10.80
15.00 15.60 19.20 10.80 13.20 19.80 6.00 20.70 3.60 1.50
27.00 11.40 25.80 20.10 21.30 5.40 16.20 11.40 15.60 23.70
17.40 1.80 9.30 17.10 24.90 28.80 15.90 11.10 14.70 22.80
13.80 2.40 29.70 19.80 3.90 19.80 22.50 24.00 27.60 9.60
4.20 9.30 3.00 1.50 0.90 24.60 17.40 15.30 12.90 26.10
25.20 29.40 0.60 20.70 29.70 6.90 22.20 10.20 22.50 1.20
