# nJobs | nMachines
20 5
# Job Weights
77
50
74
94
78
96
47
28
38
44
52
32
70
75
22
83
84
55
12
92
# P_bar : m1 | m2 | m3 | m4 | m5
54 79 16 66 58
83 3 89 58 56
15 11 49 31 20
71 99 15 68 85
77 56 89 78 53
36 70 45 91 35
53 99 60 13 53
38 60 23 59 41
27 5 57 49 69
87 56 64 85 13
76 3 7 85 86
91 61 1 9 72
14 73 63 39 8
29 75 41 41 49
12 47 63 56 47
77 14 47 40 87
32 21 26 54 58
87 86 75 77 18
68 5 77 51 68
94 77 40 31 28
# P_hat : m1 | m2 | m3 | m4 | m5
10.80 15.80 3.20 13.20 11.60
16.60 0.60 17.80 11.60 11.20
3.00 2.20 9.80 6.20 4.00
14.20 19.80 3.00 13.60 17.00
15.40 11.20 17.80 15.60 10.60
7.20 14.00 9.00 18.20 7.00
10.60 19.80 12.00 2.60 10.60
7.60 12.00 4.60 11.80 8.20
5.40 1.00 11.40 9.80 13.80
17.40 11.20 12.80 17.00 2.60
15.20 0.60 1.40 17.00 17.20
18.20 12.20 0.20 1.80 14.40
2.80 14.60 12.60 7.80 1.60
5.80 15.00 8.20 8.20 9.80
2.40 9.40 12.60 11.20 9.40
15.40 2.80 9.40 8.00 17.40
6.40 4.20 5.20 10.80 11.60
17.40 17.20 15.00 15.40 3.60
13.60 1.00 15.40 10.20 13.60
18.80 15.40 8.00 6.20 5.60
