# nJobs | nMachines
200 10
# Job Weights
65
93
74
21
22
16
51
19
78
33
100
13
89
60
77
74
10
18
77
31
84
17
62
59
92
36
28
51
62
26
12
39
97
66
32
98
7
94
46
34
21
70
88
95
31
89
66
56
71
40
55
54
81
71
77
35
1
24
19
74
75
37
62
64
28
40
60
81
10
99
64
78
44
19
40
68
15
76
4
50
20
64
56
99
11
58
58
33
99
100
84
48
33
25
79
19
97
53
18
12
26
61
29
2
72
17
100
4
33
58
50
91
21
54
99
16
97
59
40
98
13
5
85
39
66
67
55
34
46
88
85
90
24
80
93
33
79
7
5
21
91
61
70
21
24
59
34
62
13
16
41
28
66
89
49
72
81
1
32
40
88
95
12
81
86
38
93
28
37
16
43
18
38
82
7
71
14
41
31
87
63
54
2
86
12
86
66
85
78
99
66
26
90
83
87
55
92
8
90
86
# P_bar : m1 | m2 | m3 | m4 | m5 | m6 | m7 | m8 | m9 | m10
7 88 69 22 26 60 68 2 34 48
3 75 74 83 5 37 42 62 49 12
45 17 88 19 53 28 14 62 84 62
44 86 93 8 1 70 51 58 38 95
54 77 19 62 56 4 1 14 88 91
36 83 26 40 85 71 60 32 55 52
79 27 92 71 21 65 44 27 2 70
40 65 76 48 8 83 49 52 10 89
10 58 16 49 47 67 89 90 44 18
51 15 16 40 66 93 52 34 75 18
39 28 55 83 12 43 53 90 37 83
45 23 10 57 4 9 35 81 63 4
96 50 71 68 50 75 80 70 47 72
30 73 20 50 44 22 18 37 1 62
89 36 46 99 16 6 46 89 88 77
70 2 43 89 37 49 60 91 97 89
96 46 9 90 73 71 41 75 96 90
32 49 57 40 46 82 36 82 60 63
55 51 85 1 8 72 78 40 14 70
98 44 5 26 88 4 81 32 98 77
15 97 41 72 42 69 12 57 72 76
79 26 85 35 61 18 79 89 33 36
92 58 61 35 13 49 25 36 84 30
9 88 33 23 27 77 28 24 29 95
49 40 25 40 91 74 40 61 22 20
11 31 82 83 83 64 99 19 91 79
57 88 91 85 87 24 70 15 13 67
44 36 22 83 47 24 21 52 34 61
55 53 49 53 26 22 83 58 34 96
91 59 89 97 98 68 1 18 81 81
23 17 33 99 60 53 59 28 63 3
13 86 37 20 84 45 41 79 20 71
23 72 37 41 57 98 91 6 45 83
80 88 20 58 20 69 62 99 50 88
69 61 60 42 36 77 97 92 32 21
74 47 82 62 51 4 47 92 66 92
4 80 70 99 68 61 1 47 49 55
40 65 18 76 35 71 58 35 4 82
19 47 17 95 31 49 5 35 20 50
93 18 12 25 82 26 82 79 17 49
86 98 44 2 93 57 24 66 62 3
45 12 91 48 79 46 94 68 74 53
2 51 58 16 68 52 66 7 34 70
65 81 3 87 94 80 68 37 81 39
79 70 79 33 26 65 76 17 55 63
17 3 24 24 96 43 35 33 87 74
28 45 16 22 99 95 49 53 80 7
90 87 42 5 86 69 38 53 29 85
5 89 77 41 69 51 95 94 35 76
67 15 20 42 58 24 82 86 73 44
71 13 31 69 82 19 56 56 62 9
28 90 42 62 37 55 41 22 9 10
47 40 34 59 15 69 73 12 88 51
56 85 87 47 49 94 43 32 17 30
19 19 69 88 18 98 71 75 90 37
92 99 81 92 28 54 73 94 44 67
57 52 37 3 68 36 1 79 98 78
52 44 2 53 14 57 71 73 84 58
77 94 90 45 90 88 73 6 66 58
4 34 96 5 15 94 55 15 2 36
45 35 68 87 76 44 59 97 39 97
94 53 98 2 33 13 71 35 41 30
81 86 3 98 31 70 18 7 6 73
61 32 12 98 88 8 1 40 48 50
56 3 7 20 3 16 83 59 86 29
97 20 20 69 2 44 40 28 65 44
44 64 86 70 14 67 60 81 43 25
86 14 21 77 40 45 73 15 73 51
61 24 34 51 25 12 23 80 34 69
64 80 4 50 56 75 35 58 70 96
64 57 95 65 98 95 20 12 8 37
95 75 44 27 67 37 84 78 95 41
63 59 22 79 1 10 44 55 9 2
27 5 31 75 59 28 23 10 90 46
9 26 71 14 89 94 38 96 79 79
49 21 23 92 10 36 44 29 14 16
31 25 52 98 56 38 40 13 75 87
14 97 92 50 68 84 15 58 94 76
67 24 21 85 46 90 52 40 43 11
72 84 96 9 77 58 94 11 7 1
49 48 22 52 29 50 42 90 66 27
74 3 88 40 32 80 32 78 63 87
46 1 87 2 51 1 71 4 12 99
84 84 24 27 68 98 5 91 55 60
6 78 17 13 8 39 37 30 18 30
48 21 82 22 83 26 7 9 91 68
19 25 1 70 31 56 69 73 32 32
56 54 65 93 68 2 44 17 21 85
65 30 22 62 65 4 69 22 2 45
18 45 77 62 50 79 24 91 99 7
91 52 38 45 86 93 32 12 46 97
57 54 20 88 60 86 53 49 56 38
31 19 77 53 69 71 61 97 44 55
19 17 64 82 18 28 83 20 39 29
85 57 49 24 23 90 27 39 43 93
37 1 46 88 76 90 91 43 47 5
92 17 74 22 75 57 31 44 38 12
28 60 96 28 53 39 46 56 53 46
83 95 56 93 72 54 17 54 34 61
61 87 94 30 7 93 24 76 72 65
51 36 81 61 5 57 23 72 16 35
97 30 79 34 32 96 36 93 42 72
14 14 49 68 81 20 12 16 81 10
36 41 94 43 59 27 21 24 31 3
30 3 3 87 28 52 60 96 81 78
11 44 59 2 88 17 67 92 68 19
2 88 66 45 56 28 62 90 11 85
20 22 85 68 20 6 40 27 41 45
65 37 69 11 13 10 99 17 83 43
67 29 7 14 93 79 54 85 60 87
7 70 22 25 24 81 78 9 46 15
56 81 68 81 36 38 11 56 32 78
67 58 89 11 58 67 81 61 74 75
96 17 50 91 49 88 59 76 94 14
46 93 28 37 44 90 82 35 58 87
27 81 56 20 27 56 99 79 14 40
42 34 55 4 42 71 97 71 37 84
48 49 69 57 71 97 77 87 77 65
30 33 90 50 51 92 64 24 9 4
89 72 29 55 89 30 78 6 70 68
5 84 33 34 28 74 75 9 26 32
53 2 54 14 89 66 45 88 67 75
70 1 19 64 11 3 37 70 18 25
44 11 72 90 94 89 74 9 24 49
94 56 86 74 92 74 12 33 57 7
97 91 29 80 93 15 11 24 27 5
26 29 42 29 39 51 13 68 37 75
87 46 56 13 59 62 15 49 86 58
79 68 76 67 84 77 70 51 31 40
11 7 24 61 81 88 51 45 46 15
44 75 79 22 30 14 18 31 59 82
11 18 77 9 69 38 92 75 2 40
46 98 56 32 19 62 86 11 98 32
86 32 35 68 49 73 25 45 65 63
35 42 22 60 44 23 52 52 9 39
44 89 91 49 19 26 53 59 32 53
9 91 95 48 51 70 81 32 87 85
25 16 41 7 11 4 67 69 51 47
48 83 41 76 16 8 32 25 23 28
86 47 23 13 7 9 62 7 39 15
85 30 10 87 31 54 53 30 86 42
90 1 78 2 88 84 11 19 3 97
58 18 50 20 17 5 11 14 61 70
72 64 97 98 29 53 61 89 42 53
90 16 90 2 16 50 35 71 60 59
81 58 95 22 2 84 3 75 98 88
18 5 74 68 52 92 21 2 7 58
2 42 1 33 21 23 5 31 7 53
10 1 28 6 38 78 6 39 70 46
93 22 21 63 49 78 87 81 13 78
15 60 69 40 53 62 95 25 44 60
2 48 20 18 9 55 84 87 76 70
78 31 89 87 41 24 39 10 58 33
41 60 46 80 55 22 48 74 16 74
40 82 92 16 25 46 49 24 28 39
99 87 79 34 13 27 99 75 6 25
78 84 33 61 4 35 27 19 47 34
78 3 26 13 74 94 81 60 15 59
74 34 92 83 52 93 42 21 94 82
41 75 66 85 90 53 90 77 22 89
64 40 39 76 5 87 54 35 7 94
60 71 16 75 40 46 49 76 33 83
32 26 93 54 51 85 75 75 33 51
30 86 84 9 29 26 36 25 52 56
66 65 16 21 17 87 53 78 4 82
30 33 59 96 8 26 92 47 28 52
58 94 33 88 91 24 13 70 16 30
54 30 18 21 85 6 11 33 51 63
78 41 11 17 77 99 87 53 25 47
65 64 17 53 20 85 97 24 64 29
69 22 7 4 93 51 50 94 82 99
13 91 68 72 65 36 37 7 48 8
86 71 15 23 83 40 24 92 81 64
43 41 51 11 35 96 22 29 76 17
6 54 78 39 23 73 53 78 83 45
61 56 52 64 4 31 19 92 1 37
17 11 30 20 27 16 47 15 24 9
57 47 75 54 19 31 64 68 91 6
45 7 11 12 71 34 59 74 86 90
94 5 79 35 15 50 55 33 38 69
50 8 75 1 91 14 58 63 90 80
18 32 66 24 73 21 18 2 73 61
67 79 98 14 36 77 83 57 95 22
20 11 88 5 16 26 11 88 4 5
42 32 8 74 70 1 90 42 81 86
45 26 45 90 62 13 40 68 58 25
67 3 74 40 65 65 73 77 5 57
21 26 15 52 77 30 11 79 36 19
64 36 99 66 83 18 71 95 48 24
79 15 55 53 25 5 88 79 42 94
92 5 90 92 98 27 66 9 43 93
66 71 84 42 63 88 75 11 40 16
9 28 56 23 47 42 73 83 58 99
80 91 50 47 11 3 27 11 89 30
67 69 19 14 38 82 12 67 89 49
59 41 81 12 29 8 30 62 84 7
68 11 18 12 31 67 56 55 95 19
72 71 41 70 63 16 34 92 16 15
51 70 1 56 35 73 7 30 66 28
10 66 46 39 97 74 84 40 20 84
# P_hat : m1 | m2 | m3 | m4 | m5 | m6 | m7 | m8 | m9 | m10
0.70 8.80 6.90 2.20 2.60 6.00 6.80 0.20 3.40 4.80
0.30 7.50 7.40 8.30 0.50 3.70 4.20 6.20 4.90 1.20
4.50 1.70 8.80 1.90 5.30 2.80 1.40 6.20 8.40 6.20
4.40 8.60 9.30 0.80 0.10 7.00 5.10 5.80 3.80 9.50
5.40 7.70 1.90 6.20 5.60 0.40 0.10 1.40 8.80 9.10
3.60 8.30 2.60 4.00 8.50 7.10 6.00 3.20 5.50 5.20
7.90 2.70 9.20 7.10 2.10 6.50 4.40 2.70 0.20 7.00
4.00 6.50 7.60 4.80 0.80 8.30 4.90 5.20 1.00 8.90
1.00 5.80 1.60 4.90 4.70 6.70 8.90 9.00 4.40 1.80
5.10 1.50 1.60 4.00 6.60 9.30 5.20 3.40 7.50 1.80
3.90 2.80 5.50 8.30 1.20 4.30 5.30 9.00 3.70 8.30
4.50 2.30 1.00 5.70 0.40 0.90 3.50 8.10 6.30 0.40
9.60 5.00 7.10 6.80 5.00 7.50 8.00 7.00 4.70 7.20
3.00 7.30 2.00 5.00 4.40 2.20 1.80 3.70 0.10 6.20
8.90 3.60 4.60 9.90 1.60 0.60 4.60 8.90 8.80 7.70
7.00 0.20 4.30 8.90 3.70 4.90 6.00 9.10 9.70 8.90
9.60 4.60 0.90 9.00 7.30 7.10 4.10 7.50 9.60 9.00
3.20 4.90 5.70 4.00 4.60 8.20 3.60 8.20 6.00 6.30
5.50 5.10 8.50 0.10 0.80 7.20 7.80 4.00 1.40 7.00
9.80 4.40 0.50 2.60 8.80 0.40 8.10 3.20 9.80 7.70
1.50 9.70 4.10 7.20 4.20 6.90 1.20 5.70 7.20 7.60
7.90 2.60 8.50 3.50 6.10 1.80 7.90 8.90 3.30 3.60
9.20 5.80 6.10 3.50 1.30 4.90 2.50 3.60 8.40 3.00
0.90 8.80 3.30 2.30 2.70 7.70 2.80 2.40 2.90 9.50
4.90 4.00 2.50 4.00 9.10 7.40 4.00 6.10 2.20 2.00
1.10 3.10 8.20 8.30 8.30 6.40 9.90 1.90 9.10 7.90
5.70 8.80 9.10 8.50 8.70 2.40 7.00 1.50 1.30 6.70
4.40 3.60 2.20 8.30 4.70 2.40 2.10 5.20 3.40 6.10
5.50 5.30 4.90 5.30 2.60 2.20 8.30 5.80 3.40 9.60
9.10 5.90 8.90 9.70 9.80 6.80 0.10 1.80 8.10 8.10
2.30 1.70 3.30 9.90 6.00 5.30 5.90 2.80 6.30 0.30
1.30 8.60 3.70 2.00 8.40 4.50 4.10 7.90 2.00 7.10
2.30 7.20 3.70 4.10 5.70 9.80 9.10 0.60 4.50 8.30
8.00 8.80 2.00 5.80 2.00 6.90 6.20 9.90 5.00 8.80
6.90 6.10 6.00 4.20 3.60 7.70 9.70 9.20 3.20 2.10
7.40 4.70 8.20 6.20 5.10 0.40 4.70 9.20 6.60 9.20
0.40 8.00 7.00 9.90 6.80 6.10 0.10 4.70 4.90 5.50
4.00 6.50 1.80 7.60 3.50 7.10 5.80 3.50 0.40 8.20
1.90 4.70 1.70 9.50 3.10 4.90 0.50 3.50 2.00 5.00
9.30 1.80 1.20 2.50 8.20 2.60 8.20 7.90 1.70 4.90
8.60 9.80 4.40 0.20 9.30 5.70 2.40 6.60 6.20 0.30
4.50 1.20 9.10 4.80 7.90 4.60 9.40 6.80 7.40 5.30
0.20 5.10 5.80 1.60 6.80 5.20 6.60 0.70 3.40 7.00
6.50 8.10 0.30 8.70 9.40 8.00 6.80 3.70 8.10 3.90
7.90 7.00 7.90 3.30 2.60 6.50 7.60 1.70 5.50 6.30
1.70 0.30 2.40 2.40 9.60 4.30 3.50 3.30 8.70 7.40
2.80 4.50 1.60 2.20 9.90 9.50 4.90 5.30 8.00 0.70
9.00 8.70 4.20 0.50 8.60 6.90 3.80 5.30 2.90 8.50
0.50 8.90 7.70 4.10 6.90 5.10 9.50 9.40 3.50 7.60
6.70 1.50 2.00 4.20 5.80 2.40 8.20 8.60 7.30 4.40
7.10 1.30 3.10 6.90 8.20 1.90 5.60 5.60 6.20 0.90
2.80 9.00 4.20 6.20 3.70 5.50 4.10 2.20 0.90 1.00
4.70 4.00 3.40 5.90 1.50 6.90 7.30 1.20 8.80 5.10
5.60 8.50 8.70 4.70 4.90 9.40 4.30 3.20 1.70 3.00
1.90 1.90 6.90 8.80 1.80 9.80 7.10 7.50 9.00 3.70
9.20 9.90 8.10 9.20 2.80 5.40 7.30 9.40 4.40 6.70
5.70 5.20 3.70 0.30 6.80 3.60 0.10 7.90 9.80 7.80
5.20 4.40 0.20 5.30 1.40 5.70 7.10 7.30 8.40 5.80
7.70 9.40 9.00 4.50 9.00 8.80 7.30 0.60 6.60 5.80
0.40 3.40 9.60 0.50 1.50 9.40 5.50 1.50 0.20 3.60
4.50 3.50 6.80 8.70 7.60 4.40 5.90 9.70 3.90 9.70
9.40 5.30 9.80 0.20 3.30 1.30 7.10 3.50 4.10 3.00
8.10 8.60 0.30 9.80 3.10 7.00 1.80 0.70 0.60 7.30
6.10 3.20 1.20 9.80 8.80 0.80 0.10 4.00 4.80 5.00
5.60 0.30 0.70 2.00 0.30 1.60 8.30 5.90 8.60 2.90
9.70 2.00 2.00 6.90 0.20 4.40 4.00 2.80 6.50 4.40
4.40 6.40 8.60 7.00 1.40 6.70 6.00 8.10 4.30 2.50
8.60 1.40 2.10 7.70 4.00 4.50 7.30 1.50 7.30 5.10
6.10 2.40 3.40 5.10 2.50 1.20 2.30 8.00 3.40 6.90
6.40 8.00 0.40 5.00 5.60 7.50 3.50 5.80 7.00 9.60
6.40 5.70 9.50 6.50 9.80 9.50 2.00 1.20 0.80 3.70
9.50 7.50 4.40 2.70 6.70 3.70 8.40 7.80 9.50 4.10
6.30 5.90 2.20 7.90 0.10 1.00 4.40 5.50 0.90 0.20
2.70 0.50 3.10 7.50 5.90 2.80 2.30 1.00 9.00 4.60
0.90 2.60 7.10 1.40 8.90 9.40 3.80 9.60 7.90 7.90
4.90 2.10 2.30 9.20 1.00 3.60 4.40 2.90 1.40 1.60
3.10 2.50 5.20 9.80 5.60 3.80 4.00 1.30 7.50 8.70
1.40 9.70 9.20 5.00 6.80 8.40 1.50 5.80 9.40 7.60
6.70 2.40 2.10 8.50 4.60 9.00 5.20 4.00 4.30 1.10
7.20 8.40 9.60 0.90 7.70 5.80 9.40 1.10 0.70 0.10
4.90 4.80 2.20 5.20 2.90 5.00 4.20 9.00 6.60 2.70
7.40 0.30 8.80 4.00 3.20 8.00 3.20 7.80 6.30 8.70
4.60 0.10 8.70 0.20 5.10 0.10 7.10 0.40 1.20 9.90
8.40 8.40 2.40 2.70 6.80 9.80 0.50 9.10 5.50 6.00
0.60 7.80 1.70 1.30 0.80 3.90 3.70 3.00 1.80 3.00
4.80 2.10 8.20 2.20 8.30 2.60 0.70 0.90 9.10 6.80
1.90 2.50 0.10 7.00 3.10 5.60 6.90 7.30 3.20 3.20
5.60 5.40 6.50 9.30 6.80 0.20 4.40 1.70 2.10 8.50
6.50 3.00 2.20 6.20 6.50 0.40 6.90 2.20 0.20 4.50
1.80 4.50 7.70 6.20 5.00 7.90 2.40 9.10 9.90 0.70
9.10 5.20 3.80 4.50 8.60 9.30 3.20 1.20 4.60 9.70
5.70 5.40 2.00 8.80 6.00 8.60 5.30 4.90 5.60 3.80
3.10 1.90 7.70 5.30 6.90 7.10 6.10 9.70 4.40 5.50
1.90 1.70 6.40 8.20 1.80 2.80 8.30 2.00 3.90 2.90
8.50 5.70 4.90 2.40 2.30 9.00 2.70 3.90 4.30 9.30
3.70 0.10 4.60 8.80 7.60 9.00 9.10 4.30 4.70 0.50
9.20 1.70 7.40 2.20 7.50 5.70 3.10 4.40 3.80 1.20
2.80 6.00 9.60 2.80 5.30 3.90 4.60 5.60 5.30 4.60
8.30 9.50 5.60 9.30 7.20 5.40 1.70 5.40 3.40 6.10
6.10 8.70 9.40 3.00 0.70 9.30 2.40 7.60 7.20 6.50
5.10 3.60 8.10 6.10 0.50 5.70 2.30 7.20 1.60 3.50
9.70 3.00 7.90 3.40 3.20 9.60 3.60 9.30 4.20 7.20
1.40 1.40 4.90 6.80 8.10 2.00 1.20 1.60 8.10 1.00
3.60 4.10 9.40 4.30 5.90 2.70 2.10 2.40 3.10 0.30
3.00 0.30 0.30 8.70 2.80 5.20 6.00 9.60 8.10 7.80
1.10 4.40 5.90 0.20 8.80 1.70 6.70 9.20 6.80 1.90
0.20 8.80 6.60 4.50 5.60 2.80 6.20 9.00 1.10 8.50
2.00 2.20 8.50 6.80 2.00 0.60 4.00 2.70 4.10 4.50
6.50 3.70 6.90 1.10 1.30 1.00 9.90 1.70 8.30 4.30
6.70 2.90 0.70 1.40 9.30 7.90 5.40 8.50 6.00 8.70
0.70 7.00 2.20 2.50 2.40 8.10 7.80 0.90 4.60 1.50
5.60 8.10 6.80 8.10 3.60 3.80 1.10 5.60 3.20 7.80
6.70 5.80 8.90 1.10 5.80 6.70 8.10 6.10 7.40 7.50
9.60 1.70 5.00 9.10 4.90 8.80 5.90 7.60 9.40 1.40
4.60 9.30 2.80 3.70 4.40 9.00 8.20 3.50 5.80 8.70
2.70 8.10 5.60 2.00 2.70 5.60 9.90 7.90 1.40 4.00
4.20 3.40 5.50 0.40 4.20 7.10 9.70 7.10 3.70 8.40
4.80 4.90 6.90 5.70 7.10 9.70 7.70 8.70 7.70 6.50
3.00 3.30 9.00 5.00 5.10 9.20 6.40 2.40 0.90 0.40
8.90 7.20 2.90 5.50 8.90 3.00 7.80 0.60 7.00 6.80
0.50 8.40 3.30 3.40 2.80 7.40 7.50 0.90 2.60 3.20
5.30 0.20 5.40 1.40 8.90 6.60 4.50 8.80 6.70 7.50
7.00 0.10 1.90 6.40 1.10 0.30 3.70 7.00 1.80 2.50
4.40 1.10 7.20 9.00 9.40 8.90 7.40 0.90 2.40 4.90
9.40 5.60 8.60 7.40 9.20 7.40 1.20 3.30 5.70 0.70
9.70 9.10 2.90 8.00 9.30 1.50 1.10 2.40 2.70 0.50
2.60 2.90 4.20 2.90 3.90 5.10 1.30 6.80 3.70 7.50
8.70 4.60 5.60 1.30 5.90 6.20 1.50 4.90 8.60 5.80
7.90 6.80 7.60 6.70 8.40 7.70 7.00 5.10 3.10 4.00
1.10 0.70 2.40 6.10 8.10 8.80 5.10 4.50 4.60 1.50
4.40 7.50 7.90 2.20 3.00 1.40 1.80 3.10 5.90 8.20
1.10 1.80 7.70 0.90 6.90 3.80 9.20 7.50 0.20 4.00
4.60 9.80 5.60 3.20 1.90 6.20 8.60 1.10 9.80 3.20
8.60 3.20 3.50 6.80 4.90 7.30 2.50 4.50 6.50 6.30
3.50 4.20 2.20 6.00 4.40 2.30 5.20 5.20 0.90 3.90
4.40 8.90 9.10 4.90 1.90 2.60 5.30 5.90 3.20 5.30
0.90 9.10 9.50 4.80 5.10 7.00 8.10 3.20 8.70 8.50
2.50 1.60 4.10 0.70 1.10 0.40 6.70 6.90 5.10 4.70
4.80 8.30 4.10 7.60 1.60 0.80 3.20 2.50 2.30 2.80
8.60 4.70 2.30 1.30 0.70 0.90 6.20 0.70 3.90 1.50
8.50 3.00 1.00 8.70 3.10 5.40 5.30 3.00 8.60 4.20
9.00 0.10 7.80 0.20 8.80 8.40 1.10 1.90 0.30 9.70
5.80 1.80 5.00 2.00 1.70 0.50 1.10 1.40 6.10 7.00
7.20 6.40 9.70 9.80 2.90 5.30 6.10 8.90 4.20 5.30
9.00 1.60 9.00 0.20 1.60 5.00 3.50 7.10 6.00 5.90
8.10 5.80 9.50 2.20 0.20 8.40 0.30 7.50 9.80 8.80
1.80 0.50 7.40 6.80 5.20 9.20 2.10 0.20 0.70 5.80
0.20 4.20 0.10 3.30 2.10 2.30 0.50 3.10 0.70 5.30
1.00 0.10 2.80 0.60 3.80 7.80 0.60 3.90 7.00 4.60
9.30 2.20 2.10 6.30 4.90 7.80 8.70 8.10 1.30 7.80
1.50 6.00 6.90 4.00 5.30 6.20 9.50 2.50 4.40 6.00
0.20 4.80 2.00 1.80 0.90 5.50 8.40 8.70 7.60 7.00
7.80 3.10 8.90 8.70 4.10 2.40 3.90 1.00 5.80 3.30
4.10 6.00 4.60 8.00 5.50 2.20 4.80 7.40 1.60 7.40
4.00 8.20 9.20 1.60 2.50 4.60 4.90 2.40 2.80 3.90
9.90 8.70 7.90 3.40 1.30 2.70 9.90 7.50 0.60 2.50
7.80 8.40 3.30 6.10 0.40 3.50 2.70 1.90 4.70 3.40
7.80 0.30 2.60 1.30 7.40 9.40 8.10 6.00 1.50 5.90
7.40 3.40 9.20 8.30 5.20 9.30 4.20 2.10 9.40 8.20
4.10 7.50 6.60 8.50 9.00 5.30 9.00 7.70 2.20 8.90
6.40 4.00 3.90 7.60 0.50 8.70 5.40 3.50 0.70 9.40
6.00 7.10 1.60 7.50 4.00 4.60 4.90 7.60 3.30 8.30
3.20 2.60 9.30 5.40 5.10 8.50 7.50 7.50 3.30 5.10
3.00 8.60 8.40 0.90 2.90 2.60 3.60 2.50 5.20 5.60
6.60 6.50 1.60 2.10 1.70 8.70 5.30 7.80 0.40 8.20
3.00 3.30 5.90 9.60 0.80 2.60 9.20 4.70 2.80 5.20
5.80 9.40 3.30 8.80 9.10 2.40 1.30 7.00 1.60 3.00
5.40 3.00 1.80 2.10 8.50 0.60 1.10 3.30 5.10 6.30
7.80 4.10 1.10 1.70 7.70 9.90 8.70 5.30 2.50 4.70
6.50 6.40 1.70 5.30 2.00 8.50 9.70 2.40 6.40 2.90
6.90 2.20 0.70 0.40 9.30 5.10 5.00 9.40 8.20 9.90
1.30 9.10 6.80 7.20 6.50 3.60 3.70 0.70 4.80 0.80
8.60 7.10 1.50 2.30 8.30 4.00 2.40 9.20 8.10 6.40
4.30 4.10 5.10 1.10 3.50 9.60 2.20 2.90 7.60 1.70
0.60 5.40 7.80 3.90 2.30 7.30 5.30 7.80 8.30 4.50
6.10 5.60 5.20 6.40 0.40 3.10 1.90 9.20 0.10 3.70
1.70 1.10 3.00 2.00 2.70 1.60 4.70 1.50 2.40 0.90
5.70 4.70 7.50 5.40 1.90 3.10 6.40 6.80 9.10 0.60
4.50 0.70 1.10 1.20 7.10 3.40 5.90 7.40 8.60 9.00
9.40 0.50 7.90 3.50 1.50 5.00 5.50 3.30 3.80 6.90
5.00 0.80 7.50 0.10 9.10 1.40 5.80 6.30 9.00 8.00
1.80 3.20 6.60 2.40 7.30 2.10 1.80 0.20 7.30 6.10
6.70 7.90 9.80 1.40 3.60 7.70 8.30 5.70 9.50 2.20
2.00 1.10 8.80 0.50 1.60 2.60 1.10 8.80 0.40 0.50
4.20 3.20 0.80 7.40 7.00 0.10 9.00 4.20 8.10 8.60
4.50 2.60 4.50 9.00 6.20 1.30 4.00 6.80 5.80 2.50
6.70 0.30 7.40 4.00 6.50 6.50 7.30 7.70 0.50 5.70
2.10 2.60 1.50 5.20 7.70 3.00 1.10 7.90 3.60 1.90
6.40 3.60 9.90 6.60 8.30 1.80 7.10 9.50 4.80 2.40
7.90 1.50 5.50 5.30 2.50 0.50 8.80 7.90 4.20 9.40
9.20 0.50 9.00 9.20 9.80 2.70 6.60 0.90 4.30 9.30
6.60 7.10 8.40 4.20 6.30 8.80 7.50 1.10 4.00 1.60
0.90 2.80 5.60 2.30 4.70 4.20 7.30 8.30 5.80 9.90
8.00 9.10 5.00 4.70 1.10 0.30 2.70 1.10 8.90 3.00
6.70 6.90 1.90 1.40 3.80 8.20 1.20 6.70 8.90 4.90
5.90 4.10 8.10 1.20 2.90 0.80 3.00 6.20 8.40 0.70
6.80 1.10 1.80 1.20 3.10 6.70 5.60 5.50 9.50 1.90
7.20 7.10 4.10 7.00 6.30 1.60 3.40 9.20 1.60 1.50
5.10 7.00 0.10 5.60 3.50 7.30 0.70 3.00 6.60 2.80
1.00 6.60 4.60 3.90 9.70 7.40 8.40 4.00 2.00 8.40
