# nJobs | nMachines
50 5
# Job Weights
24
16
74
57
38
48
67
9
93
50
92
85
83
27
38
78
35
65
90
48
23
82
38
43
94
53
26
26
45
94
35
33
38
44
90
27
90
86
78
59
26
63
68
75
67
9
57
80
71
70
# P_bar : m1 | m2 | m3 | m4 | m5
24 51 8 59 67
1 57 54 85 99
57 82 15 73 57
86 47 47 87 47
35 82 73 87 93
9 14 33 89 35
55 79 73 48 32
8 57 35 57 77
93 88 45 59 28
11 79 75 73 75
39 22 83 66 95
10 72 12 95 15
84 58 59 61 18
80 78 95 13 97
59 18 96 79 37
37 48 75 88 53
80 72 62 19 97
69 38 44 18 73
13 71 43 21 60
19 82 30 33 39
25 61 47 11 48
92 73 36 8 9
45 50 65 8 17
14 56 85 83 83
73 95 1 13 10
85 16 71 89 2
75 6 13 63 66
96 7 54 64 50
33 86 2 53 36
17 21 82 28 45
76 27 16 17 86
96 44 15 2 8
4 64 14 77 47
16 32 49 61 52
9 46 68 73 98
66 37 28 69 22
46 39 87 23 55
64 96 85 56 62
3 44 90 78 23
93 70 17 65 82
74 41 54 85 32
29 56 59 99 20
68 44 25 52 38
38 27 23 78 23
86 41 60 8 40
90 66 60 58 55
50 87 68 51 79
11 42 70 43 66
64 7 80 52 97
4 54 4 41 29
# P_hat : m1 | m2 | m3 | m4 | m5
2.40 5.10 0.80 5.90 6.70
0.10 5.70 5.40 8.50 9.90
5.70 8.20 1.50 7.30 5.70
8.60 4.70 4.70 8.70 4.70
3.50 8.20 7.30 8.70 9.30
0.90 1.40 3.30 8.90 3.50
5.50 7.90 7.30 4.80 3.20
0.80 5.70 3.50 5.70 7.70
9.30 8.80 4.50 5.90 2.80
1.10 7.90 7.50 7.30 7.50
3.90 2.20 8.30 6.60 9.50
1.00 7.20 1.20 9.50 1.50
8.40 5.80 5.90 6.10 1.80
8.00 7.80 9.50 1.30 9.70
5.90 1.80 9.60 7.90 3.70
3.70 4.80 7.50 8.80 5.30
8.00 7.20 6.20 1.90 9.70
6.90 3.80 4.40 1.80 7.30
1.30 7.10 4.30 2.10 6.00
1.90 8.20 3.00 3.30 3.90
2.50 6.10 4.70 1.10 4.80
9.20 7.30 3.60 0.80 0.90
4.50 5.00 6.50 0.80 1.70
1.40 5.60 8.50 8.30 8.30
7.30 9.50 0.10 1.30 1.00
8.50 1.60 7.10 8.90 0.20
7.50 0.60 1.30 6.30 6.60
9.60 0.70 5.40 6.40 5.00
3.30 8.60 0.20 5.30 3.60
1.70 2.10 8.20 2.80 4.50
7.60 2.70 1.60 1.70 8.60
9.60 4.40 1.50 0.20 0.80
0.40 6.40 1.40 7.70 4.70
1.60 3.20 4.90 6.10 5.20
0.90 4.60 6.80 7.30 9.80
6.60 3.70 2.80 6.90 2.20
4.60 3.90 8.70 2.30 5.50
6.40 9.60 8.50 5.60 6.20
0.30 4.40 9.00 7.80 2.30
9.30 7.00 1.70 6.50 8.20
7.40 4.10 5.40 8.50 3.20
2.90 5.60 5.90 9.90 2.00
6.80 4.40 2.50 5.20 3.80
3.80 2.70 2.30 7.80 2.30
8.60 4.10 6.00 0.80 4.00
9.00 6.60 6.00 5.80 5.50
5.00 8.70 6.80 5.10 7.90
1.10 4.20 7.00 4.30 6.60
6.40 0.70 8.00 5.20 9.70
0.40 5.40 0.40 4.10 2.90
