# nJobs | nMachines
200 10
# Job Weights
87
53
3
61
54
67
96
14
61
45
35
28
97
87
63
100
85
77
14
28
49
100
94
70
7
37
45
54
81
12
74
9
86
62
45
52
1
4
51
33
84
25
61
10
48
66
86
34
6
60
93
93
65
51
88
46
51
72
18
75
78
59
30
91
20
95
34
43
15
71
2
30
28
20
96
32
46
38
47
89
10
68
8
25
99
99
41
12
50
82
4
65
71
73
67
52
76
56
61
93
88
27
45
40
20
64
100
43
65
24
92
63
64
98
97
43
40
81
67
56
15
27
9
27
83
87
30
17
32
77
48
44
31
15
92
72
82
86
37
52
10
8
57
69
100
91
7
43
83
27
62
74
43
65
28
11
68
1
8
59
31
46
2
39
8
71
27
67
33
24
18
91
43
43
3
82
49
82
93
92
79
46
56
74
88
49
65
50
57
53
99
83
71
83
5
47
13
37
32
38
# P_bar : m1 | m2 | m3 | m4 | m5 | m6 | m7 | m8 | m9 | m10
64 66 53 93 60 74 79 68 80 49
52 61 74 84 32 82 79 15 28 75
2 18 51 29 5 47 59 41 31 94
49 44 52 96 37 63 69 23 10 44
20 87 33 6 88 51 14 50 37 98
96 82 35 71 55 12 30 92 69 50
64 61 97 54 60 24 89 82 57 47
70 97 20 69 97 24 7 84 9 60
79 39 23 98 78 11 69 53 48 40
36 27 96 13 50 67 73 97 60 97
7 10 35 91 41 16 62 82 26 97
48 29 31 24 20 36 53 58 62 81
81 56 44 73 61 3 82 61 37 54
70 51 72 64 95 96 73 71 85 88
65 44 76 47 42 37 34 23 97 1
30 98 26 19 30 96 78 45 70 47
68 69 36 47 81 15 32 6 59 95
61 25 98 3 2 4 57 32 4 55
40 29 11 82 11 62 2 69 91 31
15 30 3 51 84 22 37 7 22 69
39 97 28 40 49 88 45 1 22 63
5 63 62 31 12 21 70 59 63 19
27 91 68 38 9 96 60 87 84 56
19 32 66 27 93 19 88 1 8 89
99 64 21 70 61 21 1 77 45 68
75 16 4 28 31 32 73 55 40 35
75 69 92 55 55 86 96 60 51 6
9 80 65 20 79 3 64 30 23 58
42 29 29 32 96 89 80 14 67 62
11 66 8 69 35 50 19 27 38 57
53 86 67 39 20 48 83 11 91 13
18 12 90 95 42 53 40 38 92 97
43 83 45 52 81 36 92 71 66 4
9 50 48 40 46 65 97 43 24 94
15 53 93 25 81 89 30 55 11 17
27 1 78 73 5 93 69 85 74 32
26 2 79 51 65 22 38 65 94 54
67 35 97 41 83 57 22 64 95 74
26 56 5 56 9 68 13 61 40 14
67 23 93 32 70 11 22 19 42 12
41 7 8 85 74 85 77 87 61 61
5 48 36 7 51 92 3 4 7 14
15 22 68 91 99 20 19 83 79 63
54 39 98 22 80 1 62 4 73 13
82 25 21 72 53 66 13 38 81 54
74 57 25 14 95 13 23 40 29 71
34 33 95 53 83 77 38 94 67 44
73 5 79 24 70 10 51 94 50 85
44 2 58 71 50 60 20 88 17 13
84 62 65 45 24 38 74 57 62 89
45 88 91 19 52 11 98 33 91 29
11 96 73 32 17 48 98 99 92 94
67 92 22 82 23 48 82 51 19 4
16 28 78 60 45 83 77 58 10 34
3 5 83 61 35 59 47 1 88 27
34 54 45 29 51 51 93 29 31 2
40 87 15 65 66 70 12 31 80 1
31 77 1 89 2 73 33 26 59 38
90 16 49 96 1 26 77 93 49 13
29 72 64 54 12 52 92 12 92 6
68 18 93 24 46 6 93 55 60 76
25 15 70 3 4 85 9 77 76 40
68 81 3 51 69 98 89 63 77 92
95 62 52 30 27 26 62 53 5 84
52 21 13 92 62 8 19 41 26 45
77 33 65 6 45 95 91 34 94 86
60 75 4 37 96 74 16 57 27 55
12 60 18 92 29 58 76 37 77 91
74 1 61 89 5 52 74 71 36 18
86 38 21 6 78 50 6 77 58 53
9 51 63 39 65 4 80 18 15 44
89 76 44 14 30 65 27 16 65 81
24 89 38 36 32 64 20 26 82 11
93 37 45 77 93 36 5 25 43 24
71 87 2 68 97 68 49 38 98 54
52 7 79 6 76 66 8 45 21 41
88 24 39 59 17 33 85 92 42 41
28 86 2 18 75 25 2 40 17 51
53 76 91 78 75 64 25 46 39 2
23 4 65 78 44 49 88 56 40 92
48 32 74 66 40 44 75 84 45 44
73 36 48 57 63 61 42 39 74 58
42 37 36 95 49 23 17 22 65 61
7 74 77 77 21 91 34 39 2 94
87 28 70 95 86 1 51 57 5 73
8 7 42 94 60 95 28 55 60 74
95 67 63 39 88 33 71 90 57 24
31 50 64 25 44 51 89 16 49 1
68 40 64 39 84 70 50 44 48 62
49 21 88 35 88 90 29 17 78 83
82 31 14 40 34 25 9 21 89 36
58 15 38 7 66 87 81 79 60 75
92 76 71 66 55 25 30 20 63 55
47 39 6 88 15 80 64 34 56 98
83 46 80 85 51 49 9 84 49 32
91 96 91 52 28 86 12 1 49 5
7 4 46 1 41 60 15 17 10 53
61 9 21 63 7 75 2 1 11 64
49 96 52 50 74 87 2 97 23 57
65 92 3 7 54 8 22 77 77 26
65 73 35 58 68 2 31 65 91 56
90 60 87 59 82 55 29 18 67 89
59 30 97 48 34 92 81 17 52 27
94 90 5 48 3 93 31 41 45 89
97 94 19 54 59 18 47 28 84 15
61 68 92 60 51 5 23 26 12 68
63 85 58 90 60 9 38 60 19 10
83 36 47 88 42 20 70 81 52 90
54 52 90 36 32 75 60 25 73 61
5 40 42 23 53 88 50 45 49 42
10 86 58 23 48 26 68 94 11 34
4 54 79 71 56 50 77 11 22 47
12 71 62 79 58 38 94 30 58 11
50 79 16 69 95 99 68 93 39 19
21 72 80 72 14 90 84 31 12 25
51 97 40 69 70 42 45 14 2 72
90 35 11 13 98 99 56 97 34 88
52 87 1 38 21 21 22 71 76 8
37 23 90 48 21 16 3 52 94 19
94 78 73 69 4 95 88 82 73 93
77 36 53 33 6 87 57 10 66 23
48 79 66 29 6 41 86 48 70 28
25 75 60 40 58 14 67 65 68 93
8 18 4 63 29 60 93 61 68 77
75 2 52 13 61 22 42 63 35 8
14 8 43 43 84 18 1 49 95 17
11 26 11 34 79 51 96 1 31 1
20 85 99 40 98 12 37 29 28 26
58 51 70 47 12 12 96 11 87 48
97 22 49 53 60 64 50 30 51 95
29 25 64 75 89 62 99 74 3 71
53 55 88 35 61 46 8 42 56 23
53 23 58 68 18 79 70 56 31 45
11 34 58 89 53 95 72 35 76 62
97 28 55 13 98 54 17 22 63 77
91 10 57 23 7 77 73 73 20 89
42 44 35 95 65 20 53 68 45 28
19 67 32 8 37 50 72 78 41 64
86 54 75 65 88 29 84 94 76 61
68 53 99 22 19 75 26 17 89 50
24 38 22 10 38 72 93 23 33 13
21 38 59 58 38 58 82 47 57 41
7 93 90 53 63 25 62 66 58 46
31 41 65 99 14 7 50 11 2 60
57 14 91 21 33 7 45 83 54 28
6 3 93 82 32 60 5 98 41 53
90 32 81 75 61 21 12 81 97 60
26 78 17 17 79 79 48 76 48 56
4 41 44 50 20 75 82 5 23 52
97 93 27 92 74 56 45 44 49 49
4 25 50 68 78 37 50 18 61 12
14 95 48 82 58 68 30 15 84 48
22 90 38 92 87 86 49 94 83 69
21 33 92 54 24 99 52 15 34 24
22 91 18 17 25 7 7 16 1 10
38 65 47 18 61 32 35 19 7 65
64 40 35 66 47 54 33 25 21 14
54 33 37 54 6 74 9 14 71 35
15 34 91 76 9 99 52 30 74 59
47 7 85 10 97 64 47 82 41 90
88 50 82 28 23 51 45 52 7 81
58 7 40 44 90 67 82 93 5 11
53 74 10 23 16 87 30 99 65 9
93 53 65 26 3 48 80 22 42 77
4 2 28 55 30 72 3 46 10 24
83 83 70 6 96 54 58 54 37 75
39 76 22 93 20 64 30 71 95 38
50 37 36 6 79 32 27 27 94 90
36 22 68 75 96 11 72 79 7 25
75 62 17 96 91 60 1 45 18 3
35 75 61 27 11 76 46 75 13 95
86 80 23 20 31 25 90 92 37 24
36 74 7 61 88 44 87 89 76 94
71 65 4 72 5 24 27 16 59 33
43 38 4 68 40 59 69 44 47 57
46 69 48 26 27 13 20 30 42 86
48 85 66 34 20 9 57 19 70 13
16 21 24 2 85 59 37 69 72 15
91 25 25 7 71 79 94 37 37 7
45 45 60 4 24 60 61 15 13 89
31 90 2 34 31 81 6 82 75 11
53 55 79 51 94 96 46 16 25 80
8 92 62 66 35 95 67 57 50 86
15 36 63 34 36 57 2 78 64 26
10 49 72 85 81 41 52 18 37 86
46 47 38 36 38 64 24 45 13 98
37 26 9 8 81 83 29 5 15 74
87 4 88 35 62 30 27 57 34 5
25 43 40 83 20 54 30 40 70 17
96 83 37 29 46 78 65 96 55 66
21 92 49 15 15 53 36 53 19 61
99 26 26 14 80 19 3 53 30 86
67 94 73 57 78 8 33 93 90 13
23 31 57 59 97 17 89 75 2 49
16 59 26 71 23 35 36 50 62 33
5 84 37 55 62 51 42 34 14 83
50 15 96 65 48 89 25 66 34 40
40 2 98 68 38 37 87 20 48 39
5 25 33 10 35 29 64 13 89 90
67 48 80 33 8 9 47 75 90 3
# P_hat : m1 | m2 | m3 | m4 | m5 | m6 | m7 | m8 | m9 | m10
32.00 33.00 26.50 46.50 30.00 37.00 39.50 34.00 40.00 24.50
26.00 30.50 37.00 42.00 16.00 41.00 39.50 7.50 14.00 37.50
1.00 9.00 25.50 14.50 2.50 23.50 29.50 20.50 15.50 47.00
24.50 22.00 26.00 48.00 18.50 31.50 34.50 11.50 5.00 22.00
10.00 43.50 16.50 3.00 44.00 25.50 7.00 25.00 18.50 49.00
48.00 41.00 17.50 35.50 27.50 6.00 15.00 46.00 34.50 25.00
32.00 30.50 48.50 27.00 30.00 12.00 44.50 41.00 28.50 23.50
35.00 48.50 10.00 34.50 48.50 12.00 3.50 42.00 4.50 30.00
39.50 19.50 11.50 49.00 39.00 5.50 34.50 26.50 24.00 20.00
18.00 13.50 48.00 6.50 25.00 33.50 36.50 48.50 30.00 48.50
3.50 5.00 17.50 45.50 20.50 8.00 31.00 41.00 13.00 48.50
24.00 14.50 15.50 12.00 10.00 18.00 26.50 29.00 31.00 40.50
40.50 28.00 22.00 36.50 30.50 1.50 41.00 30.50 18.50 27.00
35.00 25.50 36.00 32.00 47.50 48.00 36.50 35.50 42.50 44.00
32.50 22.00 38.00 23.50 21.00 18.50 17.00 11.50 48.50 0.50
15.00 49.00 13.00 9.50 15.00 48.00 39.00 22.50 35.00 23.50
34.00 34.50 18.00 23.50 40.50 7.50 16.00 3.00 29.50 47.50
30.50 12.50 49.00 1.50 1.00 2.00 28.50 16.00 2.00 27.50
20.00 14.50 5.50 41.00 5.50 31.00 1.00 34.50 45.50 15.50
7.50 15.00 1.50 25.50 42.00 11.00 18.50 3.50 11.00 34.50
19.50 48.50 14.00 20.00 24.50 44.00 22.50 0.50 11.00 31.50
2.50 31.50 31.00 15.50 6.00 10.50 35.00 29.50 31.50 9.50
13.50 45.50 34.00 19.00 4.50 48.00 30.00 43.50 42.00 28.00
9.50 16.00 33.00 13.50 46.50 9.50 44.00 0.50 4.00 44.50
49.50 32.00 10.50 35.00 30.50 10.50 0.50 38.50 22.50 34.00
37.50 8.00 2.00 14.00 15.50 16.00 36.50 27.50 20.00 17.50
37.50 34.50 46.00 27.50 27.50 43.00 48.00 30.00 25.50 3.00
4.50 40.00 32.50 10.00 39.50 1.50 32.00 15.00 11.50 29.00
21.00 14.50 14.50 16.00 48.00 44.50 40.00 7.00 33.50 31.00
5.50 33.00 4.00 34.50 17.50 25.00 9.50 13.50 19.00 28.50
26.50 43.00 33.50 19.50 10.00 24.00 41.50 5.50 45.50 6.50
9.00 6.00 45.00 47.50 21.00 26.50 20.00 19.00 46.00 48.50
21.50 41.50 22.50 26.00 40.50 18.00 46.00 35.50 33.00 2.00
4.50 25.00 24.00 20.00 23.00 32.50 48.50 21.50 12.00 47.00
7.50 26.50 46.50 12.50 40.50 44.50 15.00 27.50 5.50 8.50
13.50 0.50 39.00 36.50 2.50 46.50 34.50 42.50 37.00 16.00
13.00 1.00 39.50 25.50 32.50 11.00 19.00 32.50 47.00 27.00
33.50 17.50 48.50 20.50 41.50 28.50 11.00 32.00 47.50 37.00
13.00 28.00 2.50 28.00 4.50 34.00 6.50 30.50 20.00 7.00
33.50 11.50 46.50 16.00 35.00 5.50 11.00 9.50 21.00 6.00
20.50 3.50 4.00 42.50 37.00 42.50 38.50 43.50 30.50 30.50
2.50 24.00 18.00 3.50 25.50 46.00 1.50 2.00 3.50 7.00
7.50 11.00 34.00 45.50 49.50 10.00 9.50 41.50 39.50 31.50
27.00 19.50 49.00 11.00 40.00 0.50 31.00 2.00 36.50 6.50
41.00 12.50 10.50 36.00 26.50 33.00 6.50 19.00 40.50 27.00
37.00 28.50 12.50 7.00 47.50 6.50 11.50 20.00 14.50 35.50
17.00 16.50 47.50 26.50 41.50 38.50 19.00 47.00 33.50 22.00
36.50 2.50 39.50 12.00 35.00 5.00 25.50 47.00 25.00 42.50
22.00 1.00 29.00 35.50 25.00 30.00 10.00 44.00 8.50 6.50
42.00 31.00 32.50 22.50 12.00 19.00 37.00 28.50 31.00 44.50
22.50 44.00 45.50 9.50 26.00 5.50 49.00 16.50 45.50 14.50
5.50 48.00 36.50 16.00 8.50 24.00 49.00 49.50 46.00 47.00
33.50 46.00 11.00 41.00 11.50 24.00 41.00 25.50 9.50 2.00
8.00 14.00 39.00 30.00 22.50 41.50 38.50 29.00 5.00 17.00
1.50 2.50 41.50 30.50 17.50 29.50 23.50 0.50 44.00 13.50
17.00 27.00 22.50 14.50 25.50 25.50 46.50 14.50 15.50 1.00
20.00 43.50 7.50 32.50 33.00 35.00 6.00 15.50 40.00 0.50
15.50 38.50 0.50 44.50 1.00 36.50 16.50 13.00 29.50 19.00
45.00 8.00 24.50 48.00 0.50 13.00 38.50 46.50 24.50 6.50
14.50 36.00 32.00 27.00 6.00 26.00 46.00 6.00 46.00 3.00
34.00 9.00 46.50 12.00 23.00 3.00 46.50 27.50 30.00 38.00
12.50 7.50 35.00 1.50 2.00 42.50 4.50 38.50 38.00 20.00
34.00 40.50 1.50 25.50 34.50 49.00 44.50 31.50 38.50 46.00
47.50 31.00 26.00 15.00 13.50 13.00 31.00 26.50 2.50 42.00
26.00 10.50 6.50 46.00 31.00 4.00 9.50 20.50 13.00 22.50
38.50 16.50 32.50 3.00 22.50 47.50 45.50 17.00 47.00 43.00
30.00 37.50 2.00 18.50 48.00 37.00 8.00 28.50 13.50 27.50
6.00 30.00 9.00 46.00 14.50 29.00 38.00 18.50 38.50 45.50
37.00 0.50 30.50 44.50 2.50 26.00 37.00 35.50 18.00 9.00
43.00 19.00 10.50 3.00 39.00 25.00 3.00 38.50 29.00 26.50
4.50 25.50 31.50 19.50 32.50 2.00 40.00 9.00 7.50 22.00
44.50 38.00 22.00 7.00 15.00 32.50 13.50 8.00 32.50 40.50
12.00 44.50 19.00 18.00 16.00 32.00 10.00 13.00 41.00 5.50
46.50 18.50 22.50 38.50 46.50 18.00 2.50 12.50 21.50 12.00
35.50 43.50 1.00 34.00 48.50 34.00 24.50 19.00 49.00 27.00
26.00 3.50 39.50 3.00 38.00 33.00 4.00 22.50 10.50 20.50
44.00 12.00 19.50 29.50 8.50 16.50 42.50 46.00 21.00 20.50
14.00 43.00 1.00 9.00 37.50 12.50 1.00 20.00 8.50 25.50
26.50 38.00 45.50 39.00 37.50 32.00 12.50 23.00 19.50 1.00
11.50 2.00 32.50 39.00 22.00 24.50 44.00 28.00 20.00 46.00
24.00 16.00 37.00 33.00 20.00 22.00 37.50 42.00 22.50 22.00
36.50 18.00 24.00 28.50 31.50 30.50 21.00 19.50 37.00 29.00
21.00 18.50 18.00 47.50 24.50 11.50 8.50 11.00 32.50 30.50
3.50 37.00 38.50 38.50 10.50 45.50 17.00 19.50 1.00 47.00
43.50 14.00 35.00 47.50 43.00 0.50 25.50 28.50 2.50 36.50
4.00 3.50 21.00 47.00 30.00 47.50 14.00 27.50 30.00 37.00
47.50 33.50 31.50 19.50 44.00 16.50 35.50 45.00 28.50 12.00
15.50 25.00 32.00 12.50 22.00 25.50 44.50 8.00 24.50 0.50
34.00 20.00 32.00 19.50 42.00 35.00 25.00 22.00 24.00 31.00
24.50 10.50 44.00 17.50 44.00 45.00 14.50 8.50 39.00 41.50
41.00 15.50 7.00 20.00 17.00 12.50 4.50 10.50 44.50 18.00
29.00 7.50 19.00 3.50 33.00 43.50 40.50 39.50 30.00 37.50
46.00 38.00 35.50 33.00 27.50 12.50 15.00 10.00 31.50 27.50
23.50 19.50 3.00 44.00 7.50 40.00 32.00 17.00 28.00 49.00
41.50 23.00 40.00 42.50 25.50 24.50 4.50 42.00 24.50 16.00
45.50 48.00 45.50 26.00 14.00 43.00 6.00 0.50 24.50 2.50
3.50 2.00 23.00 0.50 20.50 30.00 7.50 8.50 5.00 26.50
30.50 4.50 10.50 31.50 3.50 37.50 1.00 0.50 5.50 32.00
24.50 48.00 26.00 25.00 37.00 43.50 1.00 48.50 11.50 28.50
32.50 46.00 1.50 3.50 27.00 4.00 11.00 38.50 38.50 13.00
32.50 36.50 17.50 29.00 34.00 1.00 15.50 32.50 45.50 28.00
45.00 30.00 43.50 29.50 41.00 27.50 14.50 9.00 33.50 44.50
29.50 15.00 48.50 24.00 17.00 46.00 40.50 8.50 26.00 13.50
47.00 45.00 2.50 24.00 1.50 46.50 15.50 20.50 22.50 44.50
48.50 47.00 9.50 27.00 29.50 9.00 23.50 14.00 42.00 7.50
30.50 34.00 46.00 30.00 25.50 2.50 11.50 13.00 6.00 34.00
31.50 42.50 29.00 45.00 30.00 4.50 19.00 30.00 9.50 5.00
41.50 18.00 23.50 44.00 21.00 10.00 35.00 40.50 26.00 45.00
27.00 26.00 45.00 18.00 16.00 37.50 30.00 12.50 36.50 30.50
2.50 20.00 21.00 11.50 26.50 44.00 25.00 22.50 24.50 21.00
5.00 43.00 29.00 11.50 24.00 13.00 34.00 47.00 5.50 17.00
2.00 27.00 39.50 35.50 28.00 25.00 38.50 5.50 11.00 23.50
6.00 35.50 31.00 39.50 29.00 19.00 47.00 15.00 29.00 5.50
25.00 39.50 8.00 34.50 47.50 49.50 34.00 46.50 19.50 9.50
10.50 36.00 40.00 36.00 7.00 45.00 42.00 15.50 6.00 12.50
25.50 48.50 20.00 34.50 35.00 21.00 22.50 7.00 1.00 36.00
45.00 17.50 5.50 6.50 49.00 49.50 28.00 48.50 17.00 44.00
26.00 43.50 0.50 19.00 10.50 10.50 11.00 35.50 38.00 4.00
18.50 11.50 45.00 24.00 10.50 8.00 1.50 26.00 47.00 9.50
47.00 39.00 36.50 34.50 2.00 47.50 44.00 41.00 36.50 46.50
38.50 18.00 26.50 16.50 3.00 43.50 28.50 5.00 33.00 11.50
24.00 39.50 33.00 14.50 3.00 20.50 43.00 24.00 35.00 14.00
12.50 37.50 30.00 20.00 29.00 7.00 33.50 32.50 34.00 46.50
4.00 9.00 2.00 31.50 14.50 30.00 46.50 30.50 34.00 38.50
37.50 1.00 26.00 6.50 30.50 11.00 21.00 31.50 17.50 4.00
7.00 4.00 21.50 21.50 42.00 9.00 0.50 24.50 47.50 8.50
5.50 13.00 5.50 17.00 39.50 25.50 48.00 0.50 15.50 0.50
10.00 42.50 49.50 20.00 49.00 6.00 18.50 14.50 14.00 13.00
29.00 25.50 35.00 23.50 6.00 6.00 48.00 5.50 43.50 24.00
48.50 11.00 24.50 26.50 30.00 32.00 25.00 15.00 25.50 47.50
14.50 12.50 32.00 37.50 44.50 31.00 49.50 37.00 1.50 35.50
26.50 27.50 44.00 17.50 30.50 23.00 4.00 21.00 28.00 11.50
26.50 11.50 29.00 34.00 9.00 39.50 35.00 28.00 15.50 22.50
5.50 17.00 29.00 44.50 26.50 47.50 36.00 17.50 38.00 31.00
48.50 14.00 27.50 6.50 49.00 27.00 8.50 11.00 31.50 38.50
45.50 5.00 28.50 11.50 3.50 38.50 36.50 36.50 10.00 44.50
21.00 22.00 17.50 47.50 32.50 10.00 26.50 34.00 22.50 14.00
9.50 33.50 16.00 4.00 18.50 25.00 36.00 39.00 20.50 32.00
43.00 27.00 37.50 32.50 44.00 14.50 42.00 47.00 38.00 30.50
34.00 26.50 49.50 11.00 9.50 37.50 13.00 8.50 44.50 25.00
12.00 19.00 11.00 5.00 19.00 36.00 46.50 11.50 16.50 6.50
10.50 19.00 29.50 29.00 19.00 29.00 41.00 23.50 28.50 20.50
3.50 46.50 45.00 26.50 31.50 12.50 31.00 33.00 29.00 23.00
15.50 20.50 32.50 49.50 7.00 3.50 25.00 5.50 1.00 30.00
28.50 7.00 45.50 10.50 16.50 3.50 22.50 41.50 27.00 14.00
3.00 1.50 46.50 41.00 16.00 30.00 2.50 49.00 20.50 26.50
45.00 16.00 40.50 37.50 30.50 10.50 6.00 40.50 48.50 30.00
13.00 39.00 8.50 8.50 39.50 39.50 24.00 38.00 24.00 28.00
2.00 20.50 22.00 25.00 10.00 37.50 41.00 2.50 11.50 26.00
48.50 46.50 13.50 46.00 37.00 28.00 22.50 22.00 24.50 24.50
2.00 12.50 25.00 34.00 39.00 18.50 25.00 9.00 30.50 6.00
7.00 47.50 24.00 41.00 29.00 34.00 15.00 7.50 42.00 24.00
11.00 45.00 19.00 46.00 43.50 43.00 24.50 47.00 41.50 34.50
10.50 16.50 46.00 27.00 12.00 49.50 26.00 7.50 17.00 12.00
11.00 45.50 9.00 8.50 12.50 3.50 3.50 8.00 0.50 5.00
19.00 32.50 23.50 9.00 30.50 16.00 17.50 9.50 3.50 32.50
32.00 20.00 17.50 33.00 23.50 27.00 16.50 12.50 10.50 7.00
27.00 16.50 18.50 27.00 3.00 37.00 4.50 7.00 35.50 17.50
7.50 17.00 45.50 38.00 4.50 49.50 26.00 15.00 37.00 29.50
23.50 3.50 42.50 5.00 48.50 32.00 23.50 41.00 20.50 45.00
44.00 25.00 41.00 14.00 11.50 25.50 22.50 26.00 3.50 40.50
29.00 3.50 20.00 22.00 45.00 33.50 41.00 46.50 2.50 5.50
26.50 37.00 5.00 11.50 8.00 43.50 15.00 49.50 32.50 4.50
46.50 26.50 32.50 13.00 1.50 24.00 40.00 11.00 21.00 38.50
2.00 1.00 14.00 27.50 15.00 36.00 1.50 23.00 5.00 12.00
41.50 41.50 35.00 3.00 48.00 27.00 29.00 27.00 18.50 37.50
19.50 38.00 11.00 46.50 10.00 32.00 15.00 35.50 47.50 19.00
25.00 18.50 18.00 3.00 39.50 16.00 13.50 13.50 47.00 45.00
18.00 11.00 34.00 37.50 48.00 5.50 36.00 39.50 3.50 12.50
37.50 31.00 8.50 48.00 45.50 30.00 0.50 22.50 9.00 1.50
17.50 37.50 30.50 13.50 5.50 38.00 23.00 37.50 6.50 47.50
43.00 40.00 11.50 10.00 15.50 12.50 45.00 46.00 18.50 12.00
18.00 37.00 3.50 30.50 44.00 22.00 43.50 44.50 38.00 47.00
35.50 32.50 2.00 36.00 2.50 12.00 13.50 8.00 29.50 16.50
21.50 19.00 2.00 34.00 20.00 29.50 34.50 22.00 23.50 28.50
23.00 34.50 24.00 13.00 13.50 6.50 10.00 15.00 21.00 43.00
24.00 42.50 33.00 17.00 10.00 4.50 28.50 9.50 35.00 6.50
8.00 10.50 12.00 1.00 42.50 29.50 18.50 34.50 36.00 7.50
45.50 12.50 12.50 3.50 35.50 39.50 47.00 18.50 18.50 3.50
22.50 22.50 30.00 2.00 12.00 30.00 30.50 7.50 6.50 44.50
15.50 45.00 1.00 17.00 15.50 40.50 3.00 41.00 37.50 5.50
26.50 27.50 39.50 25.50 47.00 48.00 23.00 8.00 12.50 40.00
4.00 46.00 31.00 33.00 17.50 47.50 33.50 28.50 25.00 43.00
7.50 18.00 31.50 17.00 18.00 28.50 1.00 39.00 32.00 13.00
5.00 24.50 36.00 42.50 40.50 20.50 26.00 9.00 18.50 43.00
23.00 23.50 19.00 18.00 19.00 32.00 12.00 22.50 6.50 49.00
18.50 13.00 4.50 4.00 40.50 41.50 14.50 2.50 7.50 37.00
43.50 2.00 44.00 17.50 31.00 15.00 13.50 28.50 17.00 2.50
12.50 21.50 20.00 41.50 10.00 27.00 15.00 20.00 35.00 8.50
48.00 41.50 18.50 14.50 23.00 39.00 32.50 48.00 27.50 33.00
10.50 46.00 24.50 7.50 7.50 26.50 18.00 26.50 9.50 30.50
49.50 13.00 13.00 7.00 40.00 9.50 1.50 26.50 15.00 43.00
33.50 47.00 36.50 28.50 39.00 4.00 16.50 46.50 45.00 6.50
11.50 15.50 28.50 29.50 48.50 8.50 44.50 37.50 1.00 24.50
8.00 29.50 13.00 35.50 11.50 17.50 18.00 25.00 31.00 16.50
2.50 42.00 18.50 27.50 31.00 25.50 21.00 17.00 7.00 41.50
25.00 7.50 48.00 32.50 24.00 44.50 12.50 33.00 17.00 20.00
20.00 1.00 49.00 34.00 19.00 18.50 43.50 10.00 24.00 19.50
2.50 12.50 16.50 5.00 17.50 14.50 32.00 6.50 44.50 45.00
33.50 24.00 40.00 16.50 4.00 4.50 23.50 37.50 45.00 1.50
