# nJobs | nMachines
50 10
# Job Weights
71
82
66
83
43
53
88
82
68
13
25
77
28
12
6
83
2
3
17
39
41
44
74
72
50
19
1
85
21
70
42
24
88
100
61
16
32
90
55
17
9
86
43
63
37
92
66
63
54
59
# P_bar : m1 | m2 | m3 | m4 | m5 | m6 | m7 | m8 | m9 | m10
66 55 65 57 58 38 5 26 66 93
46 63 35 72 66 23 13 40 41 95
25 71 49 48 5 13 36 84 74 48
30 21 2 6 69 1 54 84 62 71
17 74 95 10 38 10 76 74 70 30
40 65 14 98 93 76 40 39 30 22
17 52 67 55 59 49 67 65 66 3
20 91 8 71 56 2 31 15 11 22
73 12 62 19 26 81 35 71 51 82
5 22 25 28 96 43 48 92 43 35
60 12 2 31 60 51 85 44 32 56
3 26 40 79 18 71 41 27 23 14
91 97 68 69 74 29 82 93 20 88
34 30 75 11 93 44 95 2 1 41
81 30 72 4 12 26 15 55 54 4
58 12 5 12 56 27 24 44 55 52
48 94 5 71 36 27 77 55 65 17
71 46 10 62 71 56 6 23 22 95
57 20 33 2 38 21 79 25 99 15
5 73 56 95 96 76 36 1 97 85
8 58 89 35 84 88 18 51 21 12
19 10 54 82 84 9 21 12 63 11
78 77 31 57 65 33 34 47 45 24
2 27 1 7 17 6 42 98 70 71
1 33 61 24 78 40 74 41 41 46
78 53 25 62 45 64 46 18 6 59
8 23 11 70 83 5 1 44 70 16
14 2 7 89 53 5 88 72 33 33
46 65 88 87 60 7 29 88 97 53
98 35 65 21 60 5 95 60 32 22
50 7 74 54 9 76 67 29 28 49
88 54 16 16 7 63 41 99 54 44
28 43 87 72 51 35 98 2 63 76
66 87 57 31 85 94 31 17 16 88
43 56 89 24 66 65 25 79 12 45
23 4 85 94 6 25 70 6 2 52
93 29 46 18 3 6 62 29 50 31
52 35 54 83 93 87 45 89 48 66
1 37 23 36 88 60 59 4 34 17
77 53 23 73 40 33 68 70 75 68
54 10 96 67 85 67 22 10 45 99
45 90 79 74 92 81 81 79 2 78
56 95 70 75 15 93 44 64 39 87
54 85 33 93 51 98 80 92 4 45
57 2 50 16 55 9 88 42 46 78
23 36 18 74 19 94 25 79 11 51
18 85 65 70 58 49 93 56 66 87
88 5 87 16 84 27 61 94 59 4
38 3 18 81 4 62 1 26 28 45
72 45 15 93 23 90 97 93 74 9
# P_hat : m1 | m2 | m3 | m4 | m5 | m6 | m7 | m8 | m9 | m10
33.00 27.50 32.50 28.50 29.00 19.00 2.50 13.00 33.00 46.50
23.00 31.50 17.50 36.00 33.00 11.50 6.50 20.00 20.50 47.50
12.50 35.50 24.50 24.00 2.50 6.50 18.00 42.00 37.00 24.00
15.00 10.50 1.00 3.00 34.50 0.50 27.00 42.00 31.00 35.50
8.50 37.00 47.50 5.00 19.00 5.00 38.00 37.00 35.00 15.00
20.00 32.50 7.00 49.00 46.50 38.00 20.00 19.50 15.00 11.00
8.50 26.00 33.50 27.50 29.50 24.50 33.50 32.50 33.00 1.50
10.00 45.50 4.00 35.50 28.00 1.00 15.50 7.50 5.50 11.00
36.50 6.00 31.00 9.50 13.00 40.50 17.50 35.50 25.50 41.00
2.50 11.00 12.50 14.00 48.00 21.50 24.00 46.00 21.50 17.50
30.00 6.00 1.00 15.50 30.00 25.50 42.50 22.00 16.00 28.00
1.50 13.00 20.00 39.50 9.00 35.50 20.50 13.50 11.50 7.00
45.50 48.50 34.00 34.50 37.00 14.50 41.00 46.50 10.00 44.00
17.00 15.00 37.50 5.50 46.50 22.00 47.50 1.00 0.50 20.50
40.50 15.00 36.00 2.00 6.00 13.00 7.50 27.50 27.00 2.00
29.00 6.00 2.50 6.00 28.00 13.50 12.00 22.00 27.50 26.00
24.00 47.00 2.50 35.50 18.00 13.50 38.50 27.50 32.50 8.50
35.50 23.00 5.00 31.00 35.50 28.00 3.00 11.50 11.00 47.50
28.50 10.00 16.50 1.00 19.00 10.50 39.50 12.50 49.50 7.50
2.50 36.50 28.00 47.50 48.00 38.00 18.00 0.50 48.50 42.50
4.00 29.00 44.50 17.50 42.00 44.00 9.00 25.50 10.50 6.00
9.50 5.00 27.00 41.00 42.00 4.50 10.50 6.00 31.50 5.50
39.00 38.50 15.50 28.50 32.50 16.50 17.00 23.50 22.50 12.00
1.00 13.50 0.50 3.50 8.50 3.00 21.00 49.00 35.00 35.50
0.50 16.50 30.50 12.00 39.00 20.00 37.00 20.50 20.50 23.00
39.00 26.50 12.50 31.00 22.50 32.00 23.00 9.00 3.00 29.50
4.00 11.50 5.50 35.00 41.50 2.50 0.50 22.00 35.00 8.00
7.00 1.00 3.50 44.50 26.50 2.50 44.00 36.00 16.50 16.50
23.00 32.50 44.00 43.50 30.00 3.50 14.50 44.00 48.50 26.50
49.00 17.50 32.50 10.50 30.00 2.50 47.50 30.00 16.00 11.00
25.00 3.50 37.00 27.00 4.50 38.00 33.50 14.50 14.00 24.50
44.00 27.00 8.00 8.00 3.50 31.50 20.50 49.50 27.00 22.00
14.00 21.50 43.50 36.00 25.50 17.50 49.00 1.00 31.50 38.00
33.00 43.50 28.50 15.50 42.50 47.00 15.50 8.50 8.00 44.00
21.50 28.00 44.50 12.00 33.00 32.50 12.50 39.50 6.00 22.50
11.50 2.00 42.50 47.00 3.00 12.50 35.00 3.00 1.00 26.00
46.50 14.50 23.00 9.00 1.50 3.00 31.00 14.50 25.00 15.50
26.00 17.50 27.00 41.50 46.50 43.50 22.50 44.50 24.00 33.00
0.50 18.50 11.50 18.00 44.00 30.00 29.50 2.00 17.00 8.50
38.50 26.50 11.50 36.50 20.00 16.50 34.00 35.00 37.50 34.00
27.00 5.00 48.00 33.50 42.50 33.50 11.00 5.00 22.50 49.50
22.50 45.00 39.50 37.00 46.00 40.50 40.50 39.50 1.00 39.00
28.00 47.50 35.00 37.50 7.50 46.50 22.00 32.00 19.50 43.50
27.00 42.50 16.50 46.50 25.50 49.00 40.00 46.00 2.00 22.50
28.50 1.00 25.00 8.00 27.50 4.50 44.00 21.00 23.00 39.00
11.50 18.00 9.00 37.00 9.50 47.00 12.50 39.50 5.50 25.50
9.00 42.50 32.50 35.00 29.00 24.50 46.50 28.00 33.00 43.50
44.00 2.50 43.50 8.00 42.00 13.50 30.50 47.00 29.50 2.00
19.00 1.50 9.00 40.50 2.00 31.00 0.50 13.00 14.00 22.50
36.00 22.50 7.50 46.50 11.50 45.00 48.50 46.50 37.00 4.50
