# nJobs | nMachines
50 20
# Job Weights
54
75
39
10
95
75
74
75
71
78
18
100
30
65
2
1
39
27
3
89
51
100
8
88
69
67
64
87
24
28
65
53
97
73
96
56
37
4
77
93
4
81
45
11
33
5
46
18
50
94
# P_bar : m1 | m2 | m3 | m4 | m5 | m6 | m7 | m8 | m9 | m10 | m11 | m12 | m13 | m14 | m15 | m16 | m17 | m18 | m19 | m20
1 92 95 70 17 78 6 31 24 79 3 59 53 86 71 77 55 69 20 38
96 74 75 18 74 27 73 38 83 28 65 42 7 28 54 33 56 34 35 32
21 20 24 19 87 15 64 36 59 43 73 18 27 67 48 22 21 9 25 13
57 70 3 76 39 55 30 35 58 20 81 51 44 29 16 77 77 7 81 10
7 43 83 7 14 28 30 52 60 16 38 95 36 53 22 90 83 43 19 23
34 6 67 34 28 28 99 13 15 9 71 82 21 24 14 23 43 62 4 28
72 77 88 66 12 26 61 78 15 80 3 96 53 95 39 10 11 29 42 42
12 25 75 72 49 98 26 31 27 36 40 45 38 66 99 44 64 70 58 68
80 68 28 16 88 98 38 8 47 14 6 25 37 32 68 1 59 28 18 78
99 83 65 95 91 77 46 62 25 86 98 80 90 66 32 53 37 62 19 39
28 28 54 80 53 79 76 36 43 70 4 42 34 61 20 58 96 34 73 76
80 13 65 10 40 12 65 98 11 87 23 66 1 18 7 40 27 67 14 4
30 74 34 63 1 96 51 7 20 77 23 41 83 99 26 48 9 16 44 45
15 18 17 14 55 78 39 3 36 44 2 1 64 48 2 94 63 83 13 25
95 71 51 89 39 29 23 5 3 52 66 14 69 31 58 20 82 64 11 23
19 11 98 65 35 28 71 82 42 86 67 66 30 66 92 34 31 32 55 77
12 17 94 43 99 14 63 41 51 12 8 89 18 15 86 16 27 43 91 3
59 27 22 44 17 52 94 2 11 49 76 35 74 93 45 99 67 67 51 20
66 89 57 28 69 27 62 63 86 68 58 2 9 64 19 27 82 37 42 49
51 14 37 39 67 51 87 56 55 56 82 63 70 77 90 80 65 79 47 35
6 13 90 59 13 46 43 85 20 59 63 80 41 67 54 24 74 31 94 29
36 40 38 91 98 98 45 85 3 87 18 34 5 74 51 19 41 41 43 59
74 97 20 70 79 97 46 25 64 82 17 45 70 90 88 34 10 3 68 14
53 70 85 24 20 38 9 98 19 5 5 42 5 44 72 6 36 11 77 94
25 96 49 96 57 78 10 58 49 23 75 81 4 51 44 65 69 71 42 11
68 13 37 1 68 89 42 16 70 6 52 27 65 17 85 11 1 21 75 17
37 66 29 92 17 67 43 99 28 15 95 15 53 50 20 14 21 26 17 80
42 77 84 79 27 91 46 61 53 42 55 42 17 80 5 97 72 98 85 70
68 2 93 57 25 51 7 21 96 63 62 80 6 44 10 14 37 39 54 20
74 41 99 88 36 62 15 26 52 66 84 11 98 63 98 77 54 73 83 25
93 69 44 60 67 79 32 67 44 59 5 4 84 19 44 58 88 59 30 12
39 34 39 70 73 93 80 96 24 98 33 84 39 24 6 86 65 33 52 78
75 10 18 38 34 25 4 70 40 67 72 25 3 24 44 72 97 71 89 58
54 91 40 94 47 61 73 89 66 73 52 45 9 35 12 20 71 49 54 13
10 98 24 94 65 59 42 5 2 94 8 42 50 79 55 22 13 22 74 22
60 60 98 30 79 20 98 45 89 27 74 61 58 62 14 2 90 6 86 53
15 3 61 50 31 92 24 38 70 56 70 4 87 11 66 28 88 68 27 92
75 86 72 17 54 1 25 79 69 96 5 34 54 59 28 16 39 14 22 7
71 55 21 43 56 35 13 73 3 81 38 54 41 14 80 54 46 36 24 62
22 95 76 28 33 97 38 99 77 92 7 46 87 89 64 19 89 17 11 94
10 73 87 33 66 79 3 33 96 68 86 80 9 16 13 77 99 30 12 8
65 65 32 48 30 37 69 1 40 92 41 1 49 96 73 7 82 83 8 81
39 24 8 48 89 72 38 84 66 77 99 94 93 72 44 27 14 94 15 5
99 22 17 81 45 76 61 79 75 94 98 8 70 95 11 19 14 53 21 24
77 5 54 50 44 89 8 44 81 93 2 56 4 92 89 80 63 30 75 98
39 67 43 86 91 7 54 39 52 28 51 52 13 34 78 80 67 74 84 85
50 39 3 23 18 79 90 16 78 75 13 13 60 64 6 40 16 24 29 75
14 58 65 95 67 85 3 50 86 74 96 39 41 83 10 49 46 47 15 57
75 4 33 3 94 40 5 39 44 34 78 62 48 66 44 46 28 76 26 37
28 30 36 80 41 24 25 55 85 80 49 84 75 6 28 85 91 28 83 96
# P_hat : m1 | m2 | m3 | m4 | m5 | m6 | m7 | m8 | m9 | m10 | m11 | m12 | m13 | m14 | m15 | m16 | m17 | m18 | m19 | m20
0.20 18.40 19.00 14.00 3.40 15.60 1.20 6.20 4.80 15.80 0.60 11.80 10.60 17.20 14.20 15.40 11.00 13.80 4.00 7.60
19.20 14.80 15.00 3.60 14.80 5.40 14.60 7.60 16.60 5.60 13.00 8.40 1.40 5.60 10.80 6.60 11.20 6.80 7.00 6.40
4.20 4.00 4.80 3.80 17.40 3.00 12.80 7.20 11.80 8.60 14.60 3.60 5.40 13.40 9.60 4.40 4.20 1.80 5.00 2.60
11.40 14.00 0.60 15.20 7.80 11.00 6.00 7.00 11.60 4.00 16.20 10.20 8.80 5.80 3.20 15.40 15.40 1.40 16.20 2.00
1.40 8.60 16.60 1.40 2.80 5.60 6.00 10.40 12.00 3.20 7.60 19.00 7.20 10.60 4.40 18.00 16.60 8.60 3.80 4.60
6.80 1.20 13.40 6.80 5.60 5.60 19.80 2.60 3.00 1.80 14.20 16.40 4.20 4.80 2.80 4.60 8.60 12.40 0.80 5.60
14.40 15.40 17.60 13.20 2.40 5.20 12.20 15.60 3.00 16.00 0.60 19.20 10.60 19.00 7.80 2.00 2.20 5.80 8.40 8.40
2.40 5.00 15.00 14.40 9.80 19.60 5.20 6.20 5.40 7.20 8.00 9.00 7.60 13.20 19.80 8.80 12.80 14.00 11.60 13.60
16.00 13.60 5.60 3.20 17.60 19.60 7.60 1.60 9.40 2.80 1.20 5.00 7.40 6.40 13.60 0.20 11.80 5.60 3.60 15.60
19.80 16.60 13.00 19.00 18.20 15.40 9.20 12.40 5.00 17.20 19.60 16.00 18.00 13.20 6.40 10.60 7.40 12.40 3.80 7.80
5.60 5.60 10.80 16.00 10.60 15.80 15.20 7.20 8.60 14.00 0.80 8.40 6.80 12.20 4.00 11.60 19.20 6.80 14.60 15.20
16.00 2.60 13.00 2.00 8.00 2.40 13.00 19.60 2.20 17.40 4.60 13.20 0.20 3.60 1.40 8.00 5.40 13.40 2.80 0.80
6.00 14.80 6.80 12.60 0.20 19.20 10.20 1.40 4.00 15.40 4.60 8.20 16.60 19.80 5.20 9.60 1.80 3.20 8.80 9.00
3.00 3.60 3.40 2.80 11.00 15.60 7.80 0.60 7.20 8.80 0.40 0.20 12.80 9.60 0.40 18.80 12.60 16.60 2.60 5.00
19.00 14.20 10.20 17.80 7.80 5.80 4.60 1.00 0.60 10.40 13.20 2.80 13.80 6.20 11.60 4.00 16.40 12.80 2.20 4.60
3.80 2.20 19.60 13.00 7.00 5.60 14.20 16.40 8.40 17.20 13.40 13.20 6.00 13.20 18.40 6.80 6.20 6.40 11.00 15.40
2.40 3.40 18.80 8.60 19.80 2.80 12.60 8.20 10.20 2.40 1.60 17.80 3.60 3.00 17.20 3.20 5.40 8.60 18.20 0.60
11.80 5.40 4.40 8.80 3.40 10.40 18.80 0.40 2.20 9.80 15.20 7.00 14.80 18.60 9.00 19.80 13.40 13.40 10.20 4.00
13.20 17.80 11.40 5.60 13.80 5.40 12.40 12.60 17.20 13.60 11.60 0.40 1.80 12.80 3.80 5.40 16.40 7.40 8.40 9.80
10.20 2.80 7.40 7.80 13.40 10.20 17.40 11.20 11.00 11.20 16.40 12.60 14.00 15.40 18.00 16.00 13.00 15.80 9.40 7.00
1.20 2.60 18.00 11.80 2.60 9.20 8.60 17.00 4.00 11.80 12.60 16.00 8.20 13.40 10.80 4.80 14.80 6.20 18.80 5.80
7.20 8.00 7.60 18.20 19.60 19.60 9.00 17.00 0.60 17.40 3.60 6.80 1.00 14.80 10.20 3.80 8.20 8.20 8.60 11.80
14.80 19.40 4.00 14.00 15.80 19.40 9.20 5.00 12.80 16.40 3.40 9.00 14.00 18.00 17.60 6.80 2.00 0.60 13.60 2.80
10.60 14.00 17.00 4.80 4.00 7.60 1.80 19.60 3.80 1.00 1.00 8.40 1.00 8.80 14.40 1.20 7.20 2.20 15.40 18.80
5.00 19.20 9.80 19.20 11.40 15.60 2.00 11.60 9.80 4.60 15.00 16.20 0.80 10.20 8.80 13.00 13.80 14.20 8.40 2.20
13.60 2.60 7.40 0.20 13.60 17.80 8.40 3.20 14.00 1.20 10.40 5.40 13.00 3.40 17.00 2.20 0.20 4.20 15.00 3.40
7.40 13.20 5.80 18.40 3.40 13.40 8.60 19.80 5.60 3.00 19.00 3.00 10.60 10.00 4.00 2.80 4.20 5.20 3.40 16.00
8.40 15.40 16.80 15.80 5.40 18.20 9.20 12.20 10.60 8.40 11.00 8.40 3.40 16.00 1.00 19.40 14.40 19.60 17.00 14.00
13.60 0.40 18.60 11.40 5.00 10.20 1.40 4.20 19.20 12.60 12.40 16.00 1.20 8.80 2.00 2.80 7.40 7.80 10.80 4.00
14.80 8.20 19.80 17.60 7.20 12.40 3.00 5.20 10.40 13.20 16.80 2.20 19.60 12.60 19.60 15.40 10.80 14.60 16.60 5.00
18.60 13.80 8.80 12.00 13.40 15.80 6.40 13.40 8.80 11.80 1.00 0.80 16.80 3.80 8.80 11.60 17.60 11.80 6.00 2.40
7.80 6.80 7.80 14.00 14.60 18.60 16.00 19.20 4.80 19.60 6.60 16.80 7.80 4.80 1.20 17.20 13.00 6.60 10.40 15.60
15.00 2.00 3.60 7.60 6.80 5.00 0.80 14.00 8.00 13.40 14.40 5.00 0.60 4.80 8.80 14.40 19.40 14.20 17.80 11.60
10.80 18.20 8.00 18.80 9.40 12.20 14.60 17.80 13.20 14.60 10.40 9.00 1.80 7.00 2.40 4.00 14.20 9.80 10.80 2.60
2.00 19.60 4.80 18.80 13.00 11.80 8.40 1.00 0.40 18.80 1.60 8.40 10.00 15.80 11.00 4.40 2.60 4.40 14.80 4.40
12.00 12.00 19.60 6.00 15.80 4.00 19.60 9.00 17.80 5.40 14.80 12.20 11.60 12.40 2.80 0.40 18.00 1.20 17.20 10.60
3.00 0.60 12.20 10.00 6.20 18.40 4.80 7.60 14.00 11.20 14.00 0.80 17.40 2.20 13.20 5.60 17.60 13.60 5.40 18.40
15.00 17.20 14.40 3.40 10.80 0.20 5.00 15.80 13.80 19.20 1.00 6.80 10.80 11.80 5.60 3.20 7.80 2.80 4.40 1.40
14.20 11.00 4.20 8.60 11.20 7.00 2.60 14.60 0.60 16.20 7.60 10.80 8.20 2.80 16.00 10.80 9.20 7.20 4.80 12.40
4.40 19.00 15.20 5.60 6.60 19.40 7.60 19.80 15.40 18.40 1.40 9.20 17.40 17.80 12.80 3.80 17.80 3.40 2.20 18.80
2.00 14.60 17.40 6.60 13.20 15.80 0.60 6.60 19.20 13.60 17.20 16.00 1.80 3.20 2.60 15.40 19.80 6.00 2.40 1.60
13.00 13.00 6.40 9.60 6.00 7.40 13.80 0.20 8.00 18.40 8.20 0.20 9.80 19.20 14.60 1.40 16.40 16.60 1.60 16.20
7.80 4.80 1.60 9.60 17.80 14.40 7.60 16.80 13.20 15.40 19.80 18.80 18.60 14.40 8.80 5.40 2.80 18.80 3.00 1.00
19.80 4.40 3.40 16.20 9.00 15.20 12.20 15.80 15.00 18.80 19.60 1.60 14.00 19.00 2.20 3.80 2.80 10.60 4.20 4.80
15.40 1.00 10.80 10.00 8.80 17.80 1.60 8.80 16.20 18.60 0.40 11.20 0.80 18.40 17.80 16.00 12.60 6.00 15.00 19.60
7.80 13.40 8.60 17.20 18.20 1.40 10.80 7.80 10.40 5.60 10.20 10.40 2.60 6.80 15.60 16.00 13.40 14.80 16.80 17.00
10.00 7.80 0.60 4.60 3.60 15.80 18.00 3.20 15.60 15.00 2.60 2.60 12.00 12.80 1.20 8.00 3.20 4.80 5.80 15.00
2.80 11.60 13.00 19.00 13.40 17.00 0.60 10.00 17.20 14.80 19.20 7.80 8.20 16.60 2.00 9.80 9.20 9.40 3.00 11.40
15.00 0.80 6.60 0.60 18.80 8.00 1.00 7.80 8.80 6.80 15.60 12.40 9.60 13.20 8.80 9.20 5.60 15.20 5.20 7.40
5.60 6.00 7.20 16.00 8.20 4.80 5.00 11.00 17.00 16.00 9.80 16.80 15.00 1.20 5.60 17.00 18.20 5.60 16.60 19.20
