# nJobs | nMachines
50 5
# Job Weights
32
49
78
17
44
22
76
7
70
21
80
15
34
100
69
14
57
99
56
81
60
46
53
34
73
68
14
30
88
60
10
58
55
43
17
1
66
99
88
90
50
38
42
32
29
32
37
4
79
8
# P_bar : m1 | m2 | m3 | m4 | m5
34 24 20 65 47
40 85 61 39 62
22 19 69 68 11
6 94 28 40 6
50 59 69 82 21
64 65 35 31 60
48 42 17 29 82
74 8 59 17 2
67 10 16 69 31
22 15 54 44 27
26 96 6 19 81
13 63 18 29 34
24 30 2 60 7
54 20 4 27 6
22 31 80 93 53
9 94 45 35 19
28 35 2 17 28
48 84 18 1 63
83 83 83 99 29
85 53 21 96 34
79 57 41 1 96
78 25 51 62 39
40 71 85 84 19
15 22 56 42 45
95 31 88 60 64
75 35 40 42 72
73 40 20 66 26
41 76 16 1 59
52 14 22 1 51
71 48 98 31 74
84 42 56 41 3
73 11 69 62 11
25 92 90 83 96
41 68 9 74 50
74 55 81 38 23
15 88 65 56 43
58 52 38 57 36
55 36 75 54 52
47 62 60 45 9
12 42 81 39 44
36 51 59 85 32
48 68 94 40 2
96 10 3 21 78
47 38 19 84 83
64 29 15 17 69
5 56 29 24 47
24 23 94 65 17
78 71 48 98 35
59 45 39 90 45
4 98 3 46 30
# P_hat : m1 | m2 | m3 | m4 | m5
17.00 12.00 10.00 32.50 23.50
20.00 42.50 30.50 19.50 31.00
11.00 9.50 34.50 34.00 5.50
3.00 47.00 14.00 20.00 3.00
25.00 29.50 34.50 41.00 10.50
32.00 32.50 17.50 15.50 30.00
24.00 21.00 8.50 14.50 41.00
37.00 4.00 29.50 8.50 1.00
33.50 5.00 8.00 34.50 15.50
11.00 7.50 27.00 22.00 13.50
13.00 48.00 3.00 9.50 40.50
6.50 31.50 9.00 14.50 17.00
12.00 15.00 1.00 30.00 3.50
27.00 10.00 2.00 13.50 3.00
11.00 15.50 40.00 46.50 26.50
4.50 47.00 22.50 17.50 9.50
14.00 17.50 1.00 8.50 14.00
24.00 42.00 9.00 0.50 31.50
41.50 41.50 41.50 49.50 14.50
42.50 26.50 10.50 48.00 17.00
39.50 28.50 20.50 0.50 48.00
39.00 12.50 25.50 31.00 19.50
20.00 35.50 42.50 42.00 9.50
7.50 11.00 28.00 21.00 22.50
47.50 15.50 44.00 30.00 32.00
37.50 17.50 20.00 21.00 36.00
36.50 20.00 10.00 33.00 13.00
20.50 38.00 8.00 0.50 29.50
26.00 7.00 11.00 0.50 25.50
35.50 24.00 49.00 15.50 37.00
42.00 21.00 28.00 20.50 1.50
36.50 5.50 34.50 31.00 5.50
12.50 46.00 45.00 41.50 48.00
20.50 34.00 4.50 37.00 25.00
37.00 27.50 40.50 19.00 11.50
7.50 44.00 32.50 28.00 21.50
29.00 26.00 19.00 28.50 18.00
27.50 18.00 37.50 27.00 26.00
23.50 31.00 30.00 22.50 4.50
6.00 21.00 40.50 19.50 22.00
18.00 25.50 29.50 42.50 16.00
24.00 34.00 47.00 20.00 1.00
48.00 5.00 1.50 10.50 39.00
23.50 19.00 9.50 42.00 41.50
32.00 14.50 7.50 8.50 34.50
2.50 28.00 14.50 12.00 23.50
12.00 11.50 47.00 32.50 8.50
39.00 35.50 24.00 49.00 17.50
29.50 22.50 19.50 45.00 22.50
2.00 49.00 1.50 23.00 15.00
