# nJobs | nMachines
100 10
# Job Weights
60
78
8
48
13
32
32
62
3
21
84
90
97
75
53
5
5
68
92
66
5
66
8
79
24
4
6
24
99
35
41
85
37
2
15
37
58
89
77
79
33
17
74
1
100
8
96
55
20
96
18
66
27
33
68
36
63
32
79
81
93
56
98
28
100
77
56
63
29
25
69
93
100
50
97
50
61
94
21
62
74
63
28
3
2
67
31
10
9
23
71
94
92
71
4
36
35
78
25
87
# P_bar : m1 | m2 | m3 | m4 | m5 | m6 | m7 | m8 | m9 | m10
68 1 10 50 77 79 68 70 26 64
40 37 76 87 30 26 48 36 97 32
43 91 75 77 88 57 56 23 5 23
72 59 29 88 21 98 54 72 89 94
87 2 10 80 29 27 38 23 77 93
59 44 86 75 12 66 65 28 47 69
67 29 62 41 2 89 56 14 60 75
89 37 26 84 95 90 29 48 12 65
84 30 1 24 24 44 21 54 96 68
43 20 62 27 20 91 99 86 63 93
92 19 89 52 66 36 34 81 27 4
90 79 2 73 82 66 25 12 87 91
23 41 62 75 45 71 66 26 46 15
20 79 96 23 4 32 54 76 10 83
97 49 99 52 22 80 1 41 97 38
57 21 91 97 81 25 52 89 59 34
33 97 85 40 56 32 23 70 58 67
7 86 42 50 85 39 50 54 73 24
69 15 7 95 3 38 61 6 11 78
56 57 4 34 82 5 36 65 31 41
16 76 23 2 94 97 60 7 41 87
41 14 74 76 72 56 1 14 23 55
7 57 83 26 96 65 57 88 36 83
74 80 41 48 55 14 38 98 54 5
54 93 63 16 3 58 68 57 7 34
67 31 99 20 63 35 45 19 31 16
15 66 55 86 65 97 85 72 90 57
85 30 37 62 20 24 13 41 83 66
83 82 23 54 4 46 55 40 65 23
42 11 1 50 95 91 98 62 61 13
29 71 84 26 20 53 12 47 15 35
64 94 46 4 57 29 97 65 10 8
3 35 31 4 38 72 6 14 61 17
9 71 93 59 46 43 94 99 55 20
35 76 79 24 76 62 43 65 81 18
24 76 32 14 10 27 86 14 87 66
72 26 71 49 79 57 2 99 81 10
70 31 60 35 7 14 84 65 50 48
47 58 42 78 12 92 94 62 43 71
78 31 24 77 60 69 28 30 67 64
60 98 51 72 85 61 68 6 54 97
11 26 98 10 73 8 45 80 79 59
60 92 64 87 18 78 43 52 26 25
5 11 85 24 75 43 89 35 64 67
24 72 31 26 77 53 86 25 83 5
52 46 11 46 71 2 8 54 56 15
39 20 95 40 83 72 32 44 8 33
14 38 58 86 63 23 62 40 78 6
65 57 57 40 52 85 11 99 27 27
99 5 28 8 66 49 36 21 1 34
69 19 76 39 30 6 3 74 97 12
96 65 40 11 71 34 23 10 35 28
54 35 96 96 57 6 79 46 29 15
37 89 54 74 83 51 99 99 22 36
35 41 91 22 34 17 57 88 16 22
19 15 90 22 31 66 4 91 87 82
10 99 41 50 11 31 69 57 79 43
88 19 72 6 50 58 69 85 82 97
61 74 37 95 22 84 30 62 65 6
95 63 38 83 7 70 99 46 62 28
18 92 64 70 82 87 51 88 99 65
49 29 98 1 34 99 66 11 22 45
69 47 36 8 5 88 33 27 79 73
86 80 20 94 62 60 13 35 37 63
28 7 3 65 3 4 89 50 31 41
6 43 41 70 68 2 73 68 30 12
40 89 93 61 35 99 26 58 40 11
88 9 44 80 79 79 25 47 93 85
94 99 3 82 10 49 88 44 22 82
78 38 19 23 60 53 70 37 91 41
43 76 66 51 67 16 72 76 8 87
31 52 55 92 10 64 56 30 44 84
54 48 66 25 87 72 1 98 95 25
80 55 68 23 25 59 6 57 93 59
11 17 1 40 24 62 97 7 83 89
27 63 5 69 4 66 57 15 38 86
3 92 59 42 36 92 64 84 74 15
32 77 64 13 44 28 40 39 24 17
2 31 1 17 22 72 4 62 50 44
49 44 5 27 8 50 71 1 75 71
27 76 11 74 49 80 84 41 60 15
81 18 46 7 97 48 50 59 15 10
18 7 10 25 8 12 1 92 73 68
83 40 56 73 9 32 30 51 68 58
84 47 25 81 18 76 84 82 63 33
49 73 95 84 34 33 33 49 79 14
64 41 12 40 54 65 69 78 40 3
20 70 48 28 42 18 19 87 2 89
52 86 11 86 70 88 37 60 45 94
42 8 45 17 59 60 25 55 94 19
51 63 25 66 8 67 27 57 3 33
66 77 62 33 29 54 71 70 16 55
95 91 12 20 6 61 55 11 29 55
18 24 67 84 42 72 19 62 55 37
37 19 17 23 33 50 43 53 3 26
70 63 59 73 67 42 80 95 72 22
22 72 30 25 7 30 93 97 87 75
87 17 73 87 64 24 76 9 64 4
67 46 34 2 7 27 52 85 33 82
15 66 27 15 60 6 26 17 64 30
# P_hat : m1 | m2 | m3 | m4 | m5 | m6 | m7 | m8 | m9 | m10
6.80 0.10 1.00 5.00 7.70 7.90 6.80 7.00 2.60 6.40
4.00 3.70 7.60 8.70 3.00 2.60 4.80 3.60 9.70 3.20
4.30 9.10 7.50 7.70 8.80 5.70 5.60 2.30 0.50 2.30
7.20 5.90 2.90 8.80 2.10 9.80 5.40 7.20 8.90 9.40
8.70 0.20 1.00 8.00 2.90 2.70 3.80 2.30 7.70 9.30
5.90 4.40 8.60 7.50 1.20 6.60 6.50 2.80 4.70 6.90
6.70 2.90 6.20 4.10 0.20 8.90 5.60 1.40 6.00 7.50
8.90 3.70 2.60 8.40 9.50 9.00 2.90 4.80 1.20 6.50
8.40 3.00 0.10 2.40 2.40 4.40 2.10 5.40 9.60 6.80
4.30 2.00 6.20 2.70 2.00 9.10 9.90 8.60 6.30 9.30
9.20 1.90 8.90 5.20 6.60 3.60 3.40 8.10 2.70 0.40
9.00 7.90 0.20 7.30 8.20 6.60 2.50 1.20 8.70 9.10
2.30 4.10 6.20 7.50 4.50 7.10 6.60 2.60 4.60 1.50
2.00 7.90 9.60 2.30 0.40 3.20 5.40 7.60 1.00 8.30
9.70 4.90 9.90 5.20 2.20 8.00 0.10 4.10 9.70 3.80
5.70 2.10 9.10 9.70 8.10 2.50 5.20 8.90 5.90 3.40
3.30 9.70 8.50 4.00 5.60 3.20 2.30 7.00 5.80 6.70
0.70 8.60 4.20 5.00 8.50 3.90 5.00 5.40 7.30 2.40
6.90 1.50 0.70 9.50 0.30 3.80 6.10 0.60 1.10 7.80
5.60 5.70 0.40 3.40 8.20 0.50 3.60 6.50 3.10 4.10
1.60 7.60 2.30 0.20 9.40 9.70 6.00 0.70 4.10 8.70
4.10 1.40 7.40 7.60 7.20 5.60 0.10 1.40 2.30 5.50
0.70 5.70 8.30 2.60 9.60 6.50 5.70 8.80 3.60 8.30
7.40 8.00 4.10 4.80 5.50 1.40 3.80 9.80 5.40 0.50
5.40 9.30 6.30 1.60 0.30 5.80 6.80 5.70 0.70 3.40
6.70 3.10 9.90 2.00 6.30 3.50 4.50 1.90 3.10 1.60
1.50 6.60 5.50 8.60 6.50 9.70 8.50 7.20 9.00 5.70
8.50 3.00 3.70 6.20 2.00 2.40 1.30 4.10 8.30 6.60
8.30 8.20 2.30 5.40 0.40 4.60 5.50 4.00 6.50 2.30
4.20 1.10 0.10 5.00 9.50 9.10 9.80 6.20 6.10 1.30
2.90 7.10 8.40 2.60 2.00 5.30 1.20 4.70 1.50 3.50
6.40 9.40 4.60 0.40 5.70 2.90 9.70 6.50 1.00 0.80
0.30 3.50 3.10 0.40 3.80 7.20 0.60 1.40 6.10 1.70
0.90 7.10 9.30 5.90 4.60 4.30 9.40 9.90 5.50 2.00
3.50 7.60 7.90 2.40 7.60 6.20 4.30 6.50 8.10 1.80
2.40 7.60 3.20 1.40 1.00 2.70 8.60 1.40 8.70 6.60
7.20 2.60 7.10 4.90 7.90 5.70 0.20 9.90 8.10 1.00
7.00 3.10 6.00 3.50 0.70 1.40 8.40 6.50 5.00 4.80
4.70 5.80 4.20 7.80 1.20 9.20 9.40 6.20 4.30 7.10
7.80 3.10 2.40 7.70 6.00 6.90 2.80 3.00 6.70 6.40
6.00 9.80 5.10 7.20 8.50 6.10 6.80 0.60 5.40 9.70
1.10 2.60 9.80 1.00 7.30 0.80 4.50 8.00 7.90 5.90
6.00 9.20 6.40 8.70 1.80 7.80 4.30 5.20 2.60 2.50
0.50 1.10 8.50 2.40 7.50 4.30 8.90 3.50 6.40 6.70
2.40 7.20 3.10 2.60 7.70 5.30 8.60 2.50 8.30 0.50
5.20 4.60 1.10 4.60 7.10 0.20 0.80 5.40 5.60 1.50
3.90 2.00 9.50 4.00 8.30 7.20 3.20 4.40 0.80 3.30
1.40 3.80 5.80 8.60 6.30 2.30 6.20 4.00 7.80 0.60
6.50 5.70 5.70 4.00 5.20 8.50 1.10 9.90 2.70 2.70
9.90 0.50 2.80 0.80 6.60 4.90 3.60 2.10 0.10 3.40
6.90 1.90 7.60 3.90 3.00 0.60 0.30 7.40 9.70 1.20
9.60 6.50 4.00 1.10 7.10 3.40 2.30 1.00 3.50 2.80
5.40 3.50 9.60 9.60 5.70 0.60 7.90 4.60 2.90 1.50
3.70 8.90 5.40 7.40 8.30 5.10 9.90 9.90 2.20 3.60
3.50 4.10 9.10 2.20 3.40 1.70 5.70 8.80 1.60 2.20
1.90 1.50 9.00 2.20 3.10 6.60 0.40 9.10 8.70 8.20
1.00 9.90 4.10 5.00 1.10 3.10 6.90 5.70 7.90 4.30
8.80 1.90 7.20 0.60 5.00 5.80 6.90 8.50 8.20 9.70
6.10 7.40 3.70 9.50 2.20 8.40 3.00 6.20 6.50 0.60
9.50 6.30 3.80 8.30 0.70 7.00 9.90 4.60 6.20 2.80
1.80 9.20 6.40 7.00 8.20 8.70 5.10 8.80 9.90 6.50
4.90 2.90 9.80 0.10 3.40 9.90 6.60 1.10 2.20 4.50
6.90 4.70 3.60 0.80 0.50 8.80 3.30 2.70 7.90 7.30
8.60 8.00 2.00 9.40 6.20 6.00 1.30 3.50 3.70 6.30
2.80 0.70 0.30 6.50 0.30 0.40 8.90 5.00 3.10 4.10
0.60 4.30 4.10 7.00 6.80 0.20 7.30 6.80 3.00 1.20
4.00 8.90 9.30 6.10 3.50 9.90 2.60 5.80 4.00 1.10
8.80 0.90 4.40 8.00 7.90 7.90 2.50 4.70 9.30 8.50
9.40 9.90 0.30 8.20 1.00 4.90 8.80 4.40 2.20 8.20
7.80 3.80 1.90 2.30 6.00 5.30 7.00 3.70 9.10 4.10
4.30 7.60 6.60 5.10 6.70 1.60 7.20 7.60 0.80 8.70
3.10 5.20 5.50 9.20 1.00 6.40 5.60 3.00 4.40 8.40
5.40 4.80 6.60 2.50 8.70 7.20 0.10 9.80 9.50 2.50
8.00 5.50 6.80 2.30 2.50 5.90 0.60 5.70 9.30 5.90
1.10 1.70 0.10 4.00 2.40 6.20 9.70 0.70 8.30 8.90
2.70 6.30 0.50 6.90 0.40 6.60 5.70 1.50 3.80 8.60
0.30 9.20 5.90 4.20 3.60 9.20 6.40 8.40 7.40 1.50
3.20 7.70 6.40 1.30 4.40 2.80 4.00 3.90 2.40 1.70
0.20 3.10 0.10 1.70 2.20 7.20 0.40 6.20 5.00 4.40
4.90 4.40 0.50 2.70 0.80 5.00 7.10 0.10 7.50 7.10
2.70 7.60 1.10 7.40 4.90 8.00 8.40 4.10 6.00 1.50
8.10 1.80 4.60 0.70 9.70 4.80 5.00 5.90 1.50 1.00
1.80 0.70 1.00 2.50 0.80 1.20 0.10 9.20 7.30 6.80
8.30 4.00 5.60 7.30 0.90 3.20 3.00 5.10 6.80 5.80
8.40 4.70 2.50 8.10 1.80 7.60 8.40 8.20 6.30 3.30
4.90 7.30 9.50 8.40 3.40 3.30 3.30 4.90 7.90 1.40
6.40 4.10 1.20 4.00 5.40 6.50 6.90 7.80 4.00 0.30
2.00 7.00 4.80 2.80 4.20 1.80 1.90 8.70 0.20 8.90
5.20 8.60 1.10 8.60 7.00 8.80 3.70 6.00 4.50 9.40
4.20 0.80 4.50 1.70 5.90 6.00 2.50 5.50 9.40 1.90
5.10 6.30 2.50 6.60 0.80 6.70 2.70 5.70 0.30 3.30
6.60 7.70 6.20 3.30 2.90 5.40 7.10 7.00 1.60 5.50
9.50 9.10 1.20 2.00 0.60 6.10 5.50 1.10 2.90 5.50
1.80 2.40 6.70 8.40 4.20 7.20 1.90 6.20 5.50 3.70
3.70 1.90 1.70 2.30 3.30 5.00 4.30 5.30 0.30 2.60
7.00 6.30 5.90 7.30 6.70 4.20 8.00 9.50 7.20 2.20
2.20 7.20 3.00 2.50 0.70 3.00 9.30 9.70 8.70 7.50
8.70 1.70 7.30 8.70 6.40 2.40 7.60 0.90 6.40 0.40
6.70 4.60 3.40 0.20 0.70 2.70 5.20 8.50 3.30 8.20
1.50 6.60 2.70 1.50 6.00 0.60 2.60 1.70 6.40 3.00
