# nJobs | nMachines
50 20
# Job Weights
54
75
39
10
95
75
74
75
71
78
18
100
30
65
2
1
39
27
3
89
51
100
8
88
69
67
64
87
24
28
65
53
97
73
96
56
37
4
77
93
4
81
45
11
33
5
46
18
50
94
# P_bar : m1 | m2 | m3 | m4 | m5 | m6 | m7 | m8 | m9 | m10 | m11 | m12 | m13 | m14 | m15 | m16 | m17 | m18 | m19 | m20
1 92 95 70 17 78 6 31 24 79 3 59 53 86 71 77 55 69 20 38
96 74 75 18 74 27 73 38 83 28 65 42 7 28 54 33 56 34 35 32
21 20 24 19 87 15 64 36 59 43 73 18 27 67 48 22 21 9 25 13
57 70 3 76 39 55 30 35 58 20 81 51 44 29 16 77 77 7 81 10
7 43 83 7 14 28 30 52 60 16 38 95 36 53 22 90 83 43 19 23
34 6 67 34 28 28 99 13 15 9 71 82 21 24 14 23 43 62 4 28
72 77 88 66 12 26 61 78 15 80 3 96 53 95 39 10 11 29 42 42
12 25 75 72 49 98 26 31 27 36 40 45 38 66 99 44 64 70 58 68
80 68 28 16 88 98 38 8 47 14 6 25 37 32 68 1 59 28 18 78
99 83 65 95 91 77 46 62 25 86 98 80 90 66 32 53 37 62 19 39
28 28 54 80 53 79 76 36 43 70 4 42 34 61 20 58 96 34 73 76
80 13 65 10 40 12 65 98 11 87 23 66 1 18 7 40 27 67 14 4
30 74 34 63 1 96 51 7 20 77 23 41 83 99 26 48 9 16 44 45
15 18 17 14 55 78 39 3 36 44 2 1 64 48 2 94 63 83 13 25
95 71 51 89 39 29 23 5 3 52 66 14 69 31 58 20 82 64 11 23
19 11 98 65 35 28 71 82 42 86 67 66 30 66 92 34 31 32 55 77
12 17 94 43 99 14 63 41 51 12 8 89 18 15 86 16 27 43 91 3
59 27 22 44 17 52 94 2 11 49 76 35 74 93 45 99 67 67 51 20
66 89 57 28 69 27 62 63 86 68 58 2 9 64 19 27 82 37 42 49
51 14 37 39 67 51 87 56 55 56 82 63 70 77 90 80 65 79 47 35
6 13 90 59 13 46 43 85 20 59 63 80 41 67 54 24 74 31 94 29
36 40 38 91 98 98 45 85 3 87 18 34 5 74 51 19 41 41 43 59
74 97 20 70 79 97 46 25 64 82 17 45 70 90 88 34 10 3 68 14
53 70 85 24 20 38 9 98 19 5 5 42 5 44 72 6 36 11 77 94
25 96 49 96 57 78 10 58 49 23 75 81 4 51 44 65 69 71 42 11
68 13 37 1 68 89 42 16 70 6 52 27 65 17 85 11 1 21 75 17
37 66 29 92 17 67 43 99 28 15 95 15 53 50 20 14 21 26 17 80
42 77 84 79 27 91 46 61 53 42 55 42 17 80 5 97 72 98 85 70
68 2 93 57 25 51 7 21 96 63 62 80 6 44 10 14 37 39 54 20
74 41 99 88 36 62 15 26 52 66 84 11 98 63 98 77 54 73 83 25
93 69 44 60 67 79 32 67 44 59 5 4 84 19 44 58 88 59 30 12
39 34 39 70 73 93 80 96 24 98 33 84 39 24 6 86 65 33 52 78
75 10 18 38 34 25 4 70 40 67 72 25 3 24 44 72 97 71 89 58
54 91 40 94 47 61 73 89 66 73 52 45 9 35 12 20 71 49 54 13
10 98 24 94 65 59 42 5 2 94 8 42 50 79 55 22 13 22 74 22
60 60 98 30 79 20 98 45 89 27 74 61 58 62 14 2 90 6 86 53
15 3 61 50 31 92 24 38 70 56 70 4 87 11 66 28 88 68 27 92
75 86 72 17 54 1 25 79 69 96 5 34 54 59 28 16 39 14 22 7
71 55 21 43 56 35 13 73 3 81 38 54 41 14 80 54 46 36 24 62
22 95 76 28 33 97 38 99 77 92 7 46 87 89 64 19 89 17 11 94
10 73 87 33 66 79 3 33 96 68 86 80 9 16 13 77 99 30 12 8
65 65 32 48 30 37 69 1 40 92 41 1 49 96 73 7 82 83 8 81
39 24 8 48 89 72 38 84 66 77 99 94 93 72 44 27 14 94 15 5
99 22 17 81 45 76 61 79 75 94 98 8 70 95 11 19 14 53 21 24
77 5 54 50 44 89 8 44 81 93 2 56 4 92 89 80 63 30 75 98
39 67 43 86 91 7 54 39 52 28 51 52 13 34 78 80 67 74 84 85
50 39 3 23 18 79 90 16 78 75 13 13 60 64 6 40 16 24 29 75
14 58 65 95 67 85 3 50 86 74 96 39 41 83 10 49 46 47 15 57
75 4 33 3 94 40 5 39 44 34 78 62 48 66 44 46 28 76 26 37
28 30 36 80 41 24 25 55 85 80 49 84 75 6 28 85 91 28 83 96
# P_hat : m1 | m2 | m3 | m4 | m5 | m6 | m7 | m8 | m9 | m10 | m11 | m12 | m13 | m14 | m15 | m16 | m17 | m18 | m19 | m20
0.30 27.60 28.50 21.00 5.10 23.40 1.80 9.30 7.20 23.70 0.90 17.70 15.90 25.80 21.30 23.10 16.50 20.70 6.00 11.40
28.80 22.20 22.50 5.40 22.20 8.10 21.90 11.40 24.90 8.40 19.50 12.60 2.10 8.40 16.20 9.90 16.80 10.20 10.50 9.60
6.30 6.00 7.20 5.70 26.10 4.50 19.20 10.80 17.70 12.90 21.90 5.40 8.10 20.10 14.40 6.60 6.30 2.70 7.50 3.90
17.10 21.00 0.90 22.80 11.70 16.50 9.00 10.50 17.40 6.00 24.30 15.30 13.20 8.70 4.80 23.10 23.10 2.10 24.30 3.00
2.10 12.90 24.90 2.10 4.20 8.40 9.00 15.60 18.00 4.80 11.40 28.50 10.80 15.90 6.60 27.00 24.90 12.90 5.70 6.90
10.20 1.80 20.10 10.20 8.40 8.40 29.70 3.90 4.50 2.70 21.30 24.60 6.30 7.20 4.20 6.90 12.90 18.60 1.20 8.40
21.60 23.10 26.40 19.80 3.60 7.80 18.30 23.40 4.50 24.00 0.90 28.80 15.90 28.50 11.70 3.00 3.30 8.70 12.60 12.60
3.60 7.50 22.50 21.60 14.70 29.40 7.80 9.30 8.10 10.80 12.00 13.50 11.40 19.80 29.70 13.20 19.20 21.00 17.40 20.40
24.00 20.40 8.40 4.80 26.40 29.40 11.40 2.40 14.10 4.20 1.80 7.50 11.10 9.60 20.40 0.30 17.70 8.40 5.40 23.40
29.70 24.90 19.50 28.50 27.30 23.10 13.80 18.60 7.50 25.80 29.40 24.00 27.00 19.80 9.60 15.90 11.10 18.60 5.70 11.70
8.40 8.40 16.20 24.00 15.90 23.70 22.80 10.80 12.90 21.00 1.20 12.60 10.20 18.30 6.00 17.40 28.80 10.20 21.90 22.80
24.00 3.90 19.50 3.00 12.00 3.60 19.50 29.40 3.30 26.10 6.90 19.80 0.30 5.40 2.10 12.00 8.10 20.10 4.20 1.20
9.00 22.20 10.20 18.90 0.30 28.80 15.30 2.10 6.00 23.10 6.90 12.30 24.90 29.70 7.80 14.40 2.70 4.80 13.20 13.50
4.50 5.40 5.10 4.20 16.50 23.40 11.70 0.90 10.80 13.20 0.60 0.30 19.20 14.40 0.60 28.20 18.90 24.90 3.90 7.50
28.50 21.30 15.30 26.70 11.70 8.70 6.90 1.50 0.90 15.60 19.80 4.20 20.70 9.30 17.40 6.00 24.60 19.20 3.30 6.90
5.70 3.30 29.40 19.50 10.50 8.40 21.30 24.60 12.60 25.80 20.10 19.80 9.00 19.80 27.60 10.20 9.30 9.60 16.50 23.10
3.60 5.10 28.20 12.90 29.70 4.20 18.90 12.30 15.30 3.60 2.40 26.70 5.40 4.50 25.80 4.80 8.10 12.90 27.30 0.90
17.70 8.10 6.60 13.20 5.10 15.60 28.20 0.60 3.30 14.70 22.80 10.50 22.20 27.90 13.50 29.70 20.10 20.10 15.30 6.00
19.80 26.70 17.10 8.40 20.70 8.10 18.60 18.90 25.80 20.40 17.40 0.60 2.70 19.20 5.70 8.10 24.60 11.10 12.60 14.70
15.30 4.20 11.10 11.70 20.10 15.30 26.10 16.80 16.50 16.80 24.60 18.90 21.00 23.10 27.00 24.00 19.50 23.70 14.10 10.50
1.80 3.90 27.00 17.70 3.90 13.80 12.90 25.50 6.00 17.70 18.90 24.00 12.30 20.10 16.20 7.20 22.20 9.30 28.20 8.70
10.80 12.00 11.40 27.30 29.40 29.40 13.50 25.50 0.90 26.10 5.40 10.20 1.50 22.20 15.30 5.70 12.30 12.30 12.90 17.70
22.20 29.10 6.00 21.00 23.70 29.10 13.80 7.50 19.20 24.60 5.10 13.50 21.00 27.00 26.40 10.20 3.00 0.90 20.40 4.20
15.90 21.00 25.50 7.20 6.00 11.40 2.70 29.40 5.70 1.50 1.50 12.60 1.50 13.20 21.60 1.80 10.80 3.30 23.10 28.20
7.50 28.80 14.70 28.80 17.10 23.40 3.00 17.40 14.70 6.90 22.50 24.30 1.20 15.30 13.20 19.50 20.70 21.30 12.60 3.30
20.40 3.90 11.10 0.30 20.40 26.70 12.60 4.80 21.00 1.80 15.60 8.10 19.50 5.10 25.50 3.30 0.30 6.30 22.50 5.10
11.10 19.80 8.70 27.60 5.10 20.10 12.90 29.70 8.40 4.50 28.50 4.50 15.90 15.00 6.00 4.20 6.30 7.80 5.10 24.00
12.60 23.10 25.20 23.70 8.10 27.30 13.80 18.30 15.90 12.60 16.50 12.60 5.10 24.00 1.50 29.10 21.60 29.40 25.50 21.00
20.40 0.60 27.90 17.10 7.50 15.30 2.10 6.30 28.80 18.90 18.60 24.00 1.80 13.20 3.00 4.20 11.10 11.70 16.20 6.00
22.20 12.30 29.70 26.40 10.80 18.60 4.50 7.80 15.60 19.80 25.20 3.30 29.40 18.90 29.40 23.10 16.20 21.90 24.90 7.50
27.90 20.70 13.20 18.00 20.10 23.70 9.60 20.10 13.20 17.70 1.50 1.20 25.20 5.70 13.20 17.40 26.40 17.70 9.00 3.60
11.70 10.20 11.70 21.00 21.90 27.90 24.00 28.80 7.20 29.40 9.90 25.20 11.70 7.20 1.80 25.80 19.50 9.90 15.60 23.40
22.50 3.00 5.40 11.40 10.20 7.50 1.20 21.00 12.00 20.10 21.60 7.50 0.90 7.20 13.20 21.60 29.10 21.30 26.70 17.40
16.20 27.30 12.00 28.20 14.10 18.30 21.90 26.70 19.80 21.90 15.60 13.50 2.70 10.50 3.60 6.00 21.30 14.70 16.20 3.90
3.00 29.40 7.20 28.20 19.50 17.70 12.60 1.50 0.60 28.20 2.40 12.60 15.00 23.70 16.50 6.60 3.90 6.60 22.20 6.60
18.00 18.00 29.40 9.00 23.70 6.00 29.40 13.50 26.70 8.10 22.20 18.30 17.40 18.60 4.20 0.60 27.00 1.80 25.80 15.90
4.50 0.90 18.30 15.00 9.30 27.60 7.20 11.40 21.00 16.80 21.00 1.20 26.10 3.30 19.80 8.40 26.40 20.40 8.10 27.60
22.50 25.80 21.60 5.10 16.20 0.30 7.50 23.70 20.70 28.80 1.50 10.20 16.20 17.70 8.40 4.80 11.70 4.20 6.60 2.10
21.30 16.50 6.30 12.90 16.80 10.50 3.90 21.90 0.90 24.30 11.40 16.20 12.30 4.20 24.00 16.20 13.80 10.80 7.20 18.60
6.60 28.50 22.80 8.40 9.90 29.10 11.40 29.70 23.10 27.60 2.10 13.80 26.10 26.70 19.20 5.70 26.70 5.10 3.30 28.20
3.00 21.90 26.10 9.90 19.80 23.70 0.90 9.90 28.80 20.40 25.80 24.00 2.70 4.80 3.90 23.10 29.70 9.00 3.60 2.40
19.50 19.50 9.60 14.40 9.00 11.10 20.70 0.30 12.00 27.60 12.30 0.30 14.70 28.80 21.90 2.10 24.60 24.90 2.40 24.30
11.70 7.20 2.40 14.40 26.70 21.60 11.40 25.20 19.80 23.10 29.70 28.20 27.90 21.60 13.20 8.10 4.20 28.20 4.50 1.50
29.70 6.60 5.10 24.30 13.50 22.80 18.30 23.70 22.50 28.20 29.40 2.40 21.00 28.50 3.30 5.70 4.20 15.90 6.30 7.20
23.10 1.50 16.20 15.00 13.20 26.70 2.40 13.20 24.30 27.90 0.60 16.80 1.20 27.60 26.70 24.00 18.90 9.00 22.50 29.40
11.70 20.10 12.90 25.80 27.30 2.10 16.20 11.70 15.60 8.40 15.30 15.60 3.90 10.20 23.40 24.00 20.10 22.20 25.20 25.50
15.00 11.70 0.90 6.90 5.40 23.70 27.00 4.80 23.40 22.50 3.90 3.90 18.00 19.20 1.80 12.00 4.80 7.20 8.70 22.50
4.20 17.40 19.50 28.50 20.10 25.50 0.90 15.00 25.80 22.20 28.80 11.70 12.30 24.90 3.00 14.70 13.80 14.10 4.50 17.10
22.50 1.20 9.90 0.90 28.20 12.00 1.50 11.70 13.20 10.20 23.40 18.60 14.40 19.80 13.20 13.80 8.40 22.80 7.80 11.10
8.40 9.00 10.80 24.00 12.30 7.20 7.50 16.50 25.50 24.00 14.70 25.20 22.50 1.80 8.40 25.50 27.30 8.40 24.90 28.80
