# nJobs | nMachines
50 20
# Job Weights
59
22
19
91
2
46
10
33
100
5
86
89
19
75
54
7
20
3
69
54
44
3
3
18
97
87
13
47
60
7
73
82
67
4
25
22
60
1
51
90
19
19
20
38
63
6
7
42
65
91
# P_bar : m1 | m2 | m3 | m4 | m5 | m6 | m7 | m8 | m9 | m10 | m11 | m12 | m13 | m14 | m15 | m16 | m17 | m18 | m19 | m20
48 23 51 26 8 82 1 32 1 2 28 43 4 44 44 82 6 49 57 34
92 69 84 46 37 97 77 38 59 21 81 63 40 23 6 73 49 25 88 31
43 33 28 30 33 3 92 67 53 86 96 67 5 89 18 84 84 46 88 15
35 11 63 49 4 46 57 93 22 8 99 22 37 96 51 63 72 37 43 32
7 5 86 3 8 86 46 80 10 33 79 82 80 80 77 14 39 56 25 45
51 54 99 81 38 62 75 75 48 88 97 41 46 44 47 73 51 50 81 50
85 42 27 4 97 26 2 59 94 33 15 69 14 69 27 84 77 9 3 81
66 12 24 46 75 56 14 51 46 65 6 81 81 7 17 9 59 62 3 46
87 40 36 95 76 67 14 7 57 8 77 21 16 10 42 38 97 10 78 93
71 30 83 20 93 87 79 65 55 89 98 54 10 15 84 67 5 89 97 13
16 51 24 56 69 46 64 6 66 46 5 42 79 55 3 76 83 66 74 47
40 94 54 57 10 66 8 59 69 76 51 53 35 27 69 18 51 98 71 50
22 24 34 85 25 53 73 30 7 57 51 52 41 55 3 70 9 10 50 70
12 28 49 31 40 34 15 67 13 51 60 26 83 2 6 69 9 70 70 21
2 84 43 44 88 52 71 41 64 58 17 69 13 82 94 4 59 92 23 41
90 69 5 1 90 81 6 32 83 62 98 80 93 42 58 58 30 36 43 12
63 44 70 11 57 68 54 63 39 59 46 46 55 88 65 66 86 82 51 18
52 98 56 72 39 48 59 7 46 71 87 10 48 84 36 11 49 54 97 28
15 36 71 6 29 4 49 8 59 12 44 81 35 38 28 1 46 34 57 22
6 21 12 68 97 25 38 89 36 11 18 99 75 69 68 51 13 34 77 60
18 9 30 62 51 76 21 51 69 82 71 6 66 31 73 38 45 5 90 69
87 48 77 18 97 46 60 81 47 56 93 90 82 5 81 16 51 12 58 49
66 30 55 21 5 13 8 9 83 57 97 79 3 3 12 81 68 3 75 38
7 15 92 48 75 72 35 13 25 53 44 34 79 37 89 39 82 56 4 80
43 21 78 32 91 72 81 27 12 45 18 56 78 14 53 56 6 44 12 52
27 43 79 42 80 82 96 74 28 96 59 75 48 35 14 83 99 41 2 45
78 91 52 79 81 32 61 59 30 31 9 54 99 61 88 27 12 14 4 34
80 49 19 74 60 25 89 98 49 39 45 94 91 43 78 29 8 25 28 3
73 86 16 82 97 58 58 31 81 12 78 84 29 38 63 93 36 78 54 61
86 36 21 3 14 17 32 98 56 13 67 55 87 48 81 70 24 25 39 96
82 41 37 64 2 99 59 48 96 8 65 64 27 89 29 64 82 89 30 99
33 10 85 90 55 54 89 74 89 49 50 14 2 86 15 22 73 83 71 49
92 75 56 10 97 81 99 76 73 4 87 18 48 37 81 84 66 78 89 78
8 56 29 72 60 73 7 75 52 33 29 6 33 20 84 25 69 23 33 34
87 70 56 2 8 93 79 78 12 22 80 27 92 33 36 73 71 51 85 78
64 73 23 49 30 73 38 11 98 30 14 20 15 1 8 81 70 7 2 79
7 57 19 88 87 79 1 71 12 34 70 54 55 8 60 10 61 20 69 64
26 51 52 53 42 54 67 54 40 19 10 30 24 61 24 46 42 30 20 55
79 34 39 59 16 72 63 10 70 24 30 58 59 41 57 32 77 30 64 63
49 62 4 88 56 37 42 96 35 56 19 35 41 40 87 38 10 30 94 24
71 3 46 97 86 68 3 97 58 96 51 66 49 10 61 68 2 63 3 58
72 34 59 98 4 22 29 75 95 35 4 85 88 10 57 40 6 82 41 25
69 27 22 94 30 94 23 41 41 43 23 78 67 75 85 33 24 40 37 93
30 29 76 95 15 37 21 30 71 8 9 15 49 9 45 79 97 39 36 73
28 25 34 93 24 15 25 73 90 5 62 29 81 81 69 64 15 37 74 45
46 97 63 95 23 31 48 84 3 65 30 31 89 40 15 36 91 44 53 93
75 30 32 6 57 46 33 22 68 64 20 45 43 13 7 62 32 2 49 37
78 28 72 1 81 33 92 8 5 20 69 41 24 10 87 82 68 27 77 64
34 48 92 15 77 82 2 98 18 54 88 84 70 53 58 44 17 71 13 92
4 99 72 66 43 75 12 68 26 38 22 51 74 28 61 99 1 45 37 59
# P_hat : m1 | m2 | m3 | m4 | m5 | m6 | m7 | m8 | m9 | m10 | m11 | m12 | m13 | m14 | m15 | m16 | m17 | m18 | m19 | m20
19.20 9.20 20.40 10.40 3.20 32.80 0.40 12.80 0.40 0.80 11.20 17.20 1.60 17.60 17.60 32.80 2.40 19.60 22.80 13.60
36.80 27.60 33.60 18.40 14.80 38.80 30.80 15.20 23.60 8.40 32.40 25.20 16.00 9.20 2.40 29.20 19.60 10.00 35.20 12.40
17.20 13.20 11.20 12.00 13.20 1.20 36.80 26.80 21.20 34.40 38.40 26.80 2.00 35.60 7.20 33.60 33.60 18.40 35.20 6.00
14.00 4.40 25.20 19.60 1.60 18.40 22.80 37.20 8.80 3.20 39.60 8.80 14.80 38.40 20.40 25.20 28.80 14.80 17.20 12.80
2.80 2.00 34.40 1.20 3.20 34.40 18.40 32.00 4.00 13.20 31.60 32.80 32.00 32.00 30.80 5.60 15.60 22.40 10.00 18.00
20.40 21.60 39.60 32.40 15.20 24.80 30.00 30.00 19.20 35.20 38.80 16.40 18.40 17.60 18.80 29.20 20.40 20.00 32.40 20.00
34.00 16.80 10.80 1.60 38.80 10.40 0.80 23.60 37.60 13.20 6.00 27.60 5.60 27.60 10.80 33.60 30.80 3.60 1.20 32.40
26.40 4.80 9.60 18.40 30.00 22.40 5.60 20.40 18.40 26.00 2.40 32.40 32.40 2.80 6.80 3.60 23.60 24.80 1.20 18.40
34.80 16.00 14.40 38.00 30.40 26.80 5.60 2.80 22.80 3.20 30.80 8.40 6.40 4.00 16.80 15.20 38.80 4.00 31.20 37.20
28.40 12.00 33.20 8.00 37.20 34.80 31.60 26.00 22.00 35.60 39.20 21.60 4.00 6.00 33.60 26.80 2.00 35.60 38.80 5.20
6.40 20.40 9.60 22.40 27.60 18.40 25.60 2.40 26.40 18.40 2.00 16.80 31.60 22.00 1.20 30.40 33.20 26.40 29.60 18.80
16.00 37.60 21.60 22.80 4.00 26.40 3.20 23.60 27.60 30.40 20.40 21.20 14.00 10.80 27.60 7.20 20.40 39.20 28.40 20.00
8.80 9.60 13.60 34.00 10.00 21.20 29.20 12.00 2.80 22.80 20.40 20.80 16.40 22.00 1.20 28.00 3.60 4.00 20.00 28.00
4.80 11.20 19.60 12.40 16.00 13.60 6.00 26.80 5.20 20.40 24.00 10.40 33.20 0.80 2.40 27.60 3.60 28.00 28.00 8.40
0.80 33.60 17.20 17.60 35.20 20.80 28.40 16.40 25.60 23.20 6.80 27.60 5.20 32.80 37.60 1.60 23.60 36.80 9.20 16.40
36.00 27.60 2.00 0.40 36.00 32.40 2.40 12.80 33.20 24.80 39.20 32.00 37.20 16.80 23.20 23.20 12.00 14.40 17.20 4.80
25.20 17.60 28.00 4.40 22.80 27.20 21.60 25.20 15.60 23.60 18.40 18.40 22.00 35.20 26.00 26.40 34.40 32.80 20.40 7.20
20.80 39.20 22.40 28.80 15.60 19.20 23.60 2.80 18.40 28.40 34.80 4.00 19.20 33.60 14.40 4.40 19.60 21.60 38.80 11.20
6.00 14.40 28.40 2.40 11.60 1.60 19.60 3.20 23.60 4.80 17.60 32.40 14.00 15.20 11.20 0.40 18.40 13.60 22.80 8.80
2.40 8.40 4.80 27.20 38.80 10.00 15.20 35.60 14.40 4.40 7.20 39.60 30.00 27.60 27.20 20.40 5.20 13.60 30.80 24.00
7.20 3.60 12.00 24.80 20.40 30.40 8.40 20.40 27.60 32.80 28.40 2.40 26.40 12.40 29.20 15.20 18.00 2.00 36.00 27.60
34.80 19.20 30.80 7.20 38.80 18.40 24.00 32.40 18.80 22.40 37.20 36.00 32.80 2.00 32.40 6.40 20.40 4.80 23.20 19.60
26.40 12.00 22.00 8.40 2.00 5.20 3.20 3.60 33.20 22.80 38.80 31.60 1.20 1.20 4.80 32.40 27.20 1.20 30.00 15.20
2.80 6.00 36.80 19.20 30.00 28.80 14.00 5.20 10.00 21.20 17.60 13.60 31.60 14.80 35.60 15.60 32.80 22.40 1.60 32.00
17.20 8.40 31.20 12.80 36.40 28.80 32.40 10.80 4.80 18.00 7.20 22.40 31.20 5.60 21.20 22.40 2.40 17.60 4.80 20.80
10.80 17.20 31.60 16.80 32.00 32.80 38.40 29.60 11.20 38.40 23.60 30.00 19.20 14.00 5.60 33.20 39.60 16.40 0.80 18.00
31.20 36.40 20.80 31.60 32.40 12.80 24.40 23.60 12.00 12.40 3.60 21.60 39.60 24.40 35.20 10.80 4.80 5.60 1.60 13.60
32.00 19.60 7.60 29.60 24.00 10.00 35.60 39.20 19.60 15.60 18.00 37.60 36.40 17.20 31.20 11.60 3.20 10.00 11.20 1.20
29.20 34.40 6.40 32.80 38.80 23.20 23.20 12.40 32.40 4.80 31.20 33.60 11.60 15.20 25.20 37.20 14.40 31.20 21.60 24.40
34.40 14.40 8.40 1.20 5.60 6.80 12.80 39.20 22.40 5.20 26.80 22.00 34.80 19.20 32.40 28.00 9.60 10.00 15.60 38.40
32.80 16.40 14.80 25.60 0.80 39.60 23.60 19.20 38.40 3.20 26.00 25.60 10.80 35.60 11.60 25.60 32.80 35.60 12.00 39.60
13.20 4.00 34.00 36.00 22.00 21.60 35.60 29.60 35.60 19.60 20.00 5.60 0.80 34.40 6.00 8.80 29.20 33.20 28.40 19.60
36.80 30.00 22.40 4.00 38.80 32.40 39.60 30.40 29.20 1.60 34.80 7.20 19.20 14.80 32.40 33.60 26.40 31.20 35.60 31.20
3.20 22.40 11.60 28.80 24.00 29.20 2.80 30.00 20.80 13.20 11.60 2.40 13.20 8.00 33.60 10.00 27.60 9.20 13.20 13.60
34.80 28.00 22.40 0.80 3.20 37.20 31.60 31.20 4.80 8.80 32.00 10.80 36.80 13.20 14.40 29.20 28.40 20.40 34.00 31.20
25.60 29.20 9.20 19.60 12.00 29.20 15.20 4.40 39.20 12.00 5.60 8.00 6.00 0.40 3.20 32.40 28.00 2.80 0.80 31.60
2.80 22.80 7.60 35.20 34.80 31.60 0.40 28.40 4.80 13.60 28.00 21.60 22.00 3.20 24.00 4.00 24.40 8.00 27.60 25.60
10.40 20.40 20.80 21.20 16.80 21.60 26.80 21.60 16.00 7.60 4.00 12.00 9.60 24.40 9.60 18.40 16.80 12.00 8.00 22.00
31.60 13.60 15.60 23.60 6.40 28.80 25.20 4.00 28.00 9.60 12.00 23.20 23.60 16.40 22.80 12.80 30.80 12.00 25.60 25.20
19.60 24.80 1.60 35.20 22.40 14.80 16.80 38.40 14.00 22.40 7.60 14.00 16.40 16.00 34.80 15.20 4.00 12.00 37.60 9.60
28.40 1.20 18.40 38.80 34.40 27.20 1.20 38.80 23.20 38.40 20.40 26.40 19.60 4.00 24.40 27.20 0.80 25.20 1.20 23.20
28.80 13.60 23.60 39.20 1.60 8.80 11.60 30.00 38.00 14.00 1.60 34.00 35.20 4.00 22.80 16.00 2.40 32.80 16.40 10.00
27.60 10.80 8.80 37.60 12.00 37.60 9.20 16.40 16.40 17.20 9.20 31.20 26.80 30.00 34.00 13.20 9.60 16.00 14.80 37.20
12.00 11.60 30.40 38.00 6.00 14.80 8.40 12.00 28.40 3.20 3.60 6.00 19.60 3.60 18.00 31.60 38.80 15.60 14.40 29.20
11.20 10.00 13.60 37.20 9.60 6.00 10.00 29.20 36.00 2.00 24.80 11.60 32.40 32.40 27.60 25.60 6.00 14.80 29.60 18.00
18.40 38.80 25.20 38.00 9.20 12.40 19.20 33.60 1.20 26.00 12.00 12.40 35.60 16.00 6.00 14.40 36.40 17.60 21.20 37.20
30.00 12.00 12.80 2.40 22.80 18.40 13.20 8.80 27.20 25.60 8.00 18.00 17.20 5.20 2.80 24.80 12.80 0.80 19.60 14.80
31.20 11.20 28.80 0.40 32.40 13.20 36.80 3.20 2.00 8.00 27.60 16.40 9.60 4.00 34.80 32.80 27.20 10.80 30.80 25.60
13.60 19.20 36.80 6.00 30.80 32.80 0.80 39.20 7.20 21.60 35.20 33.60 28.00 21.20 23.20 17.60 6.80 28.40 5.20 36.80
1.60 39.60 28.80 26.40 17.20 30.00 4.80 27.20 10.40 15.20 8.80 20.40 29.60 11.20 24.40 39.60 0.40 18.00 14.80 23.60
