# nJobs | nMachines
20 20
# Job Weights
6
87
73
96
95
50
93
6
8
42
16
93
41
86
18
89
78
65
46
67
# P_bar : m1 | m2 | m3 | m4 | m5 | m6 | m7 | m8 | m9 | m10 | m11 | m12 | m13 | m14 | m15 | m16 | m17 | m18 | m19 | m20
74 60 98 54 85 31 14 92 28 51 64 48 30 84 9 93 71 72 33 85
15 62 79 41 65 73 32 39 70 6 96 6 94 24 1 44 34 65 95 47
51 9 24 7 90 51 43 99 27 75 13 34 52 84 66 2 40 20 7 54
4 59 25 98 43 29 30 47 4 81 9 22 49 16 57 87 57 67 34 31
36 28 57 75 61 29 92 20 60 35 17 12 32 87 90 93 29 61 6 31
61 61 38 24 39 25 64 84 55 34 19 78 61 22 61 23 78 69 34 83
65 81 81 57 82 44 72 32 92 22 52 87 30 51 90 92 99 19 62 28
25 53 50 32 95 64 16 66 55 62 1 24 6 27 60 51 88 63 97 70
55 86 49 56 94 85 38 85 49 90 54 87 33 87 40 5 40 50 7 49
70 77 19 8 58 92 91 79 81 65 86 10 33 87 38 32 40 68 18 27
18 19 14 52 64 23 61 83 19 8 90 46 42 34 25 69 35 7 8 40
81 67 59 63 41 26 10 3 8 57 26 16 87 99 15 92 57 93 39 37
22 52 36 97 36 2 10 44 36 14 16 11 55 37 89 21 56 58 86 55
3 17 5 95 26 36 72 34 32 19 39 73 13 14 5 77 65 31 58 59
48 80 46 55 98 94 29 79 79 28 51 24 39 59 81 95 63 97 35 46
74 11 62 19 39 53 28 51 84 17 4 16 20 13 16 17 48 89 12 25
82 91 98 91 5 72 64 29 52 6 18 68 9 17 28 47 24 5 50 34
19 61 4 62 87 79 61 40 61 49 35 14 57 33 58 1 40 98 44 84
84 55 39 29 87 58 42 63 92 79 65 92 83 31 98 13 20 41 81 72
83 2 90 56 31 91 80 40 31 76 5 93 2 18 90 73 21 81 89 32
# P_hat : m1 | m2 | m3 | m4 | m5 | m6 | m7 | m8 | m9 | m10 | m11 | m12 | m13 | m14 | m15 | m16 | m17 | m18 | m19 | m20
29.60 24.00 39.20 21.60 34.00 12.40 5.60 36.80 11.20 20.40 25.60 19.20 12.00 33.60 3.60 37.20 28.40 28.80 13.20 34.00
6.00 24.80 31.60 16.40 26.00 29.20 12.80 15.60 28.00 2.40 38.40 2.40 37.60 9.60 0.40 17.60 13.60 26.00 38.00 18.80
20.40 3.60 9.60 2.80 36.00 20.40 17.20 39.60 10.80 30.00 5.20 13.60 20.80 33.60 26.40 0.80 16.00 8.00 2.80 21.60
1.60 23.60 10.00 39.20 17.20 11.60 12.00 18.80 1.60 32.40 3.60 8.80 19.60 6.40 22.80 34.80 22.80 26.80 13.60 12.40
14.40 11.20 22.80 30.00 24.40 11.60 36.80 8.00 24.00 14.00 6.80 4.80 12.80 34.80 36.00 37.20 11.60 24.40 2.40 12.40
24.40 24.40 15.20 9.60 15.60 10.00 25.60 33.60 22.00 13.60 7.60 31.20 24.40 8.80 24.40 9.20 31.20 27.60 13.60 33.20
26.00 32.40 32.40 22.80 32.80 17.60 28.80 12.80 36.80 8.80 20.80 34.80 12.00 20.40 36.00 36.80 39.60 7.60 24.80 11.20
10.00 21.20 20.00 12.80 38.00 25.60 6.40 26.40 22.00 24.80 0.40 9.60 2.40 10.80 24.00 20.40 35.20 25.20 38.80 28.00
22.00 34.40 19.60 22.40 37.60 34.00 15.20 34.00 19.60 36.00 21.60 34.80 13.20 34.80 16.00 2.00 16.00 20.00 2.80 19.60
28.00 30.80 7.60 3.20 23.20 36.80 36.40 31.60 32.40 26.00 34.40 4.00 13.20 34.80 15.20 12.80 16.00 27.20 7.20 10.80
7.20 7.60 5.60 20.80 25.60 9.20 24.40 33.20 7.60 3.20 36.00 18.40 16.80 13.60 10.00 27.60 14.00 2.80 3.20 16.00
32.40 26.80 23.60 25.20 16.40 10.40 4.00 1.20 3.20 22.80 10.40 6.40 34.80 39.60 6.00 36.80 22.80 37.20 15.60 14.80
8.80 20.80 14.40 38.80 14.40 0.80 4.00 17.60 14.40 5.60 6.40 4.40 22.00 14.80 35.60 8.40 22.40 23.20 34.40 22.00
1.20 6.80 2.00 38.00 10.40 14.40 28.80 13.60 12.80 7.60 15.60 29.20 5.20 5.60 2.00 30.80 26.00 12.40 23.20 23.60
19.20 32.00 18.40 22.00 39.20 37.60 11.60 31.60 31.60 11.20 20.40 9.60 15.60 23.60 32.40 38.00 25.20 38.80 14.00 18.40
29.60 4.40 24.80 7.60 15.60 21.20 11.20 20.40 33.60 6.80 1.60 6.40 8.00 5.20 6.40 6.80 19.20 35.60 4.80 10.00
32.80 36.40 39.20 36.40 2.00 28.80 25.60 11.60 20.80 2.40 7.20 27.20 3.60 6.80 11.20 18.80 9.60 2.00 20.00 13.60
7.60 24.40 1.60 24.80 34.80 31.60 24.40 16.00 24.40 19.60 14.00 5.60 22.80 13.20 23.20 0.40 16.00 39.20 17.60 33.60
33.60 22.00 15.60 11.60 34.80 23.20 16.80 25.20 36.80 31.60 26.00 36.80 33.20 12.40 39.20 5.20 8.00 16.40 32.40 28.80
33.20 0.80 36.00 22.40 12.40 36.40 32.00 16.00 12.40 30.40 2.00 37.20 0.80 7.20 36.00 29.20 8.40 32.40 35.60 12.80
