# nJobs | nMachines
200 20
# Job Weights
14
54
45
11
64
66
66
64
66
9
8
4
61
36
80
35
97
82
94
14
60
70
38
59
30
23
87
78
49
49
24
32
50
2
76
11
10
60
60
33
65
18
52
14
6
84
5
33
84
2
47
11
80
95
49
65
38
95
78
33
20
49
42
53
1
70
11
16
23
90
14
85
12
11
90
1
61
53
1
80
72
34
17
62
69
24
25
80
43
13
13
77
17
68
54
23
5
92
35
44
43
49
20
28
15
36
28
16
79
73
20
8
50
69
14
25
43
15
53
99
7
3
50
17
17
35
83
21
26
18
98
87
27
19
57
44
33
40
74
24
82
31
48
44
20
73
47
59
1
12
92
32
55
3
47
27
63
52
20
37
63
37
52
10
16
2
14
43
92
51
92
60
28
17
74
4
35
9
78
63
60
26
27
91
97
31
6
44
30
5
75
91
51
80
41
26
68
36
50
95
# P_bar : m1 | m2 | m3 | m4 | m5 | m6 | m7 | m8 | m9 | m10 | m11 | m12 | m13 | m14 | m15 | m16 | m17 | m18 | m19 | m20
39 69 77 17 25 4 58 11 50 72 17 30 28 15 52 5 53 55 81 47
3 57 72 81 3 20 55 64 62 81 37 26 82 67 82 44 43 65 44 51
69 41 43 27 11 62 34 32 28 8 22 2 88 57 17 2 43 38 46 44
34 24 37 4 17 71 66 10 4 73 71 29 33 64 66 98 56 76 3 27
88 33 92 73 56 69 67 37 11 93 79 98 69 23 62 27 48 45 93 76
15 29 83 31 29 87 70 86 13 38 37 67 28 9 57 10 83 99 14 4
10 3 25 15 73 96 16 35 46 85 69 92 92 1 58 25 34 84 86 76
19 6 61 19 30 25 25 41 23 94 53 51 66 2 91 27 93 67 23 49
69 35 45 94 95 98 34 7 41 88 59 53 92 43 42 41 95 40 59 5
68 10 64 65 54 41 1 56 74 69 64 82 30 73 69 59 48 93 47 25
57 55 12 83 67 99 18 10 15 90 11 86 67 94 48 89 63 70 76 23
52 75 58 36 28 1 2 15 67 26 67 47 53 96 46 36 93 45 45 67
97 20 19 53 84 94 86 25 39 23 27 36 93 78 18 62 91 75 64 55
57 44 48 16 79 91 34 15 4 44 64 23 45 14 94 29 94 91 10 40
48 18 18 81 43 36 82 54 13 97 59 34 7 32 83 17 32 21 4 58
3 18 41 24 6 71 55 3 43 67 31 66 70 23 48 37 81 72 29 26
9 40 48 54 87 28 59 43 84 53 43 43 58 83 81 35 69 15 69 36
36 32 69 74 3 50 21 10 41 75 42 71 58 29 57 47 29 73 46 83
37 29 42 44 80 11 31 27 33 69 56 31 17 75 93 37 44 43 68 65
3 54 34 66 3 14 53 10 41 44 88 36 41 55 67 52 2 62 89 91
12 64 11 20 39 76 25 39 82 13 71 41 56 91 19 3 66 40 48 77
90 96 68 18 2 20 69 2 99 47 86 6 34 44 65 87 25 43 68 62
35 21 88 6 84 78 71 24 63 98 6 28 62 46 49 4 60 96 13 6
17 33 76 12 33 70 85 50 29 41 54 43 81 59 45 50 69 39 36 57
77 97 97 91 68 43 80 64 86 46 92 18 44 11 22 96 44 23 85 87
12 48 35 20 49 59 39 44 28 25 75 64 95 20 92 74 34 79 35 4
16 48 15 42 43 88 71 34 80 56 83 28 50 68 41 68 68 66 25 11
68 6 75 70 12 68 66 97 7 50 2 13 88 3 38 30 77 19 21 60
43 36 83 48 64 48 74 93 1 35 60 7 19 17 26 69 31 41 44 23
58 10 86 24 71 48 57 81 5 59 62 13 50 55 2 17 10 71 40 87
6 46 76 83 72 39 54 15 64 78 83 93 25 59 90 34 57 60 20 50
91 92 70 70 95 36 2 42 17 44 73 93 88 18 79 95 21 72 83 18
99 14 28 23 68 2 27 34 81 57 55 56 1 31 17 3 56 62 76 23
92 97 81 57 37 51 55 87 48 21 3 72 6 84 61 24 36 17 26 24
77 87 82 39 6 91 7 53 9 59 71 71 45 61 81 51 26 25 50 82
4 15 25 83 16 4 94 82 77 60 34 28 29 55 67 55 11 59 98 16
57 12 64 46 68 32 85 64 92 52 40 95 2 46 18 60 6 95 6 96
80 8 10 60 67 62 3 96 15 62 13 96 54 77 1 61 86 47 83 37
13 37 54 67 74 46 46 60 49 14 62 55 71 59 36 15 2 10 51 29
70 61 25 61 14 55 7 20 41 58 56 58 81 98 31 38 89 94 46 19
2 51 44 57 81 73 26 78 17 24 28 66 22 23 85 83 28 39 99 26
13 66 40 94 7 97 95 12 32 8 53 3 57 18 92 62 62 53 65 56
8 53 8 35 4 71 21 15 25 22 71 77 16 17 6 84 63 50 46 33
34 33 62 23 25 50 4 63 89 72 5 80 88 70 78 44 52 99 24 53
7 16 35 93 34 54 98 81 9 37 73 2 5 73 83 80 12 63 47 6
46 96 16 68 44 73 9 98 29 90 95 82 52 38 39 48 13 59 24 95
9 6 8 8 47 44 52 97 38 96 23 86 23 13 74 45 43 30 32 63
91 6 90 17 67 95 48 2 2 26 49 16 21 77 77 54 99 67 66 84
23 15 39 54 7 53 59 2 91 23 17 29 21 74 85 71 11 18 48 13
51 52 53 96 75 18 17 44 57 91 81 24 58 79 88 10 70 12 83 6
31 83 60 54 84 44 53 64 24 41 88 89 96 51 25 96 82 9 3 19
65 87 48 97 16 54 26 94 2 80 62 96 37 48 33 23 14 41 74 16
81 35 71 70 92 7 89 23 51 74 35 99 46 16 36 8 39 67 97 80
70 67 12 84 12 54 34 88 49 15 78 15 78 93 32 56 83 52 39 37
17 67 5 31 26 61 29 52 39 89 90 49 87 29 82 35 4 39 80 20
35 53 89 93 56 18 32 23 62 24 36 78 91 28 98 72 86 90 27 62
64 32 62 25 44 45 28 26 85 36 46 48 9 6 3 53 93 25 70 81
14 23 70 69 98 64 46 9 70 86 98 64 96 82 46 13 87 13 65 52
56 8 72 20 31 81 49 63 86 98 75 3 93 40 68 72 82 81 1 14
22 86 75 38 22 57 55 24 18 51 36 63 98 9 11 38 78 3 26 67
57 91 97 36 19 13 8 8 90 32 74 14 31 88 30 1 32 8 46 19
5 92 2 40 29 45 34 32 36 92 86 95 78 51 75 69 82 66 8 86
68 98 44 67 12 60 40 97 51 51 67 88 20 48 42 85 24 67 74 1
66 49 80 28 47 12 48 17 20 98 87 9 75 1 93 2 88 51 47 53
79 28 40 91 16 89 68 76 23 88 68 61 18 4 36 28 45 54 19 21
23 2 10 2 91 20 59 45 17 1 1 24 34 77 97 18 48 85 85 33
47 77 96 69 80 47 87 28 23 13 87 38 48 48 1 10 67 10 62 68
70 42 11 55 24 81 1 89 47 50 87 50 49 6 63 70 14 95 33 28
23 68 58 47 40 11 87 75 66 80 7 47 69 1 86 67 34 59 96 25
49 35 77 46 19 56 91 71 3 56 34 42 88 32 54 95 76 64 33 69
72 96 6 24 1 30 99 46 59 50 1 30 30 79 33 72 1 90 5 71
7 94 30 91 43 51 95 40 30 58 91 97 34 40 71 64 51 28 23 60
11 25 96 51 62 18 21 66 85 75 7 49 22 14 1 19 15 48 43 69
59 84 59 27 44 91 62 87 16 4 6 79 81 20 18 60 67 57 63 99
65 24 82 8 1 48 87 91 81 73 46 19 50 86 75 31 57 85 10 53
50 55 78 98 31 94 84 50 95 90 3 80 40 40 55 29 3 78 47 77
19 14 13 25 97 32 96 54 81 2 45 30 73 25 62 43 37 18 73 27
14 7 13 33 43 67 47 60 14 73 55 24 91 94 21 17 15 59 1 29
68 76 85 81 71 95 60 10 96 75 92 58 7 73 71 78 50 11 19 83
32 17 88 75 80 75 82 79 23 67 67 43 1 44 80 28 75 67 92 22
62 38 14 61 83 82 60 43 44 99 13 6 71 98 5 47 80 36 31 10
93 50 45 22 12 41 53 34 8 93 30 95 72 94 48 78 3 24 29 42
99 2 76 61 47 7 98 77 15 9 27 43 8 61 87 77 9 59 68 64
24 12 9 35 33 39 48 92 48 27 19 99 68 65 22 92 28 24 31 80
86 41 6 19 84 25 30 3 95 61 51 22 49 44 5 42 44 39 92 73
86 11 47 26 81 49 39 98 62 64 86 99 7 75 71 86 2 1 48 91
51 63 16 45 62 39 52 40 90 43 20 11 47 4 69 6 71 80 87 38
60 27 92 11 4 53 22 19 41 32 95 99 90 17 75 19 89 58 8 60
57 63 4 63 60 66 63 68 70 56 79 60 59 1 72 28 24 76 90 53
87 27 74 89 54 96 19 85 56 61 48 42 39 12 36 18 73 59 57 38
84 70 7 55 81 36 49 2 50 55 83 33 49 78 54 4 28 90 40 19
25 33 91 68 43 41 50 51 29 99 91 68 28 51 24 24 98 92 25 14
84 73 52 30 39 8 20 35 39 77 78 78 22 55 55 57 17 3 49 35
16 21 81 89 63 92 85 91 72 66 41 26 10 53 5 82 27 51 26 10
86 52 86 8 5 92 31 68 94 25 61 77 96 96 40 7 90 1 35 44
4 14 36 90 51 82 99 3 70 28 90 1 2 92 56 4 4 55 90 97
10 16 22 46 91 78 61 26 40 87 57 13 88 82 8 94 13 50 99 17
90 72 72 55 22 19 96 49 33 25 4 67 90 20 19 9 83 15 30 50
23 64 95 78 49 12 82 37 16 18 21 87 69 22 7 57 43 31 5 22
34 55 87 32 69 54 75 25 79 61 68 31 44 13 12 82 63 99 52 19
49 88 30 25 13 15 80 50 56 18 87 49 74 40 44 98 68 8 12 70
89 51 86 91 10 80 35 83 43 39 62 90 16 43 66 54 74 44 11 88
57 23 10 69 94 61 39 82 63 96 69 6 90 23 39 2 12 91 72 31
9 53 10 96 22 37 85 78 60 18 79 76 7 30 41 71 69 83 32 7
27 40 44 29 47 72 45 44 3 16 69 94 14 16 60 94 38 75 81 81
89 53 95 2 49 73 13 23 89 48 35 76 47 76 11 69 74 66 21 58
60 45 68 25 68 55 81 66 52 22 25 79 48 30 31 51 98 98 81 2
27 45 97 61 87 19 78 24 42 53 68 66 36 59 65 80 86 77 64 89
29 9 79 3 43 80 25 56 24 71 14 51 62 64 16 79 72 8 45 1
12 74 80 83 12 48 81 92 53 24 9 14 1 72 67 85 76 6 4 80
51 5 21 38 16 10 21 30 77 17 74 89 63 61 19 56 53 26 10 52
20 71 55 38 60 17 87 31 12 47 61 87 86 13 69 79 94 47 90 15
91 72 71 94 87 67 40 88 71 44 58 1 49 81 56 46 45 55 11 25
31 63 12 36 65 21 30 85 14 62 81 65 48 25 96 71 30 39 88 11
50 88 86 3 36 9 11 50 62 4 52 53 3 90 78 85 39 91 52 97
5 77 81 23 73 79 76 34 75 85 93 19 51 67 36 52 60 78 96 90
77 7 94 93 25 89 79 91 97 74 44 21 80 21 56 42 69 49 92 62
65 88 47 93 13 20 75 55 3 59 57 98 86 70 12 66 12 23 44 69
65 39 78 75 29 94 77 7 54 41 89 90 97 96 37 82 83 92 54 34
3 30 54 77 94 47 17 49 41 13 81 45 4 99 1 91 21 68 28 66
99 70 74 35 89 90 51 38 71 82 69 77 58 64 50 48 25 88 85 54
92 95 2 84 2 44 29 73 11 26 98 54 79 68 43 70 50 9 51 84
58 79 28 24 25 49 11 47 12 39 78 86 28 61 58 21 47 38 21 62
17 70 42 7 71 28 73 95 54 28 70 2 19 36 13 82 43 60 4 71
60 92 90 40 17 46 50 48 21 59 3 3 93 57 55 12 58 2 42 70
5 12 79 4 30 82 86 54 14 49 70 88 88 86 87 94 11 8 43 60
90 21 78 18 74 96 56 94 82 87 62 39 44 10 20 17 63 86 55 54
43 34 83 25 22 91 93 21 35 32 81 56 74 57 84 45 74 62 89 52
59 11 56 5 49 28 79 41 21 65 61 24 18 88 28 68 6 41 4 71
13 92 8 56 53 93 57 30 38 24 65 91 95 59 59 60 23 66 1 9
70 50 43 96 6 30 85 42 52 48 65 86 2 73 65 93 94 94 97 99
28 3 38 93 44 64 17 44 82 72 33 80 22 43 56 30 93 54 65 41
64 33 95 10 68 41 88 28 40 15 62 58 7 25 2 5 26 9 38 30
50 39 87 33 52 53 89 82 47 5 19 54 82 37 36 31 49 75 87 23
11 49 79 82 95 86 39 4 91 68 57 57 52 70 41 30 30 43 58 60
11 25 16 91 85 6 41 64 60 36 82 42 17 97 7 71 50 9 47 1
38 16 39 14 22 68 8 38 61 7 78 32 59 29 23 29 47 10 53 67
23 48 61 46 6 25 21 9 21 52 94 5 42 33 25 82 89 79 51 55
97 56 19 38 42 8 33 37 67 45 65 43 51 99 81 20 43 10 40 64
65 52 75 73 68 62 36 87 29 87 14 80 79 34 6 13 32 97 80 21
26 78 92 16 1 17 75 37 46 42 9 86 93 96 67 94 45 39 20 16
26 93 89 52 48 49 2 26 74 68 29 47 65 65 5 47 47 30 24 94
17 74 17 99 22 92 65 80 11 9 70 95 27 90 89 57 68 74 77 11
43 68 66 63 62 20 57 83 72 53 90 86 25 52 71 95 13 52 37 90
5 41 34 45 62 77 22 50 56 59 86 40 60 95 86 8 86 90 13 48
87 5 87 68 42 24 41 50 81 65 12 31 72 3 48 46 97 12 29 85
59 14 25 2 44 53 89 50 80 81 40 61 29 64 50 80 2 61 28 34
40 92 20 72 22 71 62 42 87 12 12 12 55 21 54 32 16 34 18 7
65 46 58 22 14 88 43 88 44 39 64 64 58 16 21 7 27 88 22 79
90 18 57 52 40 88 30 55 41 62 32 17 22 70 83 34 38 27 75 95
60 95 85 1 40 24 56 22 59 90 18 52 58 67 27 33 53 68 24 50
37 90 69 72 32 75 8 1 41 34 11 56 61 13 38 33 37 14 79 78
26 10 13 95 31 31 1 88 64 66 40 35 89 96 79 18 94 88 99 39
83 88 13 26 33 34 51 69 30 10 14 60 67 57 71 29 78 74 35 79
47 7 63 30 22 87 73 50 51 95 22 75 14 7 53 19 84 71 45 69
81 57 62 93 75 88 4 79 16 51 49 10 10 30 2 74 49 14 95 27
92 95 38 51 67 62 58 59 64 15 95 50 40 96 9 58 25 16 46 42
95 67 62 2 94 59 24 18 72 4 82 66 11 98 49 52 59 46 15 15
8 84 75 75 37 39 69 98 68 66 7 53 99 72 79 10 36 47 7 51
24 55 79 39 81 4 39 21 31 24 19 58 7 31 39 70 33 54 24 44
90 70 65 99 89 74 33 35 93 53 95 12 20 11 28 78 15 91 45 71
2 26 8 20 62 90 16 94 86 87 39 66 78 36 39 59 36 89 20 32
62 58 39 68 67 29 75 57 91 26 71 81 6 10 70 32 47 59 35 66
45 81 40 40 5 99 19 71 34 64 34 51 71 20 72 20 83 39 61 49
28 45 13 77 42 74 1 76 6 13 89 75 48 26 70 12 24 52 97 8
2 19 85 57 47 4 30 97 27 16 63 71 39 67 38 98 71 91 69 7
90 95 90 57 27 86 44 7 62 23 85 46 58 13 48 18 7 21 78 44
9 19 82 13 65 22 8 87 35 61 60 88 7 60 57 12 6 90 13 1
31 98 62 43 70 10 45 89 57 78 91 58 17 50 11 57 55 58 53 15
65 74 93 45 12 96 19 53 67 58 49 73 63 28 38 73 43 74 16 6
65 31 29 74 94 56 53 19 96 13 46 27 73 32 37 91 82 30 94 51
31 70 40 98 56 28 38 69 69 99 10 26 43 49 56 46 40 63 59 91
6 17 96 80 79 90 39 66 8 87 19 38 14 54 64 64 78 19 64 33
3 6 6 46 82 71 68 61 92 70 50 48 66 46 64 92 64 18 72 77
38 28 82 7 72 12 83 18 1 84 65 8 59 15 68 45 96 88 13 69
98 84 85 40 98 1 94 86 37 3 41 14 75 49 27 86 27 22 47 28
17 45 34 5 1 6 34 51 69 48 58 58 96 94 36 84 99 43 22 8
37 96 18 79 72 41 1 90 57 78 62 89 28 63 94 15 11 60 9 8
6 9 62 40 80 30 23 80 59 79 45 44 12 96 65 99 91 20 68 48
21 63 56 48 39 21 32 22 85 20 67 16 99 43 89 8 78 32 4 7
84 80 32 38 68 64 70 6 86 51 64 20 63 73 23 87 97 67 67 55
53 27 39 4 93 92 35 52 98 83 6 69 19 19 93 61 23 1 92 51
67 31 14 48 16 1 78 16 96 51 77 67 26 19 14 42 48 42 49 89
28 38 63 33 43 85 89 84 55 1 94 80 8 81 57 25 20 95 23 61
10 68 40 94 16 94 88 12 9 2 24 81 72 82 93 35 99 84 37 82
50 91 5 32 81 24 92 74 2 73 38 82 55 69 60 64 39 37 16 39
91 89 10 89 2 83 50 69 71 82 73 27 67 13 82 74 53 30 39 89
34 15 49 85 73 4 64 22 85 34 59 5 1 85 16 40 3 12 47 47
68 10 98 84 55 57 61 12 2 26 61 44 23 32 69 89 65 87 94 24
52 61 96 86 81 8 35 80 96 49 14 38 35 34 57 4 81 13 71 79
30 30 39 84 72 17 81 45 7 39 59 53 6 57 8 43 47 60 36 86
14 15 65 78 88 83 69 51 78 24 83 16 89 69 52 12 25 92 72 60
37 91 52 77 20 47 80 96 55 39 3 48 93 63 98 28 36 52 67 67
31 78 33 15 44 57 38 80 7 69 46 16 88 49 67 68 44 51 78 10
86 52 4 71 14 93 44 87 50 1 16 31 86 56 19 46 29 91 13 61
9 70 47 67 79 54 49 92 5 1 56 79 37 37 56 23 85 76 68 60
31 21 72 70 99 79 85 20 60 79 40 75 53 54 38 3 26 32 36 68
90 57 70 67 43 5 26 95 61 27 7 14 45 60 75 70 4 81 69 72
53 28 17 80 57 30 15 16 68 20 79 67 32 97 69 81 9 57 28 9
64 14 72 58 22 90 97 64 87 22 55 70 69 44 14 14 59 71 69 47
# P_hat : m1 | m2 | m3 | m4 | m5 | m6 | m7 | m8 | m9 | m10 | m11 | m12 | m13 | m14 | m15 | m16 | m17 | m18 | m19 | m20
7.80 13.80 15.40 3.40 5.00 0.80 11.60 2.20 10.00 14.40 3.40 6.00 5.60 3.00 10.40 1.00 10.60 11.00 16.20 9.40
0.60 11.40 14.40 16.20 0.60 4.00 11.00 12.80 12.40 16.20 7.40 5.20 16.40 13.40 16.40 8.80 8.60 13.00 8.80 10.20
13.80 8.20 8.60 5.40 2.20 12.40 6.80 6.40 5.60 1.60 4.40 0.40 17.60 11.40 3.40 0.40 8.60 7.60 9.20 8.80
6.80 4.80 7.40 0.80 3.40 14.20 13.20 2.00 0.80 14.60 14.20 5.80 6.60 12.80 13.20 19.60 11.20 15.20 0.60 5.40
17.60 6.60 18.40 14.60 11.20 13.80 13.40 7.40 2.20 18.60 15.80 19.60 13.80 4.60 12.40 5.40 9.60 9.00 18.60 15.20
3.00 5.80 16.60 6.20 5.80 17.40 14.00 17.20 2.60 7.60 7.40 13.40 5.60 1.80 11.40 2.00 16.60 19.80 2.80 0.80
2.00 0.60 5.00 3.00 14.60 19.20 3.20 7.00 9.20 17.00 13.80 18.40 18.40 0.20 11.60 5.00 6.80 16.80 17.20 15.20
3.80 1.20 12.20 3.80 6.00 5.00 5.00 8.20 4.60 18.80 10.60 10.20 13.20 0.40 18.20 5.40 18.60 13.40 4.60 9.80
13.80 7.00 9.00 18.80 19.00 19.60 6.80 1.40 8.20 17.60 11.80 10.60 18.40 8.60 8.40 8.20 19.00 8.00 11.80 1.00
13.60 2.00 12.80 13.00 10.80 8.20 0.20 11.20 14.80 13.80 12.80 16.40 6.00 14.60 13.80 11.80 9.60 18.60 9.40 5.00
11.40 11.00 2.40 16.60 13.40 19.80 3.60 2.00 3.00 18.00 2.20 17.20 13.40 18.80 9.60 17.80 12.60 14.00 15.20 4.60
10.40 15.00 11.60 7.20 5.60 0.20 0.40 3.00 13.40 5.20 13.40 9.40 10.60 19.20 9.20 7.20 18.60 9.00 9.00 13.40
19.40 4.00 3.80 10.60 16.80 18.80 17.20 5.00 7.80 4.60 5.40 7.20 18.60 15.60 3.60 12.40 18.20 15.00 12.80 11.00
11.40 8.80 9.60 3.20 15.80 18.20 6.80 3.00 0.80 8.80 12.80 4.60 9.00 2.80 18.80 5.80 18.80 18.20 2.00 8.00
9.60 3.60 3.60 16.20 8.60 7.20 16.40 10.80 2.60 19.40 11.80 6.80 1.40 6.40 16.60 3.40 6.40 4.20 0.80 11.60
0.60 3.60 8.20 4.80 1.20 14.20 11.00 0.60 8.60 13.40 6.20 13.20 14.00 4.60 9.60 7.40 16.20 14.40 5.80 5.20
1.80 8.00 9.60 10.80 17.40 5.60 11.80 8.60 16.80 10.60 8.60 8.60 11.60 16.60 16.20 7.00 13.80 3.00 13.80 7.20
7.20 6.40 13.80 14.80 0.60 10.00 4.20 2.00 8.20 15.00 8.40 14.20 11.60 5.80 11.40 9.40 5.80 14.60 9.20 16.60
7.40 5.80 8.40 8.80 16.00 2.20 6.20 5.40 6.60 13.80 11.20 6.20 3.40 15.00 18.60 7.40 8.80 8.60 13.60 13.00
0.60 10.80 6.80 13.20 0.60 2.80 10.60 2.00 8.20 8.80 17.60 7.20 8.20 11.00 13.40 10.40 0.40 12.40 17.80 18.20
2.40 12.80 2.20 4.00 7.80 15.20 5.00 7.80 16.40 2.60 14.20 8.20 11.20 18.20 3.80 0.60 13.20 8.00 9.60 15.40
18.00 19.20 13.60 3.60 0.40 4.00 13.80 0.40 19.80 9.40 17.20 1.20 6.80 8.80 13.00 17.40 5.00 8.60 13.60 12.40
7.00 4.20 17.60 1.20 16.80 15.60 14.20 4.80 12.60 19.60 1.20 5.60 12.40 9.20 9.80 0.80 12.00 19.20 2.60 1.20
3.40 6.60 15.20 2.40 6.60 14.00 17.00 10.00 5.80 8.20 10.80 8.60 16.20 11.80 9.00 10.00 13.80 7.80 7.20 11.40
15.40 19.40 19.40 18.20 13.60 8.60 16.00 12.80 17.20 9.20 18.40 3.60 8.80 2.20 4.40 19.20 8.80 4.60 17.00 17.40
2.40 9.60 7.00 4.00 9.80 11.80 7.80 8.80 5.60 5.00 15.00 12.80 19.00 4.00 18.40 14.80 6.80 15.80 7.00 0.80
3.20 9.60 3.00 8.40 8.60 17.60 14.20 6.80 16.00 11.20 16.60 5.60 10.00 13.60 8.20 13.60 13.60 13.20 5.00 2.20
13.60 1.20 15.00 14.00 2.40 13.60 13.20 19.40 1.40 10.00 0.40 2.60 17.60 0.60 7.60 6.00 15.40 3.80 4.20 12.00
8.60 7.20 16.60 9.60 12.80 9.60 14.80 18.60 0.20 7.00 12.00 1.40 3.80 3.40 5.20 13.80 6.20 8.20 8.80 4.60
11.60 2.00 17.20 4.80 14.20 9.60 11.40 16.20 1.00 11.80 12.40 2.60 10.00 11.00 0.40 3.40 2.00 14.20 8.00 17.40
1.20 9.20 15.20 16.60 14.40 7.80 10.80 3.00 12.80 15.60 16.60 18.60 5.00 11.80 18.00 6.80 11.40 12.00 4.00 10.00
18.20 18.40 14.00 14.00 19.00 7.20 0.40 8.40 3.40 8.80 14.60 18.60 17.60 3.60 15.80 19.00 4.20 14.40 16.60 3.60
19.80 2.80 5.60 4.60 13.60 0.40 5.40 6.80 16.20 11.40 11.00 11.20 0.20 6.20 3.40 0.60 11.20 12.40 15.20 4.60
18.40 19.40 16.20 11.40 7.40 10.20 11.00 17.40 9.60 4.20 0.60 14.40 1.20 16.80 12.20 4.80 7.20 3.40 5.20 4.80
15.40 17.40 16.40 7.80 1.20 18.20 1.40 10.60 1.80 11.80 14.20 14.20 9.00 12.20 16.20 10.20 5.20 5.00 10.00 16.40
0.80 3.00 5.00 16.60 3.20 0.80 18.80 16.40 15.40 12.00 6.80 5.60 5.80 11.00 13.40 11.00 2.20 11.80 19.60 3.20
11.40 2.40 12.80 9.20 13.60 6.40 17.00 12.80 18.40 10.40 8.00 19.00 0.40 9.20 3.60 12.00 1.20 19.00 1.20 19.20
16.00 1.60 2.00 12.00 13.40 12.40 0.60 19.20 3.00 12.40 2.60 19.20 10.80 15.40 0.20 12.20 17.20 9.40 16.60 7.40
2.60 7.40 10.80 13.40 14.80 9.20 9.20 12.00 9.80 2.80 12.40 11.00 14.20 11.80 7.20 3.00 0.40 2.00 10.20 5.80
14.00 12.20 5.00 12.20 2.80 11.00 1.40 4.00 8.20 11.60 11.20 11.60 16.20 19.60 6.20 7.60 17.80 18.80 9.20 3.80
0.40 10.20 8.80 11.40 16.20 14.60 5.20 15.60 3.40 4.80 5.60 13.20 4.40 4.60 17.00 16.60 5.60 7.80 19.80 5.20
2.60 13.20 8.00 18.80 1.40 19.40 19.00 2.40 6.40 1.60 10.60 0.60 11.40 3.60 18.40 12.40 12.40 10.60 13.00 11.20
1.60 10.60 1.60 7.00 0.80 14.20 4.20 3.00 5.00 4.40 14.20 15.40 3.20 3.40 1.20 16.80 12.60 10.00 9.20 6.60
6.80 6.60 12.40 4.60 5.00 10.00 0.80 12.60 17.80 14.40 1.00 16.00 17.60 14.00 15.60 8.80 10.40 19.80 4.80 10.60
1.40 3.20 7.00 18.60 6.80 10.80 19.60 16.20 1.80 7.40 14.60 0.40 1.00 14.60 16.60 16.00 2.40 12.60 9.40 1.20
9.20 19.20 3.20 13.60 8.80 14.60 1.80 19.60 5.80 18.00 19.00 16.40 10.40 7.60 7.80 9.60 2.60 11.80 4.80 19.00
1.80 1.20 1.60 1.60 9.40 8.80 10.40 19.40 7.60 19.20 4.60 17.20 4.60 2.60 14.80 9.00 8.60 6.00 6.40 12.60
18.20 1.20 18.00 3.40 13.40 19.00 9.60 0.40 0.40 5.20 9.80 3.20 4.20 15.40 15.40 10.80 19.80 13.40 13.20 16.80
4.60 3.00 7.80 10.80 1.40 10.60 11.80 0.40 18.20 4.60 3.40 5.80 4.20 14.80 17.00 14.20 2.20 3.60 9.60 2.60
10.20 10.40 10.60 19.20 15.00 3.60 3.40 8.80 11.40 18.20 16.20 4.80 11.60 15.80 17.60 2.00 14.00 2.40 16.60 1.20
6.20 16.60 12.00 10.80 16.80 8.80 10.60 12.80 4.80 8.20 17.60 17.80 19.20 10.20 5.00 19.20 16.40 1.80 0.60 3.80
13.00 17.40 9.60 19.40 3.20 10.80 5.20 18.80 0.40 16.00 12.40 19.20 7.40 9.60 6.60 4.60 2.80 8.20 14.80 3.20
16.20 7.00 14.20 14.00 18.40 1.40 17.80 4.60 10.20 14.80 7.00 19.80 9.20 3.20 7.20 1.60 7.80 13.40 19.40 16.00
14.00 13.40 2.40 16.80 2.40 10.80 6.80 17.60 9.80 3.00 15.60 3.00 15.60 18.60 6.40 11.20 16.60 10.40 7.80 7.40
3.40 13.40 1.00 6.20 5.20 12.20 5.80 10.40 7.80 17.80 18.00 9.80 17.40 5.80 16.40 7.00 0.80 7.80 16.00 4.00
7.00 10.60 17.80 18.60 11.20 3.60 6.40 4.60 12.40 4.80 7.20 15.60 18.20 5.60 19.60 14.40 17.20 18.00 5.40 12.40
12.80 6.40 12.40 5.00 8.80 9.00 5.60 5.20 17.00 7.20 9.20 9.60 1.80 1.20 0.60 10.60 18.60 5.00 14.00 16.20
2.80 4.60 14.00 13.80 19.60 12.80 9.20 1.80 14.00 17.20 19.60 12.80 19.20 16.40 9.20 2.60 17.40 2.60 13.00 10.40
11.20 1.60 14.40 4.00 6.20 16.20 9.80 12.60 17.20 19.60 15.00 0.60 18.60 8.00 13.60 14.40 16.40 16.20 0.20 2.80
4.40 17.20 15.00 7.60 4.40 11.40 11.00 4.80 3.60 10.20 7.20 12.60 19.60 1.80 2.20 7.60 15.60 0.60 5.20 13.40
11.40 18.20 19.40 7.20 3.80 2.60 1.60 1.60 18.00 6.40 14.80 2.80 6.20 17.60 6.00 0.20 6.40 1.60 9.20 3.80
1.00 18.40 0.40 8.00 5.80 9.00 6.80 6.40 7.20 18.40 17.20 19.00 15.60 10.20 15.00 13.80 16.40 13.20 1.60 17.20
13.60 19.60 8.80 13.40 2.40 12.00 8.00 19.40 10.20 10.20 13.40 17.60 4.00 9.60 8.40 17.00 4.80 13.40 14.80 0.20
13.20 9.80 16.00 5.60 9.40 2.40 9.60 3.40 4.00 19.60 17.40 1.80 15.00 0.20 18.60 0.40 17.60 10.20 9.40 10.60
15.80 5.60 8.00 18.20 3.20 17.80 13.60 15.20 4.60 17.60 13.60 12.20 3.60 0.80 7.20 5.60 9.00 10.80 3.80 4.20
4.60 0.40 2.00 0.40 18.20 4.00 11.80 9.00 3.40 0.20 0.20 4.80 6.80 15.40 19.40 3.60 9.60 17.00 17.00 6.60
9.40 15.40 19.20 13.80 16.00 9.40 17.40 5.60 4.60 2.60 17.40 7.60 9.60 9.60 0.20 2.00 13.40 2.00 12.40 13.60
14.00 8.40 2.20 11.00 4.80 16.20 0.20 17.80 9.40 10.00 17.40 10.00 9.80 1.20 12.60 14.00 2.80 19.00 6.60 5.60
4.60 13.60 11.60 9.40 8.00 2.20 17.40 15.00 13.20 16.00 1.40 9.40 13.80 0.20 17.20 13.40 6.80 11.80 19.20 5.00
9.80 7.00 15.40 9.20 3.80 11.20 18.20 14.20 0.60 11.20 6.80 8.40 17.60 6.40 10.80 19.00 15.20 12.80 6.60 13.80
14.40 19.20 1.20 4.80 0.20 6.00 19.80 9.20 11.80 10.00 0.20 6.00 6.00 15.80 6.60 14.40 0.20 18.00 1.00 14.20
1.40 18.80 6.00 18.20 8.60 10.20 19.00 8.00 6.00 11.60 18.20 19.40 6.80 8.00 14.20 12.80 10.20 5.60 4.60 12.00
2.20 5.00 19.20 10.20 12.40 3.60 4.20 13.20 17.00 15.00 1.40 9.80 4.40 2.80 0.20 3.80 3.00 9.60 8.60 13.80
11.80 16.80 11.80 5.40 8.80 18.20 12.40 17.40 3.20 0.80 1.20 15.80 16.20 4.00 3.60 12.00 13.40 11.40 12.60 19.80
13.00 4.80 16.40 1.60 0.20 9.60 17.40 18.20 16.20 14.60 9.20 3.80 10.00 17.20 15.00 6.20 11.40 17.00 2.00 10.60
10.00 11.00 15.60 19.60 6.20 18.80 16.80 10.00 19.00 18.00 0.60 16.00 8.00 8.00 11.00 5.80 0.60 15.60 9.40 15.40
3.80 2.80 2.60 5.00 19.40 6.40 19.20 10.80 16.20 0.40 9.00 6.00 14.60 5.00 12.40 8.60 7.40 3.60 14.60 5.40
2.80 1.40 2.60 6.60 8.60 13.40 9.40 12.00 2.80 14.60 11.00 4.80 18.20 18.80 4.20 3.40 3.00 11.80 0.20 5.80
13.60 15.20 17.00 16.20 14.20 19.00 12.00 2.00 19.20 15.00 18.40 11.60 1.40 14.60 14.20 15.60 10.00 2.20 3.80 16.60
6.40 3.40 17.60 15.00 16.00 15.00 16.40 15.80 4.60 13.40 13.40 8.60 0.20 8.80 16.00 5.60 15.00 13.40 18.40 4.40
12.40 7.60 2.80 12.20 16.60 16.40 12.00 8.60 8.80 19.80 2.60 1.20 14.20 19.60 1.00 9.40 16.00 7.20 6.20 2.00
18.60 10.00 9.00 4.40 2.40 8.20 10.60 6.80 1.60 18.60 6.00 19.00 14.40 18.80 9.60 15.60 0.60 4.80 5.80 8.40
19.80 0.40 15.20 12.20 9.40 1.40 19.60 15.40 3.00 1.80 5.40 8.60 1.60 12.20 17.40 15.40 1.80 11.80 13.60 12.80
4.80 2.40 1.80 7.00 6.60 7.80 9.60 18.40 9.60 5.40 3.80 19.80 13.60 13.00 4.40 18.40 5.60 4.80 6.20 16.00
17.20 8.20 1.20 3.80 16.80 5.00 6.00 0.60 19.00 12.20 10.20 4.40 9.80 8.80 1.00 8.40 8.80 7.80 18.40 14.60
17.20 2.20 9.40 5.20 16.20 9.80 7.80 19.60 12.40 12.80 17.20 19.80 1.40 15.00 14.20 17.20 0.40 0.20 9.60 18.20
10.20 12.60 3.20 9.00 12.40 7.80 10.40 8.00 18.00 8.60 4.00 2.20 9.40 0.80 13.80 1.20 14.20 16.00 17.40 7.60
12.00 5.40 18.40 2.20 0.80 10.60 4.40 3.80 8.20 6.40 19.00 19.80 18.00 3.40 15.00 3.80 17.80 11.60 1.60 12.00
11.40 12.60 0.80 12.60 12.00 13.20 12.60 13.60 14.00 11.20 15.80 12.00 11.80 0.20 14.40 5.60 4.80 15.20 18.00 10.60
17.40 5.40 14.80 17.80 10.80 19.20 3.80 17.00 11.20 12.20 9.60 8.40 7.80 2.40 7.20 3.60 14.60 11.80 11.40 7.60
16.80 14.00 1.40 11.00 16.20 7.20 9.80 0.40 10.00 11.00 16.60 6.60 9.80 15.60 10.80 0.80 5.60 18.00 8.00 3.80
5.00 6.60 18.20 13.60 8.60 8.20 10.00 10.20 5.80 19.80 18.20 13.60 5.60 10.20 4.80 4.80 19.60 18.40 5.00 2.80
16.80 14.60 10.40 6.00 7.80 1.60 4.00 7.00 7.80 15.40 15.60 15.60 4.40 11.00 11.00 11.40 3.40 0.60 9.80 7.00
3.20 4.20 16.20 17.80 12.60 18.40 17.00 18.20 14.40 13.20 8.20 5.20 2.00 10.60 1.00 16.40 5.40 10.20 5.20 2.00
17.20 10.40 17.20 1.60 1.00 18.40 6.20 13.60 18.80 5.00 12.20 15.40 19.20 19.20 8.00 1.40 18.00 0.20 7.00 8.80
0.80 2.80 7.20 18.00 10.20 16.40 19.80 0.60 14.00 5.60 18.00 0.20 0.40 18.40 11.20 0.80 0.80 11.00 18.00 19.40
2.00 3.20 4.40 9.20 18.20 15.60 12.20 5.20 8.00 17.40 11.40 2.60 17.60 16.40 1.60 18.80 2.60 10.00 19.80 3.40
18.00 14.40 14.40 11.00 4.40 3.80 19.20 9.80 6.60 5.00 0.80 13.40 18.00 4.00 3.80 1.80 16.60 3.00 6.00 10.00
4.60 12.80 19.00 15.60 9.80 2.40 16.40 7.40 3.20 3.60 4.20 17.40 13.80 4.40 1.40 11.40 8.60 6.20 1.00 4.40
6.80 11.00 17.40 6.40 13.80 10.80 15.00 5.00 15.80 12.20 13.60 6.20 8.80 2.60 2.40 16.40 12.60 19.80 10.40 3.80
9.80 17.60 6.00 5.00 2.60 3.00 16.00 10.00 11.20 3.60 17.40 9.80 14.80 8.00 8.80 19.60 13.60 1.60 2.40 14.00
17.80 10.20 17.20 18.20 2.00 16.00 7.00 16.60 8.60 7.80 12.40 18.00 3.20 8.60 13.20 10.80 14.80 8.80 2.20 17.60
11.40 4.60 2.00 13.80 18.80 12.20 7.80 16.40 12.60 19.20 13.80 1.20 18.00 4.60 7.80 0.40 2.40 18.20 14.40 6.20
1.80 10.60 2.00 19.20 4.40 7.40 17.00 15.60 12.00 3.60 15.80 15.20 1.40 6.00 8.20 14.20 13.80 16.60 6.40 1.40
5.40 8.00 8.80 5.80 9.40 14.40 9.00 8.80 0.60 3.20 13.80 18.80 2.80 3.20 12.00 18.80 7.60 15.00 16.20 16.20
17.80 10.60 19.00 0.40 9.80 14.60 2.60 4.60 17.80 9.60 7.00 15.20 9.40 15.20 2.20 13.80 14.80 13.20 4.20 11.60
12.00 9.00 13.60 5.00 13.60 11.00 16.20 13.20 10.40 4.40 5.00 15.80 9.60 6.00 6.20 10.20 19.60 19.60 16.20 0.40
5.40 9.00 19.40 12.20 17.40 3.80 15.60 4.80 8.40 10.60 13.60 13.20 7.20 11.80 13.00 16.00 17.20 15.40 12.80 17.80
5.80 1.80 15.80 0.60 8.60 16.00 5.00 11.20 4.80 14.20 2.80 10.20 12.40 12.80 3.20 15.80 14.40 1.60 9.00 0.20
2.40 14.80 16.00 16.60 2.40 9.60 16.20 18.40 10.60 4.80 1.80 2.80 0.20 14.40 13.40 17.00 15.20 1.20 0.80 16.00
10.20 1.00 4.20 7.60 3.20 2.00 4.20 6.00 15.40 3.40 14.80 17.80 12.60 12.20 3.80 11.20 10.60 5.20 2.00 10.40
4.00 14.20 11.00 7.60 12.00 3.40 17.40 6.20 2.40 9.40 12.20 17.40 17.20 2.60 13.80 15.80 18.80 9.40 18.00 3.00
18.20 14.40 14.20 18.80 17.40 13.40 8.00 17.60 14.20 8.80 11.60 0.20 9.80 16.20 11.20 9.20 9.00 11.00 2.20 5.00
6.20 12.60 2.40 7.20 13.00 4.20 6.00 17.00 2.80 12.40 16.20 13.00 9.60 5.00 19.20 14.20 6.00 7.80 17.60 2.20
10.00 17.60 17.20 0.60 7.20 1.80 2.20 10.00 12.40 0.80 10.40 10.60 0.60 18.00 15.60 17.00 7.80 18.20 10.40 19.40
1.00 15.40 16.20 4.60 14.60 15.80 15.20 6.80 15.00 17.00 18.60 3.80 10.20 13.40 7.20 10.40 12.00 15.60 19.20 18.00
15.40 1.40 18.80 18.60 5.00 17.80 15.80 18.20 19.40 14.80 8.80 4.20 16.00 4.20 11.20 8.40 13.80 9.80 18.40 12.40
13.00 17.60 9.40 18.60 2.60 4.00 15.00 11.00 0.60 11.80 11.40 19.60 17.20 14.00 2.40 13.20 2.40 4.60 8.80 13.80
13.00 7.80 15.60 15.00 5.80 18.80 15.40 1.40 10.80 8.20 17.80 18.00 19.40 19.20 7.40 16.40 16.60 18.40 10.80 6.80
0.60 6.00 10.80 15.40 18.80 9.40 3.40 9.80 8.20 2.60 16.20 9.00 0.80 19.80 0.20 18.20 4.20 13.60 5.60 13.20
19.80 14.00 14.80 7.00 17.80 18.00 10.20 7.60 14.20 16.40 13.80 15.40 11.60 12.80 10.00 9.60 5.00 17.60 17.00 10.80
18.40 19.00 0.40 16.80 0.40 8.80 5.80 14.60 2.20 5.20 19.60 10.80 15.80 13.60 8.60 14.00 10.00 1.80 10.20 16.80
11.60 15.80 5.60 4.80 5.00 9.80 2.20 9.40 2.40 7.80 15.60 17.20 5.60 12.20 11.60 4.20 9.40 7.60 4.20 12.40
3.40 14.00 8.40 1.40 14.20 5.60 14.60 19.00 10.80 5.60 14.00 0.40 3.80 7.20 2.60 16.40 8.60 12.00 0.80 14.20
12.00 18.40 18.00 8.00 3.40 9.20 10.00 9.60 4.20 11.80 0.60 0.60 18.60 11.40 11.00 2.40 11.60 0.40 8.40 14.00
1.00 2.40 15.80 0.80 6.00 16.40 17.20 10.80 2.80 9.80 14.00 17.60 17.60 17.20 17.40 18.80 2.20 1.60 8.60 12.00
18.00 4.20 15.60 3.60 14.80 19.20 11.20 18.80 16.40 17.40 12.40 7.80 8.80 2.00 4.00 3.40 12.60 17.20 11.00 10.80
8.60 6.80 16.60 5.00 4.40 18.20 18.60 4.20 7.00 6.40 16.20 11.20 14.80 11.40 16.80 9.00 14.80 12.40 17.80 10.40
11.80 2.20 11.20 1.00 9.80 5.60 15.80 8.20 4.20 13.00 12.20 4.80 3.60 17.60 5.60 13.60 1.20 8.20 0.80 14.20
2.60 18.40 1.60 11.20 10.60 18.60 11.40 6.00 7.60 4.80 13.00 18.20 19.00 11.80 11.80 12.00 4.60 13.20 0.20 1.80
14.00 10.00 8.60 19.20 1.20 6.00 17.00 8.40 10.40 9.60 13.00 17.20 0.40 14.60 13.00 18.60 18.80 18.80 19.40 19.80
5.60 0.60 7.60 18.60 8.80 12.80 3.40 8.80 16.40 14.40 6.60 16.00 4.40 8.60 11.20 6.00 18.60 10.80 13.00 8.20
12.80 6.60 19.00 2.00 13.60 8.20 17.60 5.60 8.00 3.00 12.40 11.60 1.40 5.00 0.40 1.00 5.20 1.80 7.60 6.00
10.00 7.80 17.40 6.60 10.40 10.60 17.80 16.40 9.40 1.00 3.80 10.80 16.40 7.40 7.20 6.20 9.80 15.00 17.40 4.60
2.20 9.80 15.80 16.40 19.00 17.20 7.80 0.80 18.20 13.60 11.40 11.40 10.40 14.00 8.20 6.00 6.00 8.60 11.60 12.00
2.20 5.00 3.20 18.20 17.00 1.20 8.20 12.80 12.00 7.20 16.40 8.40 3.40 19.40 1.40 14.20 10.00 1.80 9.40 0.20
7.60 3.20 7.80 2.80 4.40 13.60 1.60 7.60 12.20 1.40 15.60 6.40 11.80 5.80 4.60 5.80 9.40 2.00 10.60 13.40
4.60 9.60 12.20 9.20 1.20 5.00 4.20 1.80 4.20 10.40 18.80 1.00 8.40 6.60 5.00 16.40 17.80 15.80 10.20 11.00
19.40 11.20 3.80 7.60 8.40 1.60 6.60 7.40 13.40 9.00 13.00 8.60 10.20 19.80 16.20 4.00 8.60 2.00 8.00 12.80
13.00 10.40 15.00 14.60 13.60 12.40 7.20 17.40 5.80 17.40 2.80 16.00 15.80 6.80 1.20 2.60 6.40 19.40 16.00 4.20
5.20 15.60 18.40 3.20 0.20 3.40 15.00 7.40 9.20 8.40 1.80 17.20 18.60 19.20 13.40 18.80 9.00 7.80 4.00 3.20
5.20 18.60 17.80 10.40 9.60 9.80 0.40 5.20 14.80 13.60 5.80 9.40 13.00 13.00 1.00 9.40 9.40 6.00 4.80 18.80
3.40 14.80 3.40 19.80 4.40 18.40 13.00 16.00 2.20 1.80 14.00 19.00 5.40 18.00 17.80 11.40 13.60 14.80 15.40 2.20
8.60 13.60 13.20 12.60 12.40 4.00 11.40 16.60 14.40 10.60 18.00 17.20 5.00 10.40 14.20 19.00 2.60 10.40 7.40 18.00
1.00 8.20 6.80 9.00 12.40 15.40 4.40 10.00 11.20 11.80 17.20 8.00 12.00 19.00 17.20 1.60 17.20 18.00 2.60 9.60
17.40 1.00 17.40 13.60 8.40 4.80 8.20 10.00 16.20 13.00 2.40 6.20 14.40 0.60 9.60 9.20 19.40 2.40 5.80 17.00
11.80 2.80 5.00 0.40 8.80 10.60 17.80 10.00 16.00 16.20 8.00 12.20 5.80 12.80 10.00 16.00 0.40 12.20 5.60 6.80
8.00 18.40 4.00 14.40 4.40 14.20 12.40 8.40 17.40 2.40 2.40 2.40 11.00 4.20 10.80 6.40 3.20 6.80 3.60 1.40
13.00 9.20 11.60 4.40 2.80 17.60 8.60 17.60 8.80 7.80 12.80 12.80 11.60 3.20 4.20 1.40 5.40 17.60 4.40 15.80
18.00 3.60 11.40 10.40 8.00 17.60 6.00 11.00 8.20 12.40 6.40 3.40 4.40 14.00 16.60 6.80 7.60 5.40 15.00 19.00
12.00 19.00 17.00 0.20 8.00 4.80 11.20 4.40 11.80 18.00 3.60 10.40 11.60 13.40 5.40 6.60 10.60 13.60 4.80 10.00
7.40 18.00 13.80 14.40 6.40 15.00 1.60 0.20 8.20 6.80 2.20 11.20 12.20 2.60 7.60 6.60 7.40 2.80 15.80 15.60
5.20 2.00 2.60 19.00 6.20 6.20 0.20 17.60 12.80 13.20 8.00 7.00 17.80 19.20 15.80 3.60 18.80 17.60 19.80 7.80
16.60 17.60 2.60 5.20 6.60 6.80 10.20 13.80 6.00 2.00 2.80 12.00 13.40 11.40 14.20 5.80 15.60 14.80 7.00 15.80
9.40 1.40 12.60 6.00 4.40 17.40 14.60 10.00 10.20 19.00 4.40 15.00 2.80 1.40 10.60 3.80 16.80 14.20 9.00 13.80
16.20 11.40 12.40 18.60 15.00 17.60 0.80 15.80 3.20 10.20 9.80 2.00 2.00 6.00 0.40 14.80 9.80 2.80 19.00 5.40
18.40 19.00 7.60 10.20 13.40 12.40 11.60 11.80 12.80 3.00 19.00 10.00 8.00 19.20 1.80 11.60 5.00 3.20 9.20 8.40
19.00 13.40 12.40 0.40 18.80 11.80 4.80 3.60 14.40 0.80 16.40 13.20 2.20 19.60 9.80 10.40 11.80 9.20 3.00 3.00
1.60 16.80 15.00 15.00 7.40 7.80 13.80 19.60 13.60 13.20 1.40 10.60 19.80 14.40 15.80 2.00 7.20 9.40 1.40 10.20
4.80 11.00 15.80 7.80 16.20 0.80 7.80 4.20 6.20 4.80 3.80 11.60 1.40 6.20 7.80 14.00 6.60 10.80 4.80 8.80
18.00 14.00 13.00 19.80 17.80 14.80 6.60 7.00 18.60 10.60 19.00 2.40 4.00 2.20 5.60 15.60 3.00 18.20 9.00 14.20
0.40 5.20 1.60 4.00 12.40 18.00 3.20 18.80 17.20 17.40 7.80 13.20 15.60 7.20 7.80 11.80 7.20 17.80 4.00 6.40
12.40 11.60 7.80 13.60 13.40 5.80 15.00 11.40 18.20 5.20 14.20 16.20 1.20 2.00 14.00 6.40 9.40 11.80 7.00 13.20
9.00 16.20 8.00 8.00 1.00 19.80 3.80 14.20 6.80 12.80 6.80 10.20 14.20 4.00 14.40 4.00 16.60 7.80 12.20 9.80
5.60 9.00 2.60 15.40 8.40 14.80 0.20 15.20 1.20 2.60 17.80 15.00 9.60 5.20 14.00 2.40 4.80 10.40 19.40 1.60
0.40 3.80 17.00 11.40 9.40 0.80 6.00 19.40 5.40 3.20 12.60 14.20 7.80 13.40 7.60 19.60 14.20 18.20 13.80 1.40
18.00 19.00 18.00 11.40 5.40 17.20 8.80 1.40 12.40 4.60 17.00 9.20 11.60 2.60 9.60 3.60 1.40 4.20 15.60 8.80
1.80 3.80 16.40 2.60 13.00 4.40 1.60 17.40 7.00 12.20 12.00 17.60 1.40 12.00 11.40 2.40 1.20 18.00 2.60 0.20
6.20 19.60 12.40 8.60 14.00 2.00 9.00 17.80 11.40 15.60 18.20 11.60 3.40 10.00 2.20 11.40 11.00 11.60 10.60 3.00
13.00 14.80 18.60 9.00 2.40 19.20 3.80 10.60 13.40 11.60 9.80 14.60 12.60 5.60 7.60 14.60 8.60 14.80 3.20 1.20
13.00 6.20 5.80 14.80 18.80 11.20 10.60 3.80 19.20 2.60 9.20 5.40 14.60 6.40 7.40 18.20 16.40 6.00 18.80 10.20
6.20 14.00 8.00 19.60 11.20 5.60 7.60 13.80 13.80 19.80 2.00 5.20 8.60 9.80 11.20 9.20 8.00 12.60 11.80 18.20
1.20 3.40 19.20 16.00 15.80 18.00 7.80 13.20 1.60 17.40 3.80 7.60 2.80 10.80 12.80 12.80 15.60 3.80 12.80 6.60
0.60 1.20 1.20 9.20 16.40 14.20 13.60 12.20 18.40 14.00 10.00 9.60 13.20 9.20 12.80 18.40 12.80 3.60 14.40 15.40
7.60 5.60 16.40 1.40 14.40 2.40 16.60 3.60 0.20 16.80 13.00 1.60 11.80 3.00 13.60 9.00 19.20 17.60 2.60 13.80
19.60 16.80 17.00 8.00 19.60 0.20 18.80 17.20 7.40 0.60 8.20 2.80 15.00 9.80 5.40 17.20 5.40 4.40 9.40 5.60
3.40 9.00 6.80 1.00 0.20 1.20 6.80 10.20 13.80 9.60 11.60 11.60 19.20 18.80 7.20 16.80 19.80 8.60 4.40 1.60
7.40 19.20 3.60 15.80 14.40 8.20 0.20 18.00 11.40 15.60 12.40 17.80 5.60 12.60 18.80 3.00 2.20 12.00 1.80 1.60
1.20 1.80 12.40 8.00 16.00 6.00 4.60 16.00 11.80 15.80 9.00 8.80 2.40 19.20 13.00 19.80 18.20 4.00 13.60 9.60
4.20 12.60 11.20 9.60 7.80 4.20 6.40 4.40 17.00 4.00 13.40 3.20 19.80 8.60 17.80 1.60 15.60 6.40 0.80 1.40
16.80 16.00 6.40 7.60 13.60 12.80 14.00 1.20 17.20 10.20 12.80 4.00 12.60 14.60 4.60 17.40 19.40 13.40 13.40 11.00
10.60 5.40 7.80 0.80 18.60 18.40 7.00 10.40 19.60 16.60 1.20 13.80 3.80 3.80 18.60 12.20 4.60 0.20 18.40 10.20
13.40 6.20 2.80 9.60 3.20 0.20 15.60 3.20 19.20 10.20 15.40 13.40 5.20 3.80 2.80 8.40 9.60 8.40 9.80 17.80
5.60 7.60 12.60 6.60 8.60 17.00 17.80 16.80 11.00 0.20 18.80 16.00 1.60 16.20 11.40 5.00 4.00 19.00 4.60 12.20
2.00 13.60 8.00 18.80 3.20 18.80 17.60 2.40 1.80 0.40 4.80 16.20 14.40 16.40 18.60 7.00 19.80 16.80 7.40 16.40
10.00 18.20 1.00 6.40 16.20 4.80 18.40 14.80 0.40 14.60 7.60 16.40 11.00 13.80 12.00 12.80 7.80 7.40 3.20 7.80
18.20 17.80 2.00 17.80 0.40 16.60 10.00 13.80 14.20 16.40 14.60 5.40 13.40 2.60 16.40 14.80 10.60 6.00 7.80 17.80
6.80 3.00 9.80 17.00 14.60 0.80 12.80 4.40 17.00 6.80 11.80 1.00 0.20 17.00 3.20 8.00 0.60 2.40 9.40 9.40
13.60 2.00 19.60 16.80 11.00 11.40 12.20 2.40 0.40 5.20 12.20 8.80 4.60 6.40 13.80 17.80 13.00 17.40 18.80 4.80
10.40 12.20 19.20 17.20 16.20 1.60 7.00 16.00 19.20 9.80 2.80 7.60 7.00 6.80 11.40 0.80 16.20 2.60 14.20 15.80
6.00 6.00 7.80 16.80 14.40 3.40 16.20 9.00 1.40 7.80 11.80 10.60 1.20 11.40 1.60 8.60 9.40 12.00 7.20 17.20
2.80 3.00 13.00 15.60 17.60 16.60 13.80 10.20 15.60 4.80 16.60 3.20 17.80 13.80 10.40 2.40 5.00 18.40 14.40 12.00
7.40 18.20 10.40 15.40 4.00 9.40 16.00 19.20 11.00 7.80 0.60 9.60 18.60 12.60 19.60 5.60 7.20 10.40 13.40 13.40
6.20 15.60 6.60 3.00 8.80 11.40 7.60 16.00 1.40 13.80 9.20 3.20 17.60 9.80 13.40 13.60 8.80 10.20 15.60 2.00
17.20 10.40 0.80 14.20 2.80 18.60 8.80 17.40 10.00 0.20 3.20 6.20 17.20 11.20 3.80 9.20 5.80 18.20 2.60 12.20
1.80 14.00 9.40 13.40 15.80 10.80 9.80 18.40 1.00 0.20 11.20 15.80 7.40 7.40 11.20 4.60 17.00 15.20 13.60 12.00
6.20 4.20 14.40 14.00 19.80 15.80 17.00 4.00 12.00 15.80 8.00 15.00 10.60 10.80 7.60 0.60 5.20 6.40 7.20 13.60
18.00 11.40 14.00 13.40 8.60 1.00 5.20 19.00 12.20 5.40 1.40 2.80 9.00 12.00 15.00 14.00 0.80 16.20 13.80 14.40
10.60 5.60 3.40 16.00 11.40 6.00 3.00 3.20 13.60 4.00 15.80 13.40 6.40 19.40 13.80 16.20 1.80 11.40 5.60 1.80
12.80 2.80 14.40 11.60 4.40 18.00 19.40 12.80 17.40 4.40 11.00 14.00 13.80 8.80 2.80 2.80 11.80 14.20 13.80 9.40
