# nJobs | nMachines
20 20
# Job Weights
71
29
100
42
86
36
90
13
74
63
53
73
48
56
71
49
40
96
85
16
# P_bar : m1 | m2 | m3 | m4 | m5 | m6 | m7 | m8 | m9 | m10 | m11 | m12 | m13 | m14 | m15 | m16 | m17 | m18 | m19 | m20
1 6 10 28 69 95 90 87 80 60 17 13 66 79 79 6 43 3 36 67
96 36 65 13 34 75 38 32 10 70 74 98 30 12 93 73 45 69 98 96
21 74 39 74 10 24 20 8 63 38 87 79 89 96 25 64 46 38 7 70
57 53 99 18 91 3 85 17 14 94 39 20 45 78 61 30 9 61 3 89
7 25 77 71 98 83 49 54 89 94 14 57 44 29 59 30 10 8 5 5
34 68 39 11 60 67 37 43 65 30 28 68 91 28 20 99 42 54 82 45
72 37 50 17 3 88 29 3 43 50 12 17 18 14 92 61 43 90 41 38
12 42 14 27 86 75 84 65 44 17 49 27 67 52 1 26 46 3 2 79
80 68 75 89 55 28 93 33 28 43 88 25 94 27 35 38 7 5 63 73
99 74 28 14 95 65 99 36 39 28 91 36 41 51 97 46 15 25 56 99
28 93 92 13 73 54 44 70 59 33 53 67 78 46 79 76 32 31 85 33
80 39 74 40 65 65 39 18 91 48 40 73 27 98 37 65 80 38 85 1
30 75 20 97 24 34 18 19 70 48 1 34 15 97 72 51 4 36 25 84
15 54 70 70 22 17 40 76 24 81 55 47 55 38 76 39 73 35 98 79
95 10 43 96 5 51 24 7 96 50 39 65 28 78 89 23 42 52 58 44
19 60 6 13 67 98 98 34 1 86 35 79 28 89 7 71 98 13 16 39
12 15 77 66 39 94 61 66 92 23 99 31 26 67 79 63 24 78 99 16
59 75 25 77 58 22 72 72 79 95 17 54 98 91 85 94 25 31 61 50
66 71 68 2 4 57 21 16 57 3 69 56 98 51 40 62 13 8 21 39
51 22 83 41 30 37 76 95 88 80 67 33 77 62 24 87 38 62 26 55
# P_hat : m1 | m2 | m3 | m4 | m5 | m6 | m7 | m8 | m9 | m10 | m11 | m12 | m13 | m14 | m15 | m16 | m17 | m18 | m19 | m20
0.20 1.20 2.00 5.60 13.80 19.00 18.00 17.40 16.00 12.00 3.40 2.60 13.20 15.80 15.80 1.20 8.60 0.60 7.20 13.40
19.20 7.20 13.00 2.60 6.80 15.00 7.60 6.40 2.00 14.00 14.80 19.60 6.00 2.40 18.60 14.60 9.00 13.80 19.60 19.20
4.20 14.80 7.80 14.80 2.00 4.80 4.00 1.60 12.60 7.60 17.40 15.80 17.80 19.20 5.00 12.80 9.20 7.60 1.40 14.00
11.40 10.60 19.80 3.60 18.20 0.60 17.00 3.40 2.80 18.80 7.80 4.00 9.00 15.60 12.20 6.00 1.80 12.20 0.60 17.80
1.40 5.00 15.40 14.20 19.60 16.60 9.80 10.80 17.80 18.80 2.80 11.40 8.80 5.80 11.80 6.00 2.00 1.60 1.00 1.00
6.80 13.60 7.80 2.20 12.00 13.40 7.40 8.60 13.00 6.00 5.60 13.60 18.20 5.60 4.00 19.80 8.40 10.80 16.40 9.00
14.40 7.40 10.00 3.40 0.60 17.60 5.80 0.60 8.60 10.00 2.40 3.40 3.60 2.80 18.40 12.20 8.60 18.00 8.20 7.60
2.40 8.40 2.80 5.40 17.20 15.00 16.80 13.00 8.80 3.40 9.80 5.40 13.40 10.40 0.20 5.20 9.20 0.60 0.40 15.80
16.00 13.60 15.00 17.80 11.00 5.60 18.60 6.60 5.60 8.60 17.60 5.00 18.80 5.40 7.00 7.60 1.40 1.00 12.60 14.60
19.80 14.80 5.60 2.80 19.00 13.00 19.80 7.20 7.80 5.60 18.20 7.20 8.20 10.20 19.40 9.20 3.00 5.00 11.20 19.80
5.60 18.60 18.40 2.60 14.60 10.80 8.80 14.00 11.80 6.60 10.60 13.40 15.60 9.20 15.80 15.20 6.40 6.20 17.00 6.60
16.00 7.80 14.80 8.00 13.00 13.00 7.80 3.60 18.20 9.60 8.00 14.60 5.40 19.60 7.40 13.00 16.00 7.60 17.00 0.20
6.00 15.00 4.00 19.40 4.80 6.80 3.60 3.80 14.00 9.60 0.20 6.80 3.00 19.40 14.40 10.20 0.80 7.20 5.00 16.80
3.00 10.80 14.00 14.00 4.40 3.40 8.00 15.20 4.80 16.20 11.00 9.40 11.00 7.60 15.20 7.80 14.60 7.00 19.60 15.80
19.00 2.00 8.60 19.20 1.00 10.20 4.80 1.40 19.20 10.00 7.80 13.00 5.60 15.60 17.80 4.60 8.40 10.40 11.60 8.80
3.80 12.00 1.20 2.60 13.40 19.60 19.60 6.80 0.20 17.20 7.00 15.80 5.60 17.80 1.40 14.20 19.60 2.60 3.20 7.80
2.40 3.00 15.40 13.20 7.80 18.80 12.20 13.20 18.40 4.60 19.80 6.20 5.20 13.40 15.80 12.60 4.80 15.60 19.80 3.20
11.80 15.00 5.00 15.40 11.60 4.40 14.40 14.40 15.80 19.00 3.40 10.80 19.60 18.20 17.00 18.80 5.00 6.20 12.20 10.00
13.20 14.20 13.60 0.40 0.80 11.40 4.20 3.20 11.40 0.60 13.80 11.20 19.60 10.20 8.00 12.40 2.60 1.60 4.20 7.80
10.20 4.40 16.60 8.20 6.00 7.40 15.20 19.00 17.60 16.00 13.40 6.60 15.40 12.40 4.80 17.40 7.60 12.40 5.20 11.00
