# nJobs | nMachines
50 5
# Job Weights
83
13
48
87
47
30
15
78
42
19
63
96
72
21
52
99
63
20
17
22
58
74
22
80
48
73
23
51
12
21
89
78
25
80
20
19
1
57
75
39
8
68
96
79
91
60
97
32
14
64
# P_bar : m1 | m2 | m3 | m4 | m5
12 26 27 52 24
72 89 97 30 57
29 86 53 62 68
16 10 16 8 58
22 16 36 45 76
61 72 28 77 70
69 96 50 90 72
71 47 41 52 56
86 9 42 39 56
16 56 86 95 55
54 8 2 86 89
53 69 45 15 23
64 87 86 98 42
96 84 43 59 26
79 62 92 22 87
68 52 73 43 17
98 82 99 85 38
87 66 84 93 24
40 67 83 6 82
74 33 61 46 55
22 3 7 51 47
23 53 8 97 7
47 95 62 79 99
55 42 3 46 89
21 59 21 71 20
90 77 50 18 65
68 38 71 33 3
14 12 95 13 45
42 1 70 3 89
41 66 60 32 96
40 24 4 28 16
63 17 58 48 42
23 58 16 8 70
75 71 30 42 69
4 88 80 26 77
31 63 71 26 46
87 60 59 95 20
25 86 75 44 71
47 8 52 74 91
70 8 25 82 8
1 44 86 28 34
49 99 48 4 72
59 80 53 42 40
11 76 54 81 82
93 94 98 56 60
38 75 36 38 59
5 63 9 50 59
43 57 78 12 43
82 76 80 43 72
33 34 88 51 10
# P_hat : m1 | m2 | m3 | m4 | m5
6.00 13.00 13.50 26.00 12.00
36.00 44.50 48.50 15.00 28.50
14.50 43.00 26.50 31.00 34.00
8.00 5.00 8.00 4.00 29.00
11.00 8.00 18.00 22.50 38.00
30.50 36.00 14.00 38.50 35.00
34.50 48.00 25.00 45.00 36.00
35.50 23.50 20.50 26.00 28.00
43.00 4.50 21.00 19.50 28.00
8.00 28.00 43.00 47.50 27.50
27.00 4.00 1.00 43.00 44.50
26.50 34.50 22.50 7.50 11.50
32.00 43.50 43.00 49.00 21.00
48.00 42.00 21.50 29.50 13.00
39.50 31.00 46.00 11.00 43.50
34.00 26.00 36.50 21.50 8.50
49.00 41.00 49.50 42.50 19.00
43.50 33.00 42.00 46.50 12.00
20.00 33.50 41.50 3.00 41.00
37.00 16.50 30.50 23.00 27.50
11.00 1.50 3.50 25.50 23.50
11.50 26.50 4.00 48.50 3.50
23.50 47.50 31.00 39.50 49.50
27.50 21.00 1.50 23.00 44.50
10.50 29.50 10.50 35.50 10.00
45.00 38.50 25.00 9.00 32.50
34.00 19.00 35.50 16.50 1.50
7.00 6.00 47.50 6.50 22.50
21.00 0.50 35.00 1.50 44.50
20.50 33.00 30.00 16.00 48.00
20.00 12.00 2.00 14.00 8.00
31.50 8.50 29.00 24.00 21.00
11.50 29.00 8.00 4.00 35.00
37.50 35.50 15.00 21.00 34.50
2.00 44.00 40.00 13.00 38.50
15.50 31.50 35.50 13.00 23.00
43.50 30.00 29.50 47.50 10.00
12.50 43.00 37.50 22.00 35.50
23.50 4.00 26.00 37.00 45.50
35.00 4.00 12.50 41.00 4.00
0.50 22.00 43.00 14.00 17.00
24.50 49.50 24.00 2.00 36.00
29.50 40.00 26.50 21.00 20.00
5.50 38.00 27.00 40.50 41.00
46.50 47.00 49.00 28.00 30.00
19.00 37.50 18.00 19.00 29.50
2.50 31.50 4.50 25.00 29.50
21.50 28.50 39.00 6.00 21.50
41.00 38.00 40.00 21.50 36.00
16.50 17.00 44.00 25.50 5.00
