# nJobs | nMachines
20 20
# Job Weights
6
87
73
96
95
50
93
6
8
42
16
93
41
86
18
89
78
65
46
67
# P_bar : m1 | m2 | m3 | m4 | m5 | m6 | m7 | m8 | m9 | m10 | m11 | m12 | m13 | m14 | m15 | m16 | m17 | m18 | m19 | m20
74 60 98 54 85 31 14 92 28 51 64 48 30 84 9 93 71 72 33 85
15 62 79 41 65 73 32 39 70 6 96 6 94 24 1 44 34 65 95 47
51 9 24 7 90 51 43 99 27 75 13 34 52 84 66 2 40 20 7 54
4 59 25 98 43 29 30 47 4 81 9 22 49 16 57 87 57 67 34 31
36 28 57 75 61 29 92 20 60 35 17 12 32 87 90 93 29 61 6 31
61 61 38 24 39 25 64 84 55 34 19 78 61 22 61 23 78 69 34 83
65 81 81 57 82 44 72 32 92 22 52 87 30 51 90 92 99 19 62 28
25 53 50 32 95 64 16 66 55 62 1 24 6 27 60 51 88 63 97 70
55 86 49 56 94 85 38 85 49 90 54 87 33 87 40 5 40 50 7 49
70 77 19 8 58 92 91 79 81 65 86 10 33 87 38 32 40 68 18 27
18 19 14 52 64 23 61 83 19 8 90 46 42 34 25 69 35 7 8 40
81 67 59 63 41 26 10 3 8 57 26 16 87 99 15 92 57 93 39 37
22 52 36 97 36 2 10 44 36 14 16 11 55 37 89 21 56 58 86 55
3 17 5 95 26 36 72 34 32 19 39 73 13 14 5 77 65 31 58 59
48 80 46 55 98 94 29 79 79 28 51 24 39 59 81 95 63 97 35 46
74 11 62 19 39 53 28 51 84 17 4 16 20 13 16 17 48 89 12 25
82 91 98 91 5 72 64 29 52 6 18 68 9 17 28 47 24 5 50 34
19 61 4 62 87 79 61 40 61 49 35 14 57 33 58 1 40 98 44 84
84 55 39 29 87 58 42 63 92 79 65 92 83 31 98 13 20 41 81 72
83 2 90 56 31 91 80 40 31 76 5 93 2 18 90 73 21 81 89 32
# P_hat : m1 | m2 | m3 | m4 | m5 | m6 | m7 | m8 | m9 | m10 | m11 | m12 | m13 | m14 | m15 | m16 | m17 | m18 | m19 | m20
22.20 18.00 29.40 16.20 25.50 9.30 4.20 27.60 8.40 15.30 19.20 14.40 9.00 25.20 2.70 27.90 21.30 21.60 9.90 25.50
4.50 18.60 23.70 12.30 19.50 21.90 9.60 11.70 21.00 1.80 28.80 1.80 28.20 7.20 0.30 13.20 10.20 19.50 28.50 14.10
15.30 2.70 7.20 2.10 27.00 15.30 12.90 29.70 8.10 22.50 3.90 10.20 15.60 25.20 19.80 0.60 12.00 6.00 2.10 16.20
1.20 17.70 7.50 29.40 12.90 8.70 9.00 14.10 1.20 24.30 2.70 6.60 14.70 4.80 17.10 26.10 17.10 20.10 10.20 9.30
10.80 8.40 17.10 22.50 18.30 8.70 27.60 6.00 18.00 10.50 5.10 3.60 9.60 26.10 27.00 27.90 8.70 18.30 1.80 9.30
18.30 18.30 11.40 7.20 11.70 7.50 19.20 25.20 16.50 10.20 5.70 23.40 18.30 6.60 18.30 6.90 23.40 20.70 10.20 24.90
19.50 24.30 24.30 17.10 24.60 13.20 21.60 9.60 27.60 6.60 15.60 26.10 9.00 15.30 27.00 27.60 29.70 5.70 18.60 8.40
7.50 15.90 15.00 9.60 28.50 19.20 4.80 19.80 16.50 18.60 0.30 7.20 1.80 8.10 18.00 15.30 26.40 18.90 29.10 21.00
16.50 25.80 14.70 16.80 28.20 25.50 11.40 25.50 14.70 27.00 16.20 26.10 9.90 26.10 12.00 1.50 12.00 15.00 2.10 14.70
21.00 23.10 5.70 2.40 17.40 27.60 27.30 23.70 24.30 19.50 25.80 3.00 9.90 26.10 11.40 9.60 12.00 20.40 5.40 8.10
5.40 5.70 4.20 15.60 19.20 6.90 18.30 24.90 5.70 2.40 27.00 13.80 12.60 10.20 7.50 20.70 10.50 2.10 2.40 12.00
24.30 20.10 17.70 18.90 12.30 7.80 3.00 0.90 2.40 17.10 7.80 4.80 26.10 29.70 4.50 27.60 17.10 27.90 11.70 11.10
6.60 15.60 10.80 29.10 10.80 0.60 3.00 13.20 10.80 4.20 4.80 3.30 16.50 11.10 26.70 6.30 16.80 17.40 25.80 16.50
0.90 5.10 1.50 28.50 7.80 10.80 21.60 10.20 9.60 5.70 11.70 21.90 3.90 4.20 1.50 23.10 19.50 9.30 17.40 17.70
14.40 24.00 13.80 16.50 29.40 28.20 8.70 23.70 23.70 8.40 15.30 7.20 11.70 17.70 24.30 28.50 18.90 29.10 10.50 13.80
22.20 3.30 18.60 5.70 11.70 15.90 8.40 15.30 25.20 5.10 1.20 4.80 6.00 3.90 4.80 5.10 14.40 26.70 3.60 7.50
24.60 27.30 29.40 27.30 1.50 21.60 19.20 8.70 15.60 1.80 5.40 20.40 2.70 5.10 8.40 14.10 7.20 1.50 15.00 10.20
5.70 18.30 1.20 18.60 26.10 23.70 18.30 12.00 18.30 14.70 10.50 4.20 17.10 9.90 17.40 0.30 12.00 29.40 13.20 25.20
25.20 16.50 11.70 8.70 26.10 17.40 12.60 18.90 27.60 23.70 19.50 27.60 24.90 9.30 29.40 3.90 6.00 12.30 24.30 21.60
24.90 0.60 27.00 16.80 9.30 27.30 24.00 12.00 9.30 22.80 1.50 27.90 0.60 5.40 27.00 21.90 6.30 24.30 26.70 9.60
