# nJobs | nMachines
100 20
# Job Weights
97
36
75
38
70
86
77
99
8
92
74
32
87
51
40
72
12
78
16
65
21
45
42
76
65
15
63
42
8
59
31
37
66
1
26
13
96
97
39
3
4
51
67
24
89
78
1
42
95
14
41
93
30
64
23
28
42
57
53
53
91
97
71
51
69
6
28
79
84
98
92
3
81
29
36
7
12
79
39
25
30
53
28
53
73
95
28
97
26
9
60
43
3
20
12
28
49
79
99
8
# P_bar : m1 | m2 | m3 | m4 | m5 | m6 | m7 | m8 | m9 | m10 | m11 | m12 | m13 | m14 | m15 | m16 | m17 | m18 | m19 | m20
4 30 33 26 17 71 91 4 90 60 78 86 87 59 18 2 25 89 56 84
64 35 59 8 65 72 34 2 99 30 20 83 4 1 38 73 19 3 54 69
34 65 66 34 14 43 58 88 24 78 36 7 16 8 11 63 37 58 13 76
65 75 38 89 84 28 98 93 24 40 28 84 7 39 84 19 58 73 42 34
43 28 13 10 4 28 2 64 90 23 14 33 3 67 41 64 87 90 93 14
59 5 96 78 68 25 59 99 76 20 83 10 43 11 23 23 31 54 73 31
53 35 61 86 26 66 30 90 93 69 35 29 26 87 9 11 54 62 3 98
10 26 42 70 73 45 59 20 50 99 87 91 80 56 44 66 94 75 53 30
74 64 76 21 20 81 56 7 82 96 9 46 19 87 7 27 96 19 41 53
16 53 82 55 64 56 56 73 34 61 51 42 12 64 85 31 60 53 39 21
56 85 92 48 24 34 95 61 35 79 6 1 61 48 26 46 93 86 41 37
31 94 55 45 25 28 73 35 40 1 73 43 25 84 17 12 55 35 65 66
43 64 71 87 58 44 48 80 99 61 88 72 58 9 47 67 44 59 69 93
60 48 96 21 43 1 77 78 78 72 62 62 10 7 2 43 73 49 60 21
38 66 89 35 67 65 15 37 40 65 77 65 9 37 24 24 72 13 99 65
9 31 86 73 6 66 73 40 98 61 38 72 57 90 77 81 14 57 86 79
55 68 10 10 64 53 94 50 8 35 69 65 86 37 28 52 78 37 26 11
45 28 99 62 9 48 13 53 15 7 38 74 72 75 8 36 15 33 97 85
98 46 96 29 27 65 92 61 64 52 81 57 32 97 9 41 54 57 62 27
38 3 96 84 60 14 24 6 47 94 42 88 81 40 11 28 84 57 49 41
5 85 59 79 10 51 68 44 76 14 10 76 35 27 20 23 66 91 25 45
74 54 56 55 49 8 64 87 75 74 87 67 4 79 4 73 36 92 17 78
23 62 80 36 26 12 32 66 16 19 78 58 62 75 95 14 94 29 29 56
38 86 84 39 99 63 69 14 57 46 22 37 2 70 19 28 42 15 91 89
99 23 54 7 71 8 24 23 23 9 90 65 31 85 85 26 8 65 85 58
66 61 9 53 16 46 54 1 10 40 57 52 99 81 18 83 51 85 55 51
14 93 71 30 94 24 31 80 86 61 5 29 15 64 82 28 55 6 25 21
5 40 89 16 78 93 20 34 90 56 39 94 96 46 45 38 78 43 94 15
9 25 51 53 67 27 59 22 84 21 90 61 21 15 4 7 58 50 48 94
90 28 93 82 80 4 46 40 77 95 87 69 30 22 61 10 22 43 64 29
60 67 93 25 89 63 79 63 93 6 76 63 24 1 35 14 64 76 73 83
47 35 64 97 39 21 76 31 34 95 84 46 57 29 98 50 76 83 49 23
59 20 31 12 70 4 28 32 45 27 37 46 91 3 59 26 13 10 19 22
27 48 61 6 54 92 46 64 71 63 41 64 1 9 78 54 33 86 37 19
56 15 19 67 80 96 37 13 51 49 54 33 56 41 63 97 28 6 41 23
9 53 70 40 11 87 5 2 19 14 22 72 97 3 8 1 17 86 12 12
1 95 29 92 47 10 66 47 28 66 68 4 22 74 86 91 37 11 1 37
33 28 84 3 45 82 77 60 48 3 9 81 29 69 56 91 75 56 93 68
95 72 22 66 32 57 97 73 52 1 30 40 56 66 6 1 32 62 69 24
94 32 57 5 37 47 68 75 60 50 38 17 8 37 90 18 57 17 10 2
30 36 90 6 20 80 68 95 25 1 32 72 86 49 31 6 93 72 46 59
63 82 77 10 82 95 45 35 47 67 56 88 52 30 52 15 18 87 88 13
96 11 25 21 47 42 52 17 81 97 17 59 65 8 96 84 24 38 43 32
24 19 12 70 26 47 30 70 6 41 36 92 22 99 1 44 87 76 10 58
20 29 57 52 55 24 95 4 73 13 42 30 52 50 73 60 66 28 97 60
17 6 14 89 80 88 49 59 94 30 38 40 38 48 43 65 56 47 75 78
78 58 47 64 63 59 58 68 46 53 48 81 86 81 52 3 95 17 43 31
3 93 60 9 42 44 68 75 7 84 26 94 30 26 43 7 39 16 34 77
29 49 64 55 4 58 11 24 50 29 56 44 55 7 78 26 49 82 66 2
7 14 52 76 80 98 44 21 82 21 16 80 87 99 10 53 55 55 61 94
30 38 68 14 63 15 69 22 26 16 37 48 92 68 63 22 80 65 10 75
15 63 78 28 96 2 16 4 95 49 66 2 55 38 69 36 8 61 99 44
66 23 75 65 74 51 1 8 17 17 24 10 46 59 14 54 49 29 7 55
83 95 42 89 64 65 57 1 71 30 63 48 85 42 26 19 73 5 93 89
23 94 65 47 44 39 87 32 51 69 73 71 47 36 77 67 33 11 85 78
81 72 6 2 67 71 7 68 45 33 56 98 28 59 51 6 85 89 89 63
30 73 5 42 35 6 52 33 10 56 30 92 2 50 8 7 42 33 74 50
84 71 56 80 64 11 27 27 17 41 1 24 87 63 30 42 43 94 92 93
64 78 76 9 58 37 33 11 35 64 69 91 12 96 70 63 27 68 73 21
38 9 12 4 35 79 53 57 46 2 81 83 85 68 64 55 6 21 92 8
55 54 42 63 98 42 40 23 18 99 51 8 69 78 75 18 26 62 9 64
73 52 55 91 29 69 71 17 21 87 48 11 44 82 53 15 37 93 6 26
80 47 31 71 7 34 18 43 80 10 57 86 85 83 4 91 45 81 16 84
28 44 55 34 35 5 83 58 79 18 53 2 71 79 90 43 85 44 34 4
12 38 56 75 79 13 4 7 12 39 94 45 32 67 10 55 39 40 85 14
9 48 81 12 70 70 80 30 77 55 81 40 49 15 83 55 54 6 48 48
54 47 34 38 10 49 11 43 25 46 64 65 31 86 29 56 12 97 79 21
1 30 43 8 84 94 35 29 75 96 43 94 2 87 87 6 20 54 77 4
30 18 8 7 5 79 61 41 35 54 72 96 55 22 58 94 60 76 76 98
12 69 44 38 23 90 72 27 80 84 99 99 71 80 33 97 34 21 57 72
51 25 27 59 62 17 90 80 54 98 85 59 92 64 18 23 55 53 34 96
91 27 13 90 75 94 58 43 69 8 36 27 53 35 61 85 25 52 50 26
30 77 44 78 1 22 89 84 20 18 93 10 56 30 15 29 38 35 17 42
3 15 93 52 75 22 32 40 75 91 3 62 91 84 10 55 12 92 90 99
57 64 73 99 93 51 82 65 38 9 47 22 61 89 52 57 39 12 6 21
2 91 44 5 65 97 66 94 13 57 78 72 39 78 96 82 54 92 38 29
80 87 25 4 93 49 69 63 57 86 56 56 84 24 2 42 68 12 43 55
45 63 48 73 85 75 24 41 80 97 10 48 40 41 75 24 48 56 45 94
2 10 85 87 55 28 90 29 65 31 43 20 18 42 41 68 44 28 77 99
14 64 96 21 2 7 64 36 46 10 1 58 19 32 22 50 15 1 61 1
56 26 96 64 53 91 28 94 91 48 35 74 62 63 29 67 37 7 16 70
36 14 99 20 63 10 44 18 59 45 96 79 41 77 23 51 16 31 13 49
24 82 24 79 61 32 20 59 67 86 32 54 26 46 69 52 98 30 4 17
71 13 22 70 9 10 66 33 9 81 86 46 7 61 82 29 74 15 39 57
2 79 94 81 72 72 13 93 3 21 27 97 81 58 29 90 13 44 74 49
31 27 86 41 27 94 23 97 49 40 60 9 25 77 30 58 68 98 85 92
11 55 45 78 98 72 57 97 7 84 9 96 19 12 5 97 57 80 97 14
70 47 13 14 40 29 24 94 39 40 34 67 85 91 84 94 40 77 56 11
63 47 19 17 9 58 19 31 26 49 73 55 21 63 26 4 59 34 28 67
22 85 57 19 50 82 60 33 93 24 25 11 6 86 7 42 22 31 81 33
18 15 21 59 90 48 57 85 25 28 83 53 68 16 92 79 15 5 84 27
12 47 92 13 46 10 53 21 12 25 54 71 24 41 55 98 94 90 16 62
65 53 12 46 75 68 46 80 88 87 13 8 97 96 73 29 28 27 5 57
38 60 62 15 92 61 14 6 70 54 37 62 63 53 92 6 42 37 23 57
54 56 69 62 5 89 92 75 32 86 3 22 13 90 88 66 72 46 70 72
58 3 69 69 49 32 66 65 14 10 2 57 48 2 27 89 91 68 58 68
6 78 91 51 9 5 91 62 30 79 48 65 98 95 11 42 1 4 9 18
37 66 27 76 34 50 13 48 63 23 17 91 24 3 74 84 58 82 81 33
30 58 25 91 95 83 73 22 58 5 75 24 37 82 33 34 67 26 60 93
65 27 81 38 79 38 92 68 28 39 66 9 64 19 6 84 32 23 65 84
# P_hat : m1 | m2 | m3 | m4 | m5 | m6 | m7 | m8 | m9 | m10 | m11 | m12 | m13 | m14 | m15 | m16 | m17 | m18 | m19 | m20
1.60 12.00 13.20 10.40 6.80 28.40 36.40 1.60 36.00 24.00 31.20 34.40 34.80 23.60 7.20 0.80 10.00 35.60 22.40 33.60
25.60 14.00 23.60 3.20 26.00 28.80 13.60 0.80 39.60 12.00 8.00 33.20 1.60 0.40 15.20 29.20 7.60 1.20 21.60 27.60
13.60 26.00 26.40 13.60 5.60 17.20 23.20 35.20 9.60 31.20 14.40 2.80 6.40 3.20 4.40 25.20 14.80 23.20 5.20 30.40
26.00 30.00 15.20 35.60 33.60 11.20 39.20 37.20 9.60 16.00 11.20 33.60 2.80 15.60 33.60 7.60 23.20 29.20 16.80 13.60
17.20 11.20 5.20 4.00 1.60 11.20 0.80 25.60 36.00 9.20 5.60 13.20 1.20 26.80 16.40 25.60 34.80 36.00 37.20 5.60
23.60 2.00 38.40 31.20 27.20 10.00 23.60 39.60 30.40 8.00 33.20 4.00 17.20 4.40 9.20 9.20 12.40 21.60 29.20 12.40
21.20 14.00 24.40 34.40 10.40 26.40 12.00 36.00 37.20 27.60 14.00 11.60 10.40 34.80 3.60 4.40 21.60 24.80 1.20 39.20
4.00 10.40 16.80 28.00 29.20 18.00 23.60 8.00 20.00 39.60 34.80 36.40 32.00 22.40 17.60 26.40 37.60 30.00 21.20 12.00
29.60 25.60 30.40 8.40 8.00 32.40 22.40 2.80 32.80 38.40 3.60 18.40 7.60 34.80 2.80 10.80 38.40 7.60 16.40 21.20
6.40 21.20 32.80 22.00 25.60 22.40 22.40 29.20 13.60 24.40 20.40 16.80 4.80 25.60 34.00 12.40 24.00 21.20 15.60 8.40
22.40 34.00 36.80 19.20 9.60 13.60 38.00 24.40 14.00 31.60 2.40 0.40 24.40 19.20 10.40 18.40 37.20 34.40 16.40 14.80
12.40 37.60 22.00 18.00 10.00 11.20 29.20 14.00 16.00 0.40 29.20 17.20 10.00 33.60 6.80 4.80 22.00 14.00 26.00 26.40
17.20 25.60 28.40 34.80 23.20 17.60 19.20 32.00 39.60 24.40 35.20 28.80 23.20 3.60 18.80 26.80 17.60 23.60 27.60 37.20
24.00 19.20 38.40 8.40 17.20 0.40 30.80 31.20 31.20 28.80 24.80 24.80 4.00 2.80 0.80 17.20 29.20 19.60 24.00 8.40
15.20 26.40 35.60 14.00 26.80 26.00 6.00 14.80 16.00 26.00 30.80 26.00 3.60 14.80 9.60 9.60 28.80 5.20 39.60 26.00
3.60 12.40 34.40 29.20 2.40 26.40 29.20 16.00 39.20 24.40 15.20 28.80 22.80 36.00 30.80 32.40 5.60 22.80 34.40 31.60
22.00 27.20 4.00 4.00 25.60 21.20 37.60 20.00 3.20 14.00 27.60 26.00 34.40 14.80 11.20 20.80 31.20 14.80 10.40 4.40
18.00 11.20 39.60 24.80 3.60 19.20 5.20 21.20 6.00 2.80 15.20 29.60 28.80 30.00 3.20 14.40 6.00 13.20 38.80 34.00
39.20 18.40 38.40 11.60 10.80 26.00 36.80 24.40 25.60 20.80 32.40 22.80 12.80 38.80 3.60 16.40 21.60 22.80 24.80 10.80
15.20 1.20 38.40 33.60 24.00 5.60 9.60 2.40 18.80 37.60 16.80 35.20 32.40 16.00 4.40 11.20 33.60 22.80 19.60 16.40
2.00 34.00 23.60 31.60 4.00 20.40 27.20 17.60 30.40 5.60 4.00 30.40 14.00 10.80 8.00 9.20 26.40 36.40 10.00 18.00
29.60 21.60 22.40 22.00 19.60 3.20 25.60 34.80 30.00 29.60 34.80 26.80 1.60 31.60 1.60 29.20 14.40 36.80 6.80 31.20
9.20 24.80 32.00 14.40 10.40 4.80 12.80 26.40 6.40 7.60 31.20 23.20 24.80 30.00 38.00 5.60 37.60 11.60 11.60 22.40
15.20 34.40 33.60 15.60 39.60 25.20 27.60 5.60 22.80 18.40 8.80 14.80 0.80 28.00 7.60 11.20 16.80 6.00 36.40 35.60
39.60 9.20 21.60 2.80 28.40 3.20 9.60 9.20 9.20 3.60 36.00 26.00 12.40 34.00 34.00 10.40 3.20 26.00 34.00 23.20
26.40 24.40 3.60 21.20 6.40 18.40 21.60 0.40 4.00 16.00 22.80 20.80 39.60 32.40 7.20 33.20 20.40 34.00 22.00 20.40
5.60 37.20 28.40 12.00 37.60 9.60 12.40 32.00 34.40 24.40 2.00 11.60 6.00 25.60 32.80 11.20 22.00 2.40 10.00 8.40
2.00 16.00 35.60 6.40 31.20 37.20 8.00 13.60 36.00 22.40 15.60 37.60 38.40 18.40 18.00 15.20 31.20 17.20 37.60 6.00
3.60 10.00 20.40 21.20 26.80 10.80 23.60 8.80 33.60 8.40 36.00 24.40 8.40 6.00 1.60 2.80 23.20 20.00 19.20 37.60
36.00 11.20 37.20 32.80 32.00 1.60 18.40 16.00 30.80 38.00 34.80 27.60 12.00 8.80 24.40 4.00 8.80 17.20 25.60 11.60
24.00 26.80 37.20 10.00 35.60 25.20 31.60 25.20 37.20 2.40 30.40 25.20 9.60 0.40 14.00 5.60 25.60 30.40 29.20 33.20
18.80 14.00 25.60 38.80 15.60 8.40 30.40 12.40 13.60 38.00 33.60 18.40 22.80 11.60 39.20 20.00 30.40 33.20 19.60 9.20
23.60 8.00 12.40 4.80 28.00 1.60 11.20 12.80 18.00 10.80 14.80 18.40 36.40 1.20 23.60 10.40 5.20 4.00 7.60 8.80
10.80 19.20 24.40 2.40 21.60 36.80 18.40 25.60 28.40 25.20 16.40 25.60 0.40 3.60 31.20 21.60 13.20 34.40 14.80 7.60
22.40 6.00 7.60 26.80 32.00 38.40 14.80 5.20 20.40 19.60 21.60 13.20 22.40 16.40 25.20 38.80 11.20 2.40 16.40 9.20
3.60 21.20 28.00 16.00 4.40 34.80 2.00 0.80 7.60 5.60 8.80 28.80 38.80 1.20 3.20 0.40 6.80 34.40 4.80 4.80
0.40 38.00 11.60 36.80 18.80 4.00 26.40 18.80 11.20 26.40 27.20 1.60 8.80 29.60 34.40 36.40 14.80 4.40 0.40 14.80
13.20 11.20 33.60 1.20 18.00 32.80 30.80 24.00 19.20 1.20 3.60 32.40 11.60 27.60 22.40 36.40 30.00 22.40 37.20 27.20
38.00 28.80 8.80 26.40 12.80 22.80 38.80 29.20 20.80 0.40 12.00 16.00 22.40 26.40 2.40 0.40 12.80 24.80 27.60 9.60
37.60 12.80 22.80 2.00 14.80 18.80 27.20 30.00 24.00 20.00 15.20 6.80 3.20 14.80 36.00 7.20 22.80 6.80 4.00 0.80
12.00 14.40 36.00 2.40 8.00 32.00 27.20 38.00 10.00 0.40 12.80 28.80 34.40 19.60 12.40 2.40 37.20 28.80 18.40 23.60
25.20 32.80 30.80 4.00 32.80 38.00 18.00 14.00 18.80 26.80 22.40 35.20 20.80 12.00 20.80 6.00 7.20 34.80 35.20 5.20
38.40 4.40 10.00 8.40 18.80 16.80 20.80 6.80 32.40 38.80 6.80 23.60 26.00 3.20 38.40 33.60 9.60 15.20 17.20 12.80
9.60 7.60 4.80 28.00 10.40 18.80 12.00 28.00 2.40 16.40 14.40 36.80 8.80 39.60 0.40 17.60 34.80 30.40 4.00 23.20
8.00 11.60 22.80 20.80 22.00 9.60 38.00 1.60 29.20 5.20 16.80 12.00 20.80 20.00 29.20 24.00 26.40 11.20 38.80 24.00
6.80 2.40 5.60 35.60 32.00 35.20 19.60 23.60 37.60 12.00 15.20 16.00 15.20 19.20 17.20 26.00 22.40 18.80 30.00 31.20
31.20 23.20 18.80 25.60 25.20 23.60 23.20 27.20 18.40 21.20 19.20 32.40 34.40 32.40 20.80 1.20 38.00 6.80 17.20 12.40
1.20 37.20 24.00 3.60 16.80 17.60 27.20 30.00 2.80 33.60 10.40 37.60 12.00 10.40 17.20 2.80 15.60 6.40 13.60 30.80
11.60 19.60 25.60 22.00 1.60 23.20 4.40 9.60 20.00 11.60 22.40 17.60 22.00 2.80 31.20 10.40 19.60 32.80 26.40 0.80
2.80 5.60 20.80 30.40 32.00 39.20 17.60 8.40 32.80 8.40 6.40 32.00 34.80 39.60 4.00 21.20 22.00 22.00 24.40 37.60
12.00 15.20 27.20 5.60 25.20 6.00 27.60 8.80 10.40 6.40 14.80 19.20 36.80 27.20 25.20 8.80 32.00 26.00 4.00 30.00
6.00 25.20 31.20 11.20 38.40 0.80 6.40 1.60 38.00 19.60 26.40 0.80 22.00 15.20 27.60 14.40 3.20 24.40 39.60 17.60
26.40 9.20 30.00 26.00 29.60 20.40 0.40 3.20 6.80 6.80 9.60 4.00 18.40 23.60 5.60 21.60 19.60 11.60 2.80 22.00
33.20 38.00 16.80 35.60 25.60 26.00 22.80 0.40 28.40 12.00 25.20 19.20 34.00 16.80 10.40 7.60 29.20 2.00 37.20 35.60
9.20 37.60 26.00 18.80 17.60 15.60 34.80 12.80 20.40 27.60 29.20 28.40 18.80 14.40 30.80 26.80 13.20 4.40 34.00 31.20
32.40 28.80 2.40 0.80 26.80 28.40 2.80 27.20 18.00 13.20 22.40 39.20 11.20 23.60 20.40 2.40 34.00 35.60 35.60 25.20
12.00 29.20 2.00 16.80 14.00 2.40 20.80 13.20 4.00 22.40 12.00 36.80 0.80 20.00 3.20 2.80 16.80 13.20 29.60 20.00
33.60 28.40 22.40 32.00 25.60 4.40 10.80 10.80 6.80 16.40 0.40 9.60 34.80 25.20 12.00 16.80 17.20 37.60 36.80 37.20
25.60 31.20 30.40 3.60 23.20 14.80 13.20 4.40 14.00 25.60 27.60 36.40 4.80 38.40 28.00 25.20 10.80 27.20 29.20 8.40
15.20 3.60 4.80 1.60 14.00 31.60 21.20 22.80 18.40 0.80 32.40 33.20 34.00 27.20 25.60 22.00 2.40 8.40 36.80 3.20
22.00 21.60 16.80 25.20 39.20 16.80 16.00 9.20 7.20 39.60 20.40 3.20 27.60 31.20 30.00 7.20 10.40 24.80 3.60 25.60
29.20 20.80 22.00 36.40 11.60 27.60 28.40 6.80 8.40 34.80 19.20 4.40 17.60 32.80 21.20 6.00 14.80 37.20 2.40 10.40
32.00 18.80 12.40 28.40 2.80 13.60 7.20 17.20 32.00 4.00 22.80 34.40 34.00 33.20 1.60 36.40 18.00 32.40 6.40 33.60
11.20 17.60 22.00 13.60 14.00 2.00 33.20 23.20 31.60 7.20 21.20 0.80 28.40 31.60 36.00 17.20 34.00 17.60 13.60 1.60
4.80 15.20 22.40 30.00 31.60 5.20 1.60 2.80 4.80 15.60 37.60 18.00 12.80 26.80 4.00 22.00 15.60 16.00 34.00 5.60
3.60 19.20 32.40 4.80 28.00 28.00 32.00 12.00 30.80 22.00 32.40 16.00 19.60 6.00 33.20 22.00 21.60 2.40 19.20 19.20
21.60 18.80 13.60 15.20 4.00 19.60 4.40 17.20 10.00 18.40 25.60 26.00 12.40 34.40 11.60 22.40 4.80 38.80 31.60 8.40
0.40 12.00 17.20 3.20 33.60 37.60 14.00 11.60 30.00 38.40 17.20 37.60 0.80 34.80 34.80 2.40 8.00 21.60 30.80 1.60
12.00 7.20 3.20 2.80 2.00 31.60 24.40 16.40 14.00 21.60 28.80 38.40 22.00 8.80 23.20 37.60 24.00 30.40 30.40 39.20
4.80 27.60 17.60 15.20 9.20 36.00 28.80 10.80 32.00 33.60 39.60 39.60 28.40 32.00 13.20 38.80 13.60 8.40 22.80 28.80
20.40 10.00 10.80 23.60 24.80 6.80 36.00 32.00 21.60 39.20 34.00 23.60 36.80 25.60 7.20 9.20 22.00 21.20 13.60 38.40
36.40 10.80 5.20 36.00 30.00 37.60 23.20 17.20 27.60 3.20 14.40 10.80 21.20 14.00 24.40 34.00 10.00 20.80 20.00 10.40
12.00 30.80 17.60 31.20 0.40 8.80 35.60 33.60 8.00 7.20 37.20 4.00 22.40 12.00 6.00 11.60 15.20 14.00 6.80 16.80
1.20 6.00 37.20 20.80 30.00 8.80 12.80 16.00 30.00 36.40 1.20 24.80 36.40 33.60 4.00 22.00 4.80 36.80 36.00 39.60
22.80 25.60 29.20 39.60 37.20 20.40 32.80 26.00 15.20 3.60 18.80 8.80 24.40 35.60 20.80 22.80 15.60 4.80 2.40 8.40
0.80 36.40 17.60 2.00 26.00 38.80 26.40 37.60 5.20 22.80 31.20 28.80 15.60 31.20 38.40 32.80 21.60 36.80 15.20 11.60
32.00 34.80 10.00 1.60 37.20 19.60 27.60 25.20 22.80 34.40 22.40 22.40 33.60 9.60 0.80 16.80 27.20 4.80 17.20 22.00
18.00 25.20 19.20 29.20 34.00 30.00 9.60 16.40 32.00 38.80 4.00 19.20 16.00 16.40 30.00 9.60 19.20 22.40 18.00 37.60
0.80 4.00 34.00 34.80 22.00 11.20 36.00 11.60 26.00 12.40 17.20 8.00 7.20 16.80 16.40 27.20 17.60 11.20 30.80 39.60
5.60 25.60 38.40 8.40 0.80 2.80 25.60 14.40 18.40 4.00 0.40 23.20 7.60 12.80 8.80 20.00 6.00 0.40 24.40 0.40
22.40 10.40 38.40 25.60 21.20 36.40 11.20 37.60 36.40 19.20 14.00 29.60 24.80 25.20 11.60 26.80 14.80 2.80 6.40 28.00
14.40 5.60 39.60 8.00 25.20 4.00 17.60 7.20 23.60 18.00 38.40 31.60 16.40 30.80 9.20 20.40 6.40 12.40 5.20 19.60
9.60 32.80 9.60 31.60 24.40 12.80 8.00 23.60 26.80 34.40 12.80 21.60 10.40 18.40 27.60 20.80 39.20 12.00 1.60 6.80
28.40 5.20 8.80 28.00 3.60 4.00 26.40 13.20 3.60 32.40 34.40 18.40 2.80 24.40 32.80 11.60 29.60 6.00 15.60 22.80
0.80 31.60 37.60 32.40 28.80 28.80 5.20 37.20 1.20 8.40 10.80 38.80 32.40 23.20 11.60 36.00 5.20 17.60 29.60 19.60
12.40 10.80 34.40 16.40 10.80 37.60 9.20 38.80 19.60 16.00 24.00 3.60 10.00 30.80 12.00 23.20 27.20 39.20 34.00 36.80
4.40 22.00 18.00 31.20 39.20 28.80 22.80 38.80 2.80 33.60 3.60 38.40 7.60 4.80 2.00 38.80 22.80 32.00 38.80 5.60
28.00 18.80 5.20 5.60 16.00 11.60 9.60 37.60 15.60 16.00 13.60 26.80 34.00 36.40 33.60 37.60 16.00 30.80 22.40 4.40
25.20 18.80 7.60 6.80 3.60 23.20 7.60 12.40 10.40 19.60 29.20 22.00 8.40 25.20 10.40 1.60 23.60 13.60 11.20 26.80
8.80 34.00 22.80 7.60 20.00 32.80 24.00 13.20 37.20 9.60 10.00 4.40 2.40 34.40 2.80 16.80 8.80 12.40 32.40 13.20
7.20 6.00 8.40 23.60 36.00 19.20 22.80 34.00 10.00 11.20 33.20 21.20 27.20 6.40 36.80 31.60 6.00 2.00 33.60 10.80
4.80 18.80 36.80 5.20 18.40 4.00 21.20 8.40 4.80 10.00 21.60 28.40 9.60 16.40 22.00 39.20 37.60 36.00 6.40 24.80
26.00 21.20 4.80 18.40 30.00 27.20 18.40 32.00 35.20 34.80 5.20 3.20 38.80 38.40 29.20 11.60 11.20 10.80 2.00 22.80
15.20 24.00 24.80 6.00 36.80 24.40 5.60 2.40 28.00 21.60 14.80 24.80 25.20 21.20 36.80 2.40 16.80 14.80 9.20 22.80
21.60 22.40 27.60 24.80 2.00 35.60 36.80 30.00 12.80 34.40 1.20 8.80 5.20 36.00 35.20 26.40 28.80 18.40 28.00 28.80
23.20 1.20 27.60 27.60 19.60 12.80 26.40 26.00 5.60 4.00 0.80 22.80 19.20 0.80 10.80 35.60 36.40 27.20 23.20 27.20
2.40 31.20 36.40 20.40 3.60 2.00 36.40 24.80 12.00 31.60 19.20 26.00 39.20 38.00 4.40 16.80 0.40 1.60 3.60 7.20
14.80 26.40 10.80 30.40 13.60 20.00 5.20 19.20 25.20 9.20 6.80 36.40 9.60 1.20 29.60 33.60 23.20 32.80 32.40 13.20
12.00 23.20 10.00 36.40 38.00 33.20 29.20 8.80 23.20 2.00 30.00 9.60 14.80 32.80 13.20 13.60 26.80 10.40 24.00 37.20
26.00 10.80 32.40 15.20 31.60 15.20 36.80 27.20 11.20 15.60 26.40 3.60 25.60 7.60 2.40 33.60 12.80 9.20 26.00 33.60
