# nJobs | nMachines
100 20
# Job Weights
97
36
75
38
70
86
77
99
8
92
74
32
87
51
40
72
12
78
16
65
21
45
42
76
65
15
63
42
8
59
31
37
66
1
26
13
96
97
39
3
4
51
67
24
89
78
1
42
95
14
41
93
30
64
23
28
42
57
53
53
91
97
71
51
69
6
28
79
84
98
92
3
81
29
36
7
12
79
39
25
30
53
28
53
73
95
28
97
26
9
60
43
3
20
12
28
49
79
99
8
# P_bar : m1 | m2 | m3 | m4 | m5 | m6 | m7 | m8 | m9 | m10 | m11 | m12 | m13 | m14 | m15 | m16 | m17 | m18 | m19 | m20
4 30 33 26 17 71 91 4 90 60 78 86 87 59 18 2 25 89 56 84
64 35 59 8 65 72 34 2 99 30 20 83 4 1 38 73 19 3 54 69
34 65 66 34 14 43 58 88 24 78 36 7 16 8 11 63 37 58 13 76
65 75 38 89 84 28 98 93 24 40 28 84 7 39 84 19 58 73 42 34
43 28 13 10 4 28 2 64 90 23 14 33 3 67 41 64 87 90 93 14
59 5 96 78 68 25 59 99 76 20 83 10 43 11 23 23 31 54 73 31
53 35 61 86 26 66 30 90 93 69 35 29 26 87 9 11 54 62 3 98
10 26 42 70 73 45 59 20 50 99 87 91 80 56 44 66 94 75 53 30
74 64 76 21 20 81 56 7 82 96 9 46 19 87 7 27 96 19 41 53
16 53 82 55 64 56 56 73 34 61 51 42 12 64 85 31 60 53 39 21
56 85 92 48 24 34 95 61 35 79 6 1 61 48 26 46 93 86 41 37
31 94 55 45 25 28 73 35 40 1 73 43 25 84 17 12 55 35 65 66
43 64 71 87 58 44 48 80 99 61 88 72 58 9 47 67 44 59 69 93
60 48 96 21 43 1 77 78 78 72 62 62 10 7 2 43 73 49 60 21
38 66 89 35 67 65 15 37 40 65 77 65 9 37 24 24 72 13 99 65
9 31 86 73 6 66 73 40 98 61 38 72 57 90 77 81 14 57 86 79
55 68 10 10 64 53 94 50 8 35 69 65 86 37 28 52 78 37 26 11
45 28 99 62 9 48 13 53 15 7 38 74 72 75 8 36 15 33 97 85
98 46 96 29 27 65 92 61 64 52 81 57 32 97 9 41 54 57 62 27
38 3 96 84 60 14 24 6 47 94 42 88 81 40 11 28 84 57 49 41
5 85 59 79 10 51 68 44 76 14 10 76 35 27 20 23 66 91 25 45
74 54 56 55 49 8 64 87 75 74 87 67 4 79 4 73 36 92 17 78
23 62 80 36 26 12 32 66 16 19 78 58 62 75 95 14 94 29 29 56
38 86 84 39 99 63 69 14 57 46 22 37 2 70 19 28 42 15 91 89
99 23 54 7 71 8 24 23 23 9 90 65 31 85 85 26 8 65 85 58
66 61 9 53 16 46 54 1 10 40 57 52 99 81 18 83 51 85 55 51
14 93 71 30 94 24 31 80 86 61 5 29 15 64 82 28 55 6 25 21
5 40 89 16 78 93 20 34 90 56 39 94 96 46 45 38 78 43 94 15
9 25 51 53 67 27 59 22 84 21 90 61 21 15 4 7 58 50 48 94
90 28 93 82 80 4 46 40 77 95 87 69 30 22 61 10 22 43 64 29
60 67 93 25 89 63 79 63 93 6 76 63 24 1 35 14 64 76 73 83
47 35 64 97 39 21 76 31 34 95 84 46 57 29 98 50 76 83 49 23
59 20 31 12 70 4 28 32 45 27 37 46 91 3 59 26 13 10 19 22
27 48 61 6 54 92 46 64 71 63 41 64 1 9 78 54 33 86 37 19
56 15 19 67 80 96 37 13 51 49 54 33 56 41 63 97 28 6 41 23
9 53 70 40 11 87 5 2 19 14 22 72 97 3 8 1 17 86 12 12
1 95 29 92 47 10 66 47 28 66 68 4 22 74 86 91 37 11 1 37
33 28 84 3 45 82 77 60 48 3 9 81 29 69 56 91 75 56 93 68
95 72 22 66 32 57 97 73 52 1 30 40 56 66 6 1 32 62 69 24
94 32 57 5 37 47 68 75 60 50 38 17 8 37 90 18 57 17 10 2
30 36 90 6 20 80 68 95 25 1 32 72 86 49 31 6 93 72 46 59
63 82 77 10 82 95 45 35 47 67 56 88 52 30 52 15 18 87 88 13
96 11 25 21 47 42 52 17 81 97 17 59 65 8 96 84 24 38 43 32
24 19 12 70 26 47 30 70 6 41 36 92 22 99 1 44 87 76 10 58
20 29 57 52 55 24 95 4 73 13 42 30 52 50 73 60 66 28 97 60
17 6 14 89 80 88 49 59 94 30 38 40 38 48 43 65 56 47 75 78
78 58 47 64 63 59 58 68 46 53 48 81 86 81 52 3 95 17 43 31
3 93 60 9 42 44 68 75 7 84 26 94 30 26 43 7 39 16 34 77
29 49 64 55 4 58 11 24 50 29 56 44 55 7 78 26 49 82 66 2
7 14 52 76 80 98 44 21 82 21 16 80 87 99 10 53 55 55 61 94
30 38 68 14 63 15 69 22 26 16 37 48 92 68 63 22 80 65 10 75
15 63 78 28 96 2 16 4 95 49 66 2 55 38 69 36 8 61 99 44
66 23 75 65 74 51 1 8 17 17 24 10 46 59 14 54 49 29 7 55
83 95 42 89 64 65 57 1 71 30 63 48 85 42 26 19 73 5 93 89
23 94 65 47 44 39 87 32 51 69 73 71 47 36 77 67 33 11 85 78
81 72 6 2 67 71 7 68 45 33 56 98 28 59 51 6 85 89 89 63
30 73 5 42 35 6 52 33 10 56 30 92 2 50 8 7 42 33 74 50
84 71 56 80 64 11 27 27 17 41 1 24 87 63 30 42 43 94 92 93
64 78 76 9 58 37 33 11 35 64 69 91 12 96 70 63 27 68 73 21
38 9 12 4 35 79 53 57 46 2 81 83 85 68 64 55 6 21 92 8
55 54 42 63 98 42 40 23 18 99 51 8 69 78 75 18 26 62 9 64
73 52 55 91 29 69 71 17 21 87 48 11 44 82 53 15 37 93 6 26
80 47 31 71 7 34 18 43 80 10 57 86 85 83 4 91 45 81 16 84
28 44 55 34 35 5 83 58 79 18 53 2 71 79 90 43 85 44 34 4
12 38 56 75 79 13 4 7 12 39 94 45 32 67 10 55 39 40 85 14
9 48 81 12 70 70 80 30 77 55 81 40 49 15 83 55 54 6 48 48
54 47 34 38 10 49 11 43 25 46 64 65 31 86 29 56 12 97 79 21
1 30 43 8 84 94 35 29 75 96 43 94 2 87 87 6 20 54 77 4
30 18 8 7 5 79 61 41 35 54 72 96 55 22 58 94 60 76 76 98
12 69 44 38 23 90 72 27 80 84 99 99 71 80 33 97 34 21 57 72
51 25 27 59 62 17 90 80 54 98 85 59 92 64 18 23 55 53 34 96
91 27 13 90 75 94 58 43 69 8 36 27 53 35 61 85 25 52 50 26
30 77 44 78 1 22 89 84 20 18 93 10 56 30 15 29 38 35 17 42
3 15 93 52 75 22 32 40 75 91 3 62 91 84 10 55 12 92 90 99
57 64 73 99 93 51 82 65 38 9 47 22 61 89 52 57 39 12 6 21
2 91 44 5 65 97 66 94 13 57 78 72 39 78 96 82 54 92 38 29
80 87 25 4 93 49 69 63 57 86 56 56 84 24 2 42 68 12 43 55
45 63 48 73 85 75 24 41 80 97 10 48 40 41 75 24 48 56 45 94
2 10 85 87 55 28 90 29 65 31 43 20 18 42 41 68 44 28 77 99
14 64 96 21 2 7 64 36 46 10 1 58 19 32 22 50 15 1 61 1
56 26 96 64 53 91 28 94 91 48 35 74 62 63 29 67 37 7 16 70
36 14 99 20 63 10 44 18 59 45 96 79 41 77 23 51 16 31 13 49
24 82 24 79 61 32 20 59 67 86 32 54 26 46 69 52 98 30 4 17
71 13 22 70 9 10 66 33 9 81 86 46 7 61 82 29 74 15 39 57
2 79 94 81 72 72 13 93 3 21 27 97 81 58 29 90 13 44 74 49
31 27 86 41 27 94 23 97 49 40 60 9 25 77 30 58 68 98 85 92
11 55 45 78 98 72 57 97 7 84 9 96 19 12 5 97 57 80 97 14
70 47 13 14 40 29 24 94 39 40 34 67 85 91 84 94 40 77 56 11
63 47 19 17 9 58 19 31 26 49 73 55 21 63 26 4 59 34 28 67
22 85 57 19 50 82 60 33 93 24 25 11 6 86 7 42 22 31 81 33
18 15 21 59 90 48 57 85 25 28 83 53 68 16 92 79 15 5 84 27
12 47 92 13 46 10 53 21 12 25 54 71 24 41 55 98 94 90 16 62
65 53 12 46 75 68 46 80 88 87 13 8 97 96 73 29 28 27 5 57
38 60 62 15 92 61 14 6 70 54 37 62 63 53 92 6 42 37 23 57
54 56 69 62 5 89 92 75 32 86 3 22 13 90 88 66 72 46 70 72
58 3 69 69 49 32 66 65 14 10 2 57 48 2 27 89 91 68 58 68
6 78 91 51 9 5 91 62 30 79 48 65 98 95 11 42 1 4 9 18
37 66 27 76 34 50 13 48 63 23 17 91 24 3 74 84 58 82 81 33
30 58 25 91 95 83 73 22 58 5 75 24 37 82 33 34 67 26 60 93
65 27 81 38 79 38 92 68 28 39 66 9 64 19 6 84 32 23 65 84
# P_hat : m1 | m2 | m3 | m4 | m5 | m6 | m7 | m8 | m9 | m10 | m11 | m12 | m13 | m14 | m15 | m16 | m17 | m18 | m19 | m20
1.20 9.00 9.90 7.80 5.10 21.30 27.30 1.20 27.00 18.00 23.40 25.80 26.10 17.70 5.40 0.60 7.50 26.70 16.80 25.20
19.20 10.50 17.70 2.40 19.50 21.60 10.20 0.60 29.70 9.00 6.00 24.90 1.20 0.30 11.40 21.90 5.70 0.90 16.20 20.70
10.20 19.50 19.80 10.20 4.20 12.90 17.40 26.40 7.20 23.40 10.80 2.10 4.80 2.40 3.30 18.90 11.10 17.40 3.90 22.80
19.50 22.50 11.40 26.70 25.20 8.40 29.40 27.90 7.20 12.00 8.40 25.20 2.10 11.70 25.20 5.70 17.40 21.90 12.60 10.20
12.90 8.40 3.90 3.00 1.20 8.40 0.60 19.20 27.00 6.90 4.20 9.90 0.90 20.10 12.30 19.20 26.10 27.00 27.90 4.20
17.70 1.50 28.80 23.40 20.40 7.50 17.70 29.70 22.80 6.00 24.90 3.00 12.90 3.30 6.90 6.90 9.30 16.20 21.90 9.30
15.90 10.50 18.30 25.80 7.80 19.80 9.00 27.00 27.90 20.70 10.50 8.70 7.80 26.10 2.70 3.30 16.20 18.60 0.90 29.40
3.00 7.80 12.60 21.00 21.90 13.50 17.70 6.00 15.00 29.70 26.10 27.30 24.00 16.80 13.20 19.80 28.20 22.50 15.90 9.00
22.20 19.20 22.80 6.30 6.00 24.30 16.80 2.10 24.60 28.80 2.70 13.80 5.70 26.10 2.10 8.10 28.80 5.70 12.30 15.90
4.80 15.90 24.60 16.50 19.20 16.80 16.80 21.90 10.20 18.30 15.30 12.60 3.60 19.20 25.50 9.30 18.00 15.90 11.70 6.30
16.80 25.50 27.60 14.40 7.20 10.20 28.50 18.30 10.50 23.70 1.80 0.30 18.30 14.40 7.80 13.80 27.90 25.80 12.30 11.10
9.30 28.20 16.50 13.50 7.50 8.40 21.90 10.50 12.00 0.30 21.90 12.90 7.50 25.20 5.10 3.60 16.50 10.50 19.50 19.80
12.90 19.20 21.30 26.10 17.40 13.20 14.40 24.00 29.70 18.30 26.40 21.60 17.40 2.70 14.10 20.10 13.20 17.70 20.70 27.90
18.00 14.40 28.80 6.30 12.90 0.30 23.10 23.40 23.40 21.60 18.60 18.60 3.00 2.10 0.60 12.90 21.90 14.70 18.00 6.30
11.40 19.80 26.70 10.50 20.10 19.50 4.50 11.10 12.00 19.50 23.10 19.50 2.70 11.10 7.20 7.20 21.60 3.90 29.70 19.50
2.70 9.30 25.80 21.90 1.80 19.80 21.90 12.00 29.40 18.30 11.40 21.60 17.10 27.00 23.10 24.30 4.20 17.10 25.80 23.70
16.50 20.40 3.00 3.00 19.20 15.90 28.20 15.00 2.40 10.50 20.70 19.50 25.80 11.10 8.40 15.60 23.40 11.10 7.80 3.30
13.50 8.40 29.70 18.60 2.70 14.40 3.90 15.90 4.50 2.10 11.40 22.20 21.60 22.50 2.40 10.80 4.50 9.90 29.10 25.50
29.40 13.80 28.80 8.70 8.10 19.50 27.60 18.30 19.20 15.60 24.30 17.10 9.60 29.10 2.70 12.30 16.20 17.10 18.60 8.10
11.40 0.90 28.80 25.20 18.00 4.20 7.20 1.80 14.10 28.20 12.60 26.40 24.30 12.00 3.30 8.40 25.20 17.10 14.70 12.30
1.50 25.50 17.70 23.70 3.00 15.30 20.40 13.20 22.80 4.20 3.00 22.80 10.50 8.10 6.00 6.90 19.80 27.30 7.50 13.50
22.20 16.20 16.80 16.50 14.70 2.40 19.20 26.10 22.50 22.20 26.10 20.10 1.20 23.70 1.20 21.90 10.80 27.60 5.10 23.40
6.90 18.60 24.00 10.80 7.80 3.60 9.60 19.80 4.80 5.70 23.40 17.40 18.60 22.50 28.50 4.20 28.20 8.70 8.70 16.80
11.40 25.80 25.20 11.70 29.70 18.90 20.70 4.20 17.10 13.80 6.60 11.10 0.60 21.00 5.70 8.40 12.60 4.50 27.30 26.70
29.70 6.90 16.20 2.10 21.30 2.40 7.20 6.90 6.90 2.70 27.00 19.50 9.30 25.50 25.50 7.80 2.40 19.50 25.50 17.40
19.80 18.30 2.70 15.90 4.80 13.80 16.20 0.30 3.00 12.00 17.10 15.60 29.70 24.30 5.40 24.90 15.30 25.50 16.50 15.30
4.20 27.90 21.30 9.00 28.20 7.20 9.30 24.00 25.80 18.30 1.50 8.70 4.50 19.20 24.60 8.40 16.50 1.80 7.50 6.30
1.50 12.00 26.70 4.80 23.40 27.90 6.00 10.20 27.00 16.80 11.70 28.20 28.80 13.80 13.50 11.40 23.40 12.90 28.20 4.50
2.70 7.50 15.30 15.90 20.10 8.10 17.70 6.60 25.20 6.30 27.00 18.30 6.30 4.50 1.20 2.10 17.40 15.00 14.40 28.20
27.00 8.40 27.90 24.60 24.00 1.20 13.80 12.00 23.10 28.50 26.10 20.70 9.00 6.60 18.30 3.00 6.60 12.90 19.20 8.70
18.00 20.10 27.90 7.50 26.70 18.90 23.70 18.90 27.90 1.80 22.80 18.90 7.20 0.30 10.50 4.20 19.20 22.80 21.90 24.90
14.10 10.50 19.20 29.10 11.70 6.30 22.80 9.30 10.20 28.50 25.20 13.80 17.10 8.70 29.40 15.00 22.80 24.90 14.70 6.90
17.70 6.00 9.30 3.60 21.00 1.20 8.40 9.60 13.50 8.10 11.10 13.80 27.30 0.90 17.70 7.80 3.90 3.00 5.70 6.60
8.10 14.40 18.30 1.80 16.20 27.60 13.80 19.20 21.30 18.90 12.30 19.20 0.30 2.70 23.40 16.20 9.90 25.80 11.10 5.70
16.80 4.50 5.70 20.10 24.00 28.80 11.10 3.90 15.30 14.70 16.20 9.90 16.80 12.30 18.90 29.10 8.40 1.80 12.30 6.90
2.70 15.90 21.00 12.00 3.30 26.10 1.50 0.60 5.70 4.20 6.60 21.60 29.10 0.90 2.40 0.30 5.10 25.80 3.60 3.60
0.30 28.50 8.70 27.60 14.10 3.00 19.80 14.10 8.40 19.80 20.40 1.20 6.60 22.20 25.80 27.30 11.10 3.30 0.30 11.10
9.90 8.40 25.20 0.90 13.50 24.60 23.10 18.00 14.40 0.90 2.70 24.30 8.70 20.70 16.80 27.30 22.50 16.80 27.90 20.40
28.50 21.60 6.60 19.80 9.60 17.10 29.10 21.90 15.60 0.30 9.00 12.00 16.80 19.80 1.80 0.30 9.60 18.60 20.70 7.20
28.20 9.60 17.10 1.50 11.10 14.10 20.40 22.50 18.00 15.00 11.40 5.10 2.40 11.10 27.00 5.40 17.10 5.10 3.00 0.60
9.00 10.80 27.00 1.80 6.00 24.00 20.40 28.50 7.50 0.30 9.60 21.60 25.80 14.70 9.30 1.80 27.90 21.60 13.80 17.70
18.90 24.60 23.10 3.00 24.60 28.50 13.50 10.50 14.10 20.10 16.80 26.40 15.60 9.00 15.60 4.50 5.40 26.10 26.40 3.90
28.80 3.30 7.50 6.30 14.10 12.60 15.60 5.10 24.30 29.10 5.10 17.70 19.50 2.40 28.80 25.20 7.20 11.40 12.90 9.60
7.20 5.70 3.60 21.00 7.80 14.10 9.00 21.00 1.80 12.30 10.80 27.60 6.60 29.70 0.30 13.20 26.10 22.80 3.00 17.40
6.00 8.70 17.10 15.60 16.50 7.20 28.50 1.20 21.90 3.90 12.60 9.00 15.60 15.00 21.90 18.00 19.80 8.40 29.10 18.00
5.10 1.80 4.20 26.70 24.00 26.40 14.70 17.70 28.20 9.00 11.40 12.00 11.40 14.40 12.90 19.50 16.80 14.10 22.50 23.40
23.40 17.40 14.10 19.20 18.90 17.70 17.40 20.40 13.80 15.90 14.40 24.30 25.80 24.30 15.60 0.90 28.50 5.10 12.90 9.30
0.90 27.90 18.00 2.70 12.60 13.20 20.40 22.50 2.10 25.20 7.80 28.20 9.00 7.80 12.90 2.10 11.70 4.80 10.20 23.10
8.70 14.70 19.20 16.50 1.20 17.40 3.30 7.20 15.00 8.70 16.80 13.20 16.50 2.10 23.40 7.80 14.70 24.60 19.80 0.60
2.10 4.20 15.60 22.80 24.00 29.40 13.20 6.30 24.60 6.30 4.80 24.00 26.10 29.70 3.00 15.90 16.50 16.50 18.30 28.20
9.00 11.40 20.40 4.20 18.90 4.50 20.70 6.60 7.80 4.80 11.10 14.40 27.60 20.40 18.90 6.60 24.00 19.50 3.00 22.50
4.50 18.90 23.40 8.40 28.80 0.60 4.80 1.20 28.50 14.70 19.80 0.60 16.50 11.40 20.70 10.80 2.40 18.30 29.70 13.20
19.80 6.90 22.50 19.50 22.20 15.30 0.30 2.40 5.10 5.10 7.20 3.00 13.80 17.70 4.20 16.20 14.70 8.70 2.10 16.50
24.90 28.50 12.60 26.70 19.20 19.50 17.10 0.30 21.30 9.00 18.90 14.40 25.50 12.60 7.80 5.70 21.90 1.50 27.90 26.70
6.90 28.20 19.50 14.10 13.20 11.70 26.10 9.60 15.30 20.70 21.90 21.30 14.10 10.80 23.10 20.10 9.90 3.30 25.50 23.40
24.30 21.60 1.80 0.60 20.10 21.30 2.10 20.40 13.50 9.90 16.80 29.40 8.40 17.70 15.30 1.80 25.50 26.70 26.70 18.90
9.00 21.90 1.50 12.60 10.50 1.80 15.60 9.90 3.00 16.80 9.00 27.60 0.60 15.00 2.40 2.10 12.60 9.90 22.20 15.00
25.20 21.30 16.80 24.00 19.20 3.30 8.10 8.10 5.10 12.30 0.30 7.20 26.10 18.90 9.00 12.60 12.90 28.20 27.60 27.90
19.20 23.40 22.80 2.70 17.40 11.10 9.90 3.30 10.50 19.20 20.70 27.30 3.60 28.80 21.00 18.90 8.10 20.40 21.90 6.30
11.40 2.70 3.60 1.20 10.50 23.70 15.90 17.10 13.80 0.60 24.30 24.90 25.50 20.40 19.20 16.50 1.80 6.30 27.60 2.40
16.50 16.20 12.60 18.90 29.40 12.60 12.00 6.90 5.40 29.70 15.30 2.40 20.70 23.40 22.50 5.40 7.80 18.60 2.70 19.20
21.90 15.60 16.50 27.30 8.70 20.70 21.30 5.10 6.30 26.10 14.40 3.30 13.20 24.60 15.90 4.50 11.10 27.90 1.80 7.80
24.00 14.10 9.30 21.30 2.10 10.20 5.40 12.90 24.00 3.00 17.10 25.80 25.50 24.90 1.20 27.30 13.50 24.30 4.80 25.20
8.40 13.20 16.50 10.20 10.50 1.50 24.90 17.40 23.70 5.40 15.90 0.60 21.30 23.70 27.00 12.90 25.50 13.20 10.20 1.20
3.60 11.40 16.80 22.50 23.70 3.90 1.20 2.10 3.60 11.70 28.20 13.50 9.60 20.10 3.00 16.50 11.70 12.00 25.50 4.20
2.70 14.40 24.30 3.60 21.00 21.00 24.00 9.00 23.10 16.50 24.30 12.00 14.70 4.50 24.90 16.50 16.20 1.80 14.40 14.40
16.20 14.10 10.20 11.40 3.00 14.70 3.30 12.90 7.50 13.80 19.20 19.50 9.30 25.80 8.70 16.80 3.60 29.10 23.70 6.30
0.30 9.00 12.90 2.40 25.20 28.20 10.50 8.70 22.50 28.80 12.90 28.20 0.60 26.10 26.10 1.80 6.00 16.20 23.10 1.20
9.00 5.40 2.40 2.10 1.50 23.70 18.30 12.30 10.50 16.20 21.60 28.80 16.50 6.60 17.40 28.20 18.00 22.80 22.80 29.40
3.60 20.70 13.20 11.40 6.90 27.00 21.60 8.10 24.00 25.20 29.70 29.70 21.30 24.00 9.90 29.10 10.20 6.30 17.10 21.60
15.30 7.50 8.10 17.70 18.60 5.10 27.00 24.00 16.20 29.40 25.50 17.70 27.60 19.20 5.40 6.90 16.50 15.90 10.20 28.80
27.30 8.10 3.90 27.00 22.50 28.20 17.40 12.90 20.70 2.40 10.80 8.10 15.90 10.50 18.30 25.50 7.50 15.60 15.00 7.80
9.00 23.10 13.20 23.40 0.30 6.60 26.70 25.20 6.00 5.40 27.90 3.00 16.80 9.00 4.50 8.70 11.40 10.50 5.10 12.60
0.90 4.50 27.90 15.60 22.50 6.60 9.60 12.00 22.50 27.30 0.90 18.60 27.30 25.20 3.00 16.50 3.60 27.60 27.00 29.70
17.10 19.20 21.90 29.70 27.90 15.30 24.60 19.50 11.40 2.70 14.10 6.60 18.30 26.70 15.60 17.10 11.70 3.60 1.80 6.30
0.60 27.30 13.20 1.50 19.50 29.10 19.80 28.20 3.90 17.10 23.40 21.60 11.70 23.40 28.80 24.60 16.20 27.60 11.40 8.70
24.00 26.10 7.50 1.20 27.90 14.70 20.70 18.90 17.10 25.80 16.80 16.80 25.20 7.20 0.60 12.60 20.40 3.60 12.90 16.50
13.50 18.90 14.40 21.90 25.50 22.50 7.20 12.30 24.00 29.10 3.00 14.40 12.00 12.30 22.50 7.20 14.40 16.80 13.50 28.20
0.60 3.00 25.50 26.10 16.50 8.40 27.00 8.70 19.50 9.30 12.90 6.00 5.40 12.60 12.30 20.40 13.20 8.40 23.10 29.70
4.20 19.20 28.80 6.30 0.60 2.10 19.20 10.80 13.80 3.00 0.30 17.40 5.70 9.60 6.60 15.00 4.50 0.30 18.30 0.30
16.80 7.80 28.80 19.20 15.90 27.30 8.40 28.20 27.30 14.40 10.50 22.20 18.60 18.90 8.70 20.10 11.10 2.10 4.80 21.00
10.80 4.20 29.70 6.00 18.90 3.00 13.20 5.40 17.70 13.50 28.80 23.70 12.30 23.10 6.90 15.30 4.80 9.30 3.90 14.70
7.20 24.60 7.20 23.70 18.30 9.60 6.00 17.70 20.10 25.80 9.60 16.20 7.80 13.80 20.70 15.60 29.40 9.00 1.20 5.10
21.30 3.90 6.60 21.00 2.70 3.00 19.80 9.90 2.70 24.30 25.80 13.80 2.10 18.30 24.60 8.70 22.20 4.50 11.70 17.10
0.60 23.70 28.20 24.30 21.60 21.60 3.90 27.90 0.90 6.30 8.10 29.10 24.30 17.40 8.70 27.00 3.90 13.20 22.20 14.70
9.30 8.10 25.80 12.30 8.10 28.20 6.90 29.10 14.70 12.00 18.00 2.70 7.50 23.10 9.00 17.40 20.40 29.40 25.50 27.60
3.30 16.50 13.50 23.40 29.40 21.60 17.10 29.10 2.10 25.20 2.70 28.80 5.70 3.60 1.50 29.10 17.10 24.00 29.10 4.20
21.00 14.10 3.90 4.20 12.00 8.70 7.20 28.20 11.70 12.00 10.20 20.10 25.50 27.30 25.20 28.20 12.00 23.10 16.80 3.30
18.90 14.10 5.70 5.10 2.70 17.40 5.70 9.30 7.80 14.70 21.90 16.50 6.30 18.90 7.80 1.20 17.70 10.20 8.40 20.10
6.60 25.50 17.10 5.70 15.00 24.60 18.00 9.90 27.90 7.20 7.50 3.30 1.80 25.80 2.10 12.60 6.60 9.30 24.30 9.90
5.40 4.50 6.30 17.70 27.00 14.40 17.10 25.50 7.50 8.40 24.90 15.90 20.40 4.80 27.60 23.70 4.50 1.50 25.20 8.10
3.60 14.10 27.60 3.90 13.80 3.00 15.90 6.30 3.60 7.50 16.20 21.30 7.20 12.30 16.50 29.40 28.20 27.00 4.80 18.60
19.50 15.90 3.60 13.80 22.50 20.40 13.80 24.00 26.40 26.10 3.90 2.40 29.10 28.80 21.90 8.70 8.40 8.10 1.50 17.10
11.40 18.00 18.60 4.50 27.60 18.30 4.20 1.80 21.00 16.20 11.10 18.60 18.90 15.90 27.60 1.80 12.60 11.10 6.90 17.10
16.20 16.80 20.70 18.60 1.50 26.70 27.60 22.50 9.60 25.80 0.90 6.60 3.90 27.00 26.40 19.80 21.60 13.80 21.00 21.60
17.40 0.90 20.70 20.70 14.70 9.60 19.80 19.50 4.20 3.00 0.60 17.10 14.40 0.60 8.10 26.70 27.30 20.40 17.40 20.40
1.80 23.40 27.30 15.30 2.70 1.50 27.30 18.60 9.00 23.70 14.40 19.50 29.40 28.50 3.30 12.60 0.30 1.20 2.70 5.40
11.10 19.80 8.10 22.80 10.20 15.00 3.90 14.40 18.90 6.90 5.10 27.30 7.20 0.90 22.20 25.20 17.40 24.60 24.30 9.90
9.00 17.40 7.50 27.30 28.50 24.90 21.90 6.60 17.40 1.50 22.50 7.20 11.10 24.60 9.90 10.20 20.10 7.80 18.00 27.90
19.50 8.10 24.30 11.40 23.70 11.40 27.60 20.40 8.40 11.70 19.80 2.70 19.20 5.70 1.80 25.20 9.60 6.90 19.50 25.20
