# nJobs | nMachines
200 10
# Job Weights
21
27
81
81
45
33
74
8
48
59
45
62
56
63
30
77
79
6
67
34
89
11
9
89
97
19
42
55
41
92
9
86
77
22
89
15
61
15
23
7
82
3
77
38
86
22
64
67
61
53
96
37
49
52
4
10
53
24
62
43
16
19
33
42
14
83
90
52
1
74
61
63
73
71
70
40
52
71
30
75
6
35
74
50
1
27
66
28
74
22
99
22
36
90
30
74
10
2
25
48
43
34
24
70
39
66
65
71
50
19
82
93
50
95
3
38
53
45
84
87
33
50
52
6
47
46
64
52
7
42
51
51
91
47
2
78
59
33
100
11
4
8
33
3
2
66
35
53
4
81
67
55
13
49
84
7
11
22
16
80
14
12
1
7
43
57
24
37
39
29
3
74
3
90
91
17
69
97
39
71
81
21
13
37
33
99
61
11
80
67
62
35
97
53
13
1
35
8
2
55
# P_bar : m1 | m2 | m3 | m4 | m5 | m6 | m7 | m8 | m9 | m10
91 3 26 16 53 43 43 5 26 20
23 29 31 35 53 78 7 37 50 68
99 65 7 98 66 80 16 23 93 70
12 40 88 8 74 43 2 27 73 50
22 51 75 63 76 75 19 78 76 40
38 79 15 68 6 90 96 86 46 87
26 20 37 18 76 69 38 81 81 59
67 13 10 80 95 39 90 49 9 16
57 12 13 68 11 76 72 88 53 52
2 19 57 46 15 26 80 91 30 60
73 84 68 21 54 71 21 16 30 35
71 15 91 4 47 88 77 25 66 18
54 56 32 95 94 46 55 55 75 1
75 80 28 60 55 42 94 34 32 52
65 69 98 2 63 97 67 93 60 74
28 48 4 56 56 25 73 22 47 95
85 75 77 50 74 37 20 78 26 94
43 7 28 55 93 54 25 43 23 64
40 5 24 31 34 46 1 98 79 31
66 91 54 69 8 46 43 62 36 64
35 25 13 73 62 81 78 3 99 91
84 9 91 35 52 34 61 15 99 37
47 13 69 10 11 90 9 8 53 33
37 18 55 75 50 81 22 2 11 90
65 59 13 49 27 38 43 11 90 58
11 56 98 33 73 27 23 75 14 74
81 57 13 41 87 88 10 65 81 68
32 21 74 65 7 42 22 37 60 87
23 25 46 83 31 76 3 76 86 18
77 78 99 71 63 60 82 8 5 31
17 73 50 37 83 7 80 76 44 72
46 89 50 95 79 38 47 67 84 19
41 3 26 46 19 97 59 95 95 67
85 26 22 34 6 48 96 12 15 69
74 81 5 59 36 28 28 93 75 80
82 24 79 50 31 6 50 73 72 63
87 86 33 65 28 93 8 31 78 20
62 8 41 17 19 8 43 68 74 22
49 66 78 93 80 55 94 46 51 6
93 25 15 91 5 51 78 77 87 86
99 49 78 10 77 65 87 70 50 66
84 87 40 97 5 93 52 60 48 99
45 31 23 42 25 52 6 27 70 59
98 15 68 95 13 36 44 58 62 21
50 99 55 3 87 10 37 25 84 37
77 1 64 86 8 8 11 72 81 26
25 52 11 17 92 50 6 72 52 73
10 46 42 85 89 93 32 11 7 69
69 27 86 4 21 79 70 43 35 28
53 17 16 54 56 54 16 80 93 29
39 8 96 12 49 83 63 74 71 41
62 84 67 10 75 85 39 59 74 26
75 94 97 61 59 33 18 11 81 76
81 36 34 33 70 76 4 76 94 77
24 21 48 70 68 73 32 64 44 48
99 61 55 97 36 54 21 89 33 17
78 8 59 55 9 89 75 12 94 71
6 9 14 78 9 92 3 64 62 5
70 78 86 7 25 58 77 89 57 28
75 19 54 72 2 47 2 87 89 24
22 36 19 90 73 71 53 73 67 47
18 68 60 38 73 99 17 14 5 74
87 61 55 37 32 86 93 38 15 94
37 68 1 30 60 67 57 94 72 99
17 11 28 24 25 34 78 26 79 98
20 90 59 17 12 83 27 20 56 52
84 5 70 76 15 93 3 9 87 12
7 97 51 35 75 20 67 38 14 33
84 35 67 36 56 93 26 77 46 18
79 3 55 26 35 31 67 24 68 77
29 76 20 75 78 22 64 49 90 85
22 9 56 69 15 39 70 95 84 6
29 49 4 67 35 90 47 15 23 45
44 85 30 80 22 99 34 8 10 8
74 10 33 47 10 66 58 22 64 18
2 19 67 40 34 61 56 43 45 19
23 84 52 82 28 86 74 95 54 71
83 71 24 87 49 72 93 87 57 99
79 8 66 86 26 22 84 75 34 26
91 67 18 29 29 2 75 91 28 89
17 23 92 77 66 98 89 77 51 20
80 11 5 10 19 13 64 30 35 67
39 74 58 43 33 34 46 49 82 8
64 32 65 97 9 37 12 4 21 44
30 37 67 37 92 20 52 48 34 7
73 52 80 25 98 18 97 82 46 23
7 69 27 23 35 45 29 18 21 35
53 68 82 28 73 49 49 34 86 32
98 34 49 40 91 58 25 37 15 88
88 9 8 69 69 93 5 27 16 35
92 5 53 31 35 29 30 52 93 90
31 69 18 63 92 98 8 56 21 16
46 41 31 1 79 85 10 29 55 40
92 8 2 92 74 15 66 99 1 51
14 50 17 78 90 28 61 82 52 83
51 18 74 91 90 41 80 35 5 2
77 97 4 36 58 97 52 50 23 8
65 49 53 30 99 53 16 79 54 31
8 57 48 96 27 25 80 83 31 75
32 63 18 18 90 72 88 67 56 37
53 1 52 42 49 69 80 53 11 27
52 73 41 88 19 34 50 16 87 39
87 39 23 28 57 89 24 45 46 38
88 41 87 99 4 15 83 61 70 95
44 87 6 20 7 28 10 62 25 29
20 98 44 31 5 2 59 88 63 49
89 48 47 49 36 54 51 84 87 52
69 39 54 39 89 1 75 3 12 6
73 74 84 9 87 28 66 44 23 26
49 87 31 11 75 94 6 70 40 89
93 88 33 70 38 2 26 26 22 75
7 4 44 13 19 11 86 94 31 30
62 98 25 93 83 78 50 12 79 98
4 19 2 60 64 19 6 54 4 53
54 94 56 12 98 6 87 79 47 66
55 25 72 7 85 48 18 18 73 95
46 46 41 69 84 34 65 55 54 72
37 27 9 19 89 61 48 20 44 89
47 70 87 62 38 3 46 53 45 41
43 85 79 44 52 26 54 25 48 42
20 42 63 25 75 45 70 86 39 95
61 18 40 96 50 83 9 50 76 22
32 92 87 22 77 41 79 79 67 79
85 62 23 61 41 93 81 94 26 93
93 22 3 54 19 33 71 11 75 72
23 38 35 95 91 40 91 26 70 77
73 82 92 72 14 93 80 9 89 46
12 48 55 67 12 76 88 17 49 58
76 23 6 66 82 43 44 99 50 2
38 98 80 44 33 15 33 91 63 71
13 25 27 6 58 41 66 53 73 71
85 73 77 30 8 79 6 49 52 42
79 34 99 42 97 58 77 71 49 5
22 94 63 21 99 41 13 33 81 43
81 10 92 22 27 54 79 31 7 75
75 73 89 65 1 98 99 34 83 54
7 47 16 75 1 89 22 92 70 63
27 95 24 71 15 95 60 92 77 80
87 18 23 92 50 74 30 18 39 97
96 69 52 90 25 82 95 73 61 70
45 29 62 4 85 82 40 33 58 22
94 11 72 94 40 71 55 98 48 85
12 42 36 86 26 2 17 52 34 93
39 98 2 75 93 62 51 19 58 39
59 82 71 61 17 86 24 63 48 18
19 98 62 5 39 79 85 33 29 95
12 86 9 89 72 26 94 59 38 52
85 96 40 27 74 79 4 37 8 26
99 90 93 65 9 51 21 71 88 5
81 24 3 4 66 52 84 93 29 28
5 6 13 98 79 27 91 14 74 46
17 18 34 89 77 8 7 35 70 15
17 43 54 17 10 5 36 6 7 5
30 25 29 20 7 18 41 72 64 83
36 20 71 89 62 10 62 37 26 96
73 34 67 12 30 17 54 34 58 25
87 34 59 96 99 60 65 64 85 64
44 58 77 98 40 50 63 81 65 71
37 47 64 48 44 94 89 77 44 2
12 76 19 37 86 96 81 66 84 40
97 79 63 58 86 20 90 41 56 39
47 66 15 72 97 82 35 78 54 4
7 12 36 73 60 45 91 70 25 47
91 26 53 34 91 72 69 48 93 75
24 95 8 2 87 96 29 8 37 48
76 27 39 27 6 30 76 56 61 39
76 74 38 4 16 29 40 90 16 34
65 4 8 45 6 22 60 36 75 76
97 82 48 1 46 88 28 24 49 38
32 36 56 30 36 26 4 81 82 55
99 38 96 99 87 12 22 85 50 26
83 9 68 75 66 80 91 77 86 4
70 76 47 87 43 14 70 46 5 90
17 69 95 31 15 13 66 89 63 93
88 18 43 81 33 77 41 39 24 60
42 38 54 61 85 7 23 49 32 31
63 72 58 6 55 27 13 40 98 73
54 46 79 22 73 64 58 31 1 79
10 57 3 27 53 71 54 13 95 46
3 45 36 26 35 92 66 30 14 10
5 95 9 28 46 46 6 71 26 14
75 26 78 41 81 92 3 27 25 8
92 70 28 49 57 22 60 68 8 33
13 37 34 32 18 8 71 99 96 58
27 42 12 60 43 6 54 35 23 39
13 31 72 22 84 69 39 38 75 94
35 42 22 79 95 55 69 52 95 74
63 88 54 96 41 13 8 18 9 92
4 22 54 88 81 11 85 92 21 16
46 21 16 61 31 84 72 14 70 68
60 83 18 46 46 61 63 66 16 13
44 31 76 84 39 34 56 18 7 72
88 72 94 80 64 48 1 9 96 27
64 17 56 98 36 44 38 87 54 22
13 50 31 99 37 15 88 60 50 65
82 37 97 97 94 35 94 47 19 28
67 33 18 60 15 40 55 23 62 82
33 90 72 89 7 97 87 10 56 6
64 85 12 5 93 10 82 33 95 58
19 88 83 70 61 50 31 32 56 60
# P_hat : m1 | m2 | m3 | m4 | m5 | m6 | m7 | m8 | m9 | m10
27.30 0.90 7.80 4.80 15.90 12.90 12.90 1.50 7.80 6.00
6.90 8.70 9.30 10.50 15.90 23.40 2.10 11.10 15.00 20.40
29.70 19.50 2.10 29.40 19.80 24.00 4.80 6.90 27.90 21.00
3.60 12.00 26.40 2.40 22.20 12.90 0.60 8.10 21.90 15.00
6.60 15.30 22.50 18.90 22.80 22.50 5.70 23.40 22.80 12.00
11.40 23.70 4.50 20.40 1.80 27.00 28.80 25.80 13.80 26.10
7.80 6.00 11.10 5.40 22.80 20.70 11.40 24.30 24.30 17.70
20.10 3.90 3.00 24.00 28.50 11.70 27.00 14.70 2.70 4.80
17.10 3.60 3.90 20.40 3.30 22.80 21.60 26.40 15.90 15.60
0.60 5.70 17.10 13.80 4.50 7.80 24.00 27.30 9.00 18.00
21.90 25.20 20.40 6.30 16.20 21.30 6.30 4.80 9.00 10.50
21.30 4.50 27.30 1.20 14.10 26.40 23.10 7.50 19.80 5.40
16.20 16.80 9.60 28.50 28.20 13.80 16.50 16.50 22.50 0.30
22.50 24.00 8.40 18.00 16.50 12.60 28.20 10.20 9.60 15.60
19.50 20.70 29.40 0.60 18.90 29.10 20.10 27.90 18.00 22.20
8.40 14.40 1.20 16.80 16.80 7.50 21.90 6.60 14.10 28.50
25.50 22.50 23.10 15.00 22.20 11.10 6.00 23.40 7.80 28.20
12.90 2.10 8.40 16.50 27.90 16.20 7.50 12.90 6.90 19.20
12.00 1.50 7.20 9.30 10.20 13.80 0.30 29.40 23.70 9.30
19.80 27.30 16.20 20.70 2.40 13.80 12.90 18.60 10.80 19.20
10.50 7.50 3.90 21.90 18.60 24.30 23.40 0.90 29.70 27.30
25.20 2.70 27.30 10.50 15.60 10.20 18.30 4.50 29.70 11.10
14.10 3.90 20.70 3.00 3.30 27.00 2.70 2.40 15.90 9.90
11.10 5.40 16.50 22.50 15.00 24.30 6.60 0.60 3.30 27.00
19.50 17.70 3.90 14.70 8.10 11.40 12.90 3.30 27.00 17.40
3.30 16.80 29.40 9.90 21.90 8.10 6.90 22.50 4.20 22.20
24.30 17.10 3.90 12.30 26.10 26.40 3.00 19.50 24.30 20.40
9.60 6.30 22.20 19.50 2.10 12.60 6.60 11.10 18.00 26.10
6.90 7.50 13.80 24.90 9.30 22.80 0.90 22.80 25.80 5.40
23.10 23.40 29.70 21.30 18.90 18.00 24.60 2.40 1.50 9.30
5.10 21.90 15.00 11.10 24.90 2.10 24.00 22.80 13.20 21.60
13.80 26.70 15.00 28.50 23.70 11.40 14.10 20.10 25.20 5.70
12.30 0.90 7.80 13.80 5.70 29.10 17.70 28.50 28.50 20.10
25.50 7.80 6.60 10.20 1.80 14.40 28.80 3.60 4.50 20.70
22.20 24.30 1.50 17.70 10.80 8.40 8.40 27.90 22.50 24.00
24.60 7.20 23.70 15.00 9.30 1.80 15.00 21.90 21.60 18.90
26.10 25.80 9.90 19.50 8.40 27.90 2.40 9.30 23.40 6.00
18.60 2.40 12.30 5.10 5.70 2.40 12.90 20.40 22.20 6.60
14.70 19.80 23.40 27.90 24.00 16.50 28.20 13.80 15.30 1.80
27.90 7.50 4.50 27.30 1.50 15.30 23.40 23.10 26.10 25.80
29.70 14.70 23.40 3.00 23.10 19.50 26.10 21.00 15.00 19.80
25.20 26.10 12.00 29.10 1.50 27.90 15.60 18.00 14.40 29.70
13.50 9.30 6.90 12.60 7.50 15.60 1.80 8.10 21.00 17.70
29.40 4.50 20.40 28.50 3.90 10.80 13.20 17.40 18.60 6.30
15.00 29.70 16.50 0.90 26.10 3.00 11.10 7.50 25.20 11.10
23.10 0.30 19.20 25.80 2.40 2.40 3.30 21.60 24.30 7.80
7.50 15.60 3.30 5.10 27.60 15.00 1.80 21.60 15.60 21.90
3.00 13.80 12.60 25.50 26.70 27.90 9.60 3.30 2.10 20.70
20.70 8.10 25.80 1.20 6.30 23.70 21.00 12.90 10.50 8.40
15.90 5.10 4.80 16.20 16.80 16.20 4.80 24.00 27.90 8.70
11.70 2.40 28.80 3.60 14.70 24.90 18.90 22.20 21.30 12.30
18.60 25.20 20.10 3.00 22.50 25.50 11.70 17.70 22.20 7.80
22.50 28.20 29.10 18.30 17.70 9.90 5.40 3.30 24.30 22.80
24.30 10.80 10.20 9.90 21.00 22.80 1.20 22.80 28.20 23.10
7.20 6.30 14.40 21.00 20.40 21.90 9.60 19.20 13.20 14.40
29.70 18.30 16.50 29.10 10.80 16.20 6.30 26.70 9.90 5.10
23.40 2.40 17.70 16.50 2.70 26.70 22.50 3.60 28.20 21.30
1.80 2.70 4.20 23.40 2.70 27.60 0.90 19.20 18.60 1.50
21.00 23.40 25.80 2.10 7.50 17.40 23.10 26.70 17.10 8.40
22.50 5.70 16.20 21.60 0.60 14.10 0.60 26.10 26.70 7.20
6.60 10.80 5.70 27.00 21.90 21.30 15.90 21.90 20.10 14.10
5.40 20.40 18.00 11.40 21.90 29.70 5.10 4.20 1.50 22.20
26.10 18.30 16.50 11.10 9.60 25.80 27.90 11.40 4.50 28.20
11.10 20.40 0.30 9.00 18.00 20.10 17.10 28.20 21.60 29.70
5.10 3.30 8.40 7.20 7.50 10.20 23.40 7.80 23.70 29.40
6.00 27.00 17.70 5.10 3.60 24.90 8.10 6.00 16.80 15.60
25.20 1.50 21.00 22.80 4.50 27.90 0.90 2.70 26.10 3.60
2.10 29.10 15.30 10.50 22.50 6.00 20.10 11.40 4.20 9.90
25.20 10.50 20.10 10.80 16.80 27.90 7.80 23.10 13.80 5.40
23.70 0.90 16.50 7.80 10.50 9.30 20.10 7.20 20.40 23.10
8.70 22.80 6.00 22.50 23.40 6.60 19.20 14.70 27.00 25.50
6.60 2.70 16.80 20.70 4.50 11.70 21.00 28.50 25.20 1.80
8.70 14.70 1.20 20.10 10.50 27.00 14.10 4.50 6.90 13.50
13.20 25.50 9.00 24.00 6.60 29.70 10.20 2.40 3.00 2.40
22.20 3.00 9.90 14.10 3.00 19.80 17.40 6.60 19.20 5.40
0.60 5.70 20.10 12.00 10.20 18.30 16.80 12.90 13.50 5.70
6.90 25.20 15.60 24.60 8.40 25.80 22.20 28.50 16.20 21.30
24.90 21.30 7.20 26.10 14.70 21.60 27.90 26.10 17.10 29.70
23.70 2.40 19.80 25.80 7.80 6.60 25.20 22.50 10.20 7.80
27.30 20.10 5.40 8.70 8.70 0.60 22.50 27.30 8.40 26.70
5.10 6.90 27.60 23.10 19.80 29.40 26.70 23.10 15.30 6.00
24.00 3.30 1.50 3.00 5.70 3.90 19.20 9.00 10.50 20.10
11.70 22.20 17.40 12.90 9.90 10.20 13.80 14.70 24.60 2.40
19.20 9.60 19.50 29.10 2.70 11.10 3.60 1.20 6.30 13.20
9.00 11.10 20.10 11.10 27.60 6.00 15.60 14.40 10.20 2.10
21.90 15.60 24.00 7.50 29.40 5.40 29.10 24.60 13.80 6.90
2.10 20.70 8.10 6.90 10.50 13.50 8.70 5.40 6.30 10.50
15.90 20.40 24.60 8.40 21.90 14.70 14.70 10.20 25.80 9.60
29.40 10.20 14.70 12.00 27.30 17.40 7.50 11.10 4.50 26.40
26.40 2.70 2.40 20.70 20.70 27.90 1.50 8.10 4.80 10.50
27.60 1.50 15.90 9.30 10.50 8.70 9.00 15.60 27.90 27.00
9.30 20.70 5.40 18.90 27.60 29.40 2.40 16.80 6.30 4.80
13.80 12.30 9.30 0.30 23.70 25.50 3.00 8.70 16.50 12.00
27.60 2.40 0.60 27.60 22.20 4.50 19.80 29.70 0.30 15.30
4.20 15.00 5.10 23.40 27.00 8.40 18.30 24.60 15.60 24.90
15.30 5.40 22.20 27.30 27.00 12.30 24.00 10.50 1.50 0.60
23.10 29.10 1.20 10.80 17.40 29.10 15.60 15.00 6.90 2.40
19.50 14.70 15.90 9.00 29.70 15.90 4.80 23.70 16.20 9.30
2.40 17.10 14.40 28.80 8.10 7.50 24.00 24.90 9.30 22.50
9.60 18.90 5.40 5.40 27.00 21.60 26.40 20.10 16.80 11.10
15.90 0.30 15.60 12.60 14.70 20.70 24.00 15.90 3.30 8.10
15.60 21.90 12.30 26.40 5.70 10.20 15.00 4.80 26.10 11.70
26.10 11.70 6.90 8.40 17.10 26.70 7.20 13.50 13.80 11.40
26.40 12.30 26.10 29.70 1.20 4.50 24.90 18.30 21.00 28.50
13.20 26.10 1.80 6.00 2.10 8.40 3.00 18.60 7.50 8.70
6.00 29.40 13.20 9.30 1.50 0.60 17.70 26.40 18.90 14.70
26.70 14.40 14.10 14.70 10.80 16.20 15.30 25.20 26.10 15.60
20.70 11.70 16.20 11.70 26.70 0.30 22.50 0.90 3.60 1.80
21.90 22.20 25.20 2.70 26.10 8.40 19.80 13.20 6.90 7.80
14.70 26.10 9.30 3.30 22.50 28.20 1.80 21.00 12.00 26.70
27.90 26.40 9.90 21.00 11.40 0.60 7.80 7.80 6.60 22.50
2.10 1.20 13.20 3.90 5.70 3.30 25.80 28.20 9.30 9.00
18.60 29.40 7.50 27.90 24.90 23.40 15.00 3.60 23.70 29.40
1.20 5.70 0.60 18.00 19.20 5.70 1.80 16.20 1.20 15.90
16.20 28.20 16.80 3.60 29.40 1.80 26.10 23.70 14.10 19.80
16.50 7.50 21.60 2.10 25.50 14.40 5.40 5.40 21.90 28.50
13.80 13.80 12.30 20.70 25.20 10.20 19.50 16.50 16.20 21.60
11.10 8.10 2.70 5.70 26.70 18.30 14.40 6.00 13.20 26.70
14.10 21.00 26.10 18.60 11.40 0.90 13.80 15.90 13.50 12.30
12.90 25.50 23.70 13.20 15.60 7.80 16.20 7.50 14.40 12.60
6.00 12.60 18.90 7.50 22.50 13.50 21.00 25.80 11.70 28.50
18.30 5.40 12.00 28.80 15.00 24.90 2.70 15.00 22.80 6.60
9.60 27.60 26.10 6.60 23.10 12.30 23.70 23.70 20.10 23.70
25.50 18.60 6.90 18.30 12.30 27.90 24.30 28.20 7.80 27.90
27.90 6.60 0.90 16.20 5.70 9.90 21.30 3.30 22.50 21.60
6.90 11.40 10.50 28.50 27.30 12.00 27.30 7.80 21.00 23.10
21.90 24.60 27.60 21.60 4.20 27.90 24.00 2.70 26.70 13.80
3.60 14.40 16.50 20.10 3.60 22.80 26.40 5.10 14.70 17.40
22.80 6.90 1.80 19.80 24.60 12.90 13.20 29.70 15.00 0.60
11.40 29.40 24.00 13.20 9.90 4.50 9.90 27.30 18.90 21.30
3.90 7.50 8.10 1.80 17.40 12.30 19.80 15.90 21.90 21.30
25.50 21.90 23.10 9.00 2.40 23.70 1.80 14.70 15.60 12.60
23.70 10.20 29.70 12.60 29.10 17.40 23.10 21.30 14.70 1.50
6.60 28.20 18.90 6.30 29.70 12.30 3.90 9.90 24.30 12.90
24.30 3.00 27.60 6.60 8.10 16.20 23.70 9.30 2.10 22.50
22.50 21.90 26.70 19.50 0.30 29.40 29.70 10.20 24.90 16.20
2.10 14.10 4.80 22.50 0.30 26.70 6.60 27.60 21.00 18.90
8.10 28.50 7.20 21.30 4.50 28.50 18.00 27.60 23.10 24.00
26.10 5.40 6.90 27.60 15.00 22.20 9.00 5.40 11.70 29.10
28.80 20.70 15.60 27.00 7.50 24.60 28.50 21.90 18.30 21.00
13.50 8.70 18.60 1.20 25.50 24.60 12.00 9.90 17.40 6.60
28.20 3.30 21.60 28.20 12.00 21.30 16.50 29.40 14.40 25.50
3.60 12.60 10.80 25.80 7.80 0.60 5.10 15.60 10.20 27.90
11.70 29.40 0.60 22.50 27.90 18.60 15.30 5.70 17.40 11.70
17.70 24.60 21.30 18.30 5.10 25.80 7.20 18.90 14.40 5.40
5.70 29.40 18.60 1.50 11.70 23.70 25.50 9.90 8.70 28.50
3.60 25.80 2.70 26.70 21.60 7.80 28.20 17.70 11.40 15.60
25.50 28.80 12.00 8.10 22.20 23.70 1.20 11.10 2.40 7.80
29.70 27.00 27.90 19.50 2.70 15.30 6.30 21.30 26.40 1.50
24.30 7.20 0.90 1.20 19.80 15.60 25.20 27.90 8.70 8.40
1.50 1.80 3.90 29.40 23.70 8.10 27.30 4.20 22.20 13.80
5.10 5.40 10.20 26.70 23.10 2.40 2.10 10.50 21.00 4.50
5.10 12.90 16.20 5.10 3.00 1.50 10.80 1.80 2.10 1.50
9.00 7.50 8.70 6.00 2.10 5.40 12.30 21.60 19.20 24.90
10.80 6.00 21.30 26.70 18.60 3.00 18.60 11.10 7.80 28.80
21.90 10.20 20.10 3.60 9.00 5.10 16.20 10.20 17.40 7.50
26.10 10.20 17.70 28.80 29.70 18.00 19.50 19.20 25.50 19.20
13.20 17.40 23.10 29.40 12.00 15.00 18.90 24.30 19.50 21.30
11.10 14.10 19.20 14.40 13.20 28.20 26.70 23.10 13.20 0.60
3.60 22.80 5.70 11.10 25.80 28.80 24.30 19.80 25.20 12.00
29.10 23.70 18.90 17.40 25.80 6.00 27.00 12.30 16.80 11.70
14.10 19.80 4.50 21.60 29.10 24.60 10.50 23.40 16.20 1.20
2.10 3.60 10.80 21.90 18.00 13.50 27.30 21.00 7.50 14.10
27.30 7.80 15.90 10.20 27.30 21.60 20.70 14.40 27.90 22.50
7.20 28.50 2.40 0.60 26.10 28.80 8.70 2.40 11.10 14.40
22.80 8.10 11.70 8.10 1.80 9.00 22.80 16.80 18.30 11.70
22.80 22.20 11.40 1.20 4.80 8.70 12.00 27.00 4.80 10.20
19.50 1.20 2.40 13.50 1.80 6.60 18.00 10.80 22.50 22.80
29.10 24.60 14.40 0.30 13.80 26.40 8.40 7.20 14.70 11.40
9.60 10.80 16.80 9.00 10.80 7.80 1.20 24.30 24.60 16.50
29.70 11.40 28.80 29.70 26.10 3.60 6.60 25.50 15.00 7.80
24.90 2.70 20.40 22.50 19.80 24.00 27.30 23.10 25.80 1.20
21.00 22.80 14.10 26.10 12.90 4.20 21.00 13.80 1.50 27.00
5.10 20.70 28.50 9.30 4.50 3.90 19.80 26.70 18.90 27.90
26.40 5.40 12.90 24.30 9.90 23.10 12.30 11.70 7.20 18.00
12.60 11.40 16.20 18.30 25.50 2.10 6.90 14.70 9.60 9.30
18.90 21.60 17.40 1.80 16.50 8.10 3.90 12.00 29.40 21.90
16.20 13.80 23.70 6.60 21.90 19.20 17.40 9.30 0.30 23.70
3.00 17.10 0.90 8.10 15.90 21.30 16.20 3.90 28.50 13.80
0.90 13.50 10.80 7.80 10.50 27.60 19.80 9.00 4.20 3.00
1.50 28.50 2.70 8.40 13.80 13.80 1.80 21.30 7.80 4.20
22.50 7.80 23.40 12.30 24.30 27.60 0.90 8.10 7.50 2.40
27.60 21.00 8.40 14.70 17.10 6.60 18.00 20.40 2.40 9.90
3.90 11.10 10.20 9.60 5.40 2.40 21.30 29.70 28.80 17.40
8.10 12.60 3.60 18.00 12.90 1.80 16.20 10.50 6.90 11.70
3.90 9.30 21.60 6.60 25.20 20.70 11.70 11.40 22.50 28.20
10.50 12.60 6.60 23.70 28.50 16.50 20.70 15.60 28.50 22.20
18.90 26.40 16.20 28.80 12.30 3.90 2.40 5.40 2.70 27.60
1.20 6.60 16.20 26.40 24.30 3.30 25.50 27.60 6.30 4.80
13.80 6.30 4.80 18.30 9.30 25.20 21.60 4.20 21.00 20.40
18.00 24.90 5.40 13.80 13.80 18.30 18.90 19.80 4.80 3.90
13.20 9.30 22.80 25.20 11.70 10.20 16.80 5.40 2.10 21.60
26.40 21.60 28.20 24.00 19.20 14.40 0.30 2.70 28.80 8.10
19.20 5.10 16.80 29.40 10.80 13.20 11.40 26.10 16.20 6.60
3.90 15.00 9.30 29.70 11.10 4.50 26.40 18.00 15.00 19.50
24.60 11.10 29.10 29.10 28.20 10.50 28.20 14.10 5.70 8.40
20.10 9.90 5.40 18.00 4.50 12.00 16.50 6.90 18.60 24.60
9.90 27.00 21.60 26.70 2.10 29.10 26.10 3.00 16.80 1.80
19.20 25.50 3.60 1.50 27.90 3.00 24.60 9.90 28.50 17.40
5.70 26.40 24.90 21.00 18.30 15.00 9.30 9.60 16.80 18.00
