# nJobs | nMachines
20 5
# Job Weights
77
14
86
20
71
63
81
63
11
43
35
46
63
97
44
51
51
100
33
16
# P_bar : m1 | m2 | m3 | m4 | m5
34 5 86 28 8
20 48 35 39 91
57 80 5 55 45
47 43 93 21 55
62 34 74 25 75
40 2 12 88 18
74 87 40 59 59
94 68 95 40 86
9 28 80 90 45
62 84 6 18 89
86 30 92 33 11
13 35 14 10 54
78 42 83 59 38
46 39 49 92 41
83 85 36 15 64
52 34 38 77 98
13 36 43 31 83
70 9 89 85 36
40 96 94 85 61
60 84 33 99 19
# P_hat : m1 | m2 | m3 | m4 | m5
6.80 1.00 17.20 5.60 1.60
4.00 9.60 7.00 7.80 18.20
11.40 16.00 1.00 11.00 9.00
9.40 8.60 18.60 4.20 11.00
12.40 6.80 14.80 5.00 15.00
8.00 0.40 2.40 17.60 3.60
14.80 17.40 8.00 11.80 11.80
18.80 13.60 19.00 8.00 17.20
1.80 5.60 16.00 18.00 9.00
12.40 16.80 1.20 3.60 17.80
17.20 6.00 18.40 6.60 2.20
2.60 7.00 2.80 2.00 10.80
15.60 8.40 16.60 11.80 7.60
9.20 7.80 9.80 18.40 8.20
16.60 17.00 7.20 3.00 12.80
10.40 6.80 7.60 15.40 19.60
2.60 7.20 8.60 6.20 16.60
14.00 1.80 17.80 17.00 7.20
8.00 19.20 18.80 17.00 12.20
12.00 16.80 6.60 19.80 3.80
