# nJobs | nMachines
50 10
# Job Weights
21
27
86
79
69
39
59
47
39
81
51
67
48
7
73
62
51
8
31
36
95
62
85
8
29
24
42
13
62
13
41
48
23
40
68
57
69
7
23
15
32
24
64
76
98
4
59
4
55
98
# P_bar : m1 | m2 | m3 | m4 | m5 | m6 | m7 | m8 | m9 | m10
56 13 24 36 39 26 67 73 53 97
78 78 79 31 33 37 44 48 81 80
92 8 83 87 9 18 73 89 50 16
66 69 40 52 67 42 89 44 4 40
30 42 97 20 41 47 53 56 36 45
26 11 36 86 61 26 57 87 76 64
16 70 61 70 17 30 60 89 10 36
48 21 48 78 76 62 52 72 8 44
30 53 24 99 31 41 42 67 17 98
97 88 71 76 39 59 80 65 28 82
54 2 75 56 25 14 42 97 3 66
62 69 2 71 9 96 45 45 80 69
23 37 26 45 69 31 37 2 14 44
43 78 13 10 75 19 73 68 6 55
21 69 68 34 42 22 44 39 32 68
98 97 32 81 53 80 73 6 20 84
19 53 58 77 26 57 5 24 17 77
17 51 84 92 29 88 78 88 67 77
80 31 19 34 15 73 89 96 67 28
56 76 10 35 41 94 20 17 52 45
32 3 6 5 32 49 94 11 39 9
86 20 79 28 24 7 82 67 93 23
85 32 69 73 63 33 42 81 46 23
88 29 37 65 23 56 31 99 76 28
77 36 13 71 95 81 1 22 78 19
15 34 35 47 88 38 9 26 87 91
48 89 97 98 40 13 5 1 16 75
11 43 45 7 25 14 51 23 19 6
33 48 72 42 12 62 21 41 82 60
72 68 80 71 12 58 31 38 80 12
69 52 24 54 9 5 54 36 28 61
74 39 30 7 69 9 1 50 97 35
48 12 89 90 28 91 3 59 60 81
50 50 72 14 78 16 4 92 8 51
41 48 85 15 1 38 58 55 40 94
88 50 17 63 23 7 30 78 44 57
50 73 35 19 79 94 10 77 72 65
13 99 13 90 25 43 55 25 97 5
74 10 80 72 15 66 6 25 10 26
16 89 50 66 18 94 23 20 4 34
91 13 4 58 3 54 29 87 15 61
40 85 60 60 80 12 63 32 95 63
59 50 55 66 41 34 71 12 4 72
28 52 82 11 15 80 91 52 63 14
61 39 5 83 94 6 94 33 68 43
34 60 93 9 96 72 68 90 28 3
7 89 38 85 6 40 46 81 50 94
22 91 75 68 52 38 12 40 31 54
63 76 40 79 59 36 89 67 38 13
69 28 46 94 51 86 50 84 65 89
# P_hat : m1 | m2 | m3 | m4 | m5 | m6 | m7 | m8 | m9 | m10
11.20 2.60 4.80 7.20 7.80 5.20 13.40 14.60 10.60 19.40
15.60 15.60 15.80 6.20 6.60 7.40 8.80 9.60 16.20 16.00
18.40 1.60 16.60 17.40 1.80 3.60 14.60 17.80 10.00 3.20
13.20 13.80 8.00 10.40 13.40 8.40 17.80 8.80 0.80 8.00
6.00 8.40 19.40 4.00 8.20 9.40 10.60 11.20 7.20 9.00
5.20 2.20 7.20 17.20 12.20 5.20 11.40 17.40 15.20 12.80
3.20 14.00 12.20 14.00 3.40 6.00 12.00 17.80 2.00 7.20
9.60 4.20 9.60 15.60 15.20 12.40 10.40 14.40 1.60 8.80
6.00 10.60 4.80 19.80 6.20 8.20 8.40 13.40 3.40 19.60
19.40 17.60 14.20 15.20 7.80 11.80 16.00 13.00 5.60 16.40
10.80 0.40 15.00 11.20 5.00 2.80 8.40 19.40 0.60 13.20
12.40 13.80 0.40 14.20 1.80 19.20 9.00 9.00 16.00 13.80
4.60 7.40 5.20 9.00 13.80 6.20 7.40 0.40 2.80 8.80
8.60 15.60 2.60 2.00 15.00 3.80 14.60 13.60 1.20 11.00
4.20 13.80 13.60 6.80 8.40 4.40 8.80 7.80 6.40 13.60
19.60 19.40 6.40 16.20 10.60 16.00 14.60 1.20 4.00 16.80
3.80 10.60 11.60 15.40 5.20 11.40 1.00 4.80 3.40 15.40
3.40 10.20 16.80 18.40 5.80 17.60 15.60 17.60 13.40 15.40
16.00 6.20 3.80 6.80 3.00 14.60 17.80 19.20 13.40 5.60
11.20 15.20 2.00 7.00 8.20 18.80 4.00 3.40 10.40 9.00
6.40 0.60 1.20 1.00 6.40 9.80 18.80 2.20 7.80 1.80
17.20 4.00 15.80 5.60 4.80 1.40 16.40 13.40 18.60 4.60
17.00 6.40 13.80 14.60 12.60 6.60 8.40 16.20 9.20 4.60
17.60 5.80 7.40 13.00 4.60 11.20 6.20 19.80 15.20 5.60
15.40 7.20 2.60 14.20 19.00 16.20 0.20 4.40 15.60 3.80
3.00 6.80 7.00 9.40 17.60 7.60 1.80 5.20 17.40 18.20
9.60 17.80 19.40 19.60 8.00 2.60 1.00 0.20 3.20 15.00
2.20 8.60 9.00 1.40 5.00 2.80 10.20 4.60 3.80 1.20
6.60 9.60 14.40 8.40 2.40 12.40 4.20 8.20 16.40 12.00
14.40 13.60 16.00 14.20 2.40 11.60 6.20 7.60 16.00 2.40
13.80 10.40 4.80 10.80 1.80 1.00 10.80 7.20 5.60 12.20
14.80 7.80 6.00 1.40 13.80 1.80 0.20 10.00 19.40 7.00
9.60 2.40 17.80 18.00 5.60 18.20 0.60 11.80 12.00 16.20
10.00 10.00 14.40 2.80 15.60 3.20 0.80 18.40 1.60 10.20
8.20 9.60 17.00 3.00 0.20 7.60 11.60 11.00 8.00 18.80
17.60 10.00 3.40 12.60 4.60 1.40 6.00 15.60 8.80 11.40
10.00 14.60 7.00 3.80 15.80 18.80 2.00 15.40 14.40 13.00
2.60 19.80 2.60 18.00 5.00 8.60 11.00 5.00 19.40 1.00
14.80 2.00 16.00 14.40 3.00 13.20 1.20 5.00 2.00 5.20
3.20 17.80 10.00 13.20 3.60 18.80 4.60 4.00 0.80 6.80
18.20 2.60 0.80 11.60 0.60 10.80 5.80 17.40 3.00 12.20
8.00 17.00 12.00 12.00 16.00 2.40 12.60 6.40 19.00 12.60
11.80 10.00 11.00 13.20 8.20 6.80 14.20 2.40 0.80 14.40
5.60 10.40 16.40 2.20 3.00 16.00 18.20 10.40 12.60 2.80
12.20 7.80 1.00 16.60 18.80 1.20 18.80 6.60 13.60 8.60
6.80 12.00 18.60 1.80 19.20 14.40 13.60 18.00 5.60 0.60
1.40 17.80 7.60 17.00 1.20 8.00 9.20 16.20 10.00 18.80
4.40 18.20 15.00 13.60 10.40 7.60 2.40 8.00 6.20 10.80
12.60 15.20 8.00 15.80 11.80 7.20 17.80 13.40 7.60 2.60
13.80 5.60 9.20 18.80 10.20 17.20 10.00 16.80 13.00 17.80
