# nJobs | nMachines
200 10
# Job Weights
26
20
42
32
9
29
81
4
72
73
11
21
85
22
48
26
58
28
63
53
81
42
62
22
56
36
26
42
4
98
56
87
6
13
94
28
75
66
19
53
15
89
95
30
95
79
64
100
7
29
48
69
95
86
62
83
13
99
38
27
27
17
58
87
22
15
76
16
1
25
85
24
96
50
33
4
4
51
63
33
1
2
43
38
70
49
44
15
2
64
51
29
58
15
70
6
14
43
32
20
21
4
100
34
94
48
21
39
25
67
71
52
75
58
89
58
90
75
16
87
12
49
45
28
1
56
31
77
11
54
97
46
5
96
34
14
54
5
86
13
81
38
78
91
23
48
70
27
11
43
72
25
91
90
65
92
76
43
57
40
43
49
61
71
21
69
12
10
31
58
5
11
25
55
26
92
23
54
29
92
11
27
12
58
50
67
45
42
26
32
48
69
21
69
49
41
97
62
82
81
# P_bar : m1 | m2 | m3 | m4 | m5 | m6 | m7 | m8 | m9 | m10
68 48 71 49 42 91 95 88 92 8
55 64 5 54 58 90 50 74 51 74
10 13 80 4 93 58 81 68 80 55
91 26 22 99 10 87 57 60 46 20
98 55 35 69 27 90 99 9 39 20
1 85 7 85 12 92 13 47 93 25
14 55 98 44 69 31 39 55 85 75
84 59 32 96 34 79 44 84 57 14
84 79 96 43 84 38 55 48 29 3
77 37 1 30 53 84 74 85 25 56
19 54 64 6 6 53 81 45 36 57
80 98 7 21 48 52 60 78 36 77
82 44 44 81 48 56 22 17 1 85
74 36 75 19 48 68 60 58 5 49
8 30 34 21 26 63 11 47 9 47
16 89 42 70 39 36 82 79 32 28
9 76 90 90 97 40 5 45 30 39
36 18 79 16 51 38 14 3 70 97
77 43 43 94 86 39 58 71 11 17
25 12 98 78 49 1 80 21 15 97
72 75 94 52 68 92 14 66 90 62
1 84 65 75 85 7 23 30 76 23
94 37 53 24 21 3 67 19 25 56
58 34 65 36 71 6 29 75 92 95
27 55 3 87 90 20 23 1 8 57
84 56 29 25 45 57 46 30 3 5
34 1 2 96 63 76 36 53 96 75
98 79 12 50 33 61 11 83 4 66
96 12 34 73 38 50 11 72 49 59
52 40 32 39 64 40 92 64 72 87
89 29 19 69 5 38 9 91 67 35
87 17 73 5 94 36 20 93 77 93
68 48 42 76 82 69 8 34 58 47
64 79 59 15 38 46 84 10 24 47
34 91 10 89 68 22 42 3 16 44
57 63 5 16 16 65 7 43 94 56
28 34 51 86 92 11 32 65 58 92
70 15 63 16 50 49 52 57 48 38
95 22 59 21 3 19 69 44 33 24
24 42 48 52 22 56 67 85 89 3
56 36 56 84 75 50 1 19 36 32
95 37 46 44 34 82 9 1 78 22
91 84 80 34 46 34 87 61 26 72
91 77 68 92 38 64 25 80 68 16
32 79 41 5 45 69 36 53 78 60
23 61 86 20 15 94 9 18 67 21
23 90 92 82 97 10 2 74 38 29
32 88 10 45 94 92 99 95 19 81
81 36 46 28 93 25 12 82 86 34
4 21 86 16 53 45 55 96 74 40
53 73 43 24 49 35 84 71 7 88
78 41 53 32 5 19 8 89 56 48
44 91 59 31 18 74 26 36 59 91
97 58 49 70 10 26 72 73 35 93
79 69 77 54 84 54 31 93 80 95
65 90 13 5 21 24 2 38 21 62
80 18 21 57 84 33 56 55 10 10
49 80 39 66 31 93 58 51 18 1
79 96 85 83 68 46 48 77 95 35
30 6 19 61 44 22 60 61 70 74
14 24 24 45 88 68 35 99 91 3
62 11 7 32 5 97 17 67 92 97
5 52 77 1 17 38 5 72 6 87
74 74 86 74 62 84 31 73 90 73
66 78 3 82 32 96 92 19 35 48
34 76 31 86 81 43 49 48 59 43
13 78 82 8 99 99 86 9 73 32
78 51 91 61 83 93 36 52 15 75
97 89 15 73 13 87 85 51 87 90
81 96 25 16 4 49 23 95 93 76
24 49 24 16 61 70 15 7 28 17
32 97 68 33 59 45 62 34 65 81
37 32 47 90 19 56 6 5 2 61
61 48 56 73 57 84 43 74 18 86
4 50 80 7 66 24 61 39 42 87
33 50 54 26 53 37 52 93 22 69
93 70 55 7 72 13 47 79 55 7
39 8 23 97 88 42 69 37 18 38
63 38 68 16 78 18 88 82 39 96
34 24 6 22 61 50 68 98 13 11
77 18 83 45 91 22 69 54 68 86
94 68 53 39 65 67 58 82 99 39
5 43 88 85 12 5 69 56 39 25
90 6 8 90 89 56 47 84 60 98
53 6 97 34 29 33 19 76 68 31
84 13 14 20 67 45 81 58 62 60
36 86 76 55 27 91 54 35 43 42
3 71 4 50 31 86 54 54 40 19
19 15 81 77 66 30 69 74 50 53
59 39 10 35 57 76 65 83 38 22
54 86 23 5 89 85 44 43 10 42
92 28 92 96 91 83 45 4 53 26
96 4 93 72 22 24 11 65 5 67
10 71 69 39 10 54 84 37 30 31
36 96 94 35 36 21 95 28 34 38
88 70 70 15 98 27 90 64 1 79
60 29 30 62 7 54 28 12 6 13
4 24 81 61 48 5 38 48 39 8
42 51 83 1 68 58 83 67 55 87
85 4 81 80 15 3 38 54 23 83
5 4 82 55 11 59 47 74 49 66
62 35 7 68 77 45 99 97 8 44
59 77 92 35 46 53 77 50 56 54
60 99 17 14 96 18 78 26 27 51
13 63 71 85 8 58 84 4 22 79
58 30 80 54 12 47 77 59 94 81
4 52 47 71 61 36 72 32 31 17
29 42 69 71 41 74 37 6 85 19
62 56 23 84 95 10 87 54 2 47
43 98 24 78 68 56 19 47 96 32
5 76 1 50 39 71 93 24 98 27
2 11 62 81 52 14 82 3 60 64
16 13 70 38 76 73 97 99 43 61
99 14 5 23 26 25 81 80 31 74
84 58 79 35 18 25 37 34 66 7
67 45 46 69 5 84 32 13 25 79
14 29 36 33 72 32 78 51 14 50
89 47 20 90 53 80 40 81 77 61
7 74 42 8 30 92 43 22 64 80
65 62 43 19 77 96 85 3 68 42
95 32 98 44 84 1 19 88 59 48
93 55 10 82 10 50 87 50 77 9
13 36 22 50 60 46 11 24 86 32
71 93 97 54 38 80 62 26 87 94
74 26 67 48 64 97 40 96 89 88
99 2 66 16 8 39 57 4 33 3
75 87 39 38 6 99 35 24 90 13
49 61 60 94 89 48 49 71 65 65
88 79 26 74 5 55 58 78 36 94
23 49 43 55 72 33 82 78 77 96
8 66 4 59 70 79 13 88 73 75
8 46 31 81 27 98 99 49 41 15
77 68 11 72 55 1 73 64 28 99
61 61 51 32 66 80 89 72 92 28
15 33 58 5 7 11 7 1 12 45
81 73 74 18 48 16 50 36 76 84
23 87 76 55 38 87 60 94 48 93
18 88 74 78 87 78 23 40 31 94
32 34 74 33 49 16 59 58 2 55
53 43 25 33 71 16 98 65 55 84
8 42 79 43 1 22 21 97 26 60
87 9 62 28 84 28 47 89 25 82
78 32 43 88 55 60 14 10 48 27
30 25 74 74 61 14 89 39 43 76
98 39 4 54 14 26 37 45 1 53
88 45 79 65 13 66 85 93 95 91
11 16 7 44 9 15 83 75 77 26
36 96 69 47 84 41 25 12 28 92
10 7 78 97 87 55 25 55 24 28
3 73 69 53 69 51 63 36 98 45
8 82 44 19 24 12 16 25 93 49
67 12 27 98 54 63 39 71 97 62
18 88 47 96 10 94 10 75 66 45
8 56 35 33 93 14 89 65 47 18
18 20 48 40 92 99 8 56 30 66
9 96 94 46 65 23 71 16 70 52
83 75 69 25 53 97 90 33 20 43
40 34 18 18 80 63 90 66 97 71
21 98 28 40 2 32 30 29 94 23
30 22 99 82 63 99 12 9 29 70
1 52 42 36 24 77 93 88 66 34
87 35 15 86 82 46 83 50 11 31
73 97 76 83 17 18 36 51 22 53
97 88 96 29 33 55 54 21 84 75
13 56 15 21 18 95 28 48 3 51
66 64 72 73 19 64 30 57 89 84
18 93 92 12 18 14 39 1 91 90
4 69 64 79 1 95 25 7 25 20
50 10 12 87 44 42 47 33 39 71
54 31 20 96 4 56 36 29 49 51
89 59 62 88 79 31 64 66 68 60
84 41 86 4 93 78 57 47 93 75
25 38 30 64 17 89 27 59 44 52
82 13 98 9 86 97 62 9 90 84
22 94 69 97 86 11 89 25 93 31
27 68 60 32 90 14 88 50 42 92
44 41 78 9 68 21 21 43 46 27
38 95 38 6 83 74 25 30 68 68
8 57 26 57 89 9 42 68 37 16
15 41 66 86 82 65 15 84 43 14
94 25 59 75 28 33 15 39 89 39
65 19 2 81 20 21 42 95 57 13
67 45 18 46 96 52 66 56 98 52
15 86 76 21 71 76 28 54 46 8
48 6 44 94 92 95 22 8 67 63
41 2 59 97 47 97 64 25 71 98
57 9 52 10 12 79 18 37 81 92
63 20 86 35 93 86 73 11 65 87
76 32 53 81 51 58 64 55 53 98
11 61 97 31 54 93 35 80 78 33
66 48 15 48 38 89 59 2 3 11
65 77 61 20 15 88 37 35 52 35
46 43 96 97 19 70 36 38 97 28
6 83 89 35 73 45 29 15 19 56
63 88 22 65 98 19 56 18 61 3
72 3 69 52 33 26 38 22 5 72
6 36 76 85 34 16 69 6 76 93
40 13 7 11 10 10 25 55 66 53
95 42 33 77 9 45 55 99 60 43
12 24 93 18 77 98 84 62 49 91
# P_hat : m1 | m2 | m3 | m4 | m5 | m6 | m7 | m8 | m9 | m10
6.80 4.80 7.10 4.90 4.20 9.10 9.50 8.80 9.20 0.80
5.50 6.40 0.50 5.40 5.80 9.00 5.00 7.40 5.10 7.40
1.00 1.30 8.00 0.40 9.30 5.80 8.10 6.80 8.00 5.50
9.10 2.60 2.20 9.90 1.00 8.70 5.70 6.00 4.60 2.00
9.80 5.50 3.50 6.90 2.70 9.00 9.90 0.90 3.90 2.00
0.10 8.50 0.70 8.50 1.20 9.20 1.30 4.70 9.30 2.50
1.40 5.50 9.80 4.40 6.90 3.10 3.90 5.50 8.50 7.50
8.40 5.90 3.20 9.60 3.40 7.90 4.40 8.40 5.70 1.40
8.40 7.90 9.60 4.30 8.40 3.80 5.50 4.80 2.90 0.30
7.70 3.70 0.10 3.00 5.30 8.40 7.40 8.50 2.50 5.60
1.90 5.40 6.40 0.60 0.60 5.30 8.10 4.50 3.60 5.70
8.00 9.80 0.70 2.10 4.80 5.20 6.00 7.80 3.60 7.70
8.20 4.40 4.40 8.10 4.80 5.60 2.20 1.70 0.10 8.50
7.40 3.60 7.50 1.90 4.80 6.80 6.00 5.80 0.50 4.90
0.80 3.00 3.40 2.10 2.60 6.30 1.10 4.70 0.90 4.70
1.60 8.90 4.20 7.00 3.90 3.60 8.20 7.90 3.20 2.80
0.90 7.60 9.00 9.00 9.70 4.00 0.50 4.50 3.00 3.90
3.60 1.80 7.90 1.60 5.10 3.80 1.40 0.30 7.00 9.70
7.70 4.30 4.30 9.40 8.60 3.90 5.80 7.10 1.10 1.70
2.50 1.20 9.80 7.80 4.90 0.10 8.00 2.10 1.50 9.70
7.20 7.50 9.40 5.20 6.80 9.20 1.40 6.60 9.00 6.20
0.10 8.40 6.50 7.50 8.50 0.70 2.30 3.00 7.60 2.30
9.40 3.70 5.30 2.40 2.10 0.30 6.70 1.90 2.50 5.60
5.80 3.40 6.50 3.60 7.10 0.60 2.90 7.50 9.20 9.50
2.70 5.50 0.30 8.70 9.00 2.00 2.30 0.10 0.80 5.70
8.40 5.60 2.90 2.50 4.50 5.70 4.60 3.00 0.30 0.50
3.40 0.10 0.20 9.60 6.30 7.60 3.60 5.30 9.60 7.50
9.80 7.90 1.20 5.00 3.30 6.10 1.10 8.30 0.40 6.60
9.60 1.20 3.40 7.30 3.80 5.00 1.10 7.20 4.90 5.90
5.20 4.00 3.20 3.90 6.40 4.00 9.20 6.40 7.20 8.70
8.90 2.90 1.90 6.90 0.50 3.80 0.90 9.10 6.70 3.50
8.70 1.70 7.30 0.50 9.40 3.60 2.00 9.30 7.70 9.30
6.80 4.80 4.20 7.60 8.20 6.90 0.80 3.40 5.80 4.70
6.40 7.90 5.90 1.50 3.80 4.60 8.40 1.00 2.40 4.70
3.40 9.10 1.00 8.90 6.80 2.20 4.20 0.30 1.60 4.40
5.70 6.30 0.50 1.60 1.60 6.50 0.70 4.30 9.40 5.60
2.80 3.40 5.10 8.60 9.20 1.10 3.20 6.50 5.80 9.20
7.00 1.50 6.30 1.60 5.00 4.90 5.20 5.70 4.80 3.80
9.50 2.20 5.90 2.10 0.30 1.90 6.90 4.40 3.30 2.40
2.40 4.20 4.80 5.20 2.20 5.60 6.70 8.50 8.90 0.30
5.60 3.60 5.60 8.40 7.50 5.00 0.10 1.90 3.60 3.20
9.50 3.70 4.60 4.40 3.40 8.20 0.90 0.10 7.80 2.20
9.10 8.40 8.00 3.40 4.60 3.40 8.70 6.10 2.60 7.20
9.10 7.70 6.80 9.20 3.80 6.40 2.50 8.00 6.80 1.60
3.20 7.90 4.10 0.50 4.50 6.90 3.60 5.30 7.80 6.00
2.30 6.10 8.60 2.00 1.50 9.40 0.90 1.80 6.70 2.10
2.30 9.00 9.20 8.20 9.70 1.00 0.20 7.40 3.80 2.90
3.20 8.80 1.00 4.50 9.40 9.20 9.90 9.50 1.90 8.10
8.10 3.60 4.60 2.80 9.30 2.50 1.20 8.20 8.60 3.40
0.40 2.10 8.60 1.60 5.30 4.50 5.50 9.60 7.40 4.00
5.30 7.30 4.30 2.40 4.90 3.50 8.40 7.10 0.70 8.80
7.80 4.10 5.30 3.20 0.50 1.90 0.80 8.90 5.60 4.80
4.40 9.10 5.90 3.10 1.80 7.40 2.60 3.60 5.90 9.10
9.70 5.80 4.90 7.00 1.00 2.60 7.20 7.30 3.50 9.30
7.90 6.90 7.70 5.40 8.40 5.40 3.10 9.30 8.00 9.50
6.50 9.00 1.30 0.50 2.10 2.40 0.20 3.80 2.10 6.20
8.00 1.80 2.10 5.70 8.40 3.30 5.60 5.50 1.00 1.00
4.90 8.00 3.90 6.60 3.10 9.30 5.80 5.10 1.80 0.10
7.90 9.60 8.50 8.30 6.80 4.60 4.80 7.70 9.50 3.50
3.00 0.60 1.90 6.10 4.40 2.20 6.00 6.10 7.00 7.40
1.40 2.40 2.40 4.50 8.80 6.80 3.50 9.90 9.10 0.30
6.20 1.10 0.70 3.20 0.50 9.70 1.70 6.70 9.20 9.70
0.50 5.20 7.70 0.10 1.70 3.80 0.50 7.20 0.60 8.70
7.40 7.40 8.60 7.40 6.20 8.40 3.10 7.30 9.00 7.30
6.60 7.80 0.30 8.20 3.20 9.60 9.20 1.90 3.50 4.80
3.40 7.60 3.10 8.60 8.10 4.30 4.90 4.80 5.90 4.30
1.30 7.80 8.20 0.80 9.90 9.90 8.60 0.90 7.30 3.20
7.80 5.10 9.10 6.10 8.30 9.30 3.60 5.20 1.50 7.50
9.70 8.90 1.50 7.30 1.30 8.70 8.50 5.10 8.70 9.00
8.10 9.60 2.50 1.60 0.40 4.90 2.30 9.50 9.30 7.60
2.40 4.90 2.40 1.60 6.10 7.00 1.50 0.70 2.80 1.70
3.20 9.70 6.80 3.30 5.90 4.50 6.20 3.40 6.50 8.10
3.70 3.20 4.70 9.00 1.90 5.60 0.60 0.50 0.20 6.10
6.10 4.80 5.60 7.30 5.70 8.40 4.30 7.40 1.80 8.60
0.40 5.00 8.00 0.70 6.60 2.40 6.10 3.90 4.20 8.70
3.30 5.00 5.40 2.60 5.30 3.70 5.20 9.30 2.20 6.90
9.30 7.00 5.50 0.70 7.20 1.30 4.70 7.90 5.50 0.70
3.90 0.80 2.30 9.70 8.80 4.20 6.90 3.70 1.80 3.80
6.30 3.80 6.80 1.60 7.80 1.80 8.80 8.20 3.90 9.60
3.40 2.40 0.60 2.20 6.10 5.00 6.80 9.80 1.30 1.10
7.70 1.80 8.30 4.50 9.10 2.20 6.90 5.40 6.80 8.60
9.40 6.80 5.30 3.90 6.50 6.70 5.80 8.20 9.90 3.90
0.50 4.30 8.80 8.50 1.20 0.50 6.90 5.60 3.90 2.50
9.00 0.60 0.80 9.00 8.90 5.60 4.70 8.40 6.00 9.80
5.30 0.60 9.70 3.40 2.90 3.30 1.90 7.60 6.80 3.10
8.40 1.30 1.40 2.00 6.70 4.50 8.10 5.80 6.20 6.00
3.60 8.60 7.60 5.50 2.70 9.10 5.40 3.50 4.30 4.20
0.30 7.10 0.40 5.00 3.10 8.60 5.40 5.40 4.00 1.90
1.90 1.50 8.10 7.70 6.60 3.00 6.90 7.40 5.00 5.30
5.90 3.90 1.00 3.50 5.70 7.60 6.50 8.30 3.80 2.20
5.40 8.60 2.30 0.50 8.90 8.50 4.40 4.30 1.00 4.20
9.20 2.80 9.20 9.60 9.10 8.30 4.50 0.40 5.30 2.60
9.60 0.40 9.30 7.20 2.20 2.40 1.10 6.50 0.50 6.70
1.00 7.10 6.90 3.90 1.00 5.40 8.40 3.70 3.00 3.10
3.60 9.60 9.40 3.50 3.60 2.10 9.50 2.80 3.40 3.80
8.80 7.00 7.00 1.50 9.80 2.70 9.00 6.40 0.10 7.90
6.00 2.90 3.00 6.20 0.70 5.40 2.80 1.20 0.60 1.30
0.40 2.40 8.10 6.10 4.80 0.50 3.80 4.80 3.90 0.80
4.20 5.10 8.30 0.10 6.80 5.80 8.30 6.70 5.50 8.70
8.50 0.40 8.10 8.00 1.50 0.30 3.80 5.40 2.30 8.30
0.50 0.40 8.20 5.50 1.10 5.90 4.70 7.40 4.90 6.60
6.20 3.50 0.70 6.80 7.70 4.50 9.90 9.70 0.80 4.40
5.90 7.70 9.20 3.50 4.60 5.30 7.70 5.00 5.60 5.40
6.00 9.90 1.70 1.40 9.60 1.80 7.80 2.60 2.70 5.10
1.30 6.30 7.10 8.50 0.80 5.80 8.40 0.40 2.20 7.90
5.80 3.00 8.00 5.40 1.20 4.70 7.70 5.90 9.40 8.10
0.40 5.20 4.70 7.10 6.10 3.60 7.20 3.20 3.10 1.70
2.90 4.20 6.90 7.10 4.10 7.40 3.70 0.60 8.50 1.90
6.20 5.60 2.30 8.40 9.50 1.00 8.70 5.40 0.20 4.70
4.30 9.80 2.40 7.80 6.80 5.60 1.90 4.70 9.60 3.20
0.50 7.60 0.10 5.00 3.90 7.10 9.30 2.40 9.80 2.70
0.20 1.10 6.20 8.10 5.20 1.40 8.20 0.30 6.00 6.40
1.60 1.30 7.00 3.80 7.60 7.30 9.70 9.90 4.30 6.10
9.90 1.40 0.50 2.30 2.60 2.50 8.10 8.00 3.10 7.40
8.40 5.80 7.90 3.50 1.80 2.50 3.70 3.40 6.60 0.70
6.70 4.50 4.60 6.90 0.50 8.40 3.20 1.30 2.50 7.90
1.40 2.90 3.60 3.30 7.20 3.20 7.80 5.10 1.40 5.00
8.90 4.70 2.00 9.00 5.30 8.00 4.00 8.10 7.70 6.10
0.70 7.40 4.20 0.80 3.00 9.20 4.30 2.20 6.40 8.00
6.50 6.20 4.30 1.90 7.70 9.60 8.50 0.30 6.80 4.20
9.50 3.20 9.80 4.40 8.40 0.10 1.90 8.80 5.90 4.80
9.30 5.50 1.00 8.20 1.00 5.00 8.70 5.00 7.70 0.90
1.30 3.60 2.20 5.00 6.00 4.60 1.10 2.40 8.60 3.20
7.10 9.30 9.70 5.40 3.80 8.00 6.20 2.60 8.70 9.40
7.40 2.60 6.70 4.80 6.40 9.70 4.00 9.60 8.90 8.80
9.90 0.20 6.60 1.60 0.80 3.90 5.70 0.40 3.30 0.30
7.50 8.70 3.90 3.80 0.60 9.90 3.50 2.40 9.00 1.30
4.90 6.10 6.00 9.40 8.90 4.80 4.90 7.10 6.50 6.50
8.80 7.90 2.60 7.40 0.50 5.50 5.80 7.80 3.60 9.40
2.30 4.90 4.30 5.50 7.20 3.30 8.20 7.80 7.70 9.60
0.80 6.60 0.40 5.90 7.00 7.90 1.30 8.80 7.30 7.50
0.80 4.60 3.10 8.10 2.70 9.80 9.90 4.90 4.10 1.50
7.70 6.80 1.10 7.20 5.50 0.10 7.30 6.40 2.80 9.90
6.10 6.10 5.10 3.20 6.60 8.00 8.90 7.20 9.20 2.80
1.50 3.30 5.80 0.50 0.70 1.10 0.70 0.10 1.20 4.50
8.10 7.30 7.40 1.80 4.80 1.60 5.00 3.60 7.60 8.40
2.30 8.70 7.60 5.50 3.80 8.70 6.00 9.40 4.80 9.30
1.80 8.80 7.40 7.80 8.70 7.80 2.30 4.00 3.10 9.40
3.20 3.40 7.40 3.30 4.90 1.60 5.90 5.80 0.20 5.50
5.30 4.30 2.50 3.30 7.10 1.60 9.80 6.50 5.50 8.40
0.80 4.20 7.90 4.30 0.10 2.20 2.10 9.70 2.60 6.00
8.70 0.90 6.20 2.80 8.40 2.80 4.70 8.90 2.50 8.20
7.80 3.20 4.30 8.80 5.50 6.00 1.40 1.00 4.80 2.70
3.00 2.50 7.40 7.40 6.10 1.40 8.90 3.90 4.30 7.60
9.80 3.90 0.40 5.40 1.40 2.60 3.70 4.50 0.10 5.30
8.80 4.50 7.90 6.50 1.30 6.60 8.50 9.30 9.50 9.10
1.10 1.60 0.70 4.40 0.90 1.50 8.30 7.50 7.70 2.60
3.60 9.60 6.90 4.70 8.40 4.10 2.50 1.20 2.80 9.20
1.00 0.70 7.80 9.70 8.70 5.50 2.50 5.50 2.40 2.80
0.30 7.30 6.90 5.30 6.90 5.10 6.30 3.60 9.80 4.50
0.80 8.20 4.40 1.90 2.40 1.20 1.60 2.50 9.30 4.90
6.70 1.20 2.70 9.80 5.40 6.30 3.90 7.10 9.70 6.20
1.80 8.80 4.70 9.60 1.00 9.40 1.00 7.50 6.60 4.50
0.80 5.60 3.50 3.30 9.30 1.40 8.90 6.50 4.70 1.80
1.80 2.00 4.80 4.00 9.20 9.90 0.80 5.60 3.00 6.60
0.90 9.60 9.40 4.60 6.50 2.30 7.10 1.60 7.00 5.20
8.30 7.50 6.90 2.50 5.30 9.70 9.00 3.30 2.00 4.30
4.00 3.40 1.80 1.80 8.00 6.30 9.00 6.60 9.70 7.10
2.10 9.80 2.80 4.00 0.20 3.20 3.00 2.90 9.40 2.30
3.00 2.20 9.90 8.20 6.30 9.90 1.20 0.90 2.90 7.00
0.10 5.20 4.20 3.60 2.40 7.70 9.30 8.80 6.60 3.40
8.70 3.50 1.50 8.60 8.20 4.60 8.30 5.00 1.10 3.10
7.30 9.70 7.60 8.30 1.70 1.80 3.60 5.10 2.20 5.30
9.70 8.80 9.60 2.90 3.30 5.50 5.40 2.10 8.40 7.50
1.30 5.60 1.50 2.10 1.80 9.50 2.80 4.80 0.30 5.10
6.60 6.40 7.20 7.30 1.90 6.40 3.00 5.70 8.90 8.40
1.80 9.30 9.20 1.20 1.80 1.40 3.90 0.10 9.10 9.00
0.40 6.90 6.40 7.90 0.10 9.50 2.50 0.70 2.50 2.00
5.00 1.00 1.20 8.70 4.40 4.20 4.70 3.30 3.90 7.10
5.40 3.10 2.00 9.60 0.40 5.60 3.60 2.90 4.90 5.10
8.90 5.90 6.20 8.80 7.90 3.10 6.40 6.60 6.80 6.00
8.40 4.10 8.60 0.40 9.30 7.80 5.70 4.70 9.30 7.50
2.50 3.80 3.00 6.40 1.70 8.90 2.70 5.90 4.40 5.20
8.20 1.30 9.80 0.90 8.60 9.70 6.20 0.90 9.00 8.40
2.20 9.40 6.90 9.70 8.60 1.10 8.90 2.50 9.30 3.10
2.70 6.80 6.00 3.20 9.00 1.40 8.80 5.00 4.20 9.20
4.40 4.10 7.80 0.90 6.80 2.10 2.10 4.30 4.60 2.70
3.80 9.50 3.80 0.60 8.30 7.40 2.50 3.00 6.80 6.80
0.80 5.70 2.60 5.70 8.90 0.90 4.20 6.80 3.70 1.60
1.50 4.10 6.60 8.60 8.20 6.50 1.50 8.40 4.30 1.40
9.40 2.50 5.90 7.50 2.80 3.30 1.50 3.90 8.90 3.90
6.50 1.90 0.20 8.10 2.00 2.10 4.20 9.50 5.70 1.30
6.70 4.50 1.80 4.60 9.60 5.20 6.60 5.60 9.80 5.20
1.50 8.60 7.60 2.10 7.10 7.60 2.80 5.40 4.60 0.80
4.80 0.60 4.40 9.40 9.20 9.50 2.20 0.80 6.70 6.30
4.10 0.20 5.90 9.70 4.70 9.70 6.40 2.50 7.10 9.80
5.70 0.90 5.20 1.00 1.20 7.90 1.80 3.70 8.10 9.20
6.30 2.00 8.60 3.50 9.30 8.60 7.30 1.10 6.50 8.70
7.60 3.20 5.30 8.10 5.10 5.80 6.40 5.50 5.30 9.80
1.10 6.10 9.70 3.10 5.40 9.30 3.50 8.00 7.80 3.30
6.60 4.80 1.50 4.80 3.80 8.90 5.90 0.20 0.30 1.10
6.50 7.70 6.10 2.00 1.50 8.80 3.70 3.50 5.20 3.50
4.60 4.30 9.60 9.70 1.90 7.00 3.60 3.80 9.70 2.80
0.60 8.30 8.90 3.50 7.30 4.50 2.90 1.50 1.90 5.60
6.30 8.80 2.20 6.50 9.80 1.90 5.60 1.80 6.10 0.30
7.20 0.30 6.90 5.20 3.30 2.60 3.80 2.20 0.50 7.20
0.60 3.60 7.60 8.50 3.40 1.60 6.90 0.60 7.60 9.30
4.00 1.30 0.70 1.10 1.00 1.00 2.50 5.50 6.60 5.30
9.50 4.20 3.30 7.70 0.90 4.50 5.50 9.90 6.00 4.30
1.20 2.40 9.30 1.80 7.70 9.80 8.40 6.20 4.90 9.10
