# nJobs | nMachines
50 10
# Job Weights
21
27
86
79
69
39
59
47
39
81
51
67
48
7
73
62
51
8
31
36
95
62
85
8
29
24
42
13
62
13
41
48
23
40
68
57
69
7
23
15
32
24
64
76
98
4
59
4
55
98
# P_bar : m1 | m2 | m3 | m4 | m5 | m6 | m7 | m8 | m9 | m10
56 13 24 36 39 26 67 73 53 97
78 78 79 31 33 37 44 48 81 80
92 8 83 87 9 18 73 89 50 16
66 69 40 52 67 42 89 44 4 40
30 42 97 20 41 47 53 56 36 45
26 11 36 86 61 26 57 87 76 64
16 70 61 70 17 30 60 89 10 36
48 21 48 78 76 62 52 72 8 44
30 53 24 99 31 41 42 67 17 98
97 88 71 76 39 59 80 65 28 82
54 2 75 56 25 14 42 97 3 66
62 69 2 71 9 96 45 45 80 69
23 37 26 45 69 31 37 2 14 44
43 78 13 10 75 19 73 68 6 55
21 69 68 34 42 22 44 39 32 68
98 97 32 81 53 80 73 6 20 84
19 53 58 77 26 57 5 24 17 77
17 51 84 92 29 88 78 88 67 77
80 31 19 34 15 73 89 96 67 28
56 76 10 35 41 94 20 17 52 45
32 3 6 5 32 49 94 11 39 9
86 20 79 28 24 7 82 67 93 23
85 32 69 73 63 33 42 81 46 23
88 29 37 65 23 56 31 99 76 28
77 36 13 71 95 81 1 22 78 19
15 34 35 47 88 38 9 26 87 91
48 89 97 98 40 13 5 1 16 75
11 43 45 7 25 14 51 23 19 6
33 48 72 42 12 62 21 41 82 60
72 68 80 71 12 58 31 38 80 12
69 52 24 54 9 5 54 36 28 61
74 39 30 7 69 9 1 50 97 35
48 12 89 90 28 91 3 59 60 81
50 50 72 14 78 16 4 92 8 51
41 48 85 15 1 38 58 55 40 94
88 50 17 63 23 7 30 78 44 57
50 73 35 19 79 94 10 77 72 65
13 99 13 90 25 43 55 25 97 5
74 10 80 72 15 66 6 25 10 26
16 89 50 66 18 94 23 20 4 34
91 13 4 58 3 54 29 87 15 61
40 85 60 60 80 12 63 32 95 63
59 50 55 66 41 34 71 12 4 72
28 52 82 11 15 80 91 52 63 14
61 39 5 83 94 6 94 33 68 43
34 60 93 9 96 72 68 90 28 3
7 89 38 85 6 40 46 81 50 94
22 91 75 68 52 38 12 40 31 54
63 76 40 79 59 36 89 67 38 13
69 28 46 94 51 86 50 84 65 89
# P_hat : m1 | m2 | m3 | m4 | m5 | m6 | m7 | m8 | m9 | m10
5.60 1.30 2.40 3.60 3.90 2.60 6.70 7.30 5.30 9.70
7.80 7.80 7.90 3.10 3.30 3.70 4.40 4.80 8.10 8.00
9.20 0.80 8.30 8.70 0.90 1.80 7.30 8.90 5.00 1.60
6.60 6.90 4.00 5.20 6.70 4.20 8.90 4.40 0.40 4.00
3.00 4.20 9.70 2.00 4.10 4.70 5.30 5.60 3.60 4.50
2.60 1.10 3.60 8.60 6.10 2.60 5.70 8.70 7.60 6.40
1.60 7.00 6.10 7.00 1.70 3.00 6.00 8.90 1.00 3.60
4.80 2.10 4.80 7.80 7.60 6.20 5.20 7.20 0.80 4.40
3.00 5.30 2.40 9.90 3.10 4.10 4.20 6.70 1.70 9.80
9.70 8.80 7.10 7.60 3.90 5.90 8.00 6.50 2.80 8.20
5.40 0.20 7.50 5.60 2.50 1.40 4.20 9.70 0.30 6.60
6.20 6.90 0.20 7.10 0.90 9.60 4.50 4.50 8.00 6.90
2.30 3.70 2.60 4.50 6.90 3.10 3.70 0.20 1.40 4.40
4.30 7.80 1.30 1.00 7.50 1.90 7.30 6.80 0.60 5.50
2.10 6.90 6.80 3.40 4.20 2.20 4.40 3.90 3.20 6.80
9.80 9.70 3.20 8.10 5.30 8.00 7.30 0.60 2.00 8.40
1.90 5.30 5.80 7.70 2.60 5.70 0.50 2.40 1.70 7.70
1.70 5.10 8.40 9.20 2.90 8.80 7.80 8.80 6.70 7.70
8.00 3.10 1.90 3.40 1.50 7.30 8.90 9.60 6.70 2.80
5.60 7.60 1.00 3.50 4.10 9.40 2.00 1.70 5.20 4.50
3.20 0.30 0.60 0.50 3.20 4.90 9.40 1.10 3.90 0.90
8.60 2.00 7.90 2.80 2.40 0.70 8.20 6.70 9.30 2.30
8.50 3.20 6.90 7.30 6.30 3.30 4.20 8.10 4.60 2.30
8.80 2.90 3.70 6.50 2.30 5.60 3.10 9.90 7.60 2.80
7.70 3.60 1.30 7.10 9.50 8.10 0.10 2.20 7.80 1.90
1.50 3.40 3.50 4.70 8.80 3.80 0.90 2.60 8.70 9.10
4.80 8.90 9.70 9.80 4.00 1.30 0.50 0.10 1.60 7.50
1.10 4.30 4.50 0.70 2.50 1.40 5.10 2.30 1.90 0.60
3.30 4.80 7.20 4.20 1.20 6.20 2.10 4.10 8.20 6.00
7.20 6.80 8.00 7.10 1.20 5.80 3.10 3.80 8.00 1.20
6.90 5.20 2.40 5.40 0.90 0.50 5.40 3.60 2.80 6.10
7.40 3.90 3.00 0.70 6.90 0.90 0.10 5.00 9.70 3.50
4.80 1.20 8.90 9.00 2.80 9.10 0.30 5.90 6.00 8.10
5.00 5.00 7.20 1.40 7.80 1.60 0.40 9.20 0.80 5.10
4.10 4.80 8.50 1.50 0.10 3.80 5.80 5.50 4.00 9.40
8.80 5.00 1.70 6.30 2.30 0.70 3.00 7.80 4.40 5.70
5.00 7.30 3.50 1.90 7.90 9.40 1.00 7.70 7.20 6.50
1.30 9.90 1.30 9.00 2.50 4.30 5.50 2.50 9.70 0.50
7.40 1.00 8.00 7.20 1.50 6.60 0.60 2.50 1.00 2.60
1.60 8.90 5.00 6.60 1.80 9.40 2.30 2.00 0.40 3.40
9.10 1.30 0.40 5.80 0.30 5.40 2.90 8.70 1.50 6.10
4.00 8.50 6.00 6.00 8.00 1.20 6.30 3.20 9.50 6.30
5.90 5.00 5.50 6.60 4.10 3.40 7.10 1.20 0.40 7.20
2.80 5.20 8.20 1.10 1.50 8.00 9.10 5.20 6.30 1.40
6.10 3.90 0.50 8.30 9.40 0.60 9.40 3.30 6.80 4.30
3.40 6.00 9.30 0.90 9.60 7.20 6.80 9.00 2.80 0.30
0.70 8.90 3.80 8.50 0.60 4.00 4.60 8.10 5.00 9.40
2.20 9.10 7.50 6.80 5.20 3.80 1.20 4.00 3.10 5.40
6.30 7.60 4.00 7.90 5.90 3.60 8.90 6.70 3.80 1.30
6.90 2.80 4.60 9.40 5.10 8.60 5.00 8.40 6.50 8.90
