# nJobs | nMachines
20 20
# Job Weights
65
21
11
59
36
61
90
44
36
18
90
97
68
39
55
78
12
97
51
20
# P_bar : m1 | m2 | m3 | m4 | m5 | m6 | m7 | m8 | m9 | m10 | m11 | m12 | m13 | m14 | m15 | m16 | m17 | m18 | m19 | m20
72 72 79 95 1 90 37 92 94 15 8 62 89 96 89 54 46 94 40 28
47 45 55 67 83 30 32 82 82 50 35 44 99 47 93 68 88 91 58 23
52 73 95 93 17 88 42 95 24 27 46 89 23 39 74 26 61 88 85 59
40 94 46 90 69 69 3 18 98 12 25 20 34 43 2 47 6 56 69 85
49 76 59 73 72 51 5 85 74 59 41 21 68 45 54 51 33 94 67 4
86 28 89 63 61 7 79 27 98 97 50 72 23 13 60 44 17 13 41 14
75 58 16 25 67 26 33 92 93 38 24 96 31 95 57 21 21 33 6 53
26 98 40 36 83 5 79 77 80 83 46 73 14 89 21 34 27 68 24 14
37 65 28 7 89 1 56 68 25 84 1 34 77 27 65 61 57 27 65 70
29 7 51 26 99 90 96 46 99 54 16 10 97 71 70 52 4 74 20 76
34 77 80 86 5 40 57 57 19 79 65 99 11 43 27 73 14 81 12 41
86 1 95 50 47 78 23 61 34 51 81 46 60 24 93 45 86 11 9 50
96 75 41 80 84 68 19 4 12 93 9 66 21 3 8 45 72 74 4 88
36 46 18 48 76 31 24 58 55 95 82 42 25 22 35 3 10 27 70 58
55 61 14 12 68 91 25 94 71 66 26 33 56 76 9 68 39 51 98 29
41 93 65 57 36 23 73 50 21 12 38 70 86 38 99 46 19 36 10 66
97 79 26 34 30 55 69 31 5 80 77 95 11 82 60 60 71 58 87 19
74 23 5 4 38 14 24 25 61 20 96 57 2 94 38 8 61 39 35 64
55 71 7 99 62 44 19 34 37 28 65 40 77 25 43 6 72 48 90 77
61 46 75 20 61 22 5 80 22 86 43 19 98 72 14 70 94 46 61 25
# P_hat : m1 | m2 | m3 | m4 | m5 | m6 | m7 | m8 | m9 | m10 | m11 | m12 | m13 | m14 | m15 | m16 | m17 | m18 | m19 | m20
21.60 21.60 23.70 28.50 0.30 27.00 11.10 27.60 28.20 4.50 2.40 18.60 26.70 28.80 26.70 16.20 13.80 28.20 12.00 8.40
14.10 13.50 16.50 20.10 24.90 9.00 9.60 24.60 24.60 15.00 10.50 13.20 29.70 14.10 27.90 20.40 26.40 27.30 17.40 6.90
15.60 21.90 28.50 27.90 5.10 26.40 12.60 28.50 7.20 8.10 13.80 26.70 6.90 11.70 22.20 7.80 18.30 26.40 25.50 17.70
12.00 28.20 13.80 27.00 20.70 20.70 0.90 5.40 29.40 3.60 7.50 6.00 10.20 12.90 0.60 14.10 1.80 16.80 20.70 25.50
14.70 22.80 17.70 21.90 21.60 15.30 1.50 25.50 22.20 17.70 12.30 6.30 20.40 13.50 16.20 15.30 9.90 28.20 20.10 1.20
25.80 8.40 26.70 18.90 18.30 2.10 23.70 8.10 29.40 29.10 15.00 21.60 6.90 3.90 18.00 13.20 5.10 3.90 12.30 4.20
22.50 17.40 4.80 7.50 20.10 7.80 9.90 27.60 27.90 11.40 7.20 28.80 9.30 28.50 17.10 6.30 6.30 9.90 1.80 15.90
7.80 29.40 12.00 10.80 24.90 1.50 23.70 23.10 24.00 24.90 13.80 21.90 4.20 26.70 6.30 10.20 8.10 20.40 7.20 4.20
11.10 19.50 8.40 2.10 26.70 0.30 16.80 20.40 7.50 25.20 0.30 10.20 23.10 8.10 19.50 18.30 17.10 8.10 19.50 21.00
8.70 2.10 15.30 7.80 29.70 27.00 28.80 13.80 29.70 16.20 4.80 3.00 29.10 21.30 21.00 15.60 1.20 22.20 6.00 22.80
10.20 23.10 24.00 25.80 1.50 12.00 17.10 17.10 5.70 23.70 19.50 29.70 3.30 12.90 8.10 21.90 4.20 24.30 3.60 12.30
25.80 0.30 28.50 15.00 14.10 23.40 6.90 18.30 10.20 15.30 24.30 13.80 18.00 7.20 27.90 13.50 25.80 3.30 2.70 15.00
28.80 22.50 12.30 24.00 25.20 20.40 5.70 1.20 3.60 27.90 2.70 19.80 6.30 0.90 2.40 13.50 21.60 22.20 1.20 26.40
10.80 13.80 5.40 14.40 22.80 9.30 7.20 17.40 16.50 28.50 24.60 12.60 7.50 6.60 10.50 0.90 3.00 8.10 21.00 17.40
16.50 18.30 4.20 3.60 20.40 27.30 7.50 28.20 21.30 19.80 7.80 9.90 16.80 22.80 2.70 20.40 11.70 15.30 29.40 8.70
12.30 27.90 19.50 17.10 10.80 6.90 21.90 15.00 6.30 3.60 11.40 21.00 25.80 11.40 29.70 13.80 5.70 10.80 3.00 19.80
29.10 23.70 7.80 10.20 9.00 16.50 20.70 9.30 1.50 24.00 23.10 28.50 3.30 24.60 18.00 18.00 21.30 17.40 26.10 5.70
22.20 6.90 1.50 1.20 11.40 4.20 7.20 7.50 18.30 6.00 28.80 17.10 0.60 28.20 11.40 2.40 18.30 11.70 10.50 19.20
16.50 21.30 2.10 29.70 18.60 13.20 5.70 10.20 11.10 8.40 19.50 12.00 23.10 7.50 12.90 1.80 21.60 14.40 27.00 23.10
18.30 13.80 22.50 6.00 18.30 6.60 1.50 24.00 6.60 25.80 12.90 5.70 29.40 21.60 4.20 21.00 28.20 13.80 18.30 7.50
