# nJobs | nMachines
100 10
# Job Weights
6
58
97
10
39
85
13
13
84
94
9
95
14
68
98
49
61
88
7
19
78
16
50
93
74
61
80
57
31
84
56
78
63
21
100
63
84
12
98
23
70
95
49
9
97
65
60
16
35
18
47
76
6
36
24
59
2
38
64
22
43
100
68
56
34
61
48
76
26
75
46
8
95
29
89
32
72
49
74
5
30
38
36
29
82
72
90
46
74
10
76
53
48
72
41
34
95
44
10
9
# P_bar : m1 | m2 | m3 | m4 | m5 | m6 | m7 | m8 | m9 | m10
1 95 17 6 24 3 53 71 55 20
96 75 74 73 83 65 7 54 56 35
21 24 87 64 59 73 27 48 21 25
57 3 39 30 58 81 44 16 77 81
7 83 14 30 60 38 36 22 83 19
34 67 28 99 15 71 21 14 43 4
72 88 12 61 15 3 53 39 11 42
12 75 49 26 27 40 38 99 64 58
80 28 88 38 47 6 37 68 59 18
99 65 91 46 25 98 90 32 37 19
28 54 53 76 43 4 34 20 96 73
80 65 40 65 11 23 1 7 27 14
30 34 1 51 20 23 83 26 9 44
15 17 55 39 36 2 64 2 63 13
95 51 39 23 3 66 69 58 82 11
19 98 35 71 42 67 30 92 31 55
12 94 99 63 51 8 18 86 27 91
59 22 17 94 11 76 74 45 67 51
66 57 69 62 86 58 9 19 82 42
51 37 67 87 55 82 70 90 65 47
6 90 13 43 20 63 41 54 74 94
36 38 98 45 3 18 5 51 41 43
74 20 79 46 64 17 70 88 10 68
53 85 20 9 19 5 5 72 36 77
25 49 57 10 49 75 4 44 69 42
68 37 68 42 70 52 65 85 1 75
37 29 17 43 28 95 53 20 21 17
42 84 27 46 53 55 17 5 72 85
68 93 25 7 96 62 6 10 37 54
74 99 36 15 52 84 98 98 54 83
93 44 67 32 44 5 84 44 88 30
39 39 73 80 24 33 39 6 65 52
75 18 34 4 40 72 3 44 97 89
54 40 47 73 66 52 9 12 71 54
10 24 65 42 2 8 50 55 13 74
60 98 79 98 89 74 58 14 90 86
15 61 31 24 70 70 87 66 88 27
75 72 54 25 69 5 54 28 39 22
71 21 56 13 3 38 41 80 46 24
22 76 33 38 77 7 87 64 89 11
10 87 66 3 96 86 9 13 99 12
65 32 30 69 40 41 49 73 82 8
39 8 89 38 66 99 93 44 14 15
99 17 45 61 75 98 70 11 14 21
77 54 44 8 81 2 4 89 63 75
39 43 91 54 52 51 13 78 67 84
50 3 18 90 78 13 60 6 16 29
14 65 67 3 86 96 41 10 46 15
75 33 94 5 44 78 48 44 28 26
28 36 41 25 85 49 75 28 91 83
92 70 78 31 79 59 86 77 69 38
74 18 27 38 28 42 28 33 34 32
20 19 15 36 43 18 67 22 9 13
70 76 55 35 20 51 29 77 7 10
43 7 28 52 16 95 53 90 43 23
6 34 28 13 9 82 24 23 62 28
77 66 26 78 80 96 95 10 29 42
25 72 98 31 36 45 66 44 70 68
68 16 98 8 14 25 32 1 28 78
83 95 77 62 86 80 66 53 62 39
28 80 79 36 70 42 61 58 34 76
13 10 12 98 87 66 18 40 67 4
74 63 96 7 77 41 99 48 16 45
18 14 78 3 44 1 48 94 83 25
71 89 29 5 52 14 31 20 64 23
11 65 28 82 86 66 66 34 32 77
17 43 14 41 12 89 15 16 43 3
27 44 52 2 49 35 93 99 67 20
89 28 27 63 68 2 64 27 37 49
14 39 51 56 56 63 77 80 79 35
13 59 46 85 59 80 67 24 31 29
40 91 98 85 87 34 74 19 41 59
97 70 97 25 82 45 90 34 3 14
70 24 38 98 5 42 44 6 11 94
96 96 78 58 23 81 51 65 71 11
13 1 89 16 6 27 17 11 21 17
66 92 67 99 15 15 50 14 26 80
77 79 91 61 42 42 80 97 98 70
2 57 51 21 63 80 44 14 39 20
41 88 62 26 66 11 63 77 73 25
69 60 79 67 59 4 19 58 59 12
34 70 93 96 98 84 24 86 33 78
10 38 25 70 67 25 24 72 71 58
91 94 61 89 73 45 35 20 49 13
98 94 59 5 94 42 79 22 22 22
60 30 20 45 27 61 62 2 6 53
3 50 92 38 56 4 11 28 68 92
86 17 1 79 96 34 59 16 14 7
55 43 35 73 81 54 14 54 36 62
95 28 97 99 92 46 89 19 17 94
73 33 79 33 68 80 16 77 30 8
65 48 37 1 92 1 96 7 83 81
24 48 72 84 77 94 72 27 94 5
22 81 76 79 94 8 95 19 53 24
5 50 89 44 93 56 92 80 30 98
67 86 7 39 28 52 34 80 74 85
39 23 79 16 75 13 64 40 24 75
58 95 85 50 74 39 83 49 47 57
4 3 40 39 34 62 66 46 76 37
30 80 24 55 80 84 6 85 28 96
# P_hat : m1 | m2 | m3 | m4 | m5 | m6 | m7 | m8 | m9 | m10
0.40 38.00 6.80 2.40 9.60 1.20 21.20 28.40 22.00 8.00
38.40 30.00 29.60 29.20 33.20 26.00 2.80 21.60 22.40 14.00
8.40 9.60 34.80 25.60 23.60 29.20 10.80 19.20 8.40 10.00
22.80 1.20 15.60 12.00 23.20 32.40 17.60 6.40 30.80 32.40
2.80 33.20 5.60 12.00 24.00 15.20 14.40 8.80 33.20 7.60
13.60 26.80 11.20 39.60 6.00 28.40 8.40 5.60 17.20 1.60
28.80 35.20 4.80 24.40 6.00 1.20 21.20 15.60 4.40 16.80
4.80 30.00 19.60 10.40 10.80 16.00 15.20 39.60 25.60 23.20
32.00 11.20 35.20 15.20 18.80 2.40 14.80 27.20 23.60 7.20
39.60 26.00 36.40 18.40 10.00 39.20 36.00 12.80 14.80 7.60
11.20 21.60 21.20 30.40 17.20 1.60 13.60 8.00 38.40 29.20
32.00 26.00 16.00 26.00 4.40 9.20 0.40 2.80 10.80 5.60
12.00 13.60 0.40 20.40 8.00 9.20 33.20 10.40 3.60 17.60
6.00 6.80 22.00 15.60 14.40 0.80 25.60 0.80 25.20 5.20
38.00 20.40 15.60 9.20 1.20 26.40 27.60 23.20 32.80 4.40
7.60 39.20 14.00 28.40 16.80 26.80 12.00 36.80 12.40 22.00
4.80 37.60 39.60 25.20 20.40 3.20 7.20 34.40 10.80 36.40
23.60 8.80 6.80 37.60 4.40 30.40 29.60 18.00 26.80 20.40
26.40 22.80 27.60 24.80 34.40 23.20 3.60 7.60 32.80 16.80
20.40 14.80 26.80 34.80 22.00 32.80 28.00 36.00 26.00 18.80
2.40 36.00 5.20 17.20 8.00 25.20 16.40 21.60 29.60 37.60
14.40 15.20 39.20 18.00 1.20 7.20 2.00 20.40 16.40 17.20
29.60 8.00 31.60 18.40 25.60 6.80 28.00 35.20 4.00 27.20
21.20 34.00 8.00 3.60 7.60 2.00 2.00 28.80 14.40 30.80
10.00 19.60 22.80 4.00 19.60 30.00 1.60 17.60 27.60 16.80
27.20 14.80 27.20 16.80 28.00 20.80 26.00 34.00 0.40 30.00
14.80 11.60 6.80 17.20 11.20 38.00 21.20 8.00 8.40 6.80
16.80 33.60 10.80 18.40 21.20 22.00 6.80 2.00 28.80 34.00
27.20 37.20 10.00 2.80 38.40 24.80 2.40 4.00 14.80 21.60
29.60 39.60 14.40 6.00 20.80 33.60 39.20 39.20 21.60 33.20
37.20 17.60 26.80 12.80 17.60 2.00 33.60 17.60 35.20 12.00
15.60 15.60 29.20 32.00 9.60 13.20 15.60 2.40 26.00 20.80
30.00 7.20 13.60 1.60 16.00 28.80 1.20 17.60 38.80 35.60
21.60 16.00 18.80 29.20 26.40 20.80 3.60 4.80 28.40 21.60
4.00 9.60 26.00 16.80 0.80 3.20 20.00 22.00 5.20 29.60
24.00 39.20 31.60 39.20 35.60 29.60 23.20 5.60 36.00 34.40
6.00 24.40 12.40 9.60 28.00 28.00 34.80 26.40 35.20 10.80
30.00 28.80 21.60 10.00 27.60 2.00 21.60 11.20 15.60 8.80
28.40 8.40 22.40 5.20 1.20 15.20 16.40 32.00 18.40 9.60
8.80 30.40 13.20 15.20 30.80 2.80 34.80 25.60 35.60 4.40
4.00 34.80 26.40 1.20 38.40 34.40 3.60 5.20 39.60 4.80
26.00 12.80 12.00 27.60 16.00 16.40 19.60 29.20 32.80 3.20
15.60 3.20 35.60 15.20 26.40 39.60 37.20 17.60 5.60 6.00
39.60 6.80 18.00 24.40 30.00 39.20 28.00 4.40 5.60 8.40
30.80 21.60 17.60 3.20 32.40 0.80 1.60 35.60 25.20 30.00
15.60 17.20 36.40 21.60 20.80 20.40 5.20 31.20 26.80 33.60
20.00 1.20 7.20 36.00 31.20 5.20 24.00 2.40 6.40 11.60
5.60 26.00 26.80 1.20 34.40 38.40 16.40 4.00 18.40 6.00
30.00 13.20 37.60 2.00 17.60 31.20 19.20 17.60 11.20 10.40
11.20 14.40 16.40 10.00 34.00 19.60 30.00 11.20 36.40 33.20
36.80 28.00 31.20 12.40 31.60 23.60 34.40 30.80 27.60 15.20
29.60 7.20 10.80 15.20 11.20 16.80 11.20 13.20 13.60 12.80
8.00 7.60 6.00 14.40 17.20 7.20 26.80 8.80 3.60 5.20
28.00 30.40 22.00 14.00 8.00 20.40 11.60 30.80 2.80 4.00
17.20 2.80 11.20 20.80 6.40 38.00 21.20 36.00 17.20 9.20
2.40 13.60 11.20 5.20 3.60 32.80 9.60 9.20 24.80 11.20
30.80 26.40 10.40 31.20 32.00 38.40 38.00 4.00 11.60 16.80
10.00 28.80 39.20 12.40 14.40 18.00 26.40 17.60 28.00 27.20
27.20 6.40 39.20 3.20 5.60 10.00 12.80 0.40 11.20 31.20
33.20 38.00 30.80 24.80 34.40 32.00 26.40 21.20 24.80 15.60
11.20 32.00 31.60 14.40 28.00 16.80 24.40 23.20 13.60 30.40
5.20 4.00 4.80 39.20 34.80 26.40 7.20 16.00 26.80 1.60
29.60 25.20 38.40 2.80 30.80 16.40 39.60 19.20 6.40 18.00
7.20 5.60 31.20 1.20 17.60 0.40 19.20 37.60 33.20 10.00
28.40 35.60 11.60 2.00 20.80 5.60 12.40 8.00 25.60 9.20
4.40 26.00 11.20 32.80 34.40 26.40 26.40 13.60 12.80 30.80
6.80 17.20 5.60 16.40 4.80 35.60 6.00 6.40 17.20 1.20
10.80 17.60 20.80 0.80 19.60 14.00 37.20 39.60 26.80 8.00
35.60 11.20 10.80 25.20 27.20 0.80 25.60 10.80 14.80 19.60
5.60 15.60 20.40 22.40 22.40 25.20 30.80 32.00 31.60 14.00
5.20 23.60 18.40 34.00 23.60 32.00 26.80 9.60 12.40 11.60
16.00 36.40 39.20 34.00 34.80 13.60 29.60 7.60 16.40 23.60
38.80 28.00 38.80 10.00 32.80 18.00 36.00 13.60 1.20 5.60
28.00 9.60 15.20 39.20 2.00 16.80 17.60 2.40 4.40 37.60
38.40 38.40 31.20 23.20 9.20 32.40 20.40 26.00 28.40 4.40
5.20 0.40 35.60 6.40 2.40 10.80 6.80 4.40 8.40 6.80
26.40 36.80 26.80 39.60 6.00 6.00 20.00 5.60 10.40 32.00
30.80 31.60 36.40 24.40 16.80 16.80 32.00 38.80 39.20 28.00
0.80 22.80 20.40 8.40 25.20 32.00 17.60 5.60 15.60 8.00
16.40 35.20 24.80 10.40 26.40 4.40 25.20 30.80 29.20 10.00
27.60 24.00 31.60 26.80 23.60 1.60 7.60 23.20 23.60 4.80
13.60 28.00 37.20 38.40 39.20 33.60 9.60 34.40 13.20 31.20
4.00 15.20 10.00 28.00 26.80 10.00 9.60 28.80 28.40 23.20
36.40 37.60 24.40 35.60 29.20 18.00 14.00 8.00 19.60 5.20
39.20 37.60 23.60 2.00 37.60 16.80 31.60 8.80 8.80 8.80
24.00 12.00 8.00 18.00 10.80 24.40 24.80 0.80 2.40 21.20
1.20 20.00 36.80 15.20 22.40 1.60 4.40 11.20 27.20 36.80
34.40 6.80 0.40 31.60 38.40 13.60 23.60 6.40 5.60 2.80
22.00 17.20 14.00 29.20 32.40 21.60 5.60 21.60 14.40 24.80
38.00 11.20 38.80 39.60 36.80 18.40 35.60 7.60 6.80 37.60
29.20 13.20 31.60 13.20 27.20 32.00 6.40 30.80 12.00 3.20
26.00 19.20 14.80 0.40 36.80 0.40 38.40 2.80 33.20 32.40
9.60 19.20 28.80 33.60 30.80 37.60 28.80 10.80 37.60 2.00
8.80 32.40 30.40 31.60 37.60 3.20 38.00 7.60 21.20 9.60
2.00 20.00 35.60 17.60 37.20 22.40 36.80 32.00 12.00 39.20
26.80 34.40 2.80 15.60 11.20 20.80 13.60 32.00 29.60 34.00
15.60 9.20 31.60 6.40 30.00 5.20 25.60 16.00 9.60 30.00
23.20 38.00 34.00 20.00 29.60 15.60 33.20 19.60 18.80 22.80
1.60 1.20 16.00 15.60 13.60 24.80 26.40 18.40 30.40 14.80
12.00 32.00 9.60 22.00 32.00 33.60 2.40 34.00 11.20 38.40
