# nJobs | nMachines
100 20
# Job Weights
98
55
80
46
44
32
68
98
59
38
97
92
80
7
31
92
99
37
90
95
65
77
90
52
13
22
3
9
42
87
30
19
37
9
24
61
47
42
9
35
59
77
95
34
93
47
83
36
99
80
92
28
6
89
27
52
38
25
88
63
50
93
24
2
15
48
8
14
93
27
90
20
67
21
95
93
50
29
7
41
44
76
12
19
18
58
83
83
8
86
14
100
33
1
95
54
41
6
12
89
# P_bar : m1 | m2 | m3 | m4 | m5 | m6 | m7 | m8 | m9 | m10 | m11 | m12 | m13 | m14 | m15 | m16 | m17 | m18 | m19 | m20
39 57 30 84 42 11 3 21 74 82 59 78 37 22 24 81 64 17 75 73
83 2 34 64 74 20 34 88 21 10 31 63 28 94 47 80 28 45 24 60
12 75 55 65 1 3 39 54 53 53 80 21 56 75 27 33 64 27 53 24
57 44 12 11 40 40 69 16 51 40 74 88 33 49 99 8 11 53 31 50
78 30 50 41 3 48 9 8 80 16 7 96 26 4 39 24 27 92 93 75
55 39 15 31 95 24 92 34 67 63 14 44 17 22 26 98 35 6 72 58
20 88 4 5 69 32 78 74 91 94 53 57 43 77 24 76 19 95 83 36
79 35 43 67 18 23 99 11 44 4 47 12 75 80 66 30 28 30 66 50
58 13 74 91 73 25 27 24 11 54 34 3 16 35 92 48 87 2 90 91
52 21 31 75 66 51 20 77 71 33 53 52 19 94 98 44 11 3 44 74
99 38 72 47 83 80 61 19 10 22 80 88 65 96 35 96 25 18 29 81
48 6 71 78 52 23 15 12 26 95 9 61 20 38 92 97 54 16 68 70
87 92 29 64 37 49 87 17 62 39 1 66 28 37 26 6 18 71 38 23
67 43 28 23 53 88 76 8 93 81 74 93 25 17 16 91 19 92 87 93
95 22 32 29 19 35 55 59 1 93 62 29 60 14 78 38 59 41 29 66
82 85 14 81 3 40 23 8 9 17 6 33 64 14 25 56 77 9 86 53
90 51 32 44 53 40 35 88 82 64 47 37 9 15 51 42 83 52 34 96
41 25 6 80 5 63 21 21 71 94 58 60 58 88 37 37 36 18 65 77
86 43 46 59 44 48 28 75 79 35 60 6 5 49 62 9 71 97 47 63
97 4 73 34 91 29 93 29 65 52 88 3 75 6 72 31 68 9 35 12
27 81 48 35 46 19 95 83 39 31 8 14 18 14 27 56 57 22 57 35
20 31 56 54 43 5 25 76 6 16 88 42 35 41 71 18 28 62 11 92
82 71 97 49 50 23 92 35 3 69 56 20 86 4 68 40 57 89 32 57
45 92 56 14 40 14 6 19 46 85 82 19 56 61 81 85 57 53 82 32
71 25 60 72 30 57 54 18 36 77 42 90 99 23 5 29 52 69 42 97
58 72 72 21 40 57 66 60 5 45 64 10 99 73 4 54 4 25 1 30
92 42 24 57 56 40 30 84 19 83 63 27 95 6 34 96 52 48 93 73
5 77 29 42 40 7 32 80 70 97 10 76 22 58 35 45 40 40 41 46
21 70 64 24 75 95 5 62 61 43 7 58 30 69 56 49 99 59 3 91
45 66 29 88 5 53 68 20 20 64 69 67 26 60 31 85 87 3 2 52
43 15 3 78 81 52 86 33 3 29 92 28 41 50 81 5 46 45 43 97
12 15 97 75 87 2 98 19 98 2 12 54 62 27 32 48 49 15 80 19
53 51 50 53 14 43 87 85 51 27 44 66 15 64 58 45 37 70 67 28
29 78 97 80 61 94 15 50 3 91 93 46 2 29 10 24 68 33 6 21
14 89 83 88 4 85 75 2 56 40 83 78 10 43 64 43 86 30 99 16
49 50 89 20 94 75 34 39 47 96 16 91 48 88 25 62 10 88 97 81
85 74 2 4 22 84 86 88 46 66 65 85 93 2 69 46 41 40 70 59
90 57 96 30 36 42 1 94 86 62 95 3 50 69 89 27 22 88 24 45
12 7 28 52 95 27 4 67 92 75 60 49 51 17 32 5 90 13 48 63
48 65 83 32 79 40 60 85 92 50 60 74 39 56 25 12 93 88 9 49
13 89 47 82 42 66 75 18 25 68 62 23 26 21 63 89 25 77 56 42
75 87 90 28 84 48 88 31 14 1 3 60 86 42 62 34 37 80 11 38
69 6 56 36 92 81 11 72 1 68 44 61 21 28 3 88 19 14 45 83
34 31 57 98 87 92 23 96 39 91 23 57 83 65 99 57 96 79 93 52
19 70 69 77 60 30 33 88 42 50 14 79 52 79 33 6 34 87 84 92
55 25 88 71 16 49 20 41 23 78 98 4 25 19 57 76 1 51 44 36
44 36 54 16 76 86 85 89 45 67 53 59 14 78 93 34 6 16 22 22
22 88 94 91 32 26 69 76 28 23 10 53 66 20 1 67 40 96 26 49
60 25 90 79 88 91 32 93 9 36 31 15 20 2 35 51 34 95 70 63
45 94 62 10 19 78 14 36 23 92 30 21 60 37 18 11 82 49 84 56
38 66 97 28 72 41 89 4 29 65 81 73 38 90 84 82 51 44 79 44
78 95 67 80 10 53 12 21 94 13 46 4 48 42 53 93 67 65 82 51
73 77 59 60 87 50 56 91 65 5 38 14 31 53 49 82 45 59 84 75
59 10 22 86 78 74 26 76 55 62 37 52 88 32 52 48 38 49 54 34
46 26 24 81 75 69 57 86 80 60 64 47 5 26 57 3 74 63 27 8
47 58 87 20 39 48 24 47 92 7 36 66 73 74 85 67 91 95 15 6
95 8 99 3 58 91 57 89 23 56 90 93 29 95 45 55 81 81 89 48
25 95 62 46 71 20 85 81 25 19 93 65 95 89 84 22 42 47 88 8
58 20 18 57 45 20 3 88 44 23 90 91 66 68 52 56 27 78 65 29
61 46 70 58 43 53 9 41 14 84 71 61 73 34 52 62 55 34 84 8
92 49 94 76 34 75 5 18 54 50 15 55 84 65 93 18 66 84 28 12
8 37 85 63 9 78 76 49 48 17 38 76 41 10 66 89 94 29 20 61
88 76 43 13 28 91 15 22 15 77 57 64 40 63 90 21 10 72 64 60
64 11 48 81 7 84 62 59 45 63 63 45 59 51 49 84 81 10 43 32
93 24 51 85 84 49 83 96 25 25 38 58 76 4 83 72 33 39 92 64
29 72 91 82 42 39 64 70 36 17 35 25 92 58 89 66 12 80 30 13
20 75 16 92 72 19 46 85 49 73 60 98 63 81 76 38 90 1 33 71
45 58 31 52 57 29 43 46 72 62 56 5 77 76 96 31 22 64 39 59
46 46 57 8 56 77 26 75 57 10 14 64 62 48 65 38 4 89 68 91
78 2 51 6 25 1 13 10 14 63 17 31 69 80 60 9 65 37 85 68
37 83 9 52 33 5 49 7 41 64 29 38 80 53 89 82 34 83 11 82
49 14 28 12 33 84 57 5 91 25 71 37 73 53 87 88 54 66 14 98
2 77 37 65 80 34 37 18 72 1 60 39 84 71 71 39 19 8 65 76
18 68 89 26 69 13 48 42 84 50 86 62 93 65 1 78 48 42 7 35
92 81 83 67 87 19 10 92 61 7 24 57 89 3 21 9 87 97 77 78
41 81 33 14 94 80 13 86 97 59 14 69 90 96 35 17 65 6 81 58
31 56 94 64 90 21 34 59 90 93 14 41 89 44 11 57 29 48 69 81
29 37 44 8 66 87 46 90 34 95 69 25 94 67 61 22 34 46 89 26
92 41 76 40 93 4 56 87 13 41 18 3 13 38 34 67 85 63 12 3
87 96 82 86 23 76 93 82 47 20 94 86 70 96 89 52 17 67 46 80
65 53 10 47 84 91 80 10 51 69 99 97 35 54 67 66 99 9 37 90
22 88 81 83 84 54 84 79 51 37 13 37 41 14 54 45 80 53 53 39
61 66 74 58 56 56 81 64 41 21 41 83 2 99 68 9 91 91 46 90
90 50 55 83 90 9 15 50 10 91 49 78 44 64 77 67 94 50 8 32
89 40 92 95 58 79 86 4 81 12 20 86 94 91 29 38 79 86 28 32
97 28 26 56 69 20 76 29 25 64 35 98 12 9 58 54 82 55 6 34
15 65 27 65 6 62 24 8 5 94 85 22 59 21 92 10 78 38 63 69
75 76 86 23 31 59 39 6 85 5 9 9 62 93 40 96 64 68 48 81
77 89 32 32 98 43 57 60 56 32 87 22 77 7 88 2 69 73 55 55
65 16 28 43 43 19 76 79 18 26 27 44 51 48 97 58 26 68 69 13
21 48 75 91 34 92 81 85 36 16 28 37 64 80 46 96 60 91 22 15
56 91 67 18 56 7 86 35 18 55 13 32 4 1 22 26 48 5 42 17
53 83 91 27 49 94 78 35 62 75 90 3 98 46 44 99 34 58 47 87
9 84 48 79 98 55 94 51 55 27 46 54 42 58 97 72 47 56 15 11
86 18 58 53 82 34 33 35 70 90 55 71 77 35 52 69 74 17 69 12
75 2 23 87 68 14 10 24 22 84 78 86 81 27 66 11 76 35 34 48
7 63 17 97 32 70 27 65 21 86 52 49 20 55 28 55 38 42 25 2
88 27 18 79 83 88 12 15 50 14 16 89 54 80 99 82 23 55 21 65
38 39 37 99 45 58 55 11 44 7 7 27 45 40 68 59 23 17 33 35
69 14 78 18 77 7 97 99 39 36 15 50 15 13 4 25 53 28 93 98
# P_hat : m1 | m2 | m3 | m4 | m5 | m6 | m7 | m8 | m9 | m10 | m11 | m12 | m13 | m14 | m15 | m16 | m17 | m18 | m19 | m20
19.50 28.50 15.00 42.00 21.00 5.50 1.50 10.50 37.00 41.00 29.50 39.00 18.50 11.00 12.00 40.50 32.00 8.50 37.50 36.50
41.50 1.00 17.00 32.00 37.00 10.00 17.00 44.00 10.50 5.00 15.50 31.50 14.00 47.00 23.50 40.00 14.00 22.50 12.00 30.00
6.00 37.50 27.50 32.50 0.50 1.50 19.50 27.00 26.50 26.50 40.00 10.50 28.00 37.50 13.50 16.50 32.00 13.50 26.50 12.00
28.50 22.00 6.00 5.50 20.00 20.00 34.50 8.00 25.50 20.00 37.00 44.00 16.50 24.50 49.50 4.00 5.50 26.50 15.50 25.00
39.00 15.00 25.00 20.50 1.50 24.00 4.50 4.00 40.00 8.00 3.50 48.00 13.00 2.00 19.50 12.00 13.50 46.00 46.50 37.50
27.50 19.50 7.50 15.50 47.50 12.00 46.00 17.00 33.50 31.50 7.00 22.00 8.50 11.00 13.00 49.00 17.50 3.00 36.00 29.00
10.00 44.00 2.00 2.50 34.50 16.00 39.00 37.00 45.50 47.00 26.50 28.50 21.50 38.50 12.00 38.00 9.50 47.50 41.50 18.00
39.50 17.50 21.50 33.50 9.00 11.50 49.50 5.50 22.00 2.00 23.50 6.00 37.50 40.00 33.00 15.00 14.00 15.00 33.00 25.00
29.00 6.50 37.00 45.50 36.50 12.50 13.50 12.00 5.50 27.00 17.00 1.50 8.00 17.50 46.00 24.00 43.50 1.00 45.00 45.50
26.00 10.50 15.50 37.50 33.00 25.50 10.00 38.50 35.50 16.50 26.50 26.00 9.50 47.00 49.00 22.00 5.50 1.50 22.00 37.00
49.50 19.00 36.00 23.50 41.50 40.00 30.50 9.50 5.00 11.00 40.00 44.00 32.50 48.00 17.50 48.00 12.50 9.00 14.50 40.50
24.00 3.00 35.50 39.00 26.00 11.50 7.50 6.00 13.00 47.50 4.50 30.50 10.00 19.00 46.00 48.50 27.00 8.00 34.00 35.00
43.50 46.00 14.50 32.00 18.50 24.50 43.50 8.50 31.00 19.50 0.50 33.00 14.00 18.50 13.00 3.00 9.00 35.50 19.00 11.50
33.50 21.50 14.00 11.50 26.50 44.00 38.00 4.00 46.50 40.50 37.00 46.50 12.50 8.50 8.00 45.50 9.50 46.00 43.50 46.50
47.50 11.00 16.00 14.50 9.50 17.50 27.50 29.50 0.50 46.50 31.00 14.50 30.00 7.00 39.00 19.00 29.50 20.50 14.50 33.00
41.00 42.50 7.00 40.50 1.50 20.00 11.50 4.00 4.50 8.50 3.00 16.50 32.00 7.00 12.50 28.00 38.50 4.50 43.00 26.50
45.00 25.50 16.00 22.00 26.50 20.00 17.50 44.00 41.00 32.00 23.50 18.50 4.50 7.50 25.50 21.00 41.50 26.00 17.00 48.00
20.50 12.50 3.00 40.00 2.50 31.50 10.50 10.50 35.50 47.00 29.00 30.00 29.00 44.00 18.50 18.50 18.00 9.00 32.50 38.50
43.00 21.50 23.00 29.50 22.00 24.00 14.00 37.50 39.50 17.50 30.00 3.00 2.50 24.50 31.00 4.50 35.50 48.50 23.50 31.50
48.50 2.00 36.50 17.00 45.50 14.50 46.50 14.50 32.50 26.00 44.00 1.50 37.50 3.00 36.00 15.50 34.00 4.50 17.50 6.00
13.50 40.50 24.00 17.50 23.00 9.50 47.50 41.50 19.50 15.50 4.00 7.00 9.00 7.00 13.50 28.00 28.50 11.00 28.50 17.50
10.00 15.50 28.00 27.00 21.50 2.50 12.50 38.00 3.00 8.00 44.00 21.00 17.50 20.50 35.50 9.00 14.00 31.00 5.50 46.00
41.00 35.50 48.50 24.50 25.00 11.50 46.00 17.50 1.50 34.50 28.00 10.00 43.00 2.00 34.00 20.00 28.50 44.50 16.00 28.50
22.50 46.00 28.00 7.00 20.00 7.00 3.00 9.50 23.00 42.50 41.00 9.50 28.00 30.50 40.50 42.50 28.50 26.50 41.00 16.00
35.50 12.50 30.00 36.00 15.00 28.50 27.00 9.00 18.00 38.50 21.00 45.00 49.50 11.50 2.50 14.50 26.00 34.50 21.00 48.50
29.00 36.00 36.00 10.50 20.00 28.50 33.00 30.00 2.50 22.50 32.00 5.00 49.50 36.50 2.00 27.00 2.00 12.50 0.50 15.00
46.00 21.00 12.00 28.50 28.00 20.00 15.00 42.00 9.50 41.50 31.50 13.50 47.50 3.00 17.00 48.00 26.00 24.00 46.50 36.50
2.50 38.50 14.50 21.00 20.00 3.50 16.00 40.00 35.00 48.50 5.00 38.00 11.00 29.00 17.50 22.50 20.00 20.00 20.50 23.00
10.50 35.00 32.00 12.00 37.50 47.50 2.50 31.00 30.50 21.50 3.50 29.00 15.00 34.50 28.00 24.50 49.50 29.50 1.50 45.50
22.50 33.00 14.50 44.00 2.50 26.50 34.00 10.00 10.00 32.00 34.50 33.50 13.00 30.00 15.50 42.50 43.50 1.50 1.00 26.00
21.50 7.50 1.50 39.00 40.50 26.00 43.00 16.50 1.50 14.50 46.00 14.00 20.50 25.00 40.50 2.50 23.00 22.50 21.50 48.50
6.00 7.50 48.50 37.50 43.50 1.00 49.00 9.50 49.00 1.00 6.00 27.00 31.00 13.50 16.00 24.00 24.50 7.50 40.00 9.50
26.50 25.50 25.00 26.50 7.00 21.50 43.50 42.50 25.50 13.50 22.00 33.00 7.50 32.00 29.00 22.50 18.50 35.00 33.50 14.00
14.50 39.00 48.50 40.00 30.50 47.00 7.50 25.00 1.50 45.50 46.50 23.00 1.00 14.50 5.00 12.00 34.00 16.50 3.00 10.50
7.00 44.50 41.50 44.00 2.00 42.50 37.50 1.00 28.00 20.00 41.50 39.00 5.00 21.50 32.00 21.50 43.00 15.00 49.50 8.00
24.50 25.00 44.50 10.00 47.00 37.50 17.00 19.50 23.50 48.00 8.00 45.50 24.00 44.00 12.50 31.00 5.00 44.00 48.50 40.50
42.50 37.00 1.00 2.00 11.00 42.00 43.00 44.00 23.00 33.00 32.50 42.50 46.50 1.00 34.50 23.00 20.50 20.00 35.00 29.50
45.00 28.50 48.00 15.00 18.00 21.00 0.50 47.00 43.00 31.00 47.50 1.50 25.00 34.50 44.50 13.50 11.00 44.00 12.00 22.50
6.00 3.50 14.00 26.00 47.50 13.50 2.00 33.50 46.00 37.50 30.00 24.50 25.50 8.50 16.00 2.50 45.00 6.50 24.00 31.50
24.00 32.50 41.50 16.00 39.50 20.00 30.00 42.50 46.00 25.00 30.00 37.00 19.50 28.00 12.50 6.00 46.50 44.00 4.50 24.50
6.50 44.50 23.50 41.00 21.00 33.00 37.50 9.00 12.50 34.00 31.00 11.50 13.00 10.50 31.50 44.50 12.50 38.50 28.00 21.00
37.50 43.50 45.00 14.00 42.00 24.00 44.00 15.50 7.00 0.50 1.50 30.00 43.00 21.00 31.00 17.00 18.50 40.00 5.50 19.00
34.50 3.00 28.00 18.00 46.00 40.50 5.50 36.00 0.50 34.00 22.00 30.50 10.50 14.00 1.50 44.00 9.50 7.00 22.50 41.50
17.00 15.50 28.50 49.00 43.50 46.00 11.50 48.00 19.50 45.50 11.50 28.50 41.50 32.50 49.50 28.50 48.00 39.50 46.50 26.00
9.50 35.00 34.50 38.50 30.00 15.00 16.50 44.00 21.00 25.00 7.00 39.50 26.00 39.50 16.50 3.00 17.00 43.50 42.00 46.00
27.50 12.50 44.00 35.50 8.00 24.50 10.00 20.50 11.50 39.00 49.00 2.00 12.50 9.50 28.50 38.00 0.50 25.50 22.00 18.00
22.00 18.00 27.00 8.00 38.00 43.00 42.50 44.50 22.50 33.50 26.50 29.50 7.00 39.00 46.50 17.00 3.00 8.00 11.00 11.00
11.00 44.00 47.00 45.50 16.00 13.00 34.50 38.00 14.00 11.50 5.00 26.50 33.00 10.00 0.50 33.50 20.00 48.00 13.00 24.50
30.00 12.50 45.00 39.50 44.00 45.50 16.00 46.50 4.50 18.00 15.50 7.50 10.00 1.00 17.50 25.50 17.00 47.50 35.00 31.50
22.50 47.00 31.00 5.00 9.50 39.00 7.00 18.00 11.50 46.00 15.00 10.50 30.00 18.50 9.00 5.50 41.00 24.50 42.00 28.00
19.00 33.00 48.50 14.00 36.00 20.50 44.50 2.00 14.50 32.50 40.50 36.50 19.00 45.00 42.00 41.00 25.50 22.00 39.50 22.00
39.00 47.50 33.50 40.00 5.00 26.50 6.00 10.50 47.00 6.50 23.00 2.00 24.00 21.00 26.50 46.50 33.50 32.50 41.00 25.50
36.50 38.50 29.50 30.00 43.50 25.00 28.00 45.50 32.50 2.50 19.00 7.00 15.50 26.50 24.50 41.00 22.50 29.50 42.00 37.50
29.50 5.00 11.00 43.00 39.00 37.00 13.00 38.00 27.50 31.00 18.50 26.00 44.00 16.00 26.00 24.00 19.00 24.50 27.00 17.00
23.00 13.00 12.00 40.50 37.50 34.50 28.50 43.00 40.00 30.00 32.00 23.50 2.50 13.00 28.50 1.50 37.00 31.50 13.50 4.00
23.50 29.00 43.50 10.00 19.50 24.00 12.00 23.50 46.00 3.50 18.00 33.00 36.50 37.00 42.50 33.50 45.50 47.50 7.50 3.00
47.50 4.00 49.50 1.50 29.00 45.50 28.50 44.50 11.50 28.00 45.00 46.50 14.50 47.50 22.50 27.50 40.50 40.50 44.50 24.00
12.50 47.50 31.00 23.00 35.50 10.00 42.50 40.50 12.50 9.50 46.50 32.50 47.50 44.50 42.00 11.00 21.00 23.50 44.00 4.00
29.00 10.00 9.00 28.50 22.50 10.00 1.50 44.00 22.00 11.50 45.00 45.50 33.00 34.00 26.00 28.00 13.50 39.00 32.50 14.50
30.50 23.00 35.00 29.00 21.50 26.50 4.50 20.50 7.00 42.00 35.50 30.50 36.50 17.00 26.00 31.00 27.50 17.00 42.00 4.00
46.00 24.50 47.00 38.00 17.00 37.50 2.50 9.00 27.00 25.00 7.50 27.50 42.00 32.50 46.50 9.00 33.00 42.00 14.00 6.00
4.00 18.50 42.50 31.50 4.50 39.00 38.00 24.50 24.00 8.50 19.00 38.00 20.50 5.00 33.00 44.50 47.00 14.50 10.00 30.50
44.00 38.00 21.50 6.50 14.00 45.50 7.50 11.00 7.50 38.50 28.50 32.00 20.00 31.50 45.00 10.50 5.00 36.00 32.00 30.00
32.00 5.50 24.00 40.50 3.50 42.00 31.00 29.50 22.50 31.50 31.50 22.50 29.50 25.50 24.50 42.00 40.50 5.00 21.50 16.00
46.50 12.00 25.50 42.50 42.00 24.50 41.50 48.00 12.50 12.50 19.00 29.00 38.00 2.00 41.50 36.00 16.50 19.50 46.00 32.00
14.50 36.00 45.50 41.00 21.00 19.50 32.00 35.00 18.00 8.50 17.50 12.50 46.00 29.00 44.50 33.00 6.00 40.00 15.00 6.50
10.00 37.50 8.00 46.00 36.00 9.50 23.00 42.50 24.50 36.50 30.00 49.00 31.50 40.50 38.00 19.00 45.00 0.50 16.50 35.50
22.50 29.00 15.50 26.00 28.50 14.50 21.50 23.00 36.00 31.00 28.00 2.50 38.50 38.00 48.00 15.50 11.00 32.00 19.50 29.50
23.00 23.00 28.50 4.00 28.00 38.50 13.00 37.50 28.50 5.00 7.00 32.00 31.00 24.00 32.50 19.00 2.00 44.50 34.00 45.50
39.00 1.00 25.50 3.00 12.50 0.50 6.50 5.00 7.00 31.50 8.50 15.50 34.50 40.00 30.00 4.50 32.50 18.50 42.50 34.00
18.50 41.50 4.50 26.00 16.50 2.50 24.50 3.50 20.50 32.00 14.50 19.00 40.00 26.50 44.50 41.00 17.00 41.50 5.50 41.00
24.50 7.00 14.00 6.00 16.50 42.00 28.50 2.50 45.50 12.50 35.50 18.50 36.50 26.50 43.50 44.00 27.00 33.00 7.00 49.00
1.00 38.50 18.50 32.50 40.00 17.00 18.50 9.00 36.00 0.50 30.00 19.50 42.00 35.50 35.50 19.50 9.50 4.00 32.50 38.00
9.00 34.00 44.50 13.00 34.50 6.50 24.00 21.00 42.00 25.00 43.00 31.00 46.50 32.50 0.50 39.00 24.00 21.00 3.50 17.50
46.00 40.50 41.50 33.50 43.50 9.50 5.00 46.00 30.50 3.50 12.00 28.50 44.50 1.50 10.50 4.50 43.50 48.50 38.50 39.00
20.50 40.50 16.50 7.00 47.00 40.00 6.50 43.00 48.50 29.50 7.00 34.50 45.00 48.00 17.50 8.50 32.50 3.00 40.50 29.00
15.50 28.00 47.00 32.00 45.00 10.50 17.00 29.50 45.00 46.50 7.00 20.50 44.50 22.00 5.50 28.50 14.50 24.00 34.50 40.50
14.50 18.50 22.00 4.00 33.00 43.50 23.00 45.00 17.00 47.50 34.50 12.50 47.00 33.50 30.50 11.00 17.00 23.00 44.50 13.00
46.00 20.50 38.00 20.00 46.50 2.00 28.00 43.50 6.50 20.50 9.00 1.50 6.50 19.00 17.00 33.50 42.50 31.50 6.00 1.50
43.50 48.00 41.00 43.00 11.50 38.00 46.50 41.00 23.50 10.00 47.00 43.00 35.00 48.00 44.50 26.00 8.50 33.50 23.00 40.00
32.50 26.50 5.00 23.50 42.00 45.50 40.00 5.00 25.50 34.50 49.50 48.50 17.50 27.00 33.50 33.00 49.50 4.50 18.50 45.00
11.00 44.00 40.50 41.50 42.00 27.00 42.00 39.50 25.50 18.50 6.50 18.50 20.50 7.00 27.00 22.50 40.00 26.50 26.50 19.50
30.50 33.00 37.00 29.00 28.00 28.00 40.50 32.00 20.50 10.50 20.50 41.50 1.00 49.50 34.00 4.50 45.50 45.50 23.00 45.00
45.00 25.00 27.50 41.50 45.00 4.50 7.50 25.00 5.00 45.50 24.50 39.00 22.00 32.00 38.50 33.50 47.00 25.00 4.00 16.00
44.50 20.00 46.00 47.50 29.00 39.50 43.00 2.00 40.50 6.00 10.00 43.00 47.00 45.50 14.50 19.00 39.50 43.00 14.00 16.00
48.50 14.00 13.00 28.00 34.50 10.00 38.00 14.50 12.50 32.00 17.50 49.00 6.00 4.50 29.00 27.00 41.00 27.50 3.00 17.00
7.50 32.50 13.50 32.50 3.00 31.00 12.00 4.00 2.50 47.00 42.50 11.00 29.50 10.50 46.00 5.00 39.00 19.00 31.50 34.50
37.50 38.00 43.00 11.50 15.50 29.50 19.50 3.00 42.50 2.50 4.50 4.50 31.00 46.50 20.00 48.00 32.00 34.00 24.00 40.50
38.50 44.50 16.00 16.00 49.00 21.50 28.50 30.00 28.00 16.00 43.50 11.00 38.50 3.50 44.00 1.00 34.50 36.50 27.50 27.50
32.50 8.00 14.00 21.50 21.50 9.50 38.00 39.50 9.00 13.00 13.50 22.00 25.50 24.00 48.50 29.00 13.00 34.00 34.50 6.50
10.50 24.00 37.50 45.50 17.00 46.00 40.50 42.50 18.00 8.00 14.00 18.50 32.00 40.00 23.00 48.00 30.00 45.50 11.00 7.50
28.00 45.50 33.50 9.00 28.00 3.50 43.00 17.50 9.00 27.50 6.50 16.00 2.00 0.50 11.00 13.00 24.00 2.50 21.00 8.50
26.50 41.50 45.50 13.50 24.50 47.00 39.00 17.50 31.00 37.50 45.00 1.50 49.00 23.00 22.00 49.50 17.00 29.00 23.50 43.50
4.50 42.00 24.00 39.50 49.00 27.50 47.00 25.50 27.50 13.50 23.00 27.00 21.00 29.00 48.50 36.00 23.50 28.00 7.50 5.50
43.00 9.00 29.00 26.50 41.00 17.00 16.50 17.50 35.00 45.00 27.50 35.50 38.50 17.50 26.00 34.50 37.00 8.50 34.50 6.00
37.50 1.00 11.50 43.50 34.00 7.00 5.00 12.00 11.00 42.00 39.00 43.00 40.50 13.50 33.00 5.50 38.00 17.50 17.00 24.00
3.50 31.50 8.50 48.50 16.00 35.00 13.50 32.50 10.50 43.00 26.00 24.50 10.00 27.50 14.00 27.50 19.00 21.00 12.50 1.00
44.00 13.50 9.00 39.50 41.50 44.00 6.00 7.50 25.00 7.00 8.00 44.50 27.00 40.00 49.50 41.00 11.50 27.50 10.50 32.50
19.00 19.50 18.50 49.50 22.50 29.00 27.50 5.50 22.00 3.50 3.50 13.50 22.50 20.00 34.00 29.50 11.50 8.50 16.50 17.50
34.50 7.00 39.00 9.00 38.50 3.50 48.50 49.50 19.50 18.00 7.50 25.00 7.50 6.50 2.00 12.50 26.50 14.00 46.50 49.00
