# nJobs | nMachines
50 5
# Job Weights
65
56
14
50
71
32
92
26
27
12
20
9
22
75
2
75
76
81
2
37
57
9
7
3
97
53
50
97
41
83
36
40
78
84
87
57
70
12
13
79
3
42
85
76
51
71
22
53
91
83
# P_bar : m1 | m2 | m3 | m4 | m5
9 80 28 70 55
19 54 58 1 39
86 73 52 23 86
38 83 11 18 40
71 15 21 42 92
82 5 97 96 2
12 27 49 2 65
20 20 55 52 91
37 75 16 49 67
22 24 4 82 92
97 73 82 4 55
85 88 60 67 40
93 17 5 77 1
33 24 52 24 81
69 53 42 68 2
70 86 61 37 78
29 10 87 28 25
48 30 89 65 27
28 71 76 93 46
76 5 46 68 61
91 11 32 18 46
54 97 18 6 59
71 10 3 49 16
36 84 60 67 41
13 58 34 93 65
44 47 69 3 75
27 69 47 10 69
23 80 95 80 68
95 49 92 44 68
15 74 70 26 23
25 37 71 83 30
88 94 73 4 29
46 51 58 50 37
5 1 17 74 64
38 9 26 14 44
74 16 39 8 69
21 89 60 67 36
36 2 72 18 9
21 80 93 60 45
4 38 27 3 8
96 94 27 43 50
78 93 63 31 10
7 89 59 59 46
72 95 76 69 83
80 95 97 13 91
38 63 85 46 79
17 17 57 53 39
98 98 49 27 83
88 2 60 28 36
78 19 30 63 28
# P_hat : m1 | m2 | m3 | m4 | m5
2.70 24.00 8.40 21.00 16.50
5.70 16.20 17.40 0.30 11.70
25.80 21.90 15.60 6.90 25.80
11.40 24.90 3.30 5.40 12.00
21.30 4.50 6.30 12.60 27.60
24.60 1.50 29.10 28.80 0.60
3.60 8.10 14.70 0.60 19.50
6.00 6.00 16.50 15.60 27.30
11.10 22.50 4.80 14.70 20.10
6.60 7.20 1.20 24.60 27.60
29.10 21.90 24.60 1.20 16.50
25.50 26.40 18.00 20.10 12.00
27.90 5.10 1.50 23.10 0.30
9.90 7.20 15.60 7.20 24.30
20.70 15.90 12.60 20.40 0.60
21.00 25.80 18.30 11.10 23.40
8.70 3.00 26.10 8.40 7.50
14.40 9.00 26.70 19.50 8.10
8.40 21.30 22.80 27.90 13.80
22.80 1.50 13.80 20.40 18.30
27.30 3.30 9.60 5.40 13.80
16.20 29.10 5.40 1.80 17.70
21.30 3.00 0.90 14.70 4.80
10.80 25.20 18.00 20.10 12.30
3.90 17.40 10.20 27.90 19.50
13.20 14.10 20.70 0.90 22.50
8.10 20.70 14.10 3.00 20.70
6.90 24.00 28.50 24.00 20.40
28.50 14.70 27.60 13.20 20.40
4.50 22.20 21.00 7.80 6.90
7.50 11.10 21.30 24.90 9.00
26.40 28.20 21.90 1.20 8.70
13.80 15.30 17.40 15.00 11.10
1.50 0.30 5.10 22.20 19.20
11.40 2.70 7.80 4.20 13.20
22.20 4.80 11.70 2.40 20.70
6.30 26.70 18.00 20.10 10.80
10.80 0.60 21.60 5.40 2.70
6.30 24.00 27.90 18.00 13.50
1.20 11.40 8.10 0.90 2.40
28.80 28.20 8.10 12.90 15.00
23.40 27.90 18.90 9.30 3.00
2.10 26.70 17.70 17.70 13.80
21.60 28.50 22.80 20.70 24.90
24.00 28.50 29.10 3.90 27.30
11.40 18.90 25.50 13.80 23.70
5.10 5.10 17.10 15.90 11.70
29.40 29.40 14.70 8.10 24.90
26.40 0.60 18.00 8.40 10.80
23.40 5.70 9.00 18.90 8.40
