# nJobs | nMachines
100 20
# Job Weights
37
28
53
85
13
47
25
15
7
26
70
30
11
89
42
31
45
36
72
77
28
53
62
23
20
43
27
14
34
19
54
44
4
86
46
87
61
1
93
70
71
95
45
58
76
69
73
78
51
72
27
66
62
38
21
12
60
44
3
90
94
29
43
85
76
74
7
46
2
37
10
88
42
45
44
61
58
40
100
4
12
27
84
30
92
37
39
28
50
50
81
83
45
20
45
6
21
5
41
25
# P_bar : m1 | m2 | m3 | m4 | m5 | m6 | m7 | m8 | m9 | m10 | m11 | m12 | m13 | m14 | m15 | m16 | m17 | m18 | m19 | m20
28 54 92 60 44 27 67 74 67 58 39 10 20 96 34 87 45 62 15 29
25 54 47 59 12 70 15 39 23 59 18 22 29 20 62 47 25 61 94 41
61 63 70 50 19 48 52 70 25 41 75 6 50 20 86 11 46 2 8 93
9 93 22 9 86 24 36 78 92 23 33 39 6 25 58 84 38 67 91 48
69 38 31 17 17 73 83 72 50 18 91 59 49 82 5 54 26 9 7 35
77 71 11 53 49 82 78 70 8 30 20 27 95 1 41 88 37 41 47 75
21 28 69 7 61 14 42 29 78 39 2 42 38 3 38 83 28 30 61 36
40 94 72 43 81 32 27 69 46 54 91 27 34 76 84 3 68 94 40 8
98 46 44 61 37 50 90 94 3 9 18 3 71 37 67 39 68 17 49 49
65 31 64 61 10 69 11 28 44 65 6 79 50 75 62 13 17 98 43 51
54 11 95 80 48 98 14 38 84 72 2 34 83 73 73 33 49 49 96 22
75 46 99 1 9 59 97 55 21 90 40 77 45 80 77 58 85 45 84 83
57 35 88 37 49 45 91 75 48 31 10 92 48 59 11 46 69 16 44 54
49 99 83 84 49 66 50 43 15 27 48 97 65 63 10 32 49 85 89 59
13 30 38 47 56 66 10 82 76 28 65 27 46 51 20 87 41 39 68 61
31 73 13 18 44 43 64 15 11 66 67 68 24 66 93 67 29 38 95 34
76 60 9 41 11 17 90 55 80 5 36 29 44 90 40 52 5 13 94 45
94 30 92 26 86 69 27 91 82 45 83 36 76 58 80 24 87 61 54 4
28 7 74 89 29 66 69 96 2 31 14 21 42 24 5 18 73 52 40 87
42 63 28 54 71 64 23 74 84 10 84 37 51 69 37 60 52 63 30 61
81 43 23 5 23 90 60 30 90 67 65 24 9 7 33 71 94 83 21 96
97 29 33 27 15 60 7 68 8 21 1 53 56 74 70 50 56 60 49 9
33 96 44 80 62 31 95 14 61 25 77 26 17 48 32 68 94 46 3 99
5 25 77 42 73 36 56 36 53 14 35 45 39 61 15 42 44 56 17 39
88 73 62 46 84 25 89 74 84 9 42 99 79 33 28 41 55 70 72 83
29 19 59 93 93 89 14 83 2 4 99 8 27 66 99 50 41 55 84 14
99 65 53 13 38 5 78 43 86 8 82 53 39 25 50 31 21 75 98 37
77 98 13 53 60 32 48 78 91 19 26 33 62 31 86 69 3 42 23 86
51 93 75 33 35 48 11 48 67 64 39 24 57 1 82 10 90 62 42 49
39 52 67 88 83 47 16 72 86 35 18 77 56 73 85 42 32 85 16 84
54 62 97 40 56 73 61 64 92 53 74 78 13 89 28 29 76 51 80 21
90 84 25 89 61 8 76 83 95 81 75 96 32 83 68 96 20 16 30 78
30 27 36 89 85 51 35 61 29 93 46 71 88 87 85 27 28 31 12 93
54 15 85 73 40 24 32 31 24 22 88 78 18 16 98 43 32 44 65 5
76 17 96 9 77 51 63 16 79 26 63 4 52 56 18 31 5 58 24 14
65 86 77 88 67 68 33 6 30 20 25 8 73 29 51 61 57 92 7 23
10 18 34 94 58 97 34 72 97 61 76 11 10 22 74 45 30 23 40 73
70 83 24 69 41 49 4 25 9 2 85 65 63 71 79 26 70 66 70 76
78 69 82 72 99 32 97 85 32 97 56 68 1 92 97 7 95 88 93 79
29 33 39 83 96 88 34 89 35 2 24 53 58 11 19 28 75 88 49 22
59 8 36 60 3 59 58 68 35 47 50 6 66 29 92 63 39 96 89 94
16 27 13 43 36 96 59 83 40 23 43 36 25 26 87 23 26 53 17 68
13 43 6 87 33 45 51 14 82 27 68 73 14 82 69 33 92 1 95 39
29 92 8 53 8 49 7 55 17 21 42 27 31 4 42 93 10 56 33 50
64 33 26 10 40 73 54 97 96 36 49 72 3 38 3 67 32 37 68 31
69 26 2 79 43 91 8 3 36 62 93 9 85 64 12 89 53 82 97 30
4 68 52 59 16 4 42 16 60 29 78 18 20 90 81 75 62 24 73 38
1 44 41 71 75 79 94 89 88 17 43 26 89 54 97 50 35 44 8 43
95 78 20 65 15 35 26 14 12 3 36 16 15 6 26 65 45 15 68 40
16 37 53 25 81 37 69 1 76 70 51 64 50 85 77 9 27 16 54 56
30 81 45 36 43 42 35 6 94 14 45 37 44 58 69 56 88 15 95 31
40 74 70 88 88 95 19 96 78 44 72 53 3 7 67 12 35 81 6 23
92 75 51 37 23 84 94 8 22 73 74 87 12 94 4 36 53 56 1 85
77 7 83 7 1 53 26 13 74 89 36 68 73 5 68 19 13 35 43 94
67 23 54 11 4 27 93 32 2 71 35 64 61 6 51 50 7 27 19 55
93 24 62 61 10 61 88 64 99 21 41 47 34 5 49 60 74 43 48 94
80 21 68 66 2 79 81 67 74 90 36 72 52 71 18 69 5 65 38 78
88 73 43 15 39 15 2 20 51 28 3 85 37 94 24 32 77 18 17 81
48 27 28 47 97 64 78 37 77 36 13 89 61 59 49 17 91 91 50 34
7 91 28 8 11 63 31 63 61 13 24 94 27 51 73 64 77 5 97 77
96 8 62 50 28 83 60 63 53 85 34 31 28 6 79 64 53 72 76 77
33 47 56 47 27 45 44 94 29 82 34 86 24 79 81 40 74 25 41 56
8 65 79 4 19 14 51 97 97 57 22 1 35 30 92 31 68 3 98 47
40 36 15 74 6 71 99 74 28 1 17 40 26 61 57 59 39 15 94 3
4 87 53 4 50 89 70 23 84 72 14 21 32 83 39 82 95 62 77 65
55 5 70 11 3 56 3 34 87 7 17 10 48 89 15 6 32 35 9 17
43 91 90 69 61 55 44 8 31 25 60 72 16 96 56 26 57 7 81 21
73 17 86 52 52 6 30 64 2 97 44 21 30 54 36 43 48 43 53 81
90 82 23 17 91 74 75 99 19 90 99 97 3 85 31 34 43 57 75 72
68 26 94 61 53 4 35 78 33 51 64 96 69 88 60 48 9 39 40 30
79 89 2 29 5 90 1 11 26 28 55 15 42 46 89 68 66 8 48 44
50 73 73 39 64 73 99 90 22 83 67 66 14 80 64 74 15 31 30 13
62 90 13 67 69 34 57 61 28 91 78 51 56 19 36 86 64 42 49 90
47 10 59 28 99 16 18 38 25 80 12 10 45 67 72 51 45 6 66 77
22 63 30 22 32 10 85 30 29 9 96 55 61 8 42 43 86 5 56 22
54 81 47 90 43 7 16 61 6 59 13 8 58 78 19 18 56 79 39 75
94 1 62 51 99 14 17 76 16 27 53 22 30 58 67 27 71 56 68 87
23 51 22 66 29 11 62 69 51 69 70 72 31 41 78 57 62 20 69 24
14 65 73 58 73 52 77 97 47 2 80 23 44 51 12 59 71 85 32 83
60 24 22 63 14 5 62 45 26 41 52 45 51 74 57 33 78 94 70 21
13 22 46 43 79 50 51 38 44 81 77 90 17 70 26 21 13 94 49 41
22 98 81 77 54 48 6 36 83 8 17 75 94 38 28 98 73 80 70 22
57 93 13 93 46 43 49 3 66 24 79 42 85 24 57 96 40 58 54 40
23 99 38 8 33 11 45 30 78 82 51 92 3 52 74 79 4 63 60 33
97 72 31 29 87 99 88 26 60 35 77 57 59 17 8 91 29 60 28 73
11 57 83 98 28 86 97 45 22 72 99 1 54 93 30 91 83 79 39 33
53 67 37 98 78 70 52 85 41 76 12 44 36 95 31 89 63 26 71 41
3 60 59 17 27 77 57 33 66 91 13 21 42 35 36 92 90 19 68 5
18 2 98 56 53 39 45 11 64 18 35 52 96 22 84 30 67 4 95 47
66 48 21 19 11 21 20 83 3 45 20 96 69 54 82 36 18 58 72 69
75 72 65 53 99 27 78 97 17 83 6 24 80 31 49 28 40 67 21 1
51 93 8 4 45 82 21 67 78 95 6 69 26 3 35 31 98 55 46 80
81 75 50 98 8 42 24 76 48 29 91 76 33 34 83 25 94 79 17 9
90 45 27 12 64 81 32 28 56 69 66 61 2 43 69 79 84 53 85 88
17 41 29 65 77 72 6 15 20 14 73 59 61 20 1 45 96 39 92 91
6 96 1 53 29 92 54 90 36 5 88 87 47 73 69 43 81 13 79 16
79 20 2 23 94 58 91 12 91 92 25 81 6 87 50 80 73 34 57 65
71 31 19 72 16 93 73 88 95 17 16 94 95 29 9 30 54 12 7 4
97 94 22 7 45 61 47 9 81 93 37 50 48 51 52 29 38 28 81 85
76 45 42 75 30 68 58 99 98 55 58 33 44 70 99 48 36 57 73 6
# P_hat : m1 | m2 | m3 | m4 | m5 | m6 | m7 | m8 | m9 | m10 | m11 | m12 | m13 | m14 | m15 | m16 | m17 | m18 | m19 | m20
8.40 16.20 27.60 18.00 13.20 8.10 20.10 22.20 20.10 17.40 11.70 3.00 6.00 28.80 10.20 26.10 13.50 18.60 4.50 8.70
7.50 16.20 14.10 17.70 3.60 21.00 4.50 11.70 6.90 17.70 5.40 6.60 8.70 6.00 18.60 14.10 7.50 18.30 28.20 12.30
18.30 18.90 21.00 15.00 5.70 14.40 15.60 21.00 7.50 12.30 22.50 1.80 15.00 6.00 25.80 3.30 13.80 0.60 2.40 27.90
2.70 27.90 6.60 2.70 25.80 7.20 10.80 23.40 27.60 6.90 9.90 11.70 1.80 7.50 17.40 25.20 11.40 20.10 27.30 14.40
20.70 11.40 9.30 5.10 5.10 21.90 24.90 21.60 15.00 5.40 27.30 17.70 14.70 24.60 1.50 16.20 7.80 2.70 2.10 10.50
23.10 21.30 3.30 15.90 14.70 24.60 23.40 21.00 2.40 9.00 6.00 8.10 28.50 0.30 12.30 26.40 11.10 12.30 14.10 22.50
6.30 8.40 20.70 2.10 18.30 4.20 12.60 8.70 23.40 11.70 0.60 12.60 11.40 0.90 11.40 24.90 8.40 9.00 18.30 10.80
12.00 28.20 21.60 12.90 24.30 9.60 8.10 20.70 13.80 16.20 27.30 8.10 10.20 22.80 25.20 0.90 20.40 28.20 12.00 2.40
29.40 13.80 13.20 18.30 11.10 15.00 27.00 28.20 0.90 2.70 5.40 0.90 21.30 11.10 20.10 11.70 20.40 5.10 14.70 14.70
19.50 9.30 19.20 18.30 3.00 20.70 3.30 8.40 13.20 19.50 1.80 23.70 15.00 22.50 18.60 3.90 5.10 29.40 12.90 15.30
16.20 3.30 28.50 24.00 14.40 29.40 4.20 11.40 25.20 21.60 0.60 10.20 24.90 21.90 21.90 9.90 14.70 14.70 28.80 6.60
22.50 13.80 29.70 0.30 2.70 17.70 29.10 16.50 6.30 27.00 12.00 23.10 13.50 24.00 23.10 17.40 25.50 13.50 25.20 24.90
17.10 10.50 26.40 11.10 14.70 13.50 27.30 22.50 14.40 9.30 3.00 27.60 14.40 17.70 3.30 13.80 20.70 4.80 13.20 16.20
14.70 29.70 24.90 25.20 14.70 19.80 15.00 12.90 4.50 8.10 14.40 29.10 19.50 18.90 3.00 9.60 14.70 25.50 26.70 17.70
3.90 9.00 11.40 14.10 16.80 19.80 3.00 24.60 22.80 8.40 19.50 8.10 13.80 15.30 6.00 26.10 12.30 11.70 20.40 18.30
9.30 21.90 3.90 5.40 13.20 12.90 19.20 4.50 3.30 19.80 20.10 20.40 7.20 19.80 27.90 20.10 8.70 11.40 28.50 10.20
22.80 18.00 2.70 12.30 3.30 5.10 27.00 16.50 24.00 1.50 10.80 8.70 13.20 27.00 12.00 15.60 1.50 3.90 28.20 13.50
28.20 9.00 27.60 7.80 25.80 20.70 8.10 27.30 24.60 13.50 24.90 10.80 22.80 17.40 24.00 7.20 26.10 18.30 16.20 1.20
8.40 2.10 22.20 26.70 8.70 19.80 20.70 28.80 0.60 9.30 4.20 6.30 12.60 7.20 1.50 5.40 21.90 15.60 12.00 26.10
12.60 18.90 8.40 16.20 21.30 19.20 6.90 22.20 25.20 3.00 25.20 11.10 15.30 20.70 11.10 18.00 15.60 18.90 9.00 18.30
24.30 12.90 6.90 1.50 6.90 27.00 18.00 9.00 27.00 20.10 19.50 7.20 2.70 2.10 9.90 21.30 28.20 24.90 6.30 28.80
29.10 8.70 9.90 8.10 4.50 18.00 2.10 20.40 2.40 6.30 0.30 15.90 16.80 22.20 21.00 15.00 16.80 18.00 14.70 2.70
9.90 28.80 13.20 24.00 18.60 9.30 28.50 4.20 18.30 7.50 23.10 7.80 5.10 14.40 9.60 20.40 28.20 13.80 0.90 29.70
1.50 7.50 23.10 12.60 21.90 10.80 16.80 10.80 15.90 4.20 10.50 13.50 11.70 18.30 4.50 12.60 13.20 16.80 5.10 11.70
26.40 21.90 18.60 13.80 25.20 7.50 26.70 22.20 25.20 2.70 12.60 29.70 23.70 9.90 8.40 12.30 16.50 21.00 21.60 24.90
8.70 5.70 17.70 27.90 27.90 26.70 4.20 24.90 0.60 1.20 29.70 2.40 8.10 19.80 29.70 15.00 12.30 16.50 25.20 4.20
29.70 19.50 15.90 3.90 11.40 1.50 23.40 12.90 25.80 2.40 24.60 15.90 11.70 7.50 15.00 9.30 6.30 22.50 29.40 11.10
23.10 29.40 3.90 15.90 18.00 9.60 14.40 23.40 27.30 5.70 7.80 9.90 18.60 9.30 25.80 20.70 0.90 12.60 6.90 25.80
15.30 27.90 22.50 9.90 10.50 14.40 3.30 14.40 20.10 19.20 11.70 7.20 17.10 0.30 24.60 3.00 27.00 18.60 12.60 14.70
11.70 15.60 20.10 26.40 24.90 14.10 4.80 21.60 25.80 10.50 5.40 23.10 16.80 21.90 25.50 12.60 9.60 25.50 4.80 25.20
16.20 18.60 29.10 12.00 16.80 21.90 18.30 19.20 27.60 15.90 22.20 23.40 3.90 26.70 8.40 8.70 22.80 15.30 24.00 6.30
27.00 25.20 7.50 26.70 18.30 2.40 22.80 24.90 28.50 24.30 22.50 28.80 9.60 24.90 20.40 28.80 6.00 4.80 9.00 23.40
9.00 8.10 10.80 26.70 25.50 15.30 10.50 18.30 8.70 27.90 13.80 21.30 26.40 26.10 25.50 8.10 8.40 9.30 3.60 27.90
16.20 4.50 25.50 21.90 12.00 7.20 9.60 9.30 7.20 6.60 26.40 23.40 5.40 4.80 29.40 12.90 9.60 13.20 19.50 1.50
22.80 5.10 28.80 2.70 23.10 15.30 18.90 4.80 23.70 7.80 18.90 1.20 15.60 16.80 5.40 9.30 1.50 17.40 7.20 4.20
19.50 25.80 23.10 26.40 20.10 20.40 9.90 1.80 9.00 6.00 7.50 2.40 21.90 8.70 15.30 18.30 17.10 27.60 2.10 6.90
3.00 5.40 10.20 28.20 17.40 29.10 10.20 21.60 29.10 18.30 22.80 3.30 3.00 6.60 22.20 13.50 9.00 6.90 12.00 21.90
21.00 24.90 7.20 20.70 12.30 14.70 1.20 7.50 2.70 0.60 25.50 19.50 18.90 21.30 23.70 7.80 21.00 19.80 21.00 22.80
23.40 20.70 24.60 21.60 29.70 9.60 29.10 25.50 9.60 29.10 16.80 20.40 0.30 27.60 29.10 2.10 28.50 26.40 27.90 23.70
8.70 9.90 11.70 24.90 28.80 26.40 10.20 26.70 10.50 0.60 7.20 15.90 17.40 3.30 5.70 8.40 22.50 26.40 14.70 6.60
17.70 2.40 10.80 18.00 0.90 17.70 17.40 20.40 10.50 14.10 15.00 1.80 19.80 8.70 27.60 18.90 11.70 28.80 26.70 28.20
4.80 8.10 3.90 12.90 10.80 28.80 17.70 24.90 12.00 6.90 12.90 10.80 7.50 7.80 26.10 6.90 7.80 15.90 5.10 20.40
3.90 12.90 1.80 26.10 9.90 13.50 15.30 4.20 24.60 8.10 20.40 21.90 4.20 24.60 20.70 9.90 27.60 0.30 28.50 11.70
8.70 27.60 2.40 15.90 2.40 14.70 2.10 16.50 5.10 6.30 12.60 8.10 9.30 1.20 12.60 27.90 3.00 16.80 9.90 15.00
19.20 9.90 7.80 3.00 12.00 21.90 16.20 29.10 28.80 10.80 14.70 21.60 0.90 11.40 0.90 20.10 9.60 11.10 20.40 9.30
20.70 7.80 0.60 23.70 12.90 27.30 2.40 0.90 10.80 18.60 27.90 2.70 25.50 19.20 3.60 26.70 15.90 24.60 29.10 9.00
1.20 20.40 15.60 17.70 4.80 1.20 12.60 4.80 18.00 8.70 23.40 5.40 6.00 27.00 24.30 22.50 18.60 7.20 21.90 11.40
0.30 13.20 12.30 21.30 22.50 23.70 28.20 26.70 26.40 5.10 12.90 7.80 26.70 16.20 29.10 15.00 10.50 13.20 2.40 12.90
28.50 23.40 6.00 19.50 4.50 10.50 7.80 4.20 3.60 0.90 10.80 4.80 4.50 1.80 7.80 19.50 13.50 4.50 20.40 12.00
4.80 11.10 15.90 7.50 24.30 11.10 20.70 0.30 22.80 21.00 15.30 19.20 15.00 25.50 23.10 2.70 8.10 4.80 16.20 16.80
9.00 24.30 13.50 10.80 12.90 12.60 10.50 1.80 28.20 4.20 13.50 11.10 13.20 17.40 20.70 16.80 26.40 4.50 28.50 9.30
12.00 22.20 21.00 26.40 26.40 28.50 5.70 28.80 23.40 13.20 21.60 15.90 0.90 2.10 20.10 3.60 10.50 24.30 1.80 6.90
27.60 22.50 15.30 11.10 6.90 25.20 28.20 2.40 6.60 21.90 22.20 26.10 3.60 28.20 1.20 10.80 15.90 16.80 0.30 25.50
23.10 2.10 24.90 2.10 0.30 15.90 7.80 3.90 22.20 26.70 10.80 20.40 21.90 1.50 20.40 5.70 3.90 10.50 12.90 28.20
20.10 6.90 16.20 3.30 1.20 8.10 27.90 9.60 0.60 21.30 10.50 19.20 18.30 1.80 15.30 15.00 2.10 8.10 5.70 16.50
27.90 7.20 18.60 18.30 3.00 18.30 26.40 19.20 29.70 6.30 12.30 14.10 10.20 1.50 14.70 18.00 22.20 12.90 14.40 28.20
24.00 6.30 20.40 19.80 0.60 23.70 24.30 20.10 22.20 27.00 10.80 21.60 15.60 21.30 5.40 20.70 1.50 19.50 11.40 23.40
26.40 21.90 12.90 4.50 11.70 4.50 0.60 6.00 15.30 8.40 0.90 25.50 11.10 28.20 7.20 9.60 23.10 5.40 5.10 24.30
14.40 8.10 8.40 14.10 29.10 19.20 23.40 11.10 23.10 10.80 3.90 26.70 18.30 17.70 14.70 5.10 27.30 27.30 15.00 10.20
2.10 27.30 8.40 2.40 3.30 18.90 9.30 18.90 18.30 3.90 7.20 28.20 8.10 15.30 21.90 19.20 23.10 1.50 29.10 23.10
28.80 2.40 18.60 15.00 8.40 24.90 18.00 18.90 15.90 25.50 10.20 9.30 8.40 1.80 23.70 19.20 15.90 21.60 22.80 23.10
9.90 14.10 16.80 14.10 8.10 13.50 13.20 28.20 8.70 24.60 10.20 25.80 7.20 23.70 24.30 12.00 22.20 7.50 12.30 16.80
2.40 19.50 23.70 1.20 5.70 4.20 15.30 29.10 29.10 17.10 6.60 0.30 10.50 9.00 27.60 9.30 20.40 0.90 29.40 14.10
12.00 10.80 4.50 22.20 1.80 21.30 29.70 22.20 8.40 0.30 5.10 12.00 7.80 18.30 17.10 17.70 11.70 4.50 28.20 0.90
1.20 26.10 15.90 1.20 15.00 26.70 21.00 6.90 25.20 21.60 4.20 6.30 9.60 24.90 11.70 24.60 28.50 18.60 23.10 19.50
16.50 1.50 21.00 3.30 0.90 16.80 0.90 10.20 26.10 2.10 5.10 3.00 14.40 26.70 4.50 1.80 9.60 10.50 2.70 5.10
12.90 27.30 27.00 20.70 18.30 16.50 13.20 2.40 9.30 7.50 18.00 21.60 4.80 28.80 16.80 7.80 17.10 2.10 24.30 6.30
21.90 5.10 25.80 15.60 15.60 1.80 9.00 19.20 0.60 29.10 13.20 6.30 9.00 16.20 10.80 12.90 14.40 12.90 15.90 24.30
27.00 24.60 6.90 5.10 27.30 22.20 22.50 29.70 5.70 27.00 29.70 29.10 0.90 25.50 9.30 10.20 12.90 17.10 22.50 21.60
20.40 7.80 28.20 18.30 15.90 1.20 10.50 23.40 9.90 15.30 19.20 28.80 20.70 26.40 18.00 14.40 2.70 11.70 12.00 9.00
23.70 26.70 0.60 8.70 1.50 27.00 0.30 3.30 7.80 8.40 16.50 4.50 12.60 13.80 26.70 20.40 19.80 2.40 14.40 13.20
15.00 21.90 21.90 11.70 19.20 21.90 29.70 27.00 6.60 24.90 20.10 19.80 4.20 24.00 19.20 22.20 4.50 9.30 9.00 3.90
18.60 27.00 3.90 20.10 20.70 10.20 17.10 18.30 8.40 27.30 23.40 15.30 16.80 5.70 10.80 25.80 19.20 12.60 14.70 27.00
14.10 3.00 17.70 8.40 29.70 4.80 5.40 11.40 7.50 24.00 3.60 3.00 13.50 20.10 21.60 15.30 13.50 1.80 19.80 23.10
6.60 18.90 9.00 6.60 9.60 3.00 25.50 9.00 8.70 2.70 28.80 16.50 18.30 2.40 12.60 12.90 25.80 1.50 16.80 6.60
16.20 24.30 14.10 27.00 12.90 2.10 4.80 18.30 1.80 17.70 3.90 2.40 17.40 23.40 5.70 5.40 16.80 23.70 11.70 22.50
28.20 0.30 18.60 15.30 29.70 4.20 5.10 22.80 4.80 8.10 15.90 6.60 9.00 17.40 20.10 8.10 21.30 16.80 20.40 26.10
6.90 15.30 6.60 19.80 8.70 3.30 18.60 20.70 15.30 20.70 21.00 21.60 9.30 12.30 23.40 17.10 18.60 6.00 20.70 7.20
4.20 19.50 21.90 17.40 21.90 15.60 23.10 29.10 14.10 0.60 24.00 6.90 13.20 15.30 3.60 17.70 21.30 25.50 9.60 24.90
18.00 7.20 6.60 18.90 4.20 1.50 18.60 13.50 7.80 12.30 15.60 13.50 15.30 22.20 17.10 9.90 23.40 28.20 21.00 6.30
3.90 6.60 13.80 12.90 23.70 15.00 15.30 11.40 13.20 24.30 23.10 27.00 5.10 21.00 7.80 6.30 3.90 28.20 14.70 12.30
6.60 29.40 24.30 23.10 16.20 14.40 1.80 10.80 24.90 2.40 5.10 22.50 28.20 11.40 8.40 29.40 21.90 24.00 21.00 6.60
17.10 27.90 3.90 27.90 13.80 12.90 14.70 0.90 19.80 7.20 23.70 12.60 25.50 7.20 17.10 28.80 12.00 17.40 16.20 12.00
6.90 29.70 11.40 2.40 9.90 3.30 13.50 9.00 23.40 24.60 15.30 27.60 0.90 15.60 22.20 23.70 1.20 18.90 18.00 9.90
29.10 21.60 9.30 8.70 26.10 29.70 26.40 7.80 18.00 10.50 23.10 17.10 17.70 5.10 2.40 27.30 8.70 18.00 8.40 21.90
3.30 17.10 24.90 29.40 8.40 25.80 29.10 13.50 6.60 21.60 29.70 0.30 16.20 27.90 9.00 27.30 24.90 23.70 11.70 9.90
15.90 20.10 11.10 29.40 23.40 21.00 15.60 25.50 12.30 22.80 3.60 13.20 10.80 28.50 9.30 26.70 18.90 7.80 21.30 12.30
0.90 18.00 17.70 5.10 8.10 23.10 17.10 9.90 19.80 27.30 3.90 6.30 12.60 10.50 10.80 27.60 27.00 5.70 20.40 1.50
5.40 0.60 29.40 16.80 15.90 11.70 13.50 3.30 19.20 5.40 10.50 15.60 28.80 6.60 25.20 9.00 20.10 1.20 28.50 14.10
19.80 14.40 6.30 5.70 3.30 6.30 6.00 24.90 0.90 13.50 6.00 28.80 20.70 16.20 24.60 10.80 5.40 17.40 21.60 20.70
22.50 21.60 19.50 15.90 29.70 8.10 23.40 29.10 5.10 24.90 1.80 7.20 24.00 9.30 14.70 8.40 12.00 20.10 6.30 0.30
15.30 27.90 2.40 1.20 13.50 24.60 6.30 20.10 23.40 28.50 1.80 20.70 7.80 0.90 10.50 9.30 29.40 16.50 13.80 24.00
24.30 22.50 15.00 29.40 2.40 12.60 7.20 22.80 14.40 8.70 27.30 22.80 9.90 10.20 24.90 7.50 28.20 23.70 5.10 2.70
27.00 13.50 8.10 3.60 19.20 24.30 9.60 8.40 16.80 20.70 19.80 18.30 0.60 12.90 20.70 23.70 25.20 15.90 25.50 26.40
5.10 12.30 8.70 19.50 23.10 21.60 1.80 4.50 6.00 4.20 21.90 17.70 18.30 6.00 0.30 13.50 28.80 11.70 27.60 27.30
1.80 28.80 0.30 15.90 8.70 27.60 16.20 27.00 10.80 1.50 26.40 26.10 14.10 21.90 20.70 12.90 24.30 3.90 23.70 4.80
23.70 6.00 0.60 6.90 28.20 17.40 27.30 3.60 27.30 27.60 7.50 24.30 1.80 26.10 15.00 24.00 21.90 10.20 17.10 19.50
21.30 9.30 5.70 21.60 4.80 27.90 21.90 26.40 28.50 5.10 4.80 28.20 28.50 8.70 2.70 9.00 16.20 3.60 2.10 1.20
29.10 28.20 6.60 2.10 13.50 18.30 14.10 2.70 24.30 27.90 11.10 15.00 14.40 15.30 15.60 8.70 11.40 8.40 24.30 25.50
22.80 13.50 12.60 22.50 9.00 20.40 17.40 29.70 29.40 16.50 17.40 9.90 13.20 21.00 29.70 14.40 10.80 17.10 21.90 1.80
