# nJobs | nMachines
100 5
# Job Weights
86
94
67
76
20
39
85
40
88
88
85
47
63
54
38
44
57
37
84
59
4
72
52
59
45
81
34
47
67
77
65
73
20
89
43
28
30
79
26
15
25
44
77
81
20
22
97
10
73
94
80
20
84
72
36
49
9
72
20
57
21
26
62
89
65
8
91
49
39
40
28
93
93
50
100
65
65
11
13
34
66
7
25
97
11
36
12
96
52
62
12
91
92
33
86
62
31
52
14
13
# P_bar : m1 | m2 | m3 | m4 | m5
31 28 55 71 32
37 1 91 85 28
48 98 82 53 73
7 12 92 10 30
22 29 84 54 72
18 18 54 61 56
95 31 60 86 83
98 93 21 11 21
21 13 32 79 33
79 84 11 15 40
99 26 26 47 51
81 27 60 54 73
65 94 71 78 15
55 60 94 54 87
46 91 85 44 12
56 23 25 69 69
93 35 10 40 7
88 52 16 95 2
43 28 23 35 91
52 87 21 78 70
68 8 14 62 26
11 95 65 93 16
69 8 75 70 82
27 47 24 8 16
65 75 46 84 97
85 99 54 43 99
55 85 69 59 28
49 50 28 44 56
3 15 93 30 29
53 75 76 77 67
25 64 82 77 69
29 41 71 34 68
33 49 63 80 78
35 16 85 37 87
56 40 16 88 73
89 64 22 9 87
36 65 81 73 98
50 64 43 98 28
30 26 96 13 60
9 87 8 19 54
53 89 50 53 99
29 55 78 88 52
26 43 71 39 7
55 11 46 23 68
62 83 81 11 40
93 75 95 17 27
31 14 6 6 12
13 52 36 3 49
62 86 17 1 60
76 14 46 74 61
41 10 54 87 48
82 45 10 77 49
1 90 82 25 31
1 46 91 26 58
65 49 30 13 92
65 55 93 3 16
23 27 15 78 57
33 70 17 45 42
7 71 34 29 82
14 69 19 7 46
74 62 14 60 35
81 90 45 62 94
60 30 4 61 33
35 91 64 95 85
73 76 14 39 71
83 55 3 53 70
24 68 65 78 87
42 77 69 6 43
61 77 48 25 23
9 1 2 10 28
67 48 51 71 79
55 34 7 7 13
58 48 13 28 89
48 59 70 96 45
38 5 76 42 75
55 74 91 63 85
30 77 87 98 86
76 4 96 35 34
47 93 14 93 20
4 87 31 60 47
3 74 78 89 11
57 81 22 84 14
32 29 50 80 30
62 6 36 8 81
61 18 86 59 29
72 16 83 53 64
67 84 32 58 73
59 75 54 64 94
57 80 98 88 29
80 38 21 66 8
97 34 94 72 84
73 11 72 72 33
75 13 66 81 18
58 84 96 11 95
74 17 2 75 70
32 53 26 90 85
87 19 4 90 15
6 93 54 42 93
47 71 25 96 62
65 66 27 7 74
# P_hat : m1 | m2 | m3 | m4 | m5
15.50 14.00 27.50 35.50 16.00
18.50 0.50 45.50 42.50 14.00
24.00 49.00 41.00 26.50 36.50
3.50 6.00 46.00 5.00 15.00
11.00 14.50 42.00 27.00 36.00
9.00 9.00 27.00 30.50 28.00
47.50 15.50 30.00 43.00 41.50
49.00 46.50 10.50 5.50 10.50
10.50 6.50 16.00 39.50 16.50
39.50 42.00 5.50 7.50 20.00
49.50 13.00 13.00 23.50 25.50
40.50 13.50 30.00 27.00 36.50
32.50 47.00 35.50 39.00 7.50
27.50 30.00 47.00 27.00 43.50
23.00 45.50 42.50 22.00 6.00
28.00 11.50 12.50 34.50 34.50
46.50 17.50 5.00 20.00 3.50
44.00 26.00 8.00 47.50 1.00
21.50 14.00 11.50 17.50 45.50
26.00 43.50 10.50 39.00 35.00
34.00 4.00 7.00 31.00 13.00
5.50 47.50 32.50 46.50 8.00
34.50 4.00 37.50 35.00 41.00
13.50 23.50 12.00 4.00 8.00
32.50 37.50 23.00 42.00 48.50
42.50 49.50 27.00 21.50 49.50
27.50 42.50 34.50 29.50 14.00
24.50 25.00 14.00 22.00 28.00
1.50 7.50 46.50 15.00 14.50
26.50 37.50 38.00 38.50 33.50
12.50 32.00 41.00 38.50 34.50
14.50 20.50 35.50 17.00 34.00
16.50 24.50 31.50 40.00 39.00
17.50 8.00 42.50 18.50 43.50
28.00 20.00 8.00 44.00 36.50
44.50 32.00 11.00 4.50 43.50
18.00 32.50 40.50 36.50 49.00
25.00 32.00 21.50 49.00 14.00
15.00 13.00 48.00 6.50 30.00
4.50 43.50 4.00 9.50 27.00
26.50 44.50 25.00 26.50 49.50
14.50 27.50 39.00 44.00 26.00
13.00 21.50 35.50 19.50 3.50
27.50 5.50 23.00 11.50 34.00
31.00 41.50 40.50 5.50 20.00
46.50 37.50 47.50 8.50 13.50
15.50 7.00 3.00 3.00 6.00
6.50 26.00 18.00 1.50 24.50
31.00 43.00 8.50 0.50 30.00
38.00 7.00 23.00 37.00 30.50
20.50 5.00 27.00 43.50 24.00
41.00 22.50 5.00 38.50 24.50
0.50 45.00 41.00 12.50 15.50
0.50 23.00 45.50 13.00 29.00
32.50 24.50 15.00 6.50 46.00
32.50 27.50 46.50 1.50 8.00
11.50 13.50 7.50 39.00 28.50
16.50 35.00 8.50 22.50 21.00
3.50 35.50 17.00 14.50 41.00
7.00 34.50 9.50 3.50 23.00
37.00 31.00 7.00 30.00 17.50
40.50 45.00 22.50 31.00 47.00
30.00 15.00 2.00 30.50 16.50
17.50 45.50 32.00 47.50 42.50
36.50 38.00 7.00 19.50 35.50
41.50 27.50 1.50 26.50 35.00
12.00 34.00 32.50 39.00 43.50
21.00 38.50 34.50 3.00 21.50
30.50 38.50 24.00 12.50 11.50
4.50 0.50 1.00 5.00 14.00
33.50 24.00 25.50 35.50 39.50
27.50 17.00 3.50 3.50 6.50
29.00 24.00 6.50 14.00 44.50
24.00 29.50 35.00 48.00 22.50
19.00 2.50 38.00 21.00 37.50
27.50 37.00 45.50 31.50 42.50
15.00 38.50 43.50 49.00 43.00
38.00 2.00 48.00 17.50 17.00
23.50 46.50 7.00 46.50 10.00
2.00 43.50 15.50 30.00 23.50
1.50 37.00 39.00 44.50 5.50
28.50 40.50 11.00 42.00 7.00
16.00 14.50 25.00 40.00 15.00
31.00 3.00 18.00 4.00 40.50
30.50 9.00 43.00 29.50 14.50
36.00 8.00 41.50 26.50 32.00
33.50 42.00 16.00 29.00 36.50
29.50 37.50 27.00 32.00 47.00
28.50 40.00 49.00 44.00 14.50
40.00 19.00 10.50 33.00 4.00
48.50 17.00 47.00 36.00 42.00
36.50 5.50 36.00 36.00 16.50
37.50 6.50 33.00 40.50 9.00
29.00 42.00 48.00 5.50 47.50
37.00 8.50 1.00 37.50 35.00
16.00 26.50 13.00 45.00 42.50
43.50 9.50 2.00 45.00 7.50
3.00 46.50 27.00 21.00 46.50
23.50 35.50 12.50 48.00 31.00
32.50 33.00 13.50 3.50 37.00
