# nJobs | nMachines
200 20
# Job Weights
48
18
4
41
84
6
76
60
1
66
95
49
26
85
9
56
22
36
19
45
40
65
50
62
36
74
37
19
71
15
20
100
3
29
9
40
55
18
66
62
66
20
27
46
100
8
23
85
16
91
83
45
16
27
28
72
15
38
52
89
86
79
96
69
15
51
68
42
83
61
44
87
89
89
47
47
77
70
36
53
45
22
85
38
35
50
51
88
2
36
97
100
97
20
6
55
20
1
94
60
55
82
46
39
94
7
59
45
58
98
3
33
12
90
13
88
30
77
89
82
81
20
54
75
16
35
1
17
83
87
52
80
40
69
5
100
41
63
62
22
59
44
35
63
42
78
96
56
53
50
74
46
99
54
13
93
38
5
36
6
52
51
77
91
18
76
15
45
15
3
37
11
29
22
79
31
68
34
80
15
80
6
58
96
11
44
98
71
17
66
41
11
80
84
38
11
62
70
62
80
# P_bar : m1 | m2 | m3 | m4 | m5 | m6 | m7 | m8 | m9 | m10 | m11 | m12 | m13 | m14 | m15 | m16 | m17 | m18 | m19 | m20
31 67 84 38 24 45 69 98 99 57 22 86 4 37 49 58 8 34 70 14
6 80 52 58 62 39 87 82 76 34 71 24 18 83 28 7 66 42 74 74
1 76 21 1 79 29 97 98 36 22 89 81 34 89 78 12 50 79 46 37
38 74 39 71 85 22 43 30 34 91 32 27 63 90 67 29 43 18 5 63
93 79 25 80 30 77 24 49 38 98 71 38 17 63 93 55 52 98 33 95
48 91 54 63 40 15 99 66 23 63 99 53 35 20 63 62 7 19 3 20
70 68 8 65 9 44 51 7 23 54 42 2 59 46 64 44 92 26 19 36
22 87 4 72 86 54 14 49 62 50 60 35 29 72 23 9 5 56 53 51
77 22 61 51 4 25 15 50 58 82 50 38 30 94 3 90 12 49 98 9
9 95 43 4 4 35 24 82 28 96 80 89 46 85 24 38 13 57 61 31
86 45 64 47 30 95 82 76 61 5 93 23 40 75 62 13 26 49 37 64
40 47 50 9 27 47 7 5 26 91 56 64 57 68 70 63 7 44 60 6
38 67 34 63 6 46 75 83 70 16 26 37 89 1 99 11 14 8 41 51
13 24 65 62 24 56 82 70 73 26 27 28 37 47 51 26 40 44 14 81
18 70 43 25 21 21 2 58 37 38 21 59 11 27 36 57 85 25 79 66
8 84 56 25 10 17 98 67 46 14 1 5 37 9 32 12 57 25 49 24
96 77 24 74 15 71 46 90 7 49 3 35 26 48 93 73 60 95 88 59
86 7 56 31 53 5 59 96 92 19 27 1 20 33 75 93 9 47 70 50
65 5 9 55 92 38 10 32 62 36 80 93 46 86 73 41 29 87 80 1
14 94 16 45 6 80 80 39 56 91 32 84 39 22 78 45 27 85 76 49
34 10 55 12 22 77 55 73 89 93 45 38 7 83 78 6 36 32 5 27
96 42 83 57 50 55 68 80 68 74 45 23 25 56 18 92 3 22 20 42
92 64 68 86 80 47 91 69 31 94 56 21 52 29 5 61 62 99 36 54
97 74 51 56 19 17 33 21 55 96 74 75 85 41 55 35 59 68 64 48
73 17 59 26 10 10 79 80 37 9 37 89 38 96 10 84 98 50 42 48
4 84 96 98 68 19 58 76 75 68 15 76 45 30 53 23 43 87 8 64
95 7 26 40 98 1 79 19 74 23 90 76 11 86 77 78 23 1 36 24
5 59 75 77 1 72 54 24 76 60 40 8 89 71 82 30 48 20 66 13
60 51 21 85 95 63 13 77 81 36 92 33 55 43 20 27 12 94 18 42
2 42 58 11 89 48 70 66 93 70 59 85 52 32 49 66 56 83 98 52
83 70 33 17 18 55 26 32 28 63 75 92 40 71 39 71 30 16 87 34
34 95 13 4 3 58 34 12 61 36 63 69 76 2 92 79 34 84 78 14
56 76 59 99 78 40 9 77 30 83 84 4 82 8 80 85 60 56 53 46
3 83 48 85 37 90 7 29 7 18 82 33 72 9 82 70 2 38 64 33
16 86 75 44 21 18 74 82 43 41 3 78 10 46 95 59 11 58 78 10
7 58 75 71 50 97 73 97 42 50 7 28 93 47 98 91 28 68 99 37
45 60 30 39 60 40 70 30 39 83 43 70 7 65 99 94 82 38 85 34
4 89 91 62 94 54 92 61 52 75 9 9 88 38 41 40 17 34 13 78
17 78 70 38 27 9 97 95 59 22 31 44 60 50 73 94 39 95 80 86
74 97 8 91 11 28 60 53 68 8 37 21 63 33 94 51 39 43 76 44
42 44 25 31 69 99 60 80 73 81 89 59 45 69 80 2 4 50 59 98
69 10 17 44 57 44 21 33 75 16 68 62 43 45 72 86 62 16 2 36
13 82 96 76 93 19 16 2 33 99 17 46 88 65 11 1 89 41 64 63
5 26 79 41 29 80 64 87 94 62 82 53 40 3 46 21 66 44 94 58
24 14 52 26 53 7 94 86 30 79 9 16 47 99 81 10 85 30 64 91
42 32 89 9 20 39 94 97 32 24 63 50 3 71 60 61 62 38 58 42
13 25 76 58 24 45 16 17 38 33 36 72 87 21 56 29 9 76 70 15
30 25 73 56 21 35 56 61 39 71 30 23 30 93 27 78 76 84 53 45
75 30 66 76 68 75 96 98 65 50 49 55 20 40 39 26 1 65 41 52
57 22 12 38 52 52 20 62 4 19 59 18 61 39 14 34 34 78 40 68
73 27 24 25 52 20 32 87 74 53 94 48 36 26 98 42 93 23 37 84
63 20 65 51 73 89 31 15 31 71 59 67 4 63 29 87 47 5 23 92
71 15 66 83 8 43 44 95 31 8 26 94 24 55 26 68 97 64 56 12
70 72 53 64 86 20 38 39 71 8 6 86 78 15 52 82 53 33 60 57
20 48 35 94 53 46 14 4 86 57 27 97 67 4 59 13 20 63 65 13
93 71 12 58 81 12 17 58 60 46 35 12 56 21 57 2 87 85 50 28
94 3 63 55 41 58 43 62 82 74 44 80 82 45 40 40 49 13 26 89
89 3 14 96 89 87 59 95 2 75 66 91 76 80 33 30 51 45 65 21
54 21 97 2 69 11 17 47 17 22 73 81 64 87 58 87 17 24 18 4
29 69 45 21 4 96 11 34 36 60 29 19 47 66 15 6 13 58 65 99
14 94 37 10 75 77 91 91 62 6 24 32 99 13 95 51 82 26 91 19
67 43 61 91 15 85 61 92 21 31 51 7 48 83 44 79 15 49 11 70
16 93 37 90 72 81 63 94 16 33 91 39 85 47 26 70 11 84 29 79
56 61 63 26 87 8 89 40 14 15 35 54 22 69 9 75 56 29 87 51
54 40 91 84 20 36 62 17 65 93 48 63 25 13 37 88 8 11 75 34
49 83 45 63 96 3 23 22 68 71 9 92 95 27 78 9 30 62 82 5
65 92 45 27 23 61 27 81 30 79 14 38 1 41 85 9 97 48 37 94
6 30 65 76 57 63 13 6 42 57 96 95 24 28 29 90 96 24 22 11
89 86 28 99 88 47 52 33 46 60 18 53 59 20 96 87 14 42 57 49
70 1 2 70 89 68 47 51 49 18 14 18 38 34 20 54 41 33 8 84
86 41 10 64 64 86 4 6 99 26 13 42 84 90 86 35 7 90 29 4
16 2 50 75 40 62 6 48 93 75 30 82 26 7 50 56 54 65 93 69
39 68 51 99 83 87 4 43 22 40 46 27 77 9 71 98 98 16 12 76
85 50 25 91 95 19 45 15 55 54 66 62 48 76 56 8 42 90 45 16
35 91 93 66 67 6 22 81 12 58 9 1 31 95 14 33 42 30 39 32
59 63 26 20 57 63 94 65 42 75 35 86 5 28 10 39 62 38 63 10
10 93 16 87 59 9 34 56 28 3 46 19 20 62 17 56 24 60 46 80
79 82 26 69 98 88 31 78 2 38 85 52 3 62 64 51 53 41 89 70
51 74 5 64 54 53 82 48 54 50 71 9 60 52 67 72 71 14 35 78
14 73 17 16 90 98 58 72 46 97 48 95 39 51 8 82 80 46 35 69
97 56 9 68 52 56 46 70 13 28 55 28 86 21 55 53 69 3 13 97
3 89 76 6 66 93 49 16 67 88 62 79 23 91 35 38 62 73 21 78
82 73 95 60 4 18 46 11 17 33 62 54 15 51 59 31 70 10 30 98
39 26 55 91 60 82 64 90 20 15 45 1 8 13 1 60 59 8 57 90
42 72 70 84 58 89 48 82 53 47 36 69 15 23 64 34 43 83 34 29
11 36 8 27 86 46 46 5 96 44 95 94 43 45 46 52 38 7 71 62
56 83 32 69 99 21 28 56 27 49 38 62 35 43 23 86 26 80 40 65
32 17 61 20 53 91 99 50 34 89 71 16 41 41 57 43 62 42 58 41
42 94 38 63 4 32 41 55 62 53 53 77 19 86 41 81 81 63 62 64
59 65 32 84 93 59 85 33 96 95 3 70 75 51 2 63 74 65 13 77
54 82 4 8 10 60 74 83 78 25 38 47 73 30 35 26 35 26 87 13
94 84 97 28 69 10 35 52 62 30 95 56 51 20 77 46 43 61 56 47
16 64 97 97 7 24 74 36 67 1 8 78 20 92 43 79 85 40 45 18
9 91 24 89 39 14 99 70 19 67 25 22 20 11 45 97 37 5 57 18
11 73 3 68 95 62 92 97 39 46 26 67 33 57 52 66 6 41 68 9
27 57 20 55 94 76 7 69 85 56 26 97 65 80 31 34 45 85 81 30
73 15 86 41 58 92 15 60 92 10 47 12 33 11 82 87 9 88 28 60
90 50 12 16 9 80 65 75 4 81 18 15 52 81 35 65 79 82 7 90
46 47 66 90 77 41 27 76 19 95 83 3 85 43 77 47 41 33 94 59
39 67 96 5 64 67 15 20 54 5 38 33 65 45 54 70 35 13 39 6
90 19 83 73 8 5 62 73 84 50 62 32 24 81 47 24 55 32 7 65
18 39 36 71 55 11 70 82 98 32 69 18 93 17 90 80 36 60 25 64
14 66 89 59 12 9 77 43 46 4 22 85 37 13 73 68 39 10 76 18
67 26 86 35 49 10 39 18 25 73 92 44 1 93 26 47 68 54 45 30
68 60 49 69 64 40 43 90 93 9 78 73 75 89 47 78 39 26 49 85
15 89 29 31 56 40 73 3 44 90 94 76 74 34 68 31 43 16 51 29
60 49 5 49 87 69 50 56 73 22 2 19 44 27 57 71 83 94 84 37
57 51 55 21 60 58 95 16 33 35 85 83 34 78 2 83 12 22 76 3
75 45 34 37 9 56 69 77 75 42 91 49 74 46 41 4 52 81 71 53
95 54 63 79 85 87 85 29 38 45 63 77 99 87 88 82 16 91 61 26
69 98 22 79 60 6 64 17 3 94 52 74 70 21 52 63 2 15 94 32
23 87 35 21 6 3 80 91 86 83 18 11 20 82 27 70 23 37 27 44
23 23 65 45 7 94 27 90 91 18 10 32 52 82 61 40 6 72 93 20
33 20 40 87 59 42 36 81 17 80 33 5 97 20 87 89 46 64 35 19
66 68 55 74 94 47 87 11 7 60 47 77 34 94 3 33 61 1 56 71
67 63 91 5 3 42 5 6 59 15 58 25 76 34 45 73 1 96 32 28
40 14 88 7 58 27 72 25 15 78 93 19 95 92 66 76 32 66 83 82
20 3 89 64 14 23 8 81 66 86 48 31 71 96 31 11 82 33 7 40
76 32 32 22 79 89 30 34 81 67 47 65 33 59 36 90 97 73 10 47
18 6 47 10 94 2 30 16 97 23 37 8 73 73 81 91 39 88 44 24
8 55 5 21 14 57 69 86 6 98 52 63 35 8 84 68 7 59 40 31
63 79 36 62 70 37 12 37 76 5 90 98 3 98 58 70 44 16 40 45
57 43 26 93 27 15 33 52 65 94 51 62 92 35 26 50 54 19 17 65
64 33 34 5 70 35 84 31 30 25 50 15 57 51 99 27 29 80 35 96
18 90 48 46 7 30 20 94 55 72 90 94 61 70 14 98 84 2 93 14
49 66 66 77 3 19 8 38 88 73 54 35 28 9 73 72 41 18 70 16
7 25 93 38 12 71 97 3 21 32 58 42 9 63 95 73 42 17 31 86
56 34 90 31 33 38 42 95 12 56 88 81 53 61 91 5 22 29 55 86
95 63 26 71 81 60 57 7 86 79 85 85 27 53 72 76 45 14 31 93
31 60 14 71 19 3 35 2 6 70 29 3 41 30 9 77 46 95 51 32
9 9 39 67 25 36 60 12 94 30 49 30 22 3 73 41 86 59 39 33
1 34 9 72 5 48 19 19 99 24 39 76 58 33 95 52 33 52 39 1
90 30 30 84 21 10 53 50 44 39 4 63 31 57 35 74 58 50 82 32
94 80 98 19 87 52 72 10 95 52 81 19 54 34 50 52 55 86 38 13
63 11 93 90 51 2 5 44 43 21 79 90 33 27 13 93 39 12 52 63
90 86 86 93 49 98 51 23 75 92 65 39 63 35 77 16 70 46 93 47
78 27 75 63 39 94 88 69 66 81 35 45 93 37 41 80 93 42 43 16
75 96 54 29 42 90 96 96 35 31 65 64 57 50 88 19 91 16 80 24
36 16 99 28 69 8 32 65 26 9 75 46 67 35 8 89 19 99 57 13
71 57 3 1 97 52 33 41 93 30 45 57 67 69 34 35 42 5 88 80
18 2 85 84 69 33 16 80 93 38 18 29 36 26 37 12 16 3 69 54
12 93 34 46 2 5 19 59 36 47 67 55 43 71 24 51 38 18 20 23
32 81 90 89 54 99 97 43 88 21 66 20 86 11 71 39 68 53 83 47
47 76 75 51 5 37 17 61 52 5 28 95 28 23 37 89 42 47 79 11
69 7 74 21 64 32 81 17 7 42 65 61 40 49 94 74 93 71 23 67
53 71 91 17 36 66 19 33 4 52 28 7 9 40 78 73 81 73 62 50
48 59 10 96 66 78 77 59 39 48 39 95 75 8 50 50 56 91 30 9
82 90 99 22 32 90 18 10 93 57 87 74 62 14 7 57 93 98 94 82
91 8 71 64 59 50 32 10 6 27 1 71 69 11 62 82 58 22 36 13
71 38 89 35 64 70 66 78 12 62 13 13 21 99 24 40 57 61 6 40
20 45 26 10 67 49 7 50 9 96 29 57 60 94 46 79 77 56 4 17
78 45 65 53 89 57 91 91 39 78 87 62 54 42 17 76 70 91 71 10
31 5 58 63 25 87 74 58 16 25 72 52 64 47 19 69 20 38 51 98
46 26 46 16 9 53 64 46 98 41 10 74 92 41 11 14 20 7 2 94
43 70 33 94 44 8 63 15 70 16 63 63 37 98 98 87 16 10 37 34
98 33 5 92 65 21 45 34 6 77 43 66 75 97 99 59 89 54 44 37
64 36 16 71 95 52 23 28 30 1 12 71 88 47 62 84 20 73 96 68
91 14 82 34 24 67 90 36 97 11 62 70 68 43 55 43 24 84 19 38
11 32 45 52 75 91 10 44 9 29 62 6 50 79 80 6 15 94 76 52
49 60 14 41 2 42 40 51 54 23 94 14 56 68 51 40 23 11 65 26
28 66 2 5 46 3 35 46 92 97 32 96 24 29 67 40 70 22 17 74
7 20 22 72 9 41 45 31 49 36 13 64 97 79 95 51 28 24 50 91
23 66 19 61 9 73 44 24 76 31 77 15 27 76 11 17 50 42 44 59
94 29 57 68 23 63 59 57 93 85 2 54 56 51 99 41 25 22 51 30
79 52 83 15 84 18 34 18 62 63 13 98 55 86 86 81 72 10 3 5
51 47 76 77 28 27 83 25 10 2 7 80 65 88 95 4 43 36 65 95
68 10 97 96 46 77 20 26 60 5 33 34 38 43 83 89 6 90 9 84
7 61 73 85 6 7 63 22 22 98 96 55 67 49 92 60 92 43 25 16
24 41 34 88 59 55 53 53 89 49 25 89 27 68 2 21 5 57 22 62
59 46 99 23 51 83 79 52 60 60 69 13 6 30 66 94 78 41 84 85
35 9 22 66 60 89 48 74 69 10 33 52 26 45 67 70 97 88 72 98
97 17 85 87 83 60 66 17 38 16 22 60 16 1 45 52 53 24 54 34
52 91 46 27 37 44 90 30 67 38 26 47 66 10 20 98 66 50 72 97
40 5 65 58 74 58 40 24 24 91 98 44 66 1 48 64 8 9 3 6
90 18 74 12 63 56 10 28 53 86 36 87 5 17 64 16 53 82 7 45
91 95 79 85 33 25 14 59 98 40 32 88 84 17 99 42 82 88 20 53
40 10 81 12 11 99 29 72 93 35 10 71 21 85 15 7 79 10 77 57
35 23 52 44 24 62 94 28 70 71 55 49 45 16 27 59 55 54 36 81
35 47 97 8 68 26 41 12 99 44 60 98 78 84 83 31 42 35 29 91
55 66 67 67 50 3 86 28 34 13 4 4 24 36 45 51 90 7 87 47
91 67 86 82 73 7 49 49 97 33 29 10 97 71 75 16 18 99 30 28
90 36 59 48 61 87 60 97 93 71 51 13 30 33 41 22 4 71 3 80
61 23 66 70 33 50 20 81 35 27 35 81 84 57 86 29 99 4 17 93
68 18 49 57 67 71 44 59 31 87 51 18 42 66 57 64 38 94 42 80
43 96 50 37 75 49 46 24 4 85 44 2 32 8 88 58 94 51 88 46
91 98 23 4 23 14 48 87 19 80 67 69 96 62 65 22 59 1 26 57
86 58 40 55 15 14 59 39 59 66 65 41 32 69 41 44 71 42 89 43
5 37 47 21 83 37 87 61 45 9 54 62 44 67 19 76 20 42 98 99
46 18 24 75 15 79 6 59 32 27 20 70 35 75 28 38 14 5 91 12
85 12 69 79 10 45 76 32 33 4 60 87 26 86 14 53 81 89 90 81
25 57 56 95 6 27 53 61 67 10 29 24 23 52 23 69 77 90 37 35
73 24 67 73 50 91 33 13 27 33 20 16 61 40 81 35 70 15 82 81
65 98 51 55 90 43 92 62 81 32 89 66 70 95 86 33 35 47 78 36
70 60 93 38 28 97 27 54 17 20 80 63 19 14 90 2 70 94 42 38
6 29 87 60 74 60 34 81 91 50 81 10 26 31 72 94 1 65 63 72
38 16 17 59 19 12 16 51 6 60 47 58 23 86 23 77 16 44 33 86
46 62 64 36 93 36 34 23 36 17 41 54 47 15 16 20 5 2 98 45
25 97 74 48 38 59 31 29 59 15 5 72 27 66 21 34 14 53 37 43
32 86 38 3 47 21 73 65 50 14 79 43 75 5 23 85 54 14 46 56
37 79 57 77 49 64 66 74 56 7 54 49 69 71 34 20 19 19 84 71
# P_hat : m1 | m2 | m3 | m4 | m5 | m6 | m7 | m8 | m9 | m10 | m11 | m12 | m13 | m14 | m15 | m16 | m17 | m18 | m19 | m20
12.40 26.80 33.60 15.20 9.60 18.00 27.60 39.20 39.60 22.80 8.80 34.40 1.60 14.80 19.60 23.20 3.20 13.60 28.00 5.60
2.40 32.00 20.80 23.20 24.80 15.60 34.80 32.80 30.40 13.60 28.40 9.60 7.20 33.20 11.20 2.80 26.40 16.80 29.60 29.60
0.40 30.40 8.40 0.40 31.60 11.60 38.80 39.20 14.40 8.80 35.60 32.40 13.60 35.60 31.20 4.80 20.00 31.60 18.40 14.80
15.20 29.60 15.60 28.40 34.00 8.80 17.20 12.00 13.60 36.40 12.80 10.80 25.20 36.00 26.80 11.60 17.20 7.20 2.00 25.20
37.20 31.60 10.00 32.00 12.00 30.80 9.60 19.60 15.20 39.20 28.40 15.20 6.80 25.20 37.20 22.00 20.80 39.20 13.20 38.00
19.20 36.40 21.60 25.20 16.00 6.00 39.60 26.40 9.20 25.20 39.60 21.20 14.00 8.00 25.20 24.80 2.80 7.60 1.20 8.00
28.00 27.20 3.20 26.00 3.60 17.60 20.40 2.80 9.20 21.60 16.80 0.80 23.60 18.40 25.60 17.60 36.80 10.40 7.60 14.40
8.80 34.80 1.60 28.80 34.40 21.60 5.60 19.60 24.80 20.00 24.00 14.00 11.60 28.80 9.20 3.60 2.00 22.40 21.20 20.40
30.80 8.80 24.40 20.40 1.60 10.00 6.00 20.00 23.20 32.80 20.00 15.20 12.00 37.60 1.20 36.00 4.80 19.60 39.20 3.60
3.60 38.00 17.20 1.60 1.60 14.00 9.60 32.80 11.20 38.40 32.00 35.60 18.40 34.00 9.60 15.20 5.20 22.80 24.40 12.40
34.40 18.00 25.60 18.80 12.00 38.00 32.80 30.40 24.40 2.00 37.20 9.20 16.00 30.00 24.80 5.20 10.40 19.60 14.80 25.60
16.00 18.80 20.00 3.60 10.80 18.80 2.80 2.00 10.40 36.40 22.40 25.60 22.80 27.20 28.00 25.20 2.80 17.60 24.00 2.40
15.20 26.80 13.60 25.20 2.40 18.40 30.00 33.20 28.00 6.40 10.40 14.80 35.60 0.40 39.60 4.40 5.60 3.20 16.40 20.40
5.20 9.60 26.00 24.80 9.60 22.40 32.80 28.00 29.20 10.40 10.80 11.20 14.80 18.80 20.40 10.40 16.00 17.60 5.60 32.40
7.20 28.00 17.20 10.00 8.40 8.40 0.80 23.20 14.80 15.20 8.40 23.60 4.40 10.80 14.40 22.80 34.00 10.00 31.60 26.40
3.20 33.60 22.40 10.00 4.00 6.80 39.20 26.80 18.40 5.60 0.40 2.00 14.80 3.60 12.80 4.80 22.80 10.00 19.60 9.60
38.40 30.80 9.60 29.60 6.00 28.40 18.40 36.00 2.80 19.60 1.20 14.00 10.40 19.20 37.20 29.20 24.00 38.00 35.20 23.60
34.40 2.80 22.40 12.40 21.20 2.00 23.60 38.40 36.80 7.60 10.80 0.40 8.00 13.20 30.00 37.20 3.60 18.80 28.00 20.00
26.00 2.00 3.60 22.00 36.80 15.20 4.00 12.80 24.80 14.40 32.00 37.20 18.40 34.40 29.20 16.40 11.60 34.80 32.00 0.40
5.60 37.60 6.40 18.00 2.40 32.00 32.00 15.60 22.40 36.40 12.80 33.60 15.60 8.80 31.20 18.00 10.80 34.00 30.40 19.60
13.60 4.00 22.00 4.80 8.80 30.80 22.00 29.20 35.60 37.20 18.00 15.20 2.80 33.20 31.20 2.40 14.40 12.80 2.00 10.80
38.40 16.80 33.20 22.80 20.00 22.00 27.20 32.00 27.20 29.60 18.00 9.20 10.00 22.40 7.20 36.80 1.20 8.80 8.00 16.80
36.80 25.60 27.20 34.40 32.00 18.80 36.40 27.60 12.40 37.60 22.40 8.40 20.80 11.60 2.00 24.40 24.80 39.60 14.40 21.60
38.80 29.60 20.40 22.40 7.60 6.80 13.20 8.40 22.00 38.40 29.60 30.00 34.00 16.40 22.00 14.00 23.60 27.20 25.60 19.20
29.20 6.80 23.60 10.40 4.00 4.00 31.60 32.00 14.80 3.60 14.80 35.60 15.20 38.40 4.00 33.60 39.20 20.00 16.80 19.20
1.60 33.60 38.40 39.20 27.20 7.60 23.20 30.40 30.00 27.20 6.00 30.40 18.00 12.00 21.20 9.20 17.20 34.80 3.20 25.60
38.00 2.80 10.40 16.00 39.20 0.40 31.60 7.60 29.60 9.20 36.00 30.40 4.40 34.40 30.80 31.20 9.20 0.40 14.40 9.60
2.00 23.60 30.00 30.80 0.40 28.80 21.60 9.60 30.40 24.00 16.00 3.20 35.60 28.40 32.80 12.00 19.20 8.00 26.40 5.20
24.00 20.40 8.40 34.00 38.00 25.20 5.20 30.80 32.40 14.40 36.80 13.20 22.00 17.20 8.00 10.80 4.80 37.60 7.20 16.80
0.80 16.80 23.20 4.40 35.60 19.20 28.00 26.40 37.20 28.00 23.60 34.00 20.80 12.80 19.60 26.40 22.40 33.20 39.20 20.80
33.20 28.00 13.20 6.80 7.20 22.00 10.40 12.80 11.20 25.20 30.00 36.80 16.00 28.40 15.60 28.40 12.00 6.40 34.80 13.60
13.60 38.00 5.20 1.60 1.20 23.20 13.60 4.80 24.40 14.40 25.20 27.60 30.40 0.80 36.80 31.60 13.60 33.60 31.20 5.60
22.40 30.40 23.60 39.60 31.20 16.00 3.60 30.80 12.00 33.20 33.60 1.60 32.80 3.20 32.00 34.00 24.00 22.40 21.20 18.40
1.20 33.20 19.20 34.00 14.80 36.00 2.80 11.60 2.80 7.20 32.80 13.20 28.80 3.60 32.80 28.00 0.80 15.20 25.60 13.20
6.40 34.40 30.00 17.60 8.40 7.20 29.60 32.80 17.20 16.40 1.20 31.20 4.00 18.40 38.00 23.60 4.40 23.20 31.20 4.00
2.80 23.20 30.00 28.40 20.00 38.80 29.20 38.80 16.80 20.00 2.80 11.20 37.20 18.80 39.20 36.40 11.20 27.20 39.60 14.80
18.00 24.00 12.00 15.60 24.00 16.00 28.00 12.00 15.60 33.20 17.20 28.00 2.80 26.00 39.60 37.60 32.80 15.20 34.00 13.60
1.60 35.60 36.40 24.80 37.60 21.60 36.80 24.40 20.80 30.00 3.60 3.60 35.20 15.20 16.40 16.00 6.80 13.60 5.20 31.20
6.80 31.20 28.00 15.20 10.80 3.60 38.80 38.00 23.60 8.80 12.40 17.60 24.00 20.00 29.20 37.60 15.60 38.00 32.00 34.40
29.60 38.80 3.20 36.40 4.40 11.20 24.00 21.20 27.20 3.20 14.80 8.40 25.20 13.20 37.60 20.40 15.60 17.20 30.40 17.60
16.80 17.60 10.00 12.40 27.60 39.60 24.00 32.00 29.20 32.40 35.60 23.60 18.00 27.60 32.00 0.80 1.60 20.00 23.60 39.20
27.60 4.00 6.80 17.60 22.80 17.60 8.40 13.20 30.00 6.40 27.20 24.80 17.20 18.00 28.80 34.40 24.80 6.40 0.80 14.40
5.20 32.80 38.40 30.40 37.20 7.60 6.40 0.80 13.20 39.60 6.80 18.40 35.20 26.00 4.40 0.40 35.60 16.40 25.60 25.20
2.00 10.40 31.60 16.40 11.60 32.00 25.60 34.80 37.60 24.80 32.80 21.20 16.00 1.20 18.40 8.40 26.40 17.60 37.60 23.20
9.60 5.60 20.80 10.40 21.20 2.80 37.60 34.40 12.00 31.60 3.60 6.40 18.80 39.60 32.40 4.00 34.00 12.00 25.60 36.40
16.80 12.80 35.60 3.60 8.00 15.60 37.60 38.80 12.80 9.60 25.20 20.00 1.20 28.40 24.00 24.40 24.80 15.20 23.20 16.80
5.20 10.00 30.40 23.20 9.60 18.00 6.40 6.80 15.20 13.20 14.40 28.80 34.80 8.40 22.40 11.60 3.60 30.40 28.00 6.00
12.00 10.00 29.20 22.40 8.40 14.00 22.40 24.40 15.60 28.40 12.00 9.20 12.00 37.20 10.80 31.20 30.40 33.60 21.20 18.00
30.00 12.00 26.40 30.40 27.20 30.00 38.40 39.20 26.00 20.00 19.60 22.00 8.00 16.00 15.60 10.40 0.40 26.00 16.40 20.80
22.80 8.80 4.80 15.20 20.80 20.80 8.00 24.80 1.60 7.60 23.60 7.20 24.40 15.60 5.60 13.60 13.60 31.20 16.00 27.20
29.20 10.80 9.60 10.00 20.80 8.00 12.80 34.80 29.60 21.20 37.60 19.20 14.40 10.40 39.20 16.80 37.20 9.20 14.80 33.60
25.20 8.00 26.00 20.40 29.20 35.60 12.40 6.00 12.40 28.40 23.60 26.80 1.60 25.20 11.60 34.80 18.80 2.00 9.20 36.80
28.40 6.00 26.40 33.20 3.20 17.20 17.60 38.00 12.40 3.20 10.40 37.60 9.60 22.00 10.40 27.20 38.80 25.60 22.40 4.80
28.00 28.80 21.20 25.60 34.40 8.00 15.20 15.60 28.40 3.20 2.40 34.40 31.20 6.00 20.80 32.80 21.20 13.20 24.00 22.80
8.00 19.20 14.00 37.60 21.20 18.40 5.60 1.60 34.40 22.80 10.80 38.80 26.80 1.60 23.60 5.20 8.00 25.20 26.00 5.20
37.20 28.40 4.80 23.20 32.40 4.80 6.80 23.20 24.00 18.40 14.00 4.80 22.40 8.40 22.80 0.80 34.80 34.00 20.00 11.20
37.60 1.20 25.20 22.00 16.40 23.20 17.20 24.80 32.80 29.60 17.60 32.00 32.80 18.00 16.00 16.00 19.60 5.20 10.40 35.60
35.60 1.20 5.60 38.40 35.60 34.80 23.60 38.00 0.80 30.00 26.40 36.40 30.40 32.00 13.20 12.00 20.40 18.00 26.00 8.40
21.60 8.40 38.80 0.80 27.60 4.40 6.80 18.80 6.80 8.80 29.20 32.40 25.60 34.80 23.20 34.80 6.80 9.60 7.20 1.60
11.60 27.60 18.00 8.40 1.60 38.40 4.40 13.60 14.40 24.00 11.60 7.60 18.80 26.40 6.00 2.40 5.20 23.20 26.00 39.60
5.60 37.60 14.80 4.00 30.00 30.80 36.40 36.40 24.80 2.40 9.60 12.80 39.60 5.20 38.00 20.40 32.80 10.40 36.40 7.60
26.80 17.20 24.40 36.40 6.00 34.00 24.40 36.80 8.40 12.40 20.40 2.80 19.20 33.20 17.60 31.60 6.00 19.60 4.40 28.00
6.40 37.20 14.80 36.00 28.80 32.40 25.20 37.60 6.40 13.20 36.40 15.60 34.00 18.80 10.40 28.00 4.40 33.60 11.60 31.60
22.40 24.40 25.20 10.40 34.80 3.20 35.60 16.00 5.60 6.00 14.00 21.60 8.80 27.60 3.60 30.00 22.40 11.60 34.80 20.40
21.60 16.00 36.40 33.60 8.00 14.40 24.80 6.80 26.00 37.20 19.20 25.20 10.00 5.20 14.80 35.20 3.20 4.40 30.00 13.60
19.60 33.20 18.00 25.20 38.40 1.20 9.20 8.80 27.20 28.40 3.60 36.80 38.00 10.80 31.20 3.60 12.00 24.80 32.80 2.00
26.00 36.80 18.00 10.80 9.20 24.40 10.80 32.40 12.00 31.60 5.60 15.20 0.40 16.40 34.00 3.60 38.80 19.20 14.80 37.60
2.40 12.00 26.00 30.40 22.80 25.20 5.20 2.40 16.80 22.80 38.40 38.00 9.60 11.20 11.60 36.00 38.40 9.60 8.80 4.40
35.60 34.40 11.20 39.60 35.20 18.80 20.80 13.20 18.40 24.00 7.20 21.20 23.60 8.00 38.40 34.80 5.60 16.80 22.80 19.60
28.00 0.40 0.80 28.00 35.60 27.20 18.80 20.40 19.60 7.20 5.60 7.20 15.20 13.60 8.00 21.60 16.40 13.20 3.20 33.60
34.40 16.40 4.00 25.60 25.60 34.40 1.60 2.40 39.60 10.40 5.20 16.80 33.60 36.00 34.40 14.00 2.80 36.00 11.60 1.60
6.40 0.80 20.00 30.00 16.00 24.80 2.40 19.20 37.20 30.00 12.00 32.80 10.40 2.80 20.00 22.40 21.60 26.00 37.20 27.60
15.60 27.20 20.40 39.60 33.20 34.80 1.60 17.20 8.80 16.00 18.40 10.80 30.80 3.60 28.40 39.20 39.20 6.40 4.80 30.40
34.00 20.00 10.00 36.40 38.00 7.60 18.00 6.00 22.00 21.60 26.40 24.80 19.20 30.40 22.40 3.20 16.80 36.00 18.00 6.40
14.00 36.40 37.20 26.40 26.80 2.40 8.80 32.40 4.80 23.20 3.60 0.40 12.40 38.00 5.60 13.20 16.80 12.00 15.60 12.80
23.60 25.20 10.40 8.00 22.80 25.20 37.60 26.00 16.80 30.00 14.00 34.40 2.00 11.20 4.00 15.60 24.80 15.20 25.20 4.00
4.00 37.20 6.40 34.80 23.60 3.60 13.60 22.40 11.20 1.20 18.40 7.60 8.00 24.80 6.80 22.40 9.60 24.00 18.40 32.00
31.60 32.80 10.40 27.60 39.20 35.20 12.40 31.20 0.80 15.20 34.00 20.80 1.20 24.80 25.60 20.40 21.20 16.40 35.60 28.00
20.40 29.60 2.00 25.60 21.60 21.20 32.80 19.20 21.60 20.00 28.40 3.60 24.00 20.80 26.80 28.80 28.40 5.60 14.00 31.20
5.60 29.20 6.80 6.40 36.00 39.20 23.20 28.80 18.40 38.80 19.20 38.00 15.60 20.40 3.20 32.80 32.00 18.40 14.00 27.60
38.80 22.40 3.60 27.20 20.80 22.40 18.40 28.00 5.20 11.20 22.00 11.20 34.40 8.40 22.00 21.20 27.60 1.20 5.20 38.80
1.20 35.60 30.40 2.40 26.40 37.20 19.60 6.40 26.80 35.20 24.80 31.60 9.20 36.40 14.00 15.20 24.80 29.20 8.40 31.20
32.80 29.20 38.00 24.00 1.60 7.20 18.40 4.40 6.80 13.20 24.80 21.60 6.00 20.40 23.60 12.40 28.00 4.00 12.00 39.20
15.60 10.40 22.00 36.40 24.00 32.80 25.60 36.00 8.00 6.00 18.00 0.40 3.20 5.20 0.40 24.00 23.60 3.20 22.80 36.00
16.80 28.80 28.00 33.60 23.20 35.60 19.20 32.80 21.20 18.80 14.40 27.60 6.00 9.20 25.60 13.60 17.20 33.20 13.60 11.60
4.40 14.40 3.20 10.80 34.40 18.40 18.40 2.00 38.40 17.60 38.00 37.60 17.20 18.00 18.40 20.80 15.20 2.80 28.40 24.80
22.40 33.20 12.80 27.60 39.60 8.40 11.20 22.40 10.80 19.60 15.20 24.80 14.00 17.20 9.20 34.40 10.40 32.00 16.00 26.00
12.80 6.80 24.40 8.00 21.20 36.40 39.60 20.00 13.60 35.60 28.40 6.40 16.40 16.40 22.80 17.20 24.80 16.80 23.20 16.40
16.80 37.60 15.20 25.20 1.60 12.80 16.40 22.00 24.80 21.20 21.20 30.80 7.60 34.40 16.40 32.40 32.40 25.20 24.80 25.60
23.60 26.00 12.80 33.60 37.20 23.60 34.00 13.20 38.40 38.00 1.20 28.00 30.00 20.40 0.80 25.20 29.60 26.00 5.20 30.80
21.60 32.80 1.60 3.20 4.00 24.00 29.60 33.20 31.20 10.00 15.20 18.80 29.20 12.00 14.00 10.40 14.00 10.40 34.80 5.20
37.60 33.60 38.80 11.20 27.60 4.00 14.00 20.80 24.80 12.00 38.00 22.40 20.40 8.00 30.80 18.40 17.20 24.40 22.40 18.80
6.40 25.60 38.80 38.80 2.80 9.60 29.60 14.40 26.80 0.40 3.20 31.20 8.00 36.80 17.20 31.60 34.00 16.00 18.00 7.20
3.60 36.40 9.60 35.60 15.60 5.60 39.60 28.00 7.60 26.80 10.00 8.80 8.00 4.40 18.00 38.80 14.80 2.00 22.80 7.20
4.40 29.20 1.20 27.20 38.00 24.80 36.80 38.80 15.60 18.40 10.40 26.80 13.20 22.80 20.80 26.40 2.40 16.40 27.20 3.60
10.80 22.80 8.00 22.00 37.60 30.40 2.80 27.60 34.00 22.40 10.40 38.80 26.00 32.00 12.40 13.60 18.00 34.00 32.40 12.00
29.20 6.00 34.40 16.40 23.20 36.80 6.00 24.00 36.80 4.00 18.80 4.80 13.20 4.40 32.80 34.80 3.60 35.20 11.20 24.00
36.00 20.00 4.80 6.40 3.60 32.00 26.00 30.00 1.60 32.40 7.20 6.00 20.80 32.40 14.00 26.00 31.60 32.80 2.80 36.00
18.40 18.80 26.40 36.00 30.80 16.40 10.80 30.40 7.60 38.00 33.20 1.20 34.00 17.20 30.80 18.80 16.40 13.20 37.60 23.60
15.60 26.80 38.40 2.00 25.60 26.80 6.00 8.00 21.60 2.00 15.20 13.20 26.00 18.00 21.60 28.00 14.00 5.20 15.60 2.40
36.00 7.60 33.20 29.20 3.20 2.00 24.80 29.20 33.60 20.00 24.80 12.80 9.60 32.40 18.80 9.60 22.00 12.80 2.80 26.00
7.20 15.60 14.40 28.40 22.00 4.40 28.00 32.80 39.20 12.80 27.60 7.20 37.20 6.80 36.00 32.00 14.40 24.00 10.00 25.60
5.60 26.40 35.60 23.60 4.80 3.60 30.80 17.20 18.40 1.60 8.80 34.00 14.80 5.20 29.20 27.20 15.60 4.00 30.40 7.20
26.80 10.40 34.40 14.00 19.60 4.00 15.60 7.20 10.00 29.20 36.80 17.60 0.40 37.20 10.40 18.80 27.20 21.60 18.00 12.00
27.20 24.00 19.60 27.60 25.60 16.00 17.20 36.00 37.20 3.60 31.20 29.20 30.00 35.60 18.80 31.20 15.60 10.40 19.60 34.00
6.00 35.60 11.60 12.40 22.40 16.00 29.20 1.20 17.60 36.00 37.60 30.40 29.60 13.60 27.20 12.40 17.20 6.40 20.40 11.60
24.00 19.60 2.00 19.60 34.80 27.60 20.00 22.40 29.20 8.80 0.80 7.60 17.60 10.80 22.80 28.40 33.20 37.60 33.60 14.80
22.80 20.40 22.00 8.40 24.00 23.20 38.00 6.40 13.20 14.00 34.00 33.20 13.60 31.20 0.80 33.20 4.80 8.80 30.40 1.20
30.00 18.00 13.60 14.80 3.60 22.40 27.60 30.80 30.00 16.80 36.40 19.60 29.60 18.40 16.40 1.60 20.80 32.40 28.40 21.20
38.00 21.60 25.20 31.60 34.00 34.80 34.00 11.60 15.20 18.00 25.20 30.80 39.60 34.80 35.20 32.80 6.40 36.40 24.40 10.40
27.60 39.20 8.80 31.60 24.00 2.40 25.60 6.80 1.20 37.60 20.80 29.60 28.00 8.40 20.80 25.20 0.80 6.00 37.60 12.80
9.20 34.80 14.00 8.40 2.40 1.20 32.00 36.40 34.40 33.20 7.20 4.40 8.00 32.80 10.80 28.00 9.20 14.80 10.80 17.60
9.20 9.20 26.00 18.00 2.80 37.60 10.80 36.00 36.40 7.20 4.00 12.80 20.80 32.80 24.40 16.00 2.40 28.80 37.20 8.00
13.20 8.00 16.00 34.80 23.60 16.80 14.40 32.40 6.80 32.00 13.20 2.00 38.80 8.00 34.80 35.60 18.40 25.60 14.00 7.60
26.40 27.20 22.00 29.60 37.60 18.80 34.80 4.40 2.80 24.00 18.80 30.80 13.60 37.60 1.20 13.20 24.40 0.40 22.40 28.40
26.80 25.20 36.40 2.00 1.20 16.80 2.00 2.40 23.60 6.00 23.20 10.00 30.40 13.60 18.00 29.20 0.40 38.40 12.80 11.20
16.00 5.60 35.20 2.80 23.20 10.80 28.80 10.00 6.00 31.20 37.20 7.60 38.00 36.80 26.40 30.40 12.80 26.40 33.20 32.80
8.00 1.20 35.60 25.60 5.60 9.20 3.20 32.40 26.40 34.40 19.20 12.40 28.40 38.40 12.40 4.40 32.80 13.20 2.80 16.00
30.40 12.80 12.80 8.80 31.60 35.60 12.00 13.60 32.40 26.80 18.80 26.00 13.20 23.60 14.40 36.00 38.80 29.20 4.00 18.80
7.20 2.40 18.80 4.00 37.60 0.80 12.00 6.40 38.80 9.20 14.80 3.20 29.20 29.20 32.40 36.40 15.60 35.20 17.60 9.60
3.20 22.00 2.00 8.40 5.60 22.80 27.60 34.40 2.40 39.20 20.80 25.20 14.00 3.20 33.60 27.20 2.80 23.60 16.00 12.40
25.20 31.60 14.40 24.80 28.00 14.80 4.80 14.80 30.40 2.00 36.00 39.20 1.20 39.20 23.20 28.00 17.60 6.40 16.00 18.00
22.80 17.20 10.40 37.20 10.80 6.00 13.20 20.80 26.00 37.60 20.40 24.80 36.80 14.00 10.40 20.00 21.60 7.60 6.80 26.00
25.60 13.20 13.60 2.00 28.00 14.00 33.60 12.40 12.00 10.00 20.00 6.00 22.80 20.40 39.60 10.80 11.60 32.00 14.00 38.40
7.20 36.00 19.20 18.40 2.80 12.00 8.00 37.60 22.00 28.80 36.00 37.60 24.40 28.00 5.60 39.20 33.60 0.80 37.20 5.60
19.60 26.40 26.40 30.80 1.20 7.60 3.20 15.20 35.20 29.20 21.60 14.00 11.20 3.60 29.20 28.80 16.40 7.20 28.00 6.40
2.80 10.00 37.20 15.20 4.80 28.40 38.80 1.20 8.40 12.80 23.20 16.80 3.60 25.20 38.00 29.20 16.80 6.80 12.40 34.40
22.40 13.60 36.00 12.40 13.20 15.20 16.80 38.00 4.80 22.40 35.20 32.40 21.20 24.40 36.40 2.00 8.80 11.60 22.00 34.40
38.00 25.20 10.40 28.40 32.40 24.00 22.80 2.80 34.40 31.60 34.00 34.00 10.80 21.20 28.80 30.40 18.00 5.60 12.40 37.20
12.40 24.00 5.60 28.40 7.60 1.20 14.00 0.80 2.40 28.00 11.60 1.20 16.40 12.00 3.60 30.80 18.40 38.00 20.40 12.80
3.60 3.60 15.60 26.80 10.00 14.40 24.00 4.80 37.60 12.00 19.60 12.00 8.80 1.20 29.20 16.40 34.40 23.60 15.60 13.20
0.40 13.60 3.60 28.80 2.00 19.20 7.60 7.60 39.60 9.60 15.60 30.40 23.20 13.20 38.00 20.80 13.20 20.80 15.60 0.40
36.00 12.00 12.00 33.60 8.40 4.00 21.20 20.00 17.60 15.60 1.60 25.20 12.40 22.80 14.00 29.60 23.20 20.00 32.80 12.80
37.60 32.00 39.20 7.60 34.80 20.80 28.80 4.00 38.00 20.80 32.40 7.60 21.60 13.60 20.00 20.80 22.00 34.40 15.20 5.20
25.20 4.40 37.20 36.00 20.40 0.80 2.00 17.60 17.20 8.40 31.60 36.00 13.20 10.80 5.20 37.20 15.60 4.80 20.80 25.20
36.00 34.40 34.40 37.20 19.60 39.20 20.40 9.20 30.00 36.80 26.00 15.60 25.20 14.00 30.80 6.40 28.00 18.40 37.20 18.80
31.20 10.80 30.00 25.20 15.60 37.60 35.20 27.60 26.40 32.40 14.00 18.00 37.20 14.80 16.40 32.00 37.20 16.80 17.20 6.40
30.00 38.40 21.60 11.60 16.80 36.00 38.40 38.40 14.00 12.40 26.00 25.60 22.80 20.00 35.20 7.60 36.40 6.40 32.00 9.60
14.40 6.40 39.60 11.20 27.60 3.20 12.80 26.00 10.40 3.60 30.00 18.40 26.80 14.00 3.20 35.60 7.60 39.60 22.80 5.20
28.40 22.80 1.20 0.40 38.80 20.80 13.20 16.40 37.20 12.00 18.00 22.80 26.80 27.60 13.60 14.00 16.80 2.00 35.20 32.00
7.20 0.80 34.00 33.60 27.60 13.20 6.40 32.00 37.20 15.20 7.20 11.60 14.40 10.40 14.80 4.80 6.40 1.20 27.60 21.60
4.80 37.20 13.60 18.40 0.80 2.00 7.60 23.60 14.40 18.80 26.80 22.00 17.20 28.40 9.60 20.40 15.20 7.20 8.00 9.20
12.80 32.40 36.00 35.60 21.60 39.60 38.80 17.20 35.20 8.40 26.40 8.00 34.40 4.40 28.40 15.60 27.20 21.20 33.20 18.80
18.80 30.40 30.00 20.40 2.00 14.80 6.80 24.40 20.80 2.00 11.20 38.00 11.20 9.20 14.80 35.60 16.80 18.80 31.60 4.40
27.60 2.80 29.60 8.40 25.60 12.80 32.40 6.80 2.80 16.80 26.00 24.40 16.00 19.60 37.60 29.60 37.20 28.40 9.20 26.80
21.20 28.40 36.40 6.80 14.40 26.40 7.60 13.20 1.60 20.80 11.20 2.80 3.60 16.00 31.20 29.20 32.40 29.20 24.80 20.00
19.20 23.60 4.00 38.40 26.40 31.20 30.80 23.60 15.60 19.20 15.60 38.00 30.00 3.20 20.00 20.00 22.40 36.40 12.00 3.60
32.80 36.00 39.60 8.80 12.80 36.00 7.20 4.00 37.20 22.80 34.80 29.60 24.80 5.60 2.80 22.80 37.20 39.20 37.60 32.80
36.40 3.20 28.40 25.60 23.60 20.00 12.80 4.00 2.40 10.80 0.40 28.40 27.60 4.40 24.80 32.80 23.20 8.80 14.40 5.20
28.40 15.20 35.60 14.00 25.60 28.00 26.40 31.20 4.80 24.80 5.20 5.20 8.40 39.60 9.60 16.00 22.80 24.40 2.40 16.00
8.00 18.00 10.40 4.00 26.80 19.60 2.80 20.00 3.60 38.40 11.60 22.80 24.00 37.60 18.40 31.60 30.80 22.40 1.60 6.80
31.20 18.00 26.00 21.20 35.60 22.80 36.40 36.40 15.60 31.20 34.80 24.80 21.60 16.80 6.80 30.40 28.00 36.40 28.40 4.00
12.40 2.00 23.20 25.20 10.00 34.80 29.60 23.20 6.40 10.00 28.80 20.80 25.60 18.80 7.60 27.60 8.00 15.20 20.40 39.20
18.40 10.40 18.40 6.40 3.60 21.20 25.60 18.40 39.20 16.40 4.00 29.60 36.80 16.40 4.40 5.60 8.00 2.80 0.80 37.60
17.20 28.00 13.20 37.60 17.60 3.20 25.20 6.00 28.00 6.40 25.20 25.20 14.80 39.20 39.20 34.80 6.40 4.00 14.80 13.60
39.20 13.20 2.00 36.80 26.00 8.40 18.00 13.60 2.40 30.80 17.20 26.40 30.00 38.80 39.60 23.60 35.60 21.60 17.60 14.80
25.60 14.40 6.40 28.40 38.00 20.80 9.20 11.20 12.00 0.40 4.80 28.40 35.20 18.80 24.80 33.60 8.00 29.20 38.40 27.20
36.40 5.60 32.80 13.60 9.60 26.80 36.00 14.40 38.80 4.40 24.80 28.00 27.20 17.20 22.00 17.20 9.60 33.60 7.60 15.20
4.40 12.80 18.00 20.80 30.00 36.40 4.00 17.60 3.60 11.60 24.80 2.40 20.00 31.60 32.00 2.40 6.00 37.60 30.40 20.80
19.60 24.00 5.60 16.40 0.80 16.80 16.00 20.40 21.60 9.20 37.60 5.60 22.40 27.20 20.40 16.00 9.20 4.40 26.00 10.40
11.20 26.40 0.80 2.00 18.40 1.20 14.00 18.40 36.80 38.80 12.80 38.40 9.60 11.60 26.80 16.00 28.00 8.80 6.80 29.60
2.80 8.00 8.80 28.80 3.60 16.40 18.00 12.40 19.60 14.40 5.20 25.60 38.80 31.60 38.00 20.40 11.20 9.60 20.00 36.40
9.20 26.40 7.60 24.40 3.60 29.20 17.60 9.60 30.40 12.40 30.80 6.00 10.80 30.40 4.40 6.80 20.00 16.80 17.60 23.60
37.60 11.60 22.80 27.20 9.20 25.20 23.60 22.80 37.20 34.00 0.80 21.60 22.40 20.40 39.60 16.40 10.00 8.80 20.40 12.00
31.60 20.80 33.20 6.00 33.60 7.20 13.60 7.20 24.80 25.20 5.20 39.20 22.00 34.40 34.40 32.40 28.80 4.00 1.20 2.00
20.40 18.80 30.40 30.80 11.20 10.80 33.20 10.00 4.00 0.80 2.80 32.00 26.00 35.20 38.00 1.60 17.20 14.40 26.00 38.00
27.20 4.00 38.80 38.40 18.40 30.80 8.00 10.40 24.00 2.00 13.20 13.60 15.20 17.20 33.20 35.60 2.40 36.00 3.60 33.60
2.80 24.40 29.20 34.00 2.40 2.80 25.20 8.80 8.80 39.20 38.40 22.00 26.80 19.60 36.80 24.00 36.80 17.20 10.00 6.40
9.60 16.40 13.60 35.20 23.60 22.00 21.20 21.20 35.60 19.60 10.00 35.60 10.80 27.20 0.80 8.40 2.00 22.80 8.80 24.80
23.60 18.40 39.60 9.20 20.40 33.20 31.60 20.80 24.00 24.00 27.60 5.20 2.40 12.00 26.40 37.60 31.20 16.40 33.60 34.00
14.00 3.60 8.80 26.40 24.00 35.60 19.20 29.60 27.60 4.00 13.20 20.80 10.40 18.00 26.80 28.00 38.80 35.20 28.80 39.20
38.80 6.80 34.00 34.80 33.20 24.00 26.40 6.80 15.20 6.40 8.80 24.00 6.40 0.40 18.00 20.80 21.20 9.60 21.60 13.60
20.80 36.40 18.40 10.80 14.80 17.60 36.00 12.00 26.80 15.20 10.40 18.80 26.40 4.00 8.00 39.20 26.40 20.00 28.80 38.80
16.00 2.00 26.00 23.20 29.60 23.20 16.00 9.60 9.60 36.40 39.20 17.60 26.40 0.40 19.20 25.60 3.20 3.60 1.20 2.40
36.00 7.20 29.60 4.80 25.20 22.40 4.00 11.20 21.20 34.40 14.40 34.80 2.00 6.80 25.60 6.40 21.20 32.80 2.80 18.00
36.40 38.00 31.60 34.00 13.20 10.00 5.60 23.60 39.20 16.00 12.80 35.20 33.60 6.80 39.60 16.80 32.80 35.20 8.00 21.20
16.00 4.00 32.40 4.80 4.40 39.60 11.60 28.80 37.20 14.00 4.00 28.40 8.40 34.00 6.00 2.80 31.60 4.00 30.80 22.80
14.00 9.20 20.80 17.60 9.60 24.80 37.60 11.20 28.00 28.40 22.00 19.60 18.00 6.40 10.80 23.60 22.00 21.60 14.40 32.40
14.00 18.80 38.80 3.20 27.20 10.40 16.40 4.80 39.60 17.60 24.00 39.20 31.20 33.60 33.20 12.40 16.80 14.00 11.60 36.40
22.00 26.40 26.80 26.80 20.00 1.20 34.40 11.20 13.60 5.20 1.60 1.60 9.60 14.40 18.00 20.40 36.00 2.80 34.80 18.80
36.40 26.80 34.40 32.80 29.20 2.80 19.60 19.60 38.80 13.20 11.60 4.00 38.80 28.40 30.00 6.40 7.20 39.60 12.00 11.20
36.00 14.40 23.60 19.20 24.40 34.80 24.00 38.80 37.20 28.40 20.40 5.20 12.00 13.20 16.40 8.80 1.60 28.40 1.20 32.00
24.40 9.20 26.40 28.00 13.20 20.00 8.00 32.40 14.00 10.80 14.00 32.40 33.60 22.80 34.40 11.60 39.60 1.60 6.80 37.20
27.20 7.20 19.60 22.80 26.80 28.40 17.60 23.60 12.40 34.80 20.40 7.20 16.80 26.40 22.80 25.60 15.20 37.60 16.80 32.00
17.20 38.40 20.00 14.80 30.00 19.60 18.40 9.60 1.60 34.00 17.60 0.80 12.80 3.20 35.20 23.20 37.60 20.40 35.20 18.40
36.40 39.20 9.20 1.60 9.20 5.60 19.20 34.80 7.60 32.00 26.80 27.60 38.40 24.80 26.00 8.80 23.60 0.40 10.40 22.80
34.40 23.20 16.00 22.00 6.00 5.60 23.60 15.60 23.60 26.40 26.00 16.40 12.80 27.60 16.40 17.60 28.40 16.80 35.60 17.20
2.00 14.80 18.80 8.40 33.20 14.80 34.80 24.40 18.00 3.60 21.60 24.80 17.60 26.80 7.60 30.40 8.00 16.80 39.20 39.60
18.40 7.20 9.60 30.00 6.00 31.60 2.40 23.60 12.80 10.80 8.00 28.00 14.00 30.00 11.20 15.20 5.60 2.00 36.40 4.80
34.00 4.80 27.60 31.60 4.00 18.00 30.40 12.80 13.20 1.60 24.00 34.80 10.40 34.40 5.60 21.20 32.40 35.60 36.00 32.40
10.00 22.80 22.40 38.00 2.40 10.80 21.20 24.40 26.80 4.00 11.60 9.60 9.20 20.80 9.20 27.60 30.80 36.00 14.80 14.00
29.20 9.60 26.80 29.20 20.00 36.40 13.20 5.20 10.80 13.20 8.00 6.40 24.40 16.00 32.40 14.00 28.00 6.00 32.80 32.40
26.00 39.20 20.40 22.00 36.00 17.20 36.80 24.80 32.40 12.80 35.60 26.40 28.00 38.00 34.40 13.20 14.00 18.80 31.20 14.40
28.00 24.00 37.20 15.20 11.20 38.80 10.80 21.60 6.80 8.00 32.00 25.20 7.60 5.60 36.00 0.80 28.00 37.60 16.80 15.20
2.40 11.60 34.80 24.00 29.60 24.00 13.60 32.40 36.40 20.00 32.40 4.00 10.40 12.40 28.80 37.60 0.40 26.00 25.20 28.80
15.20 6.40 6.80 23.60 7.60 4.80 6.40 20.40 2.40 24.00 18.80 23.20 9.20 34.40 9.20 30.80 6.40 17.60 13.20 34.40
18.40 24.80 25.60 14.40 37.20 14.40 13.60 9.20 14.40 6.80 16.40 21.60 18.80 6.00 6.40 8.00 2.00 0.80 39.20 18.00
10.00 38.80 29.60 19.20 15.20 23.60 12.40 11.60 23.60 6.00 2.00 28.80 10.80 26.40 8.40 13.60 5.60 21.20 14.80 17.20
12.80 34.40 15.20 1.20 18.80 8.40 29.20 26.00 20.00 5.60 31.60 17.20 30.00 2.00 9.20 34.00 21.60 5.60 18.40 22.40
14.80 31.60 22.80 30.80 19.60 25.60 26.40 29.60 22.40 2.80 21.60 19.60 27.60 28.40 13.60 8.00 7.60 7.60 33.60 28.40
