# nJobs | nMachines
50 10
# Job Weights
96
99
12
18
82
99
81
12
53
98
100
74
65
56
76
67
37
90
40
78
17
9
66
7
49
68
41
8
2
67
73
98
10
82
12
43
52
56
37
87
75
27
50
30
55
19
59
10
66
70
# P_bar : m1 | m2 | m3 | m4 | m5 | m6 | m7 | m8 | m9 | m10
49 76 60 40 32 17 33 98 90 75
10 91 39 56 5 43 98 90 93 68
30 51 94 89 49 13 67 4 35 39
85 55 82 53 51 20 81 39 65 71
7 32 28 26 33 41 43 79 66 31
23 26 52 38 97 94 72 76 10 43
56 37 87 15 74 18 32 53 48 5
93 21 19 3 48 28 66 77 81 32
5 58 58 75 9 8 97 10 27 6
34 26 52 4 65 71 36 2 49 56
72 19 63 48 38 82 36 97 61 56
78 65 28 86 71 42 67 31 73 72
25 52 44 28 38 90 1 62 60 23
31 36 80 51 76 76 47 28 88 95
73 89 88 62 43 62 87 74 42 50
69 95 21 46 8 95 12 60 62 53
18 51 36 43 66 74 91 53 28 27
15 56 64 1 62 80 21 74 55 8
39 21 75 52 18 33 6 88 58 18
2 35 6 19 13 91 6 11 55 81
55 90 41 85 16 35 1 88 90 57
33 26 4 37 64 80 38 92 61 54
24 83 5 73 18 79 69 7 73 99
19 37 77 25 87 68 77 80 3 20
19 59 75 35 86 97 3 67 74 10
97 3 91 79 29 98 75 27 94 19
98 44 88 88 9 3 64 21 30 18
49 42 22 29 96 22 53 43 81 53
95 57 8 7 40 52 18 59 9 73
71 45 97 18 78 80 10 30 87 10
2 36 58 26 78 32 97 17 58 74
55 90 72 63 63 75 18 4 42 93
37 71 45 41 13 78 48 7 59 22
73 37 55 20 47 36 70 21 48 75
91 69 12 97 31 46 60 83 29 84
58 27 35 80 97 16 75 44 83 9
33 13 95 15 5 36 94 70 60 27
78 16 95 47 86 93 14 30 83 32
60 32 56 29 51 39 53 39 76 51
53 53 53 46 46 19 90 35 43 83
38 59 48 78 56 95 19 8 90 70
53 8 61 16 69 91 42 6 14 13
90 98 46 67 50 49 86 92 84 1
30 65 29 44 27 35 15 39 10 81
14 50 85 23 60 93 58 55 15 13
53 85 1 47 48 11 7 34 38 98
87 78 75 98 74 93 65 98 90 58
51 38 25 97 91 6 40 47 80 28
25 55 39 49 92 96 51 99 19 3
50 89 92 65 80 19 61 16 15 21
# P_hat : m1 | m2 | m3 | m4 | m5 | m6 | m7 | m8 | m9 | m10
24.50 38.00 30.00 20.00 16.00 8.50 16.50 49.00 45.00 37.50
5.00 45.50 19.50 28.00 2.50 21.50 49.00 45.00 46.50 34.00
15.00 25.50 47.00 44.50 24.50 6.50 33.50 2.00 17.50 19.50
42.50 27.50 41.00 26.50 25.50 10.00 40.50 19.50 32.50 35.50
3.50 16.00 14.00 13.00 16.50 20.50 21.50 39.50 33.00 15.50
11.50 13.00 26.00 19.00 48.50 47.00 36.00 38.00 5.00 21.50
28.00 18.50 43.50 7.50 37.00 9.00 16.00 26.50 24.00 2.50
46.50 10.50 9.50 1.50 24.00 14.00 33.00 38.50 40.50 16.00
2.50 29.00 29.00 37.50 4.50 4.00 48.50 5.00 13.50 3.00
17.00 13.00 26.00 2.00 32.50 35.50 18.00 1.00 24.50 28.00
36.00 9.50 31.50 24.00 19.00 41.00 18.00 48.50 30.50 28.00
39.00 32.50 14.00 43.00 35.50 21.00 33.50 15.50 36.50 36.00
12.50 26.00 22.00 14.00 19.00 45.00 0.50 31.00 30.00 11.50
15.50 18.00 40.00 25.50 38.00 38.00 23.50 14.00 44.00 47.50
36.50 44.50 44.00 31.00 21.50 31.00 43.50 37.00 21.00 25.00
34.50 47.50 10.50 23.00 4.00 47.50 6.00 30.00 31.00 26.50
9.00 25.50 18.00 21.50 33.00 37.00 45.50 26.50 14.00 13.50
7.50 28.00 32.00 0.50 31.00 40.00 10.50 37.00 27.50 4.00
19.50 10.50 37.50 26.00 9.00 16.50 3.00 44.00 29.00 9.00
1.00 17.50 3.00 9.50 6.50 45.50 3.00 5.50 27.50 40.50
27.50 45.00 20.50 42.50 8.00 17.50 0.50 44.00 45.00 28.50
16.50 13.00 2.00 18.50 32.00 40.00 19.00 46.00 30.50 27.00
12.00 41.50 2.50 36.50 9.00 39.50 34.50 3.50 36.50 49.50
9.50 18.50 38.50 12.50 43.50 34.00 38.50 40.00 1.50 10.00
9.50 29.50 37.50 17.50 43.00 48.50 1.50 33.50 37.00 5.00
48.50 1.50 45.50 39.50 14.50 49.00 37.50 13.50 47.00 9.50
49.00 22.00 44.00 44.00 4.50 1.50 32.00 10.50 15.00 9.00
24.50 21.00 11.00 14.50 48.00 11.00 26.50 21.50 40.50 26.50
47.50 28.50 4.00 3.50 20.00 26.00 9.00 29.50 4.50 36.50
35.50 22.50 48.50 9.00 39.00 40.00 5.00 15.00 43.50 5.00
1.00 18.00 29.00 13.00 39.00 16.00 48.50 8.50 29.00 37.00
27.50 45.00 36.00 31.50 31.50 37.50 9.00 2.00 21.00 46.50
18.50 35.50 22.50 20.50 6.50 39.00 24.00 3.50 29.50 11.00
36.50 18.50 27.50 10.00 23.50 18.00 35.00 10.50 24.00 37.50
45.50 34.50 6.00 48.50 15.50 23.00 30.00 41.50 14.50 42.00
29.00 13.50 17.50 40.00 48.50 8.00 37.50 22.00 41.50 4.50
16.50 6.50 47.50 7.50 2.50 18.00 47.00 35.00 30.00 13.50
39.00 8.00 47.50 23.50 43.00 46.50 7.00 15.00 41.50 16.00
30.00 16.00 28.00 14.50 25.50 19.50 26.50 19.50 38.00 25.50
26.50 26.50 26.50 23.00 23.00 9.50 45.00 17.50 21.50 41.50
19.00 29.50 24.00 39.00 28.00 47.50 9.50 4.00 45.00 35.00
26.50 4.00 30.50 8.00 34.50 45.50 21.00 3.00 7.00 6.50
45.00 49.00 23.00 33.50 25.00 24.50 43.00 46.00 42.00 0.50
15.00 32.50 14.50 22.00 13.50 17.50 7.50 19.50 5.00 40.50
7.00 25.00 42.50 11.50 30.00 46.50 29.00 27.50 7.50 6.50
26.50 42.50 0.50 23.50 24.00 5.50 3.50 17.00 19.00 49.00
43.50 39.00 37.50 49.00 37.00 46.50 32.50 49.00 45.00 29.00
25.50 19.00 12.50 48.50 45.50 3.00 20.00 23.50 40.00 14.00
12.50 27.50 19.50 24.50 46.00 48.00 25.50 49.50 9.50 1.50
25.00 44.50 46.00 32.50 40.00 9.50 30.50 8.00 7.50 10.50
