# nJobs | nMachines
50 10
# Job Weights
16
62
83
9
89
15
67
23
23
23
76
89
68
40
17
97
47
69
51
28
23
64
16
68
21
36
48
13
91
57
68
42
69
13
22
95
38
91
86
16
24
12
69
65
41
51
20
41
9
63
# P_bar : m1 | m2 | m3 | m4 | m5 | m6 | m7 | m8 | m9 | m10
65 55 87 38 38 22 34 99 81 50
4 99 72 19 90 63 88 59 51 99
10 12 33 37 23 63 4 6 80 94
87 40 50 75 59 38 98 45 55 1
31 7 77 8 15 53 83 6 52 73
52 8 83 63 72 73 76 27 64 58
35 14 89 91 63 37 89 31 2 1
89 68 90 38 48 68 22 95 59 8
28 4 26 92 94 38 23 91 88 41
45 63 93 25 12 10 70 94 11 97
24 27 8 19 63 74 69 21 68 67
68 61 86 42 46 27 30 72 16 1
94 65 39 89 60 84 11 65 75 58
71 7 13 80 72 65 89 41 94 73
70 14 59 11 33 40 79 9 43 62
2 16 99 84 50 97 29 56 23 9
83 3 98 33 25 82 52 33 5 88
85 31 76 42 14 98 68 98 53 6
97 56 52 51 20 50 14 11 76 34
65 67 43 18 50 23 99 51 60 5
64 74 79 56 32 66 4 7 51 59
38 59 64 83 87 56 3 94 96 16
54 81 4 49 42 30 4 43 50 13
26 43 19 14 70 27 33 47 38 80
40 57 45 1 92 36 98 77 28 54
75 11 80 23 10 19 44 89 8 96
59 32 15 72 75 28 34 53 70 48
38 21 43 24 57 66 13 34 51 72
40 73 37 63 30 70 78 79 77 96
89 75 49 15 45 79 15 85 83 91
64 46 36 33 91 21 25 4 71 49
84 34 33 93 20 26 35 12 41 92
47 50 83 5 32 81 16 99 60 3
62 47 28 78 9 61 37 80 25 45
74 22 46 33 72 19 69 42 38 28
38 81 71 91 11 91 82 89 97 37
79 42 59 56 5 43 13 85 13 51
57 4 15 99 17 34 51 46 5 96
8 49 50 29 66 85 48 4 58 88
46 24 53 15 17 73 53 58 22 83
27 54 51 54 92 82 13 17 17 24
28 29 56 46 10 15 46 98 51 58
62 87 76 2 93 65 39 71 52 21
34 38 48 90 36 42 1 81 15 25
18 19 11 96 40 48 72 26 1 12
63 65 35 93 74 28 28 80 99 85
74 23 88 3 99 25 20 70 62 58
26 77 59 53 86 84 90 49 72 48
28 71 51 97 29 37 84 24 45 37
78 90 13 51 70 88 38 41 90 3
# P_hat : m1 | m2 | m3 | m4 | m5 | m6 | m7 | m8 | m9 | m10
26.00 22.00 34.80 15.20 15.20 8.80 13.60 39.60 32.40 20.00
1.60 39.60 28.80 7.60 36.00 25.20 35.20 23.60 20.40 39.60
4.00 4.80 13.20 14.80 9.20 25.20 1.60 2.40 32.00 37.60
34.80 16.00 20.00 30.00 23.60 15.20 39.20 18.00 22.00 0.40
12.40 2.80 30.80 3.20 6.00 21.20 33.20 2.40 20.80 29.20
20.80 3.20 33.20 25.20 28.80 29.20 30.40 10.80 25.60 23.20
14.00 5.60 35.60 36.40 25.20 14.80 35.60 12.40 0.80 0.40
35.60 27.20 36.00 15.20 19.20 27.20 8.80 38.00 23.60 3.20
11.20 1.60 10.40 36.80 37.60 15.20 9.20 36.40 35.20 16.40
18.00 25.20 37.20 10.00 4.80 4.00 28.00 37.60 4.40 38.80
9.60 10.80 3.20 7.60 25.20 29.60 27.60 8.40 27.20 26.80
27.20 24.40 34.40 16.80 18.40 10.80 12.00 28.80 6.40 0.40
37.60 26.00 15.60 35.60 24.00 33.60 4.40 26.00 30.00 23.20
28.40 2.80 5.20 32.00 28.80 26.00 35.60 16.40 37.60 29.20
28.00 5.60 23.60 4.40 13.20 16.00 31.60 3.60 17.20 24.80
0.80 6.40 39.60 33.60 20.00 38.80 11.60 22.40 9.20 3.60
33.20 1.20 39.20 13.20 10.00 32.80 20.80 13.20 2.00 35.20
34.00 12.40 30.40 16.80 5.60 39.20 27.20 39.20 21.20 2.40
38.80 22.40 20.80 20.40 8.00 20.00 5.60 4.40 30.40 13.60
26.00 26.80 17.20 7.20 20.00 9.20 39.60 20.40 24.00 2.00
25.60 29.60 31.60 22.40 12.80 26.40 1.60 2.80 20.40 23.60
15.20 23.60 25.60 33.20 34.80 22.40 1.20 37.60 38.40 6.40
21.60 32.40 1.60 19.60 16.80 12.00 1.60 17.20 20.00 5.20
10.40 17.20 7.60 5.60 28.00 10.80 13.20 18.80 15.20 32.00
16.00 22.80 18.00 0.40 36.80 14.40 39.20 30.80 11.20 21.60
30.00 4.40 32.00 9.20 4.00 7.60 17.60 35.60 3.20 38.40
23.60 12.80 6.00 28.80 30.00 11.20 13.60 21.20 28.00 19.20
15.20 8.40 17.20 9.60 22.80 26.40 5.20 13.60 20.40 28.80
16.00 29.20 14.80 25.20 12.00 28.00 31.20 31.60 30.80 38.40
35.60 30.00 19.60 6.00 18.00 31.60 6.00 34.00 33.20 36.40
25.60 18.40 14.40 13.20 36.40 8.40 10.00 1.60 28.40 19.60
33.60 13.60 13.20 37.20 8.00 10.40 14.00 4.80 16.40 36.80
18.80 20.00 33.20 2.00 12.80 32.40 6.40 39.60 24.00 1.20
24.80 18.80 11.20 31.20 3.60 24.40 14.80 32.00 10.00 18.00
29.60 8.80 18.40 13.20 28.80 7.60 27.60 16.80 15.20 11.20
15.20 32.40 28.40 36.40 4.40 36.40 32.80 35.60 38.80 14.80
31.60 16.80 23.60 22.40 2.00 17.20 5.20 34.00 5.20 20.40
22.80 1.60 6.00 39.60 6.80 13.60 20.40 18.40 2.00 38.40
3.20 19.60 20.00 11.60 26.40 34.00 19.20 1.60 23.20 35.20
18.40 9.60 21.20 6.00 6.80 29.20 21.20 23.20 8.80 33.20
10.80 21.60 20.40 21.60 36.80 32.80 5.20 6.80 6.80 9.60
11.20 11.60 22.40 18.40 4.00 6.00 18.40 39.20 20.40 23.20
24.80 34.80 30.40 0.80 37.20 26.00 15.60 28.40 20.80 8.40
13.60 15.20 19.20 36.00 14.40 16.80 0.40 32.40 6.00 10.00
7.20 7.60 4.40 38.40 16.00 19.20 28.80 10.40 0.40 4.80
25.20 26.00 14.00 37.20 29.60 11.20 11.20 32.00 39.60 34.00
29.60 9.20 35.20 1.20 39.60 10.00 8.00 28.00 24.80 23.20
10.40 30.80 23.60 21.20 34.40 33.60 36.00 19.60 28.80 19.20
11.20 28.40 20.40 38.80 11.60 14.80 33.60 9.60 18.00 14.80
31.20 36.00 5.20 20.40 28.00 35.20 15.20 16.40 36.00 1.20
