# nJobs | nMachines
50 20
# Job Weights
98
81
95
54
69
100
13
60
29
48
76
23
12
82
86
16
14
69
89
18
90
12
78
39
91
95
63
27
29
11
11
87
67
51
7
17
30
95
31
21
43
13
94
3
8
51
2
65
72
47
# P_bar : m1 | m2 | m3 | m4 | m5 | m6 | m7 | m8 | m9 | m10 | m11 | m12 | m13 | m14 | m15 | m16 | m17 | m18 | m19 | m20
52 63 82 16 63 94 79 22 80 96 53 54 71 27 95 3 92 80 61 74
95 99 21 26 55 34 21 6 13 3 19 67 90 93 53 80 62 38 86 38
42 69 79 46 59 89 93 24 64 50 99 25 59 49 54 78 11 55 16 4
75 70 95 66 35 62 32 55 77 57 62 77 82 63 22 32 83 34 42 31
44 53 46 76 21 47 8 48 17 66 88 38 22 65 84 53 87 85 14 62
57 21 23 31 59 66 45 57 78 84 93 98 88 34 54 43 66 44 92 39
89 10 40 36 78 76 37 78 82 98 34 96 35 10 2 85 98 47 67 97
53 31 95 8 25 15 78 5 4 55 72 20 49 56 80 19 42 66 77 57
84 80 87 37 30 18 26 50 72 70 42 15 78 51 84 48 23 19 46 9
62 18 37 21 38 54 98 83 93 32 65 36 69 97 66 49 45 66 41 54
91 5 24 3 78 24 17 70 68 31 39 65 76 52 25 66 52 61 78 13
14 18 24 76 79 55 25 21 25 64 79 97 2 46 16 22 6 60 3 47
95 17 65 67 58 96 21 71 67 11 9 27 14 16 79 37 3 98 72 6
89 71 62 5 44 10 28 58 80 9 26 25 3 50 90 51 64 82 95 70
4 90 19 47 38 12 68 36 43 32 72 61 22 96 51 82 55 79 53 19
95 93 67 72 76 96 24 50 93 58 29 24 26 85 29 59 97 71 59 97
2 14 66 66 70 53 62 31 21 98 36 97 44 61 29 88 83 28 34 41
97 49 6 56 72 92 89 86 33 95 48 61 1 76 90 77 42 74 66 1
68 52 65 95 85 77 60 29 14 25 57 75 4 30 83 19 81 27 42 57
20 7 59 49 8 6 64 30 30 4 95 92 16 90 83 32 92 33 63 60
33 78 2 47 10 91 38 93 59 45 93 73 55 42 19 52 68 13 27 62
51 57 67 26 84 14 90 49 83 60 79 21 43 88 95 9 46 9 92 14
98 41 82 81 42 41 87 83 85 87 88 29 87 37 87 96 56 12 8 90
8 75 90 56 67 30 1 89 85 31 77 3 35 43 12 23 88 51 65 76
85 98 30 76 20 85 99 44 70 1 94 96 76 88 34 64 50 16 34 12
86 93 63 66 24 17 34 38 35 96 39 51 98 91 23 22 13 49 6 89
73 33 5 36 75 23 9 62 2 22 74 26 78 14 44 37 23 83 42 37
4 75 93 53 23 60 22 45 76 95 46 44 81 63 30 3 13 48 39 35
40 68 53 26 33 76 74 22 46 73 17 56 48 65 82 52 49 13 2 91
98 33 85 52 60 39 14 85 72 77 30 31 25 74 83 44 18 78 7 69
12 60 81 29 20 85 14 39 69 30 62 64 81 71 42 11 50 96 85 55
59 82 73 36 75 10 84 98 46 88 77 38 27 8 56 21 94 77 32 48
44 24 34 68 83 65 75 56 3 14 43 44 84 39 89 85 71 68 14 56
46 99 74 21 26 15 37 68 57 22 98 46 59 95 38 6 64 88 74 84
2 4 13 71 92 55 32 84 71 93 48 66 98 82 96 40 31 77 59 22
41 97 78 61 29 41 29 77 77 48 14 31 14 17 10 68 21 76 95 51
28 24 35 71 39 28 32 67 33 10 45 48 32 38 3 30 2 73 48 43
83 50 20 69 14 93 89 53 49 7 25 27 95 69 53 35 63 92 37 50
28 55 16 28 74 88 12 46 59 14 98 82 30 17 97 58 58 72 59 62
21 91 48 86 66 27 47 24 82 91 30 51 13 24 11 31 36 87 4 61
80 46 12 27 86 77 19 52 59 5 90 90 68 66 65 11 64 66 42 10
71 58 11 41 10 81 97 96 70 43 92 63 19 75 47 11 52 98 93 87
4 17 80 86 27 19 7 2 76 30 35 85 57 52 76 6 8 40 32 99
60 47 9 55 8 76 12 88 10 79 13 36 65 59 22 59 94 31 30 40
34 82 24 17 7 55 43 33 65 39 75 69 13 4 17 64 51 75 16 91
55 6 76 62 97 67 89 27 19 34 55 67 63 73 14 65 36 45 95 64
53 15 32 96 84 65 14 49 77 77 80 81 26 56 11 23 82 98 58 62
96 91 35 59 56 8 33 78 86 81 67 18 96 19 69 80 30 90 12 53
37 74 66 53 61 18 56 82 21 11 3 81 53 39 91 75 17 4 95 33
37 42 48 93 9 56 57 65 75 10 93 72 94 51 53 63 21 23 21 16
# P_hat : m1 | m2 | m3 | m4 | m5 | m6 | m7 | m8 | m9 | m10 | m11 | m12 | m13 | m14 | m15 | m16 | m17 | m18 | m19 | m20
26.00 31.50 41.00 8.00 31.50 47.00 39.50 11.00 40.00 48.00 26.50 27.00 35.50 13.50 47.50 1.50 46.00 40.00 30.50 37.00
47.50 49.50 10.50 13.00 27.50 17.00 10.50 3.00 6.50 1.50 9.50 33.50 45.00 46.50 26.50 40.00 31.00 19.00 43.00 19.00
21.00 34.50 39.50 23.00 29.50 44.50 46.50 12.00 32.00 25.00 49.50 12.50 29.50 24.50 27.00 39.00 5.50 27.50 8.00 2.00
37.50 35.00 47.50 33.00 17.50 31.00 16.00 27.50 38.50 28.50 31.00 38.50 41.00 31.50 11.00 16.00 41.50 17.00 21.00 15.50
22.00 26.50 23.00 38.00 10.50 23.50 4.00 24.00 8.50 33.00 44.00 19.00 11.00 32.50 42.00 26.50 43.50 42.50 7.00 31.00
28.50 10.50 11.50 15.50 29.50 33.00 22.50 28.50 39.00 42.00 46.50 49.00 44.00 17.00 27.00 21.50 33.00 22.00 46.00 19.50
44.50 5.00 20.00 18.00 39.00 38.00 18.50 39.00 41.00 49.00 17.00 48.00 17.50 5.00 1.00 42.50 49.00 23.50 33.50 48.50
26.50 15.50 47.50 4.00 12.50 7.50 39.00 2.50 2.00 27.50 36.00 10.00 24.50 28.00 40.00 9.50 21.00 33.00 38.50 28.50
42.00 40.00 43.50 18.50 15.00 9.00 13.00 25.00 36.00 35.00 21.00 7.50 39.00 25.50 42.00 24.00 11.50 9.50 23.00 4.50
31.00 9.00 18.50 10.50 19.00 27.00 49.00 41.50 46.50 16.00 32.50 18.00 34.50 48.50 33.00 24.50 22.50 33.00 20.50 27.00
45.50 2.50 12.00 1.50 39.00 12.00 8.50 35.00 34.00 15.50 19.50 32.50 38.00 26.00 12.50 33.00 26.00 30.50 39.00 6.50
7.00 9.00 12.00 38.00 39.50 27.50 12.50 10.50 12.50 32.00 39.50 48.50 1.00 23.00 8.00 11.00 3.00 30.00 1.50 23.50
47.50 8.50 32.50 33.50 29.00 48.00 10.50 35.50 33.50 5.50 4.50 13.50 7.00 8.00 39.50 18.50 1.50 49.00 36.00 3.00
44.50 35.50 31.00 2.50 22.00 5.00 14.00 29.00 40.00 4.50 13.00 12.50 1.50 25.00 45.00 25.50 32.00 41.00 47.50 35.00
2.00 45.00 9.50 23.50 19.00 6.00 34.00 18.00 21.50 16.00 36.00 30.50 11.00 48.00 25.50 41.00 27.50 39.50 26.50 9.50
47.50 46.50 33.50 36.00 38.00 48.00 12.00 25.00 46.50 29.00 14.50 12.00 13.00 42.50 14.50 29.50 48.50 35.50 29.50 48.50
1.00 7.00 33.00 33.00 35.00 26.50 31.00 15.50 10.50 49.00 18.00 48.50 22.00 30.50 14.50 44.00 41.50 14.00 17.00 20.50
48.50 24.50 3.00 28.00 36.00 46.00 44.50 43.00 16.50 47.50 24.00 30.50 0.50 38.00 45.00 38.50 21.00 37.00 33.00 0.50
34.00 26.00 32.50 47.50 42.50 38.50 30.00 14.50 7.00 12.50 28.50 37.50 2.00 15.00 41.50 9.50 40.50 13.50 21.00 28.50
10.00 3.50 29.50 24.50 4.00 3.00 32.00 15.00 15.00 2.00 47.50 46.00 8.00 45.00 41.50 16.00 46.00 16.50 31.50 30.00
16.50 39.00 1.00 23.50 5.00 45.50 19.00 46.50 29.50 22.50 46.50 36.50 27.50 21.00 9.50 26.00 34.00 6.50 13.50 31.00
25.50 28.50 33.50 13.00 42.00 7.00 45.00 24.50 41.50 30.00 39.50 10.50 21.50 44.00 47.50 4.50 23.00 4.50 46.00 7.00
49.00 20.50 41.00 40.50 21.00 20.50 43.50 41.50 42.50 43.50 44.00 14.50 43.50 18.50 43.50 48.00 28.00 6.00 4.00 45.00
4.00 37.50 45.00 28.00 33.50 15.00 0.50 44.50 42.50 15.50 38.50 1.50 17.50 21.50 6.00 11.50 44.00 25.50 32.50 38.00
42.50 49.00 15.00 38.00 10.00 42.50 49.50 22.00 35.00 0.50 47.00 48.00 38.00 44.00 17.00 32.00 25.00 8.00 17.00 6.00
43.00 46.50 31.50 33.00 12.00 8.50 17.00 19.00 17.50 48.00 19.50 25.50 49.00 45.50 11.50 11.00 6.50 24.50 3.00 44.50
36.50 16.50 2.50 18.00 37.50 11.50 4.50 31.00 1.00 11.00 37.00 13.00 39.00 7.00 22.00 18.50 11.50 41.50 21.00 18.50
2.00 37.50 46.50 26.50 11.50 30.00 11.00 22.50 38.00 47.50 23.00 22.00 40.50 31.50 15.00 1.50 6.50 24.00 19.50 17.50
20.00 34.00 26.50 13.00 16.50 38.00 37.00 11.00 23.00 36.50 8.50 28.00 24.00 32.50 41.00 26.00 24.50 6.50 1.00 45.50
49.00 16.50 42.50 26.00 30.00 19.50 7.00 42.50 36.00 38.50 15.00 15.50 12.50 37.00 41.50 22.00 9.00 39.00 3.50 34.50
6.00 30.00 40.50 14.50 10.00 42.50 7.00 19.50 34.50 15.00 31.00 32.00 40.50 35.50 21.00 5.50 25.00 48.00 42.50 27.50
29.50 41.00 36.50 18.00 37.50 5.00 42.00 49.00 23.00 44.00 38.50 19.00 13.50 4.00 28.00 10.50 47.00 38.50 16.00 24.00
22.00 12.00 17.00 34.00 41.50 32.50 37.50 28.00 1.50 7.00 21.50 22.00 42.00 19.50 44.50 42.50 35.50 34.00 7.00 28.00
23.00 49.50 37.00 10.50 13.00 7.50 18.50 34.00 28.50 11.00 49.00 23.00 29.50 47.50 19.00 3.00 32.00 44.00 37.00 42.00
1.00 2.00 6.50 35.50 46.00 27.50 16.00 42.00 35.50 46.50 24.00 33.00 49.00 41.00 48.00 20.00 15.50 38.50 29.50 11.00
20.50 48.50 39.00 30.50 14.50 20.50 14.50 38.50 38.50 24.00 7.00 15.50 7.00 8.50 5.00 34.00 10.50 38.00 47.50 25.50
14.00 12.00 17.50 35.50 19.50 14.00 16.00 33.50 16.50 5.00 22.50 24.00 16.00 19.00 1.50 15.00 1.00 36.50 24.00 21.50
41.50 25.00 10.00 34.50 7.00 46.50 44.50 26.50 24.50 3.50 12.50 13.50 47.50 34.50 26.50 17.50 31.50 46.00 18.50 25.00
14.00 27.50 8.00 14.00 37.00 44.00 6.00 23.00 29.50 7.00 49.00 41.00 15.00 8.50 48.50 29.00 29.00 36.00 29.50 31.00
10.50 45.50 24.00 43.00 33.00 13.50 23.50 12.00 41.00 45.50 15.00 25.50 6.50 12.00 5.50 15.50 18.00 43.50 2.00 30.50
40.00 23.00 6.00 13.50 43.00 38.50 9.50 26.00 29.50 2.50 45.00 45.00 34.00 33.00 32.50 5.50 32.00 33.00 21.00 5.00
35.50 29.00 5.50 20.50 5.00 40.50 48.50 48.00 35.00 21.50 46.00 31.50 9.50 37.50 23.50 5.50 26.00 49.00 46.50 43.50
2.00 8.50 40.00 43.00 13.50 9.50 3.50 1.00 38.00 15.00 17.50 42.50 28.50 26.00 38.00 3.00 4.00 20.00 16.00 49.50
30.00 23.50 4.50 27.50 4.00 38.00 6.00 44.00 5.00 39.50 6.50 18.00 32.50 29.50 11.00 29.50 47.00 15.50 15.00 20.00
17.00 41.00 12.00 8.50 3.50 27.50 21.50 16.50 32.50 19.50 37.50 34.50 6.50 2.00 8.50 32.00 25.50 37.50 8.00 45.50
27.50 3.00 38.00 31.00 48.50 33.50 44.50 13.50 9.50 17.00 27.50 33.50 31.50 36.50 7.00 32.50 18.00 22.50 47.50 32.00
26.50 7.50 16.00 48.00 42.00 32.50 7.00 24.50 38.50 38.50 40.00 40.50 13.00 28.00 5.50 11.50 41.00 49.00 29.00 31.00
48.00 45.50 17.50 29.50 28.00 4.00 16.50 39.00 43.00 40.50 33.50 9.00 48.00 9.50 34.50 40.00 15.00 45.00 6.00 26.50
18.50 37.00 33.00 26.50 30.50 9.00 28.00 41.00 10.50 5.50 1.50 40.50 26.50 19.50 45.50 37.50 8.50 2.00 47.50 16.50
18.50 21.00 24.00 46.50 4.50 28.00 28.50 32.50 37.50 5.00 46.50 36.00 47.00 25.50 26.50 31.50 10.50 11.50 10.50 8.00
