# nJobs | nMachines
20 20
# Job Weights
6
87
73
96
95
50
93
6
8
42
16
93
41
86
18
89
78
65
46
67
# P_bar : m1 | m2 | m3 | m4 | m5 | m6 | m7 | m8 | m9 | m10 | m11 | m12 | m13 | m14 | m15 | m16 | m17 | m18 | m19 | m20
74 60 98 54 85 31 14 92 28 51 64 48 30 84 9 93 71 72 33 85
15 62 79 41 65 73 32 39 70 6 96 6 94 24 1 44 34 65 95 47
51 9 24 7 90 51 43 99 27 75 13 34 52 84 66 2 40 20 7 54
4 59 25 98 43 29 30 47 4 81 9 22 49 16 57 87 57 67 34 31
36 28 57 75 61 29 92 20 60 35 17 12 32 87 90 93 29 61 6 31
61 61 38 24 39 25 64 84 55 34 19 78 61 22 61 23 78 69 34 83
65 81 81 57 82 44 72 32 92 22 52 87 30 51 90 92 99 19 62 28
25 53 50 32 95 64 16 66 55 62 1 24 6 27 60 51 88 63 97 70
55 86 49 56 94 85 38 85 49 90 54 87 33 87 40 5 40 50 7 49
70 77 19 8 58 92 91 79 81 65 86 10 33 87 38 32 40 68 18 27
18 19 14 52 64 23 61 83 19 8 90 46 42 34 25 69 35 7 8 40
81 67 59 63 41 26 10 3 8 57 26 16 87 99 15 92 57 93 39 37
22 52 36 97 36 2 10 44 36 14 16 11 55 37 89 21 56 58 86 55
3 17 5 95 26 36 72 34 32 19 39 73 13 14 5 77 65 31 58 59
48 80 46 55 98 94 29 79 79 28 51 24 39 59 81 95 63 97 35 46
74 11 62 19 39 53 28 51 84 17 4 16 20 13 16 17 48 89 12 25
82 91 98 91 5 72 64 29 52 6 18 68 9 17 28 47 24 5 50 34
19 61 4 62 87 79 61 40 61 49 35 14 57 33 58 1 40 98 44 84
84 55 39 29 87 58 42 63 92 79 65 92 83 31 98 13 20 41 81 72
83 2 90 56 31 91 80 40 31 76 5 93 2 18 90 73 21 81 89 32
# P_hat : m1 | m2 | m3 | m4 | m5 | m6 | m7 | m8 | m9 | m10 | m11 | m12 | m13 | m14 | m15 | m16 | m17 | m18 | m19 | m20
37.00 30.00 49.00 27.00 42.50 15.50 7.00 46.00 14.00 25.50 32.00 24.00 15.00 42.00 4.50 46.50 35.50 36.00 16.50 42.50
7.50 31.00 39.50 20.50 32.50 36.50 16.00 19.50 35.00 3.00 48.00 3.00 47.00 12.00 0.50 22.00 17.00 32.50 47.50 23.50
25.50 4.50 12.00 3.50 45.00 25.50 21.50 49.50 13.50 37.50 6.50 17.00 26.00 42.00 33.00 1.00 20.00 10.00 3.50 27.00
2.00 29.50 12.50 49.00 21.50 14.50 15.00 23.50 2.00 40.50 4.50 11.00 24.50 8.00 28.50 43.50 28.50 33.50 17.00 15.50
18.00 14.00 28.50 37.50 30.50 14.50 46.00 10.00 30.00 17.50 8.50 6.00 16.00 43.50 45.00 46.50 14.50 30.50 3.00 15.50
30.50 30.50 19.00 12.00 19.50 12.50 32.00 42.00 27.50 17.00 9.50 39.00 30.50 11.00 30.50 11.50 39.00 34.50 17.00 41.50
32.50 40.50 40.50 28.50 41.00 22.00 36.00 16.00 46.00 11.00 26.00 43.50 15.00 25.50 45.00 46.00 49.50 9.50 31.00 14.00
12.50 26.50 25.00 16.00 47.50 32.00 8.00 33.00 27.50 31.00 0.50 12.00 3.00 13.50 30.00 25.50 44.00 31.50 48.50 35.00
27.50 43.00 24.50 28.00 47.00 42.50 19.00 42.50 24.50 45.00 27.00 43.50 16.50 43.50 20.00 2.50 20.00 25.00 3.50 24.50
35.00 38.50 9.50 4.00 29.00 46.00 45.50 39.50 40.50 32.50 43.00 5.00 16.50 43.50 19.00 16.00 20.00 34.00 9.00 13.50
9.00 9.50 7.00 26.00 32.00 11.50 30.50 41.50 9.50 4.00 45.00 23.00 21.00 17.00 12.50 34.50 17.50 3.50 4.00 20.00
40.50 33.50 29.50 31.50 20.50 13.00 5.00 1.50 4.00 28.50 13.00 8.00 43.50 49.50 7.50 46.00 28.50 46.50 19.50 18.50
11.00 26.00 18.00 48.50 18.00 1.00 5.00 22.00 18.00 7.00 8.00 5.50 27.50 18.50 44.50 10.50 28.00 29.00 43.00 27.50
1.50 8.50 2.50 47.50 13.00 18.00 36.00 17.00 16.00 9.50 19.50 36.50 6.50 7.00 2.50 38.50 32.50 15.50 29.00 29.50
24.00 40.00 23.00 27.50 49.00 47.00 14.50 39.50 39.50 14.00 25.50 12.00 19.50 29.50 40.50 47.50 31.50 48.50 17.50 23.00
37.00 5.50 31.00 9.50 19.50 26.50 14.00 25.50 42.00 8.50 2.00 8.00 10.00 6.50 8.00 8.50 24.00 44.50 6.00 12.50
41.00 45.50 49.00 45.50 2.50 36.00 32.00 14.50 26.00 3.00 9.00 34.00 4.50 8.50 14.00 23.50 12.00 2.50 25.00 17.00
9.50 30.50 2.00 31.00 43.50 39.50 30.50 20.00 30.50 24.50 17.50 7.00 28.50 16.50 29.00 0.50 20.00 49.00 22.00 42.00
42.00 27.50 19.50 14.50 43.50 29.00 21.00 31.50 46.00 39.50 32.50 46.00 41.50 15.50 49.00 6.50 10.00 20.50 40.50 36.00
41.50 1.00 45.00 28.00 15.50 45.50 40.00 20.00 15.50 38.00 2.50 46.50 1.00 9.00 45.00 36.50 10.50 40.50 44.50 16.00
