# nJobs | nMachines
50 20
# Job Weights
40
50
2
20
3
32
19
9
55
38
81
39
29
44
36
91
56
20
59
96
41
59
61
50
64
56
96
5
77
43
72
33
44
52
4
1
29
76
32
78
32
51
7
21
7
66
87
39
96
97
# P_bar : m1 | m2 | m3 | m4 | m5 | m6 | m7 | m8 | m9 | m10 | m11 | m12 | m13 | m14 | m15 | m16 | m17 | m18 | m19 | m20
47 46 70 23 53 61 77 25 15 54 72 57 65 55 99 26 72 80 90 57
77 12 96 21 66 18 74 96 71 1 79 4 89 71 76 97 47 95 30 61
66 17 56 89 41 82 69 32 11 54 76 35 18 5 88 65 52 41 88 4
13 87 22 51 79 96 8 37 98 10 84 86 14 34 99 27 40 18 69 58
77 35 44 34 58 68 84 19 77 35 35 50 60 24 82 77 49 14 51 94
20 27 83 62 57 7 81 42 50 27 84 63 78 18 1 43 86 65 7 50
29 71 66 6 17 65 37 86 39 57 62 17 56 84 14 4 75 26 26 31
11 11 56 22 66 95 26 49 14 90 47 11 3 39 15 77 26 5 5 25
85 97 27 75 42 30 10 55 66 91 26 99 79 76 13 66 37 7 1 34
98 83 52 22 66 84 60 92 41 64 74 22 15 19 38 38 29 75 90 80
36 63 46 5 16 23 72 85 1 90 30 76 48 95 84 1 34 95 40 94
92 22 83 37 19 75 89 94 9 59 14 98 9 98 53 48 86 67 78 82
99 47 76 72 42 71 49 22 40 54 74 35 72 48 23 20 96 93 68 24
65 46 25 6 80 60 47 30 94 43 42 18 41 15 52 95 36 90 31 98
34 72 28 90 9 21 47 93 60 69 93 82 83 62 66 39 55 73 91 74
35 16 26 71 48 76 90 83 5 13 89 96 27 70 4 13 41 63 23 98
42 35 98 47 62 37 6 95 44 27 19 7 73 7 98 9 97 25 55 93
28 2 64 60 65 65 87 1 45 81 84 43 80 37 83 2 74 36 14 80
28 22 66 93 70 78 10 16 38 40 22 79 16 59 40 5 55 7 44 25
5 50 15 17 45 37 34 75 20 66 60 39 34 61 32 36 61 26 22 99
80 58 39 65 3 71 52 43 67 93 42 58 42 66 50 57 72 86 37 19
46 46 75 12 98 60 72 80 57 61 7 32 65 26 75 21 45 50 32 34
37 19 66 97 11 59 77 42 4 63 50 12 57 70 65 49 73 80 42 12
86 82 89 29 2 18 94 78 24 27 56 84 88 70 27 19 94 48 3 55
85 69 56 41 64 94 44 9 12 13 25 1 78 85 30 78 76 12 5 71
67 14 42 3 77 55 80 56 63 43 70 41 62 51 98 44 28 57 79 21
22 94 90 46 85 53 88 35 26 88 84 20 19 32 55 98 58 34 33 5
67 39 77 33 12 58 94 96 27 61 73 78 60 35 91 55 98 4 79 61
20 62 76 55 18 47 39 71 8 95 70 69 60 46 47 62 65 99 56 37
1 27 43 10 75 65 75 97 7 39 17 76 58 80 32 27 7 20 96 22
39 60 14 9 83 29 35 53 33 44 3 16 29 11 61 86 77 1 57 15
25 20 3 14 2 26 35 51 21 4 96 68 40 23 63 4 1 83 23 50
1 13 57 37 2 6 92 58 79 57 45 17 22 48 14 71 75 17 19 27
41 64 98 54 29 13 17 8 6 11 81 82 3 30 56 63 46 69 24 12
74 67 47 14 81 4 74 56 64 50 33 58 27 28 28 93 61 72 25 59
39 25 35 53 94 38 77 93 10 34 16 2 48 65 11 18 93 61 73 97
2 39 58 27 38 64 45 96 86 77 86 34 89 78 40 70 79 67 69 38
20 40 6 64 56 47 70 56 84 19 67 28 31 77 9 5 23 83 24 83
3 72 95 25 92 7 5 36 82 42 19 35 5 32 60 21 71 89 19 84
29 28 9 79 77 2 33 81 25 35 5 35 59 61 17 48 46 99 5 54
51 36 33 30 31 46 80 72 27 56 12 86 2 68 49 13 79 5 92 79
79 60 1 33 65 30 31 33 41 53 94 26 14 98 12 53 55 47 82 51
35 2 59 5 59 58 3 37 35 95 10 29 43 26 44 70 95 84 95 93
63 8 85 96 89 77 27 90 44 78 55 49 47 12 56 42 46 76 18 95
18 33 1 1 66 86 80 96 9 18 98 27 48 94 44 73 59 68 85 66
67 85 85 51 92 9 10 11 80 31 45 60 4 4 40 42 89 36 27 12
73 51 65 42 15 39 38 66 13 63 77 51 12 15 81 72 16 30 92 80
2 6 47 78 50 18 86 64 79 96 30 13 19 94 75 89 40 38 77 20
23 5 13 70 39 22 51 27 58 11 87 19 28 19 55 1 28 62 68 28
59 72 12 91 26 61 39 37 73 83 18 56 66 52 44 26 51 61 46 86
# P_hat : m1 | m2 | m3 | m4 | m5 | m6 | m7 | m8 | m9 | m10 | m11 | m12 | m13 | m14 | m15 | m16 | m17 | m18 | m19 | m20
14.10 13.80 21.00 6.90 15.90 18.30 23.10 7.50 4.50 16.20 21.60 17.10 19.50 16.50 29.70 7.80 21.60 24.00 27.00 17.10
23.10 3.60 28.80 6.30 19.80 5.40 22.20 28.80 21.30 0.30 23.70 1.20 26.70 21.30 22.80 29.10 14.10 28.50 9.00 18.30
19.80 5.10 16.80 26.70 12.30 24.60 20.70 9.60 3.30 16.20 22.80 10.50 5.40 1.50 26.40 19.50 15.60 12.30 26.40 1.20
3.90 26.10 6.60 15.30 23.70 28.80 2.40 11.10 29.40 3.00 25.20 25.80 4.20 10.20 29.70 8.10 12.00 5.40 20.70 17.40
23.10 10.50 13.20 10.20 17.40 20.40 25.20 5.70 23.10 10.50 10.50 15.00 18.00 7.20 24.60 23.10 14.70 4.20 15.30 28.20
6.00 8.10 24.90 18.60 17.10 2.10 24.30 12.60 15.00 8.10 25.20 18.90 23.40 5.40 0.30 12.90 25.80 19.50 2.10 15.00
8.70 21.30 19.80 1.80 5.10 19.50 11.10 25.80 11.70 17.10 18.60 5.10 16.80 25.20 4.20 1.20 22.50 7.80 7.80 9.30
3.30 3.30 16.80 6.60 19.80 28.50 7.80 14.70 4.20 27.00 14.10 3.30 0.90 11.70 4.50 23.10 7.80 1.50 1.50 7.50
25.50 29.10 8.10 22.50 12.60 9.00 3.00 16.50 19.80 27.30 7.80 29.70 23.70 22.80 3.90 19.80 11.10 2.10 0.30 10.20
29.40 24.90 15.60 6.60 19.80 25.20 18.00 27.60 12.30 19.20 22.20 6.60 4.50 5.70 11.40 11.40 8.70 22.50 27.00 24.00
10.80 18.90 13.80 1.50 4.80 6.90 21.60 25.50 0.30 27.00 9.00 22.80 14.40 28.50 25.20 0.30 10.20 28.50 12.00 28.20
27.60 6.60 24.90 11.10 5.70 22.50 26.70 28.20 2.70 17.70 4.20 29.40 2.70 29.40 15.90 14.40 25.80 20.10 23.40 24.60
29.70 14.10 22.80 21.60 12.60 21.30 14.70 6.60 12.00 16.20 22.20 10.50 21.60 14.40 6.90 6.00 28.80 27.90 20.40 7.20
19.50 13.80 7.50 1.80 24.00 18.00 14.10 9.00 28.20 12.90 12.60 5.40 12.30 4.50 15.60 28.50 10.80 27.00 9.30 29.40
10.20 21.60 8.40 27.00 2.70 6.30 14.10 27.90 18.00 20.70 27.90 24.60 24.90 18.60 19.80 11.70 16.50 21.90 27.30 22.20
10.50 4.80 7.80 21.30 14.40 22.80 27.00 24.90 1.50 3.90 26.70 28.80 8.10 21.00 1.20 3.90 12.30 18.90 6.90 29.40
12.60 10.50 29.40 14.10 18.60 11.10 1.80 28.50 13.20 8.10 5.70 2.10 21.90 2.10 29.40 2.70 29.10 7.50 16.50 27.90
8.40 0.60 19.20 18.00 19.50 19.50 26.10 0.30 13.50 24.30 25.20 12.90 24.00 11.10 24.90 0.60 22.20 10.80 4.20 24.00
8.40 6.60 19.80 27.90 21.00 23.40 3.00 4.80 11.40 12.00 6.60 23.70 4.80 17.70 12.00 1.50 16.50 2.10 13.20 7.50
1.50 15.00 4.50 5.10 13.50 11.10 10.20 22.50 6.00 19.80 18.00 11.70 10.20 18.30 9.60 10.80 18.30 7.80 6.60 29.70
24.00 17.40 11.70 19.50 0.90 21.30 15.60 12.90 20.10 27.90 12.60 17.40 12.60 19.80 15.00 17.10 21.60 25.80 11.10 5.70
13.80 13.80 22.50 3.60 29.40 18.00 21.60 24.00 17.10 18.30 2.10 9.60 19.50 7.80 22.50 6.30 13.50 15.00 9.60 10.20
11.10 5.70 19.80 29.10 3.30 17.70 23.10 12.60 1.20 18.90 15.00 3.60 17.10 21.00 19.50 14.70 21.90 24.00 12.60 3.60
25.80 24.60 26.70 8.70 0.60 5.40 28.20 23.40 7.20 8.10 16.80 25.20 26.40 21.00 8.10 5.70 28.20 14.40 0.90 16.50
25.50 20.70 16.80 12.30 19.20 28.20 13.20 2.70 3.60 3.90 7.50 0.30 23.40 25.50 9.00 23.40 22.80 3.60 1.50 21.30
20.10 4.20 12.60 0.90 23.10 16.50 24.00 16.80 18.90 12.90 21.00 12.30 18.60 15.30 29.40 13.20 8.40 17.10 23.70 6.30
6.60 28.20 27.00 13.80 25.50 15.90 26.40 10.50 7.80 26.40 25.20 6.00 5.70 9.60 16.50 29.40 17.40 10.20 9.90 1.50
20.10 11.70 23.10 9.90 3.60 17.40 28.20 28.80 8.10 18.30 21.90 23.40 18.00 10.50 27.30 16.50 29.40 1.20 23.70 18.30
6.00 18.60 22.80 16.50 5.40 14.10 11.70 21.30 2.40 28.50 21.00 20.70 18.00 13.80 14.10 18.60 19.50 29.70 16.80 11.10
0.30 8.10 12.90 3.00 22.50 19.50 22.50 29.10 2.10 11.70 5.10 22.80 17.40 24.00 9.60 8.10 2.10 6.00 28.80 6.60
11.70 18.00 4.20 2.70 24.90 8.70 10.50 15.90 9.90 13.20 0.90 4.80 8.70 3.30 18.30 25.80 23.10 0.30 17.10 4.50
7.50 6.00 0.90 4.20 0.60 7.80 10.50 15.30 6.30 1.20 28.80 20.40 12.00 6.90 18.90 1.20 0.30 24.90 6.90 15.00
0.30 3.90 17.10 11.10 0.60 1.80 27.60 17.40 23.70 17.10 13.50 5.10 6.60 14.40 4.20 21.30 22.50 5.10 5.70 8.10
12.30 19.20 29.40 16.20 8.70 3.90 5.10 2.40 1.80 3.30 24.30 24.60 0.90 9.00 16.80 18.90 13.80 20.70 7.20 3.60
22.20 20.10 14.10 4.20 24.30 1.20 22.20 16.80 19.20 15.00 9.90 17.40 8.10 8.40 8.40 27.90 18.30 21.60 7.50 17.70
11.70 7.50 10.50 15.90 28.20 11.40 23.10 27.90 3.00 10.20 4.80 0.60 14.40 19.50 3.30 5.40 27.90 18.30 21.90 29.10
0.60 11.70 17.40 8.10 11.40 19.20 13.50 28.80 25.80 23.10 25.80 10.20 26.70 23.40 12.00 21.00 23.70 20.10 20.70 11.40
6.00 12.00 1.80 19.20 16.80 14.10 21.00 16.80 25.20 5.70 20.10 8.40 9.30 23.10 2.70 1.50 6.90 24.90 7.20 24.90
0.90 21.60 28.50 7.50 27.60 2.10 1.50 10.80 24.60 12.60 5.70 10.50 1.50 9.60 18.00 6.30 21.30 26.70 5.70 25.20
8.70 8.40 2.70 23.70 23.10 0.60 9.90 24.30 7.50 10.50 1.50 10.50 17.70 18.30 5.10 14.40 13.80 29.70 1.50 16.20
15.30 10.80 9.90 9.00 9.30 13.80 24.00 21.60 8.10 16.80 3.60 25.80 0.60 20.40 14.70 3.90 23.70 1.50 27.60 23.70
23.70 18.00 0.30 9.90 19.50 9.00 9.30 9.90 12.30 15.90 28.20 7.80 4.20 29.40 3.60 15.90 16.50 14.10 24.60 15.30
10.50 0.60 17.70 1.50 17.70 17.40 0.90 11.10 10.50 28.50 3.00 8.70 12.90 7.80 13.20 21.00 28.50 25.20 28.50 27.90
18.90 2.40 25.50 28.80 26.70 23.10 8.10 27.00 13.20 23.40 16.50 14.70 14.10 3.60 16.80 12.60 13.80 22.80 5.40 28.50
5.40 9.90 0.30 0.30 19.80 25.80 24.00 28.80 2.70 5.40 29.40 8.10 14.40 28.20 13.20 21.90 17.70 20.40 25.50 19.80
20.10 25.50 25.50 15.30 27.60 2.70 3.00 3.30 24.00 9.30 13.50 18.00 1.20 1.20 12.00 12.60 26.70 10.80 8.10 3.60
21.90 15.30 19.50 12.60 4.50 11.70 11.40 19.80 3.90 18.90 23.10 15.30 3.60 4.50 24.30 21.60 4.80 9.00 27.60 24.00
0.60 1.80 14.10 23.40 15.00 5.40 25.80 19.20 23.70 28.80 9.00 3.90 5.70 28.20 22.50 26.70 12.00 11.40 23.10 6.00
6.90 1.50 3.90 21.00 11.70 6.60 15.30 8.10 17.40 3.30 26.10 5.70 8.40 5.70 16.50 0.30 8.40 18.60 20.40 8.40
17.70 21.60 3.60 27.30 7.80 18.30 11.70 11.10 21.90 24.90 5.40 16.80 19.80 15.60 13.20 7.80 15.30 18.30 13.80 25.80
