# nJobs | nMachines
50 10
# Job Weights
64
97
75
17
20
48
50
29
36
71
54
50
43
88
12
2
38
20
92
75
31
67
57
46
96
44
41
68
83
80
25
6
79
24
58
11
53
74
18
95
52
54
86
79
24
45
63
11
29
37
# P_bar : m1 | m2 | m3 | m4 | m5 | m6 | m7 | m8 | m9 | m10
16 13 42 37 68 24 51 8 59 67
90 27 21 43 3 1 57 54 85 99
63 27 21 87 58 57 82 15 73 57
73 9 90 77 57 86 47 47 87 47
57 88 54 39 49 35 82 73 87 93
17 3 64 35 13 9 14 33 89 35
29 29 55 49 72 55 79 73 48 32
16 96 93 66 13 8 57 35 57 77
94 39 1 35 13 93 88 45 59 28
47 15 36 2 5 11 79 75 73 75
24 61 16 38 88 39 22 83 66 95
39 76 7 73 38 10 72 12 95 15
2 79 98 28 82 84 58 59 61 18
5 67 20 97 41 80 78 95 13 97
75 6 83 20 61 59 18 96 79 37
7 61 77 46 85 37 48 75 88 53
74 32 39 85 81 80 72 62 19 97
96 76 63 53 53 69 38 44 18 73
94 96 72 78 65 13 71 43 21 60
44 59 47 73 89 19 82 30 33 39
63 85 21 72 50 25 61 47 11 48
38 36 98 82 78 92 73 36 8 9
22 23 97 59 38 45 50 65 8 17
76 72 86 24 82 14 56 85 83 83
2 71 7 6 38 73 95 1 13 10
11 44 81 94 38 85 16 71 89 2
71 88 5 67 85 75 6 13 63 66
94 58 56 66 55 96 7 54 64 50
77 51 57 30 64 33 86 2 53 36
57 73 15 33 47 17 21 82 28 45
45 10 7 32 87 76 27 16 17 86
58 85 85 51 66 96 44 15 2 8
16 16 77 38 5 4 64 14 77 47
96 41 14 8 16 16 32 49 61 52
41 40 23 82 48 9 46 68 73 98
52 57 10 63 29 66 37 28 69 22
57 85 93 77 67 46 39 87 23 55
39 73 57 73 72 64 96 85 56 62
74 9 58 66 5 3 44 90 78 23
35 24 31 65 79 93 70 17 65 82
52 94 92 75 30 74 41 54 85 32
42 4 6 17 64 29 56 59 99 20
82 96 37 22 3 68 44 25 52 38
43 37 77 34 80 38 27 23 78 23
47 84 80 3 11 86 41 60 8 40
34 2 41 8 99 90 66 60 58 55
96 94 18 87 32 50 87 68 51 79
13 21 68 50 25 11 42 70 43 66
33 4 81 76 84 64 7 80 52 97
58 73 41 16 12 4 54 4 41 29
# P_hat : m1 | m2 | m3 | m4 | m5 | m6 | m7 | m8 | m9 | m10
1.60 1.30 4.20 3.70 6.80 2.40 5.10 0.80 5.90 6.70
9.00 2.70 2.10 4.30 0.30 0.10 5.70 5.40 8.50 9.90
6.30 2.70 2.10 8.70 5.80 5.70 8.20 1.50 7.30 5.70
7.30 0.90 9.00 7.70 5.70 8.60 4.70 4.70 8.70 4.70
5.70 8.80 5.40 3.90 4.90 3.50 8.20 7.30 8.70 9.30
1.70 0.30 6.40 3.50 1.30 0.90 1.40 3.30 8.90 3.50
2.90 2.90 5.50 4.90 7.20 5.50 7.90 7.30 4.80 3.20
1.60 9.60 9.30 6.60 1.30 0.80 5.70 3.50 5.70 7.70
9.40 3.90 0.10 3.50 1.30 9.30 8.80 4.50 5.90 2.80
4.70 1.50 3.60 0.20 0.50 1.10 7.90 7.50 7.30 7.50
2.40 6.10 1.60 3.80 8.80 3.90 2.20 8.30 6.60 9.50
3.90 7.60 0.70 7.30 3.80 1.00 7.20 1.20 9.50 1.50
0.20 7.90 9.80 2.80 8.20 8.40 5.80 5.90 6.10 1.80
0.50 6.70 2.00 9.70 4.10 8.00 7.80 9.50 1.30 9.70
7.50 0.60 8.30 2.00 6.10 5.90 1.80 9.60 7.90 3.70
0.70 6.10 7.70 4.60 8.50 3.70 4.80 7.50 8.80 5.30
7.40 3.20 3.90 8.50 8.10 8.00 7.20 6.20 1.90 9.70
9.60 7.60 6.30 5.30 5.30 6.90 3.80 4.40 1.80 7.30
9.40 9.60 7.20 7.80 6.50 1.30 7.10 4.30 2.10 6.00
4.40 5.90 4.70 7.30 8.90 1.90 8.20 3.00 3.30 3.90
6.30 8.50 2.10 7.20 5.00 2.50 6.10 4.70 1.10 4.80
3.80 3.60 9.80 8.20 7.80 9.20 7.30 3.60 0.80 0.90
2.20 2.30 9.70 5.90 3.80 4.50 5.00 6.50 0.80 1.70
7.60 7.20 8.60 2.40 8.20 1.40 5.60 8.50 8.30 8.30
0.20 7.10 0.70 0.60 3.80 7.30 9.50 0.10 1.30 1.00
1.10 4.40 8.10 9.40 3.80 8.50 1.60 7.10 8.90 0.20
7.10 8.80 0.50 6.70 8.50 7.50 0.60 1.30 6.30 6.60
9.40 5.80 5.60 6.60 5.50 9.60 0.70 5.40 6.40 5.00
7.70 5.10 5.70 3.00 6.40 3.30 8.60 0.20 5.30 3.60
5.70 7.30 1.50 3.30 4.70 1.70 2.10 8.20 2.80 4.50
4.50 1.00 0.70 3.20 8.70 7.60 2.70 1.60 1.70 8.60
5.80 8.50 8.50 5.10 6.60 9.60 4.40 1.50 0.20 0.80
1.60 1.60 7.70 3.80 0.50 0.40 6.40 1.40 7.70 4.70
9.60 4.10 1.40 0.80 1.60 1.60 3.20 4.90 6.10 5.20
4.10 4.00 2.30 8.20 4.80 0.90 4.60 6.80 7.30 9.80
5.20 5.70 1.00 6.30 2.90 6.60 3.70 2.80 6.90 2.20
5.70 8.50 9.30 7.70 6.70 4.60 3.90 8.70 2.30 5.50
3.90 7.30 5.70 7.30 7.20 6.40 9.60 8.50 5.60 6.20
7.40 0.90 5.80 6.60 0.50 0.30 4.40 9.00 7.80 2.30
3.50 2.40 3.10 6.50 7.90 9.30 7.00 1.70 6.50 8.20
5.20 9.40 9.20 7.50 3.00 7.40 4.10 5.40 8.50 3.20
4.20 0.40 0.60 1.70 6.40 2.90 5.60 5.90 9.90 2.00
8.20 9.60 3.70 2.20 0.30 6.80 4.40 2.50 5.20 3.80
4.30 3.70 7.70 3.40 8.00 3.80 2.70 2.30 7.80 2.30
4.70 8.40 8.00 0.30 1.10 8.60 4.10 6.00 0.80 4.00
3.40 0.20 4.10 0.80 9.90 9.00 6.60 6.00 5.80 5.50
9.60 9.40 1.80 8.70 3.20 5.00 8.70 6.80 5.10 7.90
1.30 2.10 6.80 5.00 2.50 1.10 4.20 7.00 4.30 6.60
3.30 0.40 8.10 7.60 8.40 6.40 0.70 8.00 5.20 9.70
5.80 7.30 4.10 1.60 1.20 0.40 5.40 0.40 4.10 2.90
