# nJobs | nMachines
100 5
# Job Weights
30
66
19
64
44
38
29
83
11
3
3
20
26
2
28
30
27
1
93
26
37
32
84
7
14
64
88
11
67
34
37
88
73
47
84
68
15
27
4
51
27
99
100
28
37
84
57
94
8
98
37
80
11
73
50
38
68
63
39
12
33
75
45
30
34
28
65
60
58
2
54
59
30
41
7
15
13
82
22
81
58
92
14
48
18
29
44
40
14
36
1
36
43
40
84
19
95
37
64
46
# P_bar : m1 | m2 | m3 | m4 | m5
73 34 8 62 10
84 46 37 86 60
57 97 38 46 34
52 88 30 3 96
66 52 20 22 79
67 49 68 33 62
33 88 4 90 6
62 15 78 94 15
65 55 41 98 94
7 6 2 9 39
6 77 62 84 85
31 49 38 69 17
42 46 95 26 55
82 14 82 22 59
48 35 96 49 48
45 40 56 90 11
79 1 61 81 63
86 70 34 12 98
10 46 1 54 33
47 28 9 53 49
67 73 57 18 41
86 24 80 56 82
64 44 58 43 12
38 55 7 50 61
13 94 56 82 94
69 52 31 18 80
4 40 92 89 84
21 76 84 49 18
25 92 25 20 68
74 22 20 76 6
11 46 65 90 98
85 19 36 64 47
50 18 67 89 6
21 50 96 16 55
93 31 35 3 73
98 41 59 12 70
91 51 76 45 56
26 73 66 67 46
4 22 83 97 50
28 21 37 80 90
61 79 33 97 89
8 93 2 92 88
55 98 95 56 50
68 89 20 50 99
30 44 84 95 41
26 64 43 25 36
81 93 4 52 16
95 66 44 21 84
49 14 74 47 98
6 10 92 4 44
82 36 55 67 42
71 36 98 62 43
61 69 8 63 62
84 79 30 25 49
29 90 18 3 22
44 51 28 55 16
83 81 54 87 14
12 16 68 84 55
54 28 42 28 45
19 26 28 73 20
52 97 12 8 35
59 33 57 38 89
74 77 81 80 7
42 68 19 53 64
60 28 16 70 36
43 46 88 9 5
80 16 75 87 63
34 96 11 33 8
74 59 57 11 76
46 56 99 65 95
40 4 4 92 40
27 52 51 34 51
79 89 26 64 98
1 84 6 96 77
98 42 16 67 92
44 37 71 54 35
8 90 52 26 3
55 51 96 32 56
55 84 89 10 1
27 16 79 91 17
69 39 91 90 70
79 16 57 31 45
97 37 2 7 87
39 19 33 6 37
54 15 42 77 70
75 68 1 91 84
88 7 40 42 69
87 58 76 5 7
97 47 85 46 5
4 27 99 54 97
79 82 65 56 47
59 72 98 1 12
7 1 78 24 54
89 7 61 62 84
61 22 83 47 49
42 40 30 63 89
79 59 14 39 86
85 16 62 63 37
66 7 41 95 52
99 72 91 45 85
# P_hat : m1 | m2 | m3 | m4 | m5
36.50 17.00 4.00 31.00 5.00
42.00 23.00 18.50 43.00 30.00
28.50 48.50 19.00 23.00 17.00
26.00 44.00 15.00 1.50 48.00
33.00 26.00 10.00 11.00 39.50
33.50 24.50 34.00 16.50 31.00
16.50 44.00 2.00 45.00 3.00
31.00 7.50 39.00 47.00 7.50
32.50 27.50 20.50 49.00 47.00
3.50 3.00 1.00 4.50 19.50
3.00 38.50 31.00 42.00 42.50
15.50 24.50 19.00 34.50 8.50
21.00 23.00 47.50 13.00 27.50
41.00 7.00 41.00 11.00 29.50
24.00 17.50 48.00 24.50 24.00
22.50 20.00 28.00 45.00 5.50
39.50 0.50 30.50 40.50 31.50
43.00 35.00 17.00 6.00 49.00
5.00 23.00 0.50 27.00 16.50
23.50 14.00 4.50 26.50 24.50
33.50 36.50 28.50 9.00 20.50
43.00 12.00 40.00 28.00 41.00
32.00 22.00 29.00 21.50 6.00
19.00 27.50 3.50 25.00 30.50
6.50 47.00 28.00 41.00 47.00
34.50 26.00 15.50 9.00 40.00
2.00 20.00 46.00 44.50 42.00
10.50 38.00 42.00 24.50 9.00
12.50 46.00 12.50 10.00 34.00
37.00 11.00 10.00 38.00 3.00
5.50 23.00 32.50 45.00 49.00
42.50 9.50 18.00 32.00 23.50
25.00 9.00 33.50 44.50 3.00
10.50 25.00 48.00 8.00 27.50
46.50 15.50 17.50 1.50 36.50
49.00 20.50 29.50 6.00 35.00
45.50 25.50 38.00 22.50 28.00
13.00 36.50 33.00 33.50 23.00
2.00 11.00 41.50 48.50 25.00
14.00 10.50 18.50 40.00 45.00
30.50 39.50 16.50 48.50 44.50
4.00 46.50 1.00 46.00 44.00
27.50 49.00 47.50 28.00 25.00
34.00 44.50 10.00 25.00 49.50
15.00 22.00 42.00 47.50 20.50
13.00 32.00 21.50 12.50 18.00
40.50 46.50 2.00 26.00 8.00
47.50 33.00 22.00 10.50 42.00
24.50 7.00 37.00 23.50 49.00
3.00 5.00 46.00 2.00 22.00
41.00 18.00 27.50 33.50 21.00
35.50 18.00 49.00 31.00 21.50
30.50 34.50 4.00 31.50 31.00
42.00 39.50 15.00 12.50 24.50
14.50 45.00 9.00 1.50 11.00
22.00 25.50 14.00 27.50 8.00
41.50 40.50 27.00 43.50 7.00
6.00 8.00 34.00 42.00 27.50
27.00 14.00 21.00 14.00 22.50
9.50 13.00 14.00 36.50 10.00
26.00 48.50 6.00 4.00 17.50
29.50 16.50 28.50 19.00 44.50
37.00 38.50 40.50 40.00 3.50
21.00 34.00 9.50 26.50 32.00
30.00 14.00 8.00 35.00 18.00
21.50 23.00 44.00 4.50 2.50
40.00 8.00 37.50 43.50 31.50
17.00 48.00 5.50 16.50 4.00
37.00 29.50 28.50 5.50 38.00
23.00 28.00 49.50 32.50 47.50
20.00 2.00 2.00 46.00 20.00
13.50 26.00 25.50 17.00 25.50
39.50 44.50 13.00 32.00 49.00
0.50 42.00 3.00 48.00 38.50
49.00 21.00 8.00 33.50 46.00
22.00 18.50 35.50 27.00 17.50
4.00 45.00 26.00 13.00 1.50
27.50 25.50 48.00 16.00 28.00
27.50 42.00 44.50 5.00 0.50
13.50 8.00 39.50 45.50 8.50
34.50 19.50 45.50 45.00 35.00
39.50 8.00 28.50 15.50 22.50
48.50 18.50 1.00 3.50 43.50
19.50 9.50 16.50 3.00 18.50
27.00 7.50 21.00 38.50 35.00
37.50 34.00 0.50 45.50 42.00
44.00 3.50 20.00 21.00 34.50
43.50 29.00 38.00 2.50 3.50
48.50 23.50 42.50 23.00 2.50
2.00 13.50 49.50 27.00 48.50
39.50 41.00 32.50 28.00 23.50
29.50 36.00 49.00 0.50 6.00
3.50 0.50 39.00 12.00 27.00
44.50 3.50 30.50 31.00 42.00
30.50 11.00 41.50 23.50 24.50
21.00 20.00 15.00 31.50 44.50
39.50 29.50 7.00 19.50 43.00
42.50 8.00 31.00 31.50 18.50
33.00 3.50 20.50 47.50 26.00
49.50 36.00 45.50 22.50 42.50
