# nJobs | nMachines
100 20
# Job Weights
97
91
12
100
64
42
19
94
75
52
85
19
59
5
8
12
30
74
88
100
83
54
29
73
44
52
17
54
72
100
29
20
51
58
40
14
21
37
18
34
10
61
88
6
31
61
79
25
99
52
66
67
25
13
67
12
77
50
54
66
28
67
82
36
15
51
12
62
73
40
58
62
53
17
33
96
61
23
77
98
39
76
93
92
43
74
77
60
91
20
39
7
33
2
24
96
82
6
62
96
# P_bar : m1 | m2 | m3 | m4 | m5 | m6 | m7 | m8 | m9 | m10 | m11 | m12 | m13 | m14 | m15 | m16 | m17 | m18 | m19 | m20
12 27 24 42 5 27 51 48 42 31 48 51 8 1 1 28 4 44 6 57
72 97 57 16 42 69 9 44 18 49 92 84 37 77 59 81 40 6 49 88
29 53 68 44 47 38 22 73 31 78 43 28 33 92 53 96 5 18 84 88
16 16 58 75 47 66 15 95 18 23 35 63 4 57 22 99 37 51 72 43
22 36 76 32 47 21 84 72 55 37 7 86 8 46 10 79 80 77 39 25
61 28 70 66 78 65 38 12 82 34 51 99 38 75 48 97 46 47 51 81
69 50 72 31 94 3 71 30 64 43 85 27 97 2 94 15 14 27 77 3
71 41 56 6 18 7 11 22 36 7 66 24 75 14 46 6 81 17 59 3
86 42 56 6 14 10 45 25 48 69 87 36 76 14 57 77 16 42 97 78
16 86 55 52 97 11 48 92 74 97 71 83 93 79 55 98 10 84 5 97
54 2 89 7 54 41 29 5 17 15 16 24 69 64 66 5 79 3 83 74
53 45 23 92 73 64 31 44 60 38 40 54 10 8 69 51 35 69 51 71
64 86 42 45 94 9 14 90 18 80 22 34 25 73 7 51 41 3 9 50
96 43 26 70 17 15 56 35 88 78 12 49 40 15 13 60 83 6 9 70
79 92 87 72 97 71 59 24 37 89 2 43 88 71 64 17 13 94 59 23
68 73 17 48 7 86 35 64 29 95 90 5 90 6 83 98 93 58 30 43
98 99 38 86 94 2 7 82 19 1 63 70 57 54 39 46 55 65 86 51
87 84 24 63 94 26 20 7 51 18 52 56 39 59 46 87 48 36 49 97
40 83 82 61 68 57 48 34 20 11 15 71 29 49 59 44 35 28 46 57
74 61 55 92 4 78 88 91 7 11 6 12 97 38 36 18 75 68 13 77
22 7 47 73 60 84 54 59 43 92 18 30 51 21 69 71 66 73 45 90
23 8 7 49 70 20 30 5 77 99 87 77 97 60 47 93 82 81 51 58
47 62 99 53 68 21 81 47 95 81 66 55 5 8 83 97 3 12 68 75
55 3 89 20 22 3 2 96 92 79 7 92 75 35 25 44 79 89 82 4
21 21 20 97 17 39 1 7 27 53 43 78 91 81 12 18 78 53 6 12
90 50 65 58 59 64 78 53 70 47 27 79 80 96 28 59 48 14 99 2
68 71 3 59 98 51 8 60 91 48 78 52 81 61 30 9 99 88 12 4
14 95 45 29 55 83 8 77 74 32 80 19 60 89 49 45 91 78 8 28
42 70 89 98 76 12 71 61 62 58 73 16 97 58 81 78 29 63 36 54
41 60 96 61 3 16 60 14 80 33 86 21 14 32 56 67 87 81 24 39
40 4 16 83 21 3 41 88 85 65 82 37 2 59 96 65 27 29 82 30
63 58 42 8 10 1 39 97 8 86 33 85 55 89 89 50 2 15 73 71
23 16 70 83 11 88 8 92 39 60 92 56 97 99 73 87 48 81 66 89
75 30 69 73 44 80 96 65 85 47 8 29 60 7 52 29 33 84 69 33
4 80 77 2 29 77 3 73 83 89 87 56 8 79 12 80 92 36 71 85
31 71 46 56 43 2 79 19 76 40 64 23 30 38 98 14 15 8 70 2
87 59 20 7 60 14 48 99 31 72 7 19 87 1 12 70 55 60 61 69
25 75 71 15 14 60 23 92 12 54 26 52 42 67 40 10 24 24 42 20
47 52 91 55 46 45 38 19 69 29 79 39 16 63 70 30 59 57 77 64
70 25 8 3 3 39 85 66 26 57 49 4 56 42 35 19 41 87 10 94
1 86 34 73 60 32 32 25 54 93 71 46 86 3 58 51 49 61 2 3
49 48 72 13 72 97 69 79 91 65 72 59 4 29 95 4 88 57 6 41
59 53 40 47 90 98 56 36 61 39 69 22 30 23 41 23 67 85 24 37
11 54 82 76 1 65 99 10 27 8 30 76 15 21 71 9 49 45 97 36
93 98 60 15 42 86 51 23 88 87 28 34 24 25 90 62 81 69 15 74
38 36 59 43 74 6 59 37 53 57 46 63 23 48 3 30 89 15 91 53
5 9 59 44 54 14 47 76 47 5 75 32 57 33 68 20 43 7 32 49
43 78 43 13 41 99 79 83 39 56 78 72 81 92 5 69 24 87 68 77
82 80 72 16 15 93 67 58 14 80 34 92 77 2 18 88 70 58 17 13
33 88 10 18 38 54 83 99 78 2 4 72 43 12 26 22 74 61 1 37
26 52 63 16 24 54 58 29 90 17 23 26 82 32 2 43 44 82 49 34
89 30 67 18 91 92 49 35 90 84 69 46 97 38 21 63 23 73 25 31
86 62 12 3 49 57 50 49 50 86 33 30 3 67 86 67 89 84 46 15
10 8 41 11 23 39 19 89 64 65 11 49 46 93 8 22 96 63 37 32
16 45 5 98 63 13 64 79 94 53 5 3 86 80 33 82 80 14 56 45
72 77 25 9 88 70 5 82 79 5 54 81 62 75 88 41 44 73 50 50
96 90 67 28 1 73 5 92 10 16 42 4 26 59 33 69 69 84 9 81
47 52 95 44 30 16 52 45 18 58 12 46 56 51 65 81 7 9 62 46
9 39 46 14 85 43 15 42 7 60 40 95 67 7 8 21 10 38 10 93
56 95 37 39 22 9 26 21 26 78 30 20 87 65 89 54 15 67 89 13
8 86 41 76 94 2 67 51 51 25 51 56 46 6 46 42 55 76 66 47
69 15 2 92 39 76 11 30 23 71 94 57 66 59 76 53 27 18 98 50
87 98 25 59 70 38 77 70 43 93 24 85 53 30 57 52 55 70 10 70
84 59 99 95 85 66 74 2 95 99 28 31 34 67 51 26 2 69 70 21
62 22 48 11 7 21 88 20 57 6 84 44 52 41 58 69 82 4 92 41
52 43 24 55 65 32 83 82 30 62 69 1 81 32 62 80 42 58 36 12
82 85 18 56 43 78 96 13 86 60 44 11 68 63 59 46 88 66 82 18
66 93 10 16 4 41 73 92 80 33 98 72 48 7 71 10 84 11 54 28
67 6 23 56 60 52 59 91 55 57 36 6 4 8 12 81 38 1 34 22
33 46 66 23 90 88 94 2 76 79 21 68 25 89 11 99 69 51 34 60
3 51 82 84 73 76 15 80 12 7 9 62 76 51 82 6 31 38 5 69
53 97 84 22 21 14 50 38 91 69 48 18 46 81 56 90 5 16 12 49
95 79 14 32 25 86 20 54 95 82 30 21 13 9 57 79 3 81 3 38
42 46 13 40 33 35 54 45 28 26 15 48 72 13 53 34 37 39 56 80
59 71 88 47 48 81 16 19 12 41 21 32 72 27 45 56 14 56 44 52
77 18 7 92 25 32 33 65 18 52 43 42 82 74 96 75 35 83 41 45
38 33 40 61 27 75 9 35 80 38 91 79 32 59 31 54 61 27 14 34
12 13 20 51 37 38 74 66 32 21 49 74 25 98 39 94 43 29 25 3
1 3 68 74 63 55 11 26 67 84 86 82 58 31 12 84 38 93 78 61
66 32 22 85 28 96 21 18 2 74 36 3 17 98 13 55 48 70 25 96
24 28 92 6 88 19 97 32 4 76 41 64 99 48 8 64 89 64 89 99
17 48 53 13 27 35 15 51 30 16 10 90 54 74 49 14 86 22 83 49
58 8 16 32 94 41 43 23 64 75 75 10 81 76 4 18 37 84 78 78
71 42 10 8 20 77 2 18 69 75 56 72 73 75 33 6 20 25 23 34
88 26 23 43 54 36 1 87 76 36 70 2 93 78 22 27 33 73 51 78
63 26 88 30 17 24 74 74 92 79 73 49 73 11 30 20 1 81 7 79
60 95 65 53 74 52 37 10 50 71 57 88 79 71 34 54 8 10 20 64
86 44 11 24 35 60 61 76 35 82 51 53 54 54 19 30 61 46 30 55
8 74 89 2 15 43 3 31 20 70 34 59 72 10 24 58 41 32 30 63
8 82 78 11 53 30 75 31 23 22 62 88 37 96 56 35 40 38 30 24
44 28 94 33 64 86 41 93 52 39 3 97 68 97 96 66 10 68 63 58
99 4 32 27 38 6 86 61 25 8 34 98 22 75 35 85 10 40 82 25
80 42 64 35 79 8 51 26 82 22 27 94 94 41 43 78 75 33 40 93
76 81 42 40 45 31 65 39 18 79 29 95 37 30 8 15 9 79 39 73
94 56 74 40 67 80 42 83 2 90 25 93 15 73 5 29 81 64 37 45
75 38 87 96 93 82 50 11 29 55 97 95 31 84 65 31 40 36 44 93
63 50 63 69 16 2 48 57 70 77 30 6 46 22 64 45 13 62 2 37
57 12 94 23 59 59 88 81 7 3 28 1 33 8 20 41 10 82 27 64
76 43 87 32 47 47 52 40 36 20 48 15 82 98 54 84 53 44 71 92
34 51 72 13 95 21 46 97 96 61 99 66 75 68 38 51 28 99 45 59
# P_hat : m1 | m2 | m3 | m4 | m5 | m6 | m7 | m8 | m9 | m10 | m11 | m12 | m13 | m14 | m15 | m16 | m17 | m18 | m19 | m20
2.40 5.40 4.80 8.40 1.00 5.40 10.20 9.60 8.40 6.20 9.60 10.20 1.60 0.20 0.20 5.60 0.80 8.80 1.20 11.40
14.40 19.40 11.40 3.20 8.40 13.80 1.80 8.80 3.60 9.80 18.40 16.80 7.40 15.40 11.80 16.20 8.00 1.20 9.80 17.60
5.80 10.60 13.60 8.80 9.40 7.60 4.40 14.60 6.20 15.60 8.60 5.60 6.60 18.40 10.60 19.20 1.00 3.60 16.80 17.60
3.20 3.20 11.60 15.00 9.40 13.20 3.00 19.00 3.60 4.60 7.00 12.60 0.80 11.40 4.40 19.80 7.40 10.20 14.40 8.60
4.40 7.20 15.20 6.40 9.40 4.20 16.80 14.40 11.00 7.40 1.40 17.20 1.60 9.20 2.00 15.80 16.00 15.40 7.80 5.00
12.20 5.60 14.00 13.20 15.60 13.00 7.60 2.40 16.40 6.80 10.20 19.80 7.60 15.00 9.60 19.40 9.20 9.40 10.20 16.20
13.80 10.00 14.40 6.20 18.80 0.60 14.20 6.00 12.80 8.60 17.00 5.40 19.40 0.40 18.80 3.00 2.80 5.40 15.40 0.60
14.20 8.20 11.20 1.20 3.60 1.40 2.20 4.40 7.20 1.40 13.20 4.80 15.00 2.80 9.20 1.20 16.20 3.40 11.80 0.60
17.20 8.40 11.20 1.20 2.80 2.00 9.00 5.00 9.60 13.80 17.40 7.20 15.20 2.80 11.40 15.40 3.20 8.40 19.40 15.60
3.20 17.20 11.00 10.40 19.40 2.20 9.60 18.40 14.80 19.40 14.20 16.60 18.60 15.80 11.00 19.60 2.00 16.80 1.00 19.40
10.80 0.40 17.80 1.40 10.80 8.20 5.80 1.00 3.40 3.00 3.20 4.80 13.80 12.80 13.20 1.00 15.80 0.60 16.60 14.80
10.60 9.00 4.60 18.40 14.60 12.80 6.20 8.80 12.00 7.60 8.00 10.80 2.00 1.60 13.80 10.20 7.00 13.80 10.20 14.20
12.80 17.20 8.40 9.00 18.80 1.80 2.80 18.00 3.60 16.00 4.40 6.80 5.00 14.60 1.40 10.20 8.20 0.60 1.80 10.00
19.20 8.60 5.20 14.00 3.40 3.00 11.20 7.00 17.60 15.60 2.40 9.80 8.00 3.00 2.60 12.00 16.60 1.20 1.80 14.00
15.80 18.40 17.40 14.40 19.40 14.20 11.80 4.80 7.40 17.80 0.40 8.60 17.60 14.20 12.80 3.40 2.60 18.80 11.80 4.60
13.60 14.60 3.40 9.60 1.40 17.20 7.00 12.80 5.80 19.00 18.00 1.00 18.00 1.20 16.60 19.60 18.60 11.60 6.00 8.60
19.60 19.80 7.60 17.20 18.80 0.40 1.40 16.40 3.80 0.20 12.60 14.00 11.40 10.80 7.80 9.20 11.00 13.00 17.20 10.20
17.40 16.80 4.80 12.60 18.80 5.20 4.00 1.40 10.20 3.60 10.40 11.20 7.80 11.80 9.20 17.40 9.60 7.20 9.80 19.40
8.00 16.60 16.40 12.20 13.60 11.40 9.60 6.80 4.00 2.20 3.00 14.20 5.80 9.80 11.80 8.80 7.00 5.60 9.20 11.40
14.80 12.20 11.00 18.40 0.80 15.60 17.60 18.20 1.40 2.20 1.20 2.40 19.40 7.60 7.20 3.60 15.00 13.60 2.60 15.40
4.40 1.40 9.40 14.60 12.00 16.80 10.80 11.80 8.60 18.40 3.60 6.00 10.20 4.20 13.80 14.20 13.20 14.60 9.00 18.00
4.60 1.60 1.40 9.80 14.00 4.00 6.00 1.00 15.40 19.80 17.40 15.40 19.40 12.00 9.40 18.60 16.40 16.20 10.20 11.60
9.40 12.40 19.80 10.60 13.60 4.20 16.20 9.40 19.00 16.20 13.20 11.00 1.00 1.60 16.60 19.40 0.60 2.40 13.60 15.00
11.00 0.60 17.80 4.00 4.40 0.60 0.40 19.20 18.40 15.80 1.40 18.40 15.00 7.00 5.00 8.80 15.80 17.80 16.40 0.80
4.20 4.20 4.00 19.40 3.40 7.80 0.20 1.40 5.40 10.60 8.60 15.60 18.20 16.20 2.40 3.60 15.60 10.60 1.20 2.40
18.00 10.00 13.00 11.60 11.80 12.80 15.60 10.60 14.00 9.40 5.40 15.80 16.00 19.20 5.60 11.80 9.60 2.80 19.80 0.40
13.60 14.20 0.60 11.80 19.60 10.20 1.60 12.00 18.20 9.60 15.60 10.40 16.20 12.20 6.00 1.80 19.80 17.60 2.40 0.80
2.80 19.00 9.00 5.80 11.00 16.60 1.60 15.40 14.80 6.40 16.00 3.80 12.00 17.80 9.80 9.00 18.20 15.60 1.60 5.60
8.40 14.00 17.80 19.60 15.20 2.40 14.20 12.20 12.40 11.60 14.60 3.20 19.40 11.60 16.20 15.60 5.80 12.60 7.20 10.80
8.20 12.00 19.20 12.20 0.60 3.20 12.00 2.80 16.00 6.60 17.20 4.20 2.80 6.40 11.20 13.40 17.40 16.20 4.80 7.80
8.00 0.80 3.20 16.60 4.20 0.60 8.20 17.60 17.00 13.00 16.40 7.40 0.40 11.80 19.20 13.00 5.40 5.80 16.40 6.00
12.60 11.60 8.40 1.60 2.00 0.20 7.80 19.40 1.60 17.20 6.60 17.00 11.00 17.80 17.80 10.00 0.40 3.00 14.60 14.20
4.60 3.20 14.00 16.60 2.20 17.60 1.60 18.40 7.80 12.00 18.40 11.20 19.40 19.80 14.60 17.40 9.60 16.20 13.20 17.80
15.00 6.00 13.80 14.60 8.80 16.00 19.20 13.00 17.00 9.40 1.60 5.80 12.00 1.40 10.40 5.80 6.60 16.80 13.80 6.60
0.80 16.00 15.40 0.40 5.80 15.40 0.60 14.60 16.60 17.80 17.40 11.20 1.60 15.80 2.40 16.00 18.40 7.20 14.20 17.00
6.20 14.20 9.20 11.20 8.60 0.40 15.80 3.80 15.20 8.00 12.80 4.60 6.00 7.60 19.60 2.80 3.00 1.60 14.00 0.40
17.40 11.80 4.00 1.40 12.00 2.80 9.60 19.80 6.20 14.40 1.40 3.80 17.40 0.20 2.40 14.00 11.00 12.00 12.20 13.80
5.00 15.00 14.20 3.00 2.80 12.00 4.60 18.40 2.40 10.80 5.20 10.40 8.40 13.40 8.00 2.00 4.80 4.80 8.40 4.00
9.40 10.40 18.20 11.00 9.20 9.00 7.60 3.80 13.80 5.80 15.80 7.80 3.20 12.60 14.00 6.00 11.80 11.40 15.40 12.80
14.00 5.00 1.60 0.60 0.60 7.80 17.00 13.20 5.20 11.40 9.80 0.80 11.20 8.40 7.00 3.80 8.20 17.40 2.00 18.80
0.20 17.20 6.80 14.60 12.00 6.40 6.40 5.00 10.80 18.60 14.20 9.20 17.20 0.60 11.60 10.20 9.80 12.20 0.40 0.60
9.80 9.60 14.40 2.60 14.40 19.40 13.80 15.80 18.20 13.00 14.40 11.80 0.80 5.80 19.00 0.80 17.60 11.40 1.20 8.20
11.80 10.60 8.00 9.40 18.00 19.60 11.20 7.20 12.20 7.80 13.80 4.40 6.00 4.60 8.20 4.60 13.40 17.00 4.80 7.40
2.20 10.80 16.40 15.20 0.20 13.00 19.80 2.00 5.40 1.60 6.00 15.20 3.00 4.20 14.20 1.80 9.80 9.00 19.40 7.20
18.60 19.60 12.00 3.00 8.40 17.20 10.20 4.60 17.60 17.40 5.60 6.80 4.80 5.00 18.00 12.40 16.20 13.80 3.00 14.80
7.60 7.20 11.80 8.60 14.80 1.20 11.80 7.40 10.60 11.40 9.20 12.60 4.60 9.60 0.60 6.00 17.80 3.00 18.20 10.60
1.00 1.80 11.80 8.80 10.80 2.80 9.40 15.20 9.40 1.00 15.00 6.40 11.40 6.60 13.60 4.00 8.60 1.40 6.40 9.80
8.60 15.60 8.60 2.60 8.20 19.80 15.80 16.60 7.80 11.20 15.60 14.40 16.20 18.40 1.00 13.80 4.80 17.40 13.60 15.40
16.40 16.00 14.40 3.20 3.00 18.60 13.40 11.60 2.80 16.00 6.80 18.40 15.40 0.40 3.60 17.60 14.00 11.60 3.40 2.60
6.60 17.60 2.00 3.60 7.60 10.80 16.60 19.80 15.60 0.40 0.80 14.40 8.60 2.40 5.20 4.40 14.80 12.20 0.20 7.40
5.20 10.40 12.60 3.20 4.80 10.80 11.60 5.80 18.00 3.40 4.60 5.20 16.40 6.40 0.40 8.60 8.80 16.40 9.80 6.80
17.80 6.00 13.40 3.60 18.20 18.40 9.80 7.00 18.00 16.80 13.80 9.20 19.40 7.60 4.20 12.60 4.60 14.60 5.00 6.20
17.20 12.40 2.40 0.60 9.80 11.40 10.00 9.80 10.00 17.20 6.60 6.00 0.60 13.40 17.20 13.40 17.80 16.80 9.20 3.00
2.00 1.60 8.20 2.20 4.60 7.80 3.80 17.80 12.80 13.00 2.20 9.80 9.20 18.60 1.60 4.40 19.20 12.60 7.40 6.40
3.20 9.00 1.00 19.60 12.60 2.60 12.80 15.80 18.80 10.60 1.00 0.60 17.20 16.00 6.60 16.40 16.00 2.80 11.20 9.00
14.40 15.40 5.00 1.80 17.60 14.00 1.00 16.40 15.80 1.00 10.80 16.20 12.40 15.00 17.60 8.20 8.80 14.60 10.00 10.00
19.20 18.00 13.40 5.60 0.20 14.60 1.00 18.40 2.00 3.20 8.40 0.80 5.20 11.80 6.60 13.80 13.80 16.80 1.80 16.20
9.40 10.40 19.00 8.80 6.00 3.20 10.40 9.00 3.60 11.60 2.40 9.20 11.20 10.20 13.00 16.20 1.40 1.80 12.40 9.20
1.80 7.80 9.20 2.80 17.00 8.60 3.00 8.40 1.40 12.00 8.00 19.00 13.40 1.40 1.60 4.20 2.00 7.60 2.00 18.60
11.20 19.00 7.40 7.80 4.40 1.80 5.20 4.20 5.20 15.60 6.00 4.00 17.40 13.00 17.80 10.80 3.00 13.40 17.80 2.60
1.60 17.20 8.20 15.20 18.80 0.40 13.40 10.20 10.20 5.00 10.20 11.20 9.20 1.20 9.20 8.40 11.00 15.20 13.20 9.40
13.80 3.00 0.40 18.40 7.80 15.20 2.20 6.00 4.60 14.20 18.80 11.40 13.20 11.80 15.20 10.60 5.40 3.60 19.60 10.00
17.40 19.60 5.00 11.80 14.00 7.60 15.40 14.00 8.60 18.60 4.80 17.00 10.60 6.00 11.40 10.40 11.00 14.00 2.00 14.00
16.80 11.80 19.80 19.00 17.00 13.20 14.80 0.40 19.00 19.80 5.60 6.20 6.80 13.40 10.20 5.20 0.40 13.80 14.00 4.20
12.40 4.40 9.60 2.20 1.40 4.20 17.60 4.00 11.40 1.20 16.80 8.80 10.40 8.20 11.60 13.80 16.40 0.80 18.40 8.20
10.40 8.60 4.80 11.00 13.00 6.40 16.60 16.40 6.00 12.40 13.80 0.20 16.20 6.40 12.40 16.00 8.40 11.60 7.20 2.40
16.40 17.00 3.60 11.20 8.60 15.60 19.20 2.60 17.20 12.00 8.80 2.20 13.60 12.60 11.80 9.20 17.60 13.20 16.40 3.60
13.20 18.60 2.00 3.20 0.80 8.20 14.60 18.40 16.00 6.60 19.60 14.40 9.60 1.40 14.20 2.00 16.80 2.20 10.80 5.60
13.40 1.20 4.60 11.20 12.00 10.40 11.80 18.20 11.00 11.40 7.20 1.20 0.80 1.60 2.40 16.20 7.60 0.20 6.80 4.40
6.60 9.20 13.20 4.60 18.00 17.60 18.80 0.40 15.20 15.80 4.20 13.60 5.00 17.80 2.20 19.80 13.80 10.20 6.80 12.00
0.60 10.20 16.40 16.80 14.60 15.20 3.00 16.00 2.40 1.40 1.80 12.40 15.20 10.20 16.40 1.20 6.20 7.60 1.00 13.80
10.60 19.40 16.80 4.40 4.20 2.80 10.00 7.60 18.20 13.80 9.60 3.60 9.20 16.20 11.20 18.00 1.00 3.20 2.40 9.80
19.00 15.80 2.80 6.40 5.00 17.20 4.00 10.80 19.00 16.40 6.00 4.20 2.60 1.80 11.40 15.80 0.60 16.20 0.60 7.60
8.40 9.20 2.60 8.00 6.60 7.00 10.80 9.00 5.60 5.20 3.00 9.60 14.40 2.60 10.60 6.80 7.40 7.80 11.20 16.00
11.80 14.20 17.60 9.40 9.60 16.20 3.20 3.80 2.40 8.20 4.20 6.40 14.40 5.40 9.00 11.20 2.80 11.20 8.80 10.40
15.40 3.60 1.40 18.40 5.00 6.40 6.60 13.00 3.60 10.40 8.60 8.40 16.40 14.80 19.20 15.00 7.00 16.60 8.20 9.00
7.60 6.60 8.00 12.20 5.40 15.00 1.80 7.00 16.00 7.60 18.20 15.80 6.40 11.80 6.20 10.80 12.20 5.40 2.80 6.80
2.40 2.60 4.00 10.20 7.40 7.60 14.80 13.20 6.40 4.20 9.80 14.80 5.00 19.60 7.80 18.80 8.60 5.80 5.00 0.60
0.20 0.60 13.60 14.80 12.60 11.00 2.20 5.20 13.40 16.80 17.20 16.40 11.60 6.20 2.40 16.80 7.60 18.60 15.60 12.20
13.20 6.40 4.40 17.00 5.60 19.20 4.20 3.60 0.40 14.80 7.20 0.60 3.40 19.60 2.60 11.00 9.60 14.00 5.00 19.20
4.80 5.60 18.40 1.20 17.60 3.80 19.40 6.40 0.80 15.20 8.20 12.80 19.80 9.60 1.60 12.80 17.80 12.80 17.80 19.80
3.40 9.60 10.60 2.60 5.40 7.00 3.00 10.20 6.00 3.20 2.00 18.00 10.80 14.80 9.80 2.80 17.20 4.40 16.60 9.80
11.60 1.60 3.20 6.40 18.80 8.20 8.60 4.60 12.80 15.00 15.00 2.00 16.20 15.20 0.80 3.60 7.40 16.80 15.60 15.60
14.20 8.40 2.00 1.60 4.00 15.40 0.40 3.60 13.80 15.00 11.20 14.40 14.60 15.00 6.60 1.20 4.00 5.00 4.60 6.80
17.60 5.20 4.60 8.60 10.80 7.20 0.20 17.40 15.20 7.20 14.00 0.40 18.60 15.60 4.40 5.40 6.60 14.60 10.20 15.60
12.60 5.20 17.60 6.00 3.40 4.80 14.80 14.80 18.40 15.80 14.60 9.80 14.60 2.20 6.00 4.00 0.20 16.20 1.40 15.80
12.00 19.00 13.00 10.60 14.80 10.40 7.40 2.00 10.00 14.20 11.40 17.60 15.80 14.20 6.80 10.80 1.60 2.00 4.00 12.80
17.20 8.80 2.20 4.80 7.00 12.00 12.20 15.20 7.00 16.40 10.20 10.60 10.80 10.80 3.80 6.00 12.20 9.20 6.00 11.00
1.60 14.80 17.80 0.40 3.00 8.60 0.60 6.20 4.00 14.00 6.80 11.80 14.40 2.00 4.80 11.60 8.20 6.40 6.00 12.60
1.60 16.40 15.60 2.20 10.60 6.00 15.00 6.20 4.60 4.40 12.40 17.60 7.40 19.20 11.20 7.00 8.00 7.60 6.00 4.80
8.80 5.60 18.80 6.60 12.80 17.20 8.20 18.60 10.40 7.80 0.60 19.40 13.60 19.40 19.20 13.20 2.00 13.60 12.60 11.60
19.80 0.80 6.40 5.40 7.60 1.20 17.20 12.20 5.00 1.60 6.80 19.60 4.40 15.00 7.00 17.00 2.00 8.00 16.40 5.00
16.00 8.40 12.80 7.00 15.80 1.60 10.20 5.20 16.40 4.40 5.40 18.80 18.80 8.20 8.60 15.60 15.00 6.60 8.00 18.60
15.20 16.20 8.40 8.00 9.00 6.20 13.00 7.80 3.60 15.80 5.80 19.00 7.40 6.00 1.60 3.00 1.80 15.80 7.80 14.60
18.80 11.20 14.80 8.00 13.40 16.00 8.40 16.60 0.40 18.00 5.00 18.60 3.00 14.60 1.00 5.80 16.20 12.80 7.40 9.00
15.00 7.60 17.40 19.20 18.60 16.40 10.00 2.20 5.80 11.00 19.40 19.00 6.20 16.80 13.00 6.20 8.00 7.20 8.80 18.60
12.60 10.00 12.60 13.80 3.20 0.40 9.60 11.40 14.00 15.40 6.00 1.20 9.20 4.40 12.80 9.00 2.60 12.40 0.40 7.40
11.40 2.40 18.80 4.60 11.80 11.80 17.60 16.20 1.40 0.60 5.60 0.20 6.60 1.60 4.00 8.20 2.00 16.40 5.40 12.80
15.20 8.60 17.40 6.40 9.40 9.40 10.40 8.00 7.20 4.00 9.60 3.00 16.40 19.60 10.80 16.80 10.60 8.80 14.20 18.40
6.80 10.20 14.40 2.60 19.00 4.20 9.20 19.40 19.20 12.20 19.80 13.20 15.00 13.60 7.60 10.20 5.60 19.80 9.00 11.80
