# nJobs | nMachines
50 5
# Job Weights
83
13
48
87
47
30
15
78
42
19
63
96
72
21
52
99
63
20
17
22
58
74
22
80
48
73
23
51
12
21
89
78
25
80
20
19
1
57
75
39
8
68
96
79
91
60
97
32
14
64
# P_bar : m1 | m2 | m3 | m4 | m5
12 26 27 52 24
72 89 97 30 57
29 86 53 62 68
16 10 16 8 58
22 16 36 45 76
61 72 28 77 70
69 96 50 90 72
71 47 41 52 56
86 9 42 39 56
16 56 86 95 55
54 8 2 86 89
53 69 45 15 23
64 87 86 98 42
96 84 43 59 26
79 62 92 22 87
68 52 73 43 17
98 82 99 85 38
87 66 84 93 24
40 67 83 6 82
74 33 61 46 55
22 3 7 51 47
23 53 8 97 7
47 95 62 79 99
55 42 3 46 89
21 59 21 71 20
90 77 50 18 65
68 38 71 33 3
14 12 95 13 45
42 1 70 3 89
41 66 60 32 96
40 24 4 28 16
63 17 58 48 42
23 58 16 8 70
75 71 30 42 69
4 88 80 26 77
31 63 71 26 46
87 60 59 95 20
25 86 75 44 71
47 8 52 74 91
70 8 25 82 8
1 44 86 28 34
49 99 48 4 72
59 80 53 42 40
11 76 54 81 82
93 94 98 56 60
38 75 36 38 59
5 63 9 50 59
43 57 78 12 43
82 76 80 43 72
33 34 88 51 10
# P_hat : m1 | m2 | m3 | m4 | m5
1.20 2.60 2.70 5.20 2.40
7.20 8.90 9.70 3.00 5.70
2.90 8.60 5.30 6.20 6.80
1.60 1.00 1.60 0.80 5.80
2.20 1.60 3.60 4.50 7.60
6.10 7.20 2.80 7.70 7.00
6.90 9.60 5.00 9.00 7.20
7.10 4.70 4.10 5.20 5.60
8.60 0.90 4.20 3.90 5.60
1.60 5.60 8.60 9.50 5.50
5.40 0.80 0.20 8.60 8.90
5.30 6.90 4.50 1.50 2.30
6.40 8.70 8.60 9.80 4.20
9.60 8.40 4.30 5.90 2.60
7.90 6.20 9.20 2.20 8.70
6.80 5.20 7.30 4.30 1.70
9.80 8.20 9.90 8.50 3.80
8.70 6.60 8.40 9.30 2.40
4.00 6.70 8.30 0.60 8.20
7.40 3.30 6.10 4.60 5.50
2.20 0.30 0.70 5.10 4.70
2.30 5.30 0.80 9.70 0.70
4.70 9.50 6.20 7.90 9.90
5.50 4.20 0.30 4.60 8.90
2.10 5.90 2.10 7.10 2.00
9.00 7.70 5.00 1.80 6.50
6.80 3.80 7.10 3.30 0.30
1.40 1.20 9.50 1.30 4.50
4.20 0.10 7.00 0.30 8.90
4.10 6.60 6.00 3.20 9.60
4.00 2.40 0.40 2.80 1.60
6.30 1.70 5.80 4.80 4.20
2.30 5.80 1.60 0.80 7.00
7.50 7.10 3.00 4.20 6.90
0.40 8.80 8.00 2.60 7.70
3.10 6.30 7.10 2.60 4.60
8.70 6.00 5.90 9.50 2.00
2.50 8.60 7.50 4.40 7.10
4.70 0.80 5.20 7.40 9.10
7.00 0.80 2.50 8.20 0.80
0.10 4.40 8.60 2.80 3.40
4.90 9.90 4.80 0.40 7.20
5.90 8.00 5.30 4.20 4.00
1.10 7.60 5.40 8.10 8.20
9.30 9.40 9.80 5.60 6.00
3.80 7.50 3.60 3.80 5.90
0.50 6.30 0.90 5.00 5.90
4.30 5.70 7.80 1.20 4.30
8.20 7.60 8.00 4.30 7.20
3.30 3.40 8.80 5.10 1.00
