# nJobs | nMachines
100 5
# Job Weights
89
27
100
42
45
83
25
58
12
57
62
24
77
40
75
41
73
90
68
38
88
73
48
46
23
26
51
70
86
8
45
23
59
15
16
35
6
18
5
84
52
67
81
29
90
25
56
90
8
95
75
13
55
24
82
20
62
72
75
27
79
17
28
64
51
7
64
48
30
25
20
49
70
21
81
53
35
66
30
97
69
81
76
47
87
30
78
28
28
23
27
65
86
34
58
42
8
49
39
1
# P_bar : m1 | m2 | m3 | m4 | m5
37 54 28 11 65
45 85 1 5 64
97 52 75 37 94
90 79 36 55 90
54 78 27 55 33
69 16 19 83 41
12 92 62 62 24
29 82 76 58 24
47 28 78 75 10
21 2 70 57 47
60 48 24 27 21
45 34 12 29 83
5 48 23 55 14
6 20 44 71 81
41 81 84 41 86
38 44 50 11 82
35 12 96 14 7
69 40 15 78 36
74 15 60 79 33
83 86 41 69 62
31 61 64 88 2
39 59 54 54 48
17 21 28 78 12
29 71 94 10 88
17 22 73 27 82
50 35 64 43 28
58 81 64 76 34
8 41 63 9 3
56 53 67 70 99
27 18 12 98 70
88 12 51 9 60
7 24 56 83 50
89 16 78 66 35
98 52 34 32 38
69 93 43 25 83
73 44 71 7 22
22 86 61 60 69
82 9 4 5 44
85 83 17 15 9
48 37 36 28 89
18 42 38 27 47
6 46 60 23 14
3 13 79 31 24
19 28 66 96 14
12 95 28 74 33
57 23 84 60 70
34 67 95 19 99
83 59 43 38 15
71 75 23 37 96
94 90 51 56 23
30 66 30 37 27
54 88 60 61 15
39 68 31 75 37
32 50 34 72 99
11 30 1 8 8
64 70 46 54 41
39 18 84 27 41
45 53 22 52 43
39 1 57 84 66
41 34 16 37 16
8 82 39 50 37
34 41 49 63 97
53 84 71 64 86
84 64 41 31 16
56 66 3 45 46
48 97 72 88 34
63 71 24 22 85
29 17 26 16 59
79 37 80 61 29
22 29 72 82 29
67 24 61 47 30
89 97 66 63 51
81 6 72 99 49
25 83 65 53 72
32 40 93 31 69
70 36 74 41 51
15 67 21 88 11
45 53 82 37 98
38 68 87 23 63
58 20 76 59 80
35 36 80 84 81
50 30 31 3 86
56 95 20 77 55
41 92 90 90 74
81 57 68 10 43
40 75 31 16 93
94 92 31 57 98
51 94 11 25 24
33 28 22 49 62
13 65 66 13 50
70 9 69 50 68
26 23 61 97 65
34 30 94 59 69
11 63 1 59 17
29 86 23 70 49
87 30 48 15 29
1 61 45 26 70
43 28 92 68 46
12 92 40 79 53
52 10 69 49 66
# P_hat : m1 | m2 | m3 | m4 | m5
18.50 27.00 14.00 5.50 32.50
22.50 42.50 0.50 2.50 32.00
48.50 26.00 37.50 18.50 47.00
45.00 39.50 18.00 27.50 45.00
27.00 39.00 13.50 27.50 16.50
34.50 8.00 9.50 41.50 20.50
6.00 46.00 31.00 31.00 12.00
14.50 41.00 38.00 29.00 12.00
23.50 14.00 39.00 37.50 5.00
10.50 1.00 35.00 28.50 23.50
30.00 24.00 12.00 13.50 10.50
22.50 17.00 6.00 14.50 41.50
2.50 24.00 11.50 27.50 7.00
3.00 10.00 22.00 35.50 40.50
20.50 40.50 42.00 20.50 43.00
19.00 22.00 25.00 5.50 41.00
17.50 6.00 48.00 7.00 3.50
34.50 20.00 7.50 39.00 18.00
37.00 7.50 30.00 39.50 16.50
41.50 43.00 20.50 34.50 31.00
15.50 30.50 32.00 44.00 1.00
19.50 29.50 27.00 27.00 24.00
8.50 10.50 14.00 39.00 6.00
14.50 35.50 47.00 5.00 44.00
8.50 11.00 36.50 13.50 41.00
25.00 17.50 32.00 21.50 14.00
29.00 40.50 32.00 38.00 17.00
4.00 20.50 31.50 4.50 1.50
28.00 26.50 33.50 35.00 49.50
13.50 9.00 6.00 49.00 35.00
44.00 6.00 25.50 4.50 30.00
3.50 12.00 28.00 41.50 25.00
44.50 8.00 39.00 33.00 17.50
49.00 26.00 17.00 16.00 19.00
34.50 46.50 21.50 12.50 41.50
36.50 22.00 35.50 3.50 11.00
11.00 43.00 30.50 30.00 34.50
41.00 4.50 2.00 2.50 22.00
42.50 41.50 8.50 7.50 4.50
24.00 18.50 18.00 14.00 44.50
9.00 21.00 19.00 13.50 23.50
3.00 23.00 30.00 11.50 7.00
1.50 6.50 39.50 15.50 12.00
9.50 14.00 33.00 48.00 7.00
6.00 47.50 14.00 37.00 16.50
28.50 11.50 42.00 30.00 35.00
17.00 33.50 47.50 9.50 49.50
41.50 29.50 21.50 19.00 7.50
35.50 37.50 11.50 18.50 48.00
47.00 45.00 25.50 28.00 11.50
15.00 33.00 15.00 18.50 13.50
27.00 44.00 30.00 30.50 7.50
19.50 34.00 15.50 37.50 18.50
16.00 25.00 17.00 36.00 49.50
5.50 15.00 0.50 4.00 4.00
32.00 35.00 23.00 27.00 20.50
19.50 9.00 42.00 13.50 20.50
22.50 26.50 11.00 26.00 21.50
19.50 0.50 28.50 42.00 33.00
20.50 17.00 8.00 18.50 8.00
4.00 41.00 19.50 25.00 18.50
17.00 20.50 24.50 31.50 48.50
26.50 42.00 35.50 32.00 43.00
42.00 32.00 20.50 15.50 8.00
28.00 33.00 1.50 22.50 23.00
24.00 48.50 36.00 44.00 17.00
31.50 35.50 12.00 11.00 42.50
14.50 8.50 13.00 8.00 29.50
39.50 18.50 40.00 30.50 14.50
11.00 14.50 36.00 41.00 14.50
33.50 12.00 30.50 23.50 15.00
44.50 48.50 33.00 31.50 25.50
40.50 3.00 36.00 49.50 24.50
12.50 41.50 32.50 26.50 36.00
16.00 20.00 46.50 15.50 34.50
35.00 18.00 37.00 20.50 25.50
7.50 33.50 10.50 44.00 5.50
22.50 26.50 41.00 18.50 49.00
19.00 34.00 43.50 11.50 31.50
29.00 10.00 38.00 29.50 40.00
17.50 18.00 40.00 42.00 40.50
25.00 15.00 15.50 1.50 43.00
28.00 47.50 10.00 38.50 27.50
20.50 46.00 45.00 45.00 37.00
40.50 28.50 34.00 5.00 21.50
20.00 37.50 15.50 8.00 46.50
47.00 46.00 15.50 28.50 49.00
25.50 47.00 5.50 12.50 12.00
16.50 14.00 11.00 24.50 31.00
6.50 32.50 33.00 6.50 25.00
35.00 4.50 34.50 25.00 34.00
13.00 11.50 30.50 48.50 32.50
17.00 15.00 47.00 29.50 34.50
5.50 31.50 0.50 29.50 8.50
14.50 43.00 11.50 35.00 24.50
43.50 15.00 24.00 7.50 14.50
0.50 30.50 22.50 13.00 35.00
21.50 14.00 46.00 34.00 23.00
6.00 46.00 20.00 39.50 26.50
26.00 5.00 34.50 24.50 33.00
