# nJobs | nMachines
50 5
# Job Weights
64
14
7
12
77
79
73
19
8
35
38
94
26
18
1
57
51
84
89
38
49
61
5
92
56
39
15
80
43
14
41
26
66
87
58
13
62
83
22
58
79
98
71
32
12
61
76
34
98
3
# P_bar : m1 | m2 | m3 | m4 | m5
17 33 98 90 75
43 98 90 93 68
13 67 4 35 39
20 81 39 65 71
41 43 79 66 31
94 72 76 10 43
18 32 53 48 5
28 66 77 81 32
8 97 10 27 6
71 36 2 49 56
82 36 97 61 56
42 67 31 73 72
90 1 62 60 23
76 47 28 88 95
62 87 74 42 50
95 12 60 62 53
74 91 53 28 27
80 21 74 55 8
33 6 88 58 18
91 6 11 55 81
35 1 88 90 57
80 38 92 61 54
79 69 7 73 99
68 77 80 3 20
97 3 67 74 10
98 75 27 94 19
3 64 21 30 18
22 53 43 81 53
52 18 59 9 73
80 10 30 87 10
32 97 17 58 74
75 18 4 42 93
78 48 7 59 22
36 70 21 48 75
46 60 83 29 84
16 75 44 83 9
36 94 70 60 27
93 14 30 83 32
39 53 39 76 51
19 90 35 43 83
95 19 8 90 70
91 42 6 14 13
49 86 92 84 1
35 15 39 10 81
93 58 55 15 13
11 7 34 38 98
93 65 98 90 58
6 40 47 80 28
96 51 99 19 3
19 61 16 15 21
# P_hat : m1 | m2 | m3 | m4 | m5
3.40 6.60 19.60 18.00 15.00
8.60 19.60 18.00 18.60 13.60
2.60 13.40 0.80 7.00 7.80
4.00 16.20 7.80 13.00 14.20
8.20 8.60 15.80 13.20 6.20
18.80 14.40 15.20 2.00 8.60
3.60 6.40 10.60 9.60 1.00
5.60 13.20 15.40 16.20 6.40
1.60 19.40 2.00 5.40 1.20
14.20 7.20 0.40 9.80 11.20
16.40 7.20 19.40 12.20 11.20
8.40 13.40 6.20 14.60 14.40
18.00 0.20 12.40 12.00 4.60
15.20 9.40 5.60 17.60 19.00
12.40 17.40 14.80 8.40 10.00
19.00 2.40 12.00 12.40 10.60
14.80 18.20 10.60 5.60 5.40
16.00 4.20 14.80 11.00 1.60
6.60 1.20 17.60 11.60 3.60
18.20 1.20 2.20 11.00 16.20
7.00 0.20 17.60 18.00 11.40
16.00 7.60 18.40 12.20 10.80
15.80 13.80 1.40 14.60 19.80
13.60 15.40 16.00 0.60 4.00
19.40 0.60 13.40 14.80 2.00
19.60 15.00 5.40 18.80 3.80
0.60 12.80 4.20 6.00 3.60
4.40 10.60 8.60 16.20 10.60
10.40 3.60 11.80 1.80 14.60
16.00 2.00 6.00 17.40 2.00
6.40 19.40 3.40 11.60 14.80
15.00 3.60 0.80 8.40 18.60
15.60 9.60 1.40 11.80 4.40
7.20 14.00 4.20 9.60 15.00
9.20 12.00 16.60 5.80 16.80
3.20 15.00 8.80 16.60 1.80
7.20 18.80 14.00 12.00 5.40
18.60 2.80 6.00 16.60 6.40
7.80 10.60 7.80 15.20 10.20
3.80 18.00 7.00 8.60 16.60
19.00 3.80 1.60 18.00 14.00
18.20 8.40 1.20 2.80 2.60
9.80 17.20 18.40 16.80 0.20
7.00 3.00 7.80 2.00 16.20
18.60 11.60 11.00 3.00 2.60
2.20 1.40 6.80 7.60 19.60
18.60 13.00 19.60 18.00 11.60
1.20 8.00 9.40 16.00 5.60
19.20 10.20 19.80 3.80 0.60
3.80 12.20 3.20 3.00 4.20
