# nJobs | nMachines
20 20
# Job Weights
71
29
100
42
86
36
90
13
74
63
53
73
48
56
71
49
40
96
85
16
# P_bar : m1 | m2 | m3 | m4 | m5 | m6 | m7 | m8 | m9 | m10 | m11 | m12 | m13 | m14 | m15 | m16 | m17 | m18 | m19 | m20
1 6 10 28 69 95 90 87 80 60 17 13 66 79 79 6 43 3 36 67
96 36 65 13 34 75 38 32 10 70 74 98 30 12 93 73 45 69 98 96
21 74 39 74 10 24 20 8 63 38 87 79 89 96 25 64 46 38 7 70
57 53 99 18 91 3 85 17 14 94 39 20 45 78 61 30 9 61 3 89
7 25 77 71 98 83 49 54 89 94 14 57 44 29 59 30 10 8 5 5
34 68 39 11 60 67 37 43 65 30 28 68 91 28 20 99 42 54 82 45
72 37 50 17 3 88 29 3 43 50 12 17 18 14 92 61 43 90 41 38
12 42 14 27 86 75 84 65 44 17 49 27 67 52 1 26 46 3 2 79
80 68 75 89 55 28 93 33 28 43 88 25 94 27 35 38 7 5 63 73
99 74 28 14 95 65 99 36 39 28 91 36 41 51 97 46 15 25 56 99
28 93 92 13 73 54 44 70 59 33 53 67 78 46 79 76 32 31 85 33
80 39 74 40 65 65 39 18 91 48 40 73 27 98 37 65 80 38 85 1
30 75 20 97 24 34 18 19 70 48 1 34 15 97 72 51 4 36 25 84
15 54 70 70 22 17 40 76 24 81 55 47 55 38 76 39 73 35 98 79
95 10 43 96 5 51 24 7 96 50 39 65 28 78 89 23 42 52 58 44
19 60 6 13 67 98 98 34 1 86 35 79 28 89 7 71 98 13 16 39
12 15 77 66 39 94 61 66 92 23 99 31 26 67 79 63 24 78 99 16
59 75 25 77 58 22 72 72 79 95 17 54 98 91 85 94 25 31 61 50
66 71 68 2 4 57 21 16 57 3 69 56 98 51 40 62 13 8 21 39
51 22 83 41 30 37 76 95 88 80 67 33 77 62 24 87 38 62 26 55
# P_hat : m1 | m2 | m3 | m4 | m5 | m6 | m7 | m8 | m9 | m10 | m11 | m12 | m13 | m14 | m15 | m16 | m17 | m18 | m19 | m20
0.10 0.60 1.00 2.80 6.90 9.50 9.00 8.70 8.00 6.00 1.70 1.30 6.60 7.90 7.90 0.60 4.30 0.30 3.60 6.70
9.60 3.60 6.50 1.30 3.40 7.50 3.80 3.20 1.00 7.00 7.40 9.80 3.00 1.20 9.30 7.30 4.50 6.90 9.80 9.60
2.10 7.40 3.90 7.40 1.00 2.40 2.00 0.80 6.30 3.80 8.70 7.90 8.90 9.60 2.50 6.40 4.60 3.80 0.70 7.00
5.70 5.30 9.90 1.80 9.10 0.30 8.50 1.70 1.40 9.40 3.90 2.00 4.50 7.80 6.10 3.00 0.90 6.10 0.30 8.90
0.70 2.50 7.70 7.10 9.80 8.30 4.90 5.40 8.90 9.40 1.40 5.70 4.40 2.90 5.90 3.00 1.00 0.80 0.50 0.50
3.40 6.80 3.90 1.10 6.00 6.70 3.70 4.30 6.50 3.00 2.80 6.80 9.10 2.80 2.00 9.90 4.20 5.40 8.20 4.50
7.20 3.70 5.00 1.70 0.30 8.80 2.90 0.30 4.30 5.00 1.20 1.70 1.80 1.40 9.20 6.10 4.30 9.00 4.10 3.80
1.20 4.20 1.40 2.70 8.60 7.50 8.40 6.50 4.40 1.70 4.90 2.70 6.70 5.20 0.10 2.60 4.60 0.30 0.20 7.90
8.00 6.80 7.50 8.90 5.50 2.80 9.30 3.30 2.80 4.30 8.80 2.50 9.40 2.70 3.50 3.80 0.70 0.50 6.30 7.30
9.90 7.40 2.80 1.40 9.50 6.50 9.90 3.60 3.90 2.80 9.10 3.60 4.10 5.10 9.70 4.60 1.50 2.50 5.60 9.90
2.80 9.30 9.20 1.30 7.30 5.40 4.40 7.00 5.90 3.30 5.30 6.70 7.80 4.60 7.90 7.60 3.20 3.10 8.50 3.30
8.00 3.90 7.40 4.00 6.50 6.50 3.90 1.80 9.10 4.80 4.00 7.30 2.70 9.80 3.70 6.50 8.00 3.80 8.50 0.10
3.00 7.50 2.00 9.70 2.40 3.40 1.80 1.90 7.00 4.80 0.10 3.40 1.50 9.70 7.20 5.10 0.40 3.60 2.50 8.40
1.50 5.40 7.00 7.00 2.20 1.70 4.00 7.60 2.40 8.10 5.50 4.70 5.50 3.80 7.60 3.90 7.30 3.50 9.80 7.90
9.50 1.00 4.30 9.60 0.50 5.10 2.40 0.70 9.60 5.00 3.90 6.50 2.80 7.80 8.90 2.30 4.20 5.20 5.80 4.40
1.90 6.00 0.60 1.30 6.70 9.80 9.80 3.40 0.10 8.60 3.50 7.90 2.80 8.90 0.70 7.10 9.80 1.30 1.60 3.90
1.20 1.50 7.70 6.60 3.90 9.40 6.10 6.60 9.20 2.30 9.90 3.10 2.60 6.70 7.90 6.30 2.40 7.80 9.90 1.60
5.90 7.50 2.50 7.70 5.80 2.20 7.20 7.20 7.90 9.50 1.70 5.40 9.80 9.10 8.50 9.40 2.50 3.10 6.10 5.00
6.60 7.10 6.80 0.20 0.40 5.70 2.10 1.60 5.70 0.30 6.90 5.60 9.80 5.10 4.00 6.20 1.30 0.80 2.10 3.90
5.10 2.20 8.30 4.10 3.00 3.70 7.60 9.50 8.80 8.00 6.70 3.30 7.70 6.20 2.40 8.70 3.80 6.20 2.60 5.50
