# nJobs | nMachines
50 10
# Job Weights
85
4
45
96
77
35
32
87
67
32
68
12
53
87
80
14
58
22
91
54
88
15
86
45
61
30
98
30
63
19
88
2
14
48
38
81
15
32
16
32
23
96
67
47
6
16
1
45
27
80
# P_bar : m1 | m2 | m3 | m4 | m5 | m6 | m7 | m8 | m9 | m10
18 97 14 74 75 27 69 65 89 83
77 49 17 29 43 98 28 21 41 3
73 33 31 77 70 62 95 60 16 99
91 48 37 14 11 17 38 72 7 87
96 68 85 30 64 35 89 4 84 60
10 36 84 14 88 71 19 85 53 92
58 66 7 48 94 94 6 47 56 75
70 6 54 1 9 58 52 80 71 53
42 54 40 4 29 77 70 71 40 30
21 16 95 71 58 29 4 26 17 59
11 7 97 54 90 61 81 73 33 95
88 35 44 30 78 41 1 36 3 85
91 64 4 42 63 47 36 38 51 63
78 18 46 43 34 2 30 13 76 21
70 8 10 33 71 16 13 66 2 78
53 61 63 32 49 41 90 82 63 72
51 41 76 12 69 59 30 2 84 87
96 65 23 68 97 27 66 76 55 52
27 71 95 8 10 18 28 29 3 39
47 34 73 82 43 33 36 90 82 93
30 35 78 27 22 1 38 36 46 22
37 92 46 59 16 99 48 32 58 82
63 70 40 20 31 3 97 84 24 21
61 65 34 60 22 15 56 78 57 65
73 76 92 76 62 45 92 94 59 81
80 71 42 44 14 82 93 45 86 59
5 81 56 29 11 20 81 14 39 73
82 32 4 68 46 11 24 72 55 74
49 27 63 24 85 90 38 3 69 33
11 95 93 46 59 65 39 18 36 53
79 49 72 94 73 73 33 58 98 47
78 51 63 79 22 71 7 87 82 69
57 65 62 68 70 26 75 30 44 11
47 17 30 49 52 97 43 73 70 31
91 91 91 85 70 50 92 71 67 69
92 23 96 87 45 43 44 5 74 67
94 17 53 17 45 7 35 77 61 3
33 19 19 99 37 78 2 60 38 21
52 28 40 76 2 27 96 6 87 29
12 70 14 81 90 50 28 61 35 28
37 67 16 52 2 70 13 23 37 45
47 40 66 24 40 65 67 29 98 2
39 81 54 57 70 96 61 2 26 53
4 54 54 8 93 27 71 67 49 36
50 52 64 36 44 66 20 69 12 5
90 38 86 67 71 18 54 38 52 79
58 6 31 57 83 96 53 37 49 76
46 8 99 66 13 66 75 80 92 32
14 31 10 5 3 82 58 51 43 87
84 98 2 69 99 23 74 34 75 4
# P_hat : m1 | m2 | m3 | m4 | m5 | m6 | m7 | m8 | m9 | m10
9.00 48.50 7.00 37.00 37.50 13.50 34.50 32.50 44.50 41.50
38.50 24.50 8.50 14.50 21.50 49.00 14.00 10.50 20.50 1.50
36.50 16.50 15.50 38.50 35.00 31.00 47.50 30.00 8.00 49.50
45.50 24.00 18.50 7.00 5.50 8.50 19.00 36.00 3.50 43.50
48.00 34.00 42.50 15.00 32.00 17.50 44.50 2.00 42.00 30.00
5.00 18.00 42.00 7.00 44.00 35.50 9.50 42.50 26.50 46.00
29.00 33.00 3.50 24.00 47.00 47.00 3.00 23.50 28.00 37.50
35.00 3.00 27.00 0.50 4.50 29.00 26.00 40.00 35.50 26.50
21.00 27.00 20.00 2.00 14.50 38.50 35.00 35.50 20.00 15.00
10.50 8.00 47.50 35.50 29.00 14.50 2.00 13.00 8.50 29.50
5.50 3.50 48.50 27.00 45.00 30.50 40.50 36.50 16.50 47.50
44.00 17.50 22.00 15.00 39.00 20.50 0.50 18.00 1.50 42.50
45.50 32.00 2.00 21.00 31.50 23.50 18.00 19.00 25.50 31.50
39.00 9.00 23.00 21.50 17.00 1.00 15.00 6.50 38.00 10.50
35.00 4.00 5.00 16.50 35.50 8.00 6.50 33.00 1.00 39.00
26.50 30.50 31.50 16.00 24.50 20.50 45.00 41.00 31.50 36.00
25.50 20.50 38.00 6.00 34.50 29.50 15.00 1.00 42.00 43.50
48.00 32.50 11.50 34.00 48.50 13.50 33.00 38.00 27.50 26.00
13.50 35.50 47.50 4.00 5.00 9.00 14.00 14.50 1.50 19.50
23.50 17.00 36.50 41.00 21.50 16.50 18.00 45.00 41.00 46.50
15.00 17.50 39.00 13.50 11.00 0.50 19.00 18.00 23.00 11.00
18.50 46.00 23.00 29.50 8.00 49.50 24.00 16.00 29.00 41.00
31.50 35.00 20.00 10.00 15.50 1.50 48.50 42.00 12.00 10.50
30.50 32.50 17.00 30.00 11.00 7.50 28.00 39.00 28.50 32.50
36.50 38.00 46.00 38.00 31.00 22.50 46.00 47.00 29.50 40.50
40.00 35.50 21.00 22.00 7.00 41.00 46.50 22.50 43.00 29.50
2.50 40.50 28.00 14.50 5.50 10.00 40.50 7.00 19.50 36.50
41.00 16.00 2.00 34.00 23.00 5.50 12.00 36.00 27.50 37.00
24.50 13.50 31.50 12.00 42.50 45.00 19.00 1.50 34.50 16.50
5.50 47.50 46.50 23.00 29.50 32.50 19.50 9.00 18.00 26.50
39.50 24.50 36.00 47.00 36.50 36.50 16.50 29.00 49.00 23.50
39.00 25.50 31.50 39.50 11.00 35.50 3.50 43.50 41.00 34.50
28.50 32.50 31.00 34.00 35.00 13.00 37.50 15.00 22.00 5.50
23.50 8.50 15.00 24.50 26.00 48.50 21.50 36.50 35.00 15.50
45.50 45.50 45.50 42.50 35.00 25.00 46.00 35.50 33.50 34.50
46.00 11.50 48.00 43.50 22.50 21.50 22.00 2.50 37.00 33.50
47.00 8.50 26.50 8.50 22.50 3.50 17.50 38.50 30.50 1.50
16.50 9.50 9.50 49.50 18.50 39.00 1.00 30.00 19.00 10.50
26.00 14.00 20.00 38.00 1.00 13.50 48.00 3.00 43.50 14.50
6.00 35.00 7.00 40.50 45.00 25.00 14.00 30.50 17.50 14.00
18.50 33.50 8.00 26.00 1.00 35.00 6.50 11.50 18.50 22.50
23.50 20.00 33.00 12.00 20.00 32.50 33.50 14.50 49.00 1.00
19.50 40.50 27.00 28.50 35.00 48.00 30.50 1.00 13.00 26.50
2.00 27.00 27.00 4.00 46.50 13.50 35.50 33.50 24.50 18.00
25.00 26.00 32.00 18.00 22.00 33.00 10.00 34.50 6.00 2.50
45.00 19.00 43.00 33.50 35.50 9.00 27.00 19.00 26.00 39.50
29.00 3.00 15.50 28.50 41.50 48.00 26.50 18.50 24.50 38.00
23.00 4.00 49.50 33.00 6.50 33.00 37.50 40.00 46.00 16.00
7.00 15.50 5.00 2.50 1.50 41.00 29.00 25.50 21.50 43.50
42.00 49.00 1.00 34.50 49.50 11.50 37.00 17.00 37.50 2.00
