# nJobs | nMachines
20 20
# Job Weights
65
21
11
59
36
61
90
44
36
18
90
97
68
39
55
78
12
97
51
20
# P_bar : m1 | m2 | m3 | m4 | m5 | m6 | m7 | m8 | m9 | m10 | m11 | m12 | m13 | m14 | m15 | m16 | m17 | m18 | m19 | m20
72 72 79 95 1 90 37 92 94 15 8 62 89 96 89 54 46 94 40 28
47 45 55 67 83 30 32 82 82 50 35 44 99 47 93 68 88 91 58 23
52 73 95 93 17 88 42 95 24 27 46 89 23 39 74 26 61 88 85 59
40 94 46 90 69 69 3 18 98 12 25 20 34 43 2 47 6 56 69 85
49 76 59 73 72 51 5 85 74 59 41 21 68 45 54 51 33 94 67 4
86 28 89 63 61 7 79 27 98 97 50 72 23 13 60 44 17 13 41 14
75 58 16 25 67 26 33 92 93 38 24 96 31 95 57 21 21 33 6 53
26 98 40 36 83 5 79 77 80 83 46 73 14 89 21 34 27 68 24 14
37 65 28 7 89 1 56 68 25 84 1 34 77 27 65 61 57 27 65 70
29 7 51 26 99 90 96 46 99 54 16 10 97 71 70 52 4 74 20 76
34 77 80 86 5 40 57 57 19 79 65 99 11 43 27 73 14 81 12 41
86 1 95 50 47 78 23 61 34 51 81 46 60 24 93 45 86 11 9 50
96 75 41 80 84 68 19 4 12 93 9 66 21 3 8 45 72 74 4 88
36 46 18 48 76 31 24 58 55 95 82 42 25 22 35 3 10 27 70 58
55 61 14 12 68 91 25 94 71 66 26 33 56 76 9 68 39 51 98 29
41 93 65 57 36 23 73 50 21 12 38 70 86 38 99 46 19 36 10 66
97 79 26 34 30 55 69 31 5 80 77 95 11 82 60 60 71 58 87 19
74 23 5 4 38 14 24 25 61 20 96 57 2 94 38 8 61 39 35 64
55 71 7 99 62 44 19 34 37 28 65 40 77 25 43 6 72 48 90 77
61 46 75 20 61 22 5 80 22 86 43 19 98 72 14 70 94 46 61 25
# P_hat : m1 | m2 | m3 | m4 | m5 | m6 | m7 | m8 | m9 | m10 | m11 | m12 | m13 | m14 | m15 | m16 | m17 | m18 | m19 | m20
36.00 36.00 39.50 47.50 0.50 45.00 18.50 46.00 47.00 7.50 4.00 31.00 44.50 48.00 44.50 27.00 23.00 47.00 20.00 14.00
23.50 22.50 27.50 33.50 41.50 15.00 16.00 41.00 41.00 25.00 17.50 22.00 49.50 23.50 46.50 34.00 44.00 45.50 29.00 11.50
26.00 36.50 47.50 46.50 8.50 44.00 21.00 47.50 12.00 13.50 23.00 44.50 11.50 19.50 37.00 13.00 30.50 44.00 42.50 29.50
20.00 47.00 23.00 45.00 34.50 34.50 1.50 9.00 49.00 6.00 12.50 10.00 17.00 21.50 1.00 23.50 3.00 28.00 34.50 42.50
24.50 38.00 29.50 36.50 36.00 25.50 2.50 42.50 37.00 29.50 20.50 10.50 34.00 22.50 27.00 25.50 16.50 47.00 33.50 2.00
43.00 14.00 44.50 31.50 30.50 3.50 39.50 13.50 49.00 48.50 25.00 36.00 11.50 6.50 30.00 22.00 8.50 6.50 20.50 7.00
37.50 29.00 8.00 12.50 33.50 13.00 16.50 46.00 46.50 19.00 12.00 48.00 15.50 47.50 28.50 10.50 10.50 16.50 3.00 26.50
13.00 49.00 20.00 18.00 41.50 2.50 39.50 38.50 40.00 41.50 23.00 36.50 7.00 44.50 10.50 17.00 13.50 34.00 12.00 7.00
18.50 32.50 14.00 3.50 44.50 0.50 28.00 34.00 12.50 42.00 0.50 17.00 38.50 13.50 32.50 30.50 28.50 13.50 32.50 35.00
14.50 3.50 25.50 13.00 49.50 45.00 48.00 23.00 49.50 27.00 8.00 5.00 48.50 35.50 35.00 26.00 2.00 37.00 10.00 38.00
17.00 38.50 40.00 43.00 2.50 20.00 28.50 28.50 9.50 39.50 32.50 49.50 5.50 21.50 13.50 36.50 7.00 40.50 6.00 20.50
43.00 0.50 47.50 25.00 23.50 39.00 11.50 30.50 17.00 25.50 40.50 23.00 30.00 12.00 46.50 22.50 43.00 5.50 4.50 25.00
48.00 37.50 20.50 40.00 42.00 34.00 9.50 2.00 6.00 46.50 4.50 33.00 10.50 1.50 4.00 22.50 36.00 37.00 2.00 44.00
18.00 23.00 9.00 24.00 38.00 15.50 12.00 29.00 27.50 47.50 41.00 21.00 12.50 11.00 17.50 1.50 5.00 13.50 35.00 29.00
27.50 30.50 7.00 6.00 34.00 45.50 12.50 47.00 35.50 33.00 13.00 16.50 28.00 38.00 4.50 34.00 19.50 25.50 49.00 14.50
20.50 46.50 32.50 28.50 18.00 11.50 36.50 25.00 10.50 6.00 19.00 35.00 43.00 19.00 49.50 23.00 9.50 18.00 5.00 33.00
48.50 39.50 13.00 17.00 15.00 27.50 34.50 15.50 2.50 40.00 38.50 47.50 5.50 41.00 30.00 30.00 35.50 29.00 43.50 9.50
37.00 11.50 2.50 2.00 19.00 7.00 12.00 12.50 30.50 10.00 48.00 28.50 1.00 47.00 19.00 4.00 30.50 19.50 17.50 32.00
27.50 35.50 3.50 49.50 31.00 22.00 9.50 17.00 18.50 14.00 32.50 20.00 38.50 12.50 21.50 3.00 36.00 24.00 45.00 38.50
30.50 23.00 37.50 10.00 30.50 11.00 2.50 40.00 11.00 43.00 21.50 9.50 49.00 36.00 7.00 35.00 47.00 23.00 30.50 12.50
