# nJobs | nMachines
200 10
# Job Weights
26
20
42
32
9
29
81
4
72
73
11
21
85
22
48
26
58
28
63
53
81
42
62
22
56
36
26
42
4
98
56
87
6
13
94
28
75
66
19
53
15
89
95
30
95
79
64
100
7
29
48
69
95
86
62
83
13
99
38
27
27
17
58
87
22
15
76
16
1
25
85
24
96
50
33
4
4
51
63
33
1
2
43
38
70
49
44
15
2
64
51
29
58
15
70
6
14
43
32
20
21
4
100
34
94
48
21
39
25
67
71
52
75
58
89
58
90
75
16
87
12
49
45
28
1
56
31
77
11
54
97
46
5
96
34
14
54
5
86
13
81
38
78
91
23
48
70
27
11
43
72
25
91
90
65
92
76
43
57
40
43
49
61
71
21
69
12
10
31
58
5
11
25
55
26
92
23
54
29
92
11
27
12
58
50
67
45
42
26
32
48
69
21
69
49
41
97
62
82
81
# P_bar : m1 | m2 | m3 | m4 | m5 | m6 | m7 | m8 | m9 | m10
68 48 71 49 42 91 95 88 92 8
55 64 5 54 58 90 50 74 51 74
10 13 80 4 93 58 81 68 80 55
91 26 22 99 10 87 57 60 46 20
98 55 35 69 27 90 99 9 39 20
1 85 7 85 12 92 13 47 93 25
14 55 98 44 69 31 39 55 85 75
84 59 32 96 34 79 44 84 57 14
84 79 96 43 84 38 55 48 29 3
77 37 1 30 53 84 74 85 25 56
19 54 64 6 6 53 81 45 36 57
80 98 7 21 48 52 60 78 36 77
82 44 44 81 48 56 22 17 1 85
74 36 75 19 48 68 60 58 5 49
8 30 34 21 26 63 11 47 9 47
16 89 42 70 39 36 82 79 32 28
9 76 90 90 97 40 5 45 30 39
36 18 79 16 51 38 14 3 70 97
77 43 43 94 86 39 58 71 11 17
25 12 98 78 49 1 80 21 15 97
72 75 94 52 68 92 14 66 90 62
1 84 65 75 85 7 23 30 76 23
94 37 53 24 21 3 67 19 25 56
58 34 65 36 71 6 29 75 92 95
27 55 3 87 90 20 23 1 8 57
84 56 29 25 45 57 46 30 3 5
34 1 2 96 63 76 36 53 96 75
98 79 12 50 33 61 11 83 4 66
96 12 34 73 38 50 11 72 49 59
52 40 32 39 64 40 92 64 72 87
89 29 19 69 5 38 9 91 67 35
87 17 73 5 94 36 20 93 77 93
68 48 42 76 82 69 8 34 58 47
64 79 59 15 38 46 84 10 24 47
34 91 10 89 68 22 42 3 16 44
57 63 5 16 16 65 7 43 94 56
28 34 51 86 92 11 32 65 58 92
70 15 63 16 50 49 52 57 48 38
95 22 59 21 3 19 69 44 33 24
24 42 48 52 22 56 67 85 89 3
56 36 56 84 75 50 1 19 36 32
95 37 46 44 34 82 9 1 78 22
91 84 80 34 46 34 87 61 26 72
91 77 68 92 38 64 25 80 68 16
32 79 41 5 45 69 36 53 78 60
23 61 86 20 15 94 9 18 67 21
23 90 92 82 97 10 2 74 38 29
32 88 10 45 94 92 99 95 19 81
81 36 46 28 93 25 12 82 86 34
4 21 86 16 53 45 55 96 74 40
53 73 43 24 49 35 84 71 7 88
78 41 53 32 5 19 8 89 56 48
44 91 59 31 18 74 26 36 59 91
97 58 49 70 10 26 72 73 35 93
79 69 77 54 84 54 31 93 80 95
65 90 13 5 21 24 2 38 21 62
80 18 21 57 84 33 56 55 10 10
49 80 39 66 31 93 58 51 18 1
79 96 85 83 68 46 48 77 95 35
30 6 19 61 44 22 60 61 70 74
14 24 24 45 88 68 35 99 91 3
62 11 7 32 5 97 17 67 92 97
5 52 77 1 17 38 5 72 6 87
74 74 86 74 62 84 31 73 90 73
66 78 3 82 32 96 92 19 35 48
34 76 31 86 81 43 49 48 59 43
13 78 82 8 99 99 86 9 73 32
78 51 91 61 83 93 36 52 15 75
97 89 15 73 13 87 85 51 87 90
81 96 25 16 4 49 23 95 93 76
24 49 24 16 61 70 15 7 28 17
32 97 68 33 59 45 62 34 65 81
37 32 47 90 19 56 6 5 2 61
61 48 56 73 57 84 43 74 18 86
4 50 80 7 66 24 61 39 42 87
33 50 54 26 53 37 52 93 22 69
93 70 55 7 72 13 47 79 55 7
39 8 23 97 88 42 69 37 18 38
63 38 68 16 78 18 88 82 39 96
34 24 6 22 61 50 68 98 13 11
77 18 83 45 91 22 69 54 68 86
94 68 53 39 65 67 58 82 99 39
5 43 88 85 12 5 69 56 39 25
90 6 8 90 89 56 47 84 60 98
53 6 97 34 29 33 19 76 68 31
84 13 14 20 67 45 81 58 62 60
36 86 76 55 27 91 54 35 43 42
3 71 4 50 31 86 54 54 40 19
19 15 81 77 66 30 69 74 50 53
59 39 10 35 57 76 65 83 38 22
54 86 23 5 89 85 44 43 10 42
92 28 92 96 91 83 45 4 53 26
96 4 93 72 22 24 11 65 5 67
10 71 69 39 10 54 84 37 30 31
36 96 94 35 36 21 95 28 34 38
88 70 70 15 98 27 90 64 1 79
60 29 30 62 7 54 28 12 6 13
4 24 81 61 48 5 38 48 39 8
42 51 83 1 68 58 83 67 55 87
85 4 81 80 15 3 38 54 23 83
5 4 82 55 11 59 47 74 49 66
62 35 7 68 77 45 99 97 8 44
59 77 92 35 46 53 77 50 56 54
60 99 17 14 96 18 78 26 27 51
13 63 71 85 8 58 84 4 22 79
58 30 80 54 12 47 77 59 94 81
4 52 47 71 61 36 72 32 31 17
29 42 69 71 41 74 37 6 85 19
62 56 23 84 95 10 87 54 2 47
43 98 24 78 68 56 19 47 96 32
5 76 1 50 39 71 93 24 98 27
2 11 62 81 52 14 82 3 60 64
16 13 70 38 76 73 97 99 43 61
99 14 5 23 26 25 81 80 31 74
84 58 79 35 18 25 37 34 66 7
67 45 46 69 5 84 32 13 25 79
14 29 36 33 72 32 78 51 14 50
89 47 20 90 53 80 40 81 77 61
7 74 42 8 30 92 43 22 64 80
65 62 43 19 77 96 85 3 68 42
95 32 98 44 84 1 19 88 59 48
93 55 10 82 10 50 87 50 77 9
13 36 22 50 60 46 11 24 86 32
71 93 97 54 38 80 62 26 87 94
74 26 67 48 64 97 40 96 89 88
99 2 66 16 8 39 57 4 33 3
75 87 39 38 6 99 35 24 90 13
49 61 60 94 89 48 49 71 65 65
88 79 26 74 5 55 58 78 36 94
23 49 43 55 72 33 82 78 77 96
8 66 4 59 70 79 13 88 73 75
8 46 31 81 27 98 99 49 41 15
77 68 11 72 55 1 73 64 28 99
61 61 51 32 66 80 89 72 92 28
15 33 58 5 7 11 7 1 12 45
81 73 74 18 48 16 50 36 76 84
23 87 76 55 38 87 60 94 48 93
18 88 74 78 87 78 23 40 31 94
32 34 74 33 49 16 59 58 2 55
53 43 25 33 71 16 98 65 55 84
8 42 79 43 1 22 21 97 26 60
87 9 62 28 84 28 47 89 25 82
78 32 43 88 55 60 14 10 48 27
30 25 74 74 61 14 89 39 43 76
98 39 4 54 14 26 37 45 1 53
88 45 79 65 13 66 85 93 95 91
11 16 7 44 9 15 83 75 77 26
36 96 69 47 84 41 25 12 28 92
10 7 78 97 87 55 25 55 24 28
3 73 69 53 69 51 63 36 98 45
8 82 44 19 24 12 16 25 93 49
67 12 27 98 54 63 39 71 97 62
18 88 47 96 10 94 10 75 66 45
8 56 35 33 93 14 89 65 47 18
18 20 48 40 92 99 8 56 30 66
9 96 94 46 65 23 71 16 70 52
83 75 69 25 53 97 90 33 20 43
40 34 18 18 80 63 90 66 97 71
21 98 28 40 2 32 30 29 94 23
30 22 99 82 63 99 12 9 29 70
1 52 42 36 24 77 93 88 66 34
87 35 15 86 82 46 83 50 11 31
73 97 76 83 17 18 36 51 22 53
97 88 96 29 33 55 54 21 84 75
13 56 15 21 18 95 28 48 3 51
66 64 72 73 19 64 30 57 89 84
18 93 92 12 18 14 39 1 91 90
4 69 64 79 1 95 25 7 25 20
50 10 12 87 44 42 47 33 39 71
54 31 20 96 4 56 36 29 49 51
89 59 62 88 79 31 64 66 68 60
84 41 86 4 93 78 57 47 93 75
25 38 30 64 17 89 27 59 44 52
82 13 98 9 86 97 62 9 90 84
22 94 69 97 86 11 89 25 93 31
27 68 60 32 90 14 88 50 42 92
44 41 78 9 68 21 21 43 46 27
38 95 38 6 83 74 25 30 68 68
8 57 26 57 89 9 42 68 37 16
15 41 66 86 82 65 15 84 43 14
94 25 59 75 28 33 15 39 89 39
65 19 2 81 20 21 42 95 57 13
67 45 18 46 96 52 66 56 98 52
15 86 76 21 71 76 28 54 46 8
48 6 44 94 92 95 22 8 67 63
41 2 59 97 47 97 64 25 71 98
57 9 52 10 12 79 18 37 81 92
63 20 86 35 93 86 73 11 65 87
76 32 53 81 51 58 64 55 53 98
11 61 97 31 54 93 35 80 78 33
66 48 15 48 38 89 59 2 3 11
65 77 61 20 15 88 37 35 52 35
46 43 96 97 19 70 36 38 97 28
6 83 89 35 73 45 29 15 19 56
63 88 22 65 98 19 56 18 61 3
72 3 69 52 33 26 38 22 5 72
6 36 76 85 34 16 69 6 76 93
40 13 7 11 10 10 25 55 66 53
95 42 33 77 9 45 55 99 60 43
12 24 93 18 77 98 84 62 49 91
# P_hat : m1 | m2 | m3 | m4 | m5 | m6 | m7 | m8 | m9 | m10
27.20 19.20 28.40 19.60 16.80 36.40 38.00 35.20 36.80 3.20
22.00 25.60 2.00 21.60 23.20 36.00 20.00 29.60 20.40 29.60
4.00 5.20 32.00 1.60 37.20 23.20 32.40 27.20 32.00 22.00
36.40 10.40 8.80 39.60 4.00 34.80 22.80 24.00 18.40 8.00
39.20 22.00 14.00 27.60 10.80 36.00 39.60 3.60 15.60 8.00
0.40 34.00 2.80 34.00 4.80 36.80 5.20 18.80 37.20 10.00
5.60 22.00 39.20 17.60 27.60 12.40 15.60 22.00 34.00 30.00
33.60 23.60 12.80 38.40 13.60 31.60 17.60 33.60 22.80 5.60
33.60 31.60 38.40 17.20 33.60 15.20 22.00 19.20 11.60 1.20
30.80 14.80 0.40 12.00 21.20 33.60 29.60 34.00 10.00 22.40
7.60 21.60 25.60 2.40 2.40 21.20 32.40 18.00 14.40 22.80
32.00 39.20 2.80 8.40 19.20 20.80 24.00 31.20 14.40 30.80
32.80 17.60 17.60 32.40 19.20 22.40 8.80 6.80 0.40 34.00
29.60 14.40 30.00 7.60 19.20 27.20 24.00 23.20 2.00 19.60
3.20 12.00 13.60 8.40 10.40 25.20 4.40 18.80 3.60 18.80
6.40 35.60 16.80 28.00 15.60 14.40 32.80 31.60 12.80 11.20
3.60 30.40 36.00 36.00 38.80 16.00 2.00 18.00 12.00 15.60
14.40 7.20 31.60 6.40 20.40 15.20 5.60 1.20 28.00 38.80
30.80 17.20 17.20 37.60 34.40 15.60 23.20 28.40 4.40 6.80
10.00 4.80 39.20 31.20 19.60 0.40 32.00 8.40 6.00 38.80
28.80 30.00 37.60 20.80 27.20 36.80 5.60 26.40 36.00 24.80
0.40 33.60 26.00 30.00 34.00 2.80 9.20 12.00 30.40 9.20
37.60 14.80 21.20 9.60 8.40 1.20 26.80 7.60 10.00 22.40
23.20 13.60 26.00 14.40 28.40 2.40 11.60 30.00 36.80 38.00
10.80 22.00 1.20 34.80 36.00 8.00 9.20 0.40 3.20 22.80
33.60 22.40 11.60 10.00 18.00 22.80 18.40 12.00 1.20 2.00
13.60 0.40 0.80 38.40 25.20 30.40 14.40 21.20 38.40 30.00
39.20 31.60 4.80 20.00 13.20 24.40 4.40 33.20 1.60 26.40
38.40 4.80 13.60 29.20 15.20 20.00 4.40 28.80 19.60 23.60
20.80 16.00 12.80 15.60 25.60 16.00 36.80 25.60 28.80 34.80
35.60 11.60 7.60 27.60 2.00 15.20 3.60 36.40 26.80 14.00
34.80 6.80 29.20 2.00 37.60 14.40 8.00 37.20 30.80 37.20
27.20 19.20 16.80 30.40 32.80 27.60 3.20 13.60 23.20 18.80
25.60 31.60 23.60 6.00 15.20 18.40 33.60 4.00 9.60 18.80
13.60 36.40 4.00 35.60 27.20 8.80 16.80 1.20 6.40 17.60
22.80 25.20 2.00 6.40 6.40 26.00 2.80 17.20 37.60 22.40
11.20 13.60 20.40 34.40 36.80 4.40 12.80 26.00 23.20 36.80
28.00 6.00 25.20 6.40 20.00 19.60 20.80 22.80 19.20 15.20
38.00 8.80 23.60 8.40 1.20 7.60 27.60 17.60 13.20 9.60
9.60 16.80 19.20 20.80 8.80 22.40 26.80 34.00 35.60 1.20
22.40 14.40 22.40 33.60 30.00 20.00 0.40 7.60 14.40 12.80
38.00 14.80 18.40 17.60 13.60 32.80 3.60 0.40 31.20 8.80
36.40 33.60 32.00 13.60 18.40 13.60 34.80 24.40 10.40 28.80
36.40 30.80 27.20 36.80 15.20 25.60 10.00 32.00 27.20 6.40
12.80 31.60 16.40 2.00 18.00 27.60 14.40 21.20 31.20 24.00
9.20 24.40 34.40 8.00 6.00 37.60 3.60 7.20 26.80 8.40
9.20 36.00 36.80 32.80 38.80 4.00 0.80 29.60 15.20 11.60
12.80 35.20 4.00 18.00 37.60 36.80 39.60 38.00 7.60 32.40
32.40 14.40 18.40 11.20 37.20 10.00 4.80 32.80 34.40 13.60
1.60 8.40 34.40 6.40 21.20 18.00 22.00 38.40 29.60 16.00
21.20 29.20 17.20 9.60 19.60 14.00 33.60 28.40 2.80 35.20
31.20 16.40 21.20 12.80 2.00 7.60 3.20 35.60 22.40 19.20
17.60 36.40 23.60 12.40 7.20 29.60 10.40 14.40 23.60 36.40
38.80 23.20 19.60 28.00 4.00 10.40 28.80 29.20 14.00 37.20
31.60 27.60 30.80 21.60 33.60 21.60 12.40 37.20 32.00 38.00
26.00 36.00 5.20 2.00 8.40 9.60 0.80 15.20 8.40 24.80
32.00 7.20 8.40 22.80 33.60 13.20 22.40 22.00 4.00 4.00
19.60 32.00 15.60 26.40 12.40 37.20 23.20 20.40 7.20 0.40
31.60 38.40 34.00 33.20 27.20 18.40 19.20 30.80 38.00 14.00
12.00 2.40 7.60 24.40 17.60 8.80 24.00 24.40 28.00 29.60
5.60 9.60 9.60 18.00 35.20 27.20 14.00 39.60 36.40 1.20
24.80 4.40 2.80 12.80 2.00 38.80 6.80 26.80 36.80 38.80
2.00 20.80 30.80 0.40 6.80 15.20 2.00 28.80 2.40 34.80
29.60 29.60 34.40 29.60 24.80 33.60 12.40 29.20 36.00 29.20
26.40 31.20 1.20 32.80 12.80 38.40 36.80 7.60 14.00 19.20
13.60 30.40 12.40 34.40 32.40 17.20 19.60 19.20 23.60 17.20
5.20 31.20 32.80 3.20 39.60 39.60 34.40 3.60 29.20 12.80
31.20 20.40 36.40 24.40 33.20 37.20 14.40 20.80 6.00 30.00
38.80 35.60 6.00 29.20 5.20 34.80 34.00 20.40 34.80 36.00
32.40 38.40 10.00 6.40 1.60 19.60 9.20 38.00 37.20 30.40
9.60 19.60 9.60 6.40 24.40 28.00 6.00 2.80 11.20 6.80
12.80 38.80 27.20 13.20 23.60 18.00 24.80 13.60 26.00 32.40
14.80 12.80 18.80 36.00 7.60 22.40 2.40 2.00 0.80 24.40
24.40 19.20 22.40 29.20 22.80 33.60 17.20 29.60 7.20 34.40
1.60 20.00 32.00 2.80 26.40 9.60 24.40 15.60 16.80 34.80
13.20 20.00 21.60 10.40 21.20 14.80 20.80 37.20 8.80 27.60
37.20 28.00 22.00 2.80 28.80 5.20 18.80 31.60 22.00 2.80
15.60 3.20 9.20 38.80 35.20 16.80 27.60 14.80 7.20 15.20
25.20 15.20 27.20 6.40 31.20 7.20 35.20 32.80 15.60 38.40
13.60 9.60 2.40 8.80 24.40 20.00 27.20 39.20 5.20 4.40
30.80 7.20 33.20 18.00 36.40 8.80 27.60 21.60 27.20 34.40
37.60 27.20 21.20 15.60 26.00 26.80 23.20 32.80 39.60 15.60
2.00 17.20 35.20 34.00 4.80 2.00 27.60 22.40 15.60 10.00
36.00 2.40 3.20 36.00 35.60 22.40 18.80 33.60 24.00 39.20
21.20 2.40 38.80 13.60 11.60 13.20 7.60 30.40 27.20 12.40
33.60 5.20 5.60 8.00 26.80 18.00 32.40 23.20 24.80 24.00
14.40 34.40 30.40 22.00 10.80 36.40 21.60 14.00 17.20 16.80
1.20 28.40 1.60 20.00 12.40 34.40 21.60 21.60 16.00 7.60
7.60 6.00 32.40 30.80 26.40 12.00 27.60 29.60 20.00 21.20
23.60 15.60 4.00 14.00 22.80 30.40 26.00 33.20 15.20 8.80
21.60 34.40 9.20 2.00 35.60 34.00 17.60 17.20 4.00 16.80
36.80 11.20 36.80 38.40 36.40 33.20 18.00 1.60 21.20 10.40
38.40 1.60 37.20 28.80 8.80 9.60 4.40 26.00 2.00 26.80
4.00 28.40 27.60 15.60 4.00 21.60 33.60 14.80 12.00 12.40
14.40 38.40 37.60 14.00 14.40 8.40 38.00 11.20 13.60 15.20
35.20 28.00 28.00 6.00 39.20 10.80 36.00 25.60 0.40 31.60
24.00 11.60 12.00 24.80 2.80 21.60 11.20 4.80 2.40 5.20
1.60 9.60 32.40 24.40 19.20 2.00 15.20 19.20 15.60 3.20
16.80 20.40 33.20 0.40 27.20 23.20 33.20 26.80 22.00 34.80
34.00 1.60 32.40 32.00 6.00 1.20 15.20 21.60 9.20 33.20
2.00 1.60 32.80 22.00 4.40 23.60 18.80 29.60 19.60 26.40
24.80 14.00 2.80 27.20 30.80 18.00 39.60 38.80 3.20 17.60
23.60 30.80 36.80 14.00 18.40 21.20 30.80 20.00 22.40 21.60
24.00 39.60 6.80 5.60 38.40 7.20 31.20 10.40 10.80 20.40
5.20 25.20 28.40 34.00 3.20 23.20 33.60 1.60 8.80 31.60
23.20 12.00 32.00 21.60 4.80 18.80 30.80 23.60 37.60 32.40
1.60 20.80 18.80 28.40 24.40 14.40 28.80 12.80 12.40 6.80
11.60 16.80 27.60 28.40 16.40 29.60 14.80 2.40 34.00 7.60
24.80 22.40 9.20 33.60 38.00 4.00 34.80 21.60 0.80 18.80
17.20 39.20 9.60 31.20 27.20 22.40 7.60 18.80 38.40 12.80
2.00 30.40 0.40 20.00 15.60 28.40 37.20 9.60 39.20 10.80
0.80 4.40 24.80 32.40 20.80 5.60 32.80 1.20 24.00 25.60
6.40 5.20 28.00 15.20 30.40 29.20 38.80 39.60 17.20 24.40
39.60 5.60 2.00 9.20 10.40 10.00 32.40 32.00 12.40 29.60
33.60 23.20 31.60 14.00 7.20 10.00 14.80 13.60 26.40 2.80
26.80 18.00 18.40 27.60 2.00 33.60 12.80 5.20 10.00 31.60
5.60 11.60 14.40 13.20 28.80 12.80 31.20 20.40 5.60 20.00
35.60 18.80 8.00 36.00 21.20 32.00 16.00 32.40 30.80 24.40
2.80 29.60 16.80 3.20 12.00 36.80 17.20 8.80 25.60 32.00
26.00 24.80 17.20 7.60 30.80 38.40 34.00 1.20 27.20 16.80
38.00 12.80 39.20 17.60 33.60 0.40 7.60 35.20 23.60 19.20
37.20 22.00 4.00 32.80 4.00 20.00 34.80 20.00 30.80 3.60
5.20 14.40 8.80 20.00 24.00 18.40 4.40 9.60 34.40 12.80
28.40 37.20 38.80 21.60 15.20 32.00 24.80 10.40 34.80 37.60
29.60 10.40 26.80 19.20 25.60 38.80 16.00 38.40 35.60 35.20
39.60 0.80 26.40 6.40 3.20 15.60 22.80 1.60 13.20 1.20
30.00 34.80 15.60 15.20 2.40 39.60 14.00 9.60 36.00 5.20
19.60 24.40 24.00 37.60 35.60 19.20 19.60 28.40 26.00 26.00
35.20 31.60 10.40 29.60 2.00 22.00 23.20 31.20 14.40 37.60
9.20 19.60 17.20 22.00 28.80 13.20 32.80 31.20 30.80 38.40
3.20 26.40 1.60 23.60 28.00 31.60 5.20 35.20 29.20 30.00
3.20 18.40 12.40 32.40 10.80 39.20 39.60 19.60 16.40 6.00
30.80 27.20 4.40 28.80 22.00 0.40 29.20 25.60 11.20 39.60
24.40 24.40 20.40 12.80 26.40 32.00 35.60 28.80 36.80 11.20
6.00 13.20 23.20 2.00 2.80 4.40 2.80 0.40 4.80 18.00
32.40 29.20 29.60 7.20 19.20 6.40 20.00 14.40 30.40 33.60
9.20 34.80 30.40 22.00 15.20 34.80 24.00 37.60 19.20 37.20
7.20 35.20 29.60 31.20 34.80 31.20 9.20 16.00 12.40 37.60
12.80 13.60 29.60 13.20 19.60 6.40 23.60 23.20 0.80 22.00
21.20 17.20 10.00 13.20 28.40 6.40 39.20 26.00 22.00 33.60
3.20 16.80 31.60 17.20 0.40 8.80 8.40 38.80 10.40 24.00
34.80 3.60 24.80 11.20 33.60 11.20 18.80 35.60 10.00 32.80
31.20 12.80 17.20 35.20 22.00 24.00 5.60 4.00 19.20 10.80
12.00 10.00 29.60 29.60 24.40 5.60 35.60 15.60 17.20 30.40
39.20 15.60 1.60 21.60 5.60 10.40 14.80 18.00 0.40 21.20
35.20 18.00 31.60 26.00 5.20 26.40 34.00 37.20 38.00 36.40
4.40 6.40 2.80 17.60 3.60 6.00 33.20 30.00 30.80 10.40
14.40 38.40 27.60 18.80 33.60 16.40 10.00 4.80 11.20 36.80
4.00 2.80 31.20 38.80 34.80 22.00 10.00 22.00 9.60 11.20
1.20 29.20 27.60 21.20 27.60 20.40 25.20 14.40 39.20 18.00
3.20 32.80 17.60 7.60 9.60 4.80 6.40 10.00 37.20 19.60
26.80 4.80 10.80 39.20 21.60 25.20 15.60 28.40 38.80 24.80
7.20 35.20 18.80 38.40 4.00 37.60 4.00 30.00 26.40 18.00
3.20 22.40 14.00 13.20 37.20 5.60 35.60 26.00 18.80 7.20
7.20 8.00 19.20 16.00 36.80 39.60 3.20 22.40 12.00 26.40
3.60 38.40 37.60 18.40 26.00 9.20 28.40 6.40 28.00 20.80
33.20 30.00 27.60 10.00 21.20 38.80 36.00 13.20 8.00 17.20
16.00 13.60 7.20 7.20 32.00 25.20 36.00 26.40 38.80 28.40
8.40 39.20 11.20 16.00 0.80 12.80 12.00 11.60 37.60 9.20
12.00 8.80 39.60 32.80 25.20 39.60 4.80 3.60 11.60 28.00
0.40 20.80 16.80 14.40 9.60 30.80 37.20 35.20 26.40 13.60
34.80 14.00 6.00 34.40 32.80 18.40 33.20 20.00 4.40 12.40
29.20 38.80 30.40 33.20 6.80 7.20 14.40 20.40 8.80 21.20
38.80 35.20 38.40 11.60 13.20 22.00 21.60 8.40 33.60 30.00
5.20 22.40 6.00 8.40 7.20 38.00 11.20 19.20 1.20 20.40
26.40 25.60 28.80 29.20 7.60 25.60 12.00 22.80 35.60 33.60
7.20 37.20 36.80 4.80 7.20 5.60 15.60 0.40 36.40 36.00
1.60 27.60 25.60 31.60 0.40 38.00 10.00 2.80 10.00 8.00
20.00 4.00 4.80 34.80 17.60 16.80 18.80 13.20 15.60 28.40
21.60 12.40 8.00 38.40 1.60 22.40 14.40 11.60 19.60 20.40
35.60 23.60 24.80 35.20 31.60 12.40 25.60 26.40 27.20 24.00
33.60 16.40 34.40 1.60 37.20 31.20 22.80 18.80 37.20 30.00
10.00 15.20 12.00 25.60 6.80 35.60 10.80 23.60 17.60 20.80
32.80 5.20 39.20 3.60 34.40 38.80 24.80 3.60 36.00 33.60
8.80 37.60 27.60 38.80 34.40 4.40 35.60 10.00 37.20 12.40
10.80 27.20 24.00 12.80 36.00 5.60 35.20 20.00 16.80 36.80
17.60 16.40 31.20 3.60 27.20 8.40 8.40 17.20 18.40 10.80
15.20 38.00 15.20 2.40 33.20 29.60 10.00 12.00 27.20 27.20
3.20 22.80 10.40 22.80 35.60 3.60 16.80 27.20 14.80 6.40
6.00 16.40 26.40 34.40 32.80 26.00 6.00 33.60 17.20 5.60
37.60 10.00 23.60 30.00 11.20 13.20 6.00 15.60 35.60 15.60
26.00 7.60 0.80 32.40 8.00 8.40 16.80 38.00 22.80 5.20
26.80 18.00 7.20 18.40 38.40 20.80 26.40 22.40 39.20 20.80
6.00 34.40 30.40 8.40 28.40 30.40 11.20 21.60 18.40 3.20
19.20 2.40 17.60 37.60 36.80 38.00 8.80 3.20 26.80 25.20
16.40 0.80 23.60 38.80 18.80 38.80 25.60 10.00 28.40 39.20
22.80 3.60 20.80 4.00 4.80 31.60 7.20 14.80 32.40 36.80
25.20 8.00 34.40 14.00 37.20 34.40 29.20 4.40 26.00 34.80
30.40 12.80 21.20 32.40 20.40 23.20 25.60 22.00 21.20 39.20
4.40 24.40 38.80 12.40 21.60 37.20 14.00 32.00 31.20 13.20
26.40 19.20 6.00 19.20 15.20 35.60 23.60 0.80 1.20 4.40
26.00 30.80 24.40 8.00 6.00 35.20 14.80 14.00 20.80 14.00
18.40 17.20 38.40 38.80 7.60 28.00 14.40 15.20 38.80 11.20
2.40 33.20 35.60 14.00 29.20 18.00 11.60 6.00 7.60 22.40
25.20 35.20 8.80 26.00 39.20 7.60 22.40 7.20 24.40 1.20
28.80 1.20 27.60 20.80 13.20 10.40 15.20 8.80 2.00 28.80
2.40 14.40 30.40 34.00 13.60 6.40 27.60 2.40 30.40 37.20
16.00 5.20 2.80 4.40 4.00 4.00 10.00 22.00 26.40 21.20
38.00 16.80 13.20 30.80 3.60 18.00 22.00 39.60 24.00 17.20
4.80 9.60 37.20 7.20 30.80 39.20 33.60 24.80 19.60 36.40
