# nJobs | nMachines
50 10
# Job Weights
96
99
12
18
82
99
81
12
53
98
100
74
65
56
76
67
37
90
40
78
17
9
66
7
49
68
41
8
2
67
73
98
10
82
12
43
52
56
37
87
75
27
50
30
55
19
59
10
66
70
# P_bar : m1 | m2 | m3 | m4 | m5 | m6 | m7 | m8 | m9 | m10
49 76 60 40 32 17 33 98 90 75
10 91 39 56 5 43 98 90 93 68
30 51 94 89 49 13 67 4 35 39
85 55 82 53 51 20 81 39 65 71
7 32 28 26 33 41 43 79 66 31
23 26 52 38 97 94 72 76 10 43
56 37 87 15 74 18 32 53 48 5
93 21 19 3 48 28 66 77 81 32
5 58 58 75 9 8 97 10 27 6
34 26 52 4 65 71 36 2 49 56
72 19 63 48 38 82 36 97 61 56
78 65 28 86 71 42 67 31 73 72
25 52 44 28 38 90 1 62 60 23
31 36 80 51 76 76 47 28 88 95
73 89 88 62 43 62 87 74 42 50
69 95 21 46 8 95 12 60 62 53
18 51 36 43 66 74 91 53 28 27
15 56 64 1 62 80 21 74 55 8
39 21 75 52 18 33 6 88 58 18
2 35 6 19 13 91 6 11 55 81
55 90 41 85 16 35 1 88 90 57
33 26 4 37 64 80 38 92 61 54
24 83 5 73 18 79 69 7 73 99
19 37 77 25 87 68 77 80 3 20
19 59 75 35 86 97 3 67 74 10
97 3 91 79 29 98 75 27 94 19
98 44 88 88 9 3 64 21 30 18
49 42 22 29 96 22 53 43 81 53
95 57 8 7 40 52 18 59 9 73
71 45 97 18 78 80 10 30 87 10
2 36 58 26 78 32 97 17 58 74
55 90 72 63 63 75 18 4 42 93
37 71 45 41 13 78 48 7 59 22
73 37 55 20 47 36 70 21 48 75
91 69 12 97 31 46 60 83 29 84
58 27 35 80 97 16 75 44 83 9
33 13 95 15 5 36 94 70 60 27
78 16 95 47 86 93 14 30 83 32
60 32 56 29 51 39 53 39 76 51
53 53 53 46 46 19 90 35 43 83
38 59 48 78 56 95 19 8 90 70
53 8 61 16 69 91 42 6 14 13
90 98 46 67 50 49 86 92 84 1
30 65 29 44 27 35 15 39 10 81
14 50 85 23 60 93 58 55 15 13
53 85 1 47 48 11 7 34 38 98
87 78 75 98 74 93 65 98 90 58
51 38 25 97 91 6 40 47 80 28
25 55 39 49 92 96 51 99 19 3
50 89 92 65 80 19 61 16 15 21
# P_hat : m1 | m2 | m3 | m4 | m5 | m6 | m7 | m8 | m9 | m10
19.60 30.40 24.00 16.00 12.80 6.80 13.20 39.20 36.00 30.00
4.00 36.40 15.60 22.40 2.00 17.20 39.20 36.00 37.20 27.20
12.00 20.40 37.60 35.60 19.60 5.20 26.80 1.60 14.00 15.60
34.00 22.00 32.80 21.20 20.40 8.00 32.40 15.60 26.00 28.40
2.80 12.80 11.20 10.40 13.20 16.40 17.20 31.60 26.40 12.40
9.20 10.40 20.80 15.20 38.80 37.60 28.80 30.40 4.00 17.20
22.40 14.80 34.80 6.00 29.60 7.20 12.80 21.20 19.20 2.00
37.20 8.40 7.60 1.20 19.20 11.20 26.40 30.80 32.40 12.80
2.00 23.20 23.20 30.00 3.60 3.20 38.80 4.00 10.80 2.40
13.60 10.40 20.80 1.60 26.00 28.40 14.40 0.80 19.60 22.40
28.80 7.60 25.20 19.20 15.20 32.80 14.40 38.80 24.40 22.40
31.20 26.00 11.20 34.40 28.40 16.80 26.80 12.40 29.20 28.80
10.00 20.80 17.60 11.20 15.20 36.00 0.40 24.80 24.00 9.20
12.40 14.40 32.00 20.40 30.40 30.40 18.80 11.20 35.20 38.00
29.20 35.60 35.20 24.80 17.20 24.80 34.80 29.60 16.80 20.00
27.60 38.00 8.40 18.40 3.20 38.00 4.80 24.00 24.80 21.20
7.20 20.40 14.40 17.20 26.40 29.60 36.40 21.20 11.20 10.80
6.00 22.40 25.60 0.40 24.80 32.00 8.40 29.60 22.00 3.20
15.60 8.40 30.00 20.80 7.20 13.20 2.40 35.20 23.20 7.20
0.80 14.00 2.40 7.60 5.20 36.40 2.40 4.40 22.00 32.40
22.00 36.00 16.40 34.00 6.40 14.00 0.40 35.20 36.00 22.80
13.20 10.40 1.60 14.80 25.60 32.00 15.20 36.80 24.40 21.60
9.60 33.20 2.00 29.20 7.20 31.60 27.60 2.80 29.20 39.60
7.60 14.80 30.80 10.00 34.80 27.20 30.80 32.00 1.20 8.00
7.60 23.60 30.00 14.00 34.40 38.80 1.20 26.80 29.60 4.00
38.80 1.20 36.40 31.60 11.60 39.20 30.00 10.80 37.60 7.60
39.20 17.60 35.20 35.20 3.60 1.20 25.60 8.40 12.00 7.20
19.60 16.80 8.80 11.60 38.40 8.80 21.20 17.20 32.40 21.20
38.00 22.80 3.20 2.80 16.00 20.80 7.20 23.60 3.60 29.20
28.40 18.00 38.80 7.20 31.20 32.00 4.00 12.00 34.80 4.00
0.80 14.40 23.20 10.40 31.20 12.80 38.80 6.80 23.20 29.60
22.00 36.00 28.80 25.20 25.20 30.00 7.20 1.60 16.80 37.20
14.80 28.40 18.00 16.40 5.20 31.20 19.20 2.80 23.60 8.80
29.20 14.80 22.00 8.00 18.80 14.40 28.00 8.40 19.20 30.00
36.40 27.60 4.80 38.80 12.40 18.40 24.00 33.20 11.60 33.60
23.20 10.80 14.00 32.00 38.80 6.40 30.00 17.60 33.20 3.60
13.20 5.20 38.00 6.00 2.00 14.40 37.60 28.00 24.00 10.80
31.20 6.40 38.00 18.80 34.40 37.20 5.60 12.00 33.20 12.80
24.00 12.80 22.40 11.60 20.40 15.60 21.20 15.60 30.40 20.40
21.20 21.20 21.20 18.40 18.40 7.60 36.00 14.00 17.20 33.20
15.20 23.60 19.20 31.20 22.40 38.00 7.60 3.20 36.00 28.00
21.20 3.20 24.40 6.40 27.60 36.40 16.80 2.40 5.60 5.20
36.00 39.20 18.40 26.80 20.00 19.60 34.40 36.80 33.60 0.40
12.00 26.00 11.60 17.60 10.80 14.00 6.00 15.60 4.00 32.40
5.60 20.00 34.00 9.20 24.00 37.20 23.20 22.00 6.00 5.20
21.20 34.00 0.40 18.80 19.20 4.40 2.80 13.60 15.20 39.20
34.80 31.20 30.00 39.20 29.60 37.20 26.00 39.20 36.00 23.20
20.40 15.20 10.00 38.80 36.40 2.40 16.00 18.80 32.00 11.20
10.00 22.00 15.60 19.60 36.80 38.40 20.40 39.60 7.60 1.20
20.00 35.60 36.80 26.00 32.00 7.60 24.40 6.40 6.00 8.40
