# nJobs | nMachines
100 20
# Job Weights
37
28
53
85
13
47
25
15
7
26
70
30
11
89
42
31
45
36
72
77
28
53
62
23
20
43
27
14
34
19
54
44
4
86
46
87
61
1
93
70
71
95
45
58
76
69
73
78
51
72
27
66
62
38
21
12
60
44
3
90
94
29
43
85
76
74
7
46
2
37
10
88
42
45
44
61
58
40
100
4
12
27
84
30
92
37
39
28
50
50
81
83
45
20
45
6
21
5
41
25
# P_bar : m1 | m2 | m3 | m4 | m5 | m6 | m7 | m8 | m9 | m10 | m11 | m12 | m13 | m14 | m15 | m16 | m17 | m18 | m19 | m20
28 54 92 60 44 27 67 74 67 58 39 10 20 96 34 87 45 62 15 29
25 54 47 59 12 70 15 39 23 59 18 22 29 20 62 47 25 61 94 41
61 63 70 50 19 48 52 70 25 41 75 6 50 20 86 11 46 2 8 93
9 93 22 9 86 24 36 78 92 23 33 39 6 25 58 84 38 67 91 48
69 38 31 17 17 73 83 72 50 18 91 59 49 82 5 54 26 9 7 35
77 71 11 53 49 82 78 70 8 30 20 27 95 1 41 88 37 41 47 75
21 28 69 7 61 14 42 29 78 39 2 42 38 3 38 83 28 30 61 36
40 94 72 43 81 32 27 69 46 54 91 27 34 76 84 3 68 94 40 8
98 46 44 61 37 50 90 94 3 9 18 3 71 37 67 39 68 17 49 49
65 31 64 61 10 69 11 28 44 65 6 79 50 75 62 13 17 98 43 51
54 11 95 80 48 98 14 38 84 72 2 34 83 73 73 33 49 49 96 22
75 46 99 1 9 59 97 55 21 90 40 77 45 80 77 58 85 45 84 83
57 35 88 37 49 45 91 75 48 31 10 92 48 59 11 46 69 16 44 54
49 99 83 84 49 66 50 43 15 27 48 97 65 63 10 32 49 85 89 59
13 30 38 47 56 66 10 82 76 28 65 27 46 51 20 87 41 39 68 61
31 73 13 18 44 43 64 15 11 66 67 68 24 66 93 67 29 38 95 34
76 60 9 41 11 17 90 55 80 5 36 29 44 90 40 52 5 13 94 45
94 30 92 26 86 69 27 91 82 45 83 36 76 58 80 24 87 61 54 4
28 7 74 89 29 66 69 96 2 31 14 21 42 24 5 18 73 52 40 87
42 63 28 54 71 64 23 74 84 10 84 37 51 69 37 60 52 63 30 61
81 43 23 5 23 90 60 30 90 67 65 24 9 7 33 71 94 83 21 96
97 29 33 27 15 60 7 68 8 21 1 53 56 74 70 50 56 60 49 9
33 96 44 80 62 31 95 14 61 25 77 26 17 48 32 68 94 46 3 99
5 25 77 42 73 36 56 36 53 14 35 45 39 61 15 42 44 56 17 39
88 73 62 46 84 25 89 74 84 9 42 99 79 33 28 41 55 70 72 83
29 19 59 93 93 89 14 83 2 4 99 8 27 66 99 50 41 55 84 14
99 65 53 13 38 5 78 43 86 8 82 53 39 25 50 31 21 75 98 37
77 98 13 53 60 32 48 78 91 19 26 33 62 31 86 69 3 42 23 86
51 93 75 33 35 48 11 48 67 64 39 24 57 1 82 10 90 62 42 49
39 52 67 88 83 47 16 72 86 35 18 77 56 73 85 42 32 85 16 84
54 62 97 40 56 73 61 64 92 53 74 78 13 89 28 29 76 51 80 21
90 84 25 89 61 8 76 83 95 81 75 96 32 83 68 96 20 16 30 78
30 27 36 89 85 51 35 61 29 93 46 71 88 87 85 27 28 31 12 93
54 15 85 73 40 24 32 31 24 22 88 78 18 16 98 43 32 44 65 5
76 17 96 9 77 51 63 16 79 26 63 4 52 56 18 31 5 58 24 14
65 86 77 88 67 68 33 6 30 20 25 8 73 29 51 61 57 92 7 23
10 18 34 94 58 97 34 72 97 61 76 11 10 22 74 45 30 23 40 73
70 83 24 69 41 49 4 25 9 2 85 65 63 71 79 26 70 66 70 76
78 69 82 72 99 32 97 85 32 97 56 68 1 92 97 7 95 88 93 79
29 33 39 83 96 88 34 89 35 2 24 53 58 11 19 28 75 88 49 22
59 8 36 60 3 59 58 68 35 47 50 6 66 29 92 63 39 96 89 94
16 27 13 43 36 96 59 83 40 23 43 36 25 26 87 23 26 53 17 68
13 43 6 87 33 45 51 14 82 27 68 73 14 82 69 33 92 1 95 39
29 92 8 53 8 49 7 55 17 21 42 27 31 4 42 93 10 56 33 50
64 33 26 10 40 73 54 97 96 36 49 72 3 38 3 67 32 37 68 31
69 26 2 79 43 91 8 3 36 62 93 9 85 64 12 89 53 82 97 30
4 68 52 59 16 4 42 16 60 29 78 18 20 90 81 75 62 24 73 38
1 44 41 71 75 79 94 89 88 17 43 26 89 54 97 50 35 44 8 43
95 78 20 65 15 35 26 14 12 3 36 16 15 6 26 65 45 15 68 40
16 37 53 25 81 37 69 1 76 70 51 64 50 85 77 9 27 16 54 56
30 81 45 36 43 42 35 6 94 14 45 37 44 58 69 56 88 15 95 31
40 74 70 88 88 95 19 96 78 44 72 53 3 7 67 12 35 81 6 23
92 75 51 37 23 84 94 8 22 73 74 87 12 94 4 36 53 56 1 85
77 7 83 7 1 53 26 13 74 89 36 68 73 5 68 19 13 35 43 94
67 23 54 11 4 27 93 32 2 71 35 64 61 6 51 50 7 27 19 55
93 24 62 61 10 61 88 64 99 21 41 47 34 5 49 60 74 43 48 94
80 21 68 66 2 79 81 67 74 90 36 72 52 71 18 69 5 65 38 78
88 73 43 15 39 15 2 20 51 28 3 85 37 94 24 32 77 18 17 81
48 27 28 47 97 64 78 37 77 36 13 89 61 59 49 17 91 91 50 34
7 91 28 8 11 63 31 63 61 13 24 94 27 51 73 64 77 5 97 77
96 8 62 50 28 83 60 63 53 85 34 31 28 6 79 64 53 72 76 77
33 47 56 47 27 45 44 94 29 82 34 86 24 79 81 40 74 25 41 56
8 65 79 4 19 14 51 97 97 57 22 1 35 30 92 31 68 3 98 47
40 36 15 74 6 71 99 74 28 1 17 40 26 61 57 59 39 15 94 3
4 87 53 4 50 89 70 23 84 72 14 21 32 83 39 82 95 62 77 65
55 5 70 11 3 56 3 34 87 7 17 10 48 89 15 6 32 35 9 17
43 91 90 69 61 55 44 8 31 25 60 72 16 96 56 26 57 7 81 21
73 17 86 52 52 6 30 64 2 97 44 21 30 54 36 43 48 43 53 81
90 82 23 17 91 74 75 99 19 90 99 97 3 85 31 34 43 57 75 72
68 26 94 61 53 4 35 78 33 51 64 96 69 88 60 48 9 39 40 30
79 89 2 29 5 90 1 11 26 28 55 15 42 46 89 68 66 8 48 44
50 73 73 39 64 73 99 90 22 83 67 66 14 80 64 74 15 31 30 13
62 90 13 67 69 34 57 61 28 91 78 51 56 19 36 86 64 42 49 90
47 10 59 28 99 16 18 38 25 80 12 10 45 67 72 51 45 6 66 77
22 63 30 22 32 10 85 30 29 9 96 55 61 8 42 43 86 5 56 22
54 81 47 90 43 7 16 61 6 59 13 8 58 78 19 18 56 79 39 75
94 1 62 51 99 14 17 76 16 27 53 22 30 58 67 27 71 56 68 87
23 51 22 66 29 11 62 69 51 69 70 72 31 41 78 57 62 20 69 24
14 65 73 58 73 52 77 97 47 2 80 23 44 51 12 59 71 85 32 83
60 24 22 63 14 5 62 45 26 41 52 45 51 74 57 33 78 94 70 21
13 22 46 43 79 50 51 38 44 81 77 90 17 70 26 21 13 94 49 41
22 98 81 77 54 48 6 36 83 8 17 75 94 38 28 98 73 80 70 22
57 93 13 93 46 43 49 3 66 24 79 42 85 24 57 96 40 58 54 40
23 99 38 8 33 11 45 30 78 82 51 92 3 52 74 79 4 63 60 33
97 72 31 29 87 99 88 26 60 35 77 57 59 17 8 91 29 60 28 73
11 57 83 98 28 86 97 45 22 72 99 1 54 93 30 91 83 79 39 33
53 67 37 98 78 70 52 85 41 76 12 44 36 95 31 89 63 26 71 41
3 60 59 17 27 77 57 33 66 91 13 21 42 35 36 92 90 19 68 5
18 2 98 56 53 39 45 11 64 18 35 52 96 22 84 30 67 4 95 47
66 48 21 19 11 21 20 83 3 45 20 96 69 54 82 36 18 58 72 69
75 72 65 53 99 27 78 97 17 83 6 24 80 31 49 28 40 67 21 1
51 93 8 4 45 82 21 67 78 95 6 69 26 3 35 31 98 55 46 80
81 75 50 98 8 42 24 76 48 29 91 76 33 34 83 25 94 79 17 9
90 45 27 12 64 81 32 28 56 69 66 61 2 43 69 79 84 53 85 88
17 41 29 65 77 72 6 15 20 14 73 59 61 20 1 45 96 39 92 91
6 96 1 53 29 92 54 90 36 5 88 87 47 73 69 43 81 13 79 16
79 20 2 23 94 58 91 12 91 92 25 81 6 87 50 80 73 34 57 65
71 31 19 72 16 93 73 88 95 17 16 94 95 29 9 30 54 12 7 4
97 94 22 7 45 61 47 9 81 93 37 50 48 51 52 29 38 28 81 85
76 45 42 75 30 68 58 99 98 55 58 33 44 70 99 48 36 57 73 6
# P_hat : m1 | m2 | m3 | m4 | m5 | m6 | m7 | m8 | m9 | m10 | m11 | m12 | m13 | m14 | m15 | m16 | m17 | m18 | m19 | m20
2.80 5.40 9.20 6.00 4.40 2.70 6.70 7.40 6.70 5.80 3.90 1.00 2.00 9.60 3.40 8.70 4.50 6.20 1.50 2.90
2.50 5.40 4.70 5.90 1.20 7.00 1.50 3.90 2.30 5.90 1.80 2.20 2.90 2.00 6.20 4.70 2.50 6.10 9.40 4.10
6.10 6.30 7.00 5.00 1.90 4.80 5.20 7.00 2.50 4.10 7.50 0.60 5.00 2.00 8.60 1.10 4.60 0.20 0.80 9.30
0.90 9.30 2.20 0.90 8.60 2.40 3.60 7.80 9.20 2.30 3.30 3.90 0.60 2.50 5.80 8.40 3.80 6.70 9.10 4.80
6.90 3.80 3.10 1.70 1.70 7.30 8.30 7.20 5.00 1.80 9.10 5.90 4.90 8.20 0.50 5.40 2.60 0.90 0.70 3.50
7.70 7.10 1.10 5.30 4.90 8.20 7.80 7.00 0.80 3.00 2.00 2.70 9.50 0.10 4.10 8.80 3.70 4.10 4.70 7.50
2.10 2.80 6.90 0.70 6.10 1.40 4.20 2.90 7.80 3.90 0.20 4.20 3.80 0.30 3.80 8.30 2.80 3.00 6.10 3.60
4.00 9.40 7.20 4.30 8.10 3.20 2.70 6.90 4.60 5.40 9.10 2.70 3.40 7.60 8.40 0.30 6.80 9.40 4.00 0.80
9.80 4.60 4.40 6.10 3.70 5.00 9.00 9.40 0.30 0.90 1.80 0.30 7.10 3.70 6.70 3.90 6.80 1.70 4.90 4.90
6.50 3.10 6.40 6.10 1.00 6.90 1.10 2.80 4.40 6.50 0.60 7.90 5.00 7.50 6.20 1.30 1.70 9.80 4.30 5.10
5.40 1.10 9.50 8.00 4.80 9.80 1.40 3.80 8.40 7.20 0.20 3.40 8.30 7.30 7.30 3.30 4.90 4.90 9.60 2.20
7.50 4.60 9.90 0.10 0.90 5.90 9.70 5.50 2.10 9.00 4.00 7.70 4.50 8.00 7.70 5.80 8.50 4.50 8.40 8.30
5.70 3.50 8.80 3.70 4.90 4.50 9.10 7.50 4.80 3.10 1.00 9.20 4.80 5.90 1.10 4.60 6.90 1.60 4.40 5.40
4.90 9.90 8.30 8.40 4.90 6.60 5.00 4.30 1.50 2.70 4.80 9.70 6.50 6.30 1.00 3.20 4.90 8.50 8.90 5.90
1.30 3.00 3.80 4.70 5.60 6.60 1.00 8.20 7.60 2.80 6.50 2.70 4.60 5.10 2.00 8.70 4.10 3.90 6.80 6.10
3.10 7.30 1.30 1.80 4.40 4.30 6.40 1.50 1.10 6.60 6.70 6.80 2.40 6.60 9.30 6.70 2.90 3.80 9.50 3.40
7.60 6.00 0.90 4.10 1.10 1.70 9.00 5.50 8.00 0.50 3.60 2.90 4.40 9.00 4.00 5.20 0.50 1.30 9.40 4.50
9.40 3.00 9.20 2.60 8.60 6.90 2.70 9.10 8.20 4.50 8.30 3.60 7.60 5.80 8.00 2.40 8.70 6.10 5.40 0.40
2.80 0.70 7.40 8.90 2.90 6.60 6.90 9.60 0.20 3.10 1.40 2.10 4.20 2.40 0.50 1.80 7.30 5.20 4.00 8.70
4.20 6.30 2.80 5.40 7.10 6.40 2.30 7.40 8.40 1.00 8.40 3.70 5.10 6.90 3.70 6.00 5.20 6.30 3.00 6.10
8.10 4.30 2.30 0.50 2.30 9.00 6.00 3.00 9.00 6.70 6.50 2.40 0.90 0.70 3.30 7.10 9.40 8.30 2.10 9.60
9.70 2.90 3.30 2.70 1.50 6.00 0.70 6.80 0.80 2.10 0.10 5.30 5.60 7.40 7.00 5.00 5.60 6.00 4.90 0.90
3.30 9.60 4.40 8.00 6.20 3.10 9.50 1.40 6.10 2.50 7.70 2.60 1.70 4.80 3.20 6.80 9.40 4.60 0.30 9.90
0.50 2.50 7.70 4.20 7.30 3.60 5.60 3.60 5.30 1.40 3.50 4.50 3.90 6.10 1.50 4.20 4.40 5.60 1.70 3.90
8.80 7.30 6.20 4.60 8.40 2.50 8.90 7.40 8.40 0.90 4.20 9.90 7.90 3.30 2.80 4.10 5.50 7.00 7.20 8.30
2.90 1.90 5.90 9.30 9.30 8.90 1.40 8.30 0.20 0.40 9.90 0.80 2.70 6.60 9.90 5.00 4.10 5.50 8.40 1.40
9.90 6.50 5.30 1.30 3.80 0.50 7.80 4.30 8.60 0.80 8.20 5.30 3.90 2.50 5.00 3.10 2.10 7.50 9.80 3.70
7.70 9.80 1.30 5.30 6.00 3.20 4.80 7.80 9.10 1.90 2.60 3.30 6.20 3.10 8.60 6.90 0.30 4.20 2.30 8.60
5.10 9.30 7.50 3.30 3.50 4.80 1.10 4.80 6.70 6.40 3.90 2.40 5.70 0.10 8.20 1.00 9.00 6.20 4.20 4.90
3.90 5.20 6.70 8.80 8.30 4.70 1.60 7.20 8.60 3.50 1.80 7.70 5.60 7.30 8.50 4.20 3.20 8.50 1.60 8.40
5.40 6.20 9.70 4.00 5.60 7.30 6.10 6.40 9.20 5.30 7.40 7.80 1.30 8.90 2.80 2.90 7.60 5.10 8.00 2.10
9.00 8.40 2.50 8.90 6.10 0.80 7.60 8.30 9.50 8.10 7.50 9.60 3.20 8.30 6.80 9.60 2.00 1.60 3.00 7.80
3.00 2.70 3.60 8.90 8.50 5.10 3.50 6.10 2.90 9.30 4.60 7.10 8.80 8.70 8.50 2.70 2.80 3.10 1.20 9.30
5.40 1.50 8.50 7.30 4.00 2.40 3.20 3.10 2.40 2.20 8.80 7.80 1.80 1.60 9.80 4.30 3.20 4.40 6.50 0.50
7.60 1.70 9.60 0.90 7.70 5.10 6.30 1.60 7.90 2.60 6.30 0.40 5.20 5.60 1.80 3.10 0.50 5.80 2.40 1.40
6.50 8.60 7.70 8.80 6.70 6.80 3.30 0.60 3.00 2.00 2.50 0.80 7.30 2.90 5.10 6.10 5.70 9.20 0.70 2.30
1.00 1.80 3.40 9.40 5.80 9.70 3.40 7.20 9.70 6.10 7.60 1.10 1.00 2.20 7.40 4.50 3.00 2.30 4.00 7.30
7.00 8.30 2.40 6.90 4.10 4.90 0.40 2.50 0.90 0.20 8.50 6.50 6.30 7.10 7.90 2.60 7.00 6.60 7.00 7.60
7.80 6.90 8.20 7.20 9.90 3.20 9.70 8.50 3.20 9.70 5.60 6.80 0.10 9.20 9.70 0.70 9.50 8.80 9.30 7.90
2.90 3.30 3.90 8.30 9.60 8.80 3.40 8.90 3.50 0.20 2.40 5.30 5.80 1.10 1.90 2.80 7.50 8.80 4.90 2.20
5.90 0.80 3.60 6.00 0.30 5.90 5.80 6.80 3.50 4.70 5.00 0.60 6.60 2.90 9.20 6.30 3.90 9.60 8.90 9.40
1.60 2.70 1.30 4.30 3.60 9.60 5.90 8.30 4.00 2.30 4.30 3.60 2.50 2.60 8.70 2.30 2.60 5.30 1.70 6.80
1.30 4.30 0.60 8.70 3.30 4.50 5.10 1.40 8.20 2.70 6.80 7.30 1.40 8.20 6.90 3.30 9.20 0.10 9.50 3.90
2.90 9.20 0.80 5.30 0.80 4.90 0.70 5.50 1.70 2.10 4.20 2.70 3.10 0.40 4.20 9.30 1.00 5.60 3.30 5.00
6.40 3.30 2.60 1.00 4.00 7.30 5.40 9.70 9.60 3.60 4.90 7.20 0.30 3.80 0.30 6.70 3.20 3.70 6.80 3.10
6.90 2.60 0.20 7.90 4.30 9.10 0.80 0.30 3.60 6.20 9.30 0.90 8.50 6.40 1.20 8.90 5.30 8.20 9.70 3.00
0.40 6.80 5.20 5.90 1.60 0.40 4.20 1.60 6.00 2.90 7.80 1.80 2.00 9.00 8.10 7.50 6.20 2.40 7.30 3.80
0.10 4.40 4.10 7.10 7.50 7.90 9.40 8.90 8.80 1.70 4.30 2.60 8.90 5.40 9.70 5.00 3.50 4.40 0.80 4.30
9.50 7.80 2.00 6.50 1.50 3.50 2.60 1.40 1.20 0.30 3.60 1.60 1.50 0.60 2.60 6.50 4.50 1.50 6.80 4.00
1.60 3.70 5.30 2.50 8.10 3.70 6.90 0.10 7.60 7.00 5.10 6.40 5.00 8.50 7.70 0.90 2.70 1.60 5.40 5.60
3.00 8.10 4.50 3.60 4.30 4.20 3.50 0.60 9.40 1.40 4.50 3.70 4.40 5.80 6.90 5.60 8.80 1.50 9.50 3.10
4.00 7.40 7.00 8.80 8.80 9.50 1.90 9.60 7.80 4.40 7.20 5.30 0.30 0.70 6.70 1.20 3.50 8.10 0.60 2.30
9.20 7.50 5.10 3.70 2.30 8.40 9.40 0.80 2.20 7.30 7.40 8.70 1.20 9.40 0.40 3.60 5.30 5.60 0.10 8.50
7.70 0.70 8.30 0.70 0.10 5.30 2.60 1.30 7.40 8.90 3.60 6.80 7.30 0.50 6.80 1.90 1.30 3.50 4.30 9.40
6.70 2.30 5.40 1.10 0.40 2.70 9.30 3.20 0.20 7.10 3.50 6.40 6.10 0.60 5.10 5.00 0.70 2.70 1.90 5.50
9.30 2.40 6.20 6.10 1.00 6.10 8.80 6.40 9.90 2.10 4.10 4.70 3.40 0.50 4.90 6.00 7.40 4.30 4.80 9.40
8.00 2.10 6.80 6.60 0.20 7.90 8.10 6.70 7.40 9.00 3.60 7.20 5.20 7.10 1.80 6.90 0.50 6.50 3.80 7.80
8.80 7.30 4.30 1.50 3.90 1.50 0.20 2.00 5.10 2.80 0.30 8.50 3.70 9.40 2.40 3.20 7.70 1.80 1.70 8.10
4.80 2.70 2.80 4.70 9.70 6.40 7.80 3.70 7.70 3.60 1.30 8.90 6.10 5.90 4.90 1.70 9.10 9.10 5.00 3.40
0.70 9.10 2.80 0.80 1.10 6.30 3.10 6.30 6.10 1.30 2.40 9.40 2.70 5.10 7.30 6.40 7.70 0.50 9.70 7.70
9.60 0.80 6.20 5.00 2.80 8.30 6.00 6.30 5.30 8.50 3.40 3.10 2.80 0.60 7.90 6.40 5.30 7.20 7.60 7.70
3.30 4.70 5.60 4.70 2.70 4.50 4.40 9.40 2.90 8.20 3.40 8.60 2.40 7.90 8.10 4.00 7.40 2.50 4.10 5.60
0.80 6.50 7.90 0.40 1.90 1.40 5.10 9.70 9.70 5.70 2.20 0.10 3.50 3.00 9.20 3.10 6.80 0.30 9.80 4.70
4.00 3.60 1.50 7.40 0.60 7.10 9.90 7.40 2.80 0.10 1.70 4.00 2.60 6.10 5.70 5.90 3.90 1.50 9.40 0.30
0.40 8.70 5.30 0.40 5.00 8.90 7.00 2.30 8.40 7.20 1.40 2.10 3.20 8.30 3.90 8.20 9.50 6.20 7.70 6.50
5.50 0.50 7.00 1.10 0.30 5.60 0.30 3.40 8.70 0.70 1.70 1.00 4.80 8.90 1.50 0.60 3.20 3.50 0.90 1.70
4.30 9.10 9.00 6.90 6.10 5.50 4.40 0.80 3.10 2.50 6.00 7.20 1.60 9.60 5.60 2.60 5.70 0.70 8.10 2.10
7.30 1.70 8.60 5.20 5.20 0.60 3.00 6.40 0.20 9.70 4.40 2.10 3.00 5.40 3.60 4.30 4.80 4.30 5.30 8.10
9.00 8.20 2.30 1.70 9.10 7.40 7.50 9.90 1.90 9.00 9.90 9.70 0.30 8.50 3.10 3.40 4.30 5.70 7.50 7.20
6.80 2.60 9.40 6.10 5.30 0.40 3.50 7.80 3.30 5.10 6.40 9.60 6.90 8.80 6.00 4.80 0.90 3.90 4.00 3.00
7.90 8.90 0.20 2.90 0.50 9.00 0.10 1.10 2.60 2.80 5.50 1.50 4.20 4.60 8.90 6.80 6.60 0.80 4.80 4.40
5.00 7.30 7.30 3.90 6.40 7.30 9.90 9.00 2.20 8.30 6.70 6.60 1.40 8.00 6.40 7.40 1.50 3.10 3.00 1.30
6.20 9.00 1.30 6.70 6.90 3.40 5.70 6.10 2.80 9.10 7.80 5.10 5.60 1.90 3.60 8.60 6.40 4.20 4.90 9.00
4.70 1.00 5.90 2.80 9.90 1.60 1.80 3.80 2.50 8.00 1.20 1.00 4.50 6.70 7.20 5.10 4.50 0.60 6.60 7.70
2.20 6.30 3.00 2.20 3.20 1.00 8.50 3.00 2.90 0.90 9.60 5.50 6.10 0.80 4.20 4.30 8.60 0.50 5.60 2.20
5.40 8.10 4.70 9.00 4.30 0.70 1.60 6.10 0.60 5.90 1.30 0.80 5.80 7.80 1.90 1.80 5.60 7.90 3.90 7.50
9.40 0.10 6.20 5.10 9.90 1.40 1.70 7.60 1.60 2.70 5.30 2.20 3.00 5.80 6.70 2.70 7.10 5.60 6.80 8.70
2.30 5.10 2.20 6.60 2.90 1.10 6.20 6.90 5.10 6.90 7.00 7.20 3.10 4.10 7.80 5.70 6.20 2.00 6.90 2.40
1.40 6.50 7.30 5.80 7.30 5.20 7.70 9.70 4.70 0.20 8.00 2.30 4.40 5.10 1.20 5.90 7.10 8.50 3.20 8.30
6.00 2.40 2.20 6.30 1.40 0.50 6.20 4.50 2.60 4.10 5.20 4.50 5.10 7.40 5.70 3.30 7.80 9.40 7.00 2.10
1.30 2.20 4.60 4.30 7.90 5.00 5.10 3.80 4.40 8.10 7.70 9.00 1.70 7.00 2.60 2.10 1.30 9.40 4.90 4.10
2.20 9.80 8.10 7.70 5.40 4.80 0.60 3.60 8.30 0.80 1.70 7.50 9.40 3.80 2.80 9.80 7.30 8.00 7.00 2.20
5.70 9.30 1.30 9.30 4.60 4.30 4.90 0.30 6.60 2.40 7.90 4.20 8.50 2.40 5.70 9.60 4.00 5.80 5.40 4.00
2.30 9.90 3.80 0.80 3.30 1.10 4.50 3.00 7.80 8.20 5.10 9.20 0.30 5.20 7.40 7.90 0.40 6.30 6.00 3.30
9.70 7.20 3.10 2.90 8.70 9.90 8.80 2.60 6.00 3.50 7.70 5.70 5.90 1.70 0.80 9.10 2.90 6.00 2.80 7.30
1.10 5.70 8.30 9.80 2.80 8.60 9.70 4.50 2.20 7.20 9.90 0.10 5.40 9.30 3.00 9.10 8.30 7.90 3.90 3.30
5.30 6.70 3.70 9.80 7.80 7.00 5.20 8.50 4.10 7.60 1.20 4.40 3.60 9.50 3.10 8.90 6.30 2.60 7.10 4.10
0.30 6.00 5.90 1.70 2.70 7.70 5.70 3.30 6.60 9.10 1.30 2.10 4.20 3.50 3.60 9.20 9.00 1.90 6.80 0.50
1.80 0.20 9.80 5.60 5.30 3.90 4.50 1.10 6.40 1.80 3.50 5.20 9.60 2.20 8.40 3.00 6.70 0.40 9.50 4.70
6.60 4.80 2.10 1.90 1.10 2.10 2.00 8.30 0.30 4.50 2.00 9.60 6.90 5.40 8.20 3.60 1.80 5.80 7.20 6.90
7.50 7.20 6.50 5.30 9.90 2.70 7.80 9.70 1.70 8.30 0.60 2.40 8.00 3.10 4.90 2.80 4.00 6.70 2.10 0.10
5.10 9.30 0.80 0.40 4.50 8.20 2.10 6.70 7.80 9.50 0.60 6.90 2.60 0.30 3.50 3.10 9.80 5.50 4.60 8.00
8.10 7.50 5.00 9.80 0.80 4.20 2.40 7.60 4.80 2.90 9.10 7.60 3.30 3.40 8.30 2.50 9.40 7.90 1.70 0.90
9.00 4.50 2.70 1.20 6.40 8.10 3.20 2.80 5.60 6.90 6.60 6.10 0.20 4.30 6.90 7.90 8.40 5.30 8.50 8.80
1.70 4.10 2.90 6.50 7.70 7.20 0.60 1.50 2.00 1.40 7.30 5.90 6.10 2.00 0.10 4.50 9.60 3.90 9.20 9.10
0.60 9.60 0.10 5.30 2.90 9.20 5.40 9.00 3.60 0.50 8.80 8.70 4.70 7.30 6.90 4.30 8.10 1.30 7.90 1.60
7.90 2.00 0.20 2.30 9.40 5.80 9.10 1.20 9.10 9.20 2.50 8.10 0.60 8.70 5.00 8.00 7.30 3.40 5.70 6.50
7.10 3.10 1.90 7.20 1.60 9.30 7.30 8.80 9.50 1.70 1.60 9.40 9.50 2.90 0.90 3.00 5.40 1.20 0.70 0.40
9.70 9.40 2.20 0.70 4.50 6.10 4.70 0.90 8.10 9.30 3.70 5.00 4.80 5.10 5.20 2.90 3.80 2.80 8.10 8.50
7.60 4.50 4.20 7.50 3.00 6.80 5.80 9.90 9.80 5.50 5.80 3.30 4.40 7.00 9.90 4.80 3.60 5.70 7.30 0.60
