# nJobs | nMachines
200 10
# Job Weights
68
48
80
38
39
13
99
47
24
37
13
43
68
59
7
52
4
70
59
15
35
34
63
57
85
41
38
70
34
67
30
35
10
64
51
71
27
9
56
82
89
36
67
48
32
25
12
65
31
5
76
36
42
6
81
69
30
35
34
22
25
94
55
26
69
32
52
28
100
30
16
40
61
42
25
19
21
16
4
16
68
88
79
71
23
35
26
93
48
56
12
27
92
98
17
64
94
78
57
91
79
4
38
8
82
73
63
95
94
85
9
41
16
39
10
67
27
68
1
12
43
29
22
6
19
48
45
23
17
11
11
63
80
30
37
68
9
23
88
65
53
30
80
15
18
39
23
2
44
3
48
13
36
56
31
18
15
63
43
1
28
98
76
93
33
45
71
63
45
73
89
7
63
76
10
92
40
65
79
24
88
24
23
98
1
100
92
88
34
45
19
55
41
79
85
80
31
85
87
65
# P_bar : m1 | m2 | m3 | m4 | m5 | m6 | m7 | m8 | m9 | m10
88 84 41 11 16 75 54 32 86 47
93 24 8 99 26 12 62 46 82 73
78 99 16 9 28 94 18 16 57 94
54 98 10 98 66 99 82 31 24 48
48 24 99 77 62 63 86 49 65 78
89 57 83 31 24 12 48 45 19 95
7 71 84 62 12 55 99 80 89 53
46 38 96 3 41 99 54 53 35 12
22 14 8 14 26 30 33 59 47 31
64 41 7 90 74 24 55 7 22 67
33 45 47 5 84 58 47 57 27 9
76 28 62 79 24 34 2 80 67 15
49 11 17 42 27 40 9 36 24 36
60 81 26 8 51 22 39 68 67 48
98 7 84 36 98 74 20 95 15 41
69 68 36 78 87 18 57 28 69 35
66 24 49 80 12 37 84 68 86 19
25 88 42 28 1 46 27 26 77 47
93 28 78 59 73 78 99 57 9 54
38 7 41 91 99 32 50 28 78 30
1 29 61 35 81 55 95 25 45 81
94 31 35 11 44 32 79 96 84 42
40 38 45 32 10 8 2 78 29 75
69 56 65 98 75 52 16 90 74 71
22 26 38 49 41 45 17 75 75 84
43 17 37 24 32 60 76 45 48 32
69 25 49 93 71 83 47 30 50 80
69 24 35 38 46 89 12 39 1 21
27 53 28 2 18 92 8 52 50 72
68 40 99 54 84 31 15 66 63 13
23 97 94 63 43 53 27 83 87 68
50 89 44 73 93 96 96 33 8 6
97 87 9 49 63 47 76 93 42 27
37 12 18 25 17 73 48 93 84 54
27 97 33 93 52 94 42 40 35 48
51 22 32 10 23 5 56 10 63 51
71 24 3 59 83 83 15 2 8 7
83 7 96 43 68 40 42 53 91 26
30 13 50 2 99 78 16 11 55 37
73 61 66 77 33 2 12 29 36 20
10 36 50 71 65 14 67 46 95 17
50 58 76 23 82 54 16 79 4 58
69 74 46 73 10 62 60 3 9 73
29 53 42 86 90 11 83 2 56 51
55 31 91 82 82 2 75 65 38 88
5 31 72 48 82 26 65 74 62 34
38 4 1 41 41 66 52 52 91 19
99 83 46 1 62 48 36 24 42 96
37 48 5 75 45 39 87 99 11 19
29 78 89 95 81 39 6 66 10 55
45 76 39 69 67 4 35 15 7 61
4 34 46 35 17 19 15 68 32 59
82 28 21 91 50 15 21 92 21 1
83 26 9 83 71 46 77 10 97 8
21 12 20 11 78 85 26 38 83 31
31 60 40 82 93 95 51 21 74 49
27 51 88 18 4 75 2 79 38 17
43 69 94 90 67 36 42 78 47 30
7 88 93 41 21 81 45 93 58 5
64 82 33 3 58 6 2 81 97 14
39 86 95 12 49 7 94 1 38 37
96 68 49 9 10 92 1 26 26 82
16 51 57 61 51 30 30 97 38 23
92 6 30 58 66 59 97 9 51 54
62 79 66 20 4 57 55 98 16 59
75 23 45 73 40 33 98 9 32 93
18 67 30 50 32 76 5 27 94 43
21 71 63 74 2 67 2 28 6 21
62 6 68 17 2 13 67 11 58 32
4 38 36 35 94 25 94 49 93 39
50 17 90 11 2 89 25 92 5 20
1 36 81 90 47 63 11 55 11 19
96 14 10 96 9 83 3 54 11 33
83 49 53 93 13 25 83 79 39 10
53 80 82 32 19 50 76 50 30 75
65 54 54 10 22 30 27 33 91 98
4 63 94 73 89 59 13 27 6 27
48 64 25 19 41 23 49 22 84 21
42 47 61 59 39 19 28 46 34 87
62 31 13 11 96 92 28 41 96 44
92 88 27 42 87 65 58 59 23 68
22 45 85 8 81 94 24 53 17 66
82 82 58 57 60 8 12 47 83 79
87 86 14 98 33 9 32 65 43 88
21 7 27 6 30 67 19 44 2 20
79 84 68 17 86 85 45 77 50 91
5 62 49 91 85 89 42 14 12 13
19 58 96 98 91 22 50 93 1 16
2 89 29 14 25 39 31 64 13 6
95 97 28 17 31 21 27 67 73 46
18 80 20 4 56 39 75 39 90 33
4 54 67 19 22 56 81 55 61 74
5 54 12 46 75 41 42 57 60 96
79 93 9 40 28 80 54 15 55 3
7 23 12 86 44 27 52 32 68 71
95 77 53 77 6 32 70 70 48 81
82 97 92 5 65 47 1 71 73 74
33 55 50 48 2 51 87 31 78 28
23 2 48 82 14 58 54 95 53 27
7 31 12 3 5 1 63 94 23 88
45 52 39 61 91 45 59 39 48 36
43 1 29 6 54 2 19 79 76 86
49 76 21 34 37 68 71 31 25 6
35 89 35 13 26 84 74 45 97 40
43 69 70 78 4 91 95 73 84 22
84 98 7 76 22 46 31 28 15 83
41 68 33 33 66 34 2 46 51 90
50 51 15 98 24 92 76 40 6 10
62 54 43 87 52 3 26 51 60 7
5 33 84 45 46 91 98 14 61 44
8 73 43 66 60 66 22 38 91 7
43 46 11 21 69 62 30 88 14 66
34 94 70 34 87 85 57 93 72 46
25 66 71 77 27 9 91 1 73 3
31 60 4 59 36 64 6 24 2 99
82 37 48 54 39 45 63 44 55 56
66 40 58 90 71 63 91 24 44 62
48 82 78 41 18 64 19 29 37 48
82 29 71 92 21 25 28 95 57 93
40 37 37 48 68 62 39 90 45 70
59 80 79 57 56 76 54 22 94 25
45 27 25 78 72 78 51 5 69 21
98 71 28 28 98 6 79 71 69 53
56 98 83 59 96 92 27 69 2 47
37 47 26 96 23 77 31 40 83 64
36 41 6 42 9 87 21 22 26 54
85 7 39 63 32 65 76 48 33 33
94 79 30 38 4 6 90 4 65 75
10 68 15 72 56 95 87 44 75 28
45 45 9 52 14 53 75 97 59 96
50 59 23 9 14 25 39 36 23 67
23 80 30 8 22 71 97 17 41 27
95 63 53 16 79 39 33 17 79 25
71 10 63 56 10 3 8 81 34 8
12 78 2 75 41 17 42 12 48 31
21 8 37 56 96 77 38 34 73 59
24 31 39 88 38 38 84 71 68 17
85 35 45 32 6 22 23 27 61 57
26 1 54 62 55 84 78 88 82 96
29 64 52 82 89 65 83 17 55 42
61 1 40 82 50 78 3 92 16 42
55 18 18 85 96 26 57 22 92 29
15 5 64 38 44 5 32 13 29 69
81 66 98 37 8 88 69 10 73 39
23 86 14 29 7 83 67 64 13 82
70 18 31 26 82 15 9 61 95 76
31 34 12 37 4 1 38 25 1 12
52 55 83 57 25 27 78 17 52 58
62 18 58 90 7 62 80 22 55 72
31 74 28 65 37 94 6 86 66 97
70 98 25 36 8 39 91 10 67 88
30 90 78 1 8 46 94 43 45 23
72 1 25 89 17 62 43 58 24 22
73 80 90 43 53 14 98 72 6 60
13 34 99 67 20 26 78 52 61 29
12 89 26 50 37 45 48 71 25 85
69 22 70 71 69 1 79 33 7 90
12 2 31 87 77 26 75 26 12 1
20 88 47 23 31 76 15 90 20 73
73 66 63 69 79 33 13 56 24 8
73 91 53 83 19 39 33 29 82 56
38 14 4 84 72 92 25 50 39 95
84 86 64 32 80 36 5 81 34 98
39 6 19 27 37 68 89 61 33 55
10 95 10 10 96 90 67 43 82 24
69 61 69 83 19 75 33 2 30 84
98 59 74 39 1 4 11 81 36 49
39 48 57 59 96 2 7 55 4 99
66 36 37 17 89 32 65 50 82 75
67 5 55 17 46 29 89 53 62 68
82 75 21 42 76 39 91 51 69 56
29 21 83 63 5 51 63 31 25 54
82 55 22 7 66 40 28 12 95 40
42 44 72 50 25 20 95 21 51 1
83 67 66 33 15 22 16 55 99 99
21 87 37 7 41 21 21 56 91 69
92 82 81 52 23 63 25 34 63 61
34 62 27 16 29 46 4 35 25 26
49 7 57 85 66 92 2 50 73 3
59 71 22 62 16 72 64 1 35 55
63 4 25 72 4 54 44 50 27 7
3 92 87 5 27 51 53 50 62 97
20 38 21 53 3 89 4 52 29 25
11 79 13 33 56 13 90 45 98 60
15 15 74 81 75 90 53 25 3 83
90 56 26 38 48 62 93 26 12 63
61 22 41 48 49 13 50 83 12 44
80 38 84 70 73 86 68 72 98 59
90 85 9 62 2 76 92 44 33 93
81 42 8 22 26 2 93 95 50 9
19 72 19 94 82 8 47 70 75 86
24 75 64 94 19 80 37 11 17 81
36 90 9 33 62 70 38 85 79 57
88 62 75 85 93 82 92 78 40 49
70 19 30 41 34 13 20 24 44 27
76 49 3 93 71 42 79 83 40 29
16 18 90 12 45 91 9 69 41 20
97 21 4 2 37 87 47 42 55 13
59 41 71 40 73 31 71 5 33 91
12 21 91 90 36 12 39 82 80 72
# P_hat : m1 | m2 | m3 | m4 | m5 | m6 | m7 | m8 | m9 | m10
17.60 16.80 8.20 2.20 3.20 15.00 10.80 6.40 17.20 9.40
18.60 4.80 1.60 19.80 5.20 2.40 12.40 9.20 16.40 14.60
15.60 19.80 3.20 1.80 5.60 18.80 3.60 3.20 11.40 18.80
10.80 19.60 2.00 19.60 13.20 19.80 16.40 6.20 4.80 9.60
9.60 4.80 19.80 15.40 12.40 12.60 17.20 9.80 13.00 15.60
17.80 11.40 16.60 6.20 4.80 2.40 9.60 9.00 3.80 19.00
1.40 14.20 16.80 12.40 2.40 11.00 19.80 16.00 17.80 10.60
9.20 7.60 19.20 0.60 8.20 19.80 10.80 10.60 7.00 2.40
4.40 2.80 1.60 2.80 5.20 6.00 6.60 11.80 9.40 6.20
12.80 8.20 1.40 18.00 14.80 4.80 11.00 1.40 4.40 13.40
6.60 9.00 9.40 1.00 16.80 11.60 9.40 11.40 5.40 1.80
15.20 5.60 12.40 15.80 4.80 6.80 0.40 16.00 13.40 3.00
9.80 2.20 3.40 8.40 5.40 8.00 1.80 7.20 4.80 7.20
12.00 16.20 5.20 1.60 10.20 4.40 7.80 13.60 13.40 9.60
19.60 1.40 16.80 7.20 19.60 14.80 4.00 19.00 3.00 8.20
13.80 13.60 7.20 15.60 17.40 3.60 11.40 5.60 13.80 7.00
13.20 4.80 9.80 16.00 2.40 7.40 16.80 13.60 17.20 3.80
5.00 17.60 8.40 5.60 0.20 9.20 5.40 5.20 15.40 9.40
18.60 5.60 15.60 11.80 14.60 15.60 19.80 11.40 1.80 10.80
7.60 1.40 8.20 18.20 19.80 6.40 10.00 5.60 15.60 6.00
0.20 5.80 12.20 7.00 16.20 11.00 19.00 5.00 9.00 16.20
18.80 6.20 7.00 2.20 8.80 6.40 15.80 19.20 16.80 8.40
8.00 7.60 9.00 6.40 2.00 1.60 0.40 15.60 5.80 15.00
13.80 11.20 13.00 19.60 15.00 10.40 3.20 18.00 14.80 14.20
4.40 5.20 7.60 9.80 8.20 9.00 3.40 15.00 15.00 16.80
8.60 3.40 7.40 4.80 6.40 12.00 15.20 9.00 9.60 6.40
13.80 5.00 9.80 18.60 14.20 16.60 9.40 6.00 10.00 16.00
13.80 4.80 7.00 7.60 9.20 17.80 2.40 7.80 0.20 4.20
5.40 10.60 5.60 0.40 3.60 18.40 1.60 10.40 10.00 14.40
13.60 8.00 19.80 10.80 16.80 6.20 3.00 13.20 12.60 2.60
4.60 19.40 18.80 12.60 8.60 10.60 5.40 16.60 17.40 13.60
10.00 17.80 8.80 14.60 18.60 19.20 19.20 6.60 1.60 1.20
19.40 17.40 1.80 9.80 12.60 9.40 15.20 18.60 8.40 5.40
7.40 2.40 3.60 5.00 3.40 14.60 9.60 18.60 16.80 10.80
5.40 19.40 6.60 18.60 10.40 18.80 8.40 8.00 7.00 9.60
10.20 4.40 6.40 2.00 4.60 1.00 11.20 2.00 12.60 10.20
14.20 4.80 0.60 11.80 16.60 16.60 3.00 0.40 1.60 1.40
16.60 1.40 19.20 8.60 13.60 8.00 8.40 10.60 18.20 5.20
6.00 2.60 10.00 0.40 19.80 15.60 3.20 2.20 11.00 7.40
14.60 12.20 13.20 15.40 6.60 0.40 2.40 5.80 7.20 4.00
2.00 7.20 10.00 14.20 13.00 2.80 13.40 9.20 19.00 3.40
10.00 11.60 15.20 4.60 16.40 10.80 3.20 15.80 0.80 11.60
13.80 14.80 9.20 14.60 2.00 12.40 12.00 0.60 1.80 14.60
5.80 10.60 8.40 17.20 18.00 2.20 16.60 0.40 11.20 10.20
11.00 6.20 18.20 16.40 16.40 0.40 15.00 13.00 7.60 17.60
1.00 6.20 14.40 9.60 16.40 5.20 13.00 14.80 12.40 6.80
7.60 0.80 0.20 8.20 8.20 13.20 10.40 10.40 18.20 3.80
19.80 16.60 9.20 0.20 12.40 9.60 7.20 4.80 8.40 19.20
7.40 9.60 1.00 15.00 9.00 7.80 17.40 19.80 2.20 3.80
5.80 15.60 17.80 19.00 16.20 7.80 1.20 13.20 2.00 11.00
9.00 15.20 7.80 13.80 13.40 0.80 7.00 3.00 1.40 12.20
0.80 6.80 9.20 7.00 3.40 3.80 3.00 13.60 6.40 11.80
16.40 5.60 4.20 18.20 10.00 3.00 4.20 18.40 4.20 0.20
16.60 5.20 1.80 16.60 14.20 9.20 15.40 2.00 19.40 1.60
4.20 2.40 4.00 2.20 15.60 17.00 5.20 7.60 16.60 6.20
6.20 12.00 8.00 16.40 18.60 19.00 10.20 4.20 14.80 9.80
5.40 10.20 17.60 3.60 0.80 15.00 0.40 15.80 7.60 3.40
8.60 13.80 18.80 18.00 13.40 7.20 8.40 15.60 9.40 6.00
1.40 17.60 18.60 8.20 4.20 16.20 9.00 18.60 11.60 1.00
12.80 16.40 6.60 0.60 11.60 1.20 0.40 16.20 19.40 2.80
7.80 17.20 19.00 2.40 9.80 1.40 18.80 0.20 7.60 7.40
19.20 13.60 9.80 1.80 2.00 18.40 0.20 5.20 5.20 16.40
3.20 10.20 11.40 12.20 10.20 6.00 6.00 19.40 7.60 4.60
18.40 1.20 6.00 11.60 13.20 11.80 19.40 1.80 10.20 10.80
12.40 15.80 13.20 4.00 0.80 11.40 11.00 19.60 3.20 11.80
15.00 4.60 9.00 14.60 8.00 6.60 19.60 1.80 6.40 18.60
3.60 13.40 6.00 10.00 6.40 15.20 1.00 5.40 18.80 8.60
4.20 14.20 12.60 14.80 0.40 13.40 0.40 5.60 1.20 4.20
12.40 1.20 13.60 3.40 0.40 2.60 13.40 2.20 11.60 6.40
0.80 7.60 7.20 7.00 18.80 5.00 18.80 9.80 18.60 7.80
10.00 3.40 18.00 2.20 0.40 17.80 5.00 18.40 1.00 4.00
0.20 7.20 16.20 18.00 9.40 12.60 2.20 11.00 2.20 3.80
19.20 2.80 2.00 19.20 1.80 16.60 0.60 10.80 2.20 6.60
16.60 9.80 10.60 18.60 2.60 5.00 16.60 15.80 7.80 2.00
10.60 16.00 16.40 6.40 3.80 10.00 15.20 10.00 6.00 15.00
13.00 10.80 10.80 2.00 4.40 6.00 5.40 6.60 18.20 19.60
0.80 12.60 18.80 14.60 17.80 11.80 2.60 5.40 1.20 5.40
9.60 12.80 5.00 3.80 8.20 4.60 9.80 4.40 16.80 4.20
8.40 9.40 12.20 11.80 7.80 3.80 5.60 9.20 6.80 17.40
12.40 6.20 2.60 2.20 19.20 18.40 5.60 8.20 19.20 8.80
18.40 17.60 5.40 8.40 17.40 13.00 11.60 11.80 4.60 13.60
4.40 9.00 17.00 1.60 16.20 18.80 4.80 10.60 3.40 13.20
16.40 16.40 11.60 11.40 12.00 1.60 2.40 9.40 16.60 15.80
17.40 17.20 2.80 19.60 6.60 1.80 6.40 13.00 8.60 17.60
4.20 1.40 5.40 1.20 6.00 13.40 3.80 8.80 0.40 4.00
15.80 16.80 13.60 3.40 17.20 17.00 9.00 15.40 10.00 18.20
1.00 12.40 9.80 18.20 17.00 17.80 8.40 2.80 2.40 2.60
3.80 11.60 19.20 19.60 18.20 4.40 10.00 18.60 0.20 3.20
0.40 17.80 5.80 2.80 5.00 7.80 6.20 12.80 2.60 1.20
19.00 19.40 5.60 3.40 6.20 4.20 5.40 13.40 14.60 9.20
3.60 16.00 4.00 0.80 11.20 7.80 15.00 7.80 18.00 6.60
0.80 10.80 13.40 3.80 4.40 11.20 16.20 11.00 12.20 14.80
1.00 10.80 2.40 9.20 15.00 8.20 8.40 11.40 12.00 19.20
15.80 18.60 1.80 8.00 5.60 16.00 10.80 3.00 11.00 0.60
1.40 4.60 2.40 17.20 8.80 5.40 10.40 6.40 13.60 14.20
19.00 15.40 10.60 15.40 1.20 6.40 14.00 14.00 9.60 16.20
16.40 19.40 18.40 1.00 13.00 9.40 0.20 14.20 14.60 14.80
6.60 11.00 10.00 9.60 0.40 10.20 17.40 6.20 15.60 5.60
4.60 0.40 9.60 16.40 2.80 11.60 10.80 19.00 10.60 5.40
1.40 6.20 2.40 0.60 1.00 0.20 12.60 18.80 4.60 17.60
9.00 10.40 7.80 12.20 18.20 9.00 11.80 7.80 9.60 7.20
8.60 0.20 5.80 1.20 10.80 0.40 3.80 15.80 15.20 17.20
9.80 15.20 4.20 6.80 7.40 13.60 14.20 6.20 5.00 1.20
7.00 17.80 7.00 2.60 5.20 16.80 14.80 9.00 19.40 8.00
8.60 13.80 14.00 15.60 0.80 18.20 19.00 14.60 16.80 4.40
16.80 19.60 1.40 15.20 4.40 9.20 6.20 5.60 3.00 16.60
8.20 13.60 6.60 6.60 13.20 6.80 0.40 9.20 10.20 18.00
10.00 10.20 3.00 19.60 4.80 18.40 15.20 8.00 1.20 2.00
12.40 10.80 8.60 17.40 10.40 0.60 5.20 10.20 12.00 1.40
1.00 6.60 16.80 9.00 9.20 18.20 19.60 2.80 12.20 8.80
1.60 14.60 8.60 13.20 12.00 13.20 4.40 7.60 18.20 1.40
8.60 9.20 2.20 4.20 13.80 12.40 6.00 17.60 2.80 13.20
6.80 18.80 14.00 6.80 17.40 17.00 11.40 18.60 14.40 9.20
5.00 13.20 14.20 15.40 5.40 1.80 18.20 0.20 14.60 0.60
6.20 12.00 0.80 11.80 7.20 12.80 1.20 4.80 0.40 19.80
16.40 7.40 9.60 10.80 7.80 9.00 12.60 8.80 11.00 11.20
13.20 8.00 11.60 18.00 14.20 12.60 18.20 4.80 8.80 12.40
9.60 16.40 15.60 8.20 3.60 12.80 3.80 5.80 7.40 9.60
16.40 5.80 14.20 18.40 4.20 5.00 5.60 19.00 11.40 18.60
8.00 7.40 7.40 9.60 13.60 12.40 7.80 18.00 9.00 14.00
11.80 16.00 15.80 11.40 11.20 15.20 10.80 4.40 18.80 5.00
9.00 5.40 5.00 15.60 14.40 15.60 10.20 1.00 13.80 4.20
19.60 14.20 5.60 5.60 19.60 1.20 15.80 14.20 13.80 10.60
11.20 19.60 16.60 11.80 19.20 18.40 5.40 13.80 0.40 9.40
7.40 9.40 5.20 19.20 4.60 15.40 6.20 8.00 16.60 12.80
7.20 8.20 1.20 8.40 1.80 17.40 4.20 4.40 5.20 10.80
17.00 1.40 7.80 12.60 6.40 13.00 15.20 9.60 6.60 6.60
18.80 15.80 6.00 7.60 0.80 1.20 18.00 0.80 13.00 15.00
2.00 13.60 3.00 14.40 11.20 19.00 17.40 8.80 15.00 5.60
9.00 9.00 1.80 10.40 2.80 10.60 15.00 19.40 11.80 19.20
10.00 11.80 4.60 1.80 2.80 5.00 7.80 7.20 4.60 13.40
4.60 16.00 6.00 1.60 4.40 14.20 19.40 3.40 8.20 5.40
19.00 12.60 10.60 3.20 15.80 7.80 6.60 3.40 15.80 5.00
14.20 2.00 12.60 11.20 2.00 0.60 1.60 16.20 6.80 1.60
2.40 15.60 0.40 15.00 8.20 3.40 8.40 2.40 9.60 6.20
4.20 1.60 7.40 11.20 19.20 15.40 7.60 6.80 14.60 11.80
4.80 6.20 7.80 17.60 7.60 7.60 16.80 14.20 13.60 3.40
17.00 7.00 9.00 6.40 1.20 4.40 4.60 5.40 12.20 11.40
5.20 0.20 10.80 12.40 11.00 16.80 15.60 17.60 16.40 19.20
5.80 12.80 10.40 16.40 17.80 13.00 16.60 3.40 11.00 8.40
12.20 0.20 8.00 16.40 10.00 15.60 0.60 18.40 3.20 8.40
11.00 3.60 3.60 17.00 19.20 5.20 11.40 4.40 18.40 5.80
3.00 1.00 12.80 7.60 8.80 1.00 6.40 2.60 5.80 13.80
16.20 13.20 19.60 7.40 1.60 17.60 13.80 2.00 14.60 7.80
4.60 17.20 2.80 5.80 1.40 16.60 13.40 12.80 2.60 16.40
14.00 3.60 6.20 5.20 16.40 3.00 1.80 12.20 19.00 15.20
6.20 6.80 2.40 7.40 0.80 0.20 7.60 5.00 0.20 2.40
10.40 11.00 16.60 11.40 5.00 5.40 15.60 3.40 10.40 11.60
12.40 3.60 11.60 18.00 1.40 12.40 16.00 4.40 11.00 14.40
6.20 14.80 5.60 13.00 7.40 18.80 1.20 17.20 13.20 19.40
14.00 19.60 5.00 7.20 1.60 7.80 18.20 2.00 13.40 17.60
6.00 18.00 15.60 0.20 1.60 9.20 18.80 8.60 9.00 4.60
14.40 0.20 5.00 17.80 3.40 12.40 8.60 11.60 4.80 4.40
14.60 16.00 18.00 8.60 10.60 2.80 19.60 14.40 1.20 12.00
2.60 6.80 19.80 13.40 4.00 5.20 15.60 10.40 12.20 5.80
2.40 17.80 5.20 10.00 7.40 9.00 9.60 14.20 5.00 17.00
13.80 4.40 14.00 14.20 13.80 0.20 15.80 6.60 1.40 18.00
2.40 0.40 6.20 17.40 15.40 5.20 15.00 5.20 2.40 0.20
4.00 17.60 9.40 4.60 6.20 15.20 3.00 18.00 4.00 14.60
14.60 13.20 12.60 13.80 15.80 6.60 2.60 11.20 4.80 1.60
14.60 18.20 10.60 16.60 3.80 7.80 6.60 5.80 16.40 11.20
7.60 2.80 0.80 16.80 14.40 18.40 5.00 10.00 7.80 19.00
16.80 17.20 12.80 6.40 16.00 7.20 1.00 16.20 6.80 19.60
7.80 1.20 3.80 5.40 7.40 13.60 17.80 12.20 6.60 11.00
2.00 19.00 2.00 2.00 19.20 18.00 13.40 8.60 16.40 4.80
13.80 12.20 13.80 16.60 3.80 15.00 6.60 0.40 6.00 16.80
19.60 11.80 14.80 7.80 0.20 0.80 2.20 16.20 7.20 9.80
7.80 9.60 11.40 11.80 19.20 0.40 1.40 11.00 0.80 19.80
13.20 7.20 7.40 3.40 17.80 6.40 13.00 10.00 16.40 15.00
13.40 1.00 11.00 3.40 9.20 5.80 17.80 10.60 12.40 13.60
16.40 15.00 4.20 8.40 15.20 7.80 18.20 10.20 13.80 11.20
5.80 4.20 16.60 12.60 1.00 10.20 12.60 6.20 5.00 10.80
16.40 11.00 4.40 1.40 13.20 8.00 5.60 2.40 19.00 8.00
8.40 8.80 14.40 10.00 5.00 4.00 19.00 4.20 10.20 0.20
16.60 13.40 13.20 6.60 3.00 4.40 3.20 11.00 19.80 19.80
4.20 17.40 7.40 1.40 8.20 4.20 4.20 11.20 18.20 13.80
18.40 16.40 16.20 10.40 4.60 12.60 5.00 6.80 12.60 12.20
6.80 12.40 5.40 3.20 5.80 9.20 0.80 7.00 5.00 5.20
9.80 1.40 11.40 17.00 13.20 18.40 0.40 10.00 14.60 0.60
11.80 14.20 4.40 12.40 3.20 14.40 12.80 0.20 7.00 11.00
12.60 0.80 5.00 14.40 0.80 10.80 8.80 10.00 5.40 1.40
0.60 18.40 17.40 1.00 5.40 10.20 10.60 10.00 12.40 19.40
4.00 7.60 4.20 10.60 0.60 17.80 0.80 10.40 5.80 5.00
2.20 15.80 2.60 6.60 11.20 2.60 18.00 9.00 19.60 12.00
3.00 3.00 14.80 16.20 15.00 18.00 10.60 5.00 0.60 16.60
18.00 11.20 5.20 7.60 9.60 12.40 18.60 5.20 2.40 12.60
12.20 4.40 8.20 9.60 9.80 2.60 10.00 16.60 2.40 8.80
16.00 7.60 16.80 14.00 14.60 17.20 13.60 14.40 19.60 11.80
18.00 17.00 1.80 12.40 0.40 15.20 18.40 8.80 6.60 18.60
16.20 8.40 1.60 4.40 5.20 0.40 18.60 19.00 10.00 1.80
3.80 14.40 3.80 18.80 16.40 1.60 9.40 14.00 15.00 17.20
4.80 15.00 12.80 18.80 3.80 16.00 7.40 2.20 3.40 16.20
7.20 18.00 1.80 6.60 12.40 14.00 7.60 17.00 15.80 11.40
17.60 12.40 15.00 17.00 18.60 16.40 18.40 15.60 8.00 9.80
14.00 3.80 6.00 8.20 6.80 2.60 4.00 4.80 8.80 5.40
15.20 9.80 0.60 18.60 14.20 8.40 15.80 16.60 8.00 5.80
3.20 3.60 18.00 2.40 9.00 18.20 1.80 13.80 8.20 4.00
19.40 4.20 0.80 0.40 7.40 17.40 9.40 8.40 11.00 2.60
11.80 8.20 14.20 8.00 14.60 6.20 14.20 1.00 6.60 18.20
2.40 4.20 18.20 18.00 7.20 2.40 7.80 16.40 16.00 14.40
