# nJobs | nMachines
50 10
# Job Weights
21
27
86
79
69
39
59
47
39
81
51
67
48
7
73
62
51
8
31
36
95
62
85
8
29
24
42
13
62
13
41
48
23
40
68
57
69
7
23
15
32
24
64
76
98
4
59
4
55
98
# P_bar : m1 | m2 | m3 | m4 | m5 | m6 | m7 | m8 | m9 | m10
56 13 24 36 39 26 67 73 53 97
78 78 79 31 33 37 44 48 81 80
92 8 83 87 9 18 73 89 50 16
66 69 40 52 67 42 89 44 4 40
30 42 97 20 41 47 53 56 36 45
26 11 36 86 61 26 57 87 76 64
16 70 61 70 17 30 60 89 10 36
48 21 48 78 76 62 52 72 8 44
30 53 24 99 31 41 42 67 17 98
97 88 71 76 39 59 80 65 28 82
54 2 75 56 25 14 42 97 3 66
62 69 2 71 9 96 45 45 80 69
23 37 26 45 69 31 37 2 14 44
43 78 13 10 75 19 73 68 6 55
21 69 68 34 42 22 44 39 32 68
98 97 32 81 53 80 73 6 20 84
19 53 58 77 26 57 5 24 17 77
17 51 84 92 29 88 78 88 67 77
80 31 19 34 15 73 89 96 67 28
56 76 10 35 41 94 20 17 52 45
32 3 6 5 32 49 94 11 39 9
86 20 79 28 24 7 82 67 93 23
85 32 69 73 63 33 42 81 46 23
88 29 37 65 23 56 31 99 76 28
77 36 13 71 95 81 1 22 78 19
15 34 35 47 88 38 9 26 87 91
48 89 97 98 40 13 5 1 16 75
11 43 45 7 25 14 51 23 19 6
33 48 72 42 12 62 21 41 82 60
72 68 80 71 12 58 31 38 80 12
69 52 24 54 9 5 54 36 28 61
74 39 30 7 69 9 1 50 97 35
48 12 89 90 28 91 3 59 60 81
50 50 72 14 78 16 4 92 8 51
41 48 85 15 1 38 58 55 40 94
88 50 17 63 23 7 30 78 44 57
50 73 35 19 79 94 10 77 72 65
13 99 13 90 25 43 55 25 97 5
74 10 80 72 15 66 6 25 10 26
16 89 50 66 18 94 23 20 4 34
91 13 4 58 3 54 29 87 15 61
40 85 60 60 80 12 63 32 95 63
59 50 55 66 41 34 71 12 4 72
28 52 82 11 15 80 91 52 63 14
61 39 5 83 94 6 94 33 68 43
34 60 93 9 96 72 68 90 28 3
7 89 38 85 6 40 46 81 50 94
22 91 75 68 52 38 12 40 31 54
63 76 40 79 59 36 89 67 38 13
69 28 46 94 51 86 50 84 65 89
# P_hat : m1 | m2 | m3 | m4 | m5 | m6 | m7 | m8 | m9 | m10
22.40 5.20 9.60 14.40 15.60 10.40 26.80 29.20 21.20 38.80
31.20 31.20 31.60 12.40 13.20 14.80 17.60 19.20 32.40 32.00
36.80 3.20 33.20 34.80 3.60 7.20 29.20 35.60 20.00 6.40
26.40 27.60 16.00 20.80 26.80 16.80 35.60 17.60 1.60 16.00
12.00 16.80 38.80 8.00 16.40 18.80 21.20 22.40 14.40 18.00
10.40 4.40 14.40 34.40 24.40 10.40 22.80 34.80 30.40 25.60
6.40 28.00 24.40 28.00 6.80 12.00 24.00 35.60 4.00 14.40
19.20 8.40 19.20 31.20 30.40 24.80 20.80 28.80 3.20 17.60
12.00 21.20 9.60 39.60 12.40 16.40 16.80 26.80 6.80 39.20
38.80 35.20 28.40 30.40 15.60 23.60 32.00 26.00 11.20 32.80
21.60 0.80 30.00 22.40 10.00 5.60 16.80 38.80 1.20 26.40
24.80 27.60 0.80 28.40 3.60 38.40 18.00 18.00 32.00 27.60
9.20 14.80 10.40 18.00 27.60 12.40 14.80 0.80 5.60 17.60
17.20 31.20 5.20 4.00 30.00 7.60 29.20 27.20 2.40 22.00
8.40 27.60 27.20 13.60 16.80 8.80 17.60 15.60 12.80 27.20
39.20 38.80 12.80 32.40 21.20 32.00 29.20 2.40 8.00 33.60
7.60 21.20 23.20 30.80 10.40 22.80 2.00 9.60 6.80 30.80
6.80 20.40 33.60 36.80 11.60 35.20 31.20 35.20 26.80 30.80
32.00 12.40 7.60 13.60 6.00 29.20 35.60 38.40 26.80 11.20
22.40 30.40 4.00 14.00 16.40 37.60 8.00 6.80 20.80 18.00
12.80 1.20 2.40 2.00 12.80 19.60 37.60 4.40 15.60 3.60
34.40 8.00 31.60 11.20 9.60 2.80 32.80 26.80 37.20 9.20
34.00 12.80 27.60 29.20 25.20 13.20 16.80 32.40 18.40 9.20
35.20 11.60 14.80 26.00 9.20 22.40 12.40 39.60 30.40 11.20
30.80 14.40 5.20 28.40 38.00 32.40 0.40 8.80 31.20 7.60
6.00 13.60 14.00 18.80 35.20 15.20 3.60 10.40 34.80 36.40
19.20 35.60 38.80 39.20 16.00 5.20 2.00 0.40 6.40 30.00
4.40 17.20 18.00 2.80 10.00 5.60 20.40 9.20 7.60 2.40
13.20 19.20 28.80 16.80 4.80 24.80 8.40 16.40 32.80 24.00
28.80 27.20 32.00 28.40 4.80 23.20 12.40 15.20 32.00 4.80
27.60 20.80 9.60 21.60 3.60 2.00 21.60 14.40 11.20 24.40
29.60 15.60 12.00 2.80 27.60 3.60 0.40 20.00 38.80 14.00
19.20 4.80 35.60 36.00 11.20 36.40 1.20 23.60 24.00 32.40
20.00 20.00 28.80 5.60 31.20 6.40 1.60 36.80 3.20 20.40
16.40 19.20 34.00 6.00 0.40 15.20 23.20 22.00 16.00 37.60
35.20 20.00 6.80 25.20 9.20 2.80 12.00 31.20 17.60 22.80
20.00 29.20 14.00 7.60 31.60 37.60 4.00 30.80 28.80 26.00
5.20 39.60 5.20 36.00 10.00 17.20 22.00 10.00 38.80 2.00
29.60 4.00 32.00 28.80 6.00 26.40 2.40 10.00 4.00 10.40
6.40 35.60 20.00 26.40 7.20 37.60 9.20 8.00 1.60 13.60
36.40 5.20 1.60 23.20 1.20 21.60 11.60 34.80 6.00 24.40
16.00 34.00 24.00 24.00 32.00 4.80 25.20 12.80 38.00 25.20
23.60 20.00 22.00 26.40 16.40 13.60 28.40 4.80 1.60 28.80
11.20 20.80 32.80 4.40 6.00 32.00 36.40 20.80 25.20 5.60
24.40 15.60 2.00 33.20 37.60 2.40 37.60 13.20 27.20 17.20
13.60 24.00 37.20 3.60 38.40 28.80 27.20 36.00 11.20 1.20
2.80 35.60 15.20 34.00 2.40 16.00 18.40 32.40 20.00 37.60
8.80 36.40 30.00 27.20 20.80 15.20 4.80 16.00 12.40 21.60
25.20 30.40 16.00 31.60 23.60 14.40 35.60 26.80 15.20 5.20
27.60 11.20 18.40 37.60 20.40 34.40 20.00 33.60 26.00 35.60
