# nJobs | nMachines
20 10
# Job Weights
47
63
74
17
44
7
25
87
24
30
46
84
73
48
47
77
43
78
84
84
# P_bar : m1 | m2 | m3 | m4 | m5 | m6 | m7 | m8 | m9 | m10
74 70 84 63 72 78 33 87 3 28
26 92 20 61 91 58 70 20 86 36
84 36 64 46 21 53 10 71 3 39
41 70 44 6 70 17 45 95 89 63
3 37 69 83 12 36 70 71 57 66
46 36 63 49 67 3 2 99 27 44
39 42 94 78 65 83 92 79 28 18
90 34 86 84 90 91 50 19 88 67
62 29 66 97 47 73 54 41 48 17
63 80 97 56 82 81 64 74 26 84
74 91 25 76 62 74 44 8 58 9
4 56 90 9 3 2 4 55 6 33
37 71 12 38 84 31 99 87 33 80
75 14 62 21 30 37 43 87 3 27
72 31 83 80 91 78 43 37 25 42
30 75 32 47 5 74 11 52 61 60
43 80 12 24 11 51 60 36 93 96
95 73 38 95 41 41 53 6 69 81
41 32 22 80 14 78 45 42 53 31
97 56 92 65 28 26 63 30 47 88
# P_hat : m1 | m2 | m3 | m4 | m5 | m6 | m7 | m8 | m9 | m10
7.40 7.00 8.40 6.30 7.20 7.80 3.30 8.70 0.30 2.80
2.60 9.20 2.00 6.10 9.10 5.80 7.00 2.00 8.60 3.60
8.40 3.60 6.40 4.60 2.10 5.30 1.00 7.10 0.30 3.90
4.10 7.00 4.40 0.60 7.00 1.70 4.50 9.50 8.90 6.30
0.30 3.70 6.90 8.30 1.20 3.60 7.00 7.10 5.70 6.60
4.60 3.60 6.30 4.90 6.70 0.30 0.20 9.90 2.70 4.40
3.90 4.20 9.40 7.80 6.50 8.30 9.20 7.90 2.80 1.80
9.00 3.40 8.60 8.40 9.00 9.10 5.00 1.90 8.80 6.70
6.20 2.90 6.60 9.70 4.70 7.30 5.40 4.10 4.80 1.70
6.30 8.00 9.70 5.60 8.20 8.10 6.40 7.40 2.60 8.40
7.40 9.10 2.50 7.60 6.20 7.40 4.40 0.80 5.80 0.90
0.40 5.60 9.00 0.90 0.30 0.20 0.40 5.50 0.60 3.30
3.70 7.10 1.20 3.80 8.40 3.10 9.90 8.70 3.30 8.00
7.50 1.40 6.20 2.10 3.00 3.70 4.30 8.70 0.30 2.70
7.20 3.10 8.30 8.00 9.10 7.80 4.30 3.70 2.50 4.20
3.00 7.50 3.20 4.70 0.50 7.40 1.10 5.20 6.10 6.00
4.30 8.00 1.20 2.40 1.10 5.10 6.00 3.60 9.30 9.60
9.50 7.30 3.80 9.50 4.10 4.10 5.30 0.60 6.90 8.10
4.10 3.20 2.20 8.00 1.40 7.80 4.50 4.20 5.30 3.10
9.70 5.60 9.20 6.50 2.80 2.60 6.30 3.00 4.70 8.80
