# nJobs | nMachines
50 10
# Job Weights
13
7
64
11
86
34
34
4
14
10
14
11
83
14
34
74
17
52
84
88
64
39
95
91
20
82
2
54
15
63
72
10
34
27
42
30
19
5
25
49
79
55
35
56
34
53
50
18
90
93
# P_bar : m1 | m2 | m3 | m4 | m5 | m6 | m7 | m8 | m9 | m10
68 69 1 19 10 76 50 39 77 30
40 96 37 65 76 40 87 11 30 71
43 54 91 35 75 96 77 96 88 57
72 37 59 89 29 54 88 74 21 83
87 35 2 41 10 91 80 22 29 34
59 19 44 15 86 90 75 22 12 31
67 10 29 99 62 41 41 50 2 11
89 88 37 19 26 72 84 6 95 50
84 61 30 74 1 37 24 95 24 22
43 95 20 63 62 38 27 83 20 7
92 18 19 92 89 64 52 70 66 82
90 49 79 29 2 98 73 1 82 34
23 69 41 47 62 36 75 8 45 5
20 86 79 80 96 20 23 94 4 62
97 28 49 7 99 3 52 65 22 3
57 6 21 43 91 41 97 70 81 68
33 40 97 89 85 93 40 61 56 35
7 88 86 9 42 44 50 80 85 79
69 94 15 99 7 3 95 82 3 10
56 78 57 38 4 19 34 23 82 60
16 43 76 76 23 66 2 51 94 67
41 31 14 52 74 55 76 92 72 10
7 54 57 48 83 66 26 25 96 87
74 80 80 55 41 68 48 23 55 25
54 11 93 17 63 1 16 40 3 24
67 27 31 63 99 5 20 69 63 4
15 3 66 92 55 59 86 42 65 36
85 32 30 77 37 64 62 13 20 44
83 2 82 31 23 1 54 17 4 22
42 49 11 44 1 5 50 27 95 8
29 27 71 76 84 11 26 74 20 49
64 81 94 18 46 46 4 7 57 97
3 18 35 7 31 10 4 25 38 8
9 83 71 40 93 56 59 73 46 9
35 84 76 47 79 25 24 81 76 18
24 49 76 73 32 95 14 84 10 34
72 64 26 41 71 12 49 40 79 54
70 20 31 70 60 48 35 28 7 42
47 52 58 86 42 11 78 86 12 70
78 42 31 8 24 45 77 17 60 59
60 51 98 63 51 25 72 66 85 8
11 66 26 77 98 62 10 33 73 29
60 95 92 91 64 12 87 20 18 6
5 18 11 24 85 67 24 84 75 42
24 37 72 19 31 17 26 23 77 33
52 70 46 63 11 59 46 73 71 67
39 22 20 72 95 30 40 25 83 7
14 87 38 17 58 73 86 87 63 64
65 67 57 46 57 34 40 2 52 7
99 15 5 66 28 27 8 15 66 60
# P_hat : m1 | m2 | m3 | m4 | m5 | m6 | m7 | m8 | m9 | m10
34.00 34.50 0.50 9.50 5.00 38.00 25.00 19.50 38.50 15.00
20.00 48.00 18.50 32.50 38.00 20.00 43.50 5.50 15.00 35.50
21.50 27.00 45.50 17.50 37.50 48.00 38.50 48.00 44.00 28.50
36.00 18.50 29.50 44.50 14.50 27.00 44.00 37.00 10.50 41.50
43.50 17.50 1.00 20.50 5.00 45.50 40.00 11.00 14.50 17.00
29.50 9.50 22.00 7.50 43.00 45.00 37.50 11.00 6.00 15.50
33.50 5.00 14.50 49.50 31.00 20.50 20.50 25.00 1.00 5.50
44.50 44.00 18.50 9.50 13.00 36.00 42.00 3.00 47.50 25.00
42.00 30.50 15.00 37.00 0.50 18.50 12.00 47.50 12.00 11.00
21.50 47.50 10.00 31.50 31.00 19.00 13.50 41.50 10.00 3.50
46.00 9.00 9.50 46.00 44.50 32.00 26.00 35.00 33.00 41.00
45.00 24.50 39.50 14.50 1.00 49.00 36.50 0.50 41.00 17.00
11.50 34.50 20.50 23.50 31.00 18.00 37.50 4.00 22.50 2.50
10.00 43.00 39.50 40.00 48.00 10.00 11.50 47.00 2.00 31.00
48.50 14.00 24.50 3.50 49.50 1.50 26.00 32.50 11.00 1.50
28.50 3.00 10.50 21.50 45.50 20.50 48.50 35.00 40.50 34.00
16.50 20.00 48.50 44.50 42.50 46.50 20.00 30.50 28.00 17.50
3.50 44.00 43.00 4.50 21.00 22.00 25.00 40.00 42.50 39.50
34.50 47.00 7.50 49.50 3.50 1.50 47.50 41.00 1.50 5.00
28.00 39.00 28.50 19.00 2.00 9.50 17.00 11.50 41.00 30.00
8.00 21.50 38.00 38.00 11.50 33.00 1.00 25.50 47.00 33.50
20.50 15.50 7.00 26.00 37.00 27.50 38.00 46.00 36.00 5.00
3.50 27.00 28.50 24.00 41.50 33.00 13.00 12.50 48.00 43.50
37.00 40.00 40.00 27.50 20.50 34.00 24.00 11.50 27.50 12.50
27.00 5.50 46.50 8.50 31.50 0.50 8.00 20.00 1.50 12.00
33.50 13.50 15.50 31.50 49.50 2.50 10.00 34.50 31.50 2.00
7.50 1.50 33.00 46.00 27.50 29.50 43.00 21.00 32.50 18.00
42.50 16.00 15.00 38.50 18.50 32.00 31.00 6.50 10.00 22.00
41.50 1.00 41.00 15.50 11.50 0.50 27.00 8.50 2.00 11.00
21.00 24.50 5.50 22.00 0.50 2.50 25.00 13.50 47.50 4.00
14.50 13.50 35.50 38.00 42.00 5.50 13.00 37.00 10.00 24.50
32.00 40.50 47.00 9.00 23.00 23.00 2.00 3.50 28.50 48.50
1.50 9.00 17.50 3.50 15.50 5.00 2.00 12.50 19.00 4.00
4.50 41.50 35.50 20.00 46.50 28.00 29.50 36.50 23.00 4.50
17.50 42.00 38.00 23.50 39.50 12.50 12.00 40.50 38.00 9.00
12.00 24.50 38.00 36.50 16.00 47.50 7.00 42.00 5.00 17.00
36.00 32.00 13.00 20.50 35.50 6.00 24.50 20.00 39.50 27.00
35.00 10.00 15.50 35.00 30.00 24.00 17.50 14.00 3.50 21.00
23.50 26.00 29.00 43.00 21.00 5.50 39.00 43.00 6.00 35.00
39.00 21.00 15.50 4.00 12.00 22.50 38.50 8.50 30.00 29.50
30.00 25.50 49.00 31.50 25.50 12.50 36.00 33.00 42.50 4.00
5.50 33.00 13.00 38.50 49.00 31.00 5.00 16.50 36.50 14.50
30.00 47.50 46.00 45.50 32.00 6.00 43.50 10.00 9.00 3.00
2.50 9.00 5.50 12.00 42.50 33.50 12.00 42.00 37.50 21.00
12.00 18.50 36.00 9.50 15.50 8.50 13.00 11.50 38.50 16.50
26.00 35.00 23.00 31.50 5.50 29.50 23.00 36.50 35.50 33.50
19.50 11.00 10.00 36.00 47.50 15.00 20.00 12.50 41.50 3.50
7.00 43.50 19.00 8.50 29.00 36.50 43.00 43.50 31.50 32.00
32.50 33.50 28.50 23.00 28.50 17.00 20.00 1.00 26.00 3.50
49.50 7.50 2.50 33.00 14.00 13.50 4.00 7.50 33.00 30.00
