# nJobs | nMachines
50 5
# Job Weights
13
56
71
73
40
61
70
79
10
50
30
13
100
51
50
71
43
81
53
76
68
82
83
15
71
23
30
5
100
97
81
11
66
32
43
66
11
19
34
14
71
16
88
47
94
91
13
15
48
86
# P_bar : m1 | m2 | m3 | m4 | m5
37 77 91 91 5
5 64 36 7 73
8 66 63 40 99
37 33 69 92 23
71 47 83 47 83
65 67 29 49 9
13 61 33 87 89
35 99 97 76 94
52 54 1 49 84
63 66 74 41 97
58 57 74 29 99
13 65 53 27 43
69 24 74 14 71
35 30 54 68 86
9 95 21 9 51
90 40 41 69 22
57 85 92 94 2
90 46 2 51 60
55 46 83 64 17
36 55 63 67 81
84 39 87 47 6
31 22 37 66 40
50 41 64 27 32
44 41 65 49 82
38 40 40 92 63
12 19 77 74 50
57 56 1 59 74
70 16 12 36 36
92 48 54 79 56
1 38 39 16 10
72 25 24 43 24
94 2 79 4 82
96 99 47 3 90
78 67 80 11 29
30 94 40 13 99
46 50 44 95 38
60 26 58 64 7
95 54 20 38 77
82 67 50 32 50
94 57 16 76 4
62 18 99 66 11
7 8 22 37 73
51 81 33 28 16
44 49 60 7 27
31 96 87 2 98
40 18 55 88 30
29 50 70 92 51
78 46 93 58 77
57 22 52 24 54
42 48 41 2 92
# P_hat : m1 | m2 | m3 | m4 | m5
3.70 7.70 9.10 9.10 0.50
0.50 6.40 3.60 0.70 7.30
0.80 6.60 6.30 4.00 9.90
3.70 3.30 6.90 9.20 2.30
7.10 4.70 8.30 4.70 8.30
6.50 6.70 2.90 4.90 0.90
1.30 6.10 3.30 8.70 8.90
3.50 9.90 9.70 7.60 9.40
5.20 5.40 0.10 4.90 8.40
6.30 6.60 7.40 4.10 9.70
5.80 5.70 7.40 2.90 9.90
1.30 6.50 5.30 2.70 4.30
6.90 2.40 7.40 1.40 7.10
3.50 3.00 5.40 6.80 8.60
0.90 9.50 2.10 0.90 5.10
9.00 4.00 4.10 6.90 2.20
5.70 8.50 9.20 9.40 0.20
9.00 4.60 0.20 5.10 6.00
5.50 4.60 8.30 6.40 1.70
3.60 5.50 6.30 6.70 8.10
8.40 3.90 8.70 4.70 0.60
3.10 2.20 3.70 6.60 4.00
5.00 4.10 6.40 2.70 3.20
4.40 4.10 6.50 4.90 8.20
3.80 4.00 4.00 9.20 6.30
1.20 1.90 7.70 7.40 5.00
5.70 5.60 0.10 5.90 7.40
7.00 1.60 1.20 3.60 3.60
9.20 4.80 5.40 7.90 5.60
0.10 3.80 3.90 1.60 1.00
7.20 2.50 2.40 4.30 2.40
9.40 0.20 7.90 0.40 8.20
9.60 9.90 4.70 0.30 9.00
7.80 6.70 8.00 1.10 2.90
3.00 9.40 4.00 1.30 9.90
4.60 5.00 4.40 9.50 3.80
6.00 2.60 5.80 6.40 0.70
9.50 5.40 2.00 3.80 7.70
8.20 6.70 5.00 3.20 5.00
9.40 5.70 1.60 7.60 0.40
6.20 1.80 9.90 6.60 1.10
0.70 0.80 2.20 3.70 7.30
5.10 8.10 3.30 2.80 1.60
4.40 4.90 6.00 0.70 2.70
3.10 9.60 8.70 0.20 9.80
4.00 1.80 5.50 8.80 3.00
2.90 5.00 7.00 9.20 5.10
7.80 4.60 9.30 5.80 7.70
5.70 2.20 5.20 2.40 5.40
4.20 4.80 4.10 0.20 9.20
