# nJobs | nMachines
100 5
# Job Weights
64
8
42
2
30
22
81
25
66
42
96
36
17
27
91
36
99
51
37
41
30
90
32
25
69
79
15
73
61
40
82
15
81
92
85
12
10
28
90
90
61
19
45
80
90
35
81
78
3
29
80
100
27
68
100
52
17
86
12
31
82
37
13
23
77
15
8
61
68
30
21
78
46
37
59
37
8
10
30
81
97
89
30
90
98
84
62
97
10
73
91
9
71
73
3
28
26
34
1
88
# P_bar : m1 | m2 | m3 | m4 | m5
94 65 51 32 15
17 67 20 11 53
1 55 55 34 87
97 35 55 47 5
91 19 15 33 21
9 18 46 7 32
75 35 15 18 53
38 39 60 69 27
34 89 40 95 14
17 57 67 95 29
7 79 46 71 30
62 5 29 27 76
16 33 14 24 58
61 46 35 32 28
31 47 81 1 29
58 46 8 42 43
14 99 55 82 25
29 39 55 95 35
29 7 1 90 83
31 15 62 28 22
52 56 97 36 3
36 32 93 6 10
85 62 58 83 73
68 50 46 17 47
63 99 92 30 87
21 89 62 96 50
15 30 58 32 74
50 24 1 3 7
55 23 18 64 89
73 44 14 67 89
87 83 74 7 72
90 13 29 92 9
41 83 85 50 34
80 73 95 90 7
5 34 11 40 32
18 89 30 96 82
68 18 73 96 77
94 32 24 18 64
51 90 83 92 13
29 73 15 29 55
12 28 77 85 81
69 18 63 39 55
54 81 43 75 37
99 31 40 61 43
1 2 98 10 99
82 3 17 99 39
99 78 89 21 25
87 99 18 85 17
61 71 54 54 13
24 8 33 33 65
54 88 66 52 60
7 76 97 96 70
77 33 61 64 22
78 66 51 22 62
86 3 2 2 37
83 31 51 85 95
65 8 72 49 87
77 63 33 82 18
98 53 46 91 31
33 89 83 13 75
92 63 17 62 23
15 49 16 56 48
59 60 93 63 18
22 53 63 53 5
79 70 39 88 63
44 9 55 95 1
99 16 28 71 25
19 79 78 75 6
32 93 68 21 29
81 69 76 18 27
57 4 48 59 10
53 95 64 17 29
48 87 87 11 53
97 49 26 80 87
3 79 14 51 39
70 14 48 31 46
21 4 78 77 18
51 20 82 84 44
14 10 33 20 24
41 28 22 16 86
91 4 45 19 65
75 91 49 16 45
35 63 90 73 52
54 66 82 12 95
9 25 73 97 22
25 12 70 92 97
27 36 95 65 71
97 94 99 52 31
20 19 64 22 46
20 49 97 62 54
23 19 73 26 59
46 18 44 41 90
76 18 68 56 72
34 53 88 32 65
86 49 21 54 84
30 29 58 60 20
99 42 25 85 17
9 59 1 66 51
91 48 27 10 57
81 3 15 37 72
# P_hat : m1 | m2 | m3 | m4 | m5
9.40 6.50 5.10 3.20 1.50
1.70 6.70 2.00 1.10 5.30
0.10 5.50 5.50 3.40 8.70
9.70 3.50 5.50 4.70 0.50
9.10 1.90 1.50 3.30 2.10
0.90 1.80 4.60 0.70 3.20
7.50 3.50 1.50 1.80 5.30
3.80 3.90 6.00 6.90 2.70
3.40 8.90 4.00 9.50 1.40
1.70 5.70 6.70 9.50 2.90
0.70 7.90 4.60 7.10 3.00
6.20 0.50 2.90 2.70 7.60
1.60 3.30 1.40 2.40 5.80
6.10 4.60 3.50 3.20 2.80
3.10 4.70 8.10 0.10 2.90
5.80 4.60 0.80 4.20 4.30
1.40 9.90 5.50 8.20 2.50
2.90 3.90 5.50 9.50 3.50
2.90 0.70 0.10 9.00 8.30
3.10 1.50 6.20 2.80 2.20
5.20 5.60 9.70 3.60 0.30
3.60 3.20 9.30 0.60 1.00
8.50 6.20 5.80 8.30 7.30
6.80 5.00 4.60 1.70 4.70
6.30 9.90 9.20 3.00 8.70
2.10 8.90 6.20 9.60 5.00
1.50 3.00 5.80 3.20 7.40
5.00 2.40 0.10 0.30 0.70
5.50 2.30 1.80 6.40 8.90
7.30 4.40 1.40 6.70 8.90
8.70 8.30 7.40 0.70 7.20
9.00 1.30 2.90 9.20 0.90
4.10 8.30 8.50 5.00 3.40
8.00 7.30 9.50 9.00 0.70
0.50 3.40 1.10 4.00 3.20
1.80 8.90 3.00 9.60 8.20
6.80 1.80 7.30 9.60 7.70
9.40 3.20 2.40 1.80 6.40
5.10 9.00 8.30 9.20 1.30
2.90 7.30 1.50 2.90 5.50
1.20 2.80 7.70 8.50 8.10
6.90 1.80 6.30 3.90 5.50
5.40 8.10 4.30 7.50 3.70
9.90 3.10 4.00 6.10 4.30
0.10 0.20 9.80 1.00 9.90
8.20 0.30 1.70 9.90 3.90
9.90 7.80 8.90 2.10 2.50
8.70 9.90 1.80 8.50 1.70
6.10 7.10 5.40 5.40 1.30
2.40 0.80 3.30 3.30 6.50
5.40 8.80 6.60 5.20 6.00
0.70 7.60 9.70 9.60 7.00
7.70 3.30 6.10 6.40 2.20
7.80 6.60 5.10 2.20 6.20
8.60 0.30 0.20 0.20 3.70
8.30 3.10 5.10 8.50 9.50
6.50 0.80 7.20 4.90 8.70
7.70 6.30 3.30 8.20 1.80
9.80 5.30 4.60 9.10 3.10
3.30 8.90 8.30 1.30 7.50
9.20 6.30 1.70 6.20 2.30
1.50 4.90 1.60 5.60 4.80
5.90 6.00 9.30 6.30 1.80
2.20 5.30 6.30 5.30 0.50
7.90 7.00 3.90 8.80 6.30
4.40 0.90 5.50 9.50 0.10
9.90 1.60 2.80 7.10 2.50
1.90 7.90 7.80 7.50 0.60
3.20 9.30 6.80 2.10 2.90
8.10 6.90 7.60 1.80 2.70
5.70 0.40 4.80 5.90 1.00
5.30 9.50 6.40 1.70 2.90
4.80 8.70 8.70 1.10 5.30
9.70 4.90 2.60 8.00 8.70
0.30 7.90 1.40 5.10 3.90
7.00 1.40 4.80 3.10 4.60
2.10 0.40 7.80 7.70 1.80
5.10 2.00 8.20 8.40 4.40
1.40 1.00 3.30 2.00 2.40
4.10 2.80 2.20 1.60 8.60
9.10 0.40 4.50 1.90 6.50
7.50 9.10 4.90 1.60 4.50
3.50 6.30 9.00 7.30 5.20
5.40 6.60 8.20 1.20 9.50
0.90 2.50 7.30 9.70 2.20
2.50 1.20 7.00 9.20 9.70
2.70 3.60 9.50 6.50 7.10
9.70 9.40 9.90 5.20 3.10
2.00 1.90 6.40 2.20 4.60
2.00 4.90 9.70 6.20 5.40
2.30 1.90 7.30 2.60 5.90
4.60 1.80 4.40 4.10 9.00
7.60 1.80 6.80 5.60 7.20
3.40 5.30 8.80 3.20 6.50
8.60 4.90 2.10 5.40 8.40
3.00 2.90 5.80 6.00 2.00
9.90 4.20 2.50 8.50 1.70
0.90 5.90 0.10 6.60 5.10
9.10 4.80 2.70 1.00 5.70
8.10 0.30 1.50 3.70 7.20
