# nJobs | nMachines
100 20
# Job Weights
37
28
53
85
13
47
25
15
7
26
70
30
11
89
42
31
45
36
72
77
28
53
62
23
20
43
27
14
34
19
54
44
4
86
46
87
61
1
93
70
71
95
45
58
76
69
73
78
51
72
27
66
62
38
21
12
60
44
3
90
94
29
43
85
76
74
7
46
2
37
10
88
42
45
44
61
58
40
100
4
12
27
84
30
92
37
39
28
50
50
81
83
45
20
45
6
21
5
41
25
# P_bar : m1 | m2 | m3 | m4 | m5 | m6 | m7 | m8 | m9 | m10 | m11 | m12 | m13 | m14 | m15 | m16 | m17 | m18 | m19 | m20
28 54 92 60 44 27 67 74 67 58 39 10 20 96 34 87 45 62 15 29
25 54 47 59 12 70 15 39 23 59 18 22 29 20 62 47 25 61 94 41
61 63 70 50 19 48 52 70 25 41 75 6 50 20 86 11 46 2 8 93
9 93 22 9 86 24 36 78 92 23 33 39 6 25 58 84 38 67 91 48
69 38 31 17 17 73 83 72 50 18 91 59 49 82 5 54 26 9 7 35
77 71 11 53 49 82 78 70 8 30 20 27 95 1 41 88 37 41 47 75
21 28 69 7 61 14 42 29 78 39 2 42 38 3 38 83 28 30 61 36
40 94 72 43 81 32 27 69 46 54 91 27 34 76 84 3 68 94 40 8
98 46 44 61 37 50 90 94 3 9 18 3 71 37 67 39 68 17 49 49
65 31 64 61 10 69 11 28 44 65 6 79 50 75 62 13 17 98 43 51
54 11 95 80 48 98 14 38 84 72 2 34 83 73 73 33 49 49 96 22
75 46 99 1 9 59 97 55 21 90 40 77 45 80 77 58 85 45 84 83
57 35 88 37 49 45 91 75 48 31 10 92 48 59 11 46 69 16 44 54
49 99 83 84 49 66 50 43 15 27 48 97 65 63 10 32 49 85 89 59
13 30 38 47 56 66 10 82 76 28 65 27 46 51 20 87 41 39 68 61
31 73 13 18 44 43 64 15 11 66 67 68 24 66 93 67 29 38 95 34
76 60 9 41 11 17 90 55 80 5 36 29 44 90 40 52 5 13 94 45
94 30 92 26 86 69 27 91 82 45 83 36 76 58 80 24 87 61 54 4
28 7 74 89 29 66 69 96 2 31 14 21 42 24 5 18 73 52 40 87
42 63 28 54 71 64 23 74 84 10 84 37 51 69 37 60 52 63 30 61
81 43 23 5 23 90 60 30 90 67 65 24 9 7 33 71 94 83 21 96
97 29 33 27 15 60 7 68 8 21 1 53 56 74 70 50 56 60 49 9
33 96 44 80 62 31 95 14 61 25 77 26 17 48 32 68 94 46 3 99
5 25 77 42 73 36 56 36 53 14 35 45 39 61 15 42 44 56 17 39
88 73 62 46 84 25 89 74 84 9 42 99 79 33 28 41 55 70 72 83
29 19 59 93 93 89 14 83 2 4 99 8 27 66 99 50 41 55 84 14
99 65 53 13 38 5 78 43 86 8 82 53 39 25 50 31 21 75 98 37
77 98 13 53 60 32 48 78 91 19 26 33 62 31 86 69 3 42 23 86
51 93 75 33 35 48 11 48 67 64 39 24 57 1 82 10 90 62 42 49
39 52 67 88 83 47 16 72 86 35 18 77 56 73 85 42 32 85 16 84
54 62 97 40 56 73 61 64 92 53 74 78 13 89 28 29 76 51 80 21
90 84 25 89 61 8 76 83 95 81 75 96 32 83 68 96 20 16 30 78
30 27 36 89 85 51 35 61 29 93 46 71 88 87 85 27 28 31 12 93
54 15 85 73 40 24 32 31 24 22 88 78 18 16 98 43 32 44 65 5
76 17 96 9 77 51 63 16 79 26 63 4 52 56 18 31 5 58 24 14
65 86 77 88 67 68 33 6 30 20 25 8 73 29 51 61 57 92 7 23
10 18 34 94 58 97 34 72 97 61 76 11 10 22 74 45 30 23 40 73
70 83 24 69 41 49 4 25 9 2 85 65 63 71 79 26 70 66 70 76
78 69 82 72 99 32 97 85 32 97 56 68 1 92 97 7 95 88 93 79
29 33 39 83 96 88 34 89 35 2 24 53 58 11 19 28 75 88 49 22
59 8 36 60 3 59 58 68 35 47 50 6 66 29 92 63 39 96 89 94
16 27 13 43 36 96 59 83 40 23 43 36 25 26 87 23 26 53 17 68
13 43 6 87 33 45 51 14 82 27 68 73 14 82 69 33 92 1 95 39
29 92 8 53 8 49 7 55 17 21 42 27 31 4 42 93 10 56 33 50
64 33 26 10 40 73 54 97 96 36 49 72 3 38 3 67 32 37 68 31
69 26 2 79 43 91 8 3 36 62 93 9 85 64 12 89 53 82 97 30
4 68 52 59 16 4 42 16 60 29 78 18 20 90 81 75 62 24 73 38
1 44 41 71 75 79 94 89 88 17 43 26 89 54 97 50 35 44 8 43
95 78 20 65 15 35 26 14 12 3 36 16 15 6 26 65 45 15 68 40
16 37 53 25 81 37 69 1 76 70 51 64 50 85 77 9 27 16 54 56
30 81 45 36 43 42 35 6 94 14 45 37 44 58 69 56 88 15 95 31
40 74 70 88 88 95 19 96 78 44 72 53 3 7 67 12 35 81 6 23
92 75 51 37 23 84 94 8 22 73 74 87 12 94 4 36 53 56 1 85
77 7 83 7 1 53 26 13 74 89 36 68 73 5 68 19 13 35 43 94
67 23 54 11 4 27 93 32 2 71 35 64 61 6 51 50 7 27 19 55
93 24 62 61 10 61 88 64 99 21 41 47 34 5 49 60 74 43 48 94
80 21 68 66 2 79 81 67 74 90 36 72 52 71 18 69 5 65 38 78
88 73 43 15 39 15 2 20 51 28 3 85 37 94 24 32 77 18 17 81
48 27 28 47 97 64 78 37 77 36 13 89 61 59 49 17 91 91 50 34
7 91 28 8 11 63 31 63 61 13 24 94 27 51 73 64 77 5 97 77
96 8 62 50 28 83 60 63 53 85 34 31 28 6 79 64 53 72 76 77
33 47 56 47 27 45 44 94 29 82 34 86 24 79 81 40 74 25 41 56
8 65 79 4 19 14 51 97 97 57 22 1 35 30 92 31 68 3 98 47
40 36 15 74 6 71 99 74 28 1 17 40 26 61 57 59 39 15 94 3
4 87 53 4 50 89 70 23 84 72 14 21 32 83 39 82 95 62 77 65
55 5 70 11 3 56 3 34 87 7 17 10 48 89 15 6 32 35 9 17
43 91 90 69 61 55 44 8 31 25 60 72 16 96 56 26 57 7 81 21
73 17 86 52 52 6 30 64 2 97 44 21 30 54 36 43 48 43 53 81
90 82 23 17 91 74 75 99 19 90 99 97 3 85 31 34 43 57 75 72
68 26 94 61 53 4 35 78 33 51 64 96 69 88 60 48 9 39 40 30
79 89 2 29 5 90 1 11 26 28 55 15 42 46 89 68 66 8 48 44
50 73 73 39 64 73 99 90 22 83 67 66 14 80 64 74 15 31 30 13
62 90 13 67 69 34 57 61 28 91 78 51 56 19 36 86 64 42 49 90
47 10 59 28 99 16 18 38 25 80 12 10 45 67 72 51 45 6 66 77
22 63 30 22 32 10 85 30 29 9 96 55 61 8 42 43 86 5 56 22
54 81 47 90 43 7 16 61 6 59 13 8 58 78 19 18 56 79 39 75
94 1 62 51 99 14 17 76 16 27 53 22 30 58 67 27 71 56 68 87
23 51 22 66 29 11 62 69 51 69 70 72 31 41 78 57 62 20 69 24
14 65 73 58 73 52 77 97 47 2 80 23 44 51 12 59 71 85 32 83
60 24 22 63 14 5 62 45 26 41 52 45 51 74 57 33 78 94 70 21
13 22 46 43 79 50 51 38 44 81 77 90 17 70 26 21 13 94 49 41
22 98 81 77 54 48 6 36 83 8 17 75 94 38 28 98 73 80 70 22
57 93 13 93 46 43 49 3 66 24 79 42 85 24 57 96 40 58 54 40
23 99 38 8 33 11 45 30 78 82 51 92 3 52 74 79 4 63 60 33
97 72 31 29 87 99 88 26 60 35 77 57 59 17 8 91 29 60 28 73
11 57 83 98 28 86 97 45 22 72 99 1 54 93 30 91 83 79 39 33
53 67 37 98 78 70 52 85 41 76 12 44 36 95 31 89 63 26 71 41
3 60 59 17 27 77 57 33 66 91 13 21 42 35 36 92 90 19 68 5
18 2 98 56 53 39 45 11 64 18 35 52 96 22 84 30 67 4 95 47
66 48 21 19 11 21 20 83 3 45 20 96 69 54 82 36 18 58 72 69
75 72 65 53 99 27 78 97 17 83 6 24 80 31 49 28 40 67 21 1
51 93 8 4 45 82 21 67 78 95 6 69 26 3 35 31 98 55 46 80
81 75 50 98 8 42 24 76 48 29 91 76 33 34 83 25 94 79 17 9
90 45 27 12 64 81 32 28 56 69 66 61 2 43 69 79 84 53 85 88
17 41 29 65 77 72 6 15 20 14 73 59 61 20 1 45 96 39 92 91
6 96 1 53 29 92 54 90 36 5 88 87 47 73 69 43 81 13 79 16
79 20 2 23 94 58 91 12 91 92 25 81 6 87 50 80 73 34 57 65
71 31 19 72 16 93 73 88 95 17 16 94 95 29 9 30 54 12 7 4
97 94 22 7 45 61 47 9 81 93 37 50 48 51 52 29 38 28 81 85
76 45 42 75 30 68 58 99 98 55 58 33 44 70 99 48 36 57 73 6
# P_hat : m1 | m2 | m3 | m4 | m5 | m6 | m7 | m8 | m9 | m10 | m11 | m12 | m13 | m14 | m15 | m16 | m17 | m18 | m19 | m20
11.20 21.60 36.80 24.00 17.60 10.80 26.80 29.60 26.80 23.20 15.60 4.00 8.00 38.40 13.60 34.80 18.00 24.80 6.00 11.60
10.00 21.60 18.80 23.60 4.80 28.00 6.00 15.60 9.20 23.60 7.20 8.80 11.60 8.00 24.80 18.80 10.00 24.40 37.60 16.40
24.40 25.20 28.00 20.00 7.60 19.20 20.80 28.00 10.00 16.40 30.00 2.40 20.00 8.00 34.40 4.40 18.40 0.80 3.20 37.20
3.60 37.20 8.80 3.60 34.40 9.60 14.40 31.20 36.80 9.20 13.20 15.60 2.40 10.00 23.20 33.60 15.20 26.80 36.40 19.20
27.60 15.20 12.40 6.80 6.80 29.20 33.20 28.80 20.00 7.20 36.40 23.60 19.60 32.80 2.00 21.60 10.40 3.60 2.80 14.00
30.80 28.40 4.40 21.20 19.60 32.80 31.20 28.00 3.20 12.00 8.00 10.80 38.00 0.40 16.40 35.20 14.80 16.40 18.80 30.00
8.40 11.20 27.60 2.80 24.40 5.60 16.80 11.60 31.20 15.60 0.80 16.80 15.20 1.20 15.20 33.20 11.20 12.00 24.40 14.40
16.00 37.60 28.80 17.20 32.40 12.80 10.80 27.60 18.40 21.60 36.40 10.80 13.60 30.40 33.60 1.20 27.20 37.60 16.00 3.20
39.20 18.40 17.60 24.40 14.80 20.00 36.00 37.60 1.20 3.60 7.20 1.20 28.40 14.80 26.80 15.60 27.20 6.80 19.60 19.60
26.00 12.40 25.60 24.40 4.00 27.60 4.40 11.20 17.60 26.00 2.40 31.60 20.00 30.00 24.80 5.20 6.80 39.20 17.20 20.40
21.60 4.40 38.00 32.00 19.20 39.20 5.60 15.20 33.60 28.80 0.80 13.60 33.20 29.20 29.20 13.20 19.60 19.60 38.40 8.80
30.00 18.40 39.60 0.40 3.60 23.60 38.80 22.00 8.40 36.00 16.00 30.80 18.00 32.00 30.80 23.20 34.00 18.00 33.60 33.20
22.80 14.00 35.20 14.80 19.60 18.00 36.40 30.00 19.20 12.40 4.00 36.80 19.20 23.60 4.40 18.40 27.60 6.40 17.60 21.60
19.60 39.60 33.20 33.60 19.60 26.40 20.00 17.20 6.00 10.80 19.20 38.80 26.00 25.20 4.00 12.80 19.60 34.00 35.60 23.60
5.20 12.00 15.20 18.80 22.40 26.40 4.00 32.80 30.40 11.20 26.00 10.80 18.40 20.40 8.00 34.80 16.40 15.60 27.20 24.40
12.40 29.20 5.20 7.20 17.60 17.20 25.60 6.00 4.40 26.40 26.80 27.20 9.60 26.40 37.20 26.80 11.60 15.20 38.00 13.60
30.40 24.00 3.60 16.40 4.40 6.80 36.00 22.00 32.00 2.00 14.40 11.60 17.60 36.00 16.00 20.80 2.00 5.20 37.60 18.00
37.60 12.00 36.80 10.40 34.40 27.60 10.80 36.40 32.80 18.00 33.20 14.40 30.40 23.20 32.00 9.60 34.80 24.40 21.60 1.60
11.20 2.80 29.60 35.60 11.60 26.40 27.60 38.40 0.80 12.40 5.60 8.40 16.80 9.60 2.00 7.20 29.20 20.80 16.00 34.80
16.80 25.20 11.20 21.60 28.40 25.60 9.20 29.60 33.60 4.00 33.60 14.80 20.40 27.60 14.80 24.00 20.80 25.20 12.00 24.40
32.40 17.20 9.20 2.00 9.20 36.00 24.00 12.00 36.00 26.80 26.00 9.60 3.60 2.80 13.20 28.40 37.60 33.20 8.40 38.40
38.80 11.60 13.20 10.80 6.00 24.00 2.80 27.20 3.20 8.40 0.40 21.20 22.40 29.60 28.00 20.00 22.40 24.00 19.60 3.60
13.20 38.40 17.60 32.00 24.80 12.40 38.00 5.60 24.40 10.00 30.80 10.40 6.80 19.20 12.80 27.20 37.60 18.40 1.20 39.60
2.00 10.00 30.80 16.80 29.20 14.40 22.40 14.40 21.20 5.60 14.00 18.00 15.60 24.40 6.00 16.80 17.60 22.40 6.80 15.60
35.20 29.20 24.80 18.40 33.60 10.00 35.60 29.60 33.60 3.60 16.80 39.60 31.60 13.20 11.20 16.40 22.00 28.00 28.80 33.20
11.60 7.60 23.60 37.20 37.20 35.60 5.60 33.20 0.80 1.60 39.60 3.20 10.80 26.40 39.60 20.00 16.40 22.00 33.60 5.60
39.60 26.00 21.20 5.20 15.20 2.00 31.20 17.20 34.40 3.20 32.80 21.20 15.60 10.00 20.00 12.40 8.40 30.00 39.20 14.80
30.80 39.20 5.20 21.20 24.00 12.80 19.20 31.20 36.40 7.60 10.40 13.20 24.80 12.40 34.40 27.60 1.20 16.80 9.20 34.40
20.40 37.20 30.00 13.20 14.00 19.20 4.40 19.20 26.80 25.60 15.60 9.60 22.80 0.40 32.80 4.00 36.00 24.80 16.80 19.60
15.60 20.80 26.80 35.20 33.20 18.80 6.40 28.80 34.40 14.00 7.20 30.80 22.40 29.20 34.00 16.80 12.80 34.00 6.40 33.60
21.60 24.80 38.80 16.00 22.40 29.20 24.40 25.60 36.80 21.20 29.60 31.20 5.20 35.60 11.20 11.60 30.40 20.40 32.00 8.40
36.00 33.60 10.00 35.60 24.40 3.20 30.40 33.20 38.00 32.40 30.00 38.40 12.80 33.20 27.20 38.40 8.00 6.40 12.00 31.20
12.00 10.80 14.40 35.60 34.00 20.40 14.00 24.40 11.60 37.20 18.40 28.40 35.20 34.80 34.00 10.80 11.20 12.40 4.80 37.20
21.60 6.00 34.00 29.20 16.00 9.60 12.80 12.40 9.60 8.80 35.20 31.20 7.20 6.40 39.20 17.20 12.80 17.60 26.00 2.00
30.40 6.80 38.40 3.60 30.80 20.40 25.20 6.40 31.60 10.40 25.20 1.60 20.80 22.40 7.20 12.40 2.00 23.20 9.60 5.60
26.00 34.40 30.80 35.20 26.80 27.20 13.20 2.40 12.00 8.00 10.00 3.20 29.20 11.60 20.40 24.40 22.80 36.80 2.80 9.20
4.00 7.20 13.60 37.60 23.20 38.80 13.60 28.80 38.80 24.40 30.40 4.40 4.00 8.80 29.60 18.00 12.00 9.20 16.00 29.20
28.00 33.20 9.60 27.60 16.40 19.60 1.60 10.00 3.60 0.80 34.00 26.00 25.20 28.40 31.60 10.40 28.00 26.40 28.00 30.40
31.20 27.60 32.80 28.80 39.60 12.80 38.80 34.00 12.80 38.80 22.40 27.20 0.40 36.80 38.80 2.80 38.00 35.20 37.20 31.60
11.60 13.20 15.60 33.20 38.40 35.20 13.60 35.60 14.00 0.80 9.60 21.20 23.20 4.40 7.60 11.20 30.00 35.20 19.60 8.80
23.60 3.20 14.40 24.00 1.20 23.60 23.20 27.20 14.00 18.80 20.00 2.40 26.40 11.60 36.80 25.20 15.60 38.40 35.60 37.60
6.40 10.80 5.20 17.20 14.40 38.40 23.60 33.20 16.00 9.20 17.20 14.40 10.00 10.40 34.80 9.20 10.40 21.20 6.80 27.20
5.20 17.20 2.40 34.80 13.20 18.00 20.40 5.60 32.80 10.80 27.20 29.20 5.60 32.80 27.60 13.20 36.80 0.40 38.00 15.60
11.60 36.80 3.20 21.20 3.20 19.60 2.80 22.00 6.80 8.40 16.80 10.80 12.40 1.60 16.80 37.20 4.00 22.40 13.20 20.00
25.60 13.20 10.40 4.00 16.00 29.20 21.60 38.80 38.40 14.40 19.60 28.80 1.20 15.20 1.20 26.80 12.80 14.80 27.20 12.40
27.60 10.40 0.80 31.60 17.20 36.40 3.20 1.20 14.40 24.80 37.20 3.60 34.00 25.60 4.80 35.60 21.20 32.80 38.80 12.00
1.60 27.20 20.80 23.60 6.40 1.60 16.80 6.40 24.00 11.60 31.20 7.20 8.00 36.00 32.40 30.00 24.80 9.60 29.20 15.20
0.40 17.60 16.40 28.40 30.00 31.60 37.60 35.60 35.20 6.80 17.20 10.40 35.60 21.60 38.80 20.00 14.00 17.60 3.20 17.20
38.00 31.20 8.00 26.00 6.00 14.00 10.40 5.60 4.80 1.20 14.40 6.40 6.00 2.40 10.40 26.00 18.00 6.00 27.20 16.00
6.40 14.80 21.20 10.00 32.40 14.80 27.60 0.40 30.40 28.00 20.40 25.60 20.00 34.00 30.80 3.60 10.80 6.40 21.60 22.40
12.00 32.40 18.00 14.40 17.20 16.80 14.00 2.40 37.60 5.60 18.00 14.80 17.60 23.20 27.60 22.40 35.20 6.00 38.00 12.40
16.00 29.60 28.00 35.20 35.20 38.00 7.60 38.40 31.20 17.60 28.80 21.20 1.20 2.80 26.80 4.80 14.00 32.40 2.40 9.20
36.80 30.00 20.40 14.80 9.20 33.60 37.60 3.20 8.80 29.20 29.60 34.80 4.80 37.60 1.60 14.40 21.20 22.40 0.40 34.00
30.80 2.80 33.20 2.80 0.40 21.20 10.40 5.20 29.60 35.60 14.40 27.20 29.20 2.00 27.20 7.60 5.20 14.00 17.20 37.60
26.80 9.20 21.60 4.40 1.60 10.80 37.20 12.80 0.80 28.40 14.00 25.60 24.40 2.40 20.40 20.00 2.80 10.80 7.60 22.00
37.20 9.60 24.80 24.40 4.00 24.40 35.20 25.60 39.60 8.40 16.40 18.80 13.60 2.00 19.60 24.00 29.60 17.20 19.20 37.60
32.00 8.40 27.20 26.40 0.80 31.60 32.40 26.80 29.60 36.00 14.40 28.80 20.80 28.40 7.20 27.60 2.00 26.00 15.20 31.20
35.20 29.20 17.20 6.00 15.60 6.00 0.80 8.00 20.40 11.20 1.20 34.00 14.80 37.60 9.60 12.80 30.80 7.20 6.80 32.40
19.20 10.80 11.20 18.80 38.80 25.60 31.20 14.80 30.80 14.40 5.20 35.60 24.40 23.60 19.60 6.80 36.40 36.40 20.00 13.60
2.80 36.40 11.20 3.20 4.40 25.20 12.40 25.20 24.40 5.20 9.60 37.60 10.80 20.40 29.20 25.60 30.80 2.00 38.80 30.80
38.40 3.20 24.80 20.00 11.20 33.20 24.00 25.20 21.20 34.00 13.60 12.40 11.20 2.40 31.60 25.60 21.20 28.80 30.40 30.80
13.20 18.80 22.40 18.80 10.80 18.00 17.60 37.60 11.60 32.80 13.60 34.40 9.60 31.60 32.40 16.00 29.60 10.00 16.40 22.40
3.20 26.00 31.60 1.60 7.60 5.60 20.40 38.80 38.80 22.80 8.80 0.40 14.00 12.00 36.80 12.40 27.20 1.20 39.20 18.80
16.00 14.40 6.00 29.60 2.40 28.40 39.60 29.60 11.20 0.40 6.80 16.00 10.40 24.40 22.80 23.60 15.60 6.00 37.60 1.20
1.60 34.80 21.20 1.60 20.00 35.60 28.00 9.20 33.60 28.80 5.60 8.40 12.80 33.20 15.60 32.80 38.00 24.80 30.80 26.00
22.00 2.00 28.00 4.40 1.20 22.40 1.20 13.60 34.80 2.80 6.80 4.00 19.20 35.60 6.00 2.40 12.80 14.00 3.60 6.80
17.20 36.40 36.00 27.60 24.40 22.00 17.60 3.20 12.40 10.00 24.00 28.80 6.40 38.40 22.40 10.40 22.80 2.80 32.40 8.40
29.20 6.80 34.40 20.80 20.80 2.40 12.00 25.60 0.80 38.80 17.60 8.40 12.00 21.60 14.40 17.20 19.20 17.20 21.20 32.40
36.00 32.80 9.20 6.80 36.40 29.60 30.00 39.60 7.60 36.00 39.60 38.80 1.20 34.00 12.40 13.60 17.20 22.80 30.00 28.80
27.20 10.40 37.60 24.40 21.20 1.60 14.00 31.20 13.20 20.40 25.60 38.40 27.60 35.20 24.00 19.20 3.60 15.60 16.00 12.00
31.60 35.60 0.80 11.60 2.00 36.00 0.40 4.40 10.40 11.20 22.00 6.00 16.80 18.40 35.60 27.20 26.40 3.20 19.20 17.60
20.00 29.20 29.20 15.60 25.60 29.20 39.60 36.00 8.80 33.20 26.80 26.40 5.60 32.00 25.60 29.60 6.00 12.40 12.00 5.20
24.80 36.00 5.20 26.80 27.60 13.60 22.80 24.40 11.20 36.40 31.20 20.40 22.40 7.60 14.40 34.40 25.60 16.80 19.60 36.00
18.80 4.00 23.60 11.20 39.60 6.40 7.20 15.20 10.00 32.00 4.80 4.00 18.00 26.80 28.80 20.40 18.00 2.40 26.40 30.80
8.80 25.20 12.00 8.80 12.80 4.00 34.00 12.00 11.60 3.60 38.40 22.00 24.40 3.20 16.80 17.20 34.40 2.00 22.40 8.80
21.60 32.40 18.80 36.00 17.20 2.80 6.40 24.40 2.40 23.60 5.20 3.20 23.20 31.20 7.60 7.20 22.40 31.60 15.60 30.00
37.60 0.40 24.80 20.40 39.60 5.60 6.80 30.40 6.40 10.80 21.20 8.80 12.00 23.20 26.80 10.80 28.40 22.40 27.20 34.80
9.20 20.40 8.80 26.40 11.60 4.40 24.80 27.60 20.40 27.60 28.00 28.80 12.40 16.40 31.20 22.80 24.80 8.00 27.60 9.60
5.60 26.00 29.20 23.20 29.20 20.80 30.80 38.80 18.80 0.80 32.00 9.20 17.60 20.40 4.80 23.60 28.40 34.00 12.80 33.20
24.00 9.60 8.80 25.20 5.60 2.00 24.80 18.00 10.40 16.40 20.80 18.00 20.40 29.60 22.80 13.20 31.20 37.60 28.00 8.40
5.20 8.80 18.40 17.20 31.60 20.00 20.40 15.20 17.60 32.40 30.80 36.00 6.80 28.00 10.40 8.40 5.20 37.60 19.60 16.40
8.80 39.20 32.40 30.80 21.60 19.20 2.40 14.40 33.20 3.20 6.80 30.00 37.60 15.20 11.20 39.20 29.20 32.00 28.00 8.80
22.80 37.20 5.20 37.20 18.40 17.20 19.60 1.20 26.40 9.60 31.60 16.80 34.00 9.60 22.80 38.40 16.00 23.20 21.60 16.00
9.20 39.60 15.20 3.20 13.20 4.40 18.00 12.00 31.20 32.80 20.40 36.80 1.20 20.80 29.60 31.60 1.60 25.20 24.00 13.20
38.80 28.80 12.40 11.60 34.80 39.60 35.20 10.40 24.00 14.00 30.80 22.80 23.60 6.80 3.20 36.40 11.60 24.00 11.20 29.20
4.40 22.80 33.20 39.20 11.20 34.40 38.80 18.00 8.80 28.80 39.60 0.40 21.60 37.20 12.00 36.40 33.20 31.60 15.60 13.20
21.20 26.80 14.80 39.20 31.20 28.00 20.80 34.00 16.40 30.40 4.80 17.60 14.40 38.00 12.40 35.60 25.20 10.40 28.40 16.40
1.20 24.00 23.60 6.80 10.80 30.80 22.80 13.20 26.40 36.40 5.20 8.40 16.80 14.00 14.40 36.80 36.00 7.60 27.20 2.00
7.20 0.80 39.20 22.40 21.20 15.60 18.00 4.40 25.60 7.20 14.00 20.80 38.40 8.80 33.60 12.00 26.80 1.60 38.00 18.80
26.40 19.20 8.40 7.60 4.40 8.40 8.00 33.20 1.20 18.00 8.00 38.40 27.60 21.60 32.80 14.40 7.20 23.20 28.80 27.60
30.00 28.80 26.00 21.20 39.60 10.80 31.20 38.80 6.80 33.20 2.40 9.60 32.00 12.40 19.60 11.20 16.00 26.80 8.40 0.40
20.40 37.20 3.20 1.60 18.00 32.80 8.40 26.80 31.20 38.00 2.40 27.60 10.40 1.20 14.00 12.40 39.20 22.00 18.40 32.00
32.40 30.00 20.00 39.20 3.20 16.80 9.60 30.40 19.20 11.60 36.40 30.40 13.20 13.60 33.20 10.00 37.60 31.60 6.80 3.60
36.00 18.00 10.80 4.80 25.60 32.40 12.80 11.20 22.40 27.60 26.40 24.40 0.80 17.20 27.60 31.60 33.60 21.20 34.00 35.20
6.80 16.40 11.60 26.00 30.80 28.80 2.40 6.00 8.00 5.60 29.20 23.60 24.40 8.00 0.40 18.00 38.40 15.60 36.80 36.40
2.40 38.40 0.40 21.20 11.60 36.80 21.60 36.00 14.40 2.00 35.20 34.80 18.80 29.20 27.60 17.20 32.40 5.20 31.60 6.40
31.60 8.00 0.80 9.20 37.60 23.20 36.40 4.80 36.40 36.80 10.00 32.40 2.40 34.80 20.00 32.00 29.20 13.60 22.80 26.00
28.40 12.40 7.60 28.80 6.40 37.20 29.20 35.20 38.00 6.80 6.40 37.60 38.00 11.60 3.60 12.00 21.60 4.80 2.80 1.60
38.80 37.60 8.80 2.80 18.00 24.40 18.80 3.60 32.40 37.20 14.80 20.00 19.20 20.40 20.80 11.60 15.20 11.20 32.40 34.00
30.40 18.00 16.80 30.00 12.00 27.20 23.20 39.60 39.20 22.00 23.20 13.20 17.60 28.00 39.60 19.20 14.40 22.80 29.20 2.40
