# nJobs | nMachines
20 5
# Job Weights
40
61
100
42
70
23
72
54
94
86
52
42
8
93
10
1
72
97
64
24
# P_bar : m1 | m2 | m3 | m4 | m5
27 79 22 93 38
92 23 93 22 84
75 66 62 64 62
94 5 53 81 10
18 15 30 94 11
41 51 34 97 93
37 2 27 54 57
58 81 30 82 81
56 12 54 11 10
20 40 77 91 40
2 59 24 23 62
39 32 47 32 49
91 16 39 26 90
81 87 66 22 34
33 78 41 12 11
14 41 46 23 81
88 43 24 34 51
22 94 23 87 21
36 1 68 59 39
65 93 50 2 27
# P_hat : m1 | m2 | m3 | m4 | m5
5.40 15.80 4.40 18.60 7.60
18.40 4.60 18.60 4.40 16.80
15.00 13.20 12.40 12.80 12.40
18.80 1.00 10.60 16.20 2.00
3.60 3.00 6.00 18.80 2.20
8.20 10.20 6.80 19.40 18.60
7.40 0.40 5.40 10.80 11.40
11.60 16.20 6.00 16.40 16.20
11.20 2.40 10.80 2.20 2.00
4.00 8.00 15.40 18.20 8.00
0.40 11.80 4.80 4.60 12.40
7.80 6.40 9.40 6.40 9.80
18.20 3.20 7.80 5.20 18.00
16.20 17.40 13.20 4.40 6.80
6.60 15.60 8.20 2.40 2.20
2.80 8.20 9.20 4.60 16.20
17.60 8.60 4.80 6.80 10.20
4.40 18.80 4.60 17.40 4.20
7.20 0.20 13.60 11.80 7.80
13.00 18.60 10.00 0.40 5.40
