# nJobs | nMachines
50 5
# Job Weights
83
13
48
87
47
30
15
78
42
19
63
96
72
21
52
99
63
20
17
22
58
74
22
80
48
73
23
51
12
21
89
78
25
80
20
19
1
57
75
39
8
68
96
79
91
60
97
32
14
64
# P_bar : m1 | m2 | m3 | m4 | m5
12 26 27 52 24
72 89 97 30 57
29 86 53 62 68
16 10 16 8 58
22 16 36 45 76
61 72 28 77 70
69 96 50 90 72
71 47 41 52 56
86 9 42 39 56
16 56 86 95 55
54 8 2 86 89
53 69 45 15 23
64 87 86 98 42
96 84 43 59 26
79 62 92 22 87
68 52 73 43 17
98 82 99 85 38
87 66 84 93 24
40 67 83 6 82
74 33 61 46 55
22 3 7 51 47
23 53 8 97 7
47 95 62 79 99
55 42 3 46 89
21 59 21 71 20
90 77 50 18 65
68 38 71 33 3
14 12 95 13 45
42 1 70 3 89
41 66 60 32 96
40 24 4 28 16
63 17 58 48 42
23 58 16 8 70
75 71 30 42 69
4 88 80 26 77
31 63 71 26 46
87 60 59 95 20
25 86 75 44 71
47 8 52 74 91
70 8 25 82 8
1 44 86 28 34
49 99 48 4 72
59 80 53 42 40
11 76 54 81 82
93 94 98 56 60
38 75 36 38 59
5 63 9 50 59
43 57 78 12 43
82 76 80 43 72
33 34 88 51 10
# P_hat : m1 | m2 | m3 | m4 | m5
4.80 10.40 10.80 20.80 9.60
28.80 35.60 38.80 12.00 22.80
11.60 34.40 21.20 24.80 27.20
6.40 4.00 6.40 3.20 23.20
8.80 6.40 14.40 18.00 30.40
24.40 28.80 11.20 30.80 28.00
27.60 38.40 20.00 36.00 28.80
28.40 18.80 16.40 20.80 22.40
34.40 3.60 16.80 15.60 22.40
6.40 22.40 34.40 38.00 22.00
21.60 3.20 0.80 34.40 35.60
21.20 27.60 18.00 6.00 9.20
25.60 34.80 34.40 39.20 16.80
38.40 33.60 17.20 23.60 10.40
31.60 24.80 36.80 8.80 34.80
27.20 20.80 29.20 17.20 6.80
39.20 32.80 39.60 34.00 15.20
34.80 26.40 33.60 37.20 9.60
16.00 26.80 33.20 2.40 32.80
29.60 13.20 24.40 18.40 22.00
8.80 1.20 2.80 20.40 18.80
9.20 21.20 3.20 38.80 2.80
18.80 38.00 24.80 31.60 39.60
22.00 16.80 1.20 18.40 35.60
8.40 23.60 8.40 28.40 8.00
36.00 30.80 20.00 7.20 26.00
27.20 15.20 28.40 13.20 1.20
5.60 4.80 38.00 5.20 18.00
16.80 0.40 28.00 1.20 35.60
16.40 26.40 24.00 12.80 38.40
16.00 9.60 1.60 11.20 6.40
25.20 6.80 23.20 19.20 16.80
9.20 23.20 6.40 3.20 28.00
30.00 28.40 12.00 16.80 27.60
1.60 35.20 32.00 10.40 30.80
12.40 25.20 28.40 10.40 18.40
34.80 24.00 23.60 38.00 8.00
10.00 34.40 30.00 17.60 28.40
18.80 3.20 20.80 29.60 36.40
28.00 3.20 10.00 32.80 3.20
0.40 17.60 34.40 11.20 13.60
19.60 39.60 19.20 1.60 28.80
23.60 32.00 21.20 16.80 16.00
4.40 30.40 21.60 32.40 32.80
37.20 37.60 39.20 22.40 24.00
15.20 30.00 14.40 15.20 23.60
2.00 25.20 3.60 20.00 23.60
17.20 22.80 31.20 4.80 17.20
32.80 30.40 32.00 17.20 28.80
13.20 13.60 35.20 20.40 4.00
