# nJobs | nMachines
200 10
# Job Weights
50
39
63
37
4
38
29
56
78
9
72
36
42
96
97
39
37
38
28
54
73
88
60
76
25
5
27
40
82
94
26
11
36
32
46
11
37
63
8
85
64
96
21
26
69
61
5
36
85
23
93
13
78
36
86
93
60
44
16
2
10
1
61
42
73
74
84
58
90
10
8
5
23
40
73
51
53
73
22
30
94
2
7
60
66
8
77
35
45
99
94
67
85
96
4
5
30
21
85
69
1
80
35
19
22
76
71
74
8
28
59
88
72
96
22
35
64
8
36
34
6
83
49
8
31
52
67
88
56
25
79
8
28
49
25
4
91
13
6
41
82
7
13
24
52
16
18
92
57
89
45
71
54
48
49
77
12
70
74
83
11
58
40
88
75
15
54
77
95
56
44
12
14
64
54
91
24
79
14
27
26
25
93
81
54
2
11
8
68
59
20
40
18
77
85
41
90
70
3
84
# P_bar : m1 | m2 | m3 | m4 | m5 | m6 | m7 | m8 | m9 | m10
51 25 97 83 42 44 45 69 78 34
36 56 99 11 9 39 50 56 50 17
26 21 2 73 69 29 79 80 21 39
84 11 68 4 37 17 28 92 31 92
92 3 20 73 72 3 88 85 43 77
80 36 65 98 46 21 81 50 10 33
39 42 74 9 50 40 35 40 88 85
29 32 26 36 54 94 53 87 24 83
63 84 19 86 87 88 21 99 86 86
95 68 27 50 39 52 65 86 46 51
46 59 34 20 6 15 86 41 17 69
19 22 44 38 65 71 84 42 4 14
66 62 32 92 91 55 27 65 36 24
98 50 1 16 92 2 44 61 16 42
90 72 6 76 95 53 11 63 98 16
41 76 62 63 48 85 57 48 30 11
9 80 57 18 21 54 41 97 31 75
11 20 85 93 19 3 11 96 72 73
96 95 23 32 80 70 89 40 71 62
69 18 6 65 53 38 83 86 71 89
33 21 69 2 81 67 43 66 95 79
71 45 39 40 84 42 24 13 12 40
64 60 58 81 40 38 76 82 75 32
90 83 82 92 28 34 6 85 70 65
13 65 12 65 71 15 71 78 56 77
45 83 28 51 33 17 33 14 93 62
83 55 71 49 41 56 53 86 12 84
53 59 23 39 76 86 46 61 92 6
3 31 52 10 70 43 36 32 94 13
94 90 12 83 48 16 21 32 3 20
87 52 93 68 75 59 21 7 9 73
11 2 97 36 11 54 35 50 6 39
26 35 48 80 10 61 15 61 55 1
66 86 66 33 73 8 62 93 65 98
58 68 6 38 32 49 22 77 2 19
54 93 44 41 21 82 55 70 91 24
20 23 93 83 17 30 32 53 97 44
50 75 39 61 46 15 38 82 4 88
19 79 69 77 75 60 35 99 83 17
49 34 27 61 54 14 10 24 87 90
68 51 72 97 51 96 42 35 84 13
54 46 81 2 57 84 59 77 32 29
26 25 86 59 15 89 78 86 3 70
35 54 60 82 30 91 29 96 17 70
93 8 52 5 20 68 97 97 55 92
6 49 13 35 98 45 7 39 42 71
76 68 31 62 89 75 28 53 67 93
61 56 34 81 36 87 35 21 16 90
76 25 91 71 89 62 69 27 85 11
65 92 56 27 8 51 83 34 4 88
58 1 7 4 26 52 75 68 55 8
31 79 85 10 47 65 16 89 16 17
60 62 71 75 75 62 75 98 91 36
52 1 54 58 3 92 92 7 62 78
18 45 60 74 1 21 51 19 63 50
45 84 92 86 47 53 61 23 89 21
9 22 83 39 97 46 41 40 30 17
18 35 67 38 67 50 33 27 8 22
73 61 16 84 13 90 92 11 23 92
79 64 4 15 14 79 66 84 8 13
24 9 28 88 66 17 62 7 83 64
96 36 92 77 4 91 27 62 37 90
23 29 81 5 60 35 32 27 65 3
53 15 76 6 73 34 77 9 18 13
38 74 63 42 33 66 52 61 1 28
79 68 77 22 70 30 82 29 29 91
20 78 47 1 27 63 41 93 47 22
51 92 74 61 8 35 53 26 48 72
45 94 95 64 83 77 70 37 8 10
50 73 23 16 99 56 53 12 31 15
56 43 70 37 27 69 72 78 13 82
64 17 6 18 47 80 49 68 59 14
30 82 12 1 53 82 7 8 89 25
21 36 4 2 75 47 65 9 9 66
23 81 74 50 79 96 34 86 36 54
4 66 90 4 6 77 96 39 69 83
86 66 68 16 99 80 59 90 41 5
63 83 86 99 36 13 78 47 63 61
19 87 19 51 34 18 14 88 31 77
6 30 35 74 66 19 74 67 5 85
83 91 25 56 77 26 85 58 35 13
98 63 72 2 38 67 43 63 46 33
42 24 77 62 43 89 98 23 93 29
72 98 2 56 52 42 93 6 36 7
80 9 44 59 97 93 78 15 56 20
68 79 60 75 8 23 8 13 16 50
66 85 52 54 42 66 51 86 43 22
58 4 82 92 95 34 87 90 94 26
41 14 62 18 57 48 13 18 33 37
48 50 98 21 84 13 17 15 13 14
85 60 33 23 93 22 14 30 35 54
52 59 7 96 19 65 21 10 16 65
28 87 42 55 71 52 52 8 45 35
76 98 98 32 51 18 16 65 25 28
74 28 52 9 44 64 21 77 42 78
34 77 35 24 18 48 1 84 31 73
96 11 96 70 16 83 74 20 42 20
18 26 83 16 63 50 71 18 47 61
2 14 13 13 77 93 86 76 75 57
85 44 37 49 81 26 37 98 9 97
35 9 64 63 26 27 32 5 44 29
57 32 28 97 39 66 3 68 74 88
78 57 30 40 47 10 47 4 56 84
18 93 56 84 65 52 99 25 37 71
47 50 38 12 16 3 51 46 47 9
4 46 57 21 47 81 36 44 50 55
71 84 91 16 3 67 34 57 70 28
33 28 24 48 62 12 72 20 74 12
32 66 38 53 56 77 79 9 50 17
32 62 73 31 41 96 33 10 4 98
57 17 32 22 11 85 36 64 36 93
92 25 7 72 42 66 70 77 81 80
89 41 70 28 34 45 67 49 72 99
13 6 62 69 56 37 65 63 55 90
24 94 5 39 95 95 63 83 38 33
60 87 90 10 99 40 72 12 64 81
45 36 57 53 78 33 36 52 6 31
69 94 41 59 78 26 36 56 21 62
24 40 63 77 69 83 60 57 92 39
70 64 57 13 47 46 42 79 52 9
80 76 25 12 52 68 78 32 96 79
82 43 93 73 24 83 30 31 46 47
11 27 76 22 66 94 11 45 28 36
38 13 5 29 73 9 67 23 13 18
60 37 61 13 65 1 77 2 52 31
74 35 46 96 6 26 34 48 46 72
11 93 82 4 17 71 11 27 73 65
71 31 58 45 96 9 60 19 31 35
81 84 71 32 62 93 76 95 31 73
6 84 8 40 25 76 67 75 99 41
21 74 18 75 68 3 9 24 33 47
89 71 17 39 34 10 33 49 23 66
34 80 91 86 38 99 77 31 69 33
41 73 94 63 99 88 37 85 80 12
97 19 17 52 41 11 75 21 71 57
62 63 3 62 46 84 84 39 40 28
53 51 41 56 75 43 84 56 97 73
75 27 6 70 26 65 16 85 90 87
68 73 44 78 65 38 37 70 11 39
9 91 58 85 59 16 20 76 24 67
64 59 48 89 41 20 21 62 91 81
1 92 82 98 45 71 80 61 93 93
66 69 25 9 61 75 83 18 97 17
26 31 91 5 47 12 20 22 92 25
45 71 58 90 99 23 99 25 60 63
97 75 87 9 32 17 52 3 30 32
43 26 13 69 87 61 52 58 40 24
6 98 8 73 44 79 95 11 36 89
90 68 19 24 8 32 49 19 16 27
23 1 89 67 50 11 80 41 27 93
14 74 89 13 38 65 63 73 4 69
51 58 1 49 74 48 96 47 74 76
69 6 88 25 59 63 82 12 15 86
24 30 39 12 57 51 36 64 36 88
86 63 54 94 7 17 11 69 51 67
61 30 87 14 77 91 33 61 87 39
57 50 39 2 52 14 70 5 94 71
74 36 93 98 86 99 1 30 51 76
76 72 48 73 83 69 7 17 7 67
63 37 93 51 54 60 42 4 25 95
28 98 1 7 73 67 52 33 75 6
87 99 25 58 75 76 91 38 88 90
14 30 66 20 97 33 54 59 45 87
26 2 98 39 5 2 70 65 93 49
4 2 54 33 94 9 49 68 12 25
10 95 92 65 29 72 52 16 44 37
82 90 83 33 92 94 1 67 89 1
65 45 81 43 47 76 29 6 19 68
91 84 90 1 86 54 53 12 93 32
39 86 36 73 58 84 58 27 71 67
26 88 84 24 23 62 42 93 8 45
55 18 55 6 34 31 56 22 15 65
89 94 82 32 64 30 35 95 1 48
89 24 19 28 9 33 15 10 35 12
65 26 38 99 31 11 13 60 60 86
79 94 39 42 93 21 94 14 45 37
77 63 5 71 90 41 77 75 78 6
48 15 1 62 9 61 69 73 44 94
84 81 50 75 2 85 39 25 33 58
44 21 44 15 96 49 69 6 78 38
10 22 38 75 39 29 35 60 6 49
82 50 56 7 26 81 42 5 80 51
36 80 5 82 99 73 14 97 40 9
1 10 74 66 83 82 1 14 12 46
55 33 31 9 54 11 44 89 38 98
96 51 29 13 34 15 9 11 42 40
56 37 21 40 81 55 45 77 98 72
43 21 12 40 8 13 51 77 38 26
24 41 14 90 81 33 10 67 12 15
76 38 75 48 43 40 55 45 96 98
2 12 95 97 27 48 64 12 14 37
31 10 1 11 51 84 79 40 32 46
5 49 32 29 13 89 4 65 37 74
30 12 93 10 87 3 50 26 39 61
74 50 56 42 34 26 54 28 33 16
60 28 27 88 42 82 16 51 43 98
99 58 71 73 16 74 86 20 71 26
7 4 29 21 19 84 35 46 33 61
97 33 28 40 99 43 95 85 99 31
26 80 46 26 6 97 94 49 24 4
# P_hat : m1 | m2 | m3 | m4 | m5 | m6 | m7 | m8 | m9 | m10
25.50 12.50 48.50 41.50 21.00 22.00 22.50 34.50 39.00 17.00
18.00 28.00 49.50 5.50 4.50 19.50 25.00 28.00 25.00 8.50
13.00 10.50 1.00 36.50 34.50 14.50 39.50 40.00 10.50 19.50
42.00 5.50 34.00 2.00 18.50 8.50 14.00 46.00 15.50 46.00
46.00 1.50 10.00 36.50 36.00 1.50 44.00 42.50 21.50 38.50
40.00 18.00 32.50 49.00 23.00 10.50 40.50 25.00 5.00 16.50
19.50 21.00 37.00 4.50 25.00 20.00 17.50 20.00 44.00 42.50
14.50 16.00 13.00 18.00 27.00 47.00 26.50 43.50 12.00 41.50
31.50 42.00 9.50 43.00 43.50 44.00 10.50 49.50 43.00 43.00
47.50 34.00 13.50 25.00 19.50 26.00 32.50 43.00 23.00 25.50
23.00 29.50 17.00 10.00 3.00 7.50 43.00 20.50 8.50 34.50
9.50 11.00 22.00 19.00 32.50 35.50 42.00 21.00 2.00 7.00
33.00 31.00 16.00 46.00 45.50 27.50 13.50 32.50 18.00 12.00
49.00 25.00 0.50 8.00 46.00 1.00 22.00 30.50 8.00 21.00
45.00 36.00 3.00 38.00 47.50 26.50 5.50 31.50 49.00 8.00
20.50 38.00 31.00 31.50 24.00 42.50 28.50 24.00 15.00 5.50
4.50 40.00 28.50 9.00 10.50 27.00 20.50 48.50 15.50 37.50
5.50 10.00 42.50 46.50 9.50 1.50 5.50 48.00 36.00 36.50
48.00 47.50 11.50 16.00 40.00 35.00 44.50 20.00 35.50 31.00
34.50 9.00 3.00 32.50 26.50 19.00 41.50 43.00 35.50 44.50
16.50 10.50 34.50 1.00 40.50 33.50 21.50 33.00 47.50 39.50
35.50 22.50 19.50 20.00 42.00 21.00 12.00 6.50 6.00 20.00
32.00 30.00 29.00 40.50 20.00 19.00 38.00 41.00 37.50 16.00
45.00 41.50 41.00 46.00 14.00 17.00 3.00 42.50 35.00 32.50
6.50 32.50 6.00 32.50 35.50 7.50 35.50 39.00 28.00 38.50
22.50 41.50 14.00 25.50 16.50 8.50 16.50 7.00 46.50 31.00
41.50 27.50 35.50 24.50 20.50 28.00 26.50 43.00 6.00 42.00
26.50 29.50 11.50 19.50 38.00 43.00 23.00 30.50 46.00 3.00
1.50 15.50 26.00 5.00 35.00 21.50 18.00 16.00 47.00 6.50
47.00 45.00 6.00 41.50 24.00 8.00 10.50 16.00 1.50 10.00
43.50 26.00 46.50 34.00 37.50 29.50 10.50 3.50 4.50 36.50
5.50 1.00 48.50 18.00 5.50 27.00 17.50 25.00 3.00 19.50
13.00 17.50 24.00 40.00 5.00 30.50 7.50 30.50 27.50 0.50
33.00 43.00 33.00 16.50 36.50 4.00 31.00 46.50 32.50 49.00
29.00 34.00 3.00 19.00 16.00 24.50 11.00 38.50 1.00 9.50
27.00 46.50 22.00 20.50 10.50 41.00 27.50 35.00 45.50 12.00
10.00 11.50 46.50 41.50 8.50 15.00 16.00 26.50 48.50 22.00
25.00 37.50 19.50 30.50 23.00 7.50 19.00 41.00 2.00 44.00
9.50 39.50 34.50 38.50 37.50 30.00 17.50 49.50 41.50 8.50
24.50 17.00 13.50 30.50 27.00 7.00 5.00 12.00 43.50 45.00
34.00 25.50 36.00 48.50 25.50 48.00 21.00 17.50 42.00 6.50
27.00 23.00 40.50 1.00 28.50 42.00 29.50 38.50 16.00 14.50
13.00 12.50 43.00 29.50 7.50 44.50 39.00 43.00 1.50 35.00
17.50 27.00 30.00 41.00 15.00 45.50 14.50 48.00 8.50 35.00
46.50 4.00 26.00 2.50 10.00 34.00 48.50 48.50 27.50 46.00
3.00 24.50 6.50 17.50 49.00 22.50 3.50 19.50 21.00 35.50
38.00 34.00 15.50 31.00 44.50 37.50 14.00 26.50 33.50 46.50
30.50 28.00 17.00 40.50 18.00 43.50 17.50 10.50 8.00 45.00
38.00 12.50 45.50 35.50 44.50 31.00 34.50 13.50 42.50 5.50
32.50 46.00 28.00 13.50 4.00 25.50 41.50 17.00 2.00 44.00
29.00 0.50 3.50 2.00 13.00 26.00 37.50 34.00 27.50 4.00
15.50 39.50 42.50 5.00 23.50 32.50 8.00 44.50 8.00 8.50
30.00 31.00 35.50 37.50 37.50 31.00 37.50 49.00 45.50 18.00
26.00 0.50 27.00 29.00 1.50 46.00 46.00 3.50 31.00 39.00
9.00 22.50 30.00 37.00 0.50 10.50 25.50 9.50 31.50 25.00
22.50 42.00 46.00 43.00 23.50 26.50 30.50 11.50 44.50 10.50
4.50 11.00 41.50 19.50 48.50 23.00 20.50 20.00 15.00 8.50
9.00 17.50 33.50 19.00 33.50 25.00 16.50 13.50 4.00 11.00
36.50 30.50 8.00 42.00 6.50 45.00 46.00 5.50 11.50 46.00
39.50 32.00 2.00 7.50 7.00 39.50 33.00 42.00 4.00 6.50
12.00 4.50 14.00 44.00 33.00 8.50 31.00 3.50 41.50 32.00
48.00 18.00 46.00 38.50 2.00 45.50 13.50 31.00 18.50 45.00
11.50 14.50 40.50 2.50 30.00 17.50 16.00 13.50 32.50 1.50
26.50 7.50 38.00 3.00 36.50 17.00 38.50 4.50 9.00 6.50
19.00 37.00 31.50 21.00 16.50 33.00 26.00 30.50 0.50 14.00
39.50 34.00 38.50 11.00 35.00 15.00 41.00 14.50 14.50 45.50
10.00 39.00 23.50 0.50 13.50 31.50 20.50 46.50 23.50 11.00
25.50 46.00 37.00 30.50 4.00 17.50 26.50 13.00 24.00 36.00
22.50 47.00 47.50 32.00 41.50 38.50 35.00 18.50 4.00 5.00
25.00 36.50 11.50 8.00 49.50 28.00 26.50 6.00 15.50 7.50
28.00 21.50 35.00 18.50 13.50 34.50 36.00 39.00 6.50 41.00
32.00 8.50 3.00 9.00 23.50 40.00 24.50 34.00 29.50 7.00
15.00 41.00 6.00 0.50 26.50 41.00 3.50 4.00 44.50 12.50
10.50 18.00 2.00 1.00 37.50 23.50 32.50 4.50 4.50 33.00
11.50 40.50 37.00 25.00 39.50 48.00 17.00 43.00 18.00 27.00
2.00 33.00 45.00 2.00 3.00 38.50 48.00 19.50 34.50 41.50
43.00 33.00 34.00 8.00 49.50 40.00 29.50 45.00 20.50 2.50
31.50 41.50 43.00 49.50 18.00 6.50 39.00 23.50 31.50 30.50
9.50 43.50 9.50 25.50 17.00 9.00 7.00 44.00 15.50 38.50
3.00 15.00 17.50 37.00 33.00 9.50 37.00 33.50 2.50 42.50
41.50 45.50 12.50 28.00 38.50 13.00 42.50 29.00 17.50 6.50
49.00 31.50 36.00 1.00 19.00 33.50 21.50 31.50 23.00 16.50
21.00 12.00 38.50 31.00 21.50 44.50 49.00 11.50 46.50 14.50
36.00 49.00 1.00 28.00 26.00 21.00 46.50 3.00 18.00 3.50
40.00 4.50 22.00 29.50 48.50 46.50 39.00 7.50 28.00 10.00
34.00 39.50 30.00 37.50 4.00 11.50 4.00 6.50 8.00 25.00
33.00 42.50 26.00 27.00 21.00 33.00 25.50 43.00 21.50 11.00
29.00 2.00 41.00 46.00 47.50 17.00 43.50 45.00 47.00 13.00
20.50 7.00 31.00 9.00 28.50 24.00 6.50 9.00 16.50 18.50
24.00 25.00 49.00 10.50 42.00 6.50 8.50 7.50 6.50 7.00
42.50 30.00 16.50 11.50 46.50 11.00 7.00 15.00 17.50 27.00
26.00 29.50 3.50 48.00 9.50 32.50 10.50 5.00 8.00 32.50
14.00 43.50 21.00 27.50 35.50 26.00 26.00 4.00 22.50 17.50
38.00 49.00 49.00 16.00 25.50 9.00 8.00 32.50 12.50 14.00
37.00 14.00 26.00 4.50 22.00 32.00 10.50 38.50 21.00 39.00
17.00 38.50 17.50 12.00 9.00 24.00 0.50 42.00 15.50 36.50
48.00 5.50 48.00 35.00 8.00 41.50 37.00 10.00 21.00 10.00
9.00 13.00 41.50 8.00 31.50 25.00 35.50 9.00 23.50 30.50
1.00 7.00 6.50 6.50 38.50 46.50 43.00 38.00 37.50 28.50
42.50 22.00 18.50 24.50 40.50 13.00 18.50 49.00 4.50 48.50
17.50 4.50 32.00 31.50 13.00 13.50 16.00 2.50 22.00 14.50
28.50 16.00 14.00 48.50 19.50 33.00 1.50 34.00 37.00 44.00
39.00 28.50 15.00 20.00 23.50 5.00 23.50 2.00 28.00 42.00
9.00 46.50 28.00 42.00 32.50 26.00 49.50 12.50 18.50 35.50
23.50 25.00 19.00 6.00 8.00 1.50 25.50 23.00 23.50 4.50
2.00 23.00 28.50 10.50 23.50 40.50 18.00 22.00 25.00 27.50
35.50 42.00 45.50 8.00 1.50 33.50 17.00 28.50 35.00 14.00
16.50 14.00 12.00 24.00 31.00 6.00 36.00 10.00 37.00 6.00
16.00 33.00 19.00 26.50 28.00 38.50 39.50 4.50 25.00 8.50
16.00 31.00 36.50 15.50 20.50 48.00 16.50 5.00 2.00 49.00
28.50 8.50 16.00 11.00 5.50 42.50 18.00 32.00 18.00 46.50
46.00 12.50 3.50 36.00 21.00 33.00 35.00 38.50 40.50 40.00
44.50 20.50 35.00 14.00 17.00 22.50 33.50 24.50 36.00 49.50
6.50 3.00 31.00 34.50 28.00 18.50 32.50 31.50 27.50 45.00
12.00 47.00 2.50 19.50 47.50 47.50 31.50 41.50 19.00 16.50
30.00 43.50 45.00 5.00 49.50 20.00 36.00 6.00 32.00 40.50
22.50 18.00 28.50 26.50 39.00 16.50 18.00 26.00 3.00 15.50
34.50 47.00 20.50 29.50 39.00 13.00 18.00 28.00 10.50 31.00
12.00 20.00 31.50 38.50 34.50 41.50 30.00 28.50 46.00 19.50
35.00 32.00 28.50 6.50 23.50 23.00 21.00 39.50 26.00 4.50
40.00 38.00 12.50 6.00 26.00 34.00 39.00 16.00 48.00 39.50
41.00 21.50 46.50 36.50 12.00 41.50 15.00 15.50 23.00 23.50
5.50 13.50 38.00 11.00 33.00 47.00 5.50 22.50 14.00 18.00
19.00 6.50 2.50 14.50 36.50 4.50 33.50 11.50 6.50 9.00
30.00 18.50 30.50 6.50 32.50 0.50 38.50 1.00 26.00 15.50
37.00 17.50 23.00 48.00 3.00 13.00 17.00 24.00 23.00 36.00
5.50 46.50 41.00 2.00 8.50 35.50 5.50 13.50 36.50 32.50
35.50 15.50 29.00 22.50 48.00 4.50 30.00 9.50 15.50 17.50
40.50 42.00 35.50 16.00 31.00 46.50 38.00 47.50 15.50 36.50
3.00 42.00 4.00 20.00 12.50 38.00 33.50 37.50 49.50 20.50
10.50 37.00 9.00 37.50 34.00 1.50 4.50 12.00 16.50 23.50
44.50 35.50 8.50 19.50 17.00 5.00 16.50 24.50 11.50 33.00
17.00 40.00 45.50 43.00 19.00 49.50 38.50 15.50 34.50 16.50
20.50 36.50 47.00 31.50 49.50 44.00 18.50 42.50 40.00 6.00
48.50 9.50 8.50 26.00 20.50 5.50 37.50 10.50 35.50 28.50
31.00 31.50 1.50 31.00 23.00 42.00 42.00 19.50 20.00 14.00
26.50 25.50 20.50 28.00 37.50 21.50 42.00 28.00 48.50 36.50
37.50 13.50 3.00 35.00 13.00 32.50 8.00 42.50 45.00 43.50
34.00 36.50 22.00 39.00 32.50 19.00 18.50 35.00 5.50 19.50
4.50 45.50 29.00 42.50 29.50 8.00 10.00 38.00 12.00 33.50
32.00 29.50 24.00 44.50 20.50 10.00 10.50 31.00 45.50 40.50
0.50 46.00 41.00 49.00 22.50 35.50 40.00 30.50 46.50 46.50
33.00 34.50 12.50 4.50 30.50 37.50 41.50 9.00 48.50 8.50
13.00 15.50 45.50 2.50 23.50 6.00 10.00 11.00 46.00 12.50
22.50 35.50 29.00 45.00 49.50 11.50 49.50 12.50 30.00 31.50
48.50 37.50 43.50 4.50 16.00 8.50 26.00 1.50 15.00 16.00
21.50 13.00 6.50 34.50 43.50 30.50 26.00 29.00 20.00 12.00
3.00 49.00 4.00 36.50 22.00 39.50 47.50 5.50 18.00 44.50
45.00 34.00 9.50 12.00 4.00 16.00 24.50 9.50 8.00 13.50
11.50 0.50 44.50 33.50 25.00 5.50 40.00 20.50 13.50 46.50
7.00 37.00 44.50 6.50 19.00 32.50 31.50 36.50 2.00 34.50
25.50 29.00 0.50 24.50 37.00 24.00 48.00 23.50 37.00 38.00
34.50 3.00 44.00 12.50 29.50 31.50 41.00 6.00 7.50 43.00
12.00 15.00 19.50 6.00 28.50 25.50 18.00 32.00 18.00 44.00
43.00 31.50 27.00 47.00 3.50 8.50 5.50 34.50 25.50 33.50
30.50 15.00 43.50 7.00 38.50 45.50 16.50 30.50 43.50 19.50
28.50 25.00 19.50 1.00 26.00 7.00 35.00 2.50 47.00 35.50
37.00 18.00 46.50 49.00 43.00 49.50 0.50 15.00 25.50 38.00
38.00 36.00 24.00 36.50 41.50 34.50 3.50 8.50 3.50 33.50
31.50 18.50 46.50 25.50 27.00 30.00 21.00 2.00 12.50 47.50
14.00 49.00 0.50 3.50 36.50 33.50 26.00 16.50 37.50 3.00
43.50 49.50 12.50 29.00 37.50 38.00 45.50 19.00 44.00 45.00
7.00 15.00 33.00 10.00 48.50 16.50 27.00 29.50 22.50 43.50
13.00 1.00 49.00 19.50 2.50 1.00 35.00 32.50 46.50 24.50
2.00 1.00 27.00 16.50 47.00 4.50 24.50 34.00 6.00 12.50
5.00 47.50 46.00 32.50 14.50 36.00 26.00 8.00 22.00 18.50
41.00 45.00 41.50 16.50 46.00 47.00 0.50 33.50 44.50 0.50
32.50 22.50 40.50 21.50 23.50 38.00 14.50 3.00 9.50 34.00
45.50 42.00 45.00 0.50 43.00 27.00 26.50 6.00 46.50 16.00
19.50 43.00 18.00 36.50 29.00 42.00 29.00 13.50 35.50 33.50
13.00 44.00 42.00 12.00 11.50 31.00 21.00 46.50 4.00 22.50
27.50 9.00 27.50 3.00 17.00 15.50 28.00 11.00 7.50 32.50
44.50 47.00 41.00 16.00 32.00 15.00 17.50 47.50 0.50 24.00
44.50 12.00 9.50 14.00 4.50 16.50 7.50 5.00 17.50 6.00
32.50 13.00 19.00 49.50 15.50 5.50 6.50 30.00 30.00 43.00
39.50 47.00 19.50 21.00 46.50 10.50 47.00 7.00 22.50 18.50
38.50 31.50 2.50 35.50 45.00 20.50 38.50 37.50 39.00 3.00
24.00 7.50 0.50 31.00 4.50 30.50 34.50 36.50 22.00 47.00
42.00 40.50 25.00 37.50 1.00 42.50 19.50 12.50 16.50 29.00
22.00 10.50 22.00 7.50 48.00 24.50 34.50 3.00 39.00 19.00
5.00 11.00 19.00 37.50 19.50 14.50 17.50 30.00 3.00 24.50
41.00 25.00 28.00 3.50 13.00 40.50 21.00 2.50 40.00 25.50
18.00 40.00 2.50 41.00 49.50 36.50 7.00 48.50 20.00 4.50
0.50 5.00 37.00 33.00 41.50 41.00 0.50 7.00 6.00 23.00
27.50 16.50 15.50 4.50 27.00 5.50 22.00 44.50 19.00 49.00
48.00 25.50 14.50 6.50 17.00 7.50 4.50 5.50 21.00 20.00
28.00 18.50 10.50 20.00 40.50 27.50 22.50 38.50 49.00 36.00
21.50 10.50 6.00 20.00 4.00 6.50 25.50 38.50 19.00 13.00
12.00 20.50 7.00 45.00 40.50 16.50 5.00 33.50 6.00 7.50
38.00 19.00 37.50 24.00 21.50 20.00 27.50 22.50 48.00 49.00
1.00 6.00 47.50 48.50 13.50 24.00 32.00 6.00 7.00 18.50
15.50 5.00 0.50 5.50 25.50 42.00 39.50 20.00 16.00 23.00
2.50 24.50 16.00 14.50 6.50 44.50 2.00 32.50 18.50 37.00
15.00 6.00 46.50 5.00 43.50 1.50 25.00 13.00 19.50 30.50
37.00 25.00 28.00 21.00 17.00 13.00 27.00 14.00 16.50 8.00
30.00 14.00 13.50 44.00 21.00 41.00 8.00 25.50 21.50 49.00
49.50 29.00 35.50 36.50 8.00 37.00 43.00 10.00 35.50 13.00
3.50 2.00 14.50 10.50 9.50 42.00 17.50 23.00 16.50 30.50
48.50 16.50 14.00 20.00 49.50 21.50 47.50 42.50 49.50 15.50
13.00 40.00 23.00 13.00 3.00 48.50 47.00 24.50 12.00 2.00
