# nJobs | nMachines
200 10
# Job Weights
97
36
46
71
75
96
72
57
17
73
39
9
30
22
9
55
54
37
60
67
2
25
33
79
41
91
45
75
65
3
75
94
61
47
1
44
78
34
36
50
43
54
39
52
74
78
10
95
39
25
52
47
100
56
54
72
42
76
98
42
81
88
1
35
31
39
96
36
89
32
38
98
17
52
58
21
54
71
73
9
97
32
67
77
11
3
80
72
66
82
9
34
77
59
28
29
62
59
25
69
43
34
14
51
43
11
27
63
10
98
4
1
60
72
24
13
23
97
30
25
57
48
71
8
64
21
90
3
72
21
97
49
68
45
55
45
27
80
36
3
54
48
90
53
48
30
6
8
52
10
70
65
34
47
13
88
70
33
47
45
3
76
46
66
6
9
54
31
93
68
16
54
54
95
26
51
75
68
74
17
52
23
62
97
47
84
33
62
37
62
64
56
17
29
93
55
37
14
71
54
# P_bar : m1 | m2 | m3 | m4 | m5 | m6 | m7 | m8 | m9 | m10
27 37 15 76 32 60 5 70 11 67
36 58 30 35 4 3 16 21 34 81
70 7 65 82 15 84 23 47 11 59
14 22 42 4 2 97 42 18 85 68
97 31 12 75 87 75 81 17 82 16
81 18 72 68 35 73 88 44 56 95
3 48 87 80 7 80 60 57 59 57
30 29 2 32 67 31 7 39 76 84
73 49 12 76 98 45 16 48 46 44
81 39 32 11 75 12 74 86 27 80
34 77 94 83 90 22 77 53 91 73
93 2 38 66 65 70 89 73 46 54
74 24 36 2 25 81 77 93 22 58
57 79 49 6 30 88 13 59 61 41
73 9 3 14 75 22 58 41 51 24
41 77 72 53 4 91 4 81 54 95
81 28 83 78 57 33 54 39 82 74
76 39 69 18 38 5 24 11 67 38
81 76 33 95 55 21 66 49 24 25
57 9 89 2 28 57 65 37 33 15
48 10 62 84 15 16 85 70 49 40
92 77 12 17 88 28 5 79 95 19
80 79 17 49 38 84 25 84 7 70
36 79 39 19 71 38 48 1 44 20
5 44 93 20 21 97 29 1 7 61
99 34 25 22 87 98 43 78 8 25
61 56 7 79 7 82 94 13 75 31
80 91 58 9 28 13 89 8 46 63
53 93 10 56 21 3 56 39 38 98
56 89 53 64 79 97 27 17 93 72
92 49 41 29 1 64 93 83 68 91
54 26 55 8 76 25 1 38 12 50
57 53 87 59 35 22 42 10 32 34
53 26 22 65 57 21 40 73 86 97
85 37 92 57 75 58 7 41 78 44
21 43 86 34 65 49 50 16 27 1
65 96 72 1 9 12 84 43 77 44
50 37 77 49 53 77 14 32 72 73
76 7 42 12 11 51 24 28 11 78
41 94 99 43 75 73 72 87 43 32
61 36 96 60 34 27 42 41 80 39
66 80 42 31 23 34 64 42 23 77
88 7 18 48 44 77 57 45 26 21
30 40 6 3 95 29 2 48 75 20
62 49 95 83 81 9 84 92 64 31
40 57 64 20 31 16 99 27 76 92
46 54 11 93 50 92 58 76 60 67
35 78 61 44 77 49 89 27 31 80
25 11 47 99 43 57 70 8 11 26
46 41 13 96 13 57 10 36 21 68
45 70 31 1 39 74 15 33 10 56
44 25 23 9 12 17 57 16 26 11
83 15 72 4 72 51 53 61 97 34
59 48 51 79 35 38 95 24 51 90
75 25 58 56 65 81 94 36 47 84
20 87 46 38 79 94 54 66 79 80
88 18 19 1 99 32 9 10 99 50
84 81 8 40 51 35 21 47 47 82
38 35 46 88 52 32 83 6 70 40
71 81 3 54 5 90 23 74 45 23
47 42 62 71 80 13 28 79 32 19
33 18 48 15 52 77 85 39 1 34
33 20 93 59 73 79 46 84 5 78
84 63 68 9 15 19 67 64 89 11
48 80 52 57 97 75 48 67 92 48
59 37 1 58 35 82 2 41 63 98
67 89 90 23 53 16 76 6 93 86
73 18 16 21 72 13 55 24 96 95
8 72 58 5 93 25 47 17 13 69
36 84 36 41 36 64 93 53 59 65
55 95 60 9 88 88 88 47 34 49
41 80 63 31 93 14 45 21 68 24
3 43 26 81 64 23 18 91 78 70
78 9 89 25 27 15 99 98 85 74
79 80 56 87 60 79 20 80 41 48
79 74 17 91 92 66 16 62 81 34
80 16 36 29 86 48 46 56 36 88
67 32 86 30 6 87 31 14 21 52
89 93 65 50 26 77 74 39 31 97
33 85 66 63 98 72 78 77 46 16
90 96 84 55 10 77 84 16 41 6
18 57 58 17 46 76 72 69 34 15
6 19 27 3 47 50 39 5 9 64
82 2 13 24 61 38 29 6 24 47
38 28 43 81 39 67 15 66 41 49
6 35 16 76 45 53 59 82 88 40
24 60 39 28 99 41 89 84 41 90
99 12 48 2 50 8 71 6 55 93
2 77 29 58 36 57 11 19 27 51
67 42 75 77 70 41 40 67 66 18
73 21 25 24 4 36 62 65 37 16
21 70 7 16 72 5 18 65 4 59
50 64 79 49 56 35 11 46 39 56
31 87 41 77 67 27 46 8 46 61
33 15 32 7 42 5 17 28 8 72
29 38 70 4 83 67 87 40 25 22
2 6 67 17 12 1 12 35 52 35
45 90 87 5 53 3 48 22 41 9
16 32 31 11 70 55 96 86 83 33
14 17 15 82 53 21 59 75 56 40
95 32 86 31 84 7 55 18 74 3
79 53 44 9 19 63 66 51 36 13
69 86 17 55 43 56 36 10 22 84
67 29 31 36 64 12 66 58 4 97
92 60 55 95 8 63 57 85 34 89
77 23 90 52 75 61 60 21 84 52
65 96 3 79 75 56 71 96 54 98
93 34 19 73 94 35 35 14 43 42
88 33 78 51 39 92 61 99 89 63
98 41 81 57 57 88 18 66 29 14
35 64 23 40 89 91 69 7 99 74
89 56 39 62 16 86 81 40 48 97
94 34 82 72 9 65 87 55 26 3
30 43 28 86 90 87 78 37 16 94
17 83 11 46 34 81 72 35 14 76
91 54 43 98 69 82 35 37 45 8
83 24 33 70 58 82 90 85 68 46
46 65 59 59 35 84 19 66 87 3
49 22 8 8 60 7 79 66 40 14
92 98 37 52 18 84 47 7 55 78
48 77 48 28 72 16 78 64 8 26
79 55 79 15 64 43 99 83 51 85
40 54 13 40 96 14 59 60 90 46
36 17 29 44 92 85 44 91 86 63
11 46 6 8 12 83 50 23 75 72
15 75 21 31 96 32 61 12 10 32
44 80 87 81 85 28 86 92 41 77
41 67 13 54 30 39 62 36 40 54
28 63 42 59 36 1 9 98 34 45
30 87 63 76 21 82 85 66 82 77
79 7 72 62 1 89 91 15 34 74
59 87 8 73 41 62 66 12 44 84
42 5 6 16 59 21 33 57 20 65
31 63 22 37 32 24 63 63 34 17
36 2 49 39 75 60 84 15 1 3
21 87 51 89 45 92 19 41 21 71
75 90 69 90 38 64 75 49 44 74
93 83 95 39 91 80 5 42 2 84
56 5 92 90 93 35 70 7 74 38
21 64 44 12 43 42 72 48 36 71
19 16 31 58 91 42 32 69 56 49
96 32 42 69 73 76 46 75 16 7
91 14 63 20 79 93 57 55 93 35
48 68 55 81 56 95 41 50 85 88
40 41 99 46 76 34 81 94 33 35
51 8 40 86 9 85 45 59 41 62
8 59 67 60 10 12 68 67 46 13
66 52 4 51 36 76 81 20 78 40
90 68 51 99 43 69 60 29 37 73
63 20 63 7 60 71 43 74 21 24
4 51 18 4 67 94 96 51 92 71
63 99 73 10 87 86 50 84 9 70
61 6 45 79 1 34 88 31 88 22
8 72 4 89 7 30 32 98 8 11
78 69 30 80 85 41 42 16 23 97
82 80 71 63 32 51 49 53 82 71
9 25 12 29 52 16 73 66 63 36
47 7 85 80 73 95 82 61 91 38
41 19 20 54 99 23 6 15 69 51
91 87 41 99 38 15 97 31 2 21
33 83 22 45 97 35 50 51 45 90
61 72 37 59 32 44 83 71 77 87
56 78 53 69 72 61 21 51 15 87
44 74 32 10 89 94 79 58 2 82
16 63 90 67 54 94 97 39 98 14
3 21 25 45 10 72 9 84 13 99
87 81 19 49 74 5 68 90 69 99
92 93 9 92 61 56 5 91 83 22
60 85 22 64 61 88 43 22 98 46
91 5 51 76 45 76 23 63 2 78
82 46 45 53 80 50 29 91 41 82
88 71 43 4 99 86 69 22 33 52
65 98 44 43 47 45 6 6 63 4
28 49 25 29 89 97 9 44 10 98
95 99 4 73 8 91 21 19 34 44
88 21 33 98 23 46 72 33 20 18
35 78 11 76 5 86 96 68 4 61
93 97 73 31 27 3 25 4 55 80
29 68 99 66 46 69 31 8 38 98
60 48 1 11 44 14 76 49 42 52
43 68 75 10 41 14 82 67 46 67
22 16 98 51 73 14 47 75 90 58
10 37 50 27 84 64 50 22 14 92
10 80 24 84 20 26 11 21 80 76
60 56 61 79 47 19 33 9 96 99
8 10 91 78 49 78 6 41 55 10
1 80 13 40 10 58 54 37 5 78
10 54 57 51 78 59 73 82 56 36
67 73 45 10 75 19 16 52 80 19
43 84 99 39 66 59 11 4 65 44
21 80 83 54 17 39 39 28 37 50
69 40 59 31 20 62 21 61 72 54
57 93 56 67 86 52 63 70 93 24
65 27 83 65 93 15 67 98 27 27
50 96 52 63 93 90 30 36 18 16
83 11 24 91 88 56 36 54 67 61
33 56 64 44 90 79 51 91 6 72
14 6 99 42 79 2 13 14 64 34
32 57 27 40 78 39 27 87 79 25
68 55 95 77 87 49 12 96 4 51
# P_hat : m1 | m2 | m3 | m4 | m5 | m6 | m7 | m8 | m9 | m10
13.50 18.50 7.50 38.00 16.00 30.00 2.50 35.00 5.50 33.50
18.00 29.00 15.00 17.50 2.00 1.50 8.00 10.50 17.00 40.50
35.00 3.50 32.50 41.00 7.50 42.00 11.50 23.50 5.50 29.50
7.00 11.00 21.00 2.00 1.00 48.50 21.00 9.00 42.50 34.00
48.50 15.50 6.00 37.50 43.50 37.50 40.50 8.50 41.00 8.00
40.50 9.00 36.00 34.00 17.50 36.50 44.00 22.00 28.00 47.50
1.50 24.00 43.50 40.00 3.50 40.00 30.00 28.50 29.50 28.50
15.00 14.50 1.00 16.00 33.50 15.50 3.50 19.50 38.00 42.00
36.50 24.50 6.00 38.00 49.00 22.50 8.00 24.00 23.00 22.00
40.50 19.50 16.00 5.50 37.50 6.00 37.00 43.00 13.50 40.00
17.00 38.50 47.00 41.50 45.00 11.00 38.50 26.50 45.50 36.50
46.50 1.00 19.00 33.00 32.50 35.00 44.50 36.50 23.00 27.00
37.00 12.00 18.00 1.00 12.50 40.50 38.50 46.50 11.00 29.00
28.50 39.50 24.50 3.00 15.00 44.00 6.50 29.50 30.50 20.50
36.50 4.50 1.50 7.00 37.50 11.00 29.00 20.50 25.50 12.00
20.50 38.50 36.00 26.50 2.00 45.50 2.00 40.50 27.00 47.50
40.50 14.00 41.50 39.00 28.50 16.50 27.00 19.50 41.00 37.00
38.00 19.50 34.50 9.00 19.00 2.50 12.00 5.50 33.50 19.00
40.50 38.00 16.50 47.50 27.50 10.50 33.00 24.50 12.00 12.50
28.50 4.50 44.50 1.00 14.00 28.50 32.50 18.50 16.50 7.50
24.00 5.00 31.00 42.00 7.50 8.00 42.50 35.00 24.50 20.00
46.00 38.50 6.00 8.50 44.00 14.00 2.50 39.50 47.50 9.50
40.00 39.50 8.50 24.50 19.00 42.00 12.50 42.00 3.50 35.00
18.00 39.50 19.50 9.50 35.50 19.00 24.00 0.50 22.00 10.00
2.50 22.00 46.50 10.00 10.50 48.50 14.50 0.50 3.50 30.50
49.50 17.00 12.50 11.00 43.50 49.00 21.50 39.00 4.00 12.50
30.50 28.00 3.50 39.50 3.50 41.00 47.00 6.50 37.50 15.50
40.00 45.50 29.00 4.50 14.00 6.50 44.50 4.00 23.00 31.50
26.50 46.50 5.00 28.00 10.50 1.50 28.00 19.50 19.00 49.00
28.00 44.50 26.50 32.00 39.50 48.50 13.50 8.50 46.50 36.00
46.00 24.50 20.50 14.50 0.50 32.00 46.50 41.50 34.00 45.50
27.00 13.00 27.50 4.00 38.00 12.50 0.50 19.00 6.00 25.00
28.50 26.50 43.50 29.50 17.50 11.00 21.00 5.00 16.00 17.00
26.50 13.00 11.00 32.50 28.50 10.50 20.00 36.50 43.00 48.50
42.50 18.50 46.00 28.50 37.50 29.00 3.50 20.50 39.00 22.00
10.50 21.50 43.00 17.00 32.50 24.50 25.00 8.00 13.50 0.50
32.50 48.00 36.00 0.50 4.50 6.00 42.00 21.50 38.50 22.00
25.00 18.50 38.50 24.50 26.50 38.50 7.00 16.00 36.00 36.50
38.00 3.50 21.00 6.00 5.50 25.50 12.00 14.00 5.50 39.00
20.50 47.00 49.50 21.50 37.50 36.50 36.00 43.50 21.50 16.00
30.50 18.00 48.00 30.00 17.00 13.50 21.00 20.50 40.00 19.50
33.00 40.00 21.00 15.50 11.50 17.00 32.00 21.00 11.50 38.50
44.00 3.50 9.00 24.00 22.00 38.50 28.50 22.50 13.00 10.50
15.00 20.00 3.00 1.50 47.50 14.50 1.00 24.00 37.50 10.00
31.00 24.50 47.50 41.50 40.50 4.50 42.00 46.00 32.00 15.50
20.00 28.50 32.00 10.00 15.50 8.00 49.50 13.50 38.00 46.00
23.00 27.00 5.50 46.50 25.00 46.00 29.00 38.00 30.00 33.50
17.50 39.00 30.50 22.00 38.50 24.50 44.50 13.50 15.50 40.00
12.50 5.50 23.50 49.50 21.50 28.50 35.00 4.00 5.50 13.00
23.00 20.50 6.50 48.00 6.50 28.50 5.00 18.00 10.50 34.00
22.50 35.00 15.50 0.50 19.50 37.00 7.50 16.50 5.00 28.00
22.00 12.50 11.50 4.50 6.00 8.50 28.50 8.00 13.00 5.50
41.50 7.50 36.00 2.00 36.00 25.50 26.50 30.50 48.50 17.00
29.50 24.00 25.50 39.50 17.50 19.00 47.50 12.00 25.50 45.00
37.50 12.50 29.00 28.00 32.50 40.50 47.00 18.00 23.50 42.00
10.00 43.50 23.00 19.00 39.50 47.00 27.00 33.00 39.50 40.00
44.00 9.00 9.50 0.50 49.50 16.00 4.50 5.00 49.50 25.00
42.00 40.50 4.00 20.00 25.50 17.50 10.50 23.50 23.50 41.00
19.00 17.50 23.00 44.00 26.00 16.00 41.50 3.00 35.00 20.00
35.50 40.50 1.50 27.00 2.50 45.00 11.50 37.00 22.50 11.50
23.50 21.00 31.00 35.50 40.00 6.50 14.00 39.50 16.00 9.50
16.50 9.00 24.00 7.50 26.00 38.50 42.50 19.50 0.50 17.00
16.50 10.00 46.50 29.50 36.50 39.50 23.00 42.00 2.50 39.00
42.00 31.50 34.00 4.50 7.50 9.50 33.50 32.00 44.50 5.50
24.00 40.00 26.00 28.50 48.50 37.50 24.00 33.50 46.00 24.00
29.50 18.50 0.50 29.00 17.50 41.00 1.00 20.50 31.50 49.00
33.50 44.50 45.00 11.50 26.50 8.00 38.00 3.00 46.50 43.00
36.50 9.00 8.00 10.50 36.00 6.50 27.50 12.00 48.00 47.50
4.00 36.00 29.00 2.50 46.50 12.50 23.50 8.50 6.50 34.50
18.00 42.00 18.00 20.50 18.00 32.00 46.50 26.50 29.50 32.50
27.50 47.50 30.00 4.50 44.00 44.00 44.00 23.50 17.00 24.50
20.50 40.00 31.50 15.50 46.50 7.00 22.50 10.50 34.00 12.00
1.50 21.50 13.00 40.50 32.00 11.50 9.00 45.50 39.00 35.00
39.00 4.50 44.50 12.50 13.50 7.50 49.50 49.00 42.50 37.00
39.50 40.00 28.00 43.50 30.00 39.50 10.00 40.00 20.50 24.00
39.50 37.00 8.50 45.50 46.00 33.00 8.00 31.00 40.50 17.00
40.00 8.00 18.00 14.50 43.00 24.00 23.00 28.00 18.00 44.00
33.50 16.00 43.00 15.00 3.00 43.50 15.50 7.00 10.50 26.00
44.50 46.50 32.50 25.00 13.00 38.50 37.00 19.50 15.50 48.50
16.50 42.50 33.00 31.50 49.00 36.00 39.00 38.50 23.00 8.00
45.00 48.00 42.00 27.50 5.00 38.50 42.00 8.00 20.50 3.00
9.00 28.50 29.00 8.50 23.00 38.00 36.00 34.50 17.00 7.50
3.00 9.50 13.50 1.50 23.50 25.00 19.50 2.50 4.50 32.00
41.00 1.00 6.50 12.00 30.50 19.00 14.50 3.00 12.00 23.50
19.00 14.00 21.50 40.50 19.50 33.50 7.50 33.00 20.50 24.50
3.00 17.50 8.00 38.00 22.50 26.50 29.50 41.00 44.00 20.00
12.00 30.00 19.50 14.00 49.50 20.50 44.50 42.00 20.50 45.00
49.50 6.00 24.00 1.00 25.00 4.00 35.50 3.00 27.50 46.50
1.00 38.50 14.50 29.00 18.00 28.50 5.50 9.50 13.50 25.50
33.50 21.00 37.50 38.50 35.00 20.50 20.00 33.50 33.00 9.00
36.50 10.50 12.50 12.00 2.00 18.00 31.00 32.50 18.50 8.00
10.50 35.00 3.50 8.00 36.00 2.50 9.00 32.50 2.00 29.50
25.00 32.00 39.50 24.50 28.00 17.50 5.50 23.00 19.50 28.00
15.50 43.50 20.50 38.50 33.50 13.50 23.00 4.00 23.00 30.50
16.50 7.50 16.00 3.50 21.00 2.50 8.50 14.00 4.00 36.00
14.50 19.00 35.00 2.00 41.50 33.50 43.50 20.00 12.50 11.00
1.00 3.00 33.50 8.50 6.00 0.50 6.00 17.50 26.00 17.50
22.50 45.00 43.50 2.50 26.50 1.50 24.00 11.00 20.50 4.50
8.00 16.00 15.50 5.50 35.00 27.50 48.00 43.00 41.50 16.50
7.00 8.50 7.50 41.00 26.50 10.50 29.50 37.50 28.00 20.00
47.50 16.00 43.00 15.50 42.00 3.50 27.50 9.00 37.00 1.50
39.50 26.50 22.00 4.50 9.50 31.50 33.00 25.50 18.00 6.50
34.50 43.00 8.50 27.50 21.50 28.00 18.00 5.00 11.00 42.00
33.50 14.50 15.50 18.00 32.00 6.00 33.00 29.00 2.00 48.50
46.00 30.00 27.50 47.50 4.00 31.50 28.50 42.50 17.00 44.50
38.50 11.50 45.00 26.00 37.50 30.50 30.00 10.50 42.00 26.00
32.50 48.00 1.50 39.50 37.50 28.00 35.50 48.00 27.00 49.00
46.50 17.00 9.50 36.50 47.00 17.50 17.50 7.00 21.50 21.00
44.00 16.50 39.00 25.50 19.50 46.00 30.50 49.50 44.50 31.50
49.00 20.50 40.50 28.50 28.50 44.00 9.00 33.00 14.50 7.00
17.50 32.00 11.50 20.00 44.50 45.50 34.50 3.50 49.50 37.00
44.50 28.00 19.50 31.00 8.00 43.00 40.50 20.00 24.00 48.50
47.00 17.00 41.00 36.00 4.50 32.50 43.50 27.50 13.00 1.50
15.00 21.50 14.00 43.00 45.00 43.50 39.00 18.50 8.00 47.00
8.50 41.50 5.50 23.00 17.00 40.50 36.00 17.50 7.00 38.00
45.50 27.00 21.50 49.00 34.50 41.00 17.50 18.50 22.50 4.00
41.50 12.00 16.50 35.00 29.00 41.00 45.00 42.50 34.00 23.00
23.00 32.50 29.50 29.50 17.50 42.00 9.50 33.00 43.50 1.50
24.50 11.00 4.00 4.00 30.00 3.50 39.50 33.00 20.00 7.00
46.00 49.00 18.50 26.00 9.00 42.00 23.50 3.50 27.50 39.00
24.00 38.50 24.00 14.00 36.00 8.00 39.00 32.00 4.00 13.00
39.50 27.50 39.50 7.50 32.00 21.50 49.50 41.50 25.50 42.50
20.00 27.00 6.50 20.00 48.00 7.00 29.50 30.00 45.00 23.00
18.00 8.50 14.50 22.00 46.00 42.50 22.00 45.50 43.00 31.50
5.50 23.00 3.00 4.00 6.00 41.50 25.00 11.50 37.50 36.00
7.50 37.50 10.50 15.50 48.00 16.00 30.50 6.00 5.00 16.00
22.00 40.00 43.50 40.50 42.50 14.00 43.00 46.00 20.50 38.50
20.50 33.50 6.50 27.00 15.00 19.50 31.00 18.00 20.00 27.00
14.00 31.50 21.00 29.50 18.00 0.50 4.50 49.00 17.00 22.50
15.00 43.50 31.50 38.00 10.50 41.00 42.50 33.00 41.00 38.50
39.50 3.50 36.00 31.00 0.50 44.50 45.50 7.50 17.00 37.00
29.50 43.50 4.00 36.50 20.50 31.00 33.00 6.00 22.00 42.00
21.00 2.50 3.00 8.00 29.50 10.50 16.50 28.50 10.00 32.50
15.50 31.50 11.00 18.50 16.00 12.00 31.50 31.50 17.00 8.50
18.00 1.00 24.50 19.50 37.50 30.00 42.00 7.50 0.50 1.50
10.50 43.50 25.50 44.50 22.50 46.00 9.50 20.50 10.50 35.50
37.50 45.00 34.50 45.00 19.00 32.00 37.50 24.50 22.00 37.00
46.50 41.50 47.50 19.50 45.50 40.00 2.50 21.00 1.00 42.00
28.00 2.50 46.00 45.00 46.50 17.50 35.00 3.50 37.00 19.00
10.50 32.00 22.00 6.00 21.50 21.00 36.00 24.00 18.00 35.50
9.50 8.00 15.50 29.00 45.50 21.00 16.00 34.50 28.00 24.50
48.00 16.00 21.00 34.50 36.50 38.00 23.00 37.50 8.00 3.50
45.50 7.00 31.50 10.00 39.50 46.50 28.50 27.50 46.50 17.50
24.00 34.00 27.50 40.50 28.00 47.50 20.50 25.00 42.50 44.00
20.00 20.50 49.50 23.00 38.00 17.00 40.50 47.00 16.50 17.50
25.50 4.00 20.00 43.00 4.50 42.50 22.50 29.50 20.50 31.00
4.00 29.50 33.50 30.00 5.00 6.00 34.00 33.50 23.00 6.50
33.00 26.00 2.00 25.50 18.00 38.00 40.50 10.00 39.00 20.00
45.00 34.00 25.50 49.50 21.50 34.50 30.00 14.50 18.50 36.50
31.50 10.00 31.50 3.50 30.00 35.50 21.50 37.00 10.50 12.00
2.00 25.50 9.00 2.00 33.50 47.00 48.00 25.50 46.00 35.50
31.50 49.50 36.50 5.00 43.50 43.00 25.00 42.00 4.50 35.00
30.50 3.00 22.50 39.50 0.50 17.00 44.00 15.50 44.00 11.00
4.00 36.00 2.00 44.50 3.50 15.00 16.00 49.00 4.00 5.50
39.00 34.50 15.00 40.00 42.50 20.50 21.00 8.00 11.50 48.50
41.00 40.00 35.50 31.50 16.00 25.50 24.50 26.50 41.00 35.50
4.50 12.50 6.00 14.50 26.00 8.00 36.50 33.00 31.50 18.00
23.50 3.50 42.50 40.00 36.50 47.50 41.00 30.50 45.50 19.00
20.50 9.50 10.00 27.00 49.50 11.50 3.00 7.50 34.50 25.50
45.50 43.50 20.50 49.50 19.00 7.50 48.50 15.50 1.00 10.50
16.50 41.50 11.00 22.50 48.50 17.50 25.00 25.50 22.50 45.00
30.50 36.00 18.50 29.50 16.00 22.00 41.50 35.50 38.50 43.50
28.00 39.00 26.50 34.50 36.00 30.50 10.50 25.50 7.50 43.50
22.00 37.00 16.00 5.00 44.50 47.00 39.50 29.00 1.00 41.00
8.00 31.50 45.00 33.50 27.00 47.00 48.50 19.50 49.00 7.00
1.50 10.50 12.50 22.50 5.00 36.00 4.50 42.00 6.50 49.50
43.50 40.50 9.50 24.50 37.00 2.50 34.00 45.00 34.50 49.50
46.00 46.50 4.50 46.00 30.50 28.00 2.50 45.50 41.50 11.00
30.00 42.50 11.00 32.00 30.50 44.00 21.50 11.00 49.00 23.00
45.50 2.50 25.50 38.00 22.50 38.00 11.50 31.50 1.00 39.00
41.00 23.00 22.50 26.50 40.00 25.00 14.50 45.50 20.50 41.00
44.00 35.50 21.50 2.00 49.50 43.00 34.50 11.00 16.50 26.00
32.50 49.00 22.00 21.50 23.50 22.50 3.00 3.00 31.50 2.00
14.00 24.50 12.50 14.50 44.50 48.50 4.50 22.00 5.00 49.00
47.50 49.50 2.00 36.50 4.00 45.50 10.50 9.50 17.00 22.00
44.00 10.50 16.50 49.00 11.50 23.00 36.00 16.50 10.00 9.00
17.50 39.00 5.50 38.00 2.50 43.00 48.00 34.00 2.00 30.50
46.50 48.50 36.50 15.50 13.50 1.50 12.50 2.00 27.50 40.00
14.50 34.00 49.50 33.00 23.00 34.50 15.50 4.00 19.00 49.00
30.00 24.00 0.50 5.50 22.00 7.00 38.00 24.50 21.00 26.00
21.50 34.00 37.50 5.00 20.50 7.00 41.00 33.50 23.00 33.50
11.00 8.00 49.00 25.50 36.50 7.00 23.50 37.50 45.00 29.00
5.00 18.50 25.00 13.50 42.00 32.00 25.00 11.00 7.00 46.00
5.00 40.00 12.00 42.00 10.00 13.00 5.50 10.50 40.00 38.00
30.00 28.00 30.50 39.50 23.50 9.50 16.50 4.50 48.00 49.50
4.00 5.00 45.50 39.00 24.50 39.00 3.00 20.50 27.50 5.00
0.50 40.00 6.50 20.00 5.00 29.00 27.00 18.50 2.50 39.00
5.00 27.00 28.50 25.50 39.00 29.50 36.50 41.00 28.00 18.00
33.50 36.50 22.50 5.00 37.50 9.50 8.00 26.00 40.00 9.50
21.50 42.00 49.50 19.50 33.00 29.50 5.50 2.00 32.50 22.00
10.50 40.00 41.50 27.00 8.50 19.50 19.50 14.00 18.50 25.00
34.50 20.00 29.50 15.50 10.00 31.00 10.50 30.50 36.00 27.00
28.50 46.50 28.00 33.50 43.00 26.00 31.50 35.00 46.50 12.00
32.50 13.50 41.50 32.50 46.50 7.50 33.50 49.00 13.50 13.50
25.00 48.00 26.00 31.50 46.50 45.00 15.00 18.00 9.00 8.00
41.50 5.50 12.00 45.50 44.00 28.00 18.00 27.00 33.50 30.50
16.50 28.00 32.00 22.00 45.00 39.50 25.50 45.50 3.00 36.00
7.00 3.00 49.50 21.00 39.50 1.00 6.50 7.00 32.00 17.00
16.00 28.50 13.50 20.00 39.00 19.50 13.50 43.50 39.50 12.50
34.00 27.50 47.50 38.50 43.50 24.50 6.00 48.00 2.00 25.50
