# nJobs | nMachines
200 10
# Job Weights
97
36
46
71
75
96
72
57
17
73
39
9
30
22
9
55
54
37
60
67
2
25
33
79
41
91
45
75
65
3
75
94
61
47
1
44
78
34
36
50
43
54
39
52
74
78
10
95
39
25
52
47
100
56
54
72
42
76
98
42
81
88
1
35
31
39
96
36
89
32
38
98
17
52
58
21
54
71
73
9
97
32
67
77
11
3
80
72
66
82
9
34
77
59
28
29
62
59
25
69
43
34
14
51
43
11
27
63
10
98
4
1
60
72
24
13
23
97
30
25
57
48
71
8
64
21
90
3
72
21
97
49
68
45
55
45
27
80
36
3
54
48
90
53
48
30
6
8
52
10
70
65
34
47
13
88
70
33
47
45
3
76
46
66
6
9
54
31
93
68
16
54
54
95
26
51
75
68
74
17
52
23
62
97
47
84
33
62
37
62
64
56
17
29
93
55
37
14
71
54
# P_bar : m1 | m2 | m3 | m4 | m5 | m6 | m7 | m8 | m9 | m10
27 37 15 76 32 60 5 70 11 67
36 58 30 35 4 3 16 21 34 81
70 7 65 82 15 84 23 47 11 59
14 22 42 4 2 97 42 18 85 68
97 31 12 75 87 75 81 17 82 16
81 18 72 68 35 73 88 44 56 95
3 48 87 80 7 80 60 57 59 57
30 29 2 32 67 31 7 39 76 84
73 49 12 76 98 45 16 48 46 44
81 39 32 11 75 12 74 86 27 80
34 77 94 83 90 22 77 53 91 73
93 2 38 66 65 70 89 73 46 54
74 24 36 2 25 81 77 93 22 58
57 79 49 6 30 88 13 59 61 41
73 9 3 14 75 22 58 41 51 24
41 77 72 53 4 91 4 81 54 95
81 28 83 78 57 33 54 39 82 74
76 39 69 18 38 5 24 11 67 38
81 76 33 95 55 21 66 49 24 25
57 9 89 2 28 57 65 37 33 15
48 10 62 84 15 16 85 70 49 40
92 77 12 17 88 28 5 79 95 19
80 79 17 49 38 84 25 84 7 70
36 79 39 19 71 38 48 1 44 20
5 44 93 20 21 97 29 1 7 61
99 34 25 22 87 98 43 78 8 25
61 56 7 79 7 82 94 13 75 31
80 91 58 9 28 13 89 8 46 63
53 93 10 56 21 3 56 39 38 98
56 89 53 64 79 97 27 17 93 72
92 49 41 29 1 64 93 83 68 91
54 26 55 8 76 25 1 38 12 50
57 53 87 59 35 22 42 10 32 34
53 26 22 65 57 21 40 73 86 97
85 37 92 57 75 58 7 41 78 44
21 43 86 34 65 49 50 16 27 1
65 96 72 1 9 12 84 43 77 44
50 37 77 49 53 77 14 32 72 73
76 7 42 12 11 51 24 28 11 78
41 94 99 43 75 73 72 87 43 32
61 36 96 60 34 27 42 41 80 39
66 80 42 31 23 34 64 42 23 77
88 7 18 48 44 77 57 45 26 21
30 40 6 3 95 29 2 48 75 20
62 49 95 83 81 9 84 92 64 31
40 57 64 20 31 16 99 27 76 92
46 54 11 93 50 92 58 76 60 67
35 78 61 44 77 49 89 27 31 80
25 11 47 99 43 57 70 8 11 26
46 41 13 96 13 57 10 36 21 68
45 70 31 1 39 74 15 33 10 56
44 25 23 9 12 17 57 16 26 11
83 15 72 4 72 51 53 61 97 34
59 48 51 79 35 38 95 24 51 90
75 25 58 56 65 81 94 36 47 84
20 87 46 38 79 94 54 66 79 80
88 18 19 1 99 32 9 10 99 50
84 81 8 40 51 35 21 47 47 82
38 35 46 88 52 32 83 6 70 40
71 81 3 54 5 90 23 74 45 23
47 42 62 71 80 13 28 79 32 19
33 18 48 15 52 77 85 39 1 34
33 20 93 59 73 79 46 84 5 78
84 63 68 9 15 19 67 64 89 11
48 80 52 57 97 75 48 67 92 48
59 37 1 58 35 82 2 41 63 98
67 89 90 23 53 16 76 6 93 86
73 18 16 21 72 13 55 24 96 95
8 72 58 5 93 25 47 17 13 69
36 84 36 41 36 64 93 53 59 65
55 95 60 9 88 88 88 47 34 49
41 80 63 31 93 14 45 21 68 24
3 43 26 81 64 23 18 91 78 70
78 9 89 25 27 15 99 98 85 74
79 80 56 87 60 79 20 80 41 48
79 74 17 91 92 66 16 62 81 34
80 16 36 29 86 48 46 56 36 88
67 32 86 30 6 87 31 14 21 52
89 93 65 50 26 77 74 39 31 97
33 85 66 63 98 72 78 77 46 16
90 96 84 55 10 77 84 16 41 6
18 57 58 17 46 76 72 69 34 15
6 19 27 3 47 50 39 5 9 64
82 2 13 24 61 38 29 6 24 47
38 28 43 81 39 67 15 66 41 49
6 35 16 76 45 53 59 82 88 40
24 60 39 28 99 41 89 84 41 90
99 12 48 2 50 8 71 6 55 93
2 77 29 58 36 57 11 19 27 51
67 42 75 77 70 41 40 67 66 18
73 21 25 24 4 36 62 65 37 16
21 70 7 16 72 5 18 65 4 59
50 64 79 49 56 35 11 46 39 56
31 87 41 77 67 27 46 8 46 61
33 15 32 7 42 5 17 28 8 72
29 38 70 4 83 67 87 40 25 22
2 6 67 17 12 1 12 35 52 35
45 90 87 5 53 3 48 22 41 9
16 32 31 11 70 55 96 86 83 33
14 17 15 82 53 21 59 75 56 40
95 32 86 31 84 7 55 18 74 3
79 53 44 9 19 63 66 51 36 13
69 86 17 55 43 56 36 10 22 84
67 29 31 36 64 12 66 58 4 97
92 60 55 95 8 63 57 85 34 89
77 23 90 52 75 61 60 21 84 52
65 96 3 79 75 56 71 96 54 98
93 34 19 73 94 35 35 14 43 42
88 33 78 51 39 92 61 99 89 63
98 41 81 57 57 88 18 66 29 14
35 64 23 40 89 91 69 7 99 74
89 56 39 62 16 86 81 40 48 97
94 34 82 72 9 65 87 55 26 3
30 43 28 86 90 87 78 37 16 94
17 83 11 46 34 81 72 35 14 76
91 54 43 98 69 82 35 37 45 8
83 24 33 70 58 82 90 85 68 46
46 65 59 59 35 84 19 66 87 3
49 22 8 8 60 7 79 66 40 14
92 98 37 52 18 84 47 7 55 78
48 77 48 28 72 16 78 64 8 26
79 55 79 15 64 43 99 83 51 85
40 54 13 40 96 14 59 60 90 46
36 17 29 44 92 85 44 91 86 63
11 46 6 8 12 83 50 23 75 72
15 75 21 31 96 32 61 12 10 32
44 80 87 81 85 28 86 92 41 77
41 67 13 54 30 39 62 36 40 54
28 63 42 59 36 1 9 98 34 45
30 87 63 76 21 82 85 66 82 77
79 7 72 62 1 89 91 15 34 74
59 87 8 73 41 62 66 12 44 84
42 5 6 16 59 21 33 57 20 65
31 63 22 37 32 24 63 63 34 17
36 2 49 39 75 60 84 15 1 3
21 87 51 89 45 92 19 41 21 71
75 90 69 90 38 64 75 49 44 74
93 83 95 39 91 80 5 42 2 84
56 5 92 90 93 35 70 7 74 38
21 64 44 12 43 42 72 48 36 71
19 16 31 58 91 42 32 69 56 49
96 32 42 69 73 76 46 75 16 7
91 14 63 20 79 93 57 55 93 35
48 68 55 81 56 95 41 50 85 88
40 41 99 46 76 34 81 94 33 35
51 8 40 86 9 85 45 59 41 62
8 59 67 60 10 12 68 67 46 13
66 52 4 51 36 76 81 20 78 40
90 68 51 99 43 69 60 29 37 73
63 20 63 7 60 71 43 74 21 24
4 51 18 4 67 94 96 51 92 71
63 99 73 10 87 86 50 84 9 70
61 6 45 79 1 34 88 31 88 22
8 72 4 89 7 30 32 98 8 11
78 69 30 80 85 41 42 16 23 97
82 80 71 63 32 51 49 53 82 71
9 25 12 29 52 16 73 66 63 36
47 7 85 80 73 95 82 61 91 38
41 19 20 54 99 23 6 15 69 51
91 87 41 99 38 15 97 31 2 21
33 83 22 45 97 35 50 51 45 90
61 72 37 59 32 44 83 71 77 87
56 78 53 69 72 61 21 51 15 87
44 74 32 10 89 94 79 58 2 82
16 63 90 67 54 94 97 39 98 14
3 21 25 45 10 72 9 84 13 99
87 81 19 49 74 5 68 90 69 99
92 93 9 92 61 56 5 91 83 22
60 85 22 64 61 88 43 22 98 46
91 5 51 76 45 76 23 63 2 78
82 46 45 53 80 50 29 91 41 82
88 71 43 4 99 86 69 22 33 52
65 98 44 43 47 45 6 6 63 4
28 49 25 29 89 97 9 44 10 98
95 99 4 73 8 91 21 19 34 44
88 21 33 98 23 46 72 33 20 18
35 78 11 76 5 86 96 68 4 61
93 97 73 31 27 3 25 4 55 80
29 68 99 66 46 69 31 8 38 98
60 48 1 11 44 14 76 49 42 52
43 68 75 10 41 14 82 67 46 67
22 16 98 51 73 14 47 75 90 58
10 37 50 27 84 64 50 22 14 92
10 80 24 84 20 26 11 21 80 76
60 56 61 79 47 19 33 9 96 99
8 10 91 78 49 78 6 41 55 10
1 80 13 40 10 58 54 37 5 78
10 54 57 51 78 59 73 82 56 36
67 73 45 10 75 19 16 52 80 19
43 84 99 39 66 59 11 4 65 44
21 80 83 54 17 39 39 28 37 50
69 40 59 31 20 62 21 61 72 54
57 93 56 67 86 52 63 70 93 24
65 27 83 65 93 15 67 98 27 27
50 96 52 63 93 90 30 36 18 16
83 11 24 91 88 56 36 54 67 61
33 56 64 44 90 79 51 91 6 72
14 6 99 42 79 2 13 14 64 34
32 57 27 40 78 39 27 87 79 25
68 55 95 77 87 49 12 96 4 51
# P_hat : m1 | m2 | m3 | m4 | m5 | m6 | m7 | m8 | m9 | m10
2.70 3.70 1.50 7.60 3.20 6.00 0.50 7.00 1.10 6.70
3.60 5.80 3.00 3.50 0.40 0.30 1.60 2.10 3.40 8.10
7.00 0.70 6.50 8.20 1.50 8.40 2.30 4.70 1.10 5.90
1.40 2.20 4.20 0.40 0.20 9.70 4.20 1.80 8.50 6.80
9.70 3.10 1.20 7.50 8.70 7.50 8.10 1.70 8.20 1.60
8.10 1.80 7.20 6.80 3.50 7.30 8.80 4.40 5.60 9.50
0.30 4.80 8.70 8.00 0.70 8.00 6.00 5.70 5.90 5.70
3.00 2.90 0.20 3.20 6.70 3.10 0.70 3.90 7.60 8.40
7.30 4.90 1.20 7.60 9.80 4.50 1.60 4.80 4.60 4.40
8.10 3.90 3.20 1.10 7.50 1.20 7.40 8.60 2.70 8.00
3.40 7.70 9.40 8.30 9.00 2.20 7.70 5.30 9.10 7.30
9.30 0.20 3.80 6.60 6.50 7.00 8.90 7.30 4.60 5.40
7.40 2.40 3.60 0.20 2.50 8.10 7.70 9.30 2.20 5.80
5.70 7.90 4.90 0.60 3.00 8.80 1.30 5.90 6.10 4.10
7.30 0.90 0.30 1.40 7.50 2.20 5.80 4.10 5.10 2.40
4.10 7.70 7.20 5.30 0.40 9.10 0.40 8.10 5.40 9.50
8.10 2.80 8.30 7.80 5.70 3.30 5.40 3.90 8.20 7.40
7.60 3.90 6.90 1.80 3.80 0.50 2.40 1.10 6.70 3.80
8.10 7.60 3.30 9.50 5.50 2.10 6.60 4.90 2.40 2.50
5.70 0.90 8.90 0.20 2.80 5.70 6.50 3.70 3.30 1.50
4.80 1.00 6.20 8.40 1.50 1.60 8.50 7.00 4.90 4.00
9.20 7.70 1.20 1.70 8.80 2.80 0.50 7.90 9.50 1.90
8.00 7.90 1.70 4.90 3.80 8.40 2.50 8.40 0.70 7.00
3.60 7.90 3.90 1.90 7.10 3.80 4.80 0.10 4.40 2.00
0.50 4.40 9.30 2.00 2.10 9.70 2.90 0.10 0.70 6.10
9.90 3.40 2.50 2.20 8.70 9.80 4.30 7.80 0.80 2.50
6.10 5.60 0.70 7.90 0.70 8.20 9.40 1.30 7.50 3.10
8.00 9.10 5.80 0.90 2.80 1.30 8.90 0.80 4.60 6.30
5.30 9.30 1.00 5.60 2.10 0.30 5.60 3.90 3.80 9.80
5.60 8.90 5.30 6.40 7.90 9.70 2.70 1.70 9.30 7.20
9.20 4.90 4.10 2.90 0.10 6.40 9.30 8.30 6.80 9.10
5.40 2.60 5.50 0.80 7.60 2.50 0.10 3.80 1.20 5.00
5.70 5.30 8.70 5.90 3.50 2.20 4.20 1.00 3.20 3.40
5.30 2.60 2.20 6.50 5.70 2.10 4.00 7.30 8.60 9.70
8.50 3.70 9.20 5.70 7.50 5.80 0.70 4.10 7.80 4.40
2.10 4.30 8.60 3.40 6.50 4.90 5.00 1.60 2.70 0.10
6.50 9.60 7.20 0.10 0.90 1.20 8.40 4.30 7.70 4.40
5.00 3.70 7.70 4.90 5.30 7.70 1.40 3.20 7.20 7.30
7.60 0.70 4.20 1.20 1.10 5.10 2.40 2.80 1.10 7.80
4.10 9.40 9.90 4.30 7.50 7.30 7.20 8.70 4.30 3.20
6.10 3.60 9.60 6.00 3.40 2.70 4.20 4.10 8.00 3.90
6.60 8.00 4.20 3.10 2.30 3.40 6.40 4.20 2.30 7.70
8.80 0.70 1.80 4.80 4.40 7.70 5.70 4.50 2.60 2.10
3.00 4.00 0.60 0.30 9.50 2.90 0.20 4.80 7.50 2.00
6.20 4.90 9.50 8.30 8.10 0.90 8.40 9.20 6.40 3.10
4.00 5.70 6.40 2.00 3.10 1.60 9.90 2.70 7.60 9.20
4.60 5.40 1.10 9.30 5.00 9.20 5.80 7.60 6.00 6.70
3.50 7.80 6.10 4.40 7.70 4.90 8.90 2.70 3.10 8.00
2.50 1.10 4.70 9.90 4.30 5.70 7.00 0.80 1.10 2.60
4.60 4.10 1.30 9.60 1.30 5.70 1.00 3.60 2.10 6.80
4.50 7.00 3.10 0.10 3.90 7.40 1.50 3.30 1.00 5.60
4.40 2.50 2.30 0.90 1.20 1.70 5.70 1.60 2.60 1.10
8.30 1.50 7.20 0.40 7.20 5.10 5.30 6.10 9.70 3.40
5.90 4.80 5.10 7.90 3.50 3.80 9.50 2.40 5.10 9.00
7.50 2.50 5.80 5.60 6.50 8.10 9.40 3.60 4.70 8.40
2.00 8.70 4.60 3.80 7.90 9.40 5.40 6.60 7.90 8.00
8.80 1.80 1.90 0.10 9.90 3.20 0.90 1.00 9.90 5.00
8.40 8.10 0.80 4.00 5.10 3.50 2.10 4.70 4.70 8.20
3.80 3.50 4.60 8.80 5.20 3.20 8.30 0.60 7.00 4.00
7.10 8.10 0.30 5.40 0.50 9.00 2.30 7.40 4.50 2.30
4.70 4.20 6.20 7.10 8.00 1.30 2.80 7.90 3.20 1.90
3.30 1.80 4.80 1.50 5.20 7.70 8.50 3.90 0.10 3.40
3.30 2.00 9.30 5.90 7.30 7.90 4.60 8.40 0.50 7.80
8.40 6.30 6.80 0.90 1.50 1.90 6.70 6.40 8.90 1.10
4.80 8.00 5.20 5.70 9.70 7.50 4.80 6.70 9.20 4.80
5.90 3.70 0.10 5.80 3.50 8.20 0.20 4.10 6.30 9.80
6.70 8.90 9.00 2.30 5.30 1.60 7.60 0.60 9.30 8.60
7.30 1.80 1.60 2.10 7.20 1.30 5.50 2.40 9.60 9.50
0.80 7.20 5.80 0.50 9.30 2.50 4.70 1.70 1.30 6.90
3.60 8.40 3.60 4.10 3.60 6.40 9.30 5.30 5.90 6.50
5.50 9.50 6.00 0.90 8.80 8.80 8.80 4.70 3.40 4.90
4.10 8.00 6.30 3.10 9.30 1.40 4.50 2.10 6.80 2.40
0.30 4.30 2.60 8.10 6.40 2.30 1.80 9.10 7.80 7.00
7.80 0.90 8.90 2.50 2.70 1.50 9.90 9.80 8.50 7.40
7.90 8.00 5.60 8.70 6.00 7.90 2.00 8.00 4.10 4.80
7.90 7.40 1.70 9.10 9.20 6.60 1.60 6.20 8.10 3.40
8.00 1.60 3.60 2.90 8.60 4.80 4.60 5.60 3.60 8.80
6.70 3.20 8.60 3.00 0.60 8.70 3.10 1.40 2.10 5.20
8.90 9.30 6.50 5.00 2.60 7.70 7.40 3.90 3.10 9.70
3.30 8.50 6.60 6.30 9.80 7.20 7.80 7.70 4.60 1.60
9.00 9.60 8.40 5.50 1.00 7.70 8.40 1.60 4.10 0.60
1.80 5.70 5.80 1.70 4.60 7.60 7.20 6.90 3.40 1.50
0.60 1.90 2.70 0.30 4.70 5.00 3.90 0.50 0.90 6.40
8.20 0.20 1.30 2.40 6.10 3.80 2.90 0.60 2.40 4.70
3.80 2.80 4.30 8.10 3.90 6.70 1.50 6.60 4.10 4.90
0.60 3.50 1.60 7.60 4.50 5.30 5.90 8.20 8.80 4.00
2.40 6.00 3.90 2.80 9.90 4.10 8.90 8.40 4.10 9.00
9.90 1.20 4.80 0.20 5.00 0.80 7.10 0.60 5.50 9.30
0.20 7.70 2.90 5.80 3.60 5.70 1.10 1.90 2.70 5.10
6.70 4.20 7.50 7.70 7.00 4.10 4.00 6.70 6.60 1.80
7.30 2.10 2.50 2.40 0.40 3.60 6.20 6.50 3.70 1.60
2.10 7.00 0.70 1.60 7.20 0.50 1.80 6.50 0.40 5.90
5.00 6.40 7.90 4.90 5.60 3.50 1.10 4.60 3.90 5.60
3.10 8.70 4.10 7.70 6.70 2.70 4.60 0.80 4.60 6.10
3.30 1.50 3.20 0.70 4.20 0.50 1.70 2.80 0.80 7.20
2.90 3.80 7.00 0.40 8.30 6.70 8.70 4.00 2.50 2.20
0.20 0.60 6.70 1.70 1.20 0.10 1.20 3.50 5.20 3.50
4.50 9.00 8.70 0.50 5.30 0.30 4.80 2.20 4.10 0.90
1.60 3.20 3.10 1.10 7.00 5.50 9.60 8.60 8.30 3.30
1.40 1.70 1.50 8.20 5.30 2.10 5.90 7.50 5.60 4.00
9.50 3.20 8.60 3.10 8.40 0.70 5.50 1.80 7.40 0.30
7.90 5.30 4.40 0.90 1.90 6.30 6.60 5.10 3.60 1.30
6.90 8.60 1.70 5.50 4.30 5.60 3.60 1.00 2.20 8.40
6.70 2.90 3.10 3.60 6.40 1.20 6.60 5.80 0.40 9.70
9.20 6.00 5.50 9.50 0.80 6.30 5.70 8.50 3.40 8.90
7.70 2.30 9.00 5.20 7.50 6.10 6.00 2.10 8.40 5.20
6.50 9.60 0.30 7.90 7.50 5.60 7.10 9.60 5.40 9.80
9.30 3.40 1.90 7.30 9.40 3.50 3.50 1.40 4.30 4.20
8.80 3.30 7.80 5.10 3.90 9.20 6.10 9.90 8.90 6.30
9.80 4.10 8.10 5.70 5.70 8.80 1.80 6.60 2.90 1.40
3.50 6.40 2.30 4.00 8.90 9.10 6.90 0.70 9.90 7.40
8.90 5.60 3.90 6.20 1.60 8.60 8.10 4.00 4.80 9.70
9.40 3.40 8.20 7.20 0.90 6.50 8.70 5.50 2.60 0.30
3.00 4.30 2.80 8.60 9.00 8.70 7.80 3.70 1.60 9.40
1.70 8.30 1.10 4.60 3.40 8.10 7.20 3.50 1.40 7.60
9.10 5.40 4.30 9.80 6.90 8.20 3.50 3.70 4.50 0.80
8.30 2.40 3.30 7.00 5.80 8.20 9.00 8.50 6.80 4.60
4.60 6.50 5.90 5.90 3.50 8.40 1.90 6.60 8.70 0.30
4.90 2.20 0.80 0.80 6.00 0.70 7.90 6.60 4.00 1.40
9.20 9.80 3.70 5.20 1.80 8.40 4.70 0.70 5.50 7.80
4.80 7.70 4.80 2.80 7.20 1.60 7.80 6.40 0.80 2.60
7.90 5.50 7.90 1.50 6.40 4.30 9.90 8.30 5.10 8.50
4.00 5.40 1.30 4.00 9.60 1.40 5.90 6.00 9.00 4.60
3.60 1.70 2.90 4.40 9.20 8.50 4.40 9.10 8.60 6.30
1.10 4.60 0.60 0.80 1.20 8.30 5.00 2.30 7.50 7.20
1.50 7.50 2.10 3.10 9.60 3.20 6.10 1.20 1.00 3.20
4.40 8.00 8.70 8.10 8.50 2.80 8.60 9.20 4.10 7.70
4.10 6.70 1.30 5.40 3.00 3.90 6.20 3.60 4.00 5.40
2.80 6.30 4.20 5.90 3.60 0.10 0.90 9.80 3.40 4.50
3.00 8.70 6.30 7.60 2.10 8.20 8.50 6.60 8.20 7.70
7.90 0.70 7.20 6.20 0.10 8.90 9.10 1.50 3.40 7.40
5.90 8.70 0.80 7.30 4.10 6.20 6.60 1.20 4.40 8.40
4.20 0.50 0.60 1.60 5.90 2.10 3.30 5.70 2.00 6.50
3.10 6.30 2.20 3.70 3.20 2.40 6.30 6.30 3.40 1.70
3.60 0.20 4.90 3.90 7.50 6.00 8.40 1.50 0.10 0.30
2.10 8.70 5.10 8.90 4.50 9.20 1.90 4.10 2.10 7.10
7.50 9.00 6.90 9.00 3.80 6.40 7.50 4.90 4.40 7.40
9.30 8.30 9.50 3.90 9.10 8.00 0.50 4.20 0.20 8.40
5.60 0.50 9.20 9.00 9.30 3.50 7.00 0.70 7.40 3.80
2.10 6.40 4.40 1.20 4.30 4.20 7.20 4.80 3.60 7.10
1.90 1.60 3.10 5.80 9.10 4.20 3.20 6.90 5.60 4.90
9.60 3.20 4.20 6.90 7.30 7.60 4.60 7.50 1.60 0.70
9.10 1.40 6.30 2.00 7.90 9.30 5.70 5.50 9.30 3.50
4.80 6.80 5.50 8.10 5.60 9.50 4.10 5.00 8.50 8.80
4.00 4.10 9.90 4.60 7.60 3.40 8.10 9.40 3.30 3.50
5.10 0.80 4.00 8.60 0.90 8.50 4.50 5.90 4.10 6.20
0.80 5.90 6.70 6.00 1.00 1.20 6.80 6.70 4.60 1.30
6.60 5.20 0.40 5.10 3.60 7.60 8.10 2.00 7.80 4.00
9.00 6.80 5.10 9.90 4.30 6.90 6.00 2.90 3.70 7.30
6.30 2.00 6.30 0.70 6.00 7.10 4.30 7.40 2.10 2.40
0.40 5.10 1.80 0.40 6.70 9.40 9.60 5.10 9.20 7.10
6.30 9.90 7.30 1.00 8.70 8.60 5.00 8.40 0.90 7.00
6.10 0.60 4.50 7.90 0.10 3.40 8.80 3.10 8.80 2.20
0.80 7.20 0.40 8.90 0.70 3.00 3.20 9.80 0.80 1.10
7.80 6.90 3.00 8.00 8.50 4.10 4.20 1.60 2.30 9.70
8.20 8.00 7.10 6.30 3.20 5.10 4.90 5.30 8.20 7.10
0.90 2.50 1.20 2.90 5.20 1.60 7.30 6.60 6.30 3.60
4.70 0.70 8.50 8.00 7.30 9.50 8.20 6.10 9.10 3.80
4.10 1.90 2.00 5.40 9.90 2.30 0.60 1.50 6.90 5.10
9.10 8.70 4.10 9.90 3.80 1.50 9.70 3.10 0.20 2.10
3.30 8.30 2.20 4.50 9.70 3.50 5.00 5.10 4.50 9.00
6.10 7.20 3.70 5.90 3.20 4.40 8.30 7.10 7.70 8.70
5.60 7.80 5.30 6.90 7.20 6.10 2.10 5.10 1.50 8.70
4.40 7.40 3.20 1.00 8.90 9.40 7.90 5.80 0.20 8.20
1.60 6.30 9.00 6.70 5.40 9.40 9.70 3.90 9.80 1.40
0.30 2.10 2.50 4.50 1.00 7.20 0.90 8.40 1.30 9.90
8.70 8.10 1.90 4.90 7.40 0.50 6.80 9.00 6.90 9.90
9.20 9.30 0.90 9.20 6.10 5.60 0.50 9.10 8.30 2.20
6.00 8.50 2.20 6.40 6.10 8.80 4.30 2.20 9.80 4.60
9.10 0.50 5.10 7.60 4.50 7.60 2.30 6.30 0.20 7.80
8.20 4.60 4.50 5.30 8.00 5.00 2.90 9.10 4.10 8.20
8.80 7.10 4.30 0.40 9.90 8.60 6.90 2.20 3.30 5.20
6.50 9.80 4.40 4.30 4.70 4.50 0.60 0.60 6.30 0.40
2.80 4.90 2.50 2.90 8.90 9.70 0.90 4.40 1.00 9.80
9.50 9.90 0.40 7.30 0.80 9.10 2.10 1.90 3.40 4.40
8.80 2.10 3.30 9.80 2.30 4.60 7.20 3.30 2.00 1.80
3.50 7.80 1.10 7.60 0.50 8.60 9.60 6.80 0.40 6.10
9.30 9.70 7.30 3.10 2.70 0.30 2.50 0.40 5.50 8.00
2.90 6.80 9.90 6.60 4.60 6.90 3.10 0.80 3.80 9.80
6.00 4.80 0.10 1.10 4.40 1.40 7.60 4.90 4.20 5.20
4.30 6.80 7.50 1.00 4.10 1.40 8.20 6.70 4.60 6.70
2.20 1.60 9.80 5.10 7.30 1.40 4.70 7.50 9.00 5.80
1.00 3.70 5.00 2.70 8.40 6.40 5.00 2.20 1.40 9.20
1.00 8.00 2.40 8.40 2.00 2.60 1.10 2.10 8.00 7.60
6.00 5.60 6.10 7.90 4.70 1.90 3.30 0.90 9.60 9.90
0.80 1.00 9.10 7.80 4.90 7.80 0.60 4.10 5.50 1.00
0.10 8.00 1.30 4.00 1.00 5.80 5.40 3.70 0.50 7.80
1.00 5.40 5.70 5.10 7.80 5.90 7.30 8.20 5.60 3.60
6.70 7.30 4.50 1.00 7.50 1.90 1.60 5.20 8.00 1.90
4.30 8.40 9.90 3.90 6.60 5.90 1.10 0.40 6.50 4.40
2.10 8.00 8.30 5.40 1.70 3.90 3.90 2.80 3.70 5.00
6.90 4.00 5.90 3.10 2.00 6.20 2.10 6.10 7.20 5.40
5.70 9.30 5.60 6.70 8.60 5.20 6.30 7.00 9.30 2.40
6.50 2.70 8.30 6.50 9.30 1.50 6.70 9.80 2.70 2.70
5.00 9.60 5.20 6.30 9.30 9.00 3.00 3.60 1.80 1.60
8.30 1.10 2.40 9.10 8.80 5.60 3.60 5.40 6.70 6.10
3.30 5.60 6.40 4.40 9.00 7.90 5.10 9.10 0.60 7.20
1.40 0.60 9.90 4.20 7.90 0.20 1.30 1.40 6.40 3.40
3.20 5.70 2.70 4.00 7.80 3.90 2.70 8.70 7.90 2.50
6.80 5.50 9.50 7.70 8.70 4.90 1.20 9.60 0.40 5.10
