# nJobs | nMachines
50 10
# Job Weights
57
43
38
59
27
57
36
23
99
51
46
83
59
75
55
23
40
84
9
100
30
70
19
16
4
6
43
94
13
85
95
3
87
24
48
8
83
48
71
44
42
37
62
83
82
76
7
21
18
64
# P_bar : m1 | m2 | m3 | m4 | m5 | m6 | m7 | m8 | m9 | m10
29 39 19 98 20 58 59 59 76 77
28 38 6 38 79 44 66 60 72 34
63 12 72 80 35 53 35 72 23 66
73 83 73 84 67 11 61 54 74 3
99 98 43 28 65 92 70 97 99 52
55 31 3 15 20 50 17 71 74 3
79 37 47 46 30 37 98 43 71 51
82 48 34 67 23 57 40 92 27 89
2 59 28 78 85 14 46 71 81 78
45 28 32 39 55 64 88 53 75 62
45 91 7 85 32 63 93 28 47 40
41 88 29 93 45 16 11 97 90 8
26 51 89 22 94 9 33 55 17 32
87 62 84 22 84 97 65 91 59 37
52 99 33 36 48 86 15 33 91 14
10 43 95 67 56 87 67 12 27 80
42 7 64 7 46 77 41 12 69 10
72 10 9 83 90 20 1 36 29 43
59 77 44 78 73 60 90 73 79 87
45 35 23 68 2 83 8 78 95 27
54 28 45 75 8 72 16 7 20 85
71 98 68 7 62 29 12 3 88 36
44 17 88 65 49 3 86 4 54 11
49 75 96 23 86 27 71 87 46 27
78 82 56 32 97 33 53 84 46 9
7 89 43 13 34 3 13 16 82 16
57 48 11 38 2 41 32 12 50 57
10 60 95 51 19 61 64 84 10 87
63 26 94 79 66 63 53 2 53 58
73 52 99 50 23 52 51 34 69 25
91 65 56 25 1 69 58 9 25 52
22 10 3 83 26 97 95 98 2 92
63 27 2 6 47 45 6 83 29 67
98 25 23 16 10 4 93 98 51 1
92 6 75 36 75 72 47 70 12 69
91 96 17 16 39 19 22 3 65 37
28 16 46 43 18 66 83 76 85 93
86 57 83 66 57 35 4 16 48 20
76 98 98 79 95 43 17 49 73 21
36 38 30 40 70 72 17 27 1 53
29 66 23 8 11 28 86 20 4 37
5 91 77 71 42 46 16 24 46 98
77 70 12 77 9 73 59 61 80 68
81 83 12 31 61 12 43 48 72 74
73 49 15 83 81 74 1 49 96 7
65 7 70 31 75 41 18 34 47 64
72 54 78 76 94 59 87 97 22 24
61 25 13 9 31 42 27 92 9 85
32 6 22 45 48 47 94 62 90 31
61 87 90 76 88 23 57 81 58 51
# P_hat : m1 | m2 | m3 | m4 | m5 | m6 | m7 | m8 | m9 | m10
11.60 15.60 7.60 39.20 8.00 23.20 23.60 23.60 30.40 30.80
11.20 15.20 2.40 15.20 31.60 17.60 26.40 24.00 28.80 13.60
25.20 4.80 28.80 32.00 14.00 21.20 14.00 28.80 9.20 26.40
29.20 33.20 29.20 33.60 26.80 4.40 24.40 21.60 29.60 1.20
39.60 39.20 17.20 11.20 26.00 36.80 28.00 38.80 39.60 20.80
22.00 12.40 1.20 6.00 8.00 20.00 6.80 28.40 29.60 1.20
31.60 14.80 18.80 18.40 12.00 14.80 39.20 17.20 28.40 20.40
32.80 19.20 13.60 26.80 9.20 22.80 16.00 36.80 10.80 35.60
0.80 23.60 11.20 31.20 34.00 5.60 18.40 28.40 32.40 31.20
18.00 11.20 12.80 15.60 22.00 25.60 35.20 21.20 30.00 24.80
18.00 36.40 2.80 34.00 12.80 25.20 37.20 11.20 18.80 16.00
16.40 35.20 11.60 37.20 18.00 6.40 4.40 38.80 36.00 3.20
10.40 20.40 35.60 8.80 37.60 3.60 13.20 22.00 6.80 12.80
34.80 24.80 33.60 8.80 33.60 38.80 26.00 36.40 23.60 14.80
20.80 39.60 13.20 14.40 19.20 34.40 6.00 13.20 36.40 5.60
4.00 17.20 38.00 26.80 22.40 34.80 26.80 4.80 10.80 32.00
16.80 2.80 25.60 2.80 18.40 30.80 16.40 4.80 27.60 4.00
28.80 4.00 3.60 33.20 36.00 8.00 0.40 14.40 11.60 17.20
23.60 30.80 17.60 31.20 29.20 24.00 36.00 29.20 31.60 34.80
18.00 14.00 9.20 27.20 0.80 33.20 3.20 31.20 38.00 10.80
21.60 11.20 18.00 30.00 3.20 28.80 6.40 2.80 8.00 34.00
28.40 39.20 27.20 2.80 24.80 11.60 4.80 1.20 35.20 14.40
17.60 6.80 35.20 26.00 19.60 1.20 34.40 1.60 21.60 4.40
19.60 30.00 38.40 9.20 34.40 10.80 28.40 34.80 18.40 10.80
31.20 32.80 22.40 12.80 38.80 13.20 21.20 33.60 18.40 3.60
2.80 35.60 17.20 5.20 13.60 1.20 5.20 6.40 32.80 6.40
22.80 19.20 4.40 15.20 0.80 16.40 12.80 4.80 20.00 22.80
4.00 24.00 38.00 20.40 7.60 24.40 25.60 33.60 4.00 34.80
25.20 10.40 37.60 31.60 26.40 25.20 21.20 0.80 21.20 23.20
29.20 20.80 39.60 20.00 9.20 20.80 20.40 13.60 27.60 10.00
36.40 26.00 22.40 10.00 0.40 27.60 23.20 3.60 10.00 20.80
8.80 4.00 1.20 33.20 10.40 38.80 38.00 39.20 0.80 36.80
25.20 10.80 0.80 2.40 18.80 18.00 2.40 33.20 11.60 26.80
39.20 10.00 9.20 6.40 4.00 1.60 37.20 39.20 20.40 0.40
36.80 2.40 30.00 14.40 30.00 28.80 18.80 28.00 4.80 27.60
36.40 38.40 6.80 6.40 15.60 7.60 8.80 1.20 26.00 14.80
11.20 6.40 18.40 17.20 7.20 26.40 33.20 30.40 34.00 37.20
34.40 22.80 33.20 26.40 22.80 14.00 1.60 6.40 19.20 8.00
30.40 39.20 39.20 31.60 38.00 17.20 6.80 19.60 29.20 8.40
14.40 15.20 12.00 16.00 28.00 28.80 6.80 10.80 0.40 21.20
11.60 26.40 9.20 3.20 4.40 11.20 34.40 8.00 1.60 14.80
2.00 36.40 30.80 28.40 16.80 18.40 6.40 9.60 18.40 39.20
30.80 28.00 4.80 30.80 3.60 29.20 23.60 24.40 32.00 27.20
32.40 33.20 4.80 12.40 24.40 4.80 17.20 19.20 28.80 29.60
29.20 19.60 6.00 33.20 32.40 29.60 0.40 19.60 38.40 2.80
26.00 2.80 28.00 12.40 30.00 16.40 7.20 13.60 18.80 25.60
28.80 21.60 31.20 30.40 37.60 23.60 34.80 38.80 8.80 9.60
24.40 10.00 5.20 3.60 12.40 16.80 10.80 36.80 3.60 34.00
12.80 2.40 8.80 18.00 19.20 18.80 37.60 24.80 36.00 12.40
24.40 34.80 36.00 30.40 35.20 9.20 22.80 32.40 23.20 20.40
