# nJobs | nMachines
50 10
# Job Weights
64
97
75
17
20
48
50
29
36
71
54
50
43
88
12
2
38
20
92
75
31
67
57
46
96
44
41
68
83
80
25
6
79
24
58
11
53
74
18
95
52
54
86
79
24
45
63
11
29
37
# P_bar : m1 | m2 | m3 | m4 | m5 | m6 | m7 | m8 | m9 | m10
16 13 42 37 68 24 51 8 59 67
90 27 21 43 3 1 57 54 85 99
63 27 21 87 58 57 82 15 73 57
73 9 90 77 57 86 47 47 87 47
57 88 54 39 49 35 82 73 87 93
17 3 64 35 13 9 14 33 89 35
29 29 55 49 72 55 79 73 48 32
16 96 93 66 13 8 57 35 57 77
94 39 1 35 13 93 88 45 59 28
47 15 36 2 5 11 79 75 73 75
24 61 16 38 88 39 22 83 66 95
39 76 7 73 38 10 72 12 95 15
2 79 98 28 82 84 58 59 61 18
5 67 20 97 41 80 78 95 13 97
75 6 83 20 61 59 18 96 79 37
7 61 77 46 85 37 48 75 88 53
74 32 39 85 81 80 72 62 19 97
96 76 63 53 53 69 38 44 18 73
94 96 72 78 65 13 71 43 21 60
44 59 47 73 89 19 82 30 33 39
63 85 21 72 50 25 61 47 11 48
38 36 98 82 78 92 73 36 8 9
22 23 97 59 38 45 50 65 8 17
76 72 86 24 82 14 56 85 83 83
2 71 7 6 38 73 95 1 13 10
11 44 81 94 38 85 16 71 89 2
71 88 5 67 85 75 6 13 63 66
94 58 56 66 55 96 7 54 64 50
77 51 57 30 64 33 86 2 53 36
57 73 15 33 47 17 21 82 28 45
45 10 7 32 87 76 27 16 17 86
58 85 85 51 66 96 44 15 2 8
16 16 77 38 5 4 64 14 77 47
96 41 14 8 16 16 32 49 61 52
41 40 23 82 48 9 46 68 73 98
52 57 10 63 29 66 37 28 69 22
57 85 93 77 67 46 39 87 23 55
39 73 57 73 72 64 96 85 56 62
74 9 58 66 5 3 44 90 78 23
35 24 31 65 79 93 70 17 65 82
52 94 92 75 30 74 41 54 85 32
42 4 6 17 64 29 56 59 99 20
82 96 37 22 3 68 44 25 52 38
43 37 77 34 80 38 27 23 78 23
47 84 80 3 11 86 41 60 8 40
34 2 41 8 99 90 66 60 58 55
96 94 18 87 32 50 87 68 51 79
13 21 68 50 25 11 42 70 43 66
33 4 81 76 84 64 7 80 52 97
58 73 41 16 12 4 54 4 41 29
# P_hat : m1 | m2 | m3 | m4 | m5 | m6 | m7 | m8 | m9 | m10
3.20 2.60 8.40 7.40 13.60 4.80 10.20 1.60 11.80 13.40
18.00 5.40 4.20 8.60 0.60 0.20 11.40 10.80 17.00 19.80
12.60 5.40 4.20 17.40 11.60 11.40 16.40 3.00 14.60 11.40
14.60 1.80 18.00 15.40 11.40 17.20 9.40 9.40 17.40 9.40
11.40 17.60 10.80 7.80 9.80 7.00 16.40 14.60 17.40 18.60
3.40 0.60 12.80 7.00 2.60 1.80 2.80 6.60 17.80 7.00
5.80 5.80 11.00 9.80 14.40 11.00 15.80 14.60 9.60 6.40
3.20 19.20 18.60 13.20 2.60 1.60 11.40 7.00 11.40 15.40
18.80 7.80 0.20 7.00 2.60 18.60 17.60 9.00 11.80 5.60
9.40 3.00 7.20 0.40 1.00 2.20 15.80 15.00 14.60 15.00
4.80 12.20 3.20 7.60 17.60 7.80 4.40 16.60 13.20 19.00
7.80 15.20 1.40 14.60 7.60 2.00 14.40 2.40 19.00 3.00
0.40 15.80 19.60 5.60 16.40 16.80 11.60 11.80 12.20 3.60
1.00 13.40 4.00 19.40 8.20 16.00 15.60 19.00 2.60 19.40
15.00 1.20 16.60 4.00 12.20 11.80 3.60 19.20 15.80 7.40
1.40 12.20 15.40 9.20 17.00 7.40 9.60 15.00 17.60 10.60
14.80 6.40 7.80 17.00 16.20 16.00 14.40 12.40 3.80 19.40
19.20 15.20 12.60 10.60 10.60 13.80 7.60 8.80 3.60 14.60
18.80 19.20 14.40 15.60 13.00 2.60 14.20 8.60 4.20 12.00
8.80 11.80 9.40 14.60 17.80 3.80 16.40 6.00 6.60 7.80
12.60 17.00 4.20 14.40 10.00 5.00 12.20 9.40 2.20 9.60
7.60 7.20 19.60 16.40 15.60 18.40 14.60 7.20 1.60 1.80
4.40 4.60 19.40 11.80 7.60 9.00 10.00 13.00 1.60 3.40
15.20 14.40 17.20 4.80 16.40 2.80 11.20 17.00 16.60 16.60
0.40 14.20 1.40 1.20 7.60 14.60 19.00 0.20 2.60 2.00
2.20 8.80 16.20 18.80 7.60 17.00 3.20 14.20 17.80 0.40
14.20 17.60 1.00 13.40 17.00 15.00 1.20 2.60 12.60 13.20
18.80 11.60 11.20 13.20 11.00 19.20 1.40 10.80 12.80 10.00
15.40 10.20 11.40 6.00 12.80 6.60 17.20 0.40 10.60 7.20
11.40 14.60 3.00 6.60 9.40 3.40 4.20 16.40 5.60 9.00
9.00 2.00 1.40 6.40 17.40 15.20 5.40 3.20 3.40 17.20
11.60 17.00 17.00 10.20 13.20 19.20 8.80 3.00 0.40 1.60
3.20 3.20 15.40 7.60 1.00 0.80 12.80 2.80 15.40 9.40
19.20 8.20 2.80 1.60 3.20 3.20 6.40 9.80 12.20 10.40
8.20 8.00 4.60 16.40 9.60 1.80 9.20 13.60 14.60 19.60
10.40 11.40 2.00 12.60 5.80 13.20 7.40 5.60 13.80 4.40
11.40 17.00 18.60 15.40 13.40 9.20 7.80 17.40 4.60 11.00
7.80 14.60 11.40 14.60 14.40 12.80 19.20 17.00 11.20 12.40
14.80 1.80 11.60 13.20 1.00 0.60 8.80 18.00 15.60 4.60
7.00 4.80 6.20 13.00 15.80 18.60 14.00 3.40 13.00 16.40
10.40 18.80 18.40 15.00 6.00 14.80 8.20 10.80 17.00 6.40
8.40 0.80 1.20 3.40 12.80 5.80 11.20 11.80 19.80 4.00
16.40 19.20 7.40 4.40 0.60 13.60 8.80 5.00 10.40 7.60
8.60 7.40 15.40 6.80 16.00 7.60 5.40 4.60 15.60 4.60
9.40 16.80 16.00 0.60 2.20 17.20 8.20 12.00 1.60 8.00
6.80 0.40 8.20 1.60 19.80 18.00 13.20 12.00 11.60 11.00
19.20 18.80 3.60 17.40 6.40 10.00 17.40 13.60 10.20 15.80
2.60 4.20 13.60 10.00 5.00 2.20 8.40 14.00 8.60 13.20
6.60 0.80 16.20 15.20 16.80 12.80 1.40 16.00 10.40 19.40
11.60 14.60 8.20 3.20 2.40 0.80 10.80 0.80 8.20 5.80
