# nJobs | nMachines
50 5
# Job Weights
13
56
71
73
40
61
70
79
10
50
30
13
100
51
50
71
43
81
53
76
68
82
83
15
71
23
30
5
100
97
81
11
66
32
43
66
11
19
34
14
71
16
88
47
94
91
13
15
48
86
# P_bar : m1 | m2 | m3 | m4 | m5
37 77 91 91 5
5 64 36 7 73
8 66 63 40 99
37 33 69 92 23
71 47 83 47 83
65 67 29 49 9
13 61 33 87 89
35 99 97 76 94
52 54 1 49 84
63 66 74 41 97
58 57 74 29 99
13 65 53 27 43
69 24 74 14 71
35 30 54 68 86
9 95 21 9 51
90 40 41 69 22
57 85 92 94 2
90 46 2 51 60
55 46 83 64 17
36 55 63 67 81
84 39 87 47 6
31 22 37 66 40
50 41 64 27 32
44 41 65 49 82
38 40 40 92 63
12 19 77 74 50
57 56 1 59 74
70 16 12 36 36
92 48 54 79 56
1 38 39 16 10
72 25 24 43 24
94 2 79 4 82
96 99 47 3 90
78 67 80 11 29
30 94 40 13 99
46 50 44 95 38
60 26 58 64 7
95 54 20 38 77
82 67 50 32 50
94 57 16 76 4
62 18 99 66 11
7 8 22 37 73
51 81 33 28 16
44 49 60 7 27
31 96 87 2 98
40 18 55 88 30
29 50 70 92 51
78 46 93 58 77
57 22 52 24 54
42 48 41 2 92
# P_hat : m1 | m2 | m3 | m4 | m5
14.80 30.80 36.40 36.40 2.00
2.00 25.60 14.40 2.80 29.20
3.20 26.40 25.20 16.00 39.60
14.80 13.20 27.60 36.80 9.20
28.40 18.80 33.20 18.80 33.20
26.00 26.80 11.60 19.60 3.60
5.20 24.40 13.20 34.80 35.60
14.00 39.60 38.80 30.40 37.60
20.80 21.60 0.40 19.60 33.60
25.20 26.40 29.60 16.40 38.80
23.20 22.80 29.60 11.60 39.60
5.20 26.00 21.20 10.80 17.20
27.60 9.60 29.60 5.60 28.40
14.00 12.00 21.60 27.20 34.40
3.60 38.00 8.40 3.60 20.40
36.00 16.00 16.40 27.60 8.80
22.80 34.00 36.80 37.60 0.80
36.00 18.40 0.80 20.40 24.00
22.00 18.40 33.20 25.60 6.80
14.40 22.00 25.20 26.80 32.40
33.60 15.60 34.80 18.80 2.40
12.40 8.80 14.80 26.40 16.00
20.00 16.40 25.60 10.80 12.80
17.60 16.40 26.00 19.60 32.80
15.20 16.00 16.00 36.80 25.20
4.80 7.60 30.80 29.60 20.00
22.80 22.40 0.40 23.60 29.60
28.00 6.40 4.80 14.40 14.40
36.80 19.20 21.60 31.60 22.40
0.40 15.20 15.60 6.40 4.00
28.80 10.00 9.60 17.20 9.60
37.60 0.80 31.60 1.60 32.80
38.40 39.60 18.80 1.20 36.00
31.20 26.80 32.00 4.40 11.60
12.00 37.60 16.00 5.20 39.60
18.40 20.00 17.60 38.00 15.20
24.00 10.40 23.20 25.60 2.80
38.00 21.60 8.00 15.20 30.80
32.80 26.80 20.00 12.80 20.00
37.60 22.80 6.40 30.40 1.60
24.80 7.20 39.60 26.40 4.40
2.80 3.20 8.80 14.80 29.20
20.40 32.40 13.20 11.20 6.40
17.60 19.60 24.00 2.80 10.80
12.40 38.40 34.80 0.80 39.20
16.00 7.20 22.00 35.20 12.00
11.60 20.00 28.00 36.80 20.40
31.20 18.40 37.20 23.20 30.80
22.80 8.80 20.80 9.60 21.60
16.80 19.20 16.40 0.80 36.80
