# nJobs | nMachines
50 5
# Job Weights
13
91
1
60
6
94
73
59
95
14
85
87
33
77
61
80
40
17
37
19
74
21
70
47
78
71
69
67
93
74
92
47
40
46
53
48
33
77
60
7
70
24
92
18
8
72
32
21
89
74
# P_bar : m1 | m2 | m3 | m4 | m5
27 91 97 67 11
69 9 49 72 73
78 33 17 50 28
90 97 54 12 12
23 27 52 54 71
6 17 74 69 20
23 97 44 35 65
28 96 8 26 56
98 1 75 80 44
57 30 19 13 79
96 5 91 17 26
85 78 94 10 43
60 58 77 74 44
34 20 80 63 28
42 42 20 17 70
73 97 48 11 64
31 96 90 15 57
11 75 30 30 53
60 89 5 91 84
57 66 20 89 45
88 9 46 93 6
38 59 72 62 77
43 84 10 16 39
30 93 97 49 94
77 83 44 73 72
85 58 85 58 93
58 92 40 68 80
58 82 68 15 35
45 12 62 92 32
72 89 76 31 59
86 81 60 16 31
83 20 65 56 86
3 4 91 42 52
14 93 63 32 7
91 12 67 85 99
27 75 26 2 20
17 35 57 39 95
13 58 22 39 21
21 70 67 79 63
82 9 70 86 73
91 79 30 35 97
11 29 57 30 49
88 45 67 10 77
99 27 29 42 83
8 71 63 77 73
6 89 77 69 94
71 21 28 47 35
53 78 73 83 89
2 4 63 8 9
2 17 20 27 29
# P_hat : m1 | m2 | m3 | m4 | m5
13.50 45.50 48.50 33.50 5.50
34.50 4.50 24.50 36.00 36.50
39.00 16.50 8.50 25.00 14.00
45.00 48.50 27.00 6.00 6.00
11.50 13.50 26.00 27.00 35.50
3.00 8.50 37.00 34.50 10.00
11.50 48.50 22.00 17.50 32.50
14.00 48.00 4.00 13.00 28.00
49.00 0.50 37.50 40.00 22.00
28.50 15.00 9.50 6.50 39.50
48.00 2.50 45.50 8.50 13.00
42.50 39.00 47.00 5.00 21.50
30.00 29.00 38.50 37.00 22.00
17.00 10.00 40.00 31.50 14.00
21.00 21.00 10.00 8.50 35.00
36.50 48.50 24.00 5.50 32.00
15.50 48.00 45.00 7.50 28.50
5.50 37.50 15.00 15.00 26.50
30.00 44.50 2.50 45.50 42.00
28.50 33.00 10.00 44.50 22.50
44.00 4.50 23.00 46.50 3.00
19.00 29.50 36.00 31.00 38.50
21.50 42.00 5.00 8.00 19.50
15.00 46.50 48.50 24.50 47.00
38.50 41.50 22.00 36.50 36.00
42.50 29.00 42.50 29.00 46.50
29.00 46.00 20.00 34.00 40.00
29.00 41.00 34.00 7.50 17.50
22.50 6.00 31.00 46.00 16.00
36.00 44.50 38.00 15.50 29.50
43.00 40.50 30.00 8.00 15.50
41.50 10.00 32.50 28.00 43.00
1.50 2.00 45.50 21.00 26.00
7.00 46.50 31.50 16.00 3.50
45.50 6.00 33.50 42.50 49.50
13.50 37.50 13.00 1.00 10.00
8.50 17.50 28.50 19.50 47.50
6.50 29.00 11.00 19.50 10.50
10.50 35.00 33.50 39.50 31.50
41.00 4.50 35.00 43.00 36.50
45.50 39.50 15.00 17.50 48.50
5.50 14.50 28.50 15.00 24.50
44.00 22.50 33.50 5.00 38.50
49.50 13.50 14.50 21.00 41.50
4.00 35.50 31.50 38.50 36.50
3.00 44.50 38.50 34.50 47.00
35.50 10.50 14.00 23.50 17.50
26.50 39.00 36.50 41.50 44.50
1.00 2.00 31.50 4.00 4.50
1.00 8.50 10.00 13.50 14.50
