# nJobs | nMachines
100 10
# Job Weights
75
95
41
72
61
96
53
27
91
71
89
65
55
55
42
59
53
49
66
80
92
59
21
19
1
87
45
85
12
79
8
14
16
28
50
82
57
31
66
13
56
60
94
26
89
54
49
20
14
22
21
86
91
52
45
62
93
98
33
92
49
8
62
30
76
82
83
96
3
9
29
18
50
40
32
73
16
30
30
96
20
32
17
18
45
69
73
78
26
33
14
18
94
38
37
67
76
71
24
8
# P_bar : m1 | m2 | m3 | m4 | m5 | m6 | m7 | m8 | m9 | m10
52 82 63 79 80 53 71 95 92 61
95 21 55 21 13 19 90 53 62 86
42 79 59 93 64 99 59 54 11 16
75 95 35 32 77 62 82 22 83 42
44 46 21 8 17 88 22 84 87 14
57 23 59 45 78 93 88 54 66 92
89 40 78 37 82 34 35 2 98 67
53 95 25 78 4 72 49 80 42 77
84 87 30 26 72 42 78 84 23 46
62 37 38 98 93 65 69 66 45 41
91 24 78 17 68 39 76 25 52 78
14 24 79 25 25 79 2 16 6 3
95 65 58 21 67 9 14 79 3 72
89 62 44 28 80 26 3 90 64 95
4 19 38 68 43 72 22 51 55 53
95 67 76 24 93 29 26 29 97 59
2 66 70 62 21 36 44 29 83 34
97 6 72 89 33 48 1 90 42 66
68 65 85 60 14 57 4 83 81 42
20 59 8 64 30 95 16 83 92 63
33 2 10 38 59 93 55 19 68 27
51 67 84 90 83 79 43 95 46 92
98 82 42 87 85 88 87 87 56 8
8 90 67 1 85 77 35 12 88 65
85 30 20 99 70 94 76 34 50 34
86 63 24 34 35 39 98 23 13 6
73 5 75 9 2 74 78 44 23 42
4 93 23 22 76 46 81 30 13 39
40 53 33 74 46 17 48 82 49 2
98 85 60 14 72 30 25 83 18 7
12 81 20 14 69 62 81 42 50 85
59 73 75 84 46 77 27 56 94 32
44 34 83 75 3 43 84 89 71 14
46 74 26 37 57 98 59 38 64 74
2 13 92 32 71 48 98 96 31 59
41 78 29 29 77 14 14 10 21 95
28 35 39 32 33 45 32 3 2 48
83 20 14 89 49 25 95 53 63 37
28 16 74 12 59 98 30 97 58 59
21 48 66 47 82 30 13 11 36 4
80 12 86 19 59 90 68 65 64 42
71 11 10 97 70 92 19 47 52 93
4 80 27 7 76 35 57 76 8 32
60 9 8 12 10 13 65 22 94 30
34 24 7 43 65 75 13 17 51 16
55 76 97 89 19 55 63 14 36 95
53 32 84 14 77 80 26 11 82 58
96 35 56 33 86 67 96 69 30 12
37 66 61 56 21 3 53 91 17 95
37 48 9 57 75 93 94 53 21 21
63 16 94 22 96 54 27 3 80 74
99 26 34 6 3 67 93 80 38 38
69 46 89 24 50 25 49 78 55 4
70 66 62 55 57 77 63 32 34 31
53 76 47 48 66 38 65 53 85 62
21 31 66 57 84 98 34 43 44 39
10 36 76 78 98 96 10 85 47 97
31 8 15 5 55 20 56 19 66 57
80 37 18 50 70 15 51 48 19 9
18 21 54 83 32 36 97 49 66 54
5 3 24 70 31 65 52 66 61 13
18 76 55 21 64 97 46 22 60 47
17 67 96 71 11 27 16 37 98 6
71 5 10 58 9 25 50 51 82 70
90 47 12 36 32 61 96 82 79 19
93 72 96 50 58 24 85 59 71 97
14 66 53 31 98 97 61 88 28 41
49 56 92 86 95 61 76 77 74 1
52 95 77 29 25 75 30 19 27 57
7 49 6 30 4 92 90 32 33 60
78 47 91 93 45 73 42 52 13 62
57 26 14 49 60 21 88 9 9 14
41 81 41 83 87 29 37 96 12 90
75 56 30 89 31 3 43 23 51 76
98 76 85 44 1 96 88 64 16 12
93 66 17 38 96 51 91 22 49 89
33 36 23 62 22 26 14 37 83 37
75 53 60 45 95 44 63 3 48 35
68 26 76 22 73 56 65 52 13 91
33 52 39 85 77 31 74 44 78 69
60 29 85 39 30 64 71 11 96 55
82 36 10 98 88 38 8 21 77 48
24 68 65 56 14 44 39 85 68 56
99 21 15 68 22 46 95 6 88 84
4 71 55 84 93 66 82 40 77 22
97 61 41 77 48 31 17 68 76 51
24 71 28 67 10 48 38 30 73 43
50 69 93 53 7 27 69 35 92 50
55 28 88 46 14 82 17 58 72 62
91 86 27 24 91 51 24 31 87 61
46 27 77 52 5 90 66 11 66 10
58 41 81 96 43 63 75 11 98 87
17 86 19 2 30 85 52 6 40 99
47 55 76 88 79 36 59 59 31 40
82 17 55 33 39 69 4 64 75 91
6 62 67 27 34 67 73 65 45 64
15 96 65 49 77 81 56 23 98 62
91 59 8 78 81 18 19 80 90 53
74 53 18 82 11 81 39 75 4 33
42 93 56 65 10 72 51 63 23 16
# P_hat : m1 | m2 | m3 | m4 | m5 | m6 | m7 | m8 | m9 | m10
26.00 41.00 31.50 39.50 40.00 26.50 35.50 47.50 46.00 30.50
47.50 10.50 27.50 10.50 6.50 9.50 45.00 26.50 31.00 43.00
21.00 39.50 29.50 46.50 32.00 49.50 29.50 27.00 5.50 8.00
37.50 47.50 17.50 16.00 38.50 31.00 41.00 11.00 41.50 21.00
22.00 23.00 10.50 4.00 8.50 44.00 11.00 42.00 43.50 7.00
28.50 11.50 29.50 22.50 39.00 46.50 44.00 27.00 33.00 46.00
44.50 20.00 39.00 18.50 41.00 17.00 17.50 1.00 49.00 33.50
26.50 47.50 12.50 39.00 2.00 36.00 24.50 40.00 21.00 38.50
42.00 43.50 15.00 13.00 36.00 21.00 39.00 42.00 11.50 23.00
31.00 18.50 19.00 49.00 46.50 32.50 34.50 33.00 22.50 20.50
45.50 12.00 39.00 8.50 34.00 19.50 38.00 12.50 26.00 39.00
7.00 12.00 39.50 12.50 12.50 39.50 1.00 8.00 3.00 1.50
47.50 32.50 29.00 10.50 33.50 4.50 7.00 39.50 1.50 36.00
44.50 31.00 22.00 14.00 40.00 13.00 1.50 45.00 32.00 47.50
2.00 9.50 19.00 34.00 21.50 36.00 11.00 25.50 27.50 26.50
47.50 33.50 38.00 12.00 46.50 14.50 13.00 14.50 48.50 29.50
1.00 33.00 35.00 31.00 10.50 18.00 22.00 14.50 41.50 17.00
48.50 3.00 36.00 44.50 16.50 24.00 0.50 45.00 21.00 33.00
34.00 32.50 42.50 30.00 7.00 28.50 2.00 41.50 40.50 21.00
10.00 29.50 4.00 32.00 15.00 47.50 8.00 41.50 46.00 31.50
16.50 1.00 5.00 19.00 29.50 46.50 27.50 9.50 34.00 13.50
25.50 33.50 42.00 45.00 41.50 39.50 21.50 47.50 23.00 46.00
49.00 41.00 21.00 43.50 42.50 44.00 43.50 43.50 28.00 4.00
4.00 45.00 33.50 0.50 42.50 38.50 17.50 6.00 44.00 32.50
42.50 15.00 10.00 49.50 35.00 47.00 38.00 17.00 25.00 17.00
43.00 31.50 12.00 17.00 17.50 19.50 49.00 11.50 6.50 3.00
36.50 2.50 37.50 4.50 1.00 37.00 39.00 22.00 11.50 21.00
2.00 46.50 11.50 11.00 38.00 23.00 40.50 15.00 6.50 19.50
20.00 26.50 16.50 37.00 23.00 8.50 24.00 41.00 24.50 1.00
49.00 42.50 30.00 7.00 36.00 15.00 12.50 41.50 9.00 3.50
6.00 40.50 10.00 7.00 34.50 31.00 40.50 21.00 25.00 42.50
29.50 36.50 37.50 42.00 23.00 38.50 13.50 28.00 47.00 16.00
22.00 17.00 41.50 37.50 1.50 21.50 42.00 44.50 35.50 7.00
23.00 37.00 13.00 18.50 28.50 49.00 29.50 19.00 32.00 37.00
1.00 6.50 46.00 16.00 35.50 24.00 49.00 48.00 15.50 29.50
20.50 39.00 14.50 14.50 38.50 7.00 7.00 5.00 10.50 47.50
14.00 17.50 19.50 16.00 16.50 22.50 16.00 1.50 1.00 24.00
41.50 10.00 7.00 44.50 24.50 12.50 47.50 26.50 31.50 18.50
14.00 8.00 37.00 6.00 29.50 49.00 15.00 48.50 29.00 29.50
10.50 24.00 33.00 23.50 41.00 15.00 6.50 5.50 18.00 2.00
40.00 6.00 43.00 9.50 29.50 45.00 34.00 32.50 32.00 21.00
35.50 5.50 5.00 48.50 35.00 46.00 9.50 23.50 26.00 46.50
2.00 40.00 13.50 3.50 38.00 17.50 28.50 38.00 4.00 16.00
30.00 4.50 4.00 6.00 5.00 6.50 32.50 11.00 47.00 15.00
17.00 12.00 3.50 21.50 32.50 37.50 6.50 8.50 25.50 8.00
27.50 38.00 48.50 44.50 9.50 27.50 31.50 7.00 18.00 47.50
26.50 16.00 42.00 7.00 38.50 40.00 13.00 5.50 41.00 29.00
48.00 17.50 28.00 16.50 43.00 33.50 48.00 34.50 15.00 6.00
18.50 33.00 30.50 28.00 10.50 1.50 26.50 45.50 8.50 47.50
18.50 24.00 4.50 28.50 37.50 46.50 47.00 26.50 10.50 10.50
31.50 8.00 47.00 11.00 48.00 27.00 13.50 1.50 40.00 37.00
49.50 13.00 17.00 3.00 1.50 33.50 46.50 40.00 19.00 19.00
34.50 23.00 44.50 12.00 25.00 12.50 24.50 39.00 27.50 2.00
35.00 33.00 31.00 27.50 28.50 38.50 31.50 16.00 17.00 15.50
26.50 38.00 23.50 24.00 33.00 19.00 32.50 26.50 42.50 31.00
10.50 15.50 33.00 28.50 42.00 49.00 17.00 21.50 22.00 19.50
5.00 18.00 38.00 39.00 49.00 48.00 5.00 42.50 23.50 48.50
15.50 4.00 7.50 2.50 27.50 10.00 28.00 9.50 33.00 28.50
40.00 18.50 9.00 25.00 35.00 7.50 25.50 24.00 9.50 4.50
9.00 10.50 27.00 41.50 16.00 18.00 48.50 24.50 33.00 27.00
2.50 1.50 12.00 35.00 15.50 32.50 26.00 33.00 30.50 6.50
9.00 38.00 27.50 10.50 32.00 48.50 23.00 11.00 30.00 23.50
8.50 33.50 48.00 35.50 5.50 13.50 8.00 18.50 49.00 3.00
35.50 2.50 5.00 29.00 4.50 12.50 25.00 25.50 41.00 35.00
45.00 23.50 6.00 18.00 16.00 30.50 48.00 41.00 39.50 9.50
46.50 36.00 48.00 25.00 29.00 12.00 42.50 29.50 35.50 48.50
7.00 33.00 26.50 15.50 49.00 48.50 30.50 44.00 14.00 20.50
24.50 28.00 46.00 43.00 47.50 30.50 38.00 38.50 37.00 0.50
26.00 47.50 38.50 14.50 12.50 37.50 15.00 9.50 13.50 28.50
3.50 24.50 3.00 15.00 2.00 46.00 45.00 16.00 16.50 30.00
39.00 23.50 45.50 46.50 22.50 36.50 21.00 26.00 6.50 31.00
28.50 13.00 7.00 24.50 30.00 10.50 44.00 4.50 4.50 7.00
20.50 40.50 20.50 41.50 43.50 14.50 18.50 48.00 6.00 45.00
37.50 28.00 15.00 44.50 15.50 1.50 21.50 11.50 25.50 38.00
49.00 38.00 42.50 22.00 0.50 48.00 44.00 32.00 8.00 6.00
46.50 33.00 8.50 19.00 48.00 25.50 45.50 11.00 24.50 44.50
16.50 18.00 11.50 31.00 11.00 13.00 7.00 18.50 41.50 18.50
37.50 26.50 30.00 22.50 47.50 22.00 31.50 1.50 24.00 17.50
34.00 13.00 38.00 11.00 36.50 28.00 32.50 26.00 6.50 45.50
16.50 26.00 19.50 42.50 38.50 15.50 37.00 22.00 39.00 34.50
30.00 14.50 42.50 19.50 15.00 32.00 35.50 5.50 48.00 27.50
41.00 18.00 5.00 49.00 44.00 19.00 4.00 10.50 38.50 24.00
12.00 34.00 32.50 28.00 7.00 22.00 19.50 42.50 34.00 28.00
49.50 10.50 7.50 34.00 11.00 23.00 47.50 3.00 44.00 42.00
2.00 35.50 27.50 42.00 46.50 33.00 41.00 20.00 38.50 11.00
48.50 30.50 20.50 38.50 24.00 15.50 8.50 34.00 38.00 25.50
12.00 35.50 14.00 33.50 5.00 24.00 19.00 15.00 36.50 21.50
25.00 34.50 46.50 26.50 3.50 13.50 34.50 17.50 46.00 25.00
27.50 14.00 44.00 23.00 7.00 41.00 8.50 29.00 36.00 31.00
45.50 43.00 13.50 12.00 45.50 25.50 12.00 15.50 43.50 30.50
23.00 13.50 38.50 26.00 2.50 45.00 33.00 5.50 33.00 5.00
29.00 20.50 40.50 48.00 21.50 31.50 37.50 5.50 49.00 43.50
8.50 43.00 9.50 1.00 15.00 42.50 26.00 3.00 20.00 49.50
23.50 27.50 38.00 44.00 39.50 18.00 29.50 29.50 15.50 20.00
41.00 8.50 27.50 16.50 19.50 34.50 2.00 32.00 37.50 45.50
3.00 31.00 33.50 13.50 17.00 33.50 36.50 32.50 22.50 32.00
7.50 48.00 32.50 24.50 38.50 40.50 28.00 11.50 49.00 31.00
45.50 29.50 4.00 39.00 40.50 9.00 9.50 40.00 45.00 26.50
37.00 26.50 9.00 41.00 5.50 40.50 19.50 37.50 2.00 16.50
21.00 46.50 28.00 32.50 5.00 36.00 25.50 31.50 11.50 8.00
