# nJobs | nMachines
100 20
# Job Weights
85
74
92
23
79
100
65
52
26
42
29
1
8
53
29
55
21
9
51
90
62
26
45
75
44
16
68
96
68
42
88
87
31
89
8
93
44
27
23
94
49
36
78
70
43
86
30
59
4
9
72
29
14
100
89
45
12
37
61
29
74
24
99
37
19
87
4
79
6
70
84
87
73
27
31
89
80
3
53
75
22
62
41
4
43
56
76
33
53
50
11
78
50
29
11
32
46
23
95
12
# P_bar : m1 | m2 | m3 | m4 | m5 | m6 | m7 | m8 | m9 | m10 | m11 | m12 | m13 | m14 | m15 | m16 | m17 | m18 | m19 | m20
1 87 92 71 47 12 91 45 74 96 68 97 52 42 89 35 83 27 75 65
61 33 75 85 7 29 19 12 87 41 69 98 21 11 51 92 34 84 84 35
82 38 4 37 33 76 69 58 9 83 80 58 2 54 46 60 22 96 82 68
63 36 88 66 48 97 20 63 78 13 71 60 86 16 17 14 99 46 74 70
9 28 28 81 61 43 34 41 33 79 11 97 47 10 76 20 85 6 2 45
98 94 37 59 67 48 28 92 84 71 44 9 91 12 14 96 94 55 8 92
85 61 67 45 99 81 24 7 63 4 86 44 22 82 24 67 37 9 16 68
76 89 1 96 32 10 16 3 71 60 86 24 7 60 58 21 67 80 60 85
35 33 54 89 19 55 89 35 13 93 18 24 56 83 4 28 78 48 33 33
26 3 1 23 50 90 40 97 1 24 55 18 44 29 26 69 97 36 81 21
10 28 88 32 91 19 82 32 72 16 96 77 3 55 77 26 51 32 94 28
7 79 1 18 65 29 63 18 36 22 82 75 21 67 40 6 82 42 8 84
55 68 67 71 25 10 32 44 86 21 39 3 52 62 47 22 83 14 10 56
4 35 12 61 64 49 11 87 68 99 17 88 99 6 36 15 38 83 93 8
28 51 25 65 64 5 82 5 39 12 69 48 45 39 37 3 12 23 92 71
59 14 75 16 64 12 71 25 56 44 98 78 36 39 66 45 23 94 71 69
59 24 42 47 9 98 22 97 34 57 61 71 42 74 26 81 26 12 78 49
8 31 84 15 96 55 38 48 76 75 68 24 42 57 13 29 73 11 26 9
98 47 67 54 65 38 29 59 63 13 62 50 80 2 81 13 32 14 47 37
34 95 23 61 72 30 93 83 45 14 88 19 38 8 4 49 80 66 72 24
90 64 40 61 61 41 14 40 16 49 37 98 68 32 95 99 11 81 32 87
32 39 36 66 45 86 74 3 82 72 39 38 71 6 70 33 6 47 16 59
57 98 37 55 29 50 93 42 30 40 7 43 18 62 55 64 24 84 35 57
87 15 86 18 36 43 63 91 32 98 51 10 11 78 40 96 78 46 63 9
1 51 14 9 64 96 94 82 73 88 2 51 37 3 11 16 66 23 34 31
88 69 39 78 14 18 64 40 57 37 62 64 30 26 40 56 21 69 91 74
46 50 30 59 86 42 31 86 49 6 35 5 55 80 28 85 73 7 77 4
46 3 61 70 22 75 85 63 29 5 75 77 25 75 70 65 38 63 82 89
84 60 62 69 87 88 61 94 43 58 5 72 58 73 75 70 80 67 57 67
43 31 39 41 22 50 13 46 99 33 97 2 11 18 84 46 83 23 35 12
52 23 74 37 91 66 80 56 27 40 87 34 51 34 70 6 99 11 74 45
26 14 19 99 40 23 33 5 81 22 52 78 44 89 33 55 72 66 37 84
21 5 14 24 56 35 81 48 2 50 30 32 5 22 96 73 35 17 27 43
55 97 85 67 97 22 6 34 65 23 75 14 84 38 63 79 7 12 48 30
94 94 55 52 7 13 84 49 91 89 27 98 10 75 64 81 82 88 10 45
32 44 95 63 5 11 19 24 13 34 75 90 58 32 39 15 61 31 54 33
52 56 58 62 83 39 9 28 68 66 40 4 21 29 26 46 83 92 94 27
21 24 66 24 98 16 61 94 48 27 4 45 4 97 14 51 74 78 56 11
33 46 61 7 25 63 72 55 22 9 43 49 16 24 67 13 98 89 23 43
68 44 75 50 87 87 42 9 7 92 90 80 72 96 63 36 45 38 91 6
62 51 91 44 27 31 93 66 41 13 35 95 64 91 39 85 40 80 47 90
71 47 27 28 88 1 57 80 59 83 24 89 87 89 58 1 7 61 53 29
85 18 60 84 74 54 6 38 92 13 28 56 4 23 67 38 30 53 42 46
32 54 90 49 98 41 56 37 20 77 58 42 10 17 61 29 87 28 16 1
32 7 71 94 15 53 86 92 52 17 36 27 69 67 47 87 51 40 72 29
62 26 99 3 97 99 44 90 71 66 43 74 24 45 97 95 64 82 35 90
97 16 99 22 16 9 39 42 6 96 49 5 47 30 63 8 25 35 33 86
93 67 73 95 13 3 90 43 78 40 86 33 53 9 45 10 17 89 69 46
72 3 39 69 13 24 31 13 37 30 60 52 25 6 49 76 2 20 92 81
28 38 25 69 38 83 18 29 91 38 25 95 36 47 99 63 92 58 26 43
5 13 37 16 94 9 13 7 42 9 89 60 13 13 49 25 14 25 16 20
66 28 56 5 88 66 6 67 61 10 1 29 23 93 80 2 54 83 74 78
96 23 83 24 57 61 71 36 97 87 46 53 19 80 54 50 34 62 97 96
36 62 27 90 46 51 2 80 4 41 83 73 78 23 28 81 23 48 38 11
55 87 19 92 82 79 72 5 55 72 34 7 19 55 83 11 47 32 44 29
22 75 27 65 32 93 67 15 79 89 32 17 38 76 67 80 69 46 33 27
82 55 47 82 10 64 71 12 78 67 59 97 63 37 89 77 50 12 46 71
64 20 19 9 59 86 67 31 41 54 29 65 64 64 30 74 34 62 71 54
62 68 59 73 81 20 69 1 23 9 11 32 28 16 91 20 80 22 56 68
68 13 8 58 91 88 30 29 19 73 82 19 89 55 23 64 18 41 98 28
27 80 20 60 30 52 60 36 10 61 54 89 72 2 79 43 19 68 42 12
21 47 12 14 41 68 12 48 22 80 92 70 70 60 73 23 25 35 14 8
63 48 62 20 70 49 83 98 27 50 98 22 32 66 80 10 16 56 19 12
22 20 4 14 50 61 94 28 27 42 27 91 53 90 68 41 71 67 69 90
40 13 36 90 75 55 71 41 43 86 57 59 55 95 75 51 7 74 34 94
85 23 80 93 63 50 43 13 80 27 57 12 40 47 16 94 89 82 77 48
52 76 71 26 32 44 12 21 62 79 63 44 13 32 75 31 41 64 1 4
51 63 64 24 79 36 69 50 85 75 63 20 48 58 2 4 48 43 29 68
41 91 8 46 68 63 2 57 87 46 95 74 91 54 28 74 96 40 34 73
30 49 40 93 24 89 42 14 69 59 74 75 55 89 77 76 13 6 35 88
23 34 93 17 95 10 4 41 69 10 63 79 31 66 4 29 20 22 69 50
66 34 1 11 7 80 81 59 3 51 7 20 85 27 13 51 87 76 21 97
52 17 1 71 80 20 98 86 32 1 67 69 51 27 47 26 60 59 45 7
52 20 39 19 95 41 49 56 97 11 70 20 15 80 19 61 57 85 31 76
65 92 32 4 60 23 40 28 47 1 32 28 31 75 68 44 65 46 12 42
70 65 31 96 17 16 21 76 2 19 86 32 64 89 20 90 21 88 59 88
47 80 8 87 19 10 60 69 39 88 26 99 30 30 61 34 34 13 45 27
38 26 26 58 65 2 78 67 67 65 2 27 90 21 4 59 6 85 15 15
81 24 50 13 41 79 37 90 96 7 54 14 36 71 22 48 23 61 34 72
88 30 50 53 19 70 3 95 37 45 67 81 42 87 5 66 1 91 14 77
66 2 47 50 59 22 92 45 94 67 8 71 3 46 43 43 62 91 44 62
91 9 79 63 71 32 3 95 79 97 45 83 90 79 43 86 52 79 20 51
90 16 2 20 71 44 53 43 30 45 46 84 18 68 64 11 18 7 66 48
98 86 36 52 30 51 46 43 29 30 99 75 23 41 84 19 94 30 65 22
52 2 72 79 47 58 34 16 90 28 1 73 75 38 44 48 94 63 31 97
88 8 57 29 38 9 80 95 83 92 29 10 68 45 7 30 2 30 71 93
84 57 25 2 9 20 91 62 56 28 24 76 37 63 98 59 52 55 36 51
91 55 15 92 67 75 76 81 75 74 69 66 77 90 26 63 85 62 36 85
90 67 93 14 25 75 94 46 94 78 39 58 20 81 67 39 19 80 58 26
36 72 74 7 85 15 11 16 84 95 15 81 50 91 51 73 80 58 18 17
49 1 34 73 36 45 52 22 31 12 37 29 97 53 9 52 28 37 6 54
56 30 94 98 78 44 64 65 91 36 80 75 37 55 73 77 47 17 66 99
51 25 53 97 93 82 54 14 31 6 36 41 10 83 63 60 77 22 41 8
26 46 48 85 9 60 37 57 43 29 81 54 89 23 99 60 69 46 85 4
56 23 67 61 82 14 61 35 62 99 55 8 91 22 4 71 58 87 62 2
57 63 95 9 29 9 98 88 24 14 84 98 97 11 72 25 16 90 12 29
55 4 84 14 10 19 31 70 17 81 43 68 12 96 74 68 73 57 47 80
23 6 2 70 27 4 81 2 1 53 7 17 56 93 79 47 10 98 82 20
57 30 69 45 4 33 78 46 83 36 43 63 16 11 27 83 84 59 75 6
99 40 30 22 93 5 42 50 34 86 78 77 5 20 28 83 61 22 84 86
# P_hat : m1 | m2 | m3 | m4 | m5 | m6 | m7 | m8 | m9 | m10 | m11 | m12 | m13 | m14 | m15 | m16 | m17 | m18 | m19 | m20
0.10 8.70 9.20 7.10 4.70 1.20 9.10 4.50 7.40 9.60 6.80 9.70 5.20 4.20 8.90 3.50 8.30 2.70 7.50 6.50
6.10 3.30 7.50 8.50 0.70 2.90 1.90 1.20 8.70 4.10 6.90 9.80 2.10 1.10 5.10 9.20 3.40 8.40 8.40 3.50
8.20 3.80 0.40 3.70 3.30 7.60 6.90 5.80 0.90 8.30 8.00 5.80 0.20 5.40 4.60 6.00 2.20 9.60 8.20 6.80
6.30 3.60 8.80 6.60 4.80 9.70 2.00 6.30 7.80 1.30 7.10 6.00 8.60 1.60 1.70 1.40 9.90 4.60 7.40 7.00
0.90 2.80 2.80 8.10 6.10 4.30 3.40 4.10 3.30 7.90 1.10 9.70 4.70 1.00 7.60 2.00 8.50 0.60 0.20 4.50
9.80 9.40 3.70 5.90 6.70 4.80 2.80 9.20 8.40 7.10 4.40 0.90 9.10 1.20 1.40 9.60 9.40 5.50 0.80 9.20
8.50 6.10 6.70 4.50 9.90 8.10 2.40 0.70 6.30 0.40 8.60 4.40 2.20 8.20 2.40 6.70 3.70 0.90 1.60 6.80
7.60 8.90 0.10 9.60 3.20 1.00 1.60 0.30 7.10 6.00 8.60 2.40 0.70 6.00 5.80 2.10 6.70 8.00 6.00 8.50
3.50 3.30 5.40 8.90 1.90 5.50 8.90 3.50 1.30 9.30 1.80 2.40 5.60 8.30 0.40 2.80 7.80 4.80 3.30 3.30
2.60 0.30 0.10 2.30 5.00 9.00 4.00 9.70 0.10 2.40 5.50 1.80 4.40 2.90 2.60 6.90 9.70 3.60 8.10 2.10
1.00 2.80 8.80 3.20 9.10 1.90 8.20 3.20 7.20 1.60 9.60 7.70 0.30 5.50 7.70 2.60 5.10 3.20 9.40 2.80
0.70 7.90 0.10 1.80 6.50 2.90 6.30 1.80 3.60 2.20 8.20 7.50 2.10 6.70 4.00 0.60 8.20 4.20 0.80 8.40
5.50 6.80 6.70 7.10 2.50 1.00 3.20 4.40 8.60 2.10 3.90 0.30 5.20 6.20 4.70 2.20 8.30 1.40 1.00 5.60
0.40 3.50 1.20 6.10 6.40 4.90 1.10 8.70 6.80 9.90 1.70 8.80 9.90 0.60 3.60 1.50 3.80 8.30 9.30 0.80
2.80 5.10 2.50 6.50 6.40 0.50 8.20 0.50 3.90 1.20 6.90 4.80 4.50 3.90 3.70 0.30 1.20 2.30 9.20 7.10
5.90 1.40 7.50 1.60 6.40 1.20 7.10 2.50 5.60 4.40 9.80 7.80 3.60 3.90 6.60 4.50 2.30 9.40 7.10 6.90
5.90 2.40 4.20 4.70 0.90 9.80 2.20 9.70 3.40 5.70 6.10 7.10 4.20 7.40 2.60 8.10 2.60 1.20 7.80 4.90
0.80 3.10 8.40 1.50 9.60 5.50 3.80 4.80 7.60 7.50 6.80 2.40 4.20 5.70 1.30 2.90 7.30 1.10 2.60 0.90
9.80 4.70 6.70 5.40 6.50 3.80 2.90 5.90 6.30 1.30 6.20 5.00 8.00 0.20 8.10 1.30 3.20 1.40 4.70 3.70
3.40 9.50 2.30 6.10 7.20 3.00 9.30 8.30 4.50 1.40 8.80 1.90 3.80 0.80 0.40 4.90 8.00 6.60 7.20 2.40
9.00 6.40 4.00 6.10 6.10 4.10 1.40 4.00 1.60 4.90 3.70 9.80 6.80 3.20 9.50 9.90 1.10 8.10 3.20 8.70
3.20 3.90 3.60 6.60 4.50 8.60 7.40 0.30 8.20 7.20 3.90 3.80 7.10 0.60 7.00 3.30 0.60 4.70 1.60 5.90
5.70 9.80 3.70 5.50 2.90 5.00 9.30 4.20 3.00 4.00 0.70 4.30 1.80 6.20 5.50 6.40 2.40 8.40 3.50 5.70
8.70 1.50 8.60 1.80 3.60 4.30 6.30 9.10 3.20 9.80 5.10 1.00 1.10 7.80 4.00 9.60 7.80 4.60 6.30 0.90
0.10 5.10 1.40 0.90 6.40 9.60 9.40 8.20 7.30 8.80 0.20 5.10 3.70 0.30 1.10 1.60 6.60 2.30 3.40 3.10
8.80 6.90 3.90 7.80 1.40 1.80 6.40 4.00 5.70 3.70 6.20 6.40 3.00 2.60 4.00 5.60 2.10 6.90 9.10 7.40
4.60 5.00 3.00 5.90 8.60 4.20 3.10 8.60 4.90 0.60 3.50 0.50 5.50 8.00 2.80 8.50 7.30 0.70 7.70 0.40
4.60 0.30 6.10 7.00 2.20 7.50 8.50 6.30 2.90 0.50 7.50 7.70 2.50 7.50 7.00 6.50 3.80 6.30 8.20 8.90
8.40 6.00 6.20 6.90 8.70 8.80 6.10 9.40 4.30 5.80 0.50 7.20 5.80 7.30 7.50 7.00 8.00 6.70 5.70 6.70
4.30 3.10 3.90 4.10 2.20 5.00 1.30 4.60 9.90 3.30 9.70 0.20 1.10 1.80 8.40 4.60 8.30 2.30 3.50 1.20
5.20 2.30 7.40 3.70 9.10 6.60 8.00 5.60 2.70 4.00 8.70 3.40 5.10 3.40 7.00 0.60 9.90 1.10 7.40 4.50
2.60 1.40 1.90 9.90 4.00 2.30 3.30 0.50 8.10 2.20 5.20 7.80 4.40 8.90 3.30 5.50 7.20 6.60 3.70 8.40
2.10 0.50 1.40 2.40 5.60 3.50 8.10 4.80 0.20 5.00 3.00 3.20 0.50 2.20 9.60 7.30 3.50 1.70 2.70 4.30
5.50 9.70 8.50 6.70 9.70 2.20 0.60 3.40 6.50 2.30 7.50 1.40 8.40 3.80 6.30 7.90 0.70 1.20 4.80 3.00
9.40 9.40 5.50 5.20 0.70 1.30 8.40 4.90 9.10 8.90 2.70 9.80 1.00 7.50 6.40 8.10 8.20 8.80 1.00 4.50
3.20 4.40 9.50 6.30 0.50 1.10 1.90 2.40 1.30 3.40 7.50 9.00 5.80 3.20 3.90 1.50 6.10 3.10 5.40 3.30
5.20 5.60 5.80 6.20 8.30 3.90 0.90 2.80 6.80 6.60 4.00 0.40 2.10 2.90 2.60 4.60 8.30 9.20 9.40 2.70
2.10 2.40 6.60 2.40 9.80 1.60 6.10 9.40 4.80 2.70 0.40 4.50 0.40 9.70 1.40 5.10 7.40 7.80 5.60 1.10
3.30 4.60 6.10 0.70 2.50 6.30 7.20 5.50 2.20 0.90 4.30 4.90 1.60 2.40 6.70 1.30 9.80 8.90 2.30 4.30
6.80 4.40 7.50 5.00 8.70 8.70 4.20 0.90 0.70 9.20 9.00 8.00 7.20 9.60 6.30 3.60 4.50 3.80 9.10 0.60
6.20 5.10 9.10 4.40 2.70 3.10 9.30 6.60 4.10 1.30 3.50 9.50 6.40 9.10 3.90 8.50 4.00 8.00 4.70 9.00
7.10 4.70 2.70 2.80 8.80 0.10 5.70 8.00 5.90 8.30 2.40 8.90 8.70 8.90 5.80 0.10 0.70 6.10 5.30 2.90
8.50 1.80 6.00 8.40 7.40 5.40 0.60 3.80 9.20 1.30 2.80 5.60 0.40 2.30 6.70 3.80 3.00 5.30 4.20 4.60
3.20 5.40 9.00 4.90 9.80 4.10 5.60 3.70 2.00 7.70 5.80 4.20 1.00 1.70 6.10 2.90 8.70 2.80 1.60 0.10
3.20 0.70 7.10 9.40 1.50 5.30 8.60 9.20 5.20 1.70 3.60 2.70 6.90 6.70 4.70 8.70 5.10 4.00 7.20 2.90
6.20 2.60 9.90 0.30 9.70 9.90 4.40 9.00 7.10 6.60 4.30 7.40 2.40 4.50 9.70 9.50 6.40 8.20 3.50 9.00
9.70 1.60 9.90 2.20 1.60 0.90 3.90 4.20 0.60 9.60 4.90 0.50 4.70 3.00 6.30 0.80 2.50 3.50 3.30 8.60
9.30 6.70 7.30 9.50 1.30 0.30 9.00 4.30 7.80 4.00 8.60 3.30 5.30 0.90 4.50 1.00 1.70 8.90 6.90 4.60
7.20 0.30 3.90 6.90 1.30 2.40 3.10 1.30 3.70 3.00 6.00 5.20 2.50 0.60 4.90 7.60 0.20 2.00 9.20 8.10
2.80 3.80 2.50 6.90 3.80 8.30 1.80 2.90 9.10 3.80 2.50 9.50 3.60 4.70 9.90 6.30 9.20 5.80 2.60 4.30
0.50 1.30 3.70 1.60 9.40 0.90 1.30 0.70 4.20 0.90 8.90 6.00 1.30 1.30 4.90 2.50 1.40 2.50 1.60 2.00
6.60 2.80 5.60 0.50 8.80 6.60 0.60 6.70 6.10 1.00 0.10 2.90 2.30 9.30 8.00 0.20 5.40 8.30 7.40 7.80
9.60 2.30 8.30 2.40 5.70 6.10 7.10 3.60 9.70 8.70 4.60 5.30 1.90 8.00 5.40 5.00 3.40 6.20 9.70 9.60
3.60 6.20 2.70 9.00 4.60 5.10 0.20 8.00 0.40 4.10 8.30 7.30 7.80 2.30 2.80 8.10 2.30 4.80 3.80 1.10
5.50 8.70 1.90 9.20 8.20 7.90 7.20 0.50 5.50 7.20 3.40 0.70 1.90 5.50 8.30 1.10 4.70 3.20 4.40 2.90
2.20 7.50 2.70 6.50 3.20 9.30 6.70 1.50 7.90 8.90 3.20 1.70 3.80 7.60 6.70 8.00 6.90 4.60 3.30 2.70
8.20 5.50 4.70 8.20 1.00 6.40 7.10 1.20 7.80 6.70 5.90 9.70 6.30 3.70 8.90 7.70 5.00 1.20 4.60 7.10
6.40 2.00 1.90 0.90 5.90 8.60 6.70 3.10 4.10 5.40 2.90 6.50 6.40 6.40 3.00 7.40 3.40 6.20 7.10 5.40
6.20 6.80 5.90 7.30 8.10 2.00 6.90 0.10 2.30 0.90 1.10 3.20 2.80 1.60 9.10 2.00 8.00 2.20 5.60 6.80
6.80 1.30 0.80 5.80 9.10 8.80 3.00 2.90 1.90 7.30 8.20 1.90 8.90 5.50 2.30 6.40 1.80 4.10 9.80 2.80
2.70 8.00 2.00 6.00 3.00 5.20 6.00 3.60 1.00 6.10 5.40 8.90 7.20 0.20 7.90 4.30 1.90 6.80 4.20 1.20
2.10 4.70 1.20 1.40 4.10 6.80 1.20 4.80 2.20 8.00 9.20 7.00 7.00 6.00 7.30 2.30 2.50 3.50 1.40 0.80
6.30 4.80 6.20 2.00 7.00 4.90 8.30 9.80 2.70 5.00 9.80 2.20 3.20 6.60 8.00 1.00 1.60 5.60 1.90 1.20
2.20 2.00 0.40 1.40 5.00 6.10 9.40 2.80 2.70 4.20 2.70 9.10 5.30 9.00 6.80 4.10 7.10 6.70 6.90 9.00
4.00 1.30 3.60 9.00 7.50 5.50 7.10 4.10 4.30 8.60 5.70 5.90 5.50 9.50 7.50 5.10 0.70 7.40 3.40 9.40
8.50 2.30 8.00 9.30 6.30 5.00 4.30 1.30 8.00 2.70 5.70 1.20 4.00 4.70 1.60 9.40 8.90 8.20 7.70 4.80
5.20 7.60 7.10 2.60 3.20 4.40 1.20 2.10 6.20 7.90 6.30 4.40 1.30 3.20 7.50 3.10 4.10 6.40 0.10 0.40
5.10 6.30 6.40 2.40 7.90 3.60 6.90 5.00 8.50 7.50 6.30 2.00 4.80 5.80 0.20 0.40 4.80 4.30 2.90 6.80
4.10 9.10 0.80 4.60 6.80 6.30 0.20 5.70 8.70 4.60 9.50 7.40 9.10 5.40 2.80 7.40 9.60 4.00 3.40 7.30
3.00 4.90 4.00 9.30 2.40 8.90 4.20 1.40 6.90 5.90 7.40 7.50 5.50 8.90 7.70 7.60 1.30 0.60 3.50 8.80
2.30 3.40 9.30 1.70 9.50 1.00 0.40 4.10 6.90 1.00 6.30 7.90 3.10 6.60 0.40 2.90 2.00 2.20 6.90 5.00
6.60 3.40 0.10 1.10 0.70 8.00 8.10 5.90 0.30 5.10 0.70 2.00 8.50 2.70 1.30 5.10 8.70 7.60 2.10 9.70
5.20 1.70 0.10 7.10 8.00 2.00 9.80 8.60 3.20 0.10 6.70 6.90 5.10 2.70 4.70 2.60 6.00 5.90 4.50 0.70
5.20 2.00 3.90 1.90 9.50 4.10 4.90 5.60 9.70 1.10 7.00 2.00 1.50 8.00 1.90 6.10 5.70 8.50 3.10 7.60
6.50 9.20 3.20 0.40 6.00 2.30 4.00 2.80 4.70 0.10 3.20 2.80 3.10 7.50 6.80 4.40 6.50 4.60 1.20 4.20
7.00 6.50 3.10 9.60 1.70 1.60 2.10 7.60 0.20 1.90 8.60 3.20 6.40 8.90 2.00 9.00 2.10 8.80 5.90 8.80
4.70 8.00 0.80 8.70 1.90 1.00 6.00 6.90 3.90 8.80 2.60 9.90 3.00 3.00 6.10 3.40 3.40 1.30 4.50 2.70
3.80 2.60 2.60 5.80 6.50 0.20 7.80 6.70 6.70 6.50 0.20 2.70 9.00 2.10 0.40 5.90 0.60 8.50 1.50 1.50
8.10 2.40 5.00 1.30 4.10 7.90 3.70 9.00 9.60 0.70 5.40 1.40 3.60 7.10 2.20 4.80 2.30 6.10 3.40 7.20
8.80 3.00 5.00 5.30 1.90 7.00 0.30 9.50 3.70 4.50 6.70 8.10 4.20 8.70 0.50 6.60 0.10 9.10 1.40 7.70
6.60 0.20 4.70 5.00 5.90 2.20 9.20 4.50 9.40 6.70 0.80 7.10 0.30 4.60 4.30 4.30 6.20 9.10 4.40 6.20
9.10 0.90 7.90 6.30 7.10 3.20 0.30 9.50 7.90 9.70 4.50 8.30 9.00 7.90 4.30 8.60 5.20 7.90 2.00 5.10
9.00 1.60 0.20 2.00 7.10 4.40 5.30 4.30 3.00 4.50 4.60 8.40 1.80 6.80 6.40 1.10 1.80 0.70 6.60 4.80
9.80 8.60 3.60 5.20 3.00 5.10 4.60 4.30 2.90 3.00 9.90 7.50 2.30 4.10 8.40 1.90 9.40 3.00 6.50 2.20
5.20 0.20 7.20 7.90 4.70 5.80 3.40 1.60 9.00 2.80 0.10 7.30 7.50 3.80 4.40 4.80 9.40 6.30 3.10 9.70
8.80 0.80 5.70 2.90 3.80 0.90 8.00 9.50 8.30 9.20 2.90 1.00 6.80 4.50 0.70 3.00 0.20 3.00 7.10 9.30
8.40 5.70 2.50 0.20 0.90 2.00 9.10 6.20 5.60 2.80 2.40 7.60 3.70 6.30 9.80 5.90 5.20 5.50 3.60 5.10
9.10 5.50 1.50 9.20 6.70 7.50 7.60 8.10 7.50 7.40 6.90 6.60 7.70 9.00 2.60 6.30 8.50 6.20 3.60 8.50
9.00 6.70 9.30 1.40 2.50 7.50 9.40 4.60 9.40 7.80 3.90 5.80 2.00 8.10 6.70 3.90 1.90 8.00 5.80 2.60
3.60 7.20 7.40 0.70 8.50 1.50 1.10 1.60 8.40 9.50 1.50 8.10 5.00 9.10 5.10 7.30 8.00 5.80 1.80 1.70
4.90 0.10 3.40 7.30 3.60 4.50 5.20 2.20 3.10 1.20 3.70 2.90 9.70 5.30 0.90 5.20 2.80 3.70 0.60 5.40
5.60 3.00 9.40 9.80 7.80 4.40 6.40 6.50 9.10 3.60 8.00 7.50 3.70 5.50 7.30 7.70 4.70 1.70 6.60 9.90
5.10 2.50 5.30 9.70 9.30 8.20 5.40 1.40 3.10 0.60 3.60 4.10 1.00 8.30 6.30 6.00 7.70 2.20 4.10 0.80
2.60 4.60 4.80 8.50 0.90 6.00 3.70 5.70 4.30 2.90 8.10 5.40 8.90 2.30 9.90 6.00 6.90 4.60 8.50 0.40
5.60 2.30 6.70 6.10 8.20 1.40 6.10 3.50 6.20 9.90 5.50 0.80 9.10 2.20 0.40 7.10 5.80 8.70 6.20 0.20
5.70 6.30 9.50 0.90 2.90 0.90 9.80 8.80 2.40 1.40 8.40 9.80 9.70 1.10 7.20 2.50 1.60 9.00 1.20 2.90
5.50 0.40 8.40 1.40 1.00 1.90 3.10 7.00 1.70 8.10 4.30 6.80 1.20 9.60 7.40 6.80 7.30 5.70 4.70 8.00
2.30 0.60 0.20 7.00 2.70 0.40 8.10 0.20 0.10 5.30 0.70 1.70 5.60 9.30 7.90 4.70 1.00 9.80 8.20 2.00
5.70 3.00 6.90 4.50 0.40 3.30 7.80 4.60 8.30 3.60 4.30 6.30 1.60 1.10 2.70 8.30 8.40 5.90 7.50 0.60
9.90 4.00 3.00 2.20 9.30 0.50 4.20 5.00 3.40 8.60 7.80 7.70 0.50 2.00 2.80 8.30 6.10 2.20 8.40 8.60
