# nJobs | nMachines
50 10
# Job Weights
57
43
38
59
27
57
36
23
99
51
46
83
59
75
55
23
40
84
9
100
30
70
19
16
4
6
43
94
13
85
95
3
87
24
48
8
83
48
71
44
42
37
62
83
82
76
7
21
18
64
# P_bar : m1 | m2 | m3 | m4 | m5 | m6 | m7 | m8 | m9 | m10
29 39 19 98 20 58 59 59 76 77
28 38 6 38 79 44 66 60 72 34
63 12 72 80 35 53 35 72 23 66
73 83 73 84 67 11 61 54 74 3
99 98 43 28 65 92 70 97 99 52
55 31 3 15 20 50 17 71 74 3
79 37 47 46 30 37 98 43 71 51
82 48 34 67 23 57 40 92 27 89
2 59 28 78 85 14 46 71 81 78
45 28 32 39 55 64 88 53 75 62
45 91 7 85 32 63 93 28 47 40
41 88 29 93 45 16 11 97 90 8
26 51 89 22 94 9 33 55 17 32
87 62 84 22 84 97 65 91 59 37
52 99 33 36 48 86 15 33 91 14
10 43 95 67 56 87 67 12 27 80
42 7 64 7 46 77 41 12 69 10
72 10 9 83 90 20 1 36 29 43
59 77 44 78 73 60 90 73 79 87
45 35 23 68 2 83 8 78 95 27
54 28 45 75 8 72 16 7 20 85
71 98 68 7 62 29 12 3 88 36
44 17 88 65 49 3 86 4 54 11
49 75 96 23 86 27 71 87 46 27
78 82 56 32 97 33 53 84 46 9
7 89 43 13 34 3 13 16 82 16
57 48 11 38 2 41 32 12 50 57
10 60 95 51 19 61 64 84 10 87
63 26 94 79 66 63 53 2 53 58
73 52 99 50 23 52 51 34 69 25
91 65 56 25 1 69 58 9 25 52
22 10 3 83 26 97 95 98 2 92
63 27 2 6 47 45 6 83 29 67
98 25 23 16 10 4 93 98 51 1
92 6 75 36 75 72 47 70 12 69
91 96 17 16 39 19 22 3 65 37
28 16 46 43 18 66 83 76 85 93
86 57 83 66 57 35 4 16 48 20
76 98 98 79 95 43 17 49 73 21
36 38 30 40 70 72 17 27 1 53
29 66 23 8 11 28 86 20 4 37
5 91 77 71 42 46 16 24 46 98
77 70 12 77 9 73 59 61 80 68
81 83 12 31 61 12 43 48 72 74
73 49 15 83 81 74 1 49 96 7
65 7 70 31 75 41 18 34 47 64
72 54 78 76 94 59 87 97 22 24
61 25 13 9 31 42 27 92 9 85
32 6 22 45 48 47 94 62 90 31
61 87 90 76 88 23 57 81 58 51
# P_hat : m1 | m2 | m3 | m4 | m5 | m6 | m7 | m8 | m9 | m10
8.70 11.70 5.70 29.40 6.00 17.40 17.70 17.70 22.80 23.10
8.40 11.40 1.80 11.40 23.70 13.20 19.80 18.00 21.60 10.20
18.90 3.60 21.60 24.00 10.50 15.90 10.50 21.60 6.90 19.80
21.90 24.90 21.90 25.20 20.10 3.30 18.30 16.20 22.20 0.90
29.70 29.40 12.90 8.40 19.50 27.60 21.00 29.10 29.70 15.60
16.50 9.30 0.90 4.50 6.00 15.00 5.10 21.30 22.20 0.90
23.70 11.10 14.10 13.80 9.00 11.10 29.40 12.90 21.30 15.30
24.60 14.40 10.20 20.10 6.90 17.10 12.00 27.60 8.10 26.70
0.60 17.70 8.40 23.40 25.50 4.20 13.80 21.30 24.30 23.40
13.50 8.40 9.60 11.70 16.50 19.20 26.40 15.90 22.50 18.60
13.50 27.30 2.10 25.50 9.60 18.90 27.90 8.40 14.10 12.00
12.30 26.40 8.70 27.90 13.50 4.80 3.30 29.10 27.00 2.40
7.80 15.30 26.70 6.60 28.20 2.70 9.90 16.50 5.10 9.60
26.10 18.60 25.20 6.60 25.20 29.10 19.50 27.30 17.70 11.10
15.60 29.70 9.90 10.80 14.40 25.80 4.50 9.90 27.30 4.20
3.00 12.90 28.50 20.10 16.80 26.10 20.10 3.60 8.10 24.00
12.60 2.10 19.20 2.10 13.80 23.10 12.30 3.60 20.70 3.00
21.60 3.00 2.70 24.90 27.00 6.00 0.30 10.80 8.70 12.90
17.70 23.10 13.20 23.40 21.90 18.00 27.00 21.90 23.70 26.10
13.50 10.50 6.90 20.40 0.60 24.90 2.40 23.40 28.50 8.10
16.20 8.40 13.50 22.50 2.40 21.60 4.80 2.10 6.00 25.50
21.30 29.40 20.40 2.10 18.60 8.70 3.60 0.90 26.40 10.80
13.20 5.10 26.40 19.50 14.70 0.90 25.80 1.20 16.20 3.30
14.70 22.50 28.80 6.90 25.80 8.10 21.30 26.10 13.80 8.10
23.40 24.60 16.80 9.60 29.10 9.90 15.90 25.20 13.80 2.70
2.10 26.70 12.90 3.90 10.20 0.90 3.90 4.80 24.60 4.80
17.10 14.40 3.30 11.40 0.60 12.30 9.60 3.60 15.00 17.10
3.00 18.00 28.50 15.30 5.70 18.30 19.20 25.20 3.00 26.10
18.90 7.80 28.20 23.70 19.80 18.90 15.90 0.60 15.90 17.40
21.90 15.60 29.70 15.00 6.90 15.60 15.30 10.20 20.70 7.50
27.30 19.50 16.80 7.50 0.30 20.70 17.40 2.70 7.50 15.60
6.60 3.00 0.90 24.90 7.80 29.10 28.50 29.40 0.60 27.60
18.90 8.10 0.60 1.80 14.10 13.50 1.80 24.90 8.70 20.10
29.40 7.50 6.90 4.80 3.00 1.20 27.90 29.40 15.30 0.30
27.60 1.80 22.50 10.80 22.50 21.60 14.10 21.00 3.60 20.70
27.30 28.80 5.10 4.80 11.70 5.70 6.60 0.90 19.50 11.10
8.40 4.80 13.80 12.90 5.40 19.80 24.90 22.80 25.50 27.90
25.80 17.10 24.90 19.80 17.10 10.50 1.20 4.80 14.40 6.00
22.80 29.40 29.40 23.70 28.50 12.90 5.10 14.70 21.90 6.30
10.80 11.40 9.00 12.00 21.00 21.60 5.10 8.10 0.30 15.90
8.70 19.80 6.90 2.40 3.30 8.40 25.80 6.00 1.20 11.10
1.50 27.30 23.10 21.30 12.60 13.80 4.80 7.20 13.80 29.40
23.10 21.00 3.60 23.10 2.70 21.90 17.70 18.30 24.00 20.40
24.30 24.90 3.60 9.30 18.30 3.60 12.90 14.40 21.60 22.20
21.90 14.70 4.50 24.90 24.30 22.20 0.30 14.70 28.80 2.10
19.50 2.10 21.00 9.30 22.50 12.30 5.40 10.20 14.10 19.20
21.60 16.20 23.40 22.80 28.20 17.70 26.10 29.10 6.60 7.20
18.30 7.50 3.90 2.70 9.30 12.60 8.10 27.60 2.70 25.50
9.60 1.80 6.60 13.50 14.40 14.10 28.20 18.60 27.00 9.30
18.30 26.10 27.00 22.80 26.40 6.90 17.10 24.30 17.40 15.30
