# nJobs | nMachines
20 20
# Job Weights
89
20
65
52
97
19
3
52
35
56
19
93
61
46
88
30
59
70
87
38
# P_bar : m1 | m2 | m3 | m4 | m5 | m6 | m7 | m8 | m9 | m10 | m11 | m12 | m13 | m14 | m15 | m16 | m17 | m18 | m19 | m20
74 63 8 21 14 19 71 50 24 54 77 67 20 72 34 17 23 91 1 26
45 31 75 7 7 41 1 4 63 6 22 98 6 90 85 92 21 75 6 83
23 40 82 73 95 6 99 96 60 15 15 98 45 94 40 35 26 53 71 66
20 47 34 24 49 6 44 12 99 98 46 47 67 90 99 54 20 59 16 61
6 21 68 59 23 44 47 57 84 88 51 65 22 36 97 5 52 6 97 54
21 8 61 62 67 28 30 70 92 31 26 65 13 6 24 49 73 68 31 25
83 14 55 23 86 68 70 76 34 12 45 58 60 28 55 97 92 30 32 62
47 60 19 76 68 44 35 88 45 31 59 13 31 86 34 75 62 58 71 16
42 64 47 35 75 29 29 4 85 48 24 33 72 20 60 15 53 12 14 30
54 59 2 2 11 85 99 77 88 74 13 53 68 44 80 89 82 93 92 62
88 16 83 60 18 56 96 56 46 80 50 2 49 62 44 25 84 26 86 67
92 66 28 62 57 53 46 58 69 26 86 10 64 37 83 8 41 13 53 36
42 77 31 67 57 23 58 94 30 51 12 34 3 65 56 75 2 65 61 70
70 38 37 4 75 81 95 78 94 50 60 41 18 55 88 50 77 79 55 31
13 41 84 13 69 3 14 47 58 7 78 77 19 44 37 28 50 38 15 30
23 79 17 12 33 16 24 63 65 34 79 40 30 48 27 34 31 52 96 7
30 49 10 91 68 40 54 78 53 20 64 82 57 68 58 28 83 90 50 13
45 68 33 43 34 53 25 53 86 55 56 80 83 58 3 63 33 58 4 41
96 62 57 82 19 62 2 78 72 64 35 98 9 70 46 59 71 28 55 44
71 47 4 83 15 45 66 37 41 27 57 89 1 97 39 97 29 88 17 76
# P_hat : m1 | m2 | m3 | m4 | m5 | m6 | m7 | m8 | m9 | m10 | m11 | m12 | m13 | m14 | m15 | m16 | m17 | m18 | m19 | m20
14.80 12.60 1.60 4.20 2.80 3.80 14.20 10.00 4.80 10.80 15.40 13.40 4.00 14.40 6.80 3.40 4.60 18.20 0.20 5.20
9.00 6.20 15.00 1.40 1.40 8.20 0.20 0.80 12.60 1.20 4.40 19.60 1.20 18.00 17.00 18.40 4.20 15.00 1.20 16.60
4.60 8.00 16.40 14.60 19.00 1.20 19.80 19.20 12.00 3.00 3.00 19.60 9.00 18.80 8.00 7.00 5.20 10.60 14.20 13.20
4.00 9.40 6.80 4.80 9.80 1.20 8.80 2.40 19.80 19.60 9.20 9.40 13.40 18.00 19.80 10.80 4.00 11.80 3.20 12.20
1.20 4.20 13.60 11.80 4.60 8.80 9.40 11.40 16.80 17.60 10.20 13.00 4.40 7.20 19.40 1.00 10.40 1.20 19.40 10.80
4.20 1.60 12.20 12.40 13.40 5.60 6.00 14.00 18.40 6.20 5.20 13.00 2.60 1.20 4.80 9.80 14.60 13.60 6.20 5.00
16.60 2.80 11.00 4.60 17.20 13.60 14.00 15.20 6.80 2.40 9.00 11.60 12.00 5.60 11.00 19.40 18.40 6.00 6.40 12.40
9.40 12.00 3.80 15.20 13.60 8.80 7.00 17.60 9.00 6.20 11.80 2.60 6.20 17.20 6.80 15.00 12.40 11.60 14.20 3.20
8.40 12.80 9.40 7.00 15.00 5.80 5.80 0.80 17.00 9.60 4.80 6.60 14.40 4.00 12.00 3.00 10.60 2.40 2.80 6.00
10.80 11.80 0.40 0.40 2.20 17.00 19.80 15.40 17.60 14.80 2.60 10.60 13.60 8.80 16.00 17.80 16.40 18.60 18.40 12.40
17.60 3.20 16.60 12.00 3.60 11.20 19.20 11.20 9.20 16.00 10.00 0.40 9.80 12.40 8.80 5.00 16.80 5.20 17.20 13.40
18.40 13.20 5.60 12.40 11.40 10.60 9.20 11.60 13.80 5.20 17.20 2.00 12.80 7.40 16.60 1.60 8.20 2.60 10.60 7.20
8.40 15.40 6.20 13.40 11.40 4.60 11.60 18.80 6.00 10.20 2.40 6.80 0.60 13.00 11.20 15.00 0.40 13.00 12.20 14.00
14.00 7.60 7.40 0.80 15.00 16.20 19.00 15.60 18.80 10.00 12.00 8.20 3.60 11.00 17.60 10.00 15.40 15.80 11.00 6.20
2.60 8.20 16.80 2.60 13.80 0.60 2.80 9.40 11.60 1.40 15.60 15.40 3.80 8.80 7.40 5.60 10.00 7.60 3.00 6.00
4.60 15.80 3.40 2.40 6.60 3.20 4.80 12.60 13.00 6.80 15.80 8.00 6.00 9.60 5.40 6.80 6.20 10.40 19.20 1.40
6.00 9.80 2.00 18.20 13.60 8.00 10.80 15.60 10.60 4.00 12.80 16.40 11.40 13.60 11.60 5.60 16.60 18.00 10.00 2.60
9.00 13.60 6.60 8.60 6.80 10.60 5.00 10.60 17.20 11.00 11.20 16.00 16.60 11.60 0.60 12.60 6.60 11.60 0.80 8.20
19.20 12.40 11.40 16.40 3.80 12.40 0.40 15.60 14.40 12.80 7.00 19.60 1.80 14.00 9.20 11.80 14.20 5.60 11.00 8.80
14.20 9.40 0.80 16.60 3.00 9.00 13.20 7.40 8.20 5.40 11.40 17.80 0.20 19.40 7.80 19.40 5.80 17.60 3.40 15.20
