# nJobs | nMachines
50 20
# Job Weights
40
50
2
20
3
32
19
9
55
38
81
39
29
44
36
91
56
20
59
96
41
59
61
50
64
56
96
5
77
43
72
33
44
52
4
1
29
76
32
78
32
51
7
21
7
66
87
39
96
97
# P_bar : m1 | m2 | m3 | m4 | m5 | m6 | m7 | m8 | m9 | m10 | m11 | m12 | m13 | m14 | m15 | m16 | m17 | m18 | m19 | m20
47 46 70 23 53 61 77 25 15 54 72 57 65 55 99 26 72 80 90 57
77 12 96 21 66 18 74 96 71 1 79 4 89 71 76 97 47 95 30 61
66 17 56 89 41 82 69 32 11 54 76 35 18 5 88 65 52 41 88 4
13 87 22 51 79 96 8 37 98 10 84 86 14 34 99 27 40 18 69 58
77 35 44 34 58 68 84 19 77 35 35 50 60 24 82 77 49 14 51 94
20 27 83 62 57 7 81 42 50 27 84 63 78 18 1 43 86 65 7 50
29 71 66 6 17 65 37 86 39 57 62 17 56 84 14 4 75 26 26 31
11 11 56 22 66 95 26 49 14 90 47 11 3 39 15 77 26 5 5 25
85 97 27 75 42 30 10 55 66 91 26 99 79 76 13 66 37 7 1 34
98 83 52 22 66 84 60 92 41 64 74 22 15 19 38 38 29 75 90 80
36 63 46 5 16 23 72 85 1 90 30 76 48 95 84 1 34 95 40 94
92 22 83 37 19 75 89 94 9 59 14 98 9 98 53 48 86 67 78 82
99 47 76 72 42 71 49 22 40 54 74 35 72 48 23 20 96 93 68 24
65 46 25 6 80 60 47 30 94 43 42 18 41 15 52 95 36 90 31 98
34 72 28 90 9 21 47 93 60 69 93 82 83 62 66 39 55 73 91 74
35 16 26 71 48 76 90 83 5 13 89 96 27 70 4 13 41 63 23 98
42 35 98 47 62 37 6 95 44 27 19 7 73 7 98 9 97 25 55 93
28 2 64 60 65 65 87 1 45 81 84 43 80 37 83 2 74 36 14 80
28 22 66 93 70 78 10 16 38 40 22 79 16 59 40 5 55 7 44 25
5 50 15 17 45 37 34 75 20 66 60 39 34 61 32 36 61 26 22 99
80 58 39 65 3 71 52 43 67 93 42 58 42 66 50 57 72 86 37 19
46 46 75 12 98 60 72 80 57 61 7 32 65 26 75 21 45 50 32 34
37 19 66 97 11 59 77 42 4 63 50 12 57 70 65 49 73 80 42 12
86 82 89 29 2 18 94 78 24 27 56 84 88 70 27 19 94 48 3 55
85 69 56 41 64 94 44 9 12 13 25 1 78 85 30 78 76 12 5 71
67 14 42 3 77 55 80 56 63 43 70 41 62 51 98 44 28 57 79 21
22 94 90 46 85 53 88 35 26 88 84 20 19 32 55 98 58 34 33 5
67 39 77 33 12 58 94 96 27 61 73 78 60 35 91 55 98 4 79 61
20 62 76 55 18 47 39 71 8 95 70 69 60 46 47 62 65 99 56 37
1 27 43 10 75 65 75 97 7 39 17 76 58 80 32 27 7 20 96 22
39 60 14 9 83 29 35 53 33 44 3 16 29 11 61 86 77 1 57 15
25 20 3 14 2 26 35 51 21 4 96 68 40 23 63 4 1 83 23 50
1 13 57 37 2 6 92 58 79 57 45 17 22 48 14 71 75 17 19 27
41 64 98 54 29 13 17 8 6 11 81 82 3 30 56 63 46 69 24 12
74 67 47 14 81 4 74 56 64 50 33 58 27 28 28 93 61 72 25 59
39 25 35 53 94 38 77 93 10 34 16 2 48 65 11 18 93 61 73 97
2 39 58 27 38 64 45 96 86 77 86 34 89 78 40 70 79 67 69 38
20 40 6 64 56 47 70 56 84 19 67 28 31 77 9 5 23 83 24 83
3 72 95 25 92 7 5 36 82 42 19 35 5 32 60 21 71 89 19 84
29 28 9 79 77 2 33 81 25 35 5 35 59 61 17 48 46 99 5 54
51 36 33 30 31 46 80 72 27 56 12 86 2 68 49 13 79 5 92 79
79 60 1 33 65 30 31 33 41 53 94 26 14 98 12 53 55 47 82 51
35 2 59 5 59 58 3 37 35 95 10 29 43 26 44 70 95 84 95 93
63 8 85 96 89 77 27 90 44 78 55 49 47 12 56 42 46 76 18 95
18 33 1 1 66 86 80 96 9 18 98 27 48 94 44 73 59 68 85 66
67 85 85 51 92 9 10 11 80 31 45 60 4 4 40 42 89 36 27 12
73 51 65 42 15 39 38 66 13 63 77 51 12 15 81 72 16 30 92 80
2 6 47 78 50 18 86 64 79 96 30 13 19 94 75 89 40 38 77 20
23 5 13 70 39 22 51 27 58 11 87 19 28 19 55 1 28 62 68 28
59 72 12 91 26 61 39 37 73 83 18 56 66 52 44 26 51 61 46 86
# P_hat : m1 | m2 | m3 | m4 | m5 | m6 | m7 | m8 | m9 | m10 | m11 | m12 | m13 | m14 | m15 | m16 | m17 | m18 | m19 | m20
4.70 4.60 7.00 2.30 5.30 6.10 7.70 2.50 1.50 5.40 7.20 5.70 6.50 5.50 9.90 2.60 7.20 8.00 9.00 5.70
7.70 1.20 9.60 2.10 6.60 1.80 7.40 9.60 7.10 0.10 7.90 0.40 8.90 7.10 7.60 9.70 4.70 9.50 3.00 6.10
6.60 1.70 5.60 8.90 4.10 8.20 6.90 3.20 1.10 5.40 7.60 3.50 1.80 0.50 8.80 6.50 5.20 4.10 8.80 0.40
1.30 8.70 2.20 5.10 7.90 9.60 0.80 3.70 9.80 1.00 8.40 8.60 1.40 3.40 9.90 2.70 4.00 1.80 6.90 5.80
7.70 3.50 4.40 3.40 5.80 6.80 8.40 1.90 7.70 3.50 3.50 5.00 6.00 2.40 8.20 7.70 4.90 1.40 5.10 9.40
2.00 2.70 8.30 6.20 5.70 0.70 8.10 4.20 5.00 2.70 8.40 6.30 7.80 1.80 0.10 4.30 8.60 6.50 0.70 5.00
2.90 7.10 6.60 0.60 1.70 6.50 3.70 8.60 3.90 5.70 6.20 1.70 5.60 8.40 1.40 0.40 7.50 2.60 2.60 3.10
1.10 1.10 5.60 2.20 6.60 9.50 2.60 4.90 1.40 9.00 4.70 1.10 0.30 3.90 1.50 7.70 2.60 0.50 0.50 2.50
8.50 9.70 2.70 7.50 4.20 3.00 1.00 5.50 6.60 9.10 2.60 9.90 7.90 7.60 1.30 6.60 3.70 0.70 0.10 3.40
9.80 8.30 5.20 2.20 6.60 8.40 6.00 9.20 4.10 6.40 7.40 2.20 1.50 1.90 3.80 3.80 2.90 7.50 9.00 8.00
3.60 6.30 4.60 0.50 1.60 2.30 7.20 8.50 0.10 9.00 3.00 7.60 4.80 9.50 8.40 0.10 3.40 9.50 4.00 9.40
9.20 2.20 8.30 3.70 1.90 7.50 8.90 9.40 0.90 5.90 1.40 9.80 0.90 9.80 5.30 4.80 8.60 6.70 7.80 8.20
9.90 4.70 7.60 7.20 4.20 7.10 4.90 2.20 4.00 5.40 7.40 3.50 7.20 4.80 2.30 2.00 9.60 9.30 6.80 2.40
6.50 4.60 2.50 0.60 8.00 6.00 4.70 3.00 9.40 4.30 4.20 1.80 4.10 1.50 5.20 9.50 3.60 9.00 3.10 9.80
3.40 7.20 2.80 9.00 0.90 2.10 4.70 9.30 6.00 6.90 9.30 8.20 8.30 6.20 6.60 3.90 5.50 7.30 9.10 7.40
3.50 1.60 2.60 7.10 4.80 7.60 9.00 8.30 0.50 1.30 8.90 9.60 2.70 7.00 0.40 1.30 4.10 6.30 2.30 9.80
4.20 3.50 9.80 4.70 6.20 3.70 0.60 9.50 4.40 2.70 1.90 0.70 7.30 0.70 9.80 0.90 9.70 2.50 5.50 9.30
2.80 0.20 6.40 6.00 6.50 6.50 8.70 0.10 4.50 8.10 8.40 4.30 8.00 3.70 8.30 0.20 7.40 3.60 1.40 8.00
2.80 2.20 6.60 9.30 7.00 7.80 1.00 1.60 3.80 4.00 2.20 7.90 1.60 5.90 4.00 0.50 5.50 0.70 4.40 2.50
0.50 5.00 1.50 1.70 4.50 3.70 3.40 7.50 2.00 6.60 6.00 3.90 3.40 6.10 3.20 3.60 6.10 2.60 2.20 9.90
8.00 5.80 3.90 6.50 0.30 7.10 5.20 4.30 6.70 9.30 4.20 5.80 4.20 6.60 5.00 5.70 7.20 8.60 3.70 1.90
4.60 4.60 7.50 1.20 9.80 6.00 7.20 8.00 5.70 6.10 0.70 3.20 6.50 2.60 7.50 2.10 4.50 5.00 3.20 3.40
3.70 1.90 6.60 9.70 1.10 5.90 7.70 4.20 0.40 6.30 5.00 1.20 5.70 7.00 6.50 4.90 7.30 8.00 4.20 1.20
8.60 8.20 8.90 2.90 0.20 1.80 9.40 7.80 2.40 2.70 5.60 8.40 8.80 7.00 2.70 1.90 9.40 4.80 0.30 5.50
8.50 6.90 5.60 4.10 6.40 9.40 4.40 0.90 1.20 1.30 2.50 0.10 7.80 8.50 3.00 7.80 7.60 1.20 0.50 7.10
6.70 1.40 4.20 0.30 7.70 5.50 8.00 5.60 6.30 4.30 7.00 4.10 6.20 5.10 9.80 4.40 2.80 5.70 7.90 2.10
2.20 9.40 9.00 4.60 8.50 5.30 8.80 3.50 2.60 8.80 8.40 2.00 1.90 3.20 5.50 9.80 5.80 3.40 3.30 0.50
6.70 3.90 7.70 3.30 1.20 5.80 9.40 9.60 2.70 6.10 7.30 7.80 6.00 3.50 9.10 5.50 9.80 0.40 7.90 6.10
2.00 6.20 7.60 5.50 1.80 4.70 3.90 7.10 0.80 9.50 7.00 6.90 6.00 4.60 4.70 6.20 6.50 9.90 5.60 3.70
0.10 2.70 4.30 1.00 7.50 6.50 7.50 9.70 0.70 3.90 1.70 7.60 5.80 8.00 3.20 2.70 0.70 2.00 9.60 2.20
3.90 6.00 1.40 0.90 8.30 2.90 3.50 5.30 3.30 4.40 0.30 1.60 2.90 1.10 6.10 8.60 7.70 0.10 5.70 1.50
2.50 2.00 0.30 1.40 0.20 2.60 3.50 5.10 2.10 0.40 9.60 6.80 4.00 2.30 6.30 0.40 0.10 8.30 2.30 5.00
0.10 1.30 5.70 3.70 0.20 0.60 9.20 5.80 7.90 5.70 4.50 1.70 2.20 4.80 1.40 7.10 7.50 1.70 1.90 2.70
4.10 6.40 9.80 5.40 2.90 1.30 1.70 0.80 0.60 1.10 8.10 8.20 0.30 3.00 5.60 6.30 4.60 6.90 2.40 1.20
7.40 6.70 4.70 1.40 8.10 0.40 7.40 5.60 6.40 5.00 3.30 5.80 2.70 2.80 2.80 9.30 6.10 7.20 2.50 5.90
3.90 2.50 3.50 5.30 9.40 3.80 7.70 9.30 1.00 3.40 1.60 0.20 4.80 6.50 1.10 1.80 9.30 6.10 7.30 9.70
0.20 3.90 5.80 2.70 3.80 6.40 4.50 9.60 8.60 7.70 8.60 3.40 8.90 7.80 4.00 7.00 7.90 6.70 6.90 3.80
2.00 4.00 0.60 6.40 5.60 4.70 7.00 5.60 8.40 1.90 6.70 2.80 3.10 7.70 0.90 0.50 2.30 8.30 2.40 8.30
0.30 7.20 9.50 2.50 9.20 0.70 0.50 3.60 8.20 4.20 1.90 3.50 0.50 3.20 6.00 2.10 7.10 8.90 1.90 8.40
2.90 2.80 0.90 7.90 7.70 0.20 3.30 8.10 2.50 3.50 0.50 3.50 5.90 6.10 1.70 4.80 4.60 9.90 0.50 5.40
5.10 3.60 3.30 3.00 3.10 4.60 8.00 7.20 2.70 5.60 1.20 8.60 0.20 6.80 4.90 1.30 7.90 0.50 9.20 7.90
7.90 6.00 0.10 3.30 6.50 3.00 3.10 3.30 4.10 5.30 9.40 2.60 1.40 9.80 1.20 5.30 5.50 4.70 8.20 5.10
3.50 0.20 5.90 0.50 5.90 5.80 0.30 3.70 3.50 9.50 1.00 2.90 4.30 2.60 4.40 7.00 9.50 8.40 9.50 9.30
6.30 0.80 8.50 9.60 8.90 7.70 2.70 9.00 4.40 7.80 5.50 4.90 4.70 1.20 5.60 4.20 4.60 7.60 1.80 9.50
1.80 3.30 0.10 0.10 6.60 8.60 8.00 9.60 0.90 1.80 9.80 2.70 4.80 9.40 4.40 7.30 5.90 6.80 8.50 6.60
6.70 8.50 8.50 5.10 9.20 0.90 1.00 1.10 8.00 3.10 4.50 6.00 0.40 0.40 4.00 4.20 8.90 3.60 2.70 1.20
7.30 5.10 6.50 4.20 1.50 3.90 3.80 6.60 1.30 6.30 7.70 5.10 1.20 1.50 8.10 7.20 1.60 3.00 9.20 8.00
0.20 0.60 4.70 7.80 5.00 1.80 8.60 6.40 7.90 9.60 3.00 1.30 1.90 9.40 7.50 8.90 4.00 3.80 7.70 2.00
2.30 0.50 1.30 7.00 3.90 2.20 5.10 2.70 5.80 1.10 8.70 1.90 2.80 1.90 5.50 0.10 2.80 6.20 6.80 2.80
5.90 7.20 1.20 9.10 2.60 6.10 3.90 3.70 7.30 8.30 1.80 5.60 6.60 5.20 4.40 2.60 5.10 6.10 4.60 8.60
