# nJobs | nMachines
50 5
# Job Weights
13
56
71
73
40
61
70
79
10
50
30
13
100
51
50
71
43
81
53
76
68
82
83
15
71
23
30
5
100
97
81
11
66
32
43
66
11
19
34
14
71
16
88
47
94
91
13
15
48
86
# P_bar : m1 | m2 | m3 | m4 | m5
37 77 91 91 5
5 64 36 7 73
8 66 63 40 99
37 33 69 92 23
71 47 83 47 83
65 67 29 49 9
13 61 33 87 89
35 99 97 76 94
52 54 1 49 84
63 66 74 41 97
58 57 74 29 99
13 65 53 27 43
69 24 74 14 71
35 30 54 68 86
9 95 21 9 51
90 40 41 69 22
57 85 92 94 2
90 46 2 51 60
55 46 83 64 17
36 55 63 67 81
84 39 87 47 6
31 22 37 66 40
50 41 64 27 32
44 41 65 49 82
38 40 40 92 63
12 19 77 74 50
57 56 1 59 74
70 16 12 36 36
92 48 54 79 56
1 38 39 16 10
72 25 24 43 24
94 2 79 4 82
96 99 47 3 90
78 67 80 11 29
30 94 40 13 99
46 50 44 95 38
60 26 58 64 7
95 54 20 38 77
82 67 50 32 50
94 57 16 76 4
62 18 99 66 11
7 8 22 37 73
51 81 33 28 16
44 49 60 7 27
31 96 87 2 98
40 18 55 88 30
29 50 70 92 51
78 46 93 58 77
57 22 52 24 54
42 48 41 2 92
# P_hat : m1 | m2 | m3 | m4 | m5
18.50 38.50 45.50 45.50 2.50
2.50 32.00 18.00 3.50 36.50
4.00 33.00 31.50 20.00 49.50
18.50 16.50 34.50 46.00 11.50
35.50 23.50 41.50 23.50 41.50
32.50 33.50 14.50 24.50 4.50
6.50 30.50 16.50 43.50 44.50
17.50 49.50 48.50 38.00 47.00
26.00 27.00 0.50 24.50 42.00
31.50 33.00 37.00 20.50 48.50
29.00 28.50 37.00 14.50 49.50
6.50 32.50 26.50 13.50 21.50
34.50 12.00 37.00 7.00 35.50
17.50 15.00 27.00 34.00 43.00
4.50 47.50 10.50 4.50 25.50
45.00 20.00 20.50 34.50 11.00
28.50 42.50 46.00 47.00 1.00
45.00 23.00 1.00 25.50 30.00
27.50 23.00 41.50 32.00 8.50
18.00 27.50 31.50 33.50 40.50
42.00 19.50 43.50 23.50 3.00
15.50 11.00 18.50 33.00 20.00
25.00 20.50 32.00 13.50 16.00
22.00 20.50 32.50 24.50 41.00
19.00 20.00 20.00 46.00 31.50
6.00 9.50 38.50 37.00 25.00
28.50 28.00 0.50 29.50 37.00
35.00 8.00 6.00 18.00 18.00
46.00 24.00 27.00 39.50 28.00
0.50 19.00 19.50 8.00 5.00
36.00 12.50 12.00 21.50 12.00
47.00 1.00 39.50 2.00 41.00
48.00 49.50 23.50 1.50 45.00
39.00 33.50 40.00 5.50 14.50
15.00 47.00 20.00 6.50 49.50
23.00 25.00 22.00 47.50 19.00
30.00 13.00 29.00 32.00 3.50
47.50 27.00 10.00 19.00 38.50
41.00 33.50 25.00 16.00 25.00
47.00 28.50 8.00 38.00 2.00
31.00 9.00 49.50 33.00 5.50
3.50 4.00 11.00 18.50 36.50
25.50 40.50 16.50 14.00 8.00
22.00 24.50 30.00 3.50 13.50
15.50 48.00 43.50 1.00 49.00
20.00 9.00 27.50 44.00 15.00
14.50 25.00 35.00 46.00 25.50
39.00 23.00 46.50 29.00 38.50
28.50 11.00 26.00 12.00 27.00
21.00 24.00 20.50 1.00 46.00
