# nJobs | nMachines
50 10
# Job Weights
21
27
86
79
69
39
59
47
39
81
51
67
48
7
73
62
51
8
31
36
95
62
85
8
29
24
42
13
62
13
41
48
23
40
68
57
69
7
23
15
32
24
64
76
98
4
59
4
55
98
# P_bar : m1 | m2 | m3 | m4 | m5 | m6 | m7 | m8 | m9 | m10
56 13 24 36 39 26 67 73 53 97
78 78 79 31 33 37 44 48 81 80
92 8 83 87 9 18 73 89 50 16
66 69 40 52 67 42 89 44 4 40
30 42 97 20 41 47 53 56 36 45
26 11 36 86 61 26 57 87 76 64
16 70 61 70 17 30 60 89 10 36
48 21 48 78 76 62 52 72 8 44
30 53 24 99 31 41 42 67 17 98
97 88 71 76 39 59 80 65 28 82
54 2 75 56 25 14 42 97 3 66
62 69 2 71 9 96 45 45 80 69
23 37 26 45 69 31 37 2 14 44
43 78 13 10 75 19 73 68 6 55
21 69 68 34 42 22 44 39 32 68
98 97 32 81 53 80 73 6 20 84
19 53 58 77 26 57 5 24 17 77
17 51 84 92 29 88 78 88 67 77
80 31 19 34 15 73 89 96 67 28
56 76 10 35 41 94 20 17 52 45
32 3 6 5 32 49 94 11 39 9
86 20 79 28 24 7 82 67 93 23
85 32 69 73 63 33 42 81 46 23
88 29 37 65 23 56 31 99 76 28
77 36 13 71 95 81 1 22 78 19
15 34 35 47 88 38 9 26 87 91
48 89 97 98 40 13 5 1 16 75
11 43 45 7 25 14 51 23 19 6
33 48 72 42 12 62 21 41 82 60
72 68 80 71 12 58 31 38 80 12
69 52 24 54 9 5 54 36 28 61
74 39 30 7 69 9 1 50 97 35
48 12 89 90 28 91 3 59 60 81
50 50 72 14 78 16 4 92 8 51
41 48 85 15 1 38 58 55 40 94
88 50 17 63 23 7 30 78 44 57
50 73 35 19 79 94 10 77 72 65
13 99 13 90 25 43 55 25 97 5
74 10 80 72 15 66 6 25 10 26
16 89 50 66 18 94 23 20 4 34
91 13 4 58 3 54 29 87 15 61
40 85 60 60 80 12 63 32 95 63
59 50 55 66 41 34 71 12 4 72
28 52 82 11 15 80 91 52 63 14
61 39 5 83 94 6 94 33 68 43
34 60 93 9 96 72 68 90 28 3
7 89 38 85 6 40 46 81 50 94
22 91 75 68 52 38 12 40 31 54
63 76 40 79 59 36 89 67 38 13
69 28 46 94 51 86 50 84 65 89
# P_hat : m1 | m2 | m3 | m4 | m5 | m6 | m7 | m8 | m9 | m10
16.80 3.90 7.20 10.80 11.70 7.80 20.10 21.90 15.90 29.10
23.40 23.40 23.70 9.30 9.90 11.10 13.20 14.40 24.30 24.00
27.60 2.40 24.90 26.10 2.70 5.40 21.90 26.70 15.00 4.80
19.80 20.70 12.00 15.60 20.10 12.60 26.70 13.20 1.20 12.00
9.00 12.60 29.10 6.00 12.30 14.10 15.90 16.80 10.80 13.50
7.80 3.30 10.80 25.80 18.30 7.80 17.10 26.10 22.80 19.20
4.80 21.00 18.30 21.00 5.10 9.00 18.00 26.70 3.00 10.80
14.40 6.30 14.40 23.40 22.80 18.60 15.60 21.60 2.40 13.20
9.00 15.90 7.20 29.70 9.30 12.30 12.60 20.10 5.10 29.40
29.10 26.40 21.30 22.80 11.70 17.70 24.00 19.50 8.40 24.60
16.20 0.60 22.50 16.80 7.50 4.20 12.60 29.10 0.90 19.80
18.60 20.70 0.60 21.30 2.70 28.80 13.50 13.50 24.00 20.70
6.90 11.10 7.80 13.50 20.70 9.30 11.10 0.60 4.20 13.20
12.90 23.40 3.90 3.00 22.50 5.70 21.90 20.40 1.80 16.50
6.30 20.70 20.40 10.20 12.60 6.60 13.20 11.70 9.60 20.40
29.40 29.10 9.60 24.30 15.90 24.00 21.90 1.80 6.00 25.20
5.70 15.90 17.40 23.10 7.80 17.10 1.50 7.20 5.10 23.10
5.10 15.30 25.20 27.60 8.70 26.40 23.40 26.40 20.10 23.10
24.00 9.30 5.70 10.20 4.50 21.90 26.70 28.80 20.10 8.40
16.80 22.80 3.00 10.50 12.30 28.20 6.00 5.10 15.60 13.50
9.60 0.90 1.80 1.50 9.60 14.70 28.20 3.30 11.70 2.70
25.80 6.00 23.70 8.40 7.20 2.10 24.60 20.10 27.90 6.90
25.50 9.60 20.70 21.90 18.90 9.90 12.60 24.30 13.80 6.90
26.40 8.70 11.10 19.50 6.90 16.80 9.30 29.70 22.80 8.40
23.10 10.80 3.90 21.30 28.50 24.30 0.30 6.60 23.40 5.70
4.50 10.20 10.50 14.10 26.40 11.40 2.70 7.80 26.10 27.30
14.40 26.70 29.10 29.40 12.00 3.90 1.50 0.30 4.80 22.50
3.30 12.90 13.50 2.10 7.50 4.20 15.30 6.90 5.70 1.80
9.90 14.40 21.60 12.60 3.60 18.60 6.30 12.30 24.60 18.00
21.60 20.40 24.00 21.30 3.60 17.40 9.30 11.40 24.00 3.60
20.70 15.60 7.20 16.20 2.70 1.50 16.20 10.80 8.40 18.30
22.20 11.70 9.00 2.10 20.70 2.70 0.30 15.00 29.10 10.50
14.40 3.60 26.70 27.00 8.40 27.30 0.90 17.70 18.00 24.30
15.00 15.00 21.60 4.20 23.40 4.80 1.20 27.60 2.40 15.30
12.30 14.40 25.50 4.50 0.30 11.40 17.40 16.50 12.00 28.20
26.40 15.00 5.10 18.90 6.90 2.10 9.00 23.40 13.20 17.10
15.00 21.90 10.50 5.70 23.70 28.20 3.00 23.10 21.60 19.50
3.90 29.70 3.90 27.00 7.50 12.90 16.50 7.50 29.10 1.50
22.20 3.00 24.00 21.60 4.50 19.80 1.80 7.50 3.00 7.80
4.80 26.70 15.00 19.80 5.40 28.20 6.90 6.00 1.20 10.20
27.30 3.90 1.20 17.40 0.90 16.20 8.70 26.10 4.50 18.30
12.00 25.50 18.00 18.00 24.00 3.60 18.90 9.60 28.50 18.90
17.70 15.00 16.50 19.80 12.30 10.20 21.30 3.60 1.20 21.60
8.40 15.60 24.60 3.30 4.50 24.00 27.30 15.60 18.90 4.20
18.30 11.70 1.50 24.90 28.20 1.80 28.20 9.90 20.40 12.90
10.20 18.00 27.90 2.70 28.80 21.60 20.40 27.00 8.40 0.90
2.10 26.70 11.40 25.50 1.80 12.00 13.80 24.30 15.00 28.20
6.60 27.30 22.50 20.40 15.60 11.40 3.60 12.00 9.30 16.20
18.90 22.80 12.00 23.70 17.70 10.80 26.70 20.10 11.40 3.90
20.70 8.40 13.80 28.20 15.30 25.80 15.00 25.20 19.50 26.70
