# nJobs | nMachines
50 5
# Job Weights
64
14
7
12
77
79
73
19
8
35
38
94
26
18
1
57
51
84
89
38
49
61
5
92
56
39
15
80
43
14
41
26
66
87
58
13
62
83
22
58
79
98
71
32
12
61
76
34
98
3
# P_bar : m1 | m2 | m3 | m4 | m5
17 33 98 90 75
43 98 90 93 68
13 67 4 35 39
20 81 39 65 71
41 43 79 66 31
94 72 76 10 43
18 32 53 48 5
28 66 77 81 32
8 97 10 27 6
71 36 2 49 56
82 36 97 61 56
42 67 31 73 72
90 1 62 60 23
76 47 28 88 95
62 87 74 42 50
95 12 60 62 53
74 91 53 28 27
80 21 74 55 8
33 6 88 58 18
91 6 11 55 81
35 1 88 90 57
80 38 92 61 54
79 69 7 73 99
68 77 80 3 20
97 3 67 74 10
98 75 27 94 19
3 64 21 30 18
22 53 43 81 53
52 18 59 9 73
80 10 30 87 10
32 97 17 58 74
75 18 4 42 93
78 48 7 59 22
36 70 21 48 75
46 60 83 29 84
16 75 44 83 9
36 94 70 60 27
93 14 30 83 32
39 53 39 76 51
19 90 35 43 83
95 19 8 90 70
91 42 6 14 13
49 86 92 84 1
35 15 39 10 81
93 58 55 15 13
11 7 34 38 98
93 65 98 90 58
6 40 47 80 28
96 51 99 19 3
19 61 16 15 21
# P_hat : m1 | m2 | m3 | m4 | m5
5.10 9.90 29.40 27.00 22.50
12.90 29.40 27.00 27.90 20.40
3.90 20.10 1.20 10.50 11.70
6.00 24.30 11.70 19.50 21.30
12.30 12.90 23.70 19.80 9.30
28.20 21.60 22.80 3.00 12.90
5.40 9.60 15.90 14.40 1.50
8.40 19.80 23.10 24.30 9.60
2.40 29.10 3.00 8.10 1.80
21.30 10.80 0.60 14.70 16.80
24.60 10.80 29.10 18.30 16.80
12.60 20.10 9.30 21.90 21.60
27.00 0.30 18.60 18.00 6.90
22.80 14.10 8.40 26.40 28.50
18.60 26.10 22.20 12.60 15.00
28.50 3.60 18.00 18.60 15.90
22.20 27.30 15.90 8.40 8.10
24.00 6.30 22.20 16.50 2.40
9.90 1.80 26.40 17.40 5.40
27.30 1.80 3.30 16.50 24.30
10.50 0.30 26.40 27.00 17.10
24.00 11.40 27.60 18.30 16.20
23.70 20.70 2.10 21.90 29.70
20.40 23.10 24.00 0.90 6.00
29.10 0.90 20.10 22.20 3.00
29.40 22.50 8.10 28.20 5.70
0.90 19.20 6.30 9.00 5.40
6.60 15.90 12.90 24.30 15.90
15.60 5.40 17.70 2.70 21.90
24.00 3.00 9.00 26.10 3.00
9.60 29.10 5.10 17.40 22.20
22.50 5.40 1.20 12.60 27.90
23.40 14.40 2.10 17.70 6.60
10.80 21.00 6.30 14.40 22.50
13.80 18.00 24.90 8.70 25.20
4.80 22.50 13.20 24.90 2.70
10.80 28.20 21.00 18.00 8.10
27.90 4.20 9.00 24.90 9.60
11.70 15.90 11.70 22.80 15.30
5.70 27.00 10.50 12.90 24.90
28.50 5.70 2.40 27.00 21.00
27.30 12.60 1.80 4.20 3.90
14.70 25.80 27.60 25.20 0.30
10.50 4.50 11.70 3.00 24.30
27.90 17.40 16.50 4.50 3.90
3.30 2.10 10.20 11.40 29.40
27.90 19.50 29.40 27.00 17.40
1.80 12.00 14.10 24.00 8.40
28.80 15.30 29.70 5.70 0.90
5.70 18.30 4.80 4.50 6.30
