# nJobs | nMachines
50 5
# Job Weights
32
49
78
17
44
22
76
7
70
21
80
15
34
100
69
14
57
99
56
81
60
46
53
34
73
68
14
30
88
60
10
58
55
43
17
1
66
99
88
90
50
38
42
32
29
32
37
4
79
8
# P_bar : m1 | m2 | m3 | m4 | m5
34 24 20 65 47
40 85 61 39 62
22 19 69 68 11
6 94 28 40 6
50 59 69 82 21
64 65 35 31 60
48 42 17 29 82
74 8 59 17 2
67 10 16 69 31
22 15 54 44 27
26 96 6 19 81
13 63 18 29 34
24 30 2 60 7
54 20 4 27 6
22 31 80 93 53
9 94 45 35 19
28 35 2 17 28
48 84 18 1 63
83 83 83 99 29
85 53 21 96 34
79 57 41 1 96
78 25 51 62 39
40 71 85 84 19
15 22 56 42 45
95 31 88 60 64
75 35 40 42 72
73 40 20 66 26
41 76 16 1 59
52 14 22 1 51
71 48 98 31 74
84 42 56 41 3
73 11 69 62 11
25 92 90 83 96
41 68 9 74 50
74 55 81 38 23
15 88 65 56 43
58 52 38 57 36
55 36 75 54 52
47 62 60 45 9
12 42 81 39 44
36 51 59 85 32
48 68 94 40 2
96 10 3 21 78
47 38 19 84 83
64 29 15 17 69
5 56 29 24 47
24 23 94 65 17
78 71 48 98 35
59 45 39 90 45
4 98 3 46 30
# P_hat : m1 | m2 | m3 | m4 | m5
3.40 2.40 2.00 6.50 4.70
4.00 8.50 6.10 3.90 6.20
2.20 1.90 6.90 6.80 1.10
0.60 9.40 2.80 4.00 0.60
5.00 5.90 6.90 8.20 2.10
6.40 6.50 3.50 3.10 6.00
4.80 4.20 1.70 2.90 8.20
7.40 0.80 5.90 1.70 0.20
6.70 1.00 1.60 6.90 3.10
2.20 1.50 5.40 4.40 2.70
2.60 9.60 0.60 1.90 8.10
1.30 6.30 1.80 2.90 3.40
2.40 3.00 0.20 6.00 0.70
5.40 2.00 0.40 2.70 0.60
2.20 3.10 8.00 9.30 5.30
0.90 9.40 4.50 3.50 1.90
2.80 3.50 0.20 1.70 2.80
4.80 8.40 1.80 0.10 6.30
8.30 8.30 8.30 9.90 2.90
8.50 5.30 2.10 9.60 3.40
7.90 5.70 4.10 0.10 9.60
7.80 2.50 5.10 6.20 3.90
4.00 7.10 8.50 8.40 1.90
1.50 2.20 5.60 4.20 4.50
9.50 3.10 8.80 6.00 6.40
7.50 3.50 4.00 4.20 7.20
7.30 4.00 2.00 6.60 2.60
4.10 7.60 1.60 0.10 5.90
5.20 1.40 2.20 0.10 5.10
7.10 4.80 9.80 3.10 7.40
8.40 4.20 5.60 4.10 0.30
7.30 1.10 6.90 6.20 1.10
2.50 9.20 9.00 8.30 9.60
4.10 6.80 0.90 7.40 5.00
7.40 5.50 8.10 3.80 2.30
1.50 8.80 6.50 5.60 4.30
5.80 5.20 3.80 5.70 3.60
5.50 3.60 7.50 5.40 5.20
4.70 6.20 6.00 4.50 0.90
1.20 4.20 8.10 3.90 4.40
3.60 5.10 5.90 8.50 3.20
4.80 6.80 9.40 4.00 0.20
9.60 1.00 0.30 2.10 7.80
4.70 3.80 1.90 8.40 8.30
6.40 2.90 1.50 1.70 6.90
0.50 5.60 2.90 2.40 4.70
2.40 2.30 9.40 6.50 1.70
7.80 7.10 4.80 9.80 3.50
5.90 4.50 3.90 9.00 4.50
0.40 9.80 0.30 4.60 3.00
