# nJobs | nMachines
20 10
# Job Weights
100
25
97
76
68
74
73
8
59
10
12
4
5
100
62
98
53
94
52
36
# P_bar : m1 | m2 | m3 | m4 | m5 | m6 | m7 | m8 | m9 | m10
39 9 72 93 8 75 16 98 65 21
16 19 13 77 83 70 98 49 93 98
84 71 49 20 29 16 85 46 14 61
51 7 37 1 87 72 63 66 73 78
19 23 89 60 77 85 10 63 97 6
57 7 37 36 15 94 14 88 17 34
33 65 58 85 26 49 82 41 91 53
1 56 4 18 97 40 39 13 71 63
23 37 13 97 44 64 23 43 59 3
39 87 48 24 85 98 29 54 45 50
27 43 4 60 22 46 30 69 45 29
37 4 43 28 17 18 99 97 21 29
37 92 18 94 47 47 34 10 98 20
1 75 9 34 30 2 16 51 64 68
82 86 81 61 10 77 34 95 50 84
24 26 66 10 84 74 28 51 74 29
28 17 82 4 13 77 69 92 77 75
98 7 21 83 26 32 85 71 32 85
74 80 60 91 16 65 50 98 70 98
36 24 26 38 48 91 58 33 95 68
# P_hat : m1 | m2 | m3 | m4 | m5 | m6 | m7 | m8 | m9 | m10
15.60 3.60 28.80 37.20 3.20 30.00 6.40 39.20 26.00 8.40
6.40 7.60 5.20 30.80 33.20 28.00 39.20 19.60 37.20 39.20
33.60 28.40 19.60 8.00 11.60 6.40 34.00 18.40 5.60 24.40
20.40 2.80 14.80 0.40 34.80 28.80 25.20 26.40 29.20 31.20
7.60 9.20 35.60 24.00 30.80 34.00 4.00 25.20 38.80 2.40
22.80 2.80 14.80 14.40 6.00 37.60 5.60 35.20 6.80 13.60
13.20 26.00 23.20 34.00 10.40 19.60 32.80 16.40 36.40 21.20
0.40 22.40 1.60 7.20 38.80 16.00 15.60 5.20 28.40 25.20
9.20 14.80 5.20 38.80 17.60 25.60 9.20 17.20 23.60 1.20
15.60 34.80 19.20 9.60 34.00 39.20 11.60 21.60 18.00 20.00
10.80 17.20 1.60 24.00 8.80 18.40 12.00 27.60 18.00 11.60
14.80 1.60 17.20 11.20 6.80 7.20 39.60 38.80 8.40 11.60
14.80 36.80 7.20 37.60 18.80 18.80 13.60 4.00 39.20 8.00
0.40 30.00 3.60 13.60 12.00 0.80 6.40 20.40 25.60 27.20
32.80 34.40 32.40 24.40 4.00 30.80 13.60 38.00 20.00 33.60
9.60 10.40 26.40 4.00 33.60 29.60 11.20 20.40 29.60 11.60
11.20 6.80 32.80 1.60 5.20 30.80 27.60 36.80 30.80 30.00
39.20 2.80 8.40 33.20 10.40 12.80 34.00 28.40 12.80 34.00
29.60 32.00 24.00 36.40 6.40 26.00 20.00 39.20 28.00 39.20
14.40 9.60 10.40 15.20 19.20 36.40 23.20 13.20 38.00 27.20
