# nJobs | nMachines
100 10
# Job Weights
61
94
33
82
18
5
89
32
39
69
34
33
1
23
63
34
46
52
1
65
25
38
53
20
27
85
83
17
69
41
48
25
66
98
29
9
54
27
100
77
74
14
18
52
32
67
70
26
98
51
99
81
62
68
54
65
82
82
26
33
17
5
24
63
52
81
64
61
83
70
35
21
90
25
58
93
79
1
9
8
37
74
32
94
17
52
98
31
13
15
62
81
14
8
78
2
61
96
91
3
# P_bar : m1 | m2 | m3 | m4 | m5 | m6 | m7 | m8 | m9 | m10
47 79 94 69 8 15 40 71 64 55
45 92 35 92 9 88 62 79 10 29
28 92 24 13 34 56 38 62 62 20
99 45 29 93 15 27 14 94 58 90
48 88 32 5 30 75 55 71 91 6
24 30 39 35 83 61 89 66 92 20
89 28 73 76 15 69 3 90 49 27
73 95 27 29 98 87 29 64 30 60
34 65 48 47 15 53 53 39 93 61
78 20 18 18 40 40 63 64 44 10
88 16 57 56 63 4 1 47 25 44
2 8 76 5 81 50 72 46 76 16
36 1 44 34 72 97 25 96 43 75
5 46 80 25 4 19 32 79 22 58
50 38 29 7 44 75 85 29 49 75
70 54 12 57 82 57 99 13 27 81
78 36 18 57 86 13 25 22 69 21
50 87 2 79 37 72 75 50 18 96
25 53 24 54 26 63 44 72 69 53
84 82 2 89 63 36 33 6 33 63
38 52 13 91 60 60 37 56 29 72
93 19 11 7 69 52 52 84 66 95
4 66 52 52 5 92 99 52 14 92
56 42 52 44 73 88 37 85 38 14
98 41 2 36 74 59 85 70 15 52
36 87 10 51 89 33 81 97 11 91
80 52 41 40 23 74 91 63 42 51
41 81 40 5 80 17 46 86 62 20
79 63 34 93 94 28 81 60 2 54
54 86 1 54 4 95 46 68 78 55
28 39 2 43 23 25 77 63 94 13
30 80 46 48 53 57 95 78 32 77
70 20 39 62 38 59 13 56 24 66
9 11 43 77 53 83 18 1 58 41
53 89 17 19 70 35 60 83 89 22
56 31 85 49 25 78 44 52 46 44
59 53 14 9 97 92 84 92 29 50
6 49 11 83 76 3 80 42 26 89
74 37 84 42 12 7 30 24 31 90
30 41 46 82 83 66 11 33 46 17
47 27 16 37 47 12 29 8 38 56
68 83 58 28 84 54 75 92 88 25
45 79 53 12 77 68 49 90 70 67
59 89 72 8 78 39 50 74 70 7
95 36 20 46 24 83 38 54 60 64
58 81 79 75 67 59 56 8 15 52
46 91 19 47 39 20 11 57 66 10
18 22 12 33 1 76 58 31 27 32
99 25 76 77 18 88 18 87 78 42
33 83 5 5 68 90 33 75 61 66
96 60 75 55 68 24 67 50 89 39
77 38 99 28 11 80 84 53 62 95
52 65 73 72 48 44 1 71 18 13
46 29 20 83 38 95 45 79 73 37
19 38 70 82 38 45 25 16 69 56
41 25 28 86 23 12 47 77 5 98
97 52 13 38 68 84 31 8 44 90
90 81 89 51 75 27 99 37 14 84
29 10 16 91 89 1 28 75 22 11
58 29 64 96 58 95 59 46 88 70
93 5 92 54 57 77 36 13 29 40
79 7 69 38 86 14 70 79 98 77
32 19 15 55 24 74 77 17 13 45
62 94 81 71 54 56 54 38 60 32
84 15 31 3 81 76 44 9 44 80
93 52 22 41 13 79 32 13 38 26
10 36 37 48 49 92 35 19 8 61
91 4 95 30 81 35 24 6 61 95
61 32 42 30 74 40 13 74 82 42
36 9 65 2 23 40 17 59 69 48
75 62 79 16 42 23 21 69 53 67
76 17 8 6 95 36 97 46 66 19
5 7 46 57 43 82 23 64 31 14
88 42 95 2 9 58 67 36 48 98
14 27 95 78 88 35 38 38 52 99
18 36 59 15 23 67 81 15 97 45
14 37 75 73 28 96 31 19 48 36
35 19 62 26 86 21 54 88 6 72
82 60 56 96 88 9 41 23 25 21
75 34 66 8 6 79 28 63 19 88
70 57 68 4 64 8 38 62 31 50
95 60 58 79 49 62 51 80 25 94
15 48 18 84 85 66 77 7 76 17
60 51 97 88 53 59 6 30 60 11
93 22 94 36 34 19 2 51 71 70
49 18 26 70 86 77 4 72 21 49
33 68 25 81 39 35 89 80 26 52
33 23 86 92 90 48 82 75 19 28
11 94 38 96 33 63 39 38 19 68
25 30 44 82 22 52 16 57 42 51
85 80 73 19 11 66 42 40 23 65
17 50 65 86 4 26 36 92 90 29
40 16 75 50 33 91 1 65 72 32
33 24 4 12 95 60 75 52 26 27
67 74 81 71 74 24 14 66 82 79
35 61 66 28 17 6 22 23 12 30
64 2 27 41 67 7 69 27 83 93
53 59 32 11 82 23 19 40 60 79
12 7 47 95 31 75 90 89 54 9
57 82 69 42 34 4 21 6 95 71
# P_hat : m1 | m2 | m3 | m4 | m5 | m6 | m7 | m8 | m9 | m10
18.80 31.60 37.60 27.60 3.20 6.00 16.00 28.40 25.60 22.00
18.00 36.80 14.00 36.80 3.60 35.20 24.80 31.60 4.00 11.60
11.20 36.80 9.60 5.20 13.60 22.40 15.20 24.80 24.80 8.00
39.60 18.00 11.60 37.20 6.00 10.80 5.60 37.60 23.20 36.00
19.20 35.20 12.80 2.00 12.00 30.00 22.00 28.40 36.40 2.40
9.60 12.00 15.60 14.00 33.20 24.40 35.60 26.40 36.80 8.00
35.60 11.20 29.20 30.40 6.00 27.60 1.20 36.00 19.60 10.80
29.20 38.00 10.80 11.60 39.20 34.80 11.60 25.60 12.00 24.00
13.60 26.00 19.20 18.80 6.00 21.20 21.20 15.60 37.20 24.40
31.20 8.00 7.20 7.20 16.00 16.00 25.20 25.60 17.60 4.00
35.20 6.40 22.80 22.40 25.20 1.60 0.40 18.80 10.00 17.60
0.80 3.20 30.40 2.00 32.40 20.00 28.80 18.40 30.40 6.40
14.40 0.40 17.60 13.60 28.80 38.80 10.00 38.40 17.20 30.00
2.00 18.40 32.00 10.00 1.60 7.60 12.80 31.60 8.80 23.20
20.00 15.20 11.60 2.80 17.60 30.00 34.00 11.60 19.60 30.00
28.00 21.60 4.80 22.80 32.80 22.80 39.60 5.20 10.80 32.40
31.20 14.40 7.20 22.80 34.40 5.20 10.00 8.80 27.60 8.40
20.00 34.80 0.80 31.60 14.80 28.80 30.00 20.00 7.20 38.40
10.00 21.20 9.60 21.60 10.40 25.20 17.60 28.80 27.60 21.20
33.60 32.80 0.80 35.60 25.20 14.40 13.20 2.40 13.20 25.20
15.20 20.80 5.20 36.40 24.00 24.00 14.80 22.40 11.60 28.80
37.20 7.60 4.40 2.80 27.60 20.80 20.80 33.60 26.40 38.00
1.60 26.40 20.80 20.80 2.00 36.80 39.60 20.80 5.60 36.80
22.40 16.80 20.80 17.60 29.20 35.20 14.80 34.00 15.20 5.60
39.20 16.40 0.80 14.40 29.60 23.60 34.00 28.00 6.00 20.80
14.40 34.80 4.00 20.40 35.60 13.20 32.40 38.80 4.40 36.40
32.00 20.80 16.40 16.00 9.20 29.60 36.40 25.20 16.80 20.40
16.40 32.40 16.00 2.00 32.00 6.80 18.40 34.40 24.80 8.00
31.60 25.20 13.60 37.20 37.60 11.20 32.40 24.00 0.80 21.60
21.60 34.40 0.40 21.60 1.60 38.00 18.40 27.20 31.20 22.00
11.20 15.60 0.80 17.20 9.20 10.00 30.80 25.20 37.60 5.20
12.00 32.00 18.40 19.20 21.20 22.80 38.00 31.20 12.80 30.80
28.00 8.00 15.60 24.80 15.20 23.60 5.20 22.40 9.60 26.40
3.60 4.40 17.20 30.80 21.20 33.20 7.20 0.40 23.20 16.40
21.20 35.60 6.80 7.60 28.00 14.00 24.00 33.20 35.60 8.80
22.40 12.40 34.00 19.60 10.00 31.20 17.60 20.80 18.40 17.60
23.60 21.20 5.60 3.60 38.80 36.80 33.60 36.80 11.60 20.00
2.40 19.60 4.40 33.20 30.40 1.20 32.00 16.80 10.40 35.60
29.60 14.80 33.60 16.80 4.80 2.80 12.00 9.60 12.40 36.00
12.00 16.40 18.40 32.80 33.20 26.40 4.40 13.20 18.40 6.80
18.80 10.80 6.40 14.80 18.80 4.80 11.60 3.20 15.20 22.40
27.20 33.20 23.20 11.20 33.60 21.60 30.00 36.80 35.20 10.00
18.00 31.60 21.20 4.80 30.80 27.20 19.60 36.00 28.00 26.80
23.60 35.60 28.80 3.20 31.20 15.60 20.00 29.60 28.00 2.80
38.00 14.40 8.00 18.40 9.60 33.20 15.20 21.60 24.00 25.60
23.20 32.40 31.60 30.00 26.80 23.60 22.40 3.20 6.00 20.80
18.40 36.40 7.60 18.80 15.60 8.00 4.40 22.80 26.40 4.00
7.20 8.80 4.80 13.20 0.40 30.40 23.20 12.40 10.80 12.80
39.60 10.00 30.40 30.80 7.20 35.20 7.20 34.80 31.20 16.80
13.20 33.20 2.00 2.00 27.20 36.00 13.20 30.00 24.40 26.40
38.40 24.00 30.00 22.00 27.20 9.60 26.80 20.00 35.60 15.60
30.80 15.20 39.60 11.20 4.40 32.00 33.60 21.20 24.80 38.00
20.80 26.00 29.20 28.80 19.20 17.60 0.40 28.40 7.20 5.20
18.40 11.60 8.00 33.20 15.20 38.00 18.00 31.60 29.20 14.80
7.60 15.20 28.00 32.80 15.20 18.00 10.00 6.40 27.60 22.40
16.40 10.00 11.20 34.40 9.20 4.80 18.80 30.80 2.00 39.20
38.80 20.80 5.20 15.20 27.20 33.60 12.40 3.20 17.60 36.00
36.00 32.40 35.60 20.40 30.00 10.80 39.60 14.80 5.60 33.60
11.60 4.00 6.40 36.40 35.60 0.40 11.20 30.00 8.80 4.40
23.20 11.60 25.60 38.40 23.20 38.00 23.60 18.40 35.20 28.00
37.20 2.00 36.80 21.60 22.80 30.80 14.40 5.20 11.60 16.00
31.60 2.80 27.60 15.20 34.40 5.60 28.00 31.60 39.20 30.80
12.80 7.60 6.00 22.00 9.60 29.60 30.80 6.80 5.20 18.00
24.80 37.60 32.40 28.40 21.60 22.40 21.60 15.20 24.00 12.80
33.60 6.00 12.40 1.20 32.40 30.40 17.60 3.60 17.60 32.00
37.20 20.80 8.80 16.40 5.20 31.60 12.80 5.20 15.20 10.40
4.00 14.40 14.80 19.20 19.60 36.80 14.00 7.60 3.20 24.40
36.40 1.60 38.00 12.00 32.40 14.00 9.60 2.40 24.40 38.00
24.40 12.80 16.80 12.00 29.60 16.00 5.20 29.60 32.80 16.80
14.40 3.60 26.00 0.80 9.20 16.00 6.80 23.60 27.60 19.20
30.00 24.80 31.60 6.40 16.80 9.20 8.40 27.60 21.20 26.80
30.40 6.80 3.20 2.40 38.00 14.40 38.80 18.40 26.40 7.60
2.00 2.80 18.40 22.80 17.20 32.80 9.20 25.60 12.40 5.60
35.20 16.80 38.00 0.80 3.60 23.20 26.80 14.40 19.20 39.20
5.60 10.80 38.00 31.20 35.20 14.00 15.20 15.20 20.80 39.60
7.20 14.40 23.60 6.00 9.20 26.80 32.40 6.00 38.80 18.00
5.60 14.80 30.00 29.20 11.20 38.40 12.40 7.60 19.20 14.40
14.00 7.60 24.80 10.40 34.40 8.40 21.60 35.20 2.40 28.80
32.80 24.00 22.40 38.40 35.20 3.60 16.40 9.20 10.00 8.40
30.00 13.60 26.40 3.20 2.40 31.60 11.20 25.20 7.60 35.20
28.00 22.80 27.20 1.60 25.60 3.20 15.20 24.80 12.40 20.00
38.00 24.00 23.20 31.60 19.60 24.80 20.40 32.00 10.00 37.60
6.00 19.20 7.20 33.60 34.00 26.40 30.80 2.80 30.40 6.80
24.00 20.40 38.80 35.20 21.20 23.60 2.40 12.00 24.00 4.40
37.20 8.80 37.60 14.40 13.60 7.60 0.80 20.40 28.40 28.00
19.60 7.20 10.40 28.00 34.40 30.80 1.60 28.80 8.40 19.60
13.20 27.20 10.00 32.40 15.60 14.00 35.60 32.00 10.40 20.80
13.20 9.20 34.40 36.80 36.00 19.20 32.80 30.00 7.60 11.20
4.40 37.60 15.20 38.40 13.20 25.20 15.60 15.20 7.60 27.20
10.00 12.00 17.60 32.80 8.80 20.80 6.40 22.80 16.80 20.40
34.00 32.00 29.20 7.60 4.40 26.40 16.80 16.00 9.20 26.00
6.80 20.00 26.00 34.40 1.60 10.40 14.40 36.80 36.00 11.60
16.00 6.40 30.00 20.00 13.20 36.40 0.40 26.00 28.80 12.80
13.20 9.60 1.60 4.80 38.00 24.00 30.00 20.80 10.40 10.80
26.80 29.60 32.40 28.40 29.60 9.60 5.60 26.40 32.80 31.60
14.00 24.40 26.40 11.20 6.80 2.40 8.80 9.20 4.80 12.00
25.60 0.80 10.80 16.40 26.80 2.80 27.60 10.80 33.20 37.20
21.20 23.60 12.80 4.40 32.80 9.20 7.60 16.00 24.00 31.60
4.80 2.80 18.80 38.00 12.40 30.00 36.00 35.60 21.60 3.60
22.80 32.80 27.60 16.80 13.60 1.60 8.40 2.40 38.00 28.40
