# nJobs | nMachines
100 5
# Job Weights
86
94
67
76
20
39
85
40
88
88
85
47
63
54
38
44
57
37
84
59
4
72
52
59
45
81
34
47
67
77
65
73
20
89
43
28
30
79
26
15
25
44
77
81
20
22
97
10
73
94
80
20
84
72
36
49
9
72
20
57
21
26
62
89
65
8
91
49
39
40
28
93
93
50
100
65
65
11
13
34
66
7
25
97
11
36
12
96
52
62
12
91
92
33
86
62
31
52
14
13
# P_bar : m1 | m2 | m3 | m4 | m5
31 28 55 71 32
37 1 91 85 28
48 98 82 53 73
7 12 92 10 30
22 29 84 54 72
18 18 54 61 56
95 31 60 86 83
98 93 21 11 21
21 13 32 79 33
79 84 11 15 40
99 26 26 47 51
81 27 60 54 73
65 94 71 78 15
55 60 94 54 87
46 91 85 44 12
56 23 25 69 69
93 35 10 40 7
88 52 16 95 2
43 28 23 35 91
52 87 21 78 70
68 8 14 62 26
11 95 65 93 16
69 8 75 70 82
27 47 24 8 16
65 75 46 84 97
85 99 54 43 99
55 85 69 59 28
49 50 28 44 56
3 15 93 30 29
53 75 76 77 67
25 64 82 77 69
29 41 71 34 68
33 49 63 80 78
35 16 85 37 87
56 40 16 88 73
89 64 22 9 87
36 65 81 73 98
50 64 43 98 28
30 26 96 13 60
9 87 8 19 54
53 89 50 53 99
29 55 78 88 52
26 43 71 39 7
55 11 46 23 68
62 83 81 11 40
93 75 95 17 27
31 14 6 6 12
13 52 36 3 49
62 86 17 1 60
76 14 46 74 61
41 10 54 87 48
82 45 10 77 49
1 90 82 25 31
1 46 91 26 58
65 49 30 13 92
65 55 93 3 16
23 27 15 78 57
33 70 17 45 42
7 71 34 29 82
14 69 19 7 46
74 62 14 60 35
81 90 45 62 94
60 30 4 61 33
35 91 64 95 85
73 76 14 39 71
83 55 3 53 70
24 68 65 78 87
42 77 69 6 43
61 77 48 25 23
9 1 2 10 28
67 48 51 71 79
55 34 7 7 13
58 48 13 28 89
48 59 70 96 45
38 5 76 42 75
55 74 91 63 85
30 77 87 98 86
76 4 96 35 34
47 93 14 93 20
4 87 31 60 47
3 74 78 89 11
57 81 22 84 14
32 29 50 80 30
62 6 36 8 81
61 18 86 59 29
72 16 83 53 64
67 84 32 58 73
59 75 54 64 94
57 80 98 88 29
80 38 21 66 8
97 34 94 72 84
73 11 72 72 33
75 13 66 81 18
58 84 96 11 95
74 17 2 75 70
32 53 26 90 85
87 19 4 90 15
6 93 54 42 93
47 71 25 96 62
65 66 27 7 74
# P_hat : m1 | m2 | m3 | m4 | m5
6.20 5.60 11.00 14.20 6.40
7.40 0.20 18.20 17.00 5.60
9.60 19.60 16.40 10.60 14.60
1.40 2.40 18.40 2.00 6.00
4.40 5.80 16.80 10.80 14.40
3.60 3.60 10.80 12.20 11.20
19.00 6.20 12.00 17.20 16.60
19.60 18.60 4.20 2.20 4.20
4.20 2.60 6.40 15.80 6.60
15.80 16.80 2.20 3.00 8.00
19.80 5.20 5.20 9.40 10.20
16.20 5.40 12.00 10.80 14.60
13.00 18.80 14.20 15.60 3.00
11.00 12.00 18.80 10.80 17.40
9.20 18.20 17.00 8.80 2.40
11.20 4.60 5.00 13.80 13.80
18.60 7.00 2.00 8.00 1.40
17.60 10.40 3.20 19.00 0.40
8.60 5.60 4.60 7.00 18.20
10.40 17.40 4.20 15.60 14.00
13.60 1.60 2.80 12.40 5.20
2.20 19.00 13.00 18.60 3.20
13.80 1.60 15.00 14.00 16.40
5.40 9.40 4.80 1.60 3.20
13.00 15.00 9.20 16.80 19.40
17.00 19.80 10.80 8.60 19.80
11.00 17.00 13.80 11.80 5.60
9.80 10.00 5.60 8.80 11.20
0.60 3.00 18.60 6.00 5.80
10.60 15.00 15.20 15.40 13.40
5.00 12.80 16.40 15.40 13.80
5.80 8.20 14.20 6.80 13.60
6.60 9.80 12.60 16.00 15.60
7.00 3.20 17.00 7.40 17.40
11.20 8.00 3.20 17.60 14.60
17.80 12.80 4.40 1.80 17.40
7.20 13.00 16.20 14.60 19.60
10.00 12.80 8.60 19.60 5.60
6.00 5.20 19.20 2.60 12.00
1.80 17.40 1.60 3.80 10.80
10.60 17.80 10.00 10.60 19.80
5.80 11.00 15.60 17.60 10.40
5.20 8.60 14.20 7.80 1.40
11.00 2.20 9.20 4.60 13.60
12.40 16.60 16.20 2.20 8.00
18.60 15.00 19.00 3.40 5.40
6.20 2.80 1.20 1.20 2.40
2.60 10.40 7.20 0.60 9.80
12.40 17.20 3.40 0.20 12.00
15.20 2.80 9.20 14.80 12.20
8.20 2.00 10.80 17.40 9.60
16.40 9.00 2.00 15.40 9.80
0.20 18.00 16.40 5.00 6.20
0.20 9.20 18.20 5.20 11.60
13.00 9.80 6.00 2.60 18.40
13.00 11.00 18.60 0.60 3.20
4.60 5.40 3.00 15.60 11.40
6.60 14.00 3.40 9.00 8.40
1.40 14.20 6.80 5.80 16.40
2.80 13.80 3.80 1.40 9.20
14.80 12.40 2.80 12.00 7.00
16.20 18.00 9.00 12.40 18.80
12.00 6.00 0.80 12.20 6.60
7.00 18.20 12.80 19.00 17.00
14.60 15.20 2.80 7.80 14.20
16.60 11.00 0.60 10.60 14.00
4.80 13.60 13.00 15.60 17.40
8.40 15.40 13.80 1.20 8.60
12.20 15.40 9.60 5.00 4.60
1.80 0.20 0.40 2.00 5.60
13.40 9.60 10.20 14.20 15.80
11.00 6.80 1.40 1.40 2.60
11.60 9.60 2.60 5.60 17.80
9.60 11.80 14.00 19.20 9.00
7.60 1.00 15.20 8.40 15.00
11.00 14.80 18.20 12.60 17.00
6.00 15.40 17.40 19.60 17.20
15.20 0.80 19.20 7.00 6.80
9.40 18.60 2.80 18.60 4.00
0.80 17.40 6.20 12.00 9.40
0.60 14.80 15.60 17.80 2.20
11.40 16.20 4.40 16.80 2.80
6.40 5.80 10.00 16.00 6.00
12.40 1.20 7.20 1.60 16.20
12.20 3.60 17.20 11.80 5.80
14.40 3.20 16.60 10.60 12.80
13.40 16.80 6.40 11.60 14.60
11.80 15.00 10.80 12.80 18.80
11.40 16.00 19.60 17.60 5.80
16.00 7.60 4.20 13.20 1.60
19.40 6.80 18.80 14.40 16.80
14.60 2.20 14.40 14.40 6.60
15.00 2.60 13.20 16.20 3.60
11.60 16.80 19.20 2.20 19.00
14.80 3.40 0.40 15.00 14.00
6.40 10.60 5.20 18.00 17.00
17.40 3.80 0.80 18.00 3.00
1.20 18.60 10.80 8.40 18.60
9.40 14.20 5.00 19.20 12.40
13.00 13.20 5.40 1.40 14.80
