# nJobs | nMachines
100 10
# Job Weights
60
18
52
14
28
97
91
83
37
49
79
17
59
2
20
95
69
6
78
62
64
90
95
41
21
48
86
95
66
56
43
99
73
29
62
99
49
21
82
54
64
90
75
64
59
56
68
46
62
18
94
70
37
37
12
64
37
13
59
46
48
37
42
53
28
83
10
30
100
78
50
52
50
17
32
18
96
65
28
13
18
21
38
11
69
19
70
56
74
99
94
29
43
88
79
12
38
82
69
42
# P_bar : m1 | m2 | m3 | m4 | m5 | m6 | m7 | m8 | m9 | m10
73 11 23 7 83 40 62 55 90 41
39 37 51 56 35 31 52 62 32 76
77 29 47 89 37 40 23 17 53 42
45 94 54 3 51 37 64 23 60 47
7 18 90 93 6 61 71 5 68 94
96 59 24 30 18 2 54 26 59 93
62 62 44 56 91 52 70 40 66 51
56 65 63 33 94 97 48 36 81 34
78 38 61 54 24 23 31 36 3 37
60 72 16 42 4 92 18 55 90 65
85 40 16 94 75 71 24 45 21 32
5 93 41 41 22 94 46 78 77 85
97 68 60 4 93 77 66 99 97 33
93 62 98 40 93 63 25 58 42 99
2 82 32 10 69 7 84 50 94 99
79 56 42 25 83 37 30 87 88 85
71 94 49 24 4 89 76 17 42 34
22 52 36 82 83 13 10 37 81 14
28 82 41 33 32 26 63 18 59 16
91 40 39 20 62 70 46 41 73 55
26 20 29 37 70 39 81 68 13 24
75 58 41 92 11 47 86 89 97 83
32 3 58 27 78 17 48 36 92 69
19 92 30 1 59 43 29 95 33 98
60 63 55 74 73 38 43 6 55 57
29 73 22 83 90 5 86 58 36 42
97 30 11 38 79 79 90 21 89 24
30 61 54 77 93 88 9 95 64 83
78 41 37 48 20 46 76 78 51 19
33 60 62 72 35 61 97 78 37 65
89 19 40 55 1 94 88 7 87 74
90 33 67 25 78 74 63 83 17 77
99 96 29 72 24 72 54 54 11 1
89 56 31 12 87 15 10 25 72 73
54 96 37 65 76 12 47 99 93 68
54 9 44 25 85 23 95 23 52 17
42 67 27 1 18 70 25 84 98 75
38 88 4 31 40 4 23 17 91 91
84 76 19 58 73 96 27 73 30 85
41 19 21 3 88 79 92 51 52 90
61 34 41 84 25 97 76 38 69 79
32 64 41 42 57 68 59 12 39 80
11 48 68 23 46 17 22 56 59 23
58 77 84 3 16 40 60 39 43 95
84 18 56 60 67 16 88 8 84 82
31 30 52 24 33 20 93 8 26 33
48 2 66 89 75 2 92 86 62 57
94 53 19 47 61 2 16 47 45 93
32 42 66 30 57 27 77 24 89 38
68 82 97 35 39 12 31 88 88 99
87 11 77 94 6 28 44 47 47 93
95 6 93 3 53 72 45 6 85 47
72 19 34 64 28 30 28 91 57 17
42 3 12 34 52 14 6 85 49 84
49 96 95 90 31 19 63 62 83 4
53 47 52 70 71 43 12 84 40 76
85 61 27 9 29 62 69 61 50 59
26 93 93 72 13 76 53 65 20 59
51 76 95 90 33 15 15 93 85 10
81 35 74 32 58 25 46 26 2 82
7 60 56 71 88 50 19 17 79 99
43 76 92 53 7 19 26 98 10 47
79 70 87 66 62 43 52 72 98 22
27 6 48 22 85 35 2 42 51 10
66 95 32 11 32 67 18 33 96 26
27 42 69 77 30 78 4 80 35 52
92 61 6 32 6 74 64 18 32 83
29 40 18 60 87 80 62 34 18 62
87 27 94 3 99 88 36 31 66 84
57 70 46 21 96 71 59 72 9 42
67 69 40 83 86 70 62 26 51 87
95 74 32 49 85 1 81 67 62 28
10 44 60 26 24 23 96 70 34 8
84 13 84 75 94 41 9 14 4 60
25 26 24 50 56 44 26 72 65 47
96 71 37 61 64 34 46 25 38 46
27 94 51 20 13 34 98 80 28 85
35 56 9 80 85 85 95 71 37 90
59 15 43 15 41 66 84 92 50 54
1 7 89 32 74 76 35 74 30 78
55 5 66 88 56 50 86 58 32 32
30 86 94 36 37 86 81 27 67 83
78 66 8 15 90 11 52 96 13 59
29 19 4 90 71 8 75 49 87 48
76 30 58 79 84 67 51 33 6 5
39 54 59 41 19 19 52 74 93 61
10 15 16 12 94 98 51 11 78 25
89 83 44 41 23 82 98 4 31 80
77 74 29 97 61 66 65 58 16 76
49 66 99 94 52 41 20 19 63 4
56 8 8 5 26 2 87 11 37 18
52 46 1 15 5 45 19 83 60 28
43 85 76 77 70 8 20 90 91 82
37 69 66 4 28 88 41 44 56 74
22 2 14 97 11 99 9 95 5 21
85 97 2 46 43 75 21 27 78 11
61 8 59 85 59 8 12 93 85 32
49 8 93 5 78 22 64 35 9 45
82 10 60 38 85 31 63 71 5 11
49 44 11 83 53 28 94 96 20 77
# P_hat : m1 | m2 | m3 | m4 | m5 | m6 | m7 | m8 | m9 | m10
29.20 4.40 9.20 2.80 33.20 16.00 24.80 22.00 36.00 16.40
15.60 14.80 20.40 22.40 14.00 12.40 20.80 24.80 12.80 30.40
30.80 11.60 18.80 35.60 14.80 16.00 9.20 6.80 21.20 16.80
18.00 37.60 21.60 1.20 20.40 14.80 25.60 9.20 24.00 18.80
2.80 7.20 36.00 37.20 2.40 24.40 28.40 2.00 27.20 37.60
38.40 23.60 9.60 12.00 7.20 0.80 21.60 10.40 23.60 37.20
24.80 24.80 17.60 22.40 36.40 20.80 28.00 16.00 26.40 20.40
22.40 26.00 25.20 13.20 37.60 38.80 19.20 14.40 32.40 13.60
31.20 15.20 24.40 21.60 9.60 9.20 12.40 14.40 1.20 14.80
24.00 28.80 6.40 16.80 1.60 36.80 7.20 22.00 36.00 26.00
34.00 16.00 6.40 37.60 30.00 28.40 9.60 18.00 8.40 12.80
2.00 37.20 16.40 16.40 8.80 37.60 18.40 31.20 30.80 34.00
38.80 27.20 24.00 1.60 37.20 30.80 26.40 39.60 38.80 13.20
37.20 24.80 39.20 16.00 37.20 25.20 10.00 23.20 16.80 39.60
0.80 32.80 12.80 4.00 27.60 2.80 33.60 20.00 37.60 39.60
31.60 22.40 16.80 10.00 33.20 14.80 12.00 34.80 35.20 34.00
28.40 37.60 19.60 9.60 1.60 35.60 30.40 6.80 16.80 13.60
8.80 20.80 14.40 32.80 33.20 5.20 4.00 14.80 32.40 5.60
11.20 32.80 16.40 13.20 12.80 10.40 25.20 7.20 23.60 6.40
36.40 16.00 15.60 8.00 24.80 28.00 18.40 16.40 29.20 22.00
10.40 8.00 11.60 14.80 28.00 15.60 32.40 27.20 5.20 9.60
30.00 23.20 16.40 36.80 4.40 18.80 34.40 35.60 38.80 33.20
12.80 1.20 23.20 10.80 31.20 6.80 19.20 14.40 36.80 27.60
7.60 36.80 12.00 0.40 23.60 17.20 11.60 38.00 13.20 39.20
24.00 25.20 22.00 29.60 29.20 15.20 17.20 2.40 22.00 22.80
11.60 29.20 8.80 33.20 36.00 2.00 34.40 23.20 14.40 16.80
38.80 12.00 4.40 15.20 31.60 31.60 36.00 8.40 35.60 9.60
12.00 24.40 21.60 30.80 37.20 35.20 3.60 38.00 25.60 33.20
31.20 16.40 14.80 19.20 8.00 18.40 30.40 31.20 20.40 7.60
13.20 24.00 24.80 28.80 14.00 24.40 38.80 31.20 14.80 26.00
35.60 7.60 16.00 22.00 0.40 37.60 35.20 2.80 34.80 29.60
36.00 13.20 26.80 10.00 31.20 29.60 25.20 33.20 6.80 30.80
39.60 38.40 11.60 28.80 9.60 28.80 21.60 21.60 4.40 0.40
35.60 22.40 12.40 4.80 34.80 6.00 4.00 10.00 28.80 29.20
21.60 38.40 14.80 26.00 30.40 4.80 18.80 39.60 37.20 27.20
21.60 3.60 17.60 10.00 34.00 9.20 38.00 9.20 20.80 6.80
16.80 26.80 10.80 0.40 7.20 28.00 10.00 33.60 39.20 30.00
15.20 35.20 1.60 12.40 16.00 1.60 9.20 6.80 36.40 36.40
33.60 30.40 7.60 23.20 29.20 38.40 10.80 29.20 12.00 34.00
16.40 7.60 8.40 1.20 35.20 31.60 36.80 20.40 20.80 36.00
24.40 13.60 16.40 33.60 10.00 38.80 30.40 15.20 27.60 31.60
12.80 25.60 16.40 16.80 22.80 27.20 23.60 4.80 15.60 32.00
4.40 19.20 27.20 9.20 18.40 6.80 8.80 22.40 23.60 9.20
23.20 30.80 33.60 1.20 6.40 16.00 24.00 15.60 17.20 38.00
33.60 7.20 22.40 24.00 26.80 6.40 35.20 3.20 33.60 32.80
12.40 12.00 20.80 9.60 13.20 8.00 37.20 3.20 10.40 13.20
19.20 0.80 26.40 35.60 30.00 0.80 36.80 34.40 24.80 22.80
37.60 21.20 7.60 18.80 24.40 0.80 6.40 18.80 18.00 37.20
12.80 16.80 26.40 12.00 22.80 10.80 30.80 9.60 35.60 15.20
27.20 32.80 38.80 14.00 15.60 4.80 12.40 35.20 35.20 39.60
34.80 4.40 30.80 37.60 2.40 11.20 17.60 18.80 18.80 37.20
38.00 2.40 37.20 1.20 21.20 28.80 18.00 2.40 34.00 18.80
28.80 7.60 13.60 25.60 11.20 12.00 11.20 36.40 22.80 6.80
16.80 1.20 4.80 13.60 20.80 5.60 2.40 34.00 19.60 33.60
19.60 38.40 38.00 36.00 12.40 7.60 25.20 24.80 33.20 1.60
21.20 18.80 20.80 28.00 28.40 17.20 4.80 33.60 16.00 30.40
34.00 24.40 10.80 3.60 11.60 24.80 27.60 24.40 20.00 23.60
10.40 37.20 37.20 28.80 5.20 30.40 21.20 26.00 8.00 23.60
20.40 30.40 38.00 36.00 13.20 6.00 6.00 37.20 34.00 4.00
32.40 14.00 29.60 12.80 23.20 10.00 18.40 10.40 0.80 32.80
2.80 24.00 22.40 28.40 35.20 20.00 7.60 6.80 31.60 39.60
17.20 30.40 36.80 21.20 2.80 7.60 10.40 39.20 4.00 18.80
31.60 28.00 34.80 26.40 24.80 17.20 20.80 28.80 39.20 8.80
10.80 2.40 19.20 8.80 34.00 14.00 0.80 16.80 20.40 4.00
26.40 38.00 12.80 4.40 12.80 26.80 7.20 13.20 38.40 10.40
10.80 16.80 27.60 30.80 12.00 31.20 1.60 32.00 14.00 20.80
36.80 24.40 2.40 12.80 2.40 29.60 25.60 7.20 12.80 33.20
11.60 16.00 7.20 24.00 34.80 32.00 24.80 13.60 7.20 24.80
34.80 10.80 37.60 1.20 39.60 35.20 14.40 12.40 26.40 33.60
22.80 28.00 18.40 8.40 38.40 28.40 23.60 28.80 3.60 16.80
26.80 27.60 16.00 33.20 34.40 28.00 24.80 10.40 20.40 34.80
38.00 29.60 12.80 19.60 34.00 0.40 32.40 26.80 24.80 11.20
4.00 17.60 24.00 10.40 9.60 9.20 38.40 28.00 13.60 3.20
33.60 5.20 33.60 30.00 37.60 16.40 3.60 5.60 1.60 24.00
10.00 10.40 9.60 20.00 22.40 17.60 10.40 28.80 26.00 18.80
38.40 28.40 14.80 24.40 25.60 13.60 18.40 10.00 15.20 18.40
10.80 37.60 20.40 8.00 5.20 13.60 39.20 32.00 11.20 34.00
14.00 22.40 3.60 32.00 34.00 34.00 38.00 28.40 14.80 36.00
23.60 6.00 17.20 6.00 16.40 26.40 33.60 36.80 20.00 21.60
0.40 2.80 35.60 12.80 29.60 30.40 14.00 29.60 12.00 31.20
22.00 2.00 26.40 35.20 22.40 20.00 34.40 23.20 12.80 12.80
12.00 34.40 37.60 14.40 14.80 34.40 32.40 10.80 26.80 33.20
31.20 26.40 3.20 6.00 36.00 4.40 20.80 38.40 5.20 23.60
11.60 7.60 1.60 36.00 28.40 3.20 30.00 19.60 34.80 19.20
30.40 12.00 23.20 31.60 33.60 26.80 20.40 13.20 2.40 2.00
15.60 21.60 23.60 16.40 7.60 7.60 20.80 29.60 37.20 24.40
4.00 6.00 6.40 4.80 37.60 39.20 20.40 4.40 31.20 10.00
35.60 33.20 17.60 16.40 9.20 32.80 39.20 1.60 12.40 32.00
30.80 29.60 11.60 38.80 24.40 26.40 26.00 23.20 6.40 30.40
19.60 26.40 39.60 37.60 20.80 16.40 8.00 7.60 25.20 1.60
22.40 3.20 3.20 2.00 10.40 0.80 34.80 4.40 14.80 7.20
20.80 18.40 0.40 6.00 2.00 18.00 7.60 33.20 24.00 11.20
17.20 34.00 30.40 30.80 28.00 3.20 8.00 36.00 36.40 32.80
14.80 27.60 26.40 1.60 11.20 35.20 16.40 17.60 22.40 29.60
8.80 0.80 5.60 38.80 4.40 39.60 3.60 38.00 2.00 8.40
34.00 38.80 0.80 18.40 17.20 30.00 8.40 10.80 31.20 4.40
24.40 3.20 23.60 34.00 23.60 3.20 4.80 37.20 34.00 12.80
19.60 3.20 37.20 2.00 31.20 8.80 25.60 14.00 3.60 18.00
32.80 4.00 24.00 15.20 34.00 12.40 25.20 28.40 2.00 4.40
19.60 17.60 4.40 33.20 21.20 11.20 37.60 38.40 8.00 30.80
