# nJobs | nMachines
100 10
# Job Weights
6
58
97
10
39
85
13
13
84
94
9
95
14
68
98
49
61
88
7
19
78
16
50
93
74
61
80
57
31
84
56
78
63
21
100
63
84
12
98
23
70
95
49
9
97
65
60
16
35
18
47
76
6
36
24
59
2
38
64
22
43
100
68
56
34
61
48
76
26
75
46
8
95
29
89
32
72
49
74
5
30
38
36
29
82
72
90
46
74
10
76
53
48
72
41
34
95
44
10
9
# P_bar : m1 | m2 | m3 | m4 | m5 | m6 | m7 | m8 | m9 | m10
1 95 17 6 24 3 53 71 55 20
96 75 74 73 83 65 7 54 56 35
21 24 87 64 59 73 27 48 21 25
57 3 39 30 58 81 44 16 77 81
7 83 14 30 60 38 36 22 83 19
34 67 28 99 15 71 21 14 43 4
72 88 12 61 15 3 53 39 11 42
12 75 49 26 27 40 38 99 64 58
80 28 88 38 47 6 37 68 59 18
99 65 91 46 25 98 90 32 37 19
28 54 53 76 43 4 34 20 96 73
80 65 40 65 11 23 1 7 27 14
30 34 1 51 20 23 83 26 9 44
15 17 55 39 36 2 64 2 63 13
95 51 39 23 3 66 69 58 82 11
19 98 35 71 42 67 30 92 31 55
12 94 99 63 51 8 18 86 27 91
59 22 17 94 11 76 74 45 67 51
66 57 69 62 86 58 9 19 82 42
51 37 67 87 55 82 70 90 65 47
6 90 13 43 20 63 41 54 74 94
36 38 98 45 3 18 5 51 41 43
74 20 79 46 64 17 70 88 10 68
53 85 20 9 19 5 5 72 36 77
25 49 57 10 49 75 4 44 69 42
68 37 68 42 70 52 65 85 1 75
37 29 17 43 28 95 53 20 21 17
42 84 27 46 53 55 17 5 72 85
68 93 25 7 96 62 6 10 37 54
74 99 36 15 52 84 98 98 54 83
93 44 67 32 44 5 84 44 88 30
39 39 73 80 24 33 39 6 65 52
75 18 34 4 40 72 3 44 97 89
54 40 47 73 66 52 9 12 71 54
10 24 65 42 2 8 50 55 13 74
60 98 79 98 89 74 58 14 90 86
15 61 31 24 70 70 87 66 88 27
75 72 54 25 69 5 54 28 39 22
71 21 56 13 3 38 41 80 46 24
22 76 33 38 77 7 87 64 89 11
10 87 66 3 96 86 9 13 99 12
65 32 30 69 40 41 49 73 82 8
39 8 89 38 66 99 93 44 14 15
99 17 45 61 75 98 70 11 14 21
77 54 44 8 81 2 4 89 63 75
39 43 91 54 52 51 13 78 67 84
50 3 18 90 78 13 60 6 16 29
14 65 67 3 86 96 41 10 46 15
75 33 94 5 44 78 48 44 28 26
28 36 41 25 85 49 75 28 91 83
92 70 78 31 79 59 86 77 69 38
74 18 27 38 28 42 28 33 34 32
20 19 15 36 43 18 67 22 9 13
70 76 55 35 20 51 29 77 7 10
43 7 28 52 16 95 53 90 43 23
6 34 28 13 9 82 24 23 62 28
77 66 26 78 80 96 95 10 29 42
25 72 98 31 36 45 66 44 70 68
68 16 98 8 14 25 32 1 28 78
83 95 77 62 86 80 66 53 62 39
28 80 79 36 70 42 61 58 34 76
13 10 12 98 87 66 18 40 67 4
74 63 96 7 77 41 99 48 16 45
18 14 78 3 44 1 48 94 83 25
71 89 29 5 52 14 31 20 64 23
11 65 28 82 86 66 66 34 32 77
17 43 14 41 12 89 15 16 43 3
27 44 52 2 49 35 93 99 67 20
89 28 27 63 68 2 64 27 37 49
14 39 51 56 56 63 77 80 79 35
13 59 46 85 59 80 67 24 31 29
40 91 98 85 87 34 74 19 41 59
97 70 97 25 82 45 90 34 3 14
70 24 38 98 5 42 44 6 11 94
96 96 78 58 23 81 51 65 71 11
13 1 89 16 6 27 17 11 21 17
66 92 67 99 15 15 50 14 26 80
77 79 91 61 42 42 80 97 98 70
2 57 51 21 63 80 44 14 39 20
41 88 62 26 66 11 63 77 73 25
69 60 79 67 59 4 19 58 59 12
34 70 93 96 98 84 24 86 33 78
10 38 25 70 67 25 24 72 71 58
91 94 61 89 73 45 35 20 49 13
98 94 59 5 94 42 79 22 22 22
60 30 20 45 27 61 62 2 6 53
3 50 92 38 56 4 11 28 68 92
86 17 1 79 96 34 59 16 14 7
55 43 35 73 81 54 14 54 36 62
95 28 97 99 92 46 89 19 17 94
73 33 79 33 68 80 16 77 30 8
65 48 37 1 92 1 96 7 83 81
24 48 72 84 77 94 72 27 94 5
22 81 76 79 94 8 95 19 53 24
5 50 89 44 93 56 92 80 30 98
67 86 7 39 28 52 34 80 74 85
39 23 79 16 75 13 64 40 24 75
58 95 85 50 74 39 83 49 47 57
4 3 40 39 34 62 66 46 76 37
30 80 24 55 80 84 6 85 28 96
# P_hat : m1 | m2 | m3 | m4 | m5 | m6 | m7 | m8 | m9 | m10
0.30 28.50 5.10 1.80 7.20 0.90 15.90 21.30 16.50 6.00
28.80 22.50 22.20 21.90 24.90 19.50 2.10 16.20 16.80 10.50
6.30 7.20 26.10 19.20 17.70 21.90 8.10 14.40 6.30 7.50
17.10 0.90 11.70 9.00 17.40 24.30 13.20 4.80 23.10 24.30
2.10 24.90 4.20 9.00 18.00 11.40 10.80 6.60 24.90 5.70
10.20 20.10 8.40 29.70 4.50 21.30 6.30 4.20 12.90 1.20
21.60 26.40 3.60 18.30 4.50 0.90 15.90 11.70 3.30 12.60
3.60 22.50 14.70 7.80 8.10 12.00 11.40 29.70 19.20 17.40
24.00 8.40 26.40 11.40 14.10 1.80 11.10 20.40 17.70 5.40
29.70 19.50 27.30 13.80 7.50 29.40 27.00 9.60 11.10 5.70
8.40 16.20 15.90 22.80 12.90 1.20 10.20 6.00 28.80 21.90
24.00 19.50 12.00 19.50 3.30 6.90 0.30 2.10 8.10 4.20
9.00 10.20 0.30 15.30 6.00 6.90 24.90 7.80 2.70 13.20
4.50 5.10 16.50 11.70 10.80 0.60 19.20 0.60 18.90 3.90
28.50 15.30 11.70 6.90 0.90 19.80 20.70 17.40 24.60 3.30
5.70 29.40 10.50 21.30 12.60 20.10 9.00 27.60 9.30 16.50
3.60 28.20 29.70 18.90 15.30 2.40 5.40 25.80 8.10 27.30
17.70 6.60 5.10 28.20 3.30 22.80 22.20 13.50 20.10 15.30
19.80 17.10 20.70 18.60 25.80 17.40 2.70 5.70 24.60 12.60
15.30 11.10 20.10 26.10 16.50 24.60 21.00 27.00 19.50 14.10
1.80 27.00 3.90 12.90 6.00 18.90 12.30 16.20 22.20 28.20
10.80 11.40 29.40 13.50 0.90 5.40 1.50 15.30 12.30 12.90
22.20 6.00 23.70 13.80 19.20 5.10 21.00 26.40 3.00 20.40
15.90 25.50 6.00 2.70 5.70 1.50 1.50 21.60 10.80 23.10
7.50 14.70 17.10 3.00 14.70 22.50 1.20 13.20 20.70 12.60
20.40 11.10 20.40 12.60 21.00 15.60 19.50 25.50 0.30 22.50
11.10 8.70 5.10 12.90 8.40 28.50 15.90 6.00 6.30 5.10
12.60 25.20 8.10 13.80 15.90 16.50 5.10 1.50 21.60 25.50
20.40 27.90 7.50 2.10 28.80 18.60 1.80 3.00 11.10 16.20
22.20 29.70 10.80 4.50 15.60 25.20 29.40 29.40 16.20 24.90
27.90 13.20 20.10 9.60 13.20 1.50 25.20 13.20 26.40 9.00
11.70 11.70 21.90 24.00 7.20 9.90 11.70 1.80 19.50 15.60
22.50 5.40 10.20 1.20 12.00 21.60 0.90 13.20 29.10 26.70
16.20 12.00 14.10 21.90 19.80 15.60 2.70 3.60 21.30 16.20
3.00 7.20 19.50 12.60 0.60 2.40 15.00 16.50 3.90 22.20
18.00 29.40 23.70 29.40 26.70 22.20 17.40 4.20 27.00 25.80
4.50 18.30 9.30 7.20 21.00 21.00 26.10 19.80 26.40 8.10
22.50 21.60 16.20 7.50 20.70 1.50 16.20 8.40 11.70 6.60
21.30 6.30 16.80 3.90 0.90 11.40 12.30 24.00 13.80 7.20
6.60 22.80 9.90 11.40 23.10 2.10 26.10 19.20 26.70 3.30
3.00 26.10 19.80 0.90 28.80 25.80 2.70 3.90 29.70 3.60
19.50 9.60 9.00 20.70 12.00 12.30 14.70 21.90 24.60 2.40
11.70 2.40 26.70 11.40 19.80 29.70 27.90 13.20 4.20 4.50
29.70 5.10 13.50 18.30 22.50 29.40 21.00 3.30 4.20 6.30
23.10 16.20 13.20 2.40 24.30 0.60 1.20 26.70 18.90 22.50
11.70 12.90 27.30 16.20 15.60 15.30 3.90 23.40 20.10 25.20
15.00 0.90 5.40 27.00 23.40 3.90 18.00 1.80 4.80 8.70
4.20 19.50 20.10 0.90 25.80 28.80 12.30 3.00 13.80 4.50
22.50 9.90 28.20 1.50 13.20 23.40 14.40 13.20 8.40 7.80
8.40 10.80 12.30 7.50 25.50 14.70 22.50 8.40 27.30 24.90
27.60 21.00 23.40 9.30 23.70 17.70 25.80 23.10 20.70 11.40
22.20 5.40 8.10 11.40 8.40 12.60 8.40 9.90 10.20 9.60
6.00 5.70 4.50 10.80 12.90 5.40 20.10 6.60 2.70 3.90
21.00 22.80 16.50 10.50 6.00 15.30 8.70 23.10 2.10 3.00
12.90 2.10 8.40 15.60 4.80 28.50 15.90 27.00 12.90 6.90
1.80 10.20 8.40 3.90 2.70 24.60 7.20 6.90 18.60 8.40
23.10 19.80 7.80 23.40 24.00 28.80 28.50 3.00 8.70 12.60
7.50 21.60 29.40 9.30 10.80 13.50 19.80 13.20 21.00 20.40
20.40 4.80 29.40 2.40 4.20 7.50 9.60 0.30 8.40 23.40
24.90 28.50 23.10 18.60 25.80 24.00 19.80 15.90 18.60 11.70
8.40 24.00 23.70 10.80 21.00 12.60 18.30 17.40 10.20 22.80
3.90 3.00 3.60 29.40 26.10 19.80 5.40 12.00 20.10 1.20
22.20 18.90 28.80 2.10 23.10 12.30 29.70 14.40 4.80 13.50
5.40 4.20 23.40 0.90 13.20 0.30 14.40 28.20 24.90 7.50
21.30 26.70 8.70 1.50 15.60 4.20 9.30 6.00 19.20 6.90
3.30 19.50 8.40 24.60 25.80 19.80 19.80 10.20 9.60 23.10
5.10 12.90 4.20 12.30 3.60 26.70 4.50 4.80 12.90 0.90
8.10 13.20 15.60 0.60 14.70 10.50 27.90 29.70 20.10 6.00
26.70 8.40 8.10 18.90 20.40 0.60 19.20 8.10 11.10 14.70
4.20 11.70 15.30 16.80 16.80 18.90 23.10 24.00 23.70 10.50
3.90 17.70 13.80 25.50 17.70 24.00 20.10 7.20 9.30 8.70
12.00 27.30 29.40 25.50 26.10 10.20 22.20 5.70 12.30 17.70
29.10 21.00 29.10 7.50 24.60 13.50 27.00 10.20 0.90 4.20
21.00 7.20 11.40 29.40 1.50 12.60 13.20 1.80 3.30 28.20
28.80 28.80 23.40 17.40 6.90 24.30 15.30 19.50 21.30 3.30
3.90 0.30 26.70 4.80 1.80 8.10 5.10 3.30 6.30 5.10
19.80 27.60 20.10 29.70 4.50 4.50 15.00 4.20 7.80 24.00
23.10 23.70 27.30 18.30 12.60 12.60 24.00 29.10 29.40 21.00
0.60 17.10 15.30 6.30 18.90 24.00 13.20 4.20 11.70 6.00
12.30 26.40 18.60 7.80 19.80 3.30 18.90 23.10 21.90 7.50
20.70 18.00 23.70 20.10 17.70 1.20 5.70 17.40 17.70 3.60
10.20 21.00 27.90 28.80 29.40 25.20 7.20 25.80 9.90 23.40
3.00 11.40 7.50 21.00 20.10 7.50 7.20 21.60 21.30 17.40
27.30 28.20 18.30 26.70 21.90 13.50 10.50 6.00 14.70 3.90
29.40 28.20 17.70 1.50 28.20 12.60 23.70 6.60 6.60 6.60
18.00 9.00 6.00 13.50 8.10 18.30 18.60 0.60 1.80 15.90
0.90 15.00 27.60 11.40 16.80 1.20 3.30 8.40 20.40 27.60
25.80 5.10 0.30 23.70 28.80 10.20 17.70 4.80 4.20 2.10
16.50 12.90 10.50 21.90 24.30 16.20 4.20 16.20 10.80 18.60
28.50 8.40 29.10 29.70 27.60 13.80 26.70 5.70 5.10 28.20
21.90 9.90 23.70 9.90 20.40 24.00 4.80 23.10 9.00 2.40
19.50 14.40 11.10 0.30 27.60 0.30 28.80 2.10 24.90 24.30
7.20 14.40 21.60 25.20 23.10 28.20 21.60 8.10 28.20 1.50
6.60 24.30 22.80 23.70 28.20 2.40 28.50 5.70 15.90 7.20
1.50 15.00 26.70 13.20 27.90 16.80 27.60 24.00 9.00 29.40
20.10 25.80 2.10 11.70 8.40 15.60 10.20 24.00 22.20 25.50
11.70 6.90 23.70 4.80 22.50 3.90 19.20 12.00 7.20 22.50
17.40 28.50 25.50 15.00 22.20 11.70 24.90 14.70 14.10 17.10
1.20 0.90 12.00 11.70 10.20 18.60 19.80 13.80 22.80 11.10
9.00 24.00 7.20 16.50 24.00 25.20 1.80 25.50 8.40 28.80
