# nJobs | nMachines
50 20
# Job Weights
6
70
71
60
67
77
22
38
48
43
79
1
81
63
31
33
44
75
38
17
35
8
12
71
7
63
43
81
56
88
33
6
90
69
31
84
69
65
84
73
83
68
21
48
32
76
33
12
65
19
# P_bar : m1 | m2 | m3 | m4 | m5 | m6 | m7 | m8 | m9 | m10 | m11 | m12 | m13 | m14 | m15 | m16 | m17 | m18 | m19 | m20
89 32 38 28 52 46 31 15 37 18 51 74 4 78 32 47 94 22 83 74
97 95 7 17 7 84 27 86 71 48 92 42 73 52 68 83 24 52 69 18
1 41 50 44 77 28 38 51 68 88 5 88 56 4 56 7 98 8 26 66
77 54 55 83 29 42 81 83 90 43 6 65 2 39 55 72 6 93 53 40
90 68 69 94 8 22 59 45 51 14 60 1 60 71 71 50 7 19 50 70
52 63 26 78 53 43 71 67 73 90 68 79 55 19 41 20 4 71 20 95
35 90 98 34 30 68 83 68 84 33 30 25 13 45 16 98 99 93 22 28
52 23 99 54 16 7 80 14 86 62 51 42 34 69 40 98 99 42 39 84
5 94 81 4 7 45 78 23 58 86 1 8 79 3 73 90 9 28 85 51
67 78 63 81 4 18 20 40 98 83 8 27 62 63 54 66 32 91 63 25
44 82 17 73 73 40 6 52 84 14 2 39 19 48 65 77 37 51 58 40
6 53 23 27 55 89 68 68 84 8 55 43 15 49 8 89 60 14 83 53
98 57 92 14 5 77 72 87 21 73 78 53 25 28 90 23 31 62 92 88
14 51 28 43 26 57 24 56 49 33 35 30 6 74 74 64 64 22 48 20
2 45 78 29 14 37 95 68 12 54 51 11 43 7 35 57 19 23 3 38
86 3 94 35 30 72 63 44 16 75 19 87 26 54 1 42 84 83 20 99
53 31 4 25 92 36 84 99 52 67 94 25 15 69 66 83 71 63 58 40
14 59 98 40 16 58 54 21 81 58 85 78 92 31 99 90 1 84 10 1
68 97 61 39 64 17 6 82 86 60 40 63 82 1 99 63 95 34 5 73
6 55 74 3 20 84 33 91 91 43 50 27 65 33 1 26 55 66 16 6
20 99 20 60 3 80 39 18 35 62 61 61 94 82 17 22 45 49 74 65
37 94 21 16 46 33 69 71 60 4 52 35 30 30 93 94 39 61 35 99
74 15 79 69 58 83 58 28 9 49 79 15 20 39 60 26 95 51 21 62
58 72 29 17 18 76 51 85 7 80 94 73 37 81 43 22 88 91 68 53
80 51 56 93 99 28 44 70 80 35 48 67 26 66 50 54 45 42 26 26
40 49 24 49 67 76 59 85 17 47 99 94 81 68 37 74 16 39 77 64
78 59 9 24 40 41 7 19 30 68 47 51 31 87 28 62 5 80 94 36
23 82 12 13 62 85 27 1 84 55 30 76 96 48 43 57 87 96 29 77
54 21 42 28 11 21 74 24 76 21 18 52 42 73 3 3 72 9 17 29
12 38 77 51 23 70 3 43 38 44 81 93 40 70 83 53 35 31 35 10
43 53 38 91 24 3 51 39 48 72 17 31 41 11 72 20 86 29 72 2
33 28 3 44 27 41 44 74 57 81 4 22 85 80 86 60 50 97 27 66
56 84 50 55 86 65 68 47 79 64 22 73 59 90 19 87 62 50 84 25
39 61 36 3 32 86 84 47 43 78 21 62 67 99 49 66 2 8 93 91
17 29 4 32 26 66 20 92 82 70 35 27 11 20 67 18 82 26 16 9
93 29 96 99 97 74 47 87 55 60 44 16 41 48 54 83 17 72 71 46
16 24 51 23 12 75 7 42 46 61 2 81 47 17 75 65 68 92 18 75
45 43 35 96 61 1 85 9 82 50 48 55 22 59 36 42 24 21 99 73
63 47 27 63 78 12 92 37 77 37 85 29 91 15 6 49 24 3 3 61
22 89 97 91 77 99 35 70 56 13 60 92 17 40 68 3 80 36 90 19
87 15 2 94 75 59 2 61 49 6 37 45 75 37 37 65 44 50 89 73
72 55 65 6 35 91 94 27 88 36 7 75 72 93 9 78 55 80 65 2
65 75 32 25 5 40 23 18 13 38 62 63 76 98 35 54 57 57 16 35
46 55 14 56 32 5 33 20 99 20 14 81 45 53 24 12 4 15 15 12
79 34 44 49 47 38 7 33 84 23 83 18 67 35 26 74 31 6 53 27
61 26 4 98 89 14 3 39 18 59 26 68 57 91 97 88 65 89 69 15
30 60 45 97 95 41 23 1 74 3 13 60 87 7 89 15 59 29 55 41
76 66 69 6 62 78 63 83 49 63 50 2 23 34 92 71 21 89 22 83
64 88 62 77 68 99 94 32 54 81 72 48 88 55 94 35 95 75 61 15
47 21 57 88 39 38 68 1 31 1 58 30 78 43 86 41 16 98 26 35
# P_hat : m1 | m2 | m3 | m4 | m5 | m6 | m7 | m8 | m9 | m10 | m11 | m12 | m13 | m14 | m15 | m16 | m17 | m18 | m19 | m20
8.90 3.20 3.80 2.80 5.20 4.60 3.10 1.50 3.70 1.80 5.10 7.40 0.40 7.80 3.20 4.70 9.40 2.20 8.30 7.40
9.70 9.50 0.70 1.70 0.70 8.40 2.70 8.60 7.10 4.80 9.20 4.20 7.30 5.20 6.80 8.30 2.40 5.20 6.90 1.80
0.10 4.10 5.00 4.40 7.70 2.80 3.80 5.10 6.80 8.80 0.50 8.80 5.60 0.40 5.60 0.70 9.80 0.80 2.60 6.60
7.70 5.40 5.50 8.30 2.90 4.20 8.10 8.30 9.00 4.30 0.60 6.50 0.20 3.90 5.50 7.20 0.60 9.30 5.30 4.00
9.00 6.80 6.90 9.40 0.80 2.20 5.90 4.50 5.10 1.40 6.00 0.10 6.00 7.10 7.10 5.00 0.70 1.90 5.00 7.00
5.20 6.30 2.60 7.80 5.30 4.30 7.10 6.70 7.30 9.00 6.80 7.90 5.50 1.90 4.10 2.00 0.40 7.10 2.00 9.50
3.50 9.00 9.80 3.40 3.00 6.80 8.30 6.80 8.40 3.30 3.00 2.50 1.30 4.50 1.60 9.80 9.90 9.30 2.20 2.80
5.20 2.30 9.90 5.40 1.60 0.70 8.00 1.40 8.60 6.20 5.10 4.20 3.40 6.90 4.00 9.80 9.90 4.20 3.90 8.40
0.50 9.40 8.10 0.40 0.70 4.50 7.80 2.30 5.80 8.60 0.10 0.80 7.90 0.30 7.30 9.00 0.90 2.80 8.50 5.10
6.70 7.80 6.30 8.10 0.40 1.80 2.00 4.00 9.80 8.30 0.80 2.70 6.20 6.30 5.40 6.60 3.20 9.10 6.30 2.50
4.40 8.20 1.70 7.30 7.30 4.00 0.60 5.20 8.40 1.40 0.20 3.90 1.90 4.80 6.50 7.70 3.70 5.10 5.80 4.00
0.60 5.30 2.30 2.70 5.50 8.90 6.80 6.80 8.40 0.80 5.50 4.30 1.50 4.90 0.80 8.90 6.00 1.40 8.30 5.30
9.80 5.70 9.20 1.40 0.50 7.70 7.20 8.70 2.10 7.30 7.80 5.30 2.50 2.80 9.00 2.30 3.10 6.20 9.20 8.80
1.40 5.10 2.80 4.30 2.60 5.70 2.40 5.60 4.90 3.30 3.50 3.00 0.60 7.40 7.40 6.40 6.40 2.20 4.80 2.00
0.20 4.50 7.80 2.90 1.40 3.70 9.50 6.80 1.20 5.40 5.10 1.10 4.30 0.70 3.50 5.70 1.90 2.30 0.30 3.80
8.60 0.30 9.40 3.50 3.00 7.20 6.30 4.40 1.60 7.50 1.90 8.70 2.60 5.40 0.10 4.20 8.40 8.30 2.00 9.90
5.30 3.10 0.40 2.50 9.20 3.60 8.40 9.90 5.20 6.70 9.40 2.50 1.50 6.90 6.60 8.30 7.10 6.30 5.80 4.00
1.40 5.90 9.80 4.00 1.60 5.80 5.40 2.10 8.10 5.80 8.50 7.80 9.20 3.10 9.90 9.00 0.10 8.40 1.00 0.10
6.80 9.70 6.10 3.90 6.40 1.70 0.60 8.20 8.60 6.00 4.00 6.30 8.20 0.10 9.90 6.30 9.50 3.40 0.50 7.30
0.60 5.50 7.40 0.30 2.00 8.40 3.30 9.10 9.10 4.30 5.00 2.70 6.50 3.30 0.10 2.60 5.50 6.60 1.60 0.60
2.00 9.90 2.00 6.00 0.30 8.00 3.90 1.80 3.50 6.20 6.10 6.10 9.40 8.20 1.70 2.20 4.50 4.90 7.40 6.50
3.70 9.40 2.10 1.60 4.60 3.30 6.90 7.10 6.00 0.40 5.20 3.50 3.00 3.00 9.30 9.40 3.90 6.10 3.50 9.90
7.40 1.50 7.90 6.90 5.80 8.30 5.80 2.80 0.90 4.90 7.90 1.50 2.00 3.90 6.00 2.60 9.50 5.10 2.10 6.20
5.80 7.20 2.90 1.70 1.80 7.60 5.10 8.50 0.70 8.00 9.40 7.30 3.70 8.10 4.30 2.20 8.80 9.10 6.80 5.30
8.00 5.10 5.60 9.30 9.90 2.80 4.40 7.00 8.00 3.50 4.80 6.70 2.60 6.60 5.00 5.40 4.50 4.20 2.60 2.60
4.00 4.90 2.40 4.90 6.70 7.60 5.90 8.50 1.70 4.70 9.90 9.40 8.10 6.80 3.70 7.40 1.60 3.90 7.70 6.40
7.80 5.90 0.90 2.40 4.00 4.10 0.70 1.90 3.00 6.80 4.70 5.10 3.10 8.70 2.80 6.20 0.50 8.00 9.40 3.60
2.30 8.20 1.20 1.30 6.20 8.50 2.70 0.10 8.40 5.50 3.00 7.60 9.60 4.80 4.30 5.70 8.70 9.60 2.90 7.70
5.40 2.10 4.20 2.80 1.10 2.10 7.40 2.40 7.60 2.10 1.80 5.20 4.20 7.30 0.30 0.30 7.20 0.90 1.70 2.90
1.20 3.80 7.70 5.10 2.30 7.00 0.30 4.30 3.80 4.40 8.10 9.30 4.00 7.00 8.30 5.30 3.50 3.10 3.50 1.00
4.30 5.30 3.80 9.10 2.40 0.30 5.10 3.90 4.80 7.20 1.70 3.10 4.10 1.10 7.20 2.00 8.60 2.90 7.20 0.20
3.30 2.80 0.30 4.40 2.70 4.10 4.40 7.40 5.70 8.10 0.40 2.20 8.50 8.00 8.60 6.00 5.00 9.70 2.70 6.60
5.60 8.40 5.00 5.50 8.60 6.50 6.80 4.70 7.90 6.40 2.20 7.30 5.90 9.00 1.90 8.70 6.20 5.00 8.40 2.50
3.90 6.10 3.60 0.30 3.20 8.60 8.40 4.70 4.30 7.80 2.10 6.20 6.70 9.90 4.90 6.60 0.20 0.80 9.30 9.10
1.70 2.90 0.40 3.20 2.60 6.60 2.00 9.20 8.20 7.00 3.50 2.70 1.10 2.00 6.70 1.80 8.20 2.60 1.60 0.90
9.30 2.90 9.60 9.90 9.70 7.40 4.70 8.70 5.50 6.00 4.40 1.60 4.10 4.80 5.40 8.30 1.70 7.20 7.10 4.60
1.60 2.40 5.10 2.30 1.20 7.50 0.70 4.20 4.60 6.10 0.20 8.10 4.70 1.70 7.50 6.50 6.80 9.20 1.80 7.50
4.50 4.30 3.50 9.60 6.10 0.10 8.50 0.90 8.20 5.00 4.80 5.50 2.20 5.90 3.60 4.20 2.40 2.10 9.90 7.30
6.30 4.70 2.70 6.30 7.80 1.20 9.20 3.70 7.70 3.70 8.50 2.90 9.10 1.50 0.60 4.90 2.40 0.30 0.30 6.10
2.20 8.90 9.70 9.10 7.70 9.90 3.50 7.00 5.60 1.30 6.00 9.20 1.70 4.00 6.80 0.30 8.00 3.60 9.00 1.90
8.70 1.50 0.20 9.40 7.50 5.90 0.20 6.10 4.90 0.60 3.70 4.50 7.50 3.70 3.70 6.50 4.40 5.00 8.90 7.30
7.20 5.50 6.50 0.60 3.50 9.10 9.40 2.70 8.80 3.60 0.70 7.50 7.20 9.30 0.90 7.80 5.50 8.00 6.50 0.20
6.50 7.50 3.20 2.50 0.50 4.00 2.30 1.80 1.30 3.80 6.20 6.30 7.60 9.80 3.50 5.40 5.70 5.70 1.60 3.50
4.60 5.50 1.40 5.60 3.20 0.50 3.30 2.00 9.90 2.00 1.40 8.10 4.50 5.30 2.40 1.20 0.40 1.50 1.50 1.20
7.90 3.40 4.40 4.90 4.70 3.80 0.70 3.30 8.40 2.30 8.30 1.80 6.70 3.50 2.60 7.40 3.10 0.60 5.30 2.70
6.10 2.60 0.40 9.80 8.90 1.40 0.30 3.90 1.80 5.90 2.60 6.80 5.70 9.10 9.70 8.80 6.50 8.90 6.90 1.50
3.00 6.00 4.50 9.70 9.50 4.10 2.30 0.10 7.40 0.30 1.30 6.00 8.70 0.70 8.90 1.50 5.90 2.90 5.50 4.10
7.60 6.60 6.90 0.60 6.20 7.80 6.30 8.30 4.90 6.30 5.00 0.20 2.30 3.40 9.20 7.10 2.10 8.90 2.20 8.30
6.40 8.80 6.20 7.70 6.80 9.90 9.40 3.20 5.40 8.10 7.20 4.80 8.80 5.50 9.40 3.50 9.50 7.50 6.10 1.50
4.70 2.10 5.70 8.80 3.90 3.80 6.80 0.10 3.10 0.10 5.80 3.00 7.80 4.30 8.60 4.10 1.60 9.80 2.60 3.50
