# nJobs | nMachines
50 10
# Job Weights
71
82
66
83
43
53
88
82
68
13
25
77
28
12
6
83
2
3
17
39
41
44
74
72
50
19
1
85
21
70
42
24
88
100
61
16
32
90
55
17
9
86
43
63
37
92
66
63
54
59
# P_bar : m1 | m2 | m3 | m4 | m5 | m6 | m7 | m8 | m9 | m10
66 55 65 57 58 38 5 26 66 93
46 63 35 72 66 23 13 40 41 95
25 71 49 48 5 13 36 84 74 48
30 21 2 6 69 1 54 84 62 71
17 74 95 10 38 10 76 74 70 30
40 65 14 98 93 76 40 39 30 22
17 52 67 55 59 49 67 65 66 3
20 91 8 71 56 2 31 15 11 22
73 12 62 19 26 81 35 71 51 82
5 22 25 28 96 43 48 92 43 35
60 12 2 31 60 51 85 44 32 56
3 26 40 79 18 71 41 27 23 14
91 97 68 69 74 29 82 93 20 88
34 30 75 11 93 44 95 2 1 41
81 30 72 4 12 26 15 55 54 4
58 12 5 12 56 27 24 44 55 52
48 94 5 71 36 27 77 55 65 17
71 46 10 62 71 56 6 23 22 95
57 20 33 2 38 21 79 25 99 15
5 73 56 95 96 76 36 1 97 85
8 58 89 35 84 88 18 51 21 12
19 10 54 82 84 9 21 12 63 11
78 77 31 57 65 33 34 47 45 24
2 27 1 7 17 6 42 98 70 71
1 33 61 24 78 40 74 41 41 46
78 53 25 62 45 64 46 18 6 59
8 23 11 70 83 5 1 44 70 16
14 2 7 89 53 5 88 72 33 33
46 65 88 87 60 7 29 88 97 53
98 35 65 21 60 5 95 60 32 22
50 7 74 54 9 76 67 29 28 49
88 54 16 16 7 63 41 99 54 44
28 43 87 72 51 35 98 2 63 76
66 87 57 31 85 94 31 17 16 88
43 56 89 24 66 65 25 79 12 45
23 4 85 94 6 25 70 6 2 52
93 29 46 18 3 6 62 29 50 31
52 35 54 83 93 87 45 89 48 66
1 37 23 36 88 60 59 4 34 17
77 53 23 73 40 33 68 70 75 68
54 10 96 67 85 67 22 10 45 99
45 90 79 74 92 81 81 79 2 78
56 95 70 75 15 93 44 64 39 87
54 85 33 93 51 98 80 92 4 45
57 2 50 16 55 9 88 42 46 78
23 36 18 74 19 94 25 79 11 51
18 85 65 70 58 49 93 56 66 87
88 5 87 16 84 27 61 94 59 4
38 3 18 81 4 62 1 26 28 45
72 45 15 93 23 90 97 93 74 9
# P_hat : m1 | m2 | m3 | m4 | m5 | m6 | m7 | m8 | m9 | m10
26.40 22.00 26.00 22.80 23.20 15.20 2.00 10.40 26.40 37.20
18.40 25.20 14.00 28.80 26.40 9.20 5.20 16.00 16.40 38.00
10.00 28.40 19.60 19.20 2.00 5.20 14.40 33.60 29.60 19.20
12.00 8.40 0.80 2.40 27.60 0.40 21.60 33.60 24.80 28.40
6.80 29.60 38.00 4.00 15.20 4.00 30.40 29.60 28.00 12.00
16.00 26.00 5.60 39.20 37.20 30.40 16.00 15.60 12.00 8.80
6.80 20.80 26.80 22.00 23.60 19.60 26.80 26.00 26.40 1.20
8.00 36.40 3.20 28.40 22.40 0.80 12.40 6.00 4.40 8.80
29.20 4.80 24.80 7.60 10.40 32.40 14.00 28.40 20.40 32.80
2.00 8.80 10.00 11.20 38.40 17.20 19.20 36.80 17.20 14.00
24.00 4.80 0.80 12.40 24.00 20.40 34.00 17.60 12.80 22.40
1.20 10.40 16.00 31.60 7.20 28.40 16.40 10.80 9.20 5.60
36.40 38.80 27.20 27.60 29.60 11.60 32.80 37.20 8.00 35.20
13.60 12.00 30.00 4.40 37.20 17.60 38.00 0.80 0.40 16.40
32.40 12.00 28.80 1.60 4.80 10.40 6.00 22.00 21.60 1.60
23.20 4.80 2.00 4.80 22.40 10.80 9.60 17.60 22.00 20.80
19.20 37.60 2.00 28.40 14.40 10.80 30.80 22.00 26.00 6.80
28.40 18.40 4.00 24.80 28.40 22.40 2.40 9.20 8.80 38.00
22.80 8.00 13.20 0.80 15.20 8.40 31.60 10.00 39.60 6.00
2.00 29.20 22.40 38.00 38.40 30.40 14.40 0.40 38.80 34.00
3.20 23.20 35.60 14.00 33.60 35.20 7.20 20.40 8.40 4.80
7.60 4.00 21.60 32.80 33.60 3.60 8.40 4.80 25.20 4.40
31.20 30.80 12.40 22.80 26.00 13.20 13.60 18.80 18.00 9.60
0.80 10.80 0.40 2.80 6.80 2.40 16.80 39.20 28.00 28.40
0.40 13.20 24.40 9.60 31.20 16.00 29.60 16.40 16.40 18.40
31.20 21.20 10.00 24.80 18.00 25.60 18.40 7.20 2.40 23.60
3.20 9.20 4.40 28.00 33.20 2.00 0.40 17.60 28.00 6.40
5.60 0.80 2.80 35.60 21.20 2.00 35.20 28.80 13.20 13.20
18.40 26.00 35.20 34.80 24.00 2.80 11.60 35.20 38.80 21.20
39.20 14.00 26.00 8.40 24.00 2.00 38.00 24.00 12.80 8.80
20.00 2.80 29.60 21.60 3.60 30.40 26.80 11.60 11.20 19.60
35.20 21.60 6.40 6.40 2.80 25.20 16.40 39.60 21.60 17.60
11.20 17.20 34.80 28.80 20.40 14.00 39.20 0.80 25.20 30.40
26.40 34.80 22.80 12.40 34.00 37.60 12.40 6.80 6.40 35.20
17.20 22.40 35.60 9.60 26.40 26.00 10.00 31.60 4.80 18.00
9.20 1.60 34.00 37.60 2.40 10.00 28.00 2.40 0.80 20.80
37.20 11.60 18.40 7.20 1.20 2.40 24.80 11.60 20.00 12.40
20.80 14.00 21.60 33.20 37.20 34.80 18.00 35.60 19.20 26.40
0.40 14.80 9.20 14.40 35.20 24.00 23.60 1.60 13.60 6.80
30.80 21.20 9.20 29.20 16.00 13.20 27.20 28.00 30.00 27.20
21.60 4.00 38.40 26.80 34.00 26.80 8.80 4.00 18.00 39.60
18.00 36.00 31.60 29.60 36.80 32.40 32.40 31.60 0.80 31.20
22.40 38.00 28.00 30.00 6.00 37.20 17.60 25.60 15.60 34.80
21.60 34.00 13.20 37.20 20.40 39.20 32.00 36.80 1.60 18.00
22.80 0.80 20.00 6.40 22.00 3.60 35.20 16.80 18.40 31.20
9.20 14.40 7.20 29.60 7.60 37.60 10.00 31.60 4.40 20.40
7.20 34.00 26.00 28.00 23.20 19.60 37.20 22.40 26.40 34.80
35.20 2.00 34.80 6.40 33.60 10.80 24.40 37.60 23.60 1.60
15.20 1.20 7.20 32.40 1.60 24.80 0.40 10.40 11.20 18.00
28.80 18.00 6.00 37.20 9.20 36.00 38.80 37.20 29.60 3.60
