# nJobs | nMachines
100 5
# Job Weights
5
91
9
6
62
48
12
11
5
89
14
100
39
59
20
38
34
90
49
62
67
56
31
23
47
67
57
62
72
89
65
81
92
27
76
53
92
17
11
80
31
73
96
97
69
2
59
95
62
63
89
8
41
77
87
58
63
6
84
59
35
52
100
39
18
84
65
4
75
62
9
10
18
84
76
4
33
64
4
3
5
75
22
79
45
63
65
75
3
24
13
15
47
62
27
61
49
22
88
51
# P_bar : m1 | m2 | m3 | m4 | m5
88 43 2 95 20
11 9 10 10 5
99 81 40 84 96
20 83 22 34 32
63 90 98 26 33
67 44 85 76 79
79 60 11 32 35
91 70 94 50 4
13 85 49 44 22
77 11 57 36 13
13 88 47 18 64
52 44 65 25 9
84 97 22 28 55
73 96 21 81 92
61 28 18 57 85
27 93 72 48 20
67 28 72 79 86
5 95 25 14 57
3 94 41 88 49
13 6 31 8 61
89 52 82 85 50
58 23 91 69 26
55 33 57 60 16
1 2 89 74 87
79 60 51 66 32
74 42 5 7 49
14 59 4 24 27
71 45 30 92 9
13 5 26 57 92
60 76 78 85 93
1 45 53 54 43
55 26 43 33 62
75 44 58 86 19
88 47 92 61 27
78 11 80 16 2
80 81 64 33 82
15 82 6 14 61
93 68 70 5 10
98 6 94 85 43
40 87 34 83 94
27 20 98 94 59
65 32 28 46 56
65 35 64 67 82
70 7 62 74 17
63 61 43 81 42
54 4 47 10 34
42 71 6 9 29
82 70 11 75 80
94 11 43 70 32
4 49 22 92 14
34 54 41 25 49
91 63 83 97 53
50 91 43 45 43
50 79 48 23 31
11 5 65 84 22
3 81 85 20 97
38 99 15 26 91
50 4 86 54 10
90 10 90 82 95
97 19 59 20 72
79 24 81 55 10
45 15 17 2 36
20 66 83 62 87
22 48 61 93 76
51 96 2 5 10
83 4 83 14 70
60 82 37 65 12
50 74 57 16 11
3 21 85 27 81
1 69 4 34 50
13 83 55 80 97
63 64 23 62 96
67 22 78 37 84
19 1 62 28 8
21 7 83 4 18
89 34 69 28 40
83 93 27 92 84
60 70 94 64 98
83 31 55 10 91
67 86 20 30 71
71 74 19 6 81
60 71 48 58 83
25 5 34 77 47
26 45 90 53 82
82 76 62 50 1
60 99 90 99 63
54 41 93 19 31
26 28 97 20 22
97 80 86 69 59
30 54 22 15 96
21 99 69 19 19
71 12 18 30 56
12 57 89 35 91
13 13 75 90 64
47 46 80 50 52
95 97 35 52 97
90 90 21 49 56
67 59 7 73 17
61 65 68 73 18
23 82 47 19 15
# P_hat : m1 | m2 | m3 | m4 | m5
35.20 17.20 0.80 38.00 8.00
4.40 3.60 4.00 4.00 2.00
39.60 32.40 16.00 33.60 38.40
8.00 33.20 8.80 13.60 12.80
25.20 36.00 39.20 10.40 13.20
26.80 17.60 34.00 30.40 31.60
31.60 24.00 4.40 12.80 14.00
36.40 28.00 37.60 20.00 1.60
5.20 34.00 19.60 17.60 8.80
30.80 4.40 22.80 14.40 5.20
5.20 35.20 18.80 7.20 25.60
20.80 17.60 26.00 10.00 3.60
33.60 38.80 8.80 11.20 22.00
29.20 38.40 8.40 32.40 36.80
24.40 11.20 7.20 22.80 34.00
10.80 37.20 28.80 19.20 8.00
26.80 11.20 28.80 31.60 34.40
2.00 38.00 10.00 5.60 22.80
1.20 37.60 16.40 35.20 19.60
5.20 2.40 12.40 3.20 24.40
35.60 20.80 32.80 34.00 20.00
23.20 9.20 36.40 27.60 10.40
22.00 13.20 22.80 24.00 6.40
0.40 0.80 35.60 29.60 34.80
31.60 24.00 20.40 26.40 12.80
29.60 16.80 2.00 2.80 19.60
5.60 23.60 1.60 9.60 10.80
28.40 18.00 12.00 36.80 3.60
5.20 2.00 10.40 22.80 36.80
24.00 30.40 31.20 34.00 37.20
0.40 18.00 21.20 21.60 17.20
22.00 10.40 17.20 13.20 24.80
30.00 17.60 23.20 34.40 7.60
35.20 18.80 36.80 24.40 10.80
31.20 4.40 32.00 6.40 0.80
32.00 32.40 25.60 13.20 32.80
6.00 32.80 2.40 5.60 24.40
37.20 27.20 28.00 2.00 4.00
39.20 2.40 37.60 34.00 17.20
16.00 34.80 13.60 33.20 37.60
10.80 8.00 39.20 37.60 23.60
26.00 12.80 11.20 18.40 22.40
26.00 14.00 25.60 26.80 32.80
28.00 2.80 24.80 29.60 6.80
25.20 24.40 17.20 32.40 16.80
21.60 1.60 18.80 4.00 13.60
16.80 28.40 2.40 3.60 11.60
32.80 28.00 4.40 30.00 32.00
37.60 4.40 17.20 28.00 12.80
1.60 19.60 8.80 36.80 5.60
13.60 21.60 16.40 10.00 19.60
36.40 25.20 33.20 38.80 21.20
20.00 36.40 17.20 18.00 17.20
20.00 31.60 19.20 9.20 12.40
4.40 2.00 26.00 33.60 8.80
1.20 32.40 34.00 8.00 38.80
15.20 39.60 6.00 10.40 36.40
20.00 1.60 34.40 21.60 4.00
36.00 4.00 36.00 32.80 38.00
38.80 7.60 23.60 8.00 28.80
31.60 9.60 32.40 22.00 4.00
18.00 6.00 6.80 0.80 14.40
8.00 26.40 33.20 24.80 34.80
8.80 19.20 24.40 37.20 30.40
20.40 38.40 0.80 2.00 4.00
33.20 1.60 33.20 5.60 28.00
24.00 32.80 14.80 26.00 4.80
20.00 29.60 22.80 6.40 4.40
1.20 8.40 34.00 10.80 32.40
0.40 27.60 1.60 13.60 20.00
5.20 33.20 22.00 32.00 38.80
25.20 25.60 9.20 24.80 38.40
26.80 8.80 31.20 14.80 33.60
7.60 0.40 24.80 11.20 3.20
8.40 2.80 33.20 1.60 7.20
35.60 13.60 27.60 11.20 16.00
33.20 37.20 10.80 36.80 33.60
24.00 28.00 37.60 25.60 39.20
33.20 12.40 22.00 4.00 36.40
26.80 34.40 8.00 12.00 28.40
28.40 29.60 7.60 2.40 32.40
24.00 28.40 19.20 23.20 33.20
10.00 2.00 13.60 30.80 18.80
10.40 18.00 36.00 21.20 32.80
32.80 30.40 24.80 20.00 0.40
24.00 39.60 36.00 39.60 25.20
21.60 16.40 37.20 7.60 12.40
10.40 11.20 38.80 8.00 8.80
38.80 32.00 34.40 27.60 23.60
12.00 21.60 8.80 6.00 38.40
8.40 39.60 27.60 7.60 7.60
28.40 4.80 7.20 12.00 22.40
4.80 22.80 35.60 14.00 36.40
5.20 5.20 30.00 36.00 25.60
18.80 18.40 32.00 20.00 20.80
38.00 38.80 14.00 20.80 38.80
36.00 36.00 8.40 19.60 22.40
26.80 23.60 2.80 29.20 6.80
24.40 26.00 27.20 29.20 7.20
9.20 32.80 18.80 7.60 6.00
