# nJobs | nMachines
20 20
# Job Weights
94
34
14
52
10
96
34
1
93
57
30
50
86
13
21
38
70
65
79
90
# P_bar : m1 | m2 | m3 | m4 | m5 | m6 | m7 | m8 | m9 | m10 | m11 | m12 | m13 | m14 | m15 | m16 | m17 | m18 | m19 | m20
55 74 99 34 59 20 94 12 76 12 97 50 5 76 84 4 75 79 18 99
56 41 82 67 33 35 43 8 4 78 44 71 87 5 21 24 39 35 85 52
21 10 14 16 71 25 68 15 45 58 93 27 66 59 4 88 38 97 7 21
77 36 14 83 49 81 77 21 25 13 11 86 33 52 37 53 72 68 2 41
83 69 63 64 22 19 42 75 23 22 74 24 2 16 72 7 26 93 93 69
43 1 67 32 6 4 75 84 77 53 69 58 32 14 86 35 50 29 20 88
11 21 16 43 68 42 17 29 3 92 60 20 43 3 17 45 83 94 50 80
64 72 46 67 14 58 85 15 20 7 95 12 16 1 96 45 15 14 95 83
59 37 28 37 36 18 54 26 49 62 83 61 96 24 38 43 71 84 3 4
37 54 91 79 17 19 83 83 35 94 97 57 22 47 43 31 13 29 30 99
96 88 69 31 30 73 30 38 29 8 37 34 17 19 13 58 94 35 44 59
27 65 34 41 83 14 52 32 59 81 86 64 75 76 81 88 16 13 97 47
9 97 9 3 94 44 89 13 14 5 61 43 31 13 12 52 28 51 13 92
63 71 7 11 53 13 54 10 94 24 68 94 62 67 57 99 17 49 7 11
82 13 43 71 30 11 74 23 11 98 87 37 76 7 62 87 95 40 72 73
31 90 62 21 74 55 86 28 17 85 19 13 30 7 87 47 65 11 49 31
27 88 29 26 24 91 27 42 80 75 12 28 8 14 90 32 84 98 83 70
67 39 70 98 47 51 22 68 70 57 39 2 34 99 94 24 93 61 75 15
82 46 28 39 76 42 24 78 20 37 85 82 35 5 94 99 98 19 63 57
65 89 62 73 28 47 11 39 25 96 6 10 73 11 81 22 65 53 47 19
# P_hat : m1 | m2 | m3 | m4 | m5 | m6 | m7 | m8 | m9 | m10 | m11 | m12 | m13 | m14 | m15 | m16 | m17 | m18 | m19 | m20
11.00 14.80 19.80 6.80 11.80 4.00 18.80 2.40 15.20 2.40 19.40 10.00 1.00 15.20 16.80 0.80 15.00 15.80 3.60 19.80
11.20 8.20 16.40 13.40 6.60 7.00 8.60 1.60 0.80 15.60 8.80 14.20 17.40 1.00 4.20 4.80 7.80 7.00 17.00 10.40
4.20 2.00 2.80 3.20 14.20 5.00 13.60 3.00 9.00 11.60 18.60 5.40 13.20 11.80 0.80 17.60 7.60 19.40 1.40 4.20
15.40 7.20 2.80 16.60 9.80 16.20 15.40 4.20 5.00 2.60 2.20 17.20 6.60 10.40 7.40 10.60 14.40 13.60 0.40 8.20
16.60 13.80 12.60 12.80 4.40 3.80 8.40 15.00 4.60 4.40 14.80 4.80 0.40 3.20 14.40 1.40 5.20 18.60 18.60 13.80
8.60 0.20 13.40 6.40 1.20 0.80 15.00 16.80 15.40 10.60 13.80 11.60 6.40 2.80 17.20 7.00 10.00 5.80 4.00 17.60
2.20 4.20 3.20 8.60 13.60 8.40 3.40 5.80 0.60 18.40 12.00 4.00 8.60 0.60 3.40 9.00 16.60 18.80 10.00 16.00
12.80 14.40 9.20 13.40 2.80 11.60 17.00 3.00 4.00 1.40 19.00 2.40 3.20 0.20 19.20 9.00 3.00 2.80 19.00 16.60
11.80 7.40 5.60 7.40 7.20 3.60 10.80 5.20 9.80 12.40 16.60 12.20 19.20 4.80 7.60 8.60 14.20 16.80 0.60 0.80
7.40 10.80 18.20 15.80 3.40 3.80 16.60 16.60 7.00 18.80 19.40 11.40 4.40 9.40 8.60 6.20 2.60 5.80 6.00 19.80
19.20 17.60 13.80 6.20 6.00 14.60 6.00 7.60 5.80 1.60 7.40 6.80 3.40 3.80 2.60 11.60 18.80 7.00 8.80 11.80
5.40 13.00 6.80 8.20 16.60 2.80 10.40 6.40 11.80 16.20 17.20 12.80 15.00 15.20 16.20 17.60 3.20 2.60 19.40 9.40
1.80 19.40 1.80 0.60 18.80 8.80 17.80 2.60 2.80 1.00 12.20 8.60 6.20 2.60 2.40 10.40 5.60 10.20 2.60 18.40
12.60 14.20 1.40 2.20 10.60 2.60 10.80 2.00 18.80 4.80 13.60 18.80 12.40 13.40 11.40 19.80 3.40 9.80 1.40 2.20
16.40 2.60 8.60 14.20 6.00 2.20 14.80 4.60 2.20 19.60 17.40 7.40 15.20 1.40 12.40 17.40 19.00 8.00 14.40 14.60
6.20 18.00 12.40 4.20 14.80 11.00 17.20 5.60 3.40 17.00 3.80 2.60 6.00 1.40 17.40 9.40 13.00 2.20 9.80 6.20
5.40 17.60 5.80 5.20 4.80 18.20 5.40 8.40 16.00 15.00 2.40 5.60 1.60 2.80 18.00 6.40 16.80 19.60 16.60 14.00
13.40 7.80 14.00 19.60 9.40 10.20 4.40 13.60 14.00 11.40 7.80 0.40 6.80 19.80 18.80 4.80 18.60 12.20 15.00 3.00
16.40 9.20 5.60 7.80 15.20 8.40 4.80 15.60 4.00 7.40 17.00 16.40 7.00 1.00 18.80 19.80 19.60 3.80 12.60 11.40
13.00 17.80 12.40 14.60 5.60 9.40 2.20 7.80 5.00 19.20 1.20 2.00 14.60 2.20 16.20 4.40 13.00 10.60 9.40 3.80
