# nJobs | nMachines
50 20
# Job Weights
32
19
54
69
74
16
24
72
44
11
86
77
11
49
29
63
46
34
54
33
41
50
44
100
63
70
32
68
58
9
28
89
64
48
32
75
89
45
27
14
69
69
5
85
4
29
11
1
50
88
# P_bar : m1 | m2 | m3 | m4 | m5 | m6 | m7 | m8 | m9 | m10 | m11 | m12 | m13 | m14 | m15 | m16 | m17 | m18 | m19 | m20
4 44 15 24 58 53 80 56 11 64 50 22 50 24 56 59 72 41 18 90
20 54 80 75 55 26 35 8 64 94 83 1 62 2 43 41 81 80 39 34
62 7 61 31 34 89 39 1 32 23 82 88 28 51 63 64 8 74 96 66
71 54 37 34 66 34 85 51 10 88 78 69 4 49 60 30 73 15 18 10
69 61 72 87 67 29 45 73 37 52 44 50 11 39 3 51 93 89 16 95
87 18 73 88 70 32 13 4 86 23 23 79 13 62 89 16 38 24 48 51
96 45 55 62 16 28 81 58 35 26 66 59 46 85 52 64 85 36 22 15
25 64 19 59 25 46 78 24 41 9 24 18 23 70 42 72 94 86 53 4
98 81 80 39 34 49 25 69 7 63 56 98 41 86 24 68 88 98 71 66
41 57 48 4 1 55 81 39 56 24 92 21 74 18 53 31 69 51 24 24
99 13 10 74 18 8 21 33 10 8 30 35 15 90 77 93 90 32 17 53
1 45 17 90 2 34 87 16 15 32 31 94 67 36 12 86 26 92 47 87
94 60 67 29 86 40 40 75 25 97 88 57 39 51 71 91 23 51 44 26
91 12 21 99 34 48 30 19 15 17 85 71 4 20 14 34 44 98 62 64
36 89 9 74 82 68 11 1 54 76 50 76 13 23 62 6 97 88 4 13
71 20 79 4 55 59 76 30 3 45 34 97 43 17 75 27 67 1 85 16
28 47 89 86 59 87 79 44 43 28 91 7 84 23 97 62 53 13 74 23
50 81 20 22 21 1 75 8 10 89 55 87 41 47 3 35 75 50 59 61
11 11 94 10 31 87 77 45 27 75 7 89 33 66 54 57 69 80 41 78
14 56 47 96 53 91 17 19 10 71 49 53 41 3 41 67 44 56 13 58
76 30 90 56 25 99 51 53 39 46 38 19 82 59 71 96 13 50 82 13
20 51 44 28 69 95 29 38 2 40 73 69 99 30 11 69 47 58 26 99
78 18 49 90 71 21 11 39 24 66 47 66 63 85 12 8 98 75 39 87
70 91 28 71 85 62 73 68 50 87 95 61 29 16 54 92 41 4 28 70
43 48 46 12 80 87 50 83 64 91 48 18 86 81 21 1 46 73 59 84
59 94 82 1 39 84 86 94 44 50 54 86 28 95 14 37 25 90 49 3
88 32 96 6 71 96 56 34 34 54 94 51 80 81 82 69 56 2 87 48
68 67 91 41 66 47 93 1 97 60 21 90 7 14 35 57 50 73 32 78
48 95 28 30 74 60 79 23 93 10 41 80 1 96 21 59 35 75 65 79
48 75 93 21 57 82 57 32 81 79 30 22 5 23 38 85 59 67 24 20
39 82 30 64 54 60 85 70 15 43 42 6 64 44 52 86 78 99 48 51
36 41 64 92 2 53 17 35 42 34 44 52 17 8 82 98 44 93 72 83
2 7 41 1 27 98 88 78 34 77 28 16 81 15 40 96 57 9 15 51
51 39 53 85 55 48 89 89 87 92 82 84 48 48 47 55 21 27 5 1
91 25 86 94 7 30 39 88 53 3 4 12 9 95 91 9 59 61 68 2
4 49 6 24 94 39 41 92 82 98 64 74 77 62 60 2 60 64 36 73
32 39 68 83 85 52 8 50 64 40 38 69 92 90 61 71 52 43 7 82
62 53 25 4 3 22 21 64 96 19 9 22 15 41 21 85 62 32 52 34
46 66 8 57 46 63 33 61 60 68 37 12 49 70 67 2 14 56 45 26
55 96 62 8 7 19 36 35 20 85 87 80 41 56 29 96 58 61 87 49
73 36 17 17 26 49 75 81 78 2 37 45 17 50 46 7 24 55 42 39
97 41 49 83 95 50 2 69 12 51 26 51 32 29 74 78 8 99 68 24
71 8 92 47 21 20 65 80 15 35 80 96 25 39 11 55 22 77 9 39
50 92 20 57 4 85 57 38 63 91 83 80 89 72 72 7 72 66 53 69
54 92 77 93 98 31 22 44 81 68 50 87 9 94 56 50 37 25 59 1
73 82 24 54 9 99 41 49 98 3 50 92 29 70 81 5 90 28 65 1
44 78 53 79 52 61 89 85 97 26 50 20 38 40 80 60 96 87 81 79
95 19 71 5 48 96 62 26 2 49 42 95 2 33 87 61 26 25 12 27
53 12 88 30 59 82 43 15 2 37 88 16 91 16 44 68 23 18 39 20
18 54 88 90 17 75 30 97 44 25 55 64 57 79 41 87 91 61 62 22
# P_hat : m1 | m2 | m3 | m4 | m5 | m6 | m7 | m8 | m9 | m10 | m11 | m12 | m13 | m14 | m15 | m16 | m17 | m18 | m19 | m20
0.80 8.80 3.00 4.80 11.60 10.60 16.00 11.20 2.20 12.80 10.00 4.40 10.00 4.80 11.20 11.80 14.40 8.20 3.60 18.00
4.00 10.80 16.00 15.00 11.00 5.20 7.00 1.60 12.80 18.80 16.60 0.20 12.40 0.40 8.60 8.20 16.20 16.00 7.80 6.80
12.40 1.40 12.20 6.20 6.80 17.80 7.80 0.20 6.40 4.60 16.40 17.60 5.60 10.20 12.60 12.80 1.60 14.80 19.20 13.20
14.20 10.80 7.40 6.80 13.20 6.80 17.00 10.20 2.00 17.60 15.60 13.80 0.80 9.80 12.00 6.00 14.60 3.00 3.60 2.00
13.80 12.20 14.40 17.40 13.40 5.80 9.00 14.60 7.40 10.40 8.80 10.00 2.20 7.80 0.60 10.20 18.60 17.80 3.20 19.00
17.40 3.60 14.60 17.60 14.00 6.40 2.60 0.80 17.20 4.60 4.60 15.80 2.60 12.40 17.80 3.20 7.60 4.80 9.60 10.20
19.20 9.00 11.00 12.40 3.20 5.60 16.20 11.60 7.00 5.20 13.20 11.80 9.20 17.00 10.40 12.80 17.00 7.20 4.40 3.00
5.00 12.80 3.80 11.80 5.00 9.20 15.60 4.80 8.20 1.80 4.80 3.60 4.60 14.00 8.40 14.40 18.80 17.20 10.60 0.80
19.60 16.20 16.00 7.80 6.80 9.80 5.00 13.80 1.40 12.60 11.20 19.60 8.20 17.20 4.80 13.60 17.60 19.60 14.20 13.20
8.20 11.40 9.60 0.80 0.20 11.00 16.20 7.80 11.20 4.80 18.40 4.20 14.80 3.60 10.60 6.20 13.80 10.20 4.80 4.80
19.80 2.60 2.00 14.80 3.60 1.60 4.20 6.60 2.00 1.60 6.00 7.00 3.00 18.00 15.40 18.60 18.00 6.40 3.40 10.60
0.20 9.00 3.40 18.00 0.40 6.80 17.40 3.20 3.00 6.40 6.20 18.80 13.40 7.20 2.40 17.20 5.20 18.40 9.40 17.40
18.80 12.00 13.40 5.80 17.20 8.00 8.00 15.00 5.00 19.40 17.60 11.40 7.80 10.20 14.20 18.20 4.60 10.20 8.80 5.20
18.20 2.40 4.20 19.80 6.80 9.60 6.00 3.80 3.00 3.40 17.00 14.20 0.80 4.00 2.80 6.80 8.80 19.60 12.40 12.80
7.20 17.80 1.80 14.80 16.40 13.60 2.20 0.20 10.80 15.20 10.00 15.20 2.60 4.60 12.40 1.20 19.40 17.60 0.80 2.60
14.20 4.00 15.80 0.80 11.00 11.80 15.20 6.00 0.60 9.00 6.80 19.40 8.60 3.40 15.00 5.40 13.40 0.20 17.00 3.20
5.60 9.40 17.80 17.20 11.80 17.40 15.80 8.80 8.60 5.60 18.20 1.40 16.80 4.60 19.40 12.40 10.60 2.60 14.80 4.60
10.00 16.20 4.00 4.40 4.20 0.20 15.00 1.60 2.00 17.80 11.00 17.40 8.20 9.40 0.60 7.00 15.00 10.00 11.80 12.20
2.20 2.20 18.80 2.00 6.20 17.40 15.40 9.00 5.40 15.00 1.40 17.80 6.60 13.20 10.80 11.40 13.80 16.00 8.20 15.60
2.80 11.20 9.40 19.20 10.60 18.20 3.40 3.80 2.00 14.20 9.80 10.60 8.20 0.60 8.20 13.40 8.80 11.20 2.60 11.60
15.20 6.00 18.00 11.20 5.00 19.80 10.20 10.60 7.80 9.20 7.60 3.80 16.40 11.80 14.20 19.20 2.60 10.00 16.40 2.60
4.00 10.20 8.80 5.60 13.80 19.00 5.80 7.60 0.40 8.00 14.60 13.80 19.80 6.00 2.20 13.80 9.40 11.60 5.20 19.80
15.60 3.60 9.80 18.00 14.20 4.20 2.20 7.80 4.80 13.20 9.40 13.20 12.60 17.00 2.40 1.60 19.60 15.00 7.80 17.40
14.00 18.20 5.60 14.20 17.00 12.40 14.60 13.60 10.00 17.40 19.00 12.20 5.80 3.20 10.80 18.40 8.20 0.80 5.60 14.00
8.60 9.60 9.20 2.40 16.00 17.40 10.00 16.60 12.80 18.20 9.60 3.60 17.20 16.20 4.20 0.20 9.20 14.60 11.80 16.80
11.80 18.80 16.40 0.20 7.80 16.80 17.20 18.80 8.80 10.00 10.80 17.20 5.60 19.00 2.80 7.40 5.00 18.00 9.80 0.60
17.60 6.40 19.20 1.20 14.20 19.20 11.20 6.80 6.80 10.80 18.80 10.20 16.00 16.20 16.40 13.80 11.20 0.40 17.40 9.60
13.60 13.40 18.20 8.20 13.20 9.40 18.60 0.20 19.40 12.00 4.20 18.00 1.40 2.80 7.00 11.40 10.00 14.60 6.40 15.60
9.60 19.00 5.60 6.00 14.80 12.00 15.80 4.60 18.60 2.00 8.20 16.00 0.20 19.20 4.20 11.80 7.00 15.00 13.00 15.80
9.60 15.00 18.60 4.20 11.40 16.40 11.40 6.40 16.20 15.80 6.00 4.40 1.00 4.60 7.60 17.00 11.80 13.40 4.80 4.00
7.80 16.40 6.00 12.80 10.80 12.00 17.00 14.00 3.00 8.60 8.40 1.20 12.80 8.80 10.40 17.20 15.60 19.80 9.60 10.20
7.20 8.20 12.80 18.40 0.40 10.60 3.40 7.00 8.40 6.80 8.80 10.40 3.40 1.60 16.40 19.60 8.80 18.60 14.40 16.60
0.40 1.40 8.20 0.20 5.40 19.60 17.60 15.60 6.80 15.40 5.60 3.20 16.20 3.00 8.00 19.20 11.40 1.80 3.00 10.20
10.20 7.80 10.60 17.00 11.00 9.60 17.80 17.80 17.40 18.40 16.40 16.80 9.60 9.60 9.40 11.00 4.20 5.40 1.00 0.20
18.20 5.00 17.20 18.80 1.40 6.00 7.80 17.60 10.60 0.60 0.80 2.40 1.80 19.00 18.20 1.80 11.80 12.20 13.60 0.40
0.80 9.80 1.20 4.80 18.80 7.80 8.20 18.40 16.40 19.60 12.80 14.80 15.40 12.40 12.00 0.40 12.00 12.80 7.20 14.60
6.40 7.80 13.60 16.60 17.00 10.40 1.60 10.00 12.80 8.00 7.60 13.80 18.40 18.00 12.20 14.20 10.40 8.60 1.40 16.40
12.40 10.60 5.00 0.80 0.60 4.40 4.20 12.80 19.20 3.80 1.80 4.40 3.00 8.20 4.20 17.00 12.40 6.40 10.40 6.80
9.20 13.20 1.60 11.40 9.20 12.60 6.60 12.20 12.00 13.60 7.40 2.40 9.80 14.00 13.40 0.40 2.80 11.20 9.00 5.20
11.00 19.20 12.40 1.60 1.40 3.80 7.20 7.00 4.00 17.00 17.40 16.00 8.20 11.20 5.80 19.20 11.60 12.20 17.40 9.80
14.60 7.20 3.40 3.40 5.20 9.80 15.00 16.20 15.60 0.40 7.40 9.00 3.40 10.00 9.20 1.40 4.80 11.00 8.40 7.80
19.40 8.20 9.80 16.60 19.00 10.00 0.40 13.80 2.40 10.20 5.20 10.20 6.40 5.80 14.80 15.60 1.60 19.80 13.60 4.80
14.20 1.60 18.40 9.40 4.20 4.00 13.00 16.00 3.00 7.00 16.00 19.20 5.00 7.80 2.20 11.00 4.40 15.40 1.80 7.80
10.00 18.40 4.00 11.40 0.80 17.00 11.40 7.60 12.60 18.20 16.60 16.00 17.80 14.40 14.40 1.40 14.40 13.20 10.60 13.80
10.80 18.40 15.40 18.60 19.60 6.20 4.40 8.80 16.20 13.60 10.00 17.40 1.80 18.80 11.20 10.00 7.40 5.00 11.80 0.20
14.60 16.40 4.80 10.80 1.80 19.80 8.20 9.80 19.60 0.60 10.00 18.40 5.80 14.00 16.20 1.00 18.00 5.60 13.00 0.20
8.80 15.60 10.60 15.80 10.40 12.20 17.80 17.00 19.40 5.20 10.00 4.00 7.60 8.00 16.00 12.00 19.20 17.40 16.20 15.80
19.00 3.80 14.20 1.00 9.60 19.20 12.40 5.20 0.40 9.80 8.40 19.00 0.40 6.60 17.40 12.20 5.20 5.00 2.40 5.40
10.60 2.40 17.60 6.00 11.80 16.40 8.60 3.00 0.40 7.40 17.60 3.20 18.20 3.20 8.80 13.60 4.60 3.60 7.80 4.00
3.60 10.80 17.60 18.00 3.40 15.00 6.00 19.40 8.80 5.00 11.00 12.80 11.40 15.80 8.20 17.40 18.20 12.20 12.40 4.40
