# nJobs | nMachines
20 20
# Job Weights
94
34
14
52
10
96
34
1
93
57
30
50
86
13
21
38
70
65
79
90
# P_bar : m1 | m2 | m3 | m4 | m5 | m6 | m7 | m8 | m9 | m10 | m11 | m12 | m13 | m14 | m15 | m16 | m17 | m18 | m19 | m20
55 74 99 34 59 20 94 12 76 12 97 50 5 76 84 4 75 79 18 99
56 41 82 67 33 35 43 8 4 78 44 71 87 5 21 24 39 35 85 52
21 10 14 16 71 25 68 15 45 58 93 27 66 59 4 88 38 97 7 21
77 36 14 83 49 81 77 21 25 13 11 86 33 52 37 53 72 68 2 41
83 69 63 64 22 19 42 75 23 22 74 24 2 16 72 7 26 93 93 69
43 1 67 32 6 4 75 84 77 53 69 58 32 14 86 35 50 29 20 88
11 21 16 43 68 42 17 29 3 92 60 20 43 3 17 45 83 94 50 80
64 72 46 67 14 58 85 15 20 7 95 12 16 1 96 45 15 14 95 83
59 37 28 37 36 18 54 26 49 62 83 61 96 24 38 43 71 84 3 4
37 54 91 79 17 19 83 83 35 94 97 57 22 47 43 31 13 29 30 99
96 88 69 31 30 73 30 38 29 8 37 34 17 19 13 58 94 35 44 59
27 65 34 41 83 14 52 32 59 81 86 64 75 76 81 88 16 13 97 47
9 97 9 3 94 44 89 13 14 5 61 43 31 13 12 52 28 51 13 92
63 71 7 11 53 13 54 10 94 24 68 94 62 67 57 99 17 49 7 11
82 13 43 71 30 11 74 23 11 98 87 37 76 7 62 87 95 40 72 73
31 90 62 21 74 55 86 28 17 85 19 13 30 7 87 47 65 11 49 31
27 88 29 26 24 91 27 42 80 75 12 28 8 14 90 32 84 98 83 70
67 39 70 98 47 51 22 68 70 57 39 2 34 99 94 24 93 61 75 15
82 46 28 39 76 42 24 78 20 37 85 82 35 5 94 99 98 19 63 57
65 89 62 73 28 47 11 39 25 96 6 10 73 11 81 22 65 53 47 19
# P_hat : m1 | m2 | m3 | m4 | m5 | m6 | m7 | m8 | m9 | m10 | m11 | m12 | m13 | m14 | m15 | m16 | m17 | m18 | m19 | m20
16.50 22.20 29.70 10.20 17.70 6.00 28.20 3.60 22.80 3.60 29.10 15.00 1.50 22.80 25.20 1.20 22.50 23.70 5.40 29.70
16.80 12.30 24.60 20.10 9.90 10.50 12.90 2.40 1.20 23.40 13.20 21.30 26.10 1.50 6.30 7.20 11.70 10.50 25.50 15.60
6.30 3.00 4.20 4.80 21.30 7.50 20.40 4.50 13.50 17.40 27.90 8.10 19.80 17.70 1.20 26.40 11.40 29.10 2.10 6.30
23.10 10.80 4.20 24.90 14.70 24.30 23.10 6.30 7.50 3.90 3.30 25.80 9.90 15.60 11.10 15.90 21.60 20.40 0.60 12.30
24.90 20.70 18.90 19.20 6.60 5.70 12.60 22.50 6.90 6.60 22.20 7.20 0.60 4.80 21.60 2.10 7.80 27.90 27.90 20.70
12.90 0.30 20.10 9.60 1.80 1.20 22.50 25.20 23.10 15.90 20.70 17.40 9.60 4.20 25.80 10.50 15.00 8.70 6.00 26.40
3.30 6.30 4.80 12.90 20.40 12.60 5.10 8.70 0.90 27.60 18.00 6.00 12.90 0.90 5.10 13.50 24.90 28.20 15.00 24.00
19.20 21.60 13.80 20.10 4.20 17.40 25.50 4.50 6.00 2.10 28.50 3.60 4.80 0.30 28.80 13.50 4.50 4.20 28.50 24.90
17.70 11.10 8.40 11.10 10.80 5.40 16.20 7.80 14.70 18.60 24.90 18.30 28.80 7.20 11.40 12.90 21.30 25.20 0.90 1.20
11.10 16.20 27.30 23.70 5.10 5.70 24.90 24.90 10.50 28.20 29.10 17.10 6.60 14.10 12.90 9.30 3.90 8.70 9.00 29.70
28.80 26.40 20.70 9.30 9.00 21.90 9.00 11.40 8.70 2.40 11.10 10.20 5.10 5.70 3.90 17.40 28.20 10.50 13.20 17.70
8.10 19.50 10.20 12.30 24.90 4.20 15.60 9.60 17.70 24.30 25.80 19.20 22.50 22.80 24.30 26.40 4.80 3.90 29.10 14.10
2.70 29.10 2.70 0.90 28.20 13.20 26.70 3.90 4.20 1.50 18.30 12.90 9.30 3.90 3.60 15.60 8.40 15.30 3.90 27.60
18.90 21.30 2.10 3.30 15.90 3.90 16.20 3.00 28.20 7.20 20.40 28.20 18.60 20.10 17.10 29.70 5.10 14.70 2.10 3.30
24.60 3.90 12.90 21.30 9.00 3.30 22.20 6.90 3.30 29.40 26.10 11.10 22.80 2.10 18.60 26.10 28.50 12.00 21.60 21.90
9.30 27.00 18.60 6.30 22.20 16.50 25.80 8.40 5.10 25.50 5.70 3.90 9.00 2.10 26.10 14.10 19.50 3.30 14.70 9.30
8.10 26.40 8.70 7.80 7.20 27.30 8.10 12.60 24.00 22.50 3.60 8.40 2.40 4.20 27.00 9.60 25.20 29.40 24.90 21.00
20.10 11.70 21.00 29.40 14.10 15.30 6.60 20.40 21.00 17.10 11.70 0.60 10.20 29.70 28.20 7.20 27.90 18.30 22.50 4.50
24.60 13.80 8.40 11.70 22.80 12.60 7.20 23.40 6.00 11.10 25.50 24.60 10.50 1.50 28.20 29.70 29.40 5.70 18.90 17.10
19.50 26.70 18.60 21.90 8.40 14.10 3.30 11.70 7.50 28.80 1.80 3.00 21.90 3.30 24.30 6.60 19.50 15.90 14.10 5.70
