# nJobs | nMachines
200 10
# Job Weights
77
33
2
40
70
50
70
42
17
98
48
90
73
86
100
9
95
34
48
40
87
40
16
1
47
81
66
78
24
3
4
48
36
86
27
97
80
34
14
37
43
13
92
53
57
31
94
17
93
8
62
43
13
81
11
61
81
85
11
9
60
94
61
18
23
60
14
97
59
84
71
6
63
44
84
20
80
39
90
27
22
73
18
71
15
44
67
51
40
53
32
63
53
61
21
66
36
47
100
49
70
50
2
17
58
36
8
38
99
93
73
18
25
7
54
51
1
75
8
79
23
49
18
28
41
27
25
41
13
64
93
30
61
6
67
90
98
98
34
2
5
37
78
66
8
5
55
82
66
42
95
44
88
30
5
73
17
31
27
29
2
78
65
47
34
9
48
89
69
60
49
55
13
49
11
26
45
68
30
27
57
13
51
85
73
69
7
32
81
39
9
89
90
90
33
6
34
51
27
96
# P_bar : m1 | m2 | m3 | m4 | m5 | m6 | m7 | m8 | m9 | m10
17 30 28 15 52 5 53 55 81 47
37 26 82 67 82 44 43 65 44 51
22 2 88 57 17 2 43 38 46 44
71 29 33 64 66 98 56 76 3 27
79 98 69 23 62 27 48 45 93 76
37 67 28 9 57 10 83 99 14 4
69 92 92 1 58 25 34 84 86 76
53 51 66 2 91 27 93 67 23 49
59 53 92 43 42 41 95 40 59 5
64 82 30 73 69 59 48 93 47 25
11 86 67 94 48 89 63 70 76 23
67 47 53 96 46 36 93 45 45 67
27 36 93 78 18 62 91 75 64 55
64 23 45 14 94 29 94 91 10 40
59 34 7 32 83 17 32 21 4 58
31 66 70 23 48 37 81 72 29 26
43 43 58 83 81 35 69 15 69 36
42 71 58 29 57 47 29 73 46 83
56 31 17 75 93 37 44 43 68 65
88 36 41 55 67 52 2 62 89 91
71 41 56 91 19 3 66 40 48 77
86 6 34 44 65 87 25 43 68 62
6 28 62 46 49 4 60 96 13 6
54 43 81 59 45 50 69 39 36 57
92 18 44 11 22 96 44 23 85 87
75 64 95 20 92 74 34 79 35 4
83 28 50 68 41 68 68 66 25 11
2 13 88 3 38 30 77 19 21 60
60 7 19 17 26 69 31 41 44 23
62 13 50 55 2 17 10 71 40 87
83 93 25 59 90 34 57 60 20 50
73 93 88 18 79 95 21 72 83 18
55 56 1 31 17 3 56 62 76 23
3 72 6 84 61 24 36 17 26 24
71 71 45 61 81 51 26 25 50 82
34 28 29 55 67 55 11 59 98 16
40 95 2 46 18 60 6 95 6 96
13 96 54 77 1 61 86 47 83 37
62 55 71 59 36 15 2 10 51 29
56 58 81 98 31 38 89 94 46 19
28 66 22 23 85 83 28 39 99 26
53 3 57 18 92 62 62 53 65 56
71 77 16 17 6 84 63 50 46 33
5 80 88 70 78 44 52 99 24 53
73 2 5 73 83 80 12 63 47 6
95 82 52 38 39 48 13 59 24 95
23 86 23 13 74 45 43 30 32 63
49 16 21 77 77 54 99 67 66 84
17 29 21 74 85 71 11 18 48 13
81 24 58 79 88 10 70 12 83 6
88 89 96 51 25 96 82 9 3 19
62 96 37 48 33 23 14 41 74 16
35 99 46 16 36 8 39 67 97 80
78 15 78 93 32 56 83 52 39 37
90 49 87 29 82 35 4 39 80 20
36 78 91 28 98 72 86 90 27 62
46 48 9 6 3 53 93 25 70 81
98 64 96 82 46 13 87 13 65 52
75 3 93 40 68 72 82 81 1 14
36 63 98 9 11 38 78 3 26 67
74 14 31 88 30 1 32 8 46 19
86 95 78 51 75 69 82 66 8 86
67 88 20 48 42 85 24 67 74 1
87 9 75 1 93 2 88 51 47 53
68 61 18 4 36 28 45 54 19 21
1 24 34 77 97 18 48 85 85 33
87 38 48 48 1 10 67 10 62 68
87 50 49 6 63 70 14 95 33 28
7 47 69 1 86 67 34 59 96 25
34 42 88 32 54 95 76 64 33 69
1 30 30 79 33 72 1 90 5 71
91 97 34 40 71 64 51 28 23 60
7 49 22 14 1 19 15 48 43 69
6 79 81 20 18 60 67 57 63 99
46 19 50 86 75 31 57 85 10 53
3 80 40 40 55 29 3 78 47 77
45 30 73 25 62 43 37 18 73 27
55 24 91 94 21 17 15 59 1 29
92 58 7 73 71 78 50 11 19 83
67 43 1 44 80 28 75 67 92 22
13 6 71 98 5 47 80 36 31 10
30 95 72 94 48 78 3 24 29 42
27 43 8 61 87 77 9 59 68 64
19 99 68 65 22 92 28 24 31 80
51 22 49 44 5 42 44 39 92 73
86 99 7 75 71 86 2 1 48 91
20 11 47 4 69 6 71 80 87 38
95 99 90 17 75 19 89 58 8 60
79 60 59 1 72 28 24 76 90 53
48 42 39 12 36 18 73 59 57 38
83 33 49 78 54 4 28 90 40 19
91 68 28 51 24 24 98 92 25 14
78 78 22 55 55 57 17 3 49 35
41 26 10 53 5 82 27 51 26 10
61 77 96 96 40 7 90 1 35 44
90 1 2 92 56 4 4 55 90 97
57 13 88 82 8 94 13 50 99 17
4 67 90 20 19 9 83 15 30 50
21 87 69 22 7 57 43 31 5 22
68 31 44 13 12 82 63 99 52 19
87 49 74 40 44 98 68 8 12 70
62 90 16 43 66 54 74 44 11 88
69 6 90 23 39 2 12 91 72 31
79 76 7 30 41 71 69 83 32 7
69 94 14 16 60 94 38 75 81 81
35 76 47 76 11 69 74 66 21 58
25 79 48 30 31 51 98 98 81 2
68 66 36 59 65 80 86 77 64 89
14 51 62 64 16 79 72 8 45 1
9 14 1 72 67 85 76 6 4 80
74 89 63 61 19 56 53 26 10 52
61 87 86 13 69 79 94 47 90 15
58 1 49 81 56 46 45 55 11 25
81 65 48 25 96 71 30 39 88 11
52 53 3 90 78 85 39 91 52 97
93 19 51 67 36 52 60 78 96 90
44 21 80 21 56 42 69 49 92 62
57 98 86 70 12 66 12 23 44 69
89 90 97 96 37 82 83 92 54 34
81 45 4 99 1 91 21 68 28 66
69 77 58 64 50 48 25 88 85 54
98 54 79 68 43 70 50 9 51 84
78 86 28 61 58 21 47 38 21 62
70 2 19 36 13 82 43 60 4 71
3 3 93 57 55 12 58 2 42 70
70 88 88 86 87 94 11 8 43 60
62 39 44 10 20 17 63 86 55 54
81 56 74 57 84 45 74 62 89 52
61 24 18 88 28 68 6 41 4 71
65 91 95 59 59 60 23 66 1 9
65 86 2 73 65 93 94 94 97 99
33 80 22 43 56 30 93 54 65 41
62 58 7 25 2 5 26 9 38 30
19 54 82 37 36 31 49 75 87 23
57 57 52 70 41 30 30 43 58 60
82 42 17 97 7 71 50 9 47 1
78 32 59 29 23 29 47 10 53 67
94 5 42 33 25 82 89 79 51 55
65 43 51 99 81 20 43 10 40 64
14 80 79 34 6 13 32 97 80 21
9 86 93 96 67 94 45 39 20 16
29 47 65 65 5 47 47 30 24 94
70 95 27 90 89 57 68 74 77 11
90 86 25 52 71 95 13 52 37 90
86 40 60 95 86 8 86 90 13 48
12 31 72 3 48 46 97 12 29 85
40 61 29 64 50 80 2 61 28 34
12 12 55 21 54 32 16 34 18 7
64 64 58 16 21 7 27 88 22 79
32 17 22 70 83 34 38 27 75 95
18 52 58 67 27 33 53 68 24 50
11 56 61 13 38 33 37 14 79 78
40 35 89 96 79 18 94 88 99 39
14 60 67 57 71 29 78 74 35 79
22 75 14 7 53 19 84 71 45 69
49 10 10 30 2 74 49 14 95 27
95 50 40 96 9 58 25 16 46 42
82 66 11 98 49 52 59 46 15 15
7 53 99 72 79 10 36 47 7 51
19 58 7 31 39 70 33 54 24 44
95 12 20 11 28 78 15 91 45 71
39 66 78 36 39 59 36 89 20 32
71 81 6 10 70 32 47 59 35 66
34 51 71 20 72 20 83 39 61 49
89 75 48 26 70 12 24 52 97 8
63 71 39 67 38 98 71 91 69 7
85 46 58 13 48 18 7 21 78 44
60 88 7 60 57 12 6 90 13 1
91 58 17 50 11 57 55 58 53 15
49 73 63 28 38 73 43 74 16 6
46 27 73 32 37 91 82 30 94 51
10 26 43 49 56 46 40 63 59 91
19 38 14 54 64 64 78 19 64 33
50 48 66 46 64 92 64 18 72 77
65 8 59 15 68 45 96 88 13 69
41 14 75 49 27 86 27 22 47 28
58 58 96 94 36 84 99 43 22 8
62 89 28 63 94 15 11 60 9 8
45 44 12 96 65 99 91 20 68 48
67 16 99 43 89 8 78 32 4 7
64 20 63 73 23 87 97 67 67 55
6 69 19 19 93 61 23 1 92 51
77 67 26 19 14 42 48 42 49 89
94 80 8 81 57 25 20 95 23 61
24 81 72 82 93 35 99 84 37 82
38 82 55 69 60 64 39 37 16 39
73 27 67 13 82 74 53 30 39 89
59 5 1 85 16 40 3 12 47 47
61 44 23 32 69 89 65 87 94 24
14 38 35 34 57 4 81 13 71 79
59 53 6 57 8 43 47 60 36 86
83 16 89 69 52 12 25 92 72 60
3 48 93 63 98 28 36 52 67 67
46 16 88 49 67 68 44 51 78 10
16 31 86 56 19 46 29 91 13 61
56 79 37 37 56 23 85 76 68 60
40 75 53 54 38 3 26 32 36 68
7 14 45 60 75 70 4 81 69 72
79 67 32 97 69 81 9 57 28 9
55 70 69 44 14 14 59 71 69 47
# P_hat : m1 | m2 | m3 | m4 | m5 | m6 | m7 | m8 | m9 | m10
6.80 12.00 11.20 6.00 20.80 2.00 21.20 22.00 32.40 18.80
14.80 10.40 32.80 26.80 32.80 17.60 17.20 26.00 17.60 20.40
8.80 0.80 35.20 22.80 6.80 0.80 17.20 15.20 18.40 17.60
28.40 11.60 13.20 25.60 26.40 39.20 22.40 30.40 1.20 10.80
31.60 39.20 27.60 9.20 24.80 10.80 19.20 18.00 37.20 30.40
14.80 26.80 11.20 3.60 22.80 4.00 33.20 39.60 5.60 1.60
27.60 36.80 36.80 0.40 23.20 10.00 13.60 33.60 34.40 30.40
21.20 20.40 26.40 0.80 36.40 10.80 37.20 26.80 9.20 19.60
23.60 21.20 36.80 17.20 16.80 16.40 38.00 16.00 23.60 2.00
25.60 32.80 12.00 29.20 27.60 23.60 19.20 37.20 18.80 10.00
4.40 34.40 26.80 37.60 19.20 35.60 25.20 28.00 30.40 9.20
26.80 18.80 21.20 38.40 18.40 14.40 37.20 18.00 18.00 26.80
10.80 14.40 37.20 31.20 7.20 24.80 36.40 30.00 25.60 22.00
25.60 9.20 18.00 5.60 37.60 11.60 37.60 36.40 4.00 16.00
23.60 13.60 2.80 12.80 33.20 6.80 12.80 8.40 1.60 23.20
12.40 26.40 28.00 9.20 19.20 14.80 32.40 28.80 11.60 10.40
17.20 17.20 23.20 33.20 32.40 14.00 27.60 6.00 27.60 14.40
16.80 28.40 23.20 11.60 22.80 18.80 11.60 29.20 18.40 33.20
22.40 12.40 6.80 30.00 37.20 14.80 17.60 17.20 27.20 26.00
35.20 14.40 16.40 22.00 26.80 20.80 0.80 24.80 35.60 36.40
28.40 16.40 22.40 36.40 7.60 1.20 26.40 16.00 19.20 30.80
34.40 2.40 13.60 17.60 26.00 34.80 10.00 17.20 27.20 24.80
2.40 11.20 24.80 18.40 19.60 1.60 24.00 38.40 5.20 2.40
21.60 17.20 32.40 23.60 18.00 20.00 27.60 15.60 14.40 22.80
36.80 7.20 17.60 4.40 8.80 38.40 17.60 9.20 34.00 34.80
30.00 25.60 38.00 8.00 36.80 29.60 13.60 31.60 14.00 1.60
33.20 11.20 20.00 27.20 16.40 27.20 27.20 26.40 10.00 4.40
0.80 5.20 35.20 1.20 15.20 12.00 30.80 7.60 8.40 24.00
24.00 2.80 7.60 6.80 10.40 27.60 12.40 16.40 17.60 9.20
24.80 5.20 20.00 22.00 0.80 6.80 4.00 28.40 16.00 34.80
33.20 37.20 10.00 23.60 36.00 13.60 22.80 24.00 8.00 20.00
29.20 37.20 35.20 7.20 31.60 38.00 8.40 28.80 33.20 7.20
22.00 22.40 0.40 12.40 6.80 1.20 22.40 24.80 30.40 9.20
1.20 28.80 2.40 33.60 24.40 9.60 14.40 6.80 10.40 9.60
28.40 28.40 18.00 24.40 32.40 20.40 10.40 10.00 20.00 32.80
13.60 11.20 11.60 22.00 26.80 22.00 4.40 23.60 39.20 6.40
16.00 38.00 0.80 18.40 7.20 24.00 2.40 38.00 2.40 38.40
5.20 38.40 21.60 30.80 0.40 24.40 34.40 18.80 33.20 14.80
24.80 22.00 28.40 23.60 14.40 6.00 0.80 4.00 20.40 11.60
22.40 23.20 32.40 39.20 12.40 15.20 35.60 37.60 18.40 7.60
11.20 26.40 8.80 9.20 34.00 33.20 11.20 15.60 39.60 10.40
21.20 1.20 22.80 7.20 36.80 24.80 24.80 21.20 26.00 22.40
28.40 30.80 6.40 6.80 2.40 33.60 25.20 20.00 18.40 13.20
2.00 32.00 35.20 28.00 31.20 17.60 20.80 39.60 9.60 21.20
29.20 0.80 2.00 29.20 33.20 32.00 4.80 25.20 18.80 2.40
38.00 32.80 20.80 15.20 15.60 19.20 5.20 23.60 9.60 38.00
9.20 34.40 9.20 5.20 29.60 18.00 17.20 12.00 12.80 25.20
19.60 6.40 8.40 30.80 30.80 21.60 39.60 26.80 26.40 33.60
6.80 11.60 8.40 29.60 34.00 28.40 4.40 7.20 19.20 5.20
32.40 9.60 23.20 31.60 35.20 4.00 28.00 4.80 33.20 2.40
35.20 35.60 38.40 20.40 10.00 38.40 32.80 3.60 1.20 7.60
24.80 38.40 14.80 19.20 13.20 9.20 5.60 16.40 29.60 6.40
14.00 39.60 18.40 6.40 14.40 3.20 15.60 26.80 38.80 32.00
31.20 6.00 31.20 37.20 12.80 22.40 33.20 20.80 15.60 14.80
36.00 19.60 34.80 11.60 32.80 14.00 1.60 15.60 32.00 8.00
14.40 31.20 36.40 11.20 39.20 28.80 34.40 36.00 10.80 24.80
18.40 19.20 3.60 2.40 1.20 21.20 37.20 10.00 28.00 32.40
39.20 25.60 38.40 32.80 18.40 5.20 34.80 5.20 26.00 20.80
30.00 1.20 37.20 16.00 27.20 28.80 32.80 32.40 0.40 5.60
14.40 25.20 39.20 3.60 4.40 15.20 31.20 1.20 10.40 26.80
29.60 5.60 12.40 35.20 12.00 0.40 12.80 3.20 18.40 7.60
34.40 38.00 31.20 20.40 30.00 27.60 32.80 26.40 3.20 34.40
26.80 35.20 8.00 19.20 16.80 34.00 9.60 26.80 29.60 0.40
34.80 3.60 30.00 0.40 37.20 0.80 35.20 20.40 18.80 21.20
27.20 24.40 7.20 1.60 14.40 11.20 18.00 21.60 7.60 8.40
0.40 9.60 13.60 30.80 38.80 7.20 19.20 34.00 34.00 13.20
34.80 15.20 19.20 19.20 0.40 4.00 26.80 4.00 24.80 27.20
34.80 20.00 19.60 2.40 25.20 28.00 5.60 38.00 13.20 11.20
2.80 18.80 27.60 0.40 34.40 26.80 13.60 23.60 38.40 10.00
13.60 16.80 35.20 12.80 21.60 38.00 30.40 25.60 13.20 27.60
0.40 12.00 12.00 31.60 13.20 28.80 0.40 36.00 2.00 28.40
36.40 38.80 13.60 16.00 28.40 25.60 20.40 11.20 9.20 24.00
2.80 19.60 8.80 5.60 0.40 7.60 6.00 19.20 17.20 27.60
2.40 31.60 32.40 8.00 7.20 24.00 26.80 22.80 25.20 39.60
18.40 7.60 20.00 34.40 30.00 12.40 22.80 34.00 4.00 21.20
1.20 32.00 16.00 16.00 22.00 11.60 1.20 31.20 18.80 30.80
18.00 12.00 29.20 10.00 24.80 17.20 14.80 7.20 29.20 10.80
22.00 9.60 36.40 37.60 8.40 6.80 6.00 23.60 0.40 11.60
36.80 23.20 2.80 29.20 28.40 31.20 20.00 4.40 7.60 33.20
26.80 17.20 0.40 17.60 32.00 11.20 30.00 26.80 36.80 8.80
5.20 2.40 28.40 39.20 2.00 18.80 32.00 14.40 12.40 4.00
12.00 38.00 28.80 37.60 19.20 31.20 1.20 9.60 11.60 16.80
10.80 17.20 3.20 24.40 34.80 30.80 3.60 23.60 27.20 25.60
7.60 39.60 27.20 26.00 8.80 36.80 11.20 9.60 12.40 32.00
20.40 8.80 19.60 17.60 2.00 16.80 17.60 15.60 36.80 29.20
34.40 39.60 2.80 30.00 28.40 34.40 0.80 0.40 19.20 36.40
8.00 4.40 18.80 1.60 27.60 2.40 28.40 32.00 34.80 15.20
38.00 39.60 36.00 6.80 30.00 7.60 35.60 23.20 3.20 24.00
31.60 24.00 23.60 0.40 28.80 11.20 9.60 30.40 36.00 21.20
19.20 16.80 15.60 4.80 14.40 7.20 29.20 23.60 22.80 15.20
33.20 13.20 19.60 31.20 21.60 1.60 11.20 36.00 16.00 7.60
36.40 27.20 11.20 20.40 9.60 9.60 39.20 36.80 10.00 5.60
31.20 31.20 8.80 22.00 22.00 22.80 6.80 1.20 19.60 14.00
16.40 10.40 4.00 21.20 2.00 32.80 10.80 20.40 10.40 4.00
24.40 30.80 38.40 38.40 16.00 2.80 36.00 0.40 14.00 17.60
36.00 0.40 0.80 36.80 22.40 1.60 1.60 22.00 36.00 38.80
22.80 5.20 35.20 32.80 3.20 37.60 5.20 20.00 39.60 6.80
1.60 26.80 36.00 8.00 7.60 3.60 33.20 6.00 12.00 20.00
8.40 34.80 27.60 8.80 2.80 22.80 17.20 12.40 2.00 8.80
27.20 12.40 17.60 5.20 4.80 32.80 25.20 39.60 20.80 7.60
34.80 19.60 29.60 16.00 17.60 39.20 27.20 3.20 4.80 28.00
24.80 36.00 6.40 17.20 26.40 21.60 29.60 17.60 4.40 35.20
27.60 2.40 36.00 9.20 15.60 0.80 4.80 36.40 28.80 12.40
31.60 30.40 2.80 12.00 16.40 28.40 27.60 33.20 12.80 2.80
27.60 37.60 5.60 6.40 24.00 37.60 15.20 30.00 32.40 32.40
14.00 30.40 18.80 30.40 4.40 27.60 29.60 26.40 8.40 23.20
10.00 31.60 19.20 12.00 12.40 20.40 39.20 39.20 32.40 0.80
27.20 26.40 14.40 23.60 26.00 32.00 34.40 30.80 25.60 35.60
5.60 20.40 24.80 25.60 6.40 31.60 28.80 3.20 18.00 0.40
3.60 5.60 0.40 28.80 26.80 34.00 30.40 2.40 1.60 32.00
29.60 35.60 25.20 24.40 7.60 22.40 21.20 10.40 4.00 20.80
24.40 34.80 34.40 5.20 27.60 31.60 37.60 18.80 36.00 6.00
23.20 0.40 19.60 32.40 22.40 18.40 18.00 22.00 4.40 10.00
32.40 26.00 19.20 10.00 38.40 28.40 12.00 15.60 35.20 4.40
20.80 21.20 1.20 36.00 31.20 34.00 15.60 36.40 20.80 38.80
37.20 7.60 20.40 26.80 14.40 20.80 24.00 31.20 38.40 36.00
17.60 8.40 32.00 8.40 22.40 16.80 27.60 19.60 36.80 24.80
22.80 39.20 34.40 28.00 4.80 26.40 4.80 9.20 17.60 27.60
35.60 36.00 38.80 38.40 14.80 32.80 33.20 36.80 21.60 13.60
32.40 18.00 1.60 39.60 0.40 36.40 8.40 27.20 11.20 26.40
27.60 30.80 23.20 25.60 20.00 19.20 10.00 35.20 34.00 21.60
39.20 21.60 31.60 27.20 17.20 28.00 20.00 3.60 20.40 33.60
31.20 34.40 11.20 24.40 23.20 8.40 18.80 15.20 8.40 24.80
28.00 0.80 7.60 14.40 5.20 32.80 17.20 24.00 1.60 28.40
1.20 1.20 37.20 22.80 22.00 4.80 23.20 0.80 16.80 28.00
28.00 35.20 35.20 34.40 34.80 37.60 4.40 3.20 17.20 24.00
24.80 15.60 17.60 4.00 8.00 6.80 25.20 34.40 22.00 21.60
32.40 22.40 29.60 22.80 33.60 18.00 29.60 24.80 35.60 20.80
24.40 9.60 7.20 35.20 11.20 27.20 2.40 16.40 1.60 28.40
26.00 36.40 38.00 23.60 23.60 24.00 9.20 26.40 0.40 3.60
26.00 34.40 0.80 29.20 26.00 37.20 37.60 37.60 38.80 39.60
13.20 32.00 8.80 17.20 22.40 12.00 37.20 21.60 26.00 16.40
24.80 23.20 2.80 10.00 0.80 2.00 10.40 3.60 15.20 12.00
7.60 21.60 32.80 14.80 14.40 12.40 19.60 30.00 34.80 9.20
22.80 22.80 20.80 28.00 16.40 12.00 12.00 17.20 23.20 24.00
32.80 16.80 6.80 38.80 2.80 28.40 20.00 3.60 18.80 0.40
31.20 12.80 23.60 11.60 9.20 11.60 18.80 4.00 21.20 26.80
37.60 2.00 16.80 13.20 10.00 32.80 35.60 31.60 20.40 22.00
26.00 17.20 20.40 39.60 32.40 8.00 17.20 4.00 16.00 25.60
5.60 32.00 31.60 13.60 2.40 5.20 12.80 38.80 32.00 8.40
3.60 34.40 37.20 38.40 26.80 37.60 18.00 15.60 8.00 6.40
11.60 18.80 26.00 26.00 2.00 18.80 18.80 12.00 9.60 37.60
28.00 38.00 10.80 36.00 35.60 22.80 27.20 29.60 30.80 4.40
36.00 34.40 10.00 20.80 28.40 38.00 5.20 20.80 14.80 36.00
34.40 16.00 24.00 38.00 34.40 3.20 34.40 36.00 5.20 19.20
4.80 12.40 28.80 1.20 19.20 18.40 38.80 4.80 11.60 34.00
16.00 24.40 11.60 25.60 20.00 32.00 0.80 24.40 11.20 13.60
4.80 4.80 22.00 8.40 21.60 12.80 6.40 13.60 7.20 2.80
25.60 25.60 23.20 6.40 8.40 2.80 10.80 35.20 8.80 31.60
12.80 6.80 8.80 28.00 33.20 13.60 15.20 10.80 30.00 38.00
7.20 20.80 23.20 26.80 10.80 13.20 21.20 27.20 9.60 20.00
4.40 22.40 24.40 5.20 15.20 13.20 14.80 5.60 31.60 31.20
16.00 14.00 35.60 38.40 31.60 7.20 37.60 35.20 39.60 15.60
5.60 24.00 26.80 22.80 28.40 11.60 31.20 29.60 14.00 31.60
8.80 30.00 5.60 2.80 21.20 7.60 33.60 28.40 18.00 27.60
19.60 4.00 4.00 12.00 0.80 29.60 19.60 5.60 38.00 10.80
38.00 20.00 16.00 38.40 3.60 23.20 10.00 6.40 18.40 16.80
32.80 26.40 4.40 39.20 19.60 20.80 23.60 18.40 6.00 6.00
2.80 21.20 39.60 28.80 31.60 4.00 14.40 18.80 2.80 20.40
7.60 23.20 2.80 12.40 15.60 28.00 13.20 21.60 9.60 17.60
38.00 4.80 8.00 4.40 11.20 31.20 6.00 36.40 18.00 28.40
15.60 26.40 31.20 14.40 15.60 23.60 14.40 35.60 8.00 12.80
28.40 32.40 2.40 4.00 28.00 12.80 18.80 23.60 14.00 26.40
13.60 20.40 28.40 8.00 28.80 8.00 33.20 15.60 24.40 19.60
35.60 30.00 19.20 10.40 28.00 4.80 9.60 20.80 38.80 3.20
25.20 28.40 15.60 26.80 15.20 39.20 28.40 36.40 27.60 2.80
34.00 18.40 23.20 5.20 19.20 7.20 2.80 8.40 31.20 17.60
24.00 35.20 2.80 24.00 22.80 4.80 2.40 36.00 5.20 0.40
36.40 23.20 6.80 20.00 4.40 22.80 22.00 23.20 21.20 6.00
19.60 29.20 25.20 11.20 15.20 29.20 17.20 29.60 6.40 2.40
18.40 10.80 29.20 12.80 14.80 36.40 32.80 12.00 37.60 20.40
4.00 10.40 17.20 19.60 22.40 18.40 16.00 25.20 23.60 36.40
7.60 15.20 5.60 21.60 25.60 25.60 31.20 7.60 25.60 13.20
20.00 19.20 26.40 18.40 25.60 36.80 25.60 7.20 28.80 30.80
26.00 3.20 23.60 6.00 27.20 18.00 38.40 35.20 5.20 27.60
16.40 5.60 30.00 19.60 10.80 34.40 10.80 8.80 18.80 11.20
23.20 23.20 38.40 37.60 14.40 33.60 39.60 17.20 8.80 3.20
24.80 35.60 11.20 25.20 37.60 6.00 4.40 24.00 3.60 3.20
18.00 17.60 4.80 38.40 26.00 39.60 36.40 8.00 27.20 19.20
26.80 6.40 39.60 17.20 35.60 3.20 31.20 12.80 1.60 2.80
25.60 8.00 25.20 29.20 9.20 34.80 38.80 26.80 26.80 22.00
2.40 27.60 7.60 7.60 37.20 24.40 9.20 0.40 36.80 20.40
30.80 26.80 10.40 7.60 5.60 16.80 19.20 16.80 19.60 35.60
37.60 32.00 3.20 32.40 22.80 10.00 8.00 38.00 9.20 24.40
9.60 32.40 28.80 32.80 37.20 14.00 39.60 33.60 14.80 32.80
15.20 32.80 22.00 27.60 24.00 25.60 15.60 14.80 6.40 15.60
29.20 10.80 26.80 5.20 32.80 29.60 21.20 12.00 15.60 35.60
23.60 2.00 0.40 34.00 6.40 16.00 1.20 4.80 18.80 18.80
24.40 17.60 9.20 12.80 27.60 35.60 26.00 34.80 37.60 9.60
5.60 15.20 14.00 13.60 22.80 1.60 32.40 5.20 28.40 31.60
23.60 21.20 2.40 22.80 3.20 17.20 18.80 24.00 14.40 34.40
33.20 6.40 35.60 27.60 20.80 4.80 10.00 36.80 28.80 24.00
1.20 19.20 37.20 25.20 39.20 11.20 14.40 20.80 26.80 26.80
18.40 6.40 35.20 19.60 26.80 27.20 17.60 20.40 31.20 4.00
6.40 12.40 34.40 22.40 7.60 18.40 11.60 36.40 5.20 24.40
22.40 31.60 14.80 14.80 22.40 9.20 34.00 30.40 27.20 24.00
16.00 30.00 21.20 21.60 15.20 1.20 10.40 12.80 14.40 27.20
2.80 5.60 18.00 24.00 30.00 28.00 1.60 32.40 27.60 28.80
31.60 26.80 12.80 38.80 27.60 32.40 3.60 22.80 11.20 3.60
22.00 28.00 27.60 17.60 5.60 5.60 23.60 28.40 27.60 18.80
