# nJobs | nMachines
50 20
# Job Weights
40
50
2
20
3
32
19
9
55
38
81
39
29
44
36
91
56
20
59
96
41
59
61
50
64
56
96
5
77
43
72
33
44
52
4
1
29
76
32
78
32
51
7
21
7
66
87
39
96
97
# P_bar : m1 | m2 | m3 | m4 | m5 | m6 | m7 | m8 | m9 | m10 | m11 | m12 | m13 | m14 | m15 | m16 | m17 | m18 | m19 | m20
47 46 70 23 53 61 77 25 15 54 72 57 65 55 99 26 72 80 90 57
77 12 96 21 66 18 74 96 71 1 79 4 89 71 76 97 47 95 30 61
66 17 56 89 41 82 69 32 11 54 76 35 18 5 88 65 52 41 88 4
13 87 22 51 79 96 8 37 98 10 84 86 14 34 99 27 40 18 69 58
77 35 44 34 58 68 84 19 77 35 35 50 60 24 82 77 49 14 51 94
20 27 83 62 57 7 81 42 50 27 84 63 78 18 1 43 86 65 7 50
29 71 66 6 17 65 37 86 39 57 62 17 56 84 14 4 75 26 26 31
11 11 56 22 66 95 26 49 14 90 47 11 3 39 15 77 26 5 5 25
85 97 27 75 42 30 10 55 66 91 26 99 79 76 13 66 37 7 1 34
98 83 52 22 66 84 60 92 41 64 74 22 15 19 38 38 29 75 90 80
36 63 46 5 16 23 72 85 1 90 30 76 48 95 84 1 34 95 40 94
92 22 83 37 19 75 89 94 9 59 14 98 9 98 53 48 86 67 78 82
99 47 76 72 42 71 49 22 40 54 74 35 72 48 23 20 96 93 68 24
65 46 25 6 80 60 47 30 94 43 42 18 41 15 52 95 36 90 31 98
34 72 28 90 9 21 47 93 60 69 93 82 83 62 66 39 55 73 91 74
35 16 26 71 48 76 90 83 5 13 89 96 27 70 4 13 41 63 23 98
42 35 98 47 62 37 6 95 44 27 19 7 73 7 98 9 97 25 55 93
28 2 64 60 65 65 87 1 45 81 84 43 80 37 83 2 74 36 14 80
28 22 66 93 70 78 10 16 38 40 22 79 16 59 40 5 55 7 44 25
5 50 15 17 45 37 34 75 20 66 60 39 34 61 32 36 61 26 22 99
80 58 39 65 3 71 52 43 67 93 42 58 42 66 50 57 72 86 37 19
46 46 75 12 98 60 72 80 57 61 7 32 65 26 75 21 45 50 32 34
37 19 66 97 11 59 77 42 4 63 50 12 57 70 65 49 73 80 42 12
86 82 89 29 2 18 94 78 24 27 56 84 88 70 27 19 94 48 3 55
85 69 56 41 64 94 44 9 12 13 25 1 78 85 30 78 76 12 5 71
67 14 42 3 77 55 80 56 63 43 70 41 62 51 98 44 28 57 79 21
22 94 90 46 85 53 88 35 26 88 84 20 19 32 55 98 58 34 33 5
67 39 77 33 12 58 94 96 27 61 73 78 60 35 91 55 98 4 79 61
20 62 76 55 18 47 39 71 8 95 70 69 60 46 47 62 65 99 56 37
1 27 43 10 75 65 75 97 7 39 17 76 58 80 32 27 7 20 96 22
39 60 14 9 83 29 35 53 33 44 3 16 29 11 61 86 77 1 57 15
25 20 3 14 2 26 35 51 21 4 96 68 40 23 63 4 1 83 23 50
1 13 57 37 2 6 92 58 79 57 45 17 22 48 14 71 75 17 19 27
41 64 98 54 29 13 17 8 6 11 81 82 3 30 56 63 46 69 24 12
74 67 47 14 81 4 74 56 64 50 33 58 27 28 28 93 61 72 25 59
39 25 35 53 94 38 77 93 10 34 16 2 48 65 11 18 93 61 73 97
2 39 58 27 38 64 45 96 86 77 86 34 89 78 40 70 79 67 69 38
20 40 6 64 56 47 70 56 84 19 67 28 31 77 9 5 23 83 24 83
3 72 95 25 92 7 5 36 82 42 19 35 5 32 60 21 71 89 19 84
29 28 9 79 77 2 33 81 25 35 5 35 59 61 17 48 46 99 5 54
51 36 33 30 31 46 80 72 27 56 12 86 2 68 49 13 79 5 92 79
79 60 1 33 65 30 31 33 41 53 94 26 14 98 12 53 55 47 82 51
35 2 59 5 59 58 3 37 35 95 10 29 43 26 44 70 95 84 95 93
63 8 85 96 89 77 27 90 44 78 55 49 47 12 56 42 46 76 18 95
18 33 1 1 66 86 80 96 9 18 98 27 48 94 44 73 59 68 85 66
67 85 85 51 92 9 10 11 80 31 45 60 4 4 40 42 89 36 27 12
73 51 65 42 15 39 38 66 13 63 77 51 12 15 81 72 16 30 92 80
2 6 47 78 50 18 86 64 79 96 30 13 19 94 75 89 40 38 77 20
23 5 13 70 39 22 51 27 58 11 87 19 28 19 55 1 28 62 68 28
59 72 12 91 26 61 39 37 73 83 18 56 66 52 44 26 51 61 46 86
# P_hat : m1 | m2 | m3 | m4 | m5 | m6 | m7 | m8 | m9 | m10 | m11 | m12 | m13 | m14 | m15 | m16 | m17 | m18 | m19 | m20
18.80 18.40 28.00 9.20 21.20 24.40 30.80 10.00 6.00 21.60 28.80 22.80 26.00 22.00 39.60 10.40 28.80 32.00 36.00 22.80
30.80 4.80 38.40 8.40 26.40 7.20 29.60 38.40 28.40 0.40 31.60 1.60 35.60 28.40 30.40 38.80 18.80 38.00 12.00 24.40
26.40 6.80 22.40 35.60 16.40 32.80 27.60 12.80 4.40 21.60 30.40 14.00 7.20 2.00 35.20 26.00 20.80 16.40 35.20 1.60
5.20 34.80 8.80 20.40 31.60 38.40 3.20 14.80 39.20 4.00 33.60 34.40 5.60 13.60 39.60 10.80 16.00 7.20 27.60 23.20
30.80 14.00 17.60 13.60 23.20 27.20 33.60 7.60 30.80 14.00 14.00 20.00 24.00 9.60 32.80 30.80 19.60 5.60 20.40 37.60
8.00 10.80 33.20 24.80 22.80 2.80 32.40 16.80 20.00 10.80 33.60 25.20 31.20 7.20 0.40 17.20 34.40 26.00 2.80 20.00
11.60 28.40 26.40 2.40 6.80 26.00 14.80 34.40 15.60 22.80 24.80 6.80 22.40 33.60 5.60 1.60 30.00 10.40 10.40 12.40
4.40 4.40 22.40 8.80 26.40 38.00 10.40 19.60 5.60 36.00 18.80 4.40 1.20 15.60 6.00 30.80 10.40 2.00 2.00 10.00
34.00 38.80 10.80 30.00 16.80 12.00 4.00 22.00 26.40 36.40 10.40 39.60 31.60 30.40 5.20 26.40 14.80 2.80 0.40 13.60
39.20 33.20 20.80 8.80 26.40 33.60 24.00 36.80 16.40 25.60 29.60 8.80 6.00 7.60 15.20 15.20 11.60 30.00 36.00 32.00
14.40 25.20 18.40 2.00 6.40 9.20 28.80 34.00 0.40 36.00 12.00 30.40 19.20 38.00 33.60 0.40 13.60 38.00 16.00 37.60
36.80 8.80 33.20 14.80 7.60 30.00 35.60 37.60 3.60 23.60 5.60 39.20 3.60 39.20 21.20 19.20 34.40 26.80 31.20 32.80
39.60 18.80 30.40 28.80 16.80 28.40 19.60 8.80 16.00 21.60 29.60 14.00 28.80 19.20 9.20 8.00 38.40 37.20 27.20 9.60
26.00 18.40 10.00 2.40 32.00 24.00 18.80 12.00 37.60 17.20 16.80 7.20 16.40 6.00 20.80 38.00 14.40 36.00 12.40 39.20
13.60 28.80 11.20 36.00 3.60 8.40 18.80 37.20 24.00 27.60 37.20 32.80 33.20 24.80 26.40 15.60 22.00 29.20 36.40 29.60
14.00 6.40 10.40 28.40 19.20 30.40 36.00 33.20 2.00 5.20 35.60 38.40 10.80 28.00 1.60 5.20 16.40 25.20 9.20 39.20
16.80 14.00 39.20 18.80 24.80 14.80 2.40 38.00 17.60 10.80 7.60 2.80 29.20 2.80 39.20 3.60 38.80 10.00 22.00 37.20
11.20 0.80 25.60 24.00 26.00 26.00 34.80 0.40 18.00 32.40 33.60 17.20 32.00 14.80 33.20 0.80 29.60 14.40 5.60 32.00
11.20 8.80 26.40 37.20 28.00 31.20 4.00 6.40 15.20 16.00 8.80 31.60 6.40 23.60 16.00 2.00 22.00 2.80 17.60 10.00
2.00 20.00 6.00 6.80 18.00 14.80 13.60 30.00 8.00 26.40 24.00 15.60 13.60 24.40 12.80 14.40 24.40 10.40 8.80 39.60
32.00 23.20 15.60 26.00 1.20 28.40 20.80 17.20 26.80 37.20 16.80 23.20 16.80 26.40 20.00 22.80 28.80 34.40 14.80 7.60
18.40 18.40 30.00 4.80 39.20 24.00 28.80 32.00 22.80 24.40 2.80 12.80 26.00 10.40 30.00 8.40 18.00 20.00 12.80 13.60
14.80 7.60 26.40 38.80 4.40 23.60 30.80 16.80 1.60 25.20 20.00 4.80 22.80 28.00 26.00 19.60 29.20 32.00 16.80 4.80
34.40 32.80 35.60 11.60 0.80 7.20 37.60 31.20 9.60 10.80 22.40 33.60 35.20 28.00 10.80 7.60 37.60 19.20 1.20 22.00
34.00 27.60 22.40 16.40 25.60 37.60 17.60 3.60 4.80 5.20 10.00 0.40 31.20 34.00 12.00 31.20 30.40 4.80 2.00 28.40
26.80 5.60 16.80 1.20 30.80 22.00 32.00 22.40 25.20 17.20 28.00 16.40 24.80 20.40 39.20 17.60 11.20 22.80 31.60 8.40
8.80 37.60 36.00 18.40 34.00 21.20 35.20 14.00 10.40 35.20 33.60 8.00 7.60 12.80 22.00 39.20 23.20 13.60 13.20 2.00
26.80 15.60 30.80 13.20 4.80 23.20 37.60 38.40 10.80 24.40 29.20 31.20 24.00 14.00 36.40 22.00 39.20 1.60 31.60 24.40
8.00 24.80 30.40 22.00 7.20 18.80 15.60 28.40 3.20 38.00 28.00 27.60 24.00 18.40 18.80 24.80 26.00 39.60 22.40 14.80
0.40 10.80 17.20 4.00 30.00 26.00 30.00 38.80 2.80 15.60 6.80 30.40 23.20 32.00 12.80 10.80 2.80 8.00 38.40 8.80
15.60 24.00 5.60 3.60 33.20 11.60 14.00 21.20 13.20 17.60 1.20 6.40 11.60 4.40 24.40 34.40 30.80 0.40 22.80 6.00
10.00 8.00 1.20 5.60 0.80 10.40 14.00 20.40 8.40 1.60 38.40 27.20 16.00 9.20 25.20 1.60 0.40 33.20 9.20 20.00
0.40 5.20 22.80 14.80 0.80 2.40 36.80 23.20 31.60 22.80 18.00 6.80 8.80 19.20 5.60 28.40 30.00 6.80 7.60 10.80
16.40 25.60 39.20 21.60 11.60 5.20 6.80 3.20 2.40 4.40 32.40 32.80 1.20 12.00 22.40 25.20 18.40 27.60 9.60 4.80
29.60 26.80 18.80 5.60 32.40 1.60 29.60 22.40 25.60 20.00 13.20 23.20 10.80 11.20 11.20 37.20 24.40 28.80 10.00 23.60
15.60 10.00 14.00 21.20 37.60 15.20 30.80 37.20 4.00 13.60 6.40 0.80 19.20 26.00 4.40 7.20 37.20 24.40 29.20 38.80
0.80 15.60 23.20 10.80 15.20 25.60 18.00 38.40 34.40 30.80 34.40 13.60 35.60 31.20 16.00 28.00 31.60 26.80 27.60 15.20
8.00 16.00 2.40 25.60 22.40 18.80 28.00 22.40 33.60 7.60 26.80 11.20 12.40 30.80 3.60 2.00 9.20 33.20 9.60 33.20
1.20 28.80 38.00 10.00 36.80 2.80 2.00 14.40 32.80 16.80 7.60 14.00 2.00 12.80 24.00 8.40 28.40 35.60 7.60 33.60
11.60 11.20 3.60 31.60 30.80 0.80 13.20 32.40 10.00 14.00 2.00 14.00 23.60 24.40 6.80 19.20 18.40 39.60 2.00 21.60
20.40 14.40 13.20 12.00 12.40 18.40 32.00 28.80 10.80 22.40 4.80 34.40 0.80 27.20 19.60 5.20 31.60 2.00 36.80 31.60
31.60 24.00 0.40 13.20 26.00 12.00 12.40 13.20 16.40 21.20 37.60 10.40 5.60 39.20 4.80 21.20 22.00 18.80 32.80 20.40
14.00 0.80 23.60 2.00 23.60 23.20 1.20 14.80 14.00 38.00 4.00 11.60 17.20 10.40 17.60 28.00 38.00 33.60 38.00 37.20
25.20 3.20 34.00 38.40 35.60 30.80 10.80 36.00 17.60 31.20 22.00 19.60 18.80 4.80 22.40 16.80 18.40 30.40 7.20 38.00
7.20 13.20 0.40 0.40 26.40 34.40 32.00 38.40 3.60 7.20 39.20 10.80 19.20 37.60 17.60 29.20 23.60 27.20 34.00 26.40
26.80 34.00 34.00 20.40 36.80 3.60 4.00 4.40 32.00 12.40 18.00 24.00 1.60 1.60 16.00 16.80 35.60 14.40 10.80 4.80
29.20 20.40 26.00 16.80 6.00 15.60 15.20 26.40 5.20 25.20 30.80 20.40 4.80 6.00 32.40 28.80 6.40 12.00 36.80 32.00
0.80 2.40 18.80 31.20 20.00 7.20 34.40 25.60 31.60 38.40 12.00 5.20 7.60 37.60 30.00 35.60 16.00 15.20 30.80 8.00
9.20 2.00 5.20 28.00 15.60 8.80 20.40 10.80 23.20 4.40 34.80 7.60 11.20 7.60 22.00 0.40 11.20 24.80 27.20 11.20
23.60 28.80 4.80 36.40 10.40 24.40 15.60 14.80 29.20 33.20 7.20 22.40 26.40 20.80 17.60 10.40 20.40 24.40 18.40 34.40
