# nJobs | nMachines
100 5
# Job Weights
79
73
1
83
32
50
60
63
12
15
50
3
75
56
45
71
29
87
66
17
35
1
22
82
58
6
78
30
54
48
28
7
8
68
7
92
41
76
90
85
69
32
81
8
1
45
6
75
37
88
57
23
2
86
13
54
30
94
29
70
77
7
23
55
10
33
3
100
67
12
85
62
52
36
16
24
92
84
22
55
54
77
13
77
66
25
65
24
52
93
98
4
86
46
88
13
98
17
34
3
# P_bar : m1 | m2 | m3 | m4 | m5
26 51 23 59 22
23 52 10 60 34
92 40 85 61 10
67 67 83 68 54
41 87 27 72 6
58 4 42 12 8
3 78 87 46 29
3 50 84 27 6
37 87 1 45 60
69 81 45 60 97
91 29 65 31 97
20 25 2 99 82
40 64 86 34 59
14 79 26 25 39
31 73 14 43 4
36 91 43 96 16
51 5 58 58 46
87 32 40 40 84
47 78 43 63 27
74 14 82 62 60
49 12 25 17 86
21 74 21 74 9
47 21 66 99 91
39 79 93 16 75
80 30 32 13 26
2 3 63 64 37
7 73 65 47 17
98 90 77 47 21
23 4 40 36 41
17 1 78 39 31
26 60 76 57 47
19 37 65 82 49
94 86 74 22 20
33 96 59 17 47
18 85 48 17 32
94 54 7 9 4
68 75 89 11 77
68 77 82 96 44
18 88 89 14 90
16 73 44 2 1
94 1 70 25 3
24 1 7 8 34
67 7 92 68 35
14 27 87 89 69
39 86 44 10 46
29 65 34 18 85
73 11 25 64 85
64 36 49 79 51
9 38 68 71 62
82 99 21 16 98
36 17 86 95 72
44 23 61 24 62
33 44 4 30 18
65 32 32 59 97
10 84 9 93 36
1 12 64 8 31
26 60 47 97 94
53 74 28 98 68
65 16 55 45 79
22 90 47 82 85
64 68 54 81 14
74 44 8 75 91
76 99 89 31 73
13 95 8 59 26
68 65 36 25 53
93 63 88 23 1
15 78 14 71 43
74 61 2 64 85
32 67 17 88 77
74 10 51 21 79
50 91 25 78 78
25 81 39 67 26
30 38 73 8 75
9 35 45 37 52
41 65 70 24 25
35 14 50 96 21
19 80 87 26 95
89 42 95 62 23
42 58 7 88 80
2 52 21 68 77
59 95 57 63 84
27 30 46 41 4
7 45 5 82 76
53 6 98 86 30
43 31 62 9 91
40 11 39 40 41
53 5 30 12 51
67 47 35 93 68
98 35 87 13 67
33 56 7 37 8
16 4 49 70 66
5 85 60 95 53
53 40 72 76 60
39 99 86 30 76
60 61 4 1 13
52 9 54 60 90
28 9 24 89 5
20 13 31 48 1
84 15 86 39 47
93 67 9 8 78
# P_hat : m1 | m2 | m3 | m4 | m5
7.80 15.30 6.90 17.70 6.60
6.90 15.60 3.00 18.00 10.20
27.60 12.00 25.50 18.30 3.00
20.10 20.10 24.90 20.40 16.20
12.30 26.10 8.10 21.60 1.80
17.40 1.20 12.60 3.60 2.40
0.90 23.40 26.10 13.80 8.70
0.90 15.00 25.20 8.10 1.80
11.10 26.10 0.30 13.50 18.00
20.70 24.30 13.50 18.00 29.10
27.30 8.70 19.50 9.30 29.10
6.00 7.50 0.60 29.70 24.60
12.00 19.20 25.80 10.20 17.70
4.20 23.70 7.80 7.50 11.70
9.30 21.90 4.20 12.90 1.20
10.80 27.30 12.90 28.80 4.80
15.30 1.50 17.40 17.40 13.80
26.10 9.60 12.00 12.00 25.20
14.10 23.40 12.90 18.90 8.10
22.20 4.20 24.60 18.60 18.00
14.70 3.60 7.50 5.10 25.80
6.30 22.20 6.30 22.20 2.70
14.10 6.30 19.80 29.70 27.30
11.70 23.70 27.90 4.80 22.50
24.00 9.00 9.60 3.90 7.80
0.60 0.90 18.90 19.20 11.10
2.10 21.90 19.50 14.10 5.10
29.40 27.00 23.10 14.10 6.30
6.90 1.20 12.00 10.80 12.30
5.10 0.30 23.40 11.70 9.30
7.80 18.00 22.80 17.10 14.10
5.70 11.10 19.50 24.60 14.70
28.20 25.80 22.20 6.60 6.00
9.90 28.80 17.70 5.10 14.10
5.40 25.50 14.40 5.10 9.60
28.20 16.20 2.10 2.70 1.20
20.40 22.50 26.70 3.30 23.10
20.40 23.10 24.60 28.80 13.20
5.40 26.40 26.70 4.20 27.00
4.80 21.90 13.20 0.60 0.30
28.20 0.30 21.00 7.50 0.90
7.20 0.30 2.10 2.40 10.20
20.10 2.10 27.60 20.40 10.50
4.20 8.10 26.10 26.70 20.70
11.70 25.80 13.20 3.00 13.80
8.70 19.50 10.20 5.40 25.50
21.90 3.30 7.50 19.20 25.50
19.20 10.80 14.70 23.70 15.30
2.70 11.40 20.40 21.30 18.60
24.60 29.70 6.30 4.80 29.40
10.80 5.10 25.80 28.50 21.60
13.20 6.90 18.30 7.20 18.60
9.90 13.20 1.20 9.00 5.40
19.50 9.60 9.60 17.70 29.10
3.00 25.20 2.70 27.90 10.80
0.30 3.60 19.20 2.40 9.30
7.80 18.00 14.10 29.10 28.20
15.90 22.20 8.40 29.40 20.40
19.50 4.80 16.50 13.50 23.70
6.60 27.00 14.10 24.60 25.50
19.20 20.40 16.20 24.30 4.20
22.20 13.20 2.40 22.50 27.30
22.80 29.70 26.70 9.30 21.90
3.90 28.50 2.40 17.70 7.80
20.40 19.50 10.80 7.50 15.90
27.90 18.90 26.40 6.90 0.30
4.50 23.40 4.20 21.30 12.90
22.20 18.30 0.60 19.20 25.50
9.60 20.10 5.10 26.40 23.10
22.20 3.00 15.30 6.30 23.70
15.00 27.30 7.50 23.40 23.40
7.50 24.30 11.70 20.10 7.80
9.00 11.40 21.90 2.40 22.50
2.70 10.50 13.50 11.10 15.60
12.30 19.50 21.00 7.20 7.50
10.50 4.20 15.00 28.80 6.30
5.70 24.00 26.10 7.80 28.50
26.70 12.60 28.50 18.60 6.90
12.60 17.40 2.10 26.40 24.00
0.60 15.60 6.30 20.40 23.10
17.70 28.50 17.10 18.90 25.20
8.10 9.00 13.80 12.30 1.20
2.10 13.50 1.50 24.60 22.80
15.90 1.80 29.40 25.80 9.00
12.90 9.30 18.60 2.70 27.30
12.00 3.30 11.70 12.00 12.30
15.90 1.50 9.00 3.60 15.30
20.10 14.10 10.50 27.90 20.40
29.40 10.50 26.10 3.90 20.10
9.90 16.80 2.10 11.10 2.40
4.80 1.20 14.70 21.00 19.80
1.50 25.50 18.00 28.50 15.90
15.90 12.00 21.60 22.80 18.00
11.70 29.70 25.80 9.00 22.80
18.00 18.30 1.20 0.30 3.90
15.60 2.70 16.20 18.00 27.00
8.40 2.70 7.20 26.70 1.50
6.00 3.90 9.30 14.40 0.30
25.20 4.50 25.80 11.70 14.10
27.90 20.10 2.70 2.40 23.40
