# nJobs | nMachines
50 10
# Job Weights
57
43
38
59
27
57
36
23
99
51
46
83
59
75
55
23
40
84
9
100
30
70
19
16
4
6
43
94
13
85
95
3
87
24
48
8
83
48
71
44
42
37
62
83
82
76
7
21
18
64
# P_bar : m1 | m2 | m3 | m4 | m5 | m6 | m7 | m8 | m9 | m10
29 39 19 98 20 58 59 59 76 77
28 38 6 38 79 44 66 60 72 34
63 12 72 80 35 53 35 72 23 66
73 83 73 84 67 11 61 54 74 3
99 98 43 28 65 92 70 97 99 52
55 31 3 15 20 50 17 71 74 3
79 37 47 46 30 37 98 43 71 51
82 48 34 67 23 57 40 92 27 89
2 59 28 78 85 14 46 71 81 78
45 28 32 39 55 64 88 53 75 62
45 91 7 85 32 63 93 28 47 40
41 88 29 93 45 16 11 97 90 8
26 51 89 22 94 9 33 55 17 32
87 62 84 22 84 97 65 91 59 37
52 99 33 36 48 86 15 33 91 14
10 43 95 67 56 87 67 12 27 80
42 7 64 7 46 77 41 12 69 10
72 10 9 83 90 20 1 36 29 43
59 77 44 78 73 60 90 73 79 87
45 35 23 68 2 83 8 78 95 27
54 28 45 75 8 72 16 7 20 85
71 98 68 7 62 29 12 3 88 36
44 17 88 65 49 3 86 4 54 11
49 75 96 23 86 27 71 87 46 27
78 82 56 32 97 33 53 84 46 9
7 89 43 13 34 3 13 16 82 16
57 48 11 38 2 41 32 12 50 57
10 60 95 51 19 61 64 84 10 87
63 26 94 79 66 63 53 2 53 58
73 52 99 50 23 52 51 34 69 25
91 65 56 25 1 69 58 9 25 52
22 10 3 83 26 97 95 98 2 92
63 27 2 6 47 45 6 83 29 67
98 25 23 16 10 4 93 98 51 1
92 6 75 36 75 72 47 70 12 69
91 96 17 16 39 19 22 3 65 37
28 16 46 43 18 66 83 76 85 93
86 57 83 66 57 35 4 16 48 20
76 98 98 79 95 43 17 49 73 21
36 38 30 40 70 72 17 27 1 53
29 66 23 8 11 28 86 20 4 37
5 91 77 71 42 46 16 24 46 98
77 70 12 77 9 73 59 61 80 68
81 83 12 31 61 12 43 48 72 74
73 49 15 83 81 74 1 49 96 7
65 7 70 31 75 41 18 34 47 64
72 54 78 76 94 59 87 97 22 24
61 25 13 9 31 42 27 92 9 85
32 6 22 45 48 47 94 62 90 31
61 87 90 76 88 23 57 81 58 51
# P_hat : m1 | m2 | m3 | m4 | m5 | m6 | m7 | m8 | m9 | m10
14.50 19.50 9.50 49.00 10.00 29.00 29.50 29.50 38.00 38.50
14.00 19.00 3.00 19.00 39.50 22.00 33.00 30.00 36.00 17.00
31.50 6.00 36.00 40.00 17.50 26.50 17.50 36.00 11.50 33.00
36.50 41.50 36.50 42.00 33.50 5.50 30.50 27.00 37.00 1.50
49.50 49.00 21.50 14.00 32.50 46.00 35.00 48.50 49.50 26.00
27.50 15.50 1.50 7.50 10.00 25.00 8.50 35.50 37.00 1.50
39.50 18.50 23.50 23.00 15.00 18.50 49.00 21.50 35.50 25.50
41.00 24.00 17.00 33.50 11.50 28.50 20.00 46.00 13.50 44.50
1.00 29.50 14.00 39.00 42.50 7.00 23.00 35.50 40.50 39.00
22.50 14.00 16.00 19.50 27.50 32.00 44.00 26.50 37.50 31.00
22.50 45.50 3.50 42.50 16.00 31.50 46.50 14.00 23.50 20.00
20.50 44.00 14.50 46.50 22.50 8.00 5.50 48.50 45.00 4.00
13.00 25.50 44.50 11.00 47.00 4.50 16.50 27.50 8.50 16.00
43.50 31.00 42.00 11.00 42.00 48.50 32.50 45.50 29.50 18.50
26.00 49.50 16.50 18.00 24.00 43.00 7.50 16.50 45.50 7.00
5.00 21.50 47.50 33.50 28.00 43.50 33.50 6.00 13.50 40.00
21.00 3.50 32.00 3.50 23.00 38.50 20.50 6.00 34.50 5.00
36.00 5.00 4.50 41.50 45.00 10.00 0.50 18.00 14.50 21.50
29.50 38.50 22.00 39.00 36.50 30.00 45.00 36.50 39.50 43.50
22.50 17.50 11.50 34.00 1.00 41.50 4.00 39.00 47.50 13.50
27.00 14.00 22.50 37.50 4.00 36.00 8.00 3.50 10.00 42.50
35.50 49.00 34.00 3.50 31.00 14.50 6.00 1.50 44.00 18.00
22.00 8.50 44.00 32.50 24.50 1.50 43.00 2.00 27.00 5.50
24.50 37.50 48.00 11.50 43.00 13.50 35.50 43.50 23.00 13.50
39.00 41.00 28.00 16.00 48.50 16.50 26.50 42.00 23.00 4.50
3.50 44.50 21.50 6.50 17.00 1.50 6.50 8.00 41.00 8.00
28.50 24.00 5.50 19.00 1.00 20.50 16.00 6.00 25.00 28.50
5.00 30.00 47.50 25.50 9.50 30.50 32.00 42.00 5.00 43.50
31.50 13.00 47.00 39.50 33.00 31.50 26.50 1.00 26.50 29.00
36.50 26.00 49.50 25.00 11.50 26.00 25.50 17.00 34.50 12.50
45.50 32.50 28.00 12.50 0.50 34.50 29.00 4.50 12.50 26.00
11.00 5.00 1.50 41.50 13.00 48.50 47.50 49.00 1.00 46.00
31.50 13.50 1.00 3.00 23.50 22.50 3.00 41.50 14.50 33.50
49.00 12.50 11.50 8.00 5.00 2.00 46.50 49.00 25.50 0.50
46.00 3.00 37.50 18.00 37.50 36.00 23.50 35.00 6.00 34.50
45.50 48.00 8.50 8.00 19.50 9.50 11.00 1.50 32.50 18.50
14.00 8.00 23.00 21.50 9.00 33.00 41.50 38.00 42.50 46.50
43.00 28.50 41.50 33.00 28.50 17.50 2.00 8.00 24.00 10.00
38.00 49.00 49.00 39.50 47.50 21.50 8.50 24.50 36.50 10.50
18.00 19.00 15.00 20.00 35.00 36.00 8.50 13.50 0.50 26.50
14.50 33.00 11.50 4.00 5.50 14.00 43.00 10.00 2.00 18.50
2.50 45.50 38.50 35.50 21.00 23.00 8.00 12.00 23.00 49.00
38.50 35.00 6.00 38.50 4.50 36.50 29.50 30.50 40.00 34.00
40.50 41.50 6.00 15.50 30.50 6.00 21.50 24.00 36.00 37.00
36.50 24.50 7.50 41.50 40.50 37.00 0.50 24.50 48.00 3.50
32.50 3.50 35.00 15.50 37.50 20.50 9.00 17.00 23.50 32.00
36.00 27.00 39.00 38.00 47.00 29.50 43.50 48.50 11.00 12.00
30.50 12.50 6.50 4.50 15.50 21.00 13.50 46.00 4.50 42.50
16.00 3.00 11.00 22.50 24.00 23.50 47.00 31.00 45.00 15.50
30.50 43.50 45.00 38.00 44.00 11.50 28.50 40.50 29.00 25.50
