# nJobs | nMachines
20 10
# Job Weights
47
66
69
45
7
8
49
77
45
50
4
29
63
60
95
56
95
48
98
100
# P_bar : m1 | m2 | m3 | m4 | m5 | m6 | m7 | m8 | m9 | m10
64 48 30 84 9 93 71 72 33 85
96 6 94 24 1 44 34 65 95 47
13 34 52 84 66 2 40 20 7 54
9 22 49 16 57 87 57 67 34 31
17 12 32 87 90 93 29 61 6 31
19 78 61 22 61 23 78 69 34 83
52 87 30 51 90 92 99 19 62 28
1 24 6 27 60 51 88 63 97 70
54 87 33 87 40 5 40 50 7 49
86 10 33 87 38 32 40 68 18 27
90 46 42 34 25 69 35 7 8 40
26 16 87 99 15 92 57 93 39 37
16 11 55 37 89 21 56 58 86 55
39 73 13 14 5 77 65 31 58 59
51 24 39 59 81 95 63 97 35 46
4 16 20 13 16 17 48 89 12 25
18 68 9 17 28 47 24 5 50 34
35 14 57 33 58 1 40 98 44 84
65 92 83 31 98 13 20 41 81 72
5 93 2 18 90 73 21 81 89 32
# P_hat : m1 | m2 | m3 | m4 | m5 | m6 | m7 | m8 | m9 | m10
6.40 4.80 3.00 8.40 0.90 9.30 7.10 7.20 3.30 8.50
9.60 0.60 9.40 2.40 0.10 4.40 3.40 6.50 9.50 4.70
1.30 3.40 5.20 8.40 6.60 0.20 4.00 2.00 0.70 5.40
0.90 2.20 4.90 1.60 5.70 8.70 5.70 6.70 3.40 3.10
1.70 1.20 3.20 8.70 9.00 9.30 2.90 6.10 0.60 3.10
1.90 7.80 6.10 2.20 6.10 2.30 7.80 6.90 3.40 8.30
5.20 8.70 3.00 5.10 9.00 9.20 9.90 1.90 6.20 2.80
0.10 2.40 0.60 2.70 6.00 5.10 8.80 6.30 9.70 7.00
5.40 8.70 3.30 8.70 4.00 0.50 4.00 5.00 0.70 4.90
8.60 1.00 3.30 8.70 3.80 3.20 4.00 6.80 1.80 2.70
9.00 4.60 4.20 3.40 2.50 6.90 3.50 0.70 0.80 4.00
2.60 1.60 8.70 9.90 1.50 9.20 5.70 9.30 3.90 3.70
1.60 1.10 5.50 3.70 8.90 2.10 5.60 5.80 8.60 5.50
3.90 7.30 1.30 1.40 0.50 7.70 6.50 3.10 5.80 5.90
5.10 2.40 3.90 5.90 8.10 9.50 6.30 9.70 3.50 4.60
0.40 1.60 2.00 1.30 1.60 1.70 4.80 8.90 1.20 2.50
1.80 6.80 0.90 1.70 2.80 4.70 2.40 0.50 5.00 3.40
3.50 1.40 5.70 3.30 5.80 0.10 4.00 9.80 4.40 8.40
6.50 9.20 8.30 3.10 9.80 1.30 2.00 4.10 8.10 7.20
0.50 9.30 0.20 1.80 9.00 7.30 2.10 8.10 8.90 3.20
