# nJobs | nMachines
50 10
# Job Weights
69
77
56
20
18
27
54
50
63
99
28
80
9
67
10
65
84
2
3
62
91
74
44
49
79
28
92
47
67
69
75
30
6
24
98
91
29
45
14
90
90
62
33
54
16
75
61
49
21
99
# P_bar : m1 | m2 | m3 | m4 | m5 | m6 | m7 | m8 | m9 | m10
12 13 82 20 91 25 47 77 6 6
72 64 52 77 33 61 77 21 63 11
18 7 72 63 5 58 47 8 56 27
85 60 81 28 51 52 57 36 63 71
42 75 61 77 30 81 2 49 75 4
76 75 36 34 20 33 77 86 56 73
13 63 10 96 26 64 45 50 22 16
82 87 62 88 53 14 69 60 89 63
35 93 11 20 91 67 19 26 29 85
33 73 46 26 40 3 70 7 33 92
76 5 42 4 52 32 97 11 46 57
19 18 32 30 55 78 61 76 96 90
94 75 39 40 9 55 61 33 52 49
93 20 44 18 33 26 15 74 43 75
64 30 95 36 32 79 16 68 60 15
82 99 10 98 17 92 82 10 87 64
60 19 96 24 77 57 44 2 46 44
8 70 55 70 30 90 17 54 85 10
66 55 67 66 37 68 37 58 84 78
56 11 86 15 79 73 51 82 54 80
40 78 75 96 68 57 23 14 74 92
11 66 58 29 31 55 67 9 19 18
12 92 10 74 17 19 34 10 82 70
20 57 65 39 7 47 45 48 19 22
61 91 9 16 19 86 42 90 58 22
72 56 22 72 19 26 23 89 6 78
52 1 56 92 62 96 56 3 85 6
62 17 34 9 3 45 59 20 82 86
85 61 98 10 99 4 80 24 2 94
67 51 82 45 94 17 18 67 16 45
67 3 65 32 62 9 18 90 75 57
68 72 68 9 24 60 67 19 52 80
18 72 49 46 2 23 23 72 13 96
10 21 98 83 99 54 41 59 1 94
1 2 36 63 7 42 98 94 43 5
92 36 51 58 93 30 48 84 85 28
66 42 19 77 1 78 85 59 73 50
22 59 68 26 27 43 29 43 79 52
95 12 24 88 20 80 80 81 91 49
59 31 35 78 97 43 43 38 51 31
79 72 8 79 81 7 93 62 1 66
25 39 9 37 23 27 28 85 46 30
43 99 69 13 75 23 98 85 3 11
51 9 73 39 16 55 73 84 26 14
69 68 49 75 21 66 5 71 15 45
27 27 29 60 47 90 6 31 22 32
33 22 36 58 68 63 88 39 18 31
76 60 10 2 41 38 36 40 8 6
12 28 9 70 54 65 20 41 20 95
19 66 1 9 58 82 24 40 32 95
# P_hat : m1 | m2 | m3 | m4 | m5 | m6 | m7 | m8 | m9 | m10
3.60 3.90 24.60 6.00 27.30 7.50 14.10 23.10 1.80 1.80
21.60 19.20 15.60 23.10 9.90 18.30 23.10 6.30 18.90 3.30
5.40 2.10 21.60 18.90 1.50 17.40 14.10 2.40 16.80 8.10
25.50 18.00 24.30 8.40 15.30 15.60 17.10 10.80 18.90 21.30
12.60 22.50 18.30 23.10 9.00 24.30 0.60 14.70 22.50 1.20
22.80 22.50 10.80 10.20 6.00 9.90 23.10 25.80 16.80 21.90
3.90 18.90 3.00 28.80 7.80 19.20 13.50 15.00 6.60 4.80
24.60 26.10 18.60 26.40 15.90 4.20 20.70 18.00 26.70 18.90
10.50 27.90 3.30 6.00 27.30 20.10 5.70 7.80 8.70 25.50
9.90 21.90 13.80 7.80 12.00 0.90 21.00 2.10 9.90 27.60
22.80 1.50 12.60 1.20 15.60 9.60 29.10 3.30 13.80 17.10
5.70 5.40 9.60 9.00 16.50 23.40 18.30 22.80 28.80 27.00
28.20 22.50 11.70 12.00 2.70 16.50 18.30 9.90 15.60 14.70
27.90 6.00 13.20 5.40 9.90 7.80 4.50 22.20 12.90 22.50
19.20 9.00 28.50 10.80 9.60 23.70 4.80 20.40 18.00 4.50
24.60 29.70 3.00 29.40 5.10 27.60 24.60 3.00 26.10 19.20
18.00 5.70 28.80 7.20 23.10 17.10 13.20 0.60 13.80 13.20
2.40 21.00 16.50 21.00 9.00 27.00 5.10 16.20 25.50 3.00
19.80 16.50 20.10 19.80 11.10 20.40 11.10 17.40 25.20 23.40
16.80 3.30 25.80 4.50 23.70 21.90 15.30 24.60 16.20 24.00
12.00 23.40 22.50 28.80 20.40 17.10 6.90 4.20 22.20 27.60
3.30 19.80 17.40 8.70 9.30 16.50 20.10 2.70 5.70 5.40
3.60 27.60 3.00 22.20 5.10 5.70 10.20 3.00 24.60 21.00
6.00 17.10 19.50 11.70 2.10 14.10 13.50 14.40 5.70 6.60
18.30 27.30 2.70 4.80 5.70 25.80 12.60 27.00 17.40 6.60
21.60 16.80 6.60 21.60 5.70 7.80 6.90 26.70 1.80 23.40
15.60 0.30 16.80 27.60 18.60 28.80 16.80 0.90 25.50 1.80
18.60 5.10 10.20 2.70 0.90 13.50 17.70 6.00 24.60 25.80
25.50 18.30 29.40 3.00 29.70 1.20 24.00 7.20 0.60 28.20
20.10 15.30 24.60 13.50 28.20 5.10 5.40 20.10 4.80 13.50
20.10 0.90 19.50 9.60 18.60 2.70 5.40 27.00 22.50 17.10
20.40 21.60 20.40 2.70 7.20 18.00 20.10 5.70 15.60 24.00
5.40 21.60 14.70 13.80 0.60 6.90 6.90 21.60 3.90 28.80
3.00 6.30 29.40 24.90 29.70 16.20 12.30 17.70 0.30 28.20
0.30 0.60 10.80 18.90 2.10 12.60 29.40 28.20 12.90 1.50
27.60 10.80 15.30 17.40 27.90 9.00 14.40 25.20 25.50 8.40
19.80 12.60 5.70 23.10 0.30 23.40 25.50 17.70 21.90 15.00
6.60 17.70 20.40 7.80 8.10 12.90 8.70 12.90 23.70 15.60
28.50 3.60 7.20 26.40 6.00 24.00 24.00 24.30 27.30 14.70
17.70 9.30 10.50 23.40 29.10 12.90 12.90 11.40 15.30 9.30
23.70 21.60 2.40 23.70 24.30 2.10 27.90 18.60 0.30 19.80
7.50 11.70 2.70 11.10 6.90 8.10 8.40 25.50 13.80 9.00
12.90 29.70 20.70 3.90 22.50 6.90 29.40 25.50 0.90 3.30
15.30 2.70 21.90 11.70 4.80 16.50 21.90 25.20 7.80 4.20
20.70 20.40 14.70 22.50 6.30 19.80 1.50 21.30 4.50 13.50
8.10 8.10 8.70 18.00 14.10 27.00 1.80 9.30 6.60 9.60
9.90 6.60 10.80 17.40 20.40 18.90 26.40 11.70 5.40 9.30
22.80 18.00 3.00 0.60 12.30 11.40 10.80 12.00 2.40 1.80
3.60 8.40 2.70 21.00 16.20 19.50 6.00 12.30 6.00 28.50
5.70 19.80 0.30 2.70 17.40 24.60 7.20 12.00 9.60 28.50
