# nJobs | nMachines
20 20
# Job Weights
3
71
24
31
31
2
17
63
68
12
14
62
3
23
20
54
14
58
20
69
# P_bar : m1 | m2 | m3 | m4 | m5 | m6 | m7 | m8 | m9 | m10 | m11 | m12 | m13 | m14 | m15 | m16 | m17 | m18 | m19 | m20
46 98 7 64 11 3 53 67 63 87 37 69 36 74 40 83 49 8 47 86
52 2 2 2 99 1 87 28 91 29 16 91 3 28 62 87 3 11 74 30
79 85 44 16 37 58 88 88 11 2 42 38 58 78 25 38 94 7 26 92
45 44 38 35 50 85 10 23 6 18 47 25 10 43 24 38 76 54 61 94
97 7 24 53 56 33 32 91 31 75 94 87 98 98 30 86 95 72 95 66
10 73 76 40 69 71 38 71 63 39 14 7 6 83 1 67 48 57 55 47
44 19 85 81 22 58 25 3 36 77 94 66 44 91 73 23 4 85 11 3
24 69 61 26 56 56 24 26 39 69 34 54 62 27 27 19 37 22 42 41
85 12 32 85 67 64 90 41 57 15 72 86 24 6 16 97 82 87 72 41
75 73 90 4 63 43 7 96 47 78 36 49 94 82 91 78 57 65 14 47
66 85 61 4 96 48 11 51 56 68 88 3 79 60 33 66 61 22 8 89
49 23 87 10 74 69 49 24 65 37 51 48 93 44 11 67 6 29 98 28
95 53 51 63 4 96 2 21 59 22 41 44 68 43 99 7 97 99 90 39
61 16 25 96 42 35 76 57 4 41 71 93 75 76 2 23 5 25 36 80
19 88 73 55 40 82 17 69 10 92 94 37 37 99 60 67 27 98 75 47
47 8 93 71 30 53 32 51 12 67 99 82 44 66 90 8 95 55 69 57
84 26 28 66 93 64 39 50 62 24 11 31 34 11 36 77 46 80 26 74
13 42 90 94 36 11 9 51 43 87 97 59 39 35 62 71 92 82 24 38
11 58 94 7 25 61 83 21 49 91 44 78 76 52 15 85 46 33 55 59
19 63 59 15 87 36 69 19 54 31 77 33 62 8 3 29 52 68 98 5
# P_hat : m1 | m2 | m3 | m4 | m5 | m6 | m7 | m8 | m9 | m10 | m11 | m12 | m13 | m14 | m15 | m16 | m17 | m18 | m19 | m20
18.40 39.20 2.80 25.60 4.40 1.20 21.20 26.80 25.20 34.80 14.80 27.60 14.40 29.60 16.00 33.20 19.60 3.20 18.80 34.40
20.80 0.80 0.80 0.80 39.60 0.40 34.80 11.20 36.40 11.60 6.40 36.40 1.20 11.20 24.80 34.80 1.20 4.40 29.60 12.00
31.60 34.00 17.60 6.40 14.80 23.20 35.20 35.20 4.40 0.80 16.80 15.20 23.20 31.20 10.00 15.20 37.60 2.80 10.40 36.80
18.00 17.60 15.20 14.00 20.00 34.00 4.00 9.20 2.40 7.20 18.80 10.00 4.00 17.20 9.60 15.20 30.40 21.60 24.40 37.60
38.80 2.80 9.60 21.20 22.40 13.20 12.80 36.40 12.40 30.00 37.60 34.80 39.20 39.20 12.00 34.40 38.00 28.80 38.00 26.40
4.00 29.20 30.40 16.00 27.60 28.40 15.20 28.40 25.20 15.60 5.60 2.80 2.40 33.20 0.40 26.80 19.20 22.80 22.00 18.80
17.60 7.60 34.00 32.40 8.80 23.20 10.00 1.20 14.40 30.80 37.60 26.40 17.60 36.40 29.20 9.20 1.60 34.00 4.40 1.20
9.60 27.60 24.40 10.40 22.40 22.40 9.60 10.40 15.60 27.60 13.60 21.60 24.80 10.80 10.80 7.60 14.80 8.80 16.80 16.40
34.00 4.80 12.80 34.00 26.80 25.60 36.00 16.40 22.80 6.00 28.80 34.40 9.60 2.40 6.40 38.80 32.80 34.80 28.80 16.40
30.00 29.20 36.00 1.60 25.20 17.20 2.80 38.40 18.80 31.20 14.40 19.60 37.60 32.80 36.40 31.20 22.80 26.00 5.60 18.80
26.40 34.00 24.40 1.60 38.40 19.20 4.40 20.40 22.40 27.20 35.20 1.20 31.60 24.00 13.20 26.40 24.40 8.80 3.20 35.60
19.60 9.20 34.80 4.00 29.60 27.60 19.60 9.60 26.00 14.80 20.40 19.20 37.20 17.60 4.40 26.80 2.40 11.60 39.20 11.20
38.00 21.20 20.40 25.20 1.60 38.40 0.80 8.40 23.60 8.80 16.40 17.60 27.20 17.20 39.60 2.80 38.80 39.60 36.00 15.60
24.40 6.40 10.00 38.40 16.80 14.00 30.40 22.80 1.60 16.40 28.40 37.20 30.00 30.40 0.80 9.20 2.00 10.00 14.40 32.00
7.60 35.20 29.20 22.00 16.00 32.80 6.80 27.60 4.00 36.80 37.60 14.80 14.80 39.60 24.00 26.80 10.80 39.20 30.00 18.80
18.80 3.20 37.20 28.40 12.00 21.20 12.80 20.40 4.80 26.80 39.60 32.80 17.60 26.40 36.00 3.20 38.00 22.00 27.60 22.80
33.60 10.40 11.20 26.40 37.20 25.60 15.60 20.00 24.80 9.60 4.40 12.40 13.60 4.40 14.40 30.80 18.40 32.00 10.40 29.60
5.20 16.80 36.00 37.60 14.40 4.40 3.60 20.40 17.20 34.80 38.80 23.60 15.60 14.00 24.80 28.40 36.80 32.80 9.60 15.20
4.40 23.20 37.60 2.80 10.00 24.40 33.20 8.40 19.60 36.40 17.60 31.20 30.40 20.80 6.00 34.00 18.40 13.20 22.00 23.60
7.60 25.20 23.60 6.00 34.80 14.40 27.60 7.60 21.60 12.40 30.80 13.20 24.80 3.20 1.20 11.60 20.80 27.20 39.20 2.00
