# nJobs | nMachines
50 10
# Job Weights
96
99
12
18
82
99
81
12
53
98
100
74
65
56
76
67
37
90
40
78
17
9
66
7
49
68
41
8
2
67
73
98
10
82
12
43
52
56
37
87
75
27
50
30
55
19
59
10
66
70
# P_bar : m1 | m2 | m3 | m4 | m5 | m6 | m7 | m8 | m9 | m10
49 76 60 40 32 17 33 98 90 75
10 91 39 56 5 43 98 90 93 68
30 51 94 89 49 13 67 4 35 39
85 55 82 53 51 20 81 39 65 71
7 32 28 26 33 41 43 79 66 31
23 26 52 38 97 94 72 76 10 43
56 37 87 15 74 18 32 53 48 5
93 21 19 3 48 28 66 77 81 32
5 58 58 75 9 8 97 10 27 6
34 26 52 4 65 71 36 2 49 56
72 19 63 48 38 82 36 97 61 56
78 65 28 86 71 42 67 31 73 72
25 52 44 28 38 90 1 62 60 23
31 36 80 51 76 76 47 28 88 95
73 89 88 62 43 62 87 74 42 50
69 95 21 46 8 95 12 60 62 53
18 51 36 43 66 74 91 53 28 27
15 56 64 1 62 80 21 74 55 8
39 21 75 52 18 33 6 88 58 18
2 35 6 19 13 91 6 11 55 81
55 90 41 85 16 35 1 88 90 57
33 26 4 37 64 80 38 92 61 54
24 83 5 73 18 79 69 7 73 99
19 37 77 25 87 68 77 80 3 20
19 59 75 35 86 97 3 67 74 10
97 3 91 79 29 98 75 27 94 19
98 44 88 88 9 3 64 21 30 18
49 42 22 29 96 22 53 43 81 53
95 57 8 7 40 52 18 59 9 73
71 45 97 18 78 80 10 30 87 10
2 36 58 26 78 32 97 17 58 74
55 90 72 63 63 75 18 4 42 93
37 71 45 41 13 78 48 7 59 22
73 37 55 20 47 36 70 21 48 75
91 69 12 97 31 46 60 83 29 84
58 27 35 80 97 16 75 44 83 9
33 13 95 15 5 36 94 70 60 27
78 16 95 47 86 93 14 30 83 32
60 32 56 29 51 39 53 39 76 51
53 53 53 46 46 19 90 35 43 83
38 59 48 78 56 95 19 8 90 70
53 8 61 16 69 91 42 6 14 13
90 98 46 67 50 49 86 92 84 1
30 65 29 44 27 35 15 39 10 81
14 50 85 23 60 93 58 55 15 13
53 85 1 47 48 11 7 34 38 98
87 78 75 98 74 93 65 98 90 58
51 38 25 97 91 6 40 47 80 28
25 55 39 49 92 96 51 99 19 3
50 89 92 65 80 19 61 16 15 21
# P_hat : m1 | m2 | m3 | m4 | m5 | m6 | m7 | m8 | m9 | m10
9.80 15.20 12.00 8.00 6.40 3.40 6.60 19.60 18.00 15.00
2.00 18.20 7.80 11.20 1.00 8.60 19.60 18.00 18.60 13.60
6.00 10.20 18.80 17.80 9.80 2.60 13.40 0.80 7.00 7.80
17.00 11.00 16.40 10.60 10.20 4.00 16.20 7.80 13.00 14.20
1.40 6.40 5.60 5.20 6.60 8.20 8.60 15.80 13.20 6.20
4.60 5.20 10.40 7.60 19.40 18.80 14.40 15.20 2.00 8.60
11.20 7.40 17.40 3.00 14.80 3.60 6.40 10.60 9.60 1.00
18.60 4.20 3.80 0.60 9.60 5.60 13.20 15.40 16.20 6.40
1.00 11.60 11.60 15.00 1.80 1.60 19.40 2.00 5.40 1.20
6.80 5.20 10.40 0.80 13.00 14.20 7.20 0.40 9.80 11.20
14.40 3.80 12.60 9.60 7.60 16.40 7.20 19.40 12.20 11.20
15.60 13.00 5.60 17.20 14.20 8.40 13.40 6.20 14.60 14.40
5.00 10.40 8.80 5.60 7.60 18.00 0.20 12.40 12.00 4.60
6.20 7.20 16.00 10.20 15.20 15.20 9.40 5.60 17.60 19.00
14.60 17.80 17.60 12.40 8.60 12.40 17.40 14.80 8.40 10.00
13.80 19.00 4.20 9.20 1.60 19.00 2.40 12.00 12.40 10.60
3.60 10.20 7.20 8.60 13.20 14.80 18.20 10.60 5.60 5.40
3.00 11.20 12.80 0.20 12.40 16.00 4.20 14.80 11.00 1.60
7.80 4.20 15.00 10.40 3.60 6.60 1.20 17.60 11.60 3.60
0.40 7.00 1.20 3.80 2.60 18.20 1.20 2.20 11.00 16.20
11.00 18.00 8.20 17.00 3.20 7.00 0.20 17.60 18.00 11.40
6.60 5.20 0.80 7.40 12.80 16.00 7.60 18.40 12.20 10.80
4.80 16.60 1.00 14.60 3.60 15.80 13.80 1.40 14.60 19.80
3.80 7.40 15.40 5.00 17.40 13.60 15.40 16.00 0.60 4.00
3.80 11.80 15.00 7.00 17.20 19.40 0.60 13.40 14.80 2.00
19.40 0.60 18.20 15.80 5.80 19.60 15.00 5.40 18.80 3.80
19.60 8.80 17.60 17.60 1.80 0.60 12.80 4.20 6.00 3.60
9.80 8.40 4.40 5.80 19.20 4.40 10.60 8.60 16.20 10.60
19.00 11.40 1.60 1.40 8.00 10.40 3.60 11.80 1.80 14.60
14.20 9.00 19.40 3.60 15.60 16.00 2.00 6.00 17.40 2.00
0.40 7.20 11.60 5.20 15.60 6.40 19.40 3.40 11.60 14.80
11.00 18.00 14.40 12.60 12.60 15.00 3.60 0.80 8.40 18.60
7.40 14.20 9.00 8.20 2.60 15.60 9.60 1.40 11.80 4.40
14.60 7.40 11.00 4.00 9.40 7.20 14.00 4.20 9.60 15.00
18.20 13.80 2.40 19.40 6.20 9.20 12.00 16.60 5.80 16.80
11.60 5.40 7.00 16.00 19.40 3.20 15.00 8.80 16.60 1.80
6.60 2.60 19.00 3.00 1.00 7.20 18.80 14.00 12.00 5.40
15.60 3.20 19.00 9.40 17.20 18.60 2.80 6.00 16.60 6.40
12.00 6.40 11.20 5.80 10.20 7.80 10.60 7.80 15.20 10.20
10.60 10.60 10.60 9.20 9.20 3.80 18.00 7.00 8.60 16.60
7.60 11.80 9.60 15.60 11.20 19.00 3.80 1.60 18.00 14.00
10.60 1.60 12.20 3.20 13.80 18.20 8.40 1.20 2.80 2.60
18.00 19.60 9.20 13.40 10.00 9.80 17.20 18.40 16.80 0.20
6.00 13.00 5.80 8.80 5.40 7.00 3.00 7.80 2.00 16.20
2.80 10.00 17.00 4.60 12.00 18.60 11.60 11.00 3.00 2.60
10.60 17.00 0.20 9.40 9.60 2.20 1.40 6.80 7.60 19.60
17.40 15.60 15.00 19.60 14.80 18.60 13.00 19.60 18.00 11.60
10.20 7.60 5.00 19.40 18.20 1.20 8.00 9.40 16.00 5.60
5.00 11.00 7.80 9.80 18.40 19.20 10.20 19.80 3.80 0.60
10.00 17.80 18.40 13.00 16.00 3.80 12.20 3.20 3.00 4.20
