# nJobs | nMachines
100 20
# Job Weights
10
40
96
93
9
79
14
52
9
80
70
55
70
22
32
4
78
65
86
14
32
79
73
74
7
91
65
35
24
53
37
41
92
18
74
46
94
4
28
46
46
75
1
67
23
73
43
78
32
64
54
15
63
52
84
80
27
55
63
85
52
83
16
94
18
82
46
100
84
63
30
4
60
78
42
53
22
38
18
36
42
17
39
76
1
100
66
83
14
79
72
44
40
100
91
29
75
99
38
23
# P_bar : m1 | m2 | m3 | m4 | m5 | m6 | m7 | m8 | m9 | m10 | m11 | m12 | m13 | m14 | m15 | m16 | m17 | m18 | m19 | m20
9 66 79 83 44 67 84 92 35 29 18 14 75 69 89 44 52 96 32 11
93 63 2 35 40 64 1 8 3 98 77 17 43 28 41 8 89 51 78 82
84 88 54 53 27 92 47 79 9 45 73 31 70 95 16 16 39 53 84 26
58 45 78 1 41 35 60 5 71 66 91 37 11 38 7 93 71 95 27 57
14 52 71 35 9 55 31 72 99 64 96 85 64 89 84 93 72 76 32 33
31 89 65 67 77 99 76 77 89 86 10 84 88 19 53 64 71 95 84 21
19 83 95 26 98 23 12 60 92 75 58 7 94 6 56 65 68 50 74 37
16 80 21 13 64 52 75 21 60 64 70 54 9 52 71 1 42 52 72 67
41 58 18 52 14 30 90 23 44 83 42 40 29 70 40 40 94 27 85 22
9 52 54 31 2 6 72 51 59 12 21 95 58 4 17 74 83 97 60 33
67 21 1 11 19 81 8 16 8 69 11 97 90 81 33 59 14 96 55 47
74 34 87 37 9 91 86 73 51 7 88 44 78 1 3 21 76 88 60 3
85 96 29 13 19 89 86 59 60 27 91 4 63 36 51 79 90 92 8 55
90 69 19 73 28 45 70 20 35 20 78 46 34 30 76 9 14 33 34 19
77 81 38 37 69 33 46 83 5 92 70 10 71 13 2 2 83 23 54 61
40 65 44 56 90 55 52 9 81 28 53 63 49 90 63 70 3 38 47 38
33 61 46 55 71 74 31 60 67 36 51 76 69 30 84 88 1 37 60 63
42 82 25 81 83 46 36 68 70 2 96 23 97 66 55 3 12 11 8 42
74 75 48 61 2 50 10 14 79 86 27 95 10 28 3 95 51 6 39 20
16 61 66 75 16 29 19 67 7 71 47 73 43 36 82 77 46 55 42 62
45 22 81 34 9 2 85 86 51 34 30 78 22 38 46 76 2 40 10 45
62 52 42 2 60 80 49 35 1 74 37 46 16 48 58 94 92 1 62 78
44 10 48 29 1 12 61 58 38 86 63 40 31 97 24 90 23 69 52 57
68 50 34 2 44 63 10 13 91 68 61 34 22 56 57 67 69 96 65 31
76 30 73 60 25 96 26 55 3 94 73 92 62 92 59 27 65 76 32 33
76 84 32 17 86 88 38 57 88 78 80 42 14 93 86 18 30 46 61 71
78 86 68 55 45 47 97 14 88 38 5 56 11 81 39 49 48 66 9 73
29 16 60 3 68 21 71 79 6 77 82 4 46 24 55 3 70 8 25 87
15 54 63 94 1 30 34 72 68 69 49 63 85 38 69 79 15 84 15 46
30 54 49 70 56 44 74 27 26 56 11 93 59 39 36 12 62 62 56 21
93 70 19 35 64 64 12 42 38 12 79 72 73 33 98 6 48 95 3 52
16 37 54 71 7 51 77 59 93 64 78 63 22 7 82 72 19 30 13 95
38 18 14 62 68 95 16 58 89 99 57 62 70 75 44 46 49 20 59 66
27 96 40 92 96 57 55 36 85 41 47 30 52 43 70 7 5 90 95 24
32 80 83 39 30 96 90 63 82 25 91 91 70 92 67 56 22 66 93 27
31 80 66 47 62 62 61 1 99 58 92 96 45 44 74 33 45 76 49 63
88 21 27 10 32 11 43 45 47 20 94 53 45 35 61 59 15 46 67 48
79 58 89 72 25 8 42 10 60 86 33 19 37 2 38 86 29 38 17 43
86 70 69 5 27 92 81 8 4 58 52 40 2 96 87 33 65 41 39 87
61 71 34 40 97 1 1 66 41 13 12 14 90 28 35 28 72 83 91 44
30 62 27 1 54 51 8 62 86 20 37 16 2 13 37 84 45 43 60 87
55 4 3 15 28 32 51 95 12 11 47 66 40 67 98 59 53 37 90 58
8 1 97 67 65 96 16 88 19 33 39 54 70 61 26 54 8 93 94 24
90 4 40 10 7 88 14 69 80 55 4 54 93 71 49 99 11 80 53 50
70 69 57 31 71 15 25 38 37 5 50 64 44 20 12 30 21 68 25 33
58 70 3 40 74 5 92 30 55 71 90 86 71 54 52 14 46 92 12 62
35 77 45 7 8 56 98 60 59 62 58 31 83 53 49 65 95 94 63 56
11 28 42 54 46 68 28 33 55 50 46 99 13 75 92 34 42 21 75 86
66 47 1 86 76 10 97 87 26 93 14 10 3 58 43 6 66 68 63 58
63 78 63 4 45 89 38 91 40 74 84 2 99 74 75 91 23 53 7 42
26 64 14 2 11 43 95 48 22 6 97 74 27 65 83 89 39 76 80 84
92 58 29 89 92 4 78 46 72 39 49 29 98 21 3 80 86 40 16 35
29 47 53 36 54 51 48 18 90 90 33 77 62 60 99 34 4 4 39 91
98 17 5 33 31 84 66 31 39 5 48 14 17 72 87 35 95 89 37 49
59 67 71 98 51 35 18 22 60 81 68 30 35 4 60 91 8 52 7 52
18 84 44 70 48 53 19 2 14 28 36 14 71 85 92 44 41 54 1 86
39 59 57 91 27 82 25 96 92 33 66 48 94 47 75 52 85 87 38 45
1 51 77 64 55 41 79 56 47 78 6 1 58 80 53 73 66 86 48 62
27 47 43 41 39 62 90 17 90 95 54 4 77 71 30 93 68 20 38 3
4 61 59 19 71 78 26 49 43 82 16 71 29 26 59 98 37 15 39 50
38 51 25 24 18 72 48 87 15 38 7 54 61 73 95 30 51 61 83 83
42 97 52 84 48 32 81 35 8 41 35 30 41 36 85 20 46 25 27 57
69 65 19 50 8 17 95 69 24 4 64 42 47 38 63 58 93 85 14 8
4 7 34 51 35 9 37 66 93 94 18 43 2 13 21 34 59 58 46 88
68 71 16 60 62 67 6 69 40 44 8 33 16 66 78 14 14 6 46 10
30 75 38 3 52 74 86 30 68 10 61 32 41 82 72 46 25 40 59 88
39 47 61 56 65 27 83 30 68 28 41 12 59 2 87 61 71 98 12 50
75 83 53 79 95 55 67 77 67 33 65 68 27 76 52 73 15 93 20 22
87 1 36 8 55 76 74 98 41 66 71 8 18 29 39 87 89 78 7 49
45 46 87 34 7 1 91 55 72 16 34 82 33 90 93 41 94 55 85 44
83 54 3 93 37 41 99 78 72 45 35 27 1 36 22 9 61 75 74 6
30 76 56 79 91 73 55 45 73 51 92 59 99 32 82 57 5 97 49 26
55 54 1 72 91 89 79 84 44 89 70 20 3 84 21 82 45 52 48 34
37 59 4 7 73 2 46 47 34 69 65 60 15 78 65 17 52 27 6 40
31 37 4 90 56 45 10 58 24 23 76 76 45 94 81 19 9 32 73 26
74 47 98 2 22 99 52 24 19 9 71 44 82 45 59 32 70 81 57 49
49 55 90 76 98 37 22 56 27 8 81 29 20 14 73 47 50 73 44 93
18 76 23 1 96 74 39 50 31 43 32 68 11 72 74 89 44 29 41 77
76 75 78 7 82 95 8 53 80 64 27 24 90 3 33 2 79 34 35 38
46 23 64 57 84 78 13 12 4 15 95 46 65 18 53 94 64 35 68 15
78 41 90 19 31 48 32 43 94 15 49 94 73 58 47 17 47 78 61 50
99 28 18 2 44 95 4 73 3 26 51 79 71 87 69 98 4 29 1 15
58 78 19 11 19 11 7 3 31 48 65 68 26 30 11 13 59 45 16 22
84 58 67 84 60 28 47 32 38 9 17 49 97 73 31 84 45 25 37 88
89 51 82 9 19 21 34 91 44 11 91 85 50 71 69 12 91 54 70 42
74 40 16 88 56 8 1 25 87 56 23 87 43 5 67 66 35 74 26 63
1 16 53 50 6 88 12 44 77 75 17 17 7 77 3 90 71 77 76 56
86 21 18 52 45 29 93 55 2 75 19 99 78 60 21 86 63 85 87 61
95 88 17 49 24 60 62 97 66 63 28 76 27 6 29 83 94 64 42 64
58 59 25 10 10 2 11 10 20 17 70 81 50 61 28 75 86 2 26 63
17 3 71 23 6 47 81 42 79 93 67 52 70 23 45 67 3 27 22 30
18 39 12 30 44 15 26 73 89 38 40 24 65 29 2 33 77 81 2 4
70 73 24 75 57 1 31 74 90 22 81 57 96 2 53 40 37 17 81 21
49 34 32 43 43 64 41 16 84 22 54 8 27 67 36 56 84 31 55 95
21 45 44 88 1 55 5 47 40 17 52 36 66 69 5 21 50 37 12 20
43 20 39 66 42 32 40 68 8 24 38 67 18 38 79 43 97 20 47 30
26 66 40 23 20 49 11 9 65 93 6 57 96 37 76 1 21 69 26 86
67 35 47 34 83 20 56 92 80 17 8 66 66 80 32 92 42 59 91 95
66 96 53 1 57 33 67 4 50 48 31 5 82 51 87 4 6 39 37 82
89 24 75 82 34 68 49 48 89 27 98 69 23 34 4 44 19 13 41 10
# P_hat : m1 | m2 | m3 | m4 | m5 | m6 | m7 | m8 | m9 | m10 | m11 | m12 | m13 | m14 | m15 | m16 | m17 | m18 | m19 | m20
4.50 33.00 39.50 41.50 22.00 33.50 42.00 46.00 17.50 14.50 9.00 7.00 37.50 34.50 44.50 22.00 26.00 48.00 16.00 5.50
46.50 31.50 1.00 17.50 20.00 32.00 0.50 4.00 1.50 49.00 38.50 8.50 21.50 14.00 20.50 4.00 44.50 25.50 39.00 41.00
42.00 44.00 27.00 26.50 13.50 46.00 23.50 39.50 4.50 22.50 36.50 15.50 35.00 47.50 8.00 8.00 19.50 26.50 42.00 13.00
29.00 22.50 39.00 0.50 20.50 17.50 30.00 2.50 35.50 33.00 45.50 18.50 5.50 19.00 3.50 46.50 35.50 47.50 13.50 28.50
7.00 26.00 35.50 17.50 4.50 27.50 15.50 36.00 49.50 32.00 48.00 42.50 32.00 44.50 42.00 46.50 36.00 38.00 16.00 16.50
15.50 44.50 32.50 33.50 38.50 49.50 38.00 38.50 44.50 43.00 5.00 42.00 44.00 9.50 26.50 32.00 35.50 47.50 42.00 10.50
9.50 41.50 47.50 13.00 49.00 11.50 6.00 30.00 46.00 37.50 29.00 3.50 47.00 3.00 28.00 32.50 34.00 25.00 37.00 18.50
8.00 40.00 10.50 6.50 32.00 26.00 37.50 10.50 30.00 32.00 35.00 27.00 4.50 26.00 35.50 0.50 21.00 26.00 36.00 33.50
20.50 29.00 9.00 26.00 7.00 15.00 45.00 11.50 22.00 41.50 21.00 20.00 14.50 35.00 20.00 20.00 47.00 13.50 42.50 11.00
4.50 26.00 27.00 15.50 1.00 3.00 36.00 25.50 29.50 6.00 10.50 47.50 29.00 2.00 8.50 37.00 41.50 48.50 30.00 16.50
33.50 10.50 0.50 5.50 9.50 40.50 4.00 8.00 4.00 34.50 5.50 48.50 45.00 40.50 16.50 29.50 7.00 48.00 27.50 23.50
37.00 17.00 43.50 18.50 4.50 45.50 43.00 36.50 25.50 3.50 44.00 22.00 39.00 0.50 1.50 10.50 38.00 44.00 30.00 1.50
42.50 48.00 14.50 6.50 9.50 44.50 43.00 29.50 30.00 13.50 45.50 2.00 31.50 18.00 25.50 39.50 45.00 46.00 4.00 27.50
45.00 34.50 9.50 36.50 14.00 22.50 35.00 10.00 17.50 10.00 39.00 23.00 17.00 15.00 38.00 4.50 7.00 16.50 17.00 9.50
38.50 40.50 19.00 18.50 34.50 16.50 23.00 41.50 2.50 46.00 35.00 5.00 35.50 6.50 1.00 1.00 41.50 11.50 27.00 30.50
20.00 32.50 22.00 28.00 45.00 27.50 26.00 4.50 40.50 14.00 26.50 31.50 24.50 45.00 31.50 35.00 1.50 19.00 23.50 19.00
16.50 30.50 23.00 27.50 35.50 37.00 15.50 30.00 33.50 18.00 25.50 38.00 34.50 15.00 42.00 44.00 0.50 18.50 30.00 31.50
21.00 41.00 12.50 40.50 41.50 23.00 18.00 34.00 35.00 1.00 48.00 11.50 48.50 33.00 27.50 1.50 6.00 5.50 4.00 21.00
37.00 37.50 24.00 30.50 1.00 25.00 5.00 7.00 39.50 43.00 13.50 47.50 5.00 14.00 1.50 47.50 25.50 3.00 19.50 10.00
8.00 30.50 33.00 37.50 8.00 14.50 9.50 33.50 3.50 35.50 23.50 36.50 21.50 18.00 41.00 38.50 23.00 27.50 21.00 31.00
22.50 11.00 40.50 17.00 4.50 1.00 42.50 43.00 25.50 17.00 15.00 39.00 11.00 19.00 23.00 38.00 1.00 20.00 5.00 22.50
31.00 26.00 21.00 1.00 30.00 40.00 24.50 17.50 0.50 37.00 18.50 23.00 8.00 24.00 29.00 47.00 46.00 0.50 31.00 39.00
22.00 5.00 24.00 14.50 0.50 6.00 30.50 29.00 19.00 43.00 31.50 20.00 15.50 48.50 12.00 45.00 11.50 34.50 26.00 28.50
34.00 25.00 17.00 1.00 22.00 31.50 5.00 6.50 45.50 34.00 30.50 17.00 11.00 28.00 28.50 33.50 34.50 48.00 32.50 15.50
38.00 15.00 36.50 30.00 12.50 48.00 13.00 27.50 1.50 47.00 36.50 46.00 31.00 46.00 29.50 13.50 32.50 38.00 16.00 16.50
38.00 42.00 16.00 8.50 43.00 44.00 19.00 28.50 44.00 39.00 40.00 21.00 7.00 46.50 43.00 9.00 15.00 23.00 30.50 35.50
39.00 43.00 34.00 27.50 22.50 23.50 48.50 7.00 44.00 19.00 2.50 28.00 5.50 40.50 19.50 24.50 24.00 33.00 4.50 36.50
14.50 8.00 30.00 1.50 34.00 10.50 35.50 39.50 3.00 38.50 41.00 2.00 23.00 12.00 27.50 1.50 35.00 4.00 12.50 43.50
7.50 27.00 31.50 47.00 0.50 15.00 17.00 36.00 34.00 34.50 24.50 31.50 42.50 19.00 34.50 39.50 7.50 42.00 7.50 23.00
15.00 27.00 24.50 35.00 28.00 22.00 37.00 13.50 13.00 28.00 5.50 46.50 29.50 19.50 18.00 6.00 31.00 31.00 28.00 10.50
46.50 35.00 9.50 17.50 32.00 32.00 6.00 21.00 19.00 6.00 39.50 36.00 36.50 16.50 49.00 3.00 24.00 47.50 1.50 26.00
8.00 18.50 27.00 35.50 3.50 25.50 38.50 29.50 46.50 32.00 39.00 31.50 11.00 3.50 41.00 36.00 9.50 15.00 6.50 47.50
19.00 9.00 7.00 31.00 34.00 47.50 8.00 29.00 44.50 49.50 28.50 31.00 35.00 37.50 22.00 23.00 24.50 10.00 29.50 33.00
13.50 48.00 20.00 46.00 48.00 28.50 27.50 18.00 42.50 20.50 23.50 15.00 26.00 21.50 35.00 3.50 2.50 45.00 47.50 12.00
16.00 40.00 41.50 19.50 15.00 48.00 45.00 31.50 41.00 12.50 45.50 45.50 35.00 46.00 33.50 28.00 11.00 33.00 46.50 13.50
15.50 40.00 33.00 23.50 31.00 31.00 30.50 0.50 49.50 29.00 46.00 48.00 22.50 22.00 37.00 16.50 22.50 38.00 24.50 31.50
44.00 10.50 13.50 5.00 16.00 5.50 21.50 22.50 23.50 10.00 47.00 26.50 22.50 17.50 30.50 29.50 7.50 23.00 33.50 24.00
39.50 29.00 44.50 36.00 12.50 4.00 21.00 5.00 30.00 43.00 16.50 9.50 18.50 1.00 19.00 43.00 14.50 19.00 8.50 21.50
43.00 35.00 34.50 2.50 13.50 46.00 40.50 4.00 2.00 29.00 26.00 20.00 1.00 48.00 43.50 16.50 32.50 20.50 19.50 43.50
30.50 35.50 17.00 20.00 48.50 0.50 0.50 33.00 20.50 6.50 6.00 7.00 45.00 14.00 17.50 14.00 36.00 41.50 45.50 22.00
15.00 31.00 13.50 0.50 27.00 25.50 4.00 31.00 43.00 10.00 18.50 8.00 1.00 6.50 18.50 42.00 22.50 21.50 30.00 43.50
27.50 2.00 1.50 7.50 14.00 16.00 25.50 47.50 6.00 5.50 23.50 33.00 20.00 33.50 49.00 29.50 26.50 18.50 45.00 29.00
4.00 0.50 48.50 33.50 32.50 48.00 8.00 44.00 9.50 16.50 19.50 27.00 35.00 30.50 13.00 27.00 4.00 46.50 47.00 12.00
45.00 2.00 20.00 5.00 3.50 44.00 7.00 34.50 40.00 27.50 2.00 27.00 46.50 35.50 24.50 49.50 5.50 40.00 26.50 25.00
35.00 34.50 28.50 15.50 35.50 7.50 12.50 19.00 18.50 2.50 25.00 32.00 22.00 10.00 6.00 15.00 10.50 34.00 12.50 16.50
29.00 35.00 1.50 20.00 37.00 2.50 46.00 15.00 27.50 35.50 45.00 43.00 35.50 27.00 26.00 7.00 23.00 46.00 6.00 31.00
17.50 38.50 22.50 3.50 4.00 28.00 49.00 30.00 29.50 31.00 29.00 15.50 41.50 26.50 24.50 32.50 47.50 47.00 31.50 28.00
5.50 14.00 21.00 27.00 23.00 34.00 14.00 16.50 27.50 25.00 23.00 49.50 6.50 37.50 46.00 17.00 21.00 10.50 37.50 43.00
33.00 23.50 0.50 43.00 38.00 5.00 48.50 43.50 13.00 46.50 7.00 5.00 1.50 29.00 21.50 3.00 33.00 34.00 31.50 29.00
31.50 39.00 31.50 2.00 22.50 44.50 19.00 45.50 20.00 37.00 42.00 1.00 49.50 37.00 37.50 45.50 11.50 26.50 3.50 21.00
13.00 32.00 7.00 1.00 5.50 21.50 47.50 24.00 11.00 3.00 48.50 37.00 13.50 32.50 41.50 44.50 19.50 38.00 40.00 42.00
46.00 29.00 14.50 44.50 46.00 2.00 39.00 23.00 36.00 19.50 24.50 14.50 49.00 10.50 1.50 40.00 43.00 20.00 8.00 17.50
14.50 23.50 26.50 18.00 27.00 25.50 24.00 9.00 45.00 45.00 16.50 38.50 31.00 30.00 49.50 17.00 2.00 2.00 19.50 45.50
49.00 8.50 2.50 16.50 15.50 42.00 33.00 15.50 19.50 2.50 24.00 7.00 8.50 36.00 43.50 17.50 47.50 44.50 18.50 24.50
29.50 33.50 35.50 49.00 25.50 17.50 9.00 11.00 30.00 40.50 34.00 15.00 17.50 2.00 30.00 45.50 4.00 26.00 3.50 26.00
9.00 42.00 22.00 35.00 24.00 26.50 9.50 1.00 7.00 14.00 18.00 7.00 35.50 42.50 46.00 22.00 20.50 27.00 0.50 43.00
19.50 29.50 28.50 45.50 13.50 41.00 12.50 48.00 46.00 16.50 33.00 24.00 47.00 23.50 37.50 26.00 42.50 43.50 19.00 22.50
0.50 25.50 38.50 32.00 27.50 20.50 39.50 28.00 23.50 39.00 3.00 0.50 29.00 40.00 26.50 36.50 33.00 43.00 24.00 31.00
13.50 23.50 21.50 20.50 19.50 31.00 45.00 8.50 45.00 47.50 27.00 2.00 38.50 35.50 15.00 46.50 34.00 10.00 19.00 1.50
2.00 30.50 29.50 9.50 35.50 39.00 13.00 24.50 21.50 41.00 8.00 35.50 14.50 13.00 29.50 49.00 18.50 7.50 19.50 25.00
19.00 25.50 12.50 12.00 9.00 36.00 24.00 43.50 7.50 19.00 3.50 27.00 30.50 36.50 47.50 15.00 25.50 30.50 41.50 41.50
21.00 48.50 26.00 42.00 24.00 16.00 40.50 17.50 4.00 20.50 17.50 15.00 20.50 18.00 42.50 10.00 23.00 12.50 13.50 28.50
34.50 32.50 9.50 25.00 4.00 8.50 47.50 34.50 12.00 2.00 32.00 21.00 23.50 19.00 31.50 29.00 46.50 42.50 7.00 4.00
2.00 3.50 17.00 25.50 17.50 4.50 18.50 33.00 46.50 47.00 9.00 21.50 1.00 6.50 10.50 17.00 29.50 29.00 23.00 44.00
34.00 35.50 8.00 30.00 31.00 33.50 3.00 34.50 20.00 22.00 4.00 16.50 8.00 33.00 39.00 7.00 7.00 3.00 23.00 5.00
15.00 37.50 19.00 1.50 26.00 37.00 43.00 15.00 34.00 5.00 30.50 16.00 20.50 41.00 36.00 23.00 12.50 20.00 29.50 44.00
19.50 23.50 30.50 28.00 32.50 13.50 41.50 15.00 34.00 14.00 20.50 6.00 29.50 1.00 43.50 30.50 35.50 49.00 6.00 25.00
37.50 41.50 26.50 39.50 47.50 27.50 33.50 38.50 33.50 16.50 32.50 34.00 13.50 38.00 26.00 36.50 7.50 46.50 10.00 11.00
43.50 0.50 18.00 4.00 27.50 38.00 37.00 49.00 20.50 33.00 35.50 4.00 9.00 14.50 19.50 43.50 44.50 39.00 3.50 24.50
22.50 23.00 43.50 17.00 3.50 0.50 45.50 27.50 36.00 8.00 17.00 41.00 16.50 45.00 46.50 20.50 47.00 27.50 42.50 22.00
41.50 27.00 1.50 46.50 18.50 20.50 49.50 39.00 36.00 22.50 17.50 13.50 0.50 18.00 11.00 4.50 30.50 37.50 37.00 3.00
15.00 38.00 28.00 39.50 45.50 36.50 27.50 22.50 36.50 25.50 46.00 29.50 49.50 16.00 41.00 28.50 2.50 48.50 24.50 13.00
27.50 27.00 0.50 36.00 45.50 44.50 39.50 42.00 22.00 44.50 35.00 10.00 1.50 42.00 10.50 41.00 22.50 26.00 24.00 17.00
18.50 29.50 2.00 3.50 36.50 1.00 23.00 23.50 17.00 34.50 32.50 30.00 7.50 39.00 32.50 8.50 26.00 13.50 3.00 20.00
15.50 18.50 2.00 45.00 28.00 22.50 5.00 29.00 12.00 11.50 38.00 38.00 22.50 47.00 40.50 9.50 4.50 16.00 36.50 13.00
37.00 23.50 49.00 1.00 11.00 49.50 26.00 12.00 9.50 4.50 35.50 22.00 41.00 22.50 29.50 16.00 35.00 40.50 28.50 24.50
24.50 27.50 45.00 38.00 49.00 18.50 11.00 28.00 13.50 4.00 40.50 14.50 10.00 7.00 36.50 23.50 25.00 36.50 22.00 46.50
9.00 38.00 11.50 0.50 48.00 37.00 19.50 25.00 15.50 21.50 16.00 34.00 5.50 36.00 37.00 44.50 22.00 14.50 20.50 38.50
38.00 37.50 39.00 3.50 41.00 47.50 4.00 26.50 40.00 32.00 13.50 12.00 45.00 1.50 16.50 1.00 39.50 17.00 17.50 19.00
23.00 11.50 32.00 28.50 42.00 39.00 6.50 6.00 2.00 7.50 47.50 23.00 32.50 9.00 26.50 47.00 32.00 17.50 34.00 7.50
39.00 20.50 45.00 9.50 15.50 24.00 16.00 21.50 47.00 7.50 24.50 47.00 36.50 29.00 23.50 8.50 23.50 39.00 30.50 25.00
49.50 14.00 9.00 1.00 22.00 47.50 2.00 36.50 1.50 13.00 25.50 39.50 35.50 43.50 34.50 49.00 2.00 14.50 0.50 7.50
29.00 39.00 9.50 5.50 9.50 5.50 3.50 1.50 15.50 24.00 32.50 34.00 13.00 15.00 5.50 6.50 29.50 22.50 8.00 11.00
42.00 29.00 33.50 42.00 30.00 14.00 23.50 16.00 19.00 4.50 8.50 24.50 48.50 36.50 15.50 42.00 22.50 12.50 18.50 44.00
44.50 25.50 41.00 4.50 9.50 10.50 17.00 45.50 22.00 5.50 45.50 42.50 25.00 35.50 34.50 6.00 45.50 27.00 35.00 21.00
37.00 20.00 8.00 44.00 28.00 4.00 0.50 12.50 43.50 28.00 11.50 43.50 21.50 2.50 33.50 33.00 17.50 37.00 13.00 31.50
0.50 8.00 26.50 25.00 3.00 44.00 6.00 22.00 38.50 37.50 8.50 8.50 3.50 38.50 1.50 45.00 35.50 38.50 38.00 28.00
43.00 10.50 9.00 26.00 22.50 14.50 46.50 27.50 1.00 37.50 9.50 49.50 39.00 30.00 10.50 43.00 31.50 42.50 43.50 30.50
47.50 44.00 8.50 24.50 12.00 30.00 31.00 48.50 33.00 31.50 14.00 38.00 13.50 3.00 14.50 41.50 47.00 32.00 21.00 32.00
29.00 29.50 12.50 5.00 5.00 1.00 5.50 5.00 10.00 8.50 35.00 40.50 25.00 30.50 14.00 37.50 43.00 1.00 13.00 31.50
8.50 1.50 35.50 11.50 3.00 23.50 40.50 21.00 39.50 46.50 33.50 26.00 35.00 11.50 22.50 33.50 1.50 13.50 11.00 15.00
9.00 19.50 6.00 15.00 22.00 7.50 13.00 36.50 44.50 19.00 20.00 12.00 32.50 14.50 1.00 16.50 38.50 40.50 1.00 2.00
35.00 36.50 12.00 37.50 28.50 0.50 15.50 37.00 45.00 11.00 40.50 28.50 48.00 1.00 26.50 20.00 18.50 8.50 40.50 10.50
24.50 17.00 16.00 21.50 21.50 32.00 20.50 8.00 42.00 11.00 27.00 4.00 13.50 33.50 18.00 28.00 42.00 15.50 27.50 47.50
10.50 22.50 22.00 44.00 0.50 27.50 2.50 23.50 20.00 8.50 26.00 18.00 33.00 34.50 2.50 10.50 25.00 18.50 6.00 10.00
21.50 10.00 19.50 33.00 21.00 16.00 20.00 34.00 4.00 12.00 19.00 33.50 9.00 19.00 39.50 21.50 48.50 10.00 23.50 15.00
13.00 33.00 20.00 11.50 10.00 24.50 5.50 4.50 32.50 46.50 3.00 28.50 48.00 18.50 38.00 0.50 10.50 34.50 13.00 43.00
33.50 17.50 23.50 17.00 41.50 10.00 28.00 46.00 40.00 8.50 4.00 33.00 33.00 40.00 16.00 46.00 21.00 29.50 45.50 47.50
33.00 48.00 26.50 0.50 28.50 16.50 33.50 2.00 25.00 24.00 15.50 2.50 41.00 25.50 43.50 2.00 3.00 19.50 18.50 41.00
44.50 12.00 37.50 41.00 17.00 34.00 24.50 24.00 44.50 13.50 49.00 34.50 11.50 17.00 2.00 22.00 9.50 6.50 20.50 5.00
