# nJobs | nMachines
100 5
# Job Weights
64
8
42
2
30
22
81
25
66
42
96
36
17
27
91
36
99
51
37
41
30
90
32
25
69
79
15
73
61
40
82
15
81
92
85
12
10
28
90
90
61
19
45
80
90
35
81
78
3
29
80
100
27
68
100
52
17
86
12
31
82
37
13
23
77
15
8
61
68
30
21
78
46
37
59
37
8
10
30
81
97
89
30
90
98
84
62
97
10
73
91
9
71
73
3
28
26
34
1
88
# P_bar : m1 | m2 | m3 | m4 | m5
94 65 51 32 15
17 67 20 11 53
1 55 55 34 87
97 35 55 47 5
91 19 15 33 21
9 18 46 7 32
75 35 15 18 53
38 39 60 69 27
34 89 40 95 14
17 57 67 95 29
7 79 46 71 30
62 5 29 27 76
16 33 14 24 58
61 46 35 32 28
31 47 81 1 29
58 46 8 42 43
14 99 55 82 25
29 39 55 95 35
29 7 1 90 83
31 15 62 28 22
52 56 97 36 3
36 32 93 6 10
85 62 58 83 73
68 50 46 17 47
63 99 92 30 87
21 89 62 96 50
15 30 58 32 74
50 24 1 3 7
55 23 18 64 89
73 44 14 67 89
87 83 74 7 72
90 13 29 92 9
41 83 85 50 34
80 73 95 90 7
5 34 11 40 32
18 89 30 96 82
68 18 73 96 77
94 32 24 18 64
51 90 83 92 13
29 73 15 29 55
12 28 77 85 81
69 18 63 39 55
54 81 43 75 37
99 31 40 61 43
1 2 98 10 99
82 3 17 99 39
99 78 89 21 25
87 99 18 85 17
61 71 54 54 13
24 8 33 33 65
54 88 66 52 60
7 76 97 96 70
77 33 61 64 22
78 66 51 22 62
86 3 2 2 37
83 31 51 85 95
65 8 72 49 87
77 63 33 82 18
98 53 46 91 31
33 89 83 13 75
92 63 17 62 23
15 49 16 56 48
59 60 93 63 18
22 53 63 53 5
79 70 39 88 63
44 9 55 95 1
99 16 28 71 25
19 79 78 75 6
32 93 68 21 29
81 69 76 18 27
57 4 48 59 10
53 95 64 17 29
48 87 87 11 53
97 49 26 80 87
3 79 14 51 39
70 14 48 31 46
21 4 78 77 18
51 20 82 84 44
14 10 33 20 24
41 28 22 16 86
91 4 45 19 65
75 91 49 16 45
35 63 90 73 52
54 66 82 12 95
9 25 73 97 22
25 12 70 92 97
27 36 95 65 71
97 94 99 52 31
20 19 64 22 46
20 49 97 62 54
23 19 73 26 59
46 18 44 41 90
76 18 68 56 72
34 53 88 32 65
86 49 21 54 84
30 29 58 60 20
99 42 25 85 17
9 59 1 66 51
91 48 27 10 57
81 3 15 37 72
# P_hat : m1 | m2 | m3 | m4 | m5
47.00 32.50 25.50 16.00 7.50
8.50 33.50 10.00 5.50 26.50
0.50 27.50 27.50 17.00 43.50
48.50 17.50 27.50 23.50 2.50
45.50 9.50 7.50 16.50 10.50
4.50 9.00 23.00 3.50 16.00
37.50 17.50 7.50 9.00 26.50
19.00 19.50 30.00 34.50 13.50
17.00 44.50 20.00 47.50 7.00
8.50 28.50 33.50 47.50 14.50
3.50 39.50 23.00 35.50 15.00
31.00 2.50 14.50 13.50 38.00
8.00 16.50 7.00 12.00 29.00
30.50 23.00 17.50 16.00 14.00
15.50 23.50 40.50 0.50 14.50
29.00 23.00 4.00 21.00 21.50
7.00 49.50 27.50 41.00 12.50
14.50 19.50 27.50 47.50 17.50
14.50 3.50 0.50 45.00 41.50
15.50 7.50 31.00 14.00 11.00
26.00 28.00 48.50 18.00 1.50
18.00 16.00 46.50 3.00 5.00
42.50 31.00 29.00 41.50 36.50
34.00 25.00 23.00 8.50 23.50
31.50 49.50 46.00 15.00 43.50
10.50 44.50 31.00 48.00 25.00
7.50 15.00 29.00 16.00 37.00
25.00 12.00 0.50 1.50 3.50
27.50 11.50 9.00 32.00 44.50
36.50 22.00 7.00 33.50 44.50
43.50 41.50 37.00 3.50 36.00
45.00 6.50 14.50 46.00 4.50
20.50 41.50 42.50 25.00 17.00
40.00 36.50 47.50 45.00 3.50
2.50 17.00 5.50 20.00 16.00
9.00 44.50 15.00 48.00 41.00
34.00 9.00 36.50 48.00 38.50
47.00 16.00 12.00 9.00 32.00
25.50 45.00 41.50 46.00 6.50
14.50 36.50 7.50 14.50 27.50
6.00 14.00 38.50 42.50 40.50
34.50 9.00 31.50 19.50 27.50
27.00 40.50 21.50 37.50 18.50
49.50 15.50 20.00 30.50 21.50
0.50 1.00 49.00 5.00 49.50
41.00 1.50 8.50 49.50 19.50
49.50 39.00 44.50 10.50 12.50
43.50 49.50 9.00 42.50 8.50
30.50 35.50 27.00 27.00 6.50
12.00 4.00 16.50 16.50 32.50
27.00 44.00 33.00 26.00 30.00
3.50 38.00 48.50 48.00 35.00
38.50 16.50 30.50 32.00 11.00
39.00 33.00 25.50 11.00 31.00
43.00 1.50 1.00 1.00 18.50
41.50 15.50 25.50 42.50 47.50
32.50 4.00 36.00 24.50 43.50
38.50 31.50 16.50 41.00 9.00
49.00 26.50 23.00 45.50 15.50
16.50 44.50 41.50 6.50 37.50
46.00 31.50 8.50 31.00 11.50
7.50 24.50 8.00 28.00 24.00
29.50 30.00 46.50 31.50 9.00
11.00 26.50 31.50 26.50 2.50
39.50 35.00 19.50 44.00 31.50
22.00 4.50 27.50 47.50 0.50
49.50 8.00 14.00 35.50 12.50
9.50 39.50 39.00 37.50 3.00
16.00 46.50 34.00 10.50 14.50
40.50 34.50 38.00 9.00 13.50
28.50 2.00 24.00 29.50 5.00
26.50 47.50 32.00 8.50 14.50
24.00 43.50 43.50 5.50 26.50
48.50 24.50 13.00 40.00 43.50
1.50 39.50 7.00 25.50 19.50
35.00 7.00 24.00 15.50 23.00
10.50 2.00 39.00 38.50 9.00
25.50 10.00 41.00 42.00 22.00
7.00 5.00 16.50 10.00 12.00
20.50 14.00 11.00 8.00 43.00
45.50 2.00 22.50 9.50 32.50
37.50 45.50 24.50 8.00 22.50
17.50 31.50 45.00 36.50 26.00
27.00 33.00 41.00 6.00 47.50
4.50 12.50 36.50 48.50 11.00
12.50 6.00 35.00 46.00 48.50
13.50 18.00 47.50 32.50 35.50
48.50 47.00 49.50 26.00 15.50
10.00 9.50 32.00 11.00 23.00
10.00 24.50 48.50 31.00 27.00
11.50 9.50 36.50 13.00 29.50
23.00 9.00 22.00 20.50 45.00
38.00 9.00 34.00 28.00 36.00
17.00 26.50 44.00 16.00 32.50
43.00 24.50 10.50 27.00 42.00
15.00 14.50 29.00 30.00 10.00
49.50 21.00 12.50 42.50 8.50
4.50 29.50 0.50 33.00 25.50
45.50 24.00 13.50 5.00 28.50
40.50 1.50 7.50 18.50 36.00
