# nJobs | nMachines
100 5
# Job Weights
98
33
13
40
100
9
1
4
41
59
73
15
57
67
40
25
23
2
44
35
3
30
11
100
51
69
22
64
44
69
1
29
53
81
59
40
77
79
51
40
7
47
4
23
89
32
97
45
46
33
55
71
77
81
28
82
78
48
75
75
70
78
15
99
55
79
99
46
39
79
35
72
54
57
67
77
96
62
58
7
2
60
7
10
3
24
22
86
67
25
77
18
39
59
18
20
99
38
78
39
# P_bar : m1 | m2 | m3 | m4 | m5
69 78 28 55 39
53 26 54 57 81
81 41 66 50 33
70 62 30 42 63
96 28 77 18 60
25 54 69 95 73
24 27 50 68 61
95 38 85 22 74
30 64 62 33 8
40 66 80 15 49
37 82 58 4 93
5 78 77 66 90
88 52 55 50 37
74 18 80 6 18
95 1 94 81 55
26 54 6 45 6
96 43 22 61 3
3 48 33 33 80
44 67 66 53 65
3 8 55 69 37
8 36 57 3 12
44 38 49 61 17
13 32 82 40 21
92 74 75 72 59
2 96 91 28 60
69 34 14 42 94
48 56 72 69 24
23 28 72 42 19
96 66 77 73 81
92 93 83 46 54
56 51 27 75 9
15 28 61 75 49
47 63 57 35 41
41 84 78 75 41
96 25 23 1 85
35 85 60 74 56
56 1 33 3 49
34 42 49 13 6
80 12 63 66 81
73 42 25 51 60
96 23 87 72 76
81 85 36 9 1
32 77 18 45 30
55 7 70 73 84
22 43 8 32 46
43 84 68 19 2
26 76 50 98 64
20 85 89 93 76
53 29 5 27 75
63 96 28 8 49
33 3 5 55 37
47 44 27 7 44
93 88 51 89 80
68 17 53 36 47
8 44 20 41 35
51 17 48 35 15
18 35 45 35 9
80 16 61 36 31
17 2 73 13 63
88 16 32 85 14
72 68 44 21 13
97 40 35 33 55
36 76 81 33 16
58 33 75 21 42
35 92 21 3 18
56 70 8 10 52
13 6 20 51 63
73 53 86 81 28
5 57 64 65 65
12 47 56 29 73
12 41 86 15 72
17 50 87 60 62
21 97 9 60 31
44 66 58 87 97
34 33 78 87 67
61 96 39 36 17
99 4 15 19 69
54 12 25 73 11
18 26 43 57 46
2 89 10 27 39
13 29 83 14 65
17 10 32 49 89
60 15 5 49 69
90 59 49 37 24
36 54 23 37 3
52 92 12 83 62
88 39 56 86 97
56 52 35 13 46
34 95 34 10 44
97 4 66 44 89
80 35 31 42 47
8 42 54 98 90
84 19 6 3 59
17 74 37 99 41
43 45 69 21 13
30 7 1 19 23
19 60 92 71 16
38 29 63 65 45
76 48 28 96 42
88 76 50 36 96
# P_hat : m1 | m2 | m3 | m4 | m5
6.90 7.80 2.80 5.50 3.90
5.30 2.60 5.40 5.70 8.10
8.10 4.10 6.60 5.00 3.30
7.00 6.20 3.00 4.20 6.30
9.60 2.80 7.70 1.80 6.00
2.50 5.40 6.90 9.50 7.30
2.40 2.70 5.00 6.80 6.10
9.50 3.80 8.50 2.20 7.40
3.00 6.40 6.20 3.30 0.80
4.00 6.60 8.00 1.50 4.90
3.70 8.20 5.80 0.40 9.30
0.50 7.80 7.70 6.60 9.00
8.80 5.20 5.50 5.00 3.70
7.40 1.80 8.00 0.60 1.80
9.50 0.10 9.40 8.10 5.50
2.60 5.40 0.60 4.50 0.60
9.60 4.30 2.20 6.10 0.30
0.30 4.80 3.30 3.30 8.00
4.40 6.70 6.60 5.30 6.50
0.30 0.80 5.50 6.90 3.70
0.80 3.60 5.70 0.30 1.20
4.40 3.80 4.90 6.10 1.70
1.30 3.20 8.20 4.00 2.10
9.20 7.40 7.50 7.20 5.90
0.20 9.60 9.10 2.80 6.00
6.90 3.40 1.40 4.20 9.40
4.80 5.60 7.20 6.90 2.40
2.30 2.80 7.20 4.20 1.90
9.60 6.60 7.70 7.30 8.10
9.20 9.30 8.30 4.60 5.40
5.60 5.10 2.70 7.50 0.90
1.50 2.80 6.10 7.50 4.90
4.70 6.30 5.70 3.50 4.10
4.10 8.40 7.80 7.50 4.10
9.60 2.50 2.30 0.10 8.50
3.50 8.50 6.00 7.40 5.60
5.60 0.10 3.30 0.30 4.90
3.40 4.20 4.90 1.30 0.60
8.00 1.20 6.30 6.60 8.10
7.30 4.20 2.50 5.10 6.00
9.60 2.30 8.70 7.20 7.60
8.10 8.50 3.60 0.90 0.10
3.20 7.70 1.80 4.50 3.00
5.50 0.70 7.00 7.30 8.40
2.20 4.30 0.80 3.20 4.60
4.30 8.40 6.80 1.90 0.20
2.60 7.60 5.00 9.80 6.40
2.00 8.50 8.90 9.30 7.60
5.30 2.90 0.50 2.70 7.50
6.30 9.60 2.80 0.80 4.90
3.30 0.30 0.50 5.50 3.70
4.70 4.40 2.70 0.70 4.40
9.30 8.80 5.10 8.90 8.00
6.80 1.70 5.30 3.60 4.70
0.80 4.40 2.00 4.10 3.50
5.10 1.70 4.80 3.50 1.50
1.80 3.50 4.50 3.50 0.90
8.00 1.60 6.10 3.60 3.10
1.70 0.20 7.30 1.30 6.30
8.80 1.60 3.20 8.50 1.40
7.20 6.80 4.40 2.10 1.30
9.70 4.00 3.50 3.30 5.50
3.60 7.60 8.10 3.30 1.60
5.80 3.30 7.50 2.10 4.20
3.50 9.20 2.10 0.30 1.80
5.60 7.00 0.80 1.00 5.20
1.30 0.60 2.00 5.10 6.30
7.30 5.30 8.60 8.10 2.80
0.50 5.70 6.40 6.50 6.50
1.20 4.70 5.60 2.90 7.30
1.20 4.10 8.60 1.50 7.20
1.70 5.00 8.70 6.00 6.20
2.10 9.70 0.90 6.00 3.10
4.40 6.60 5.80 8.70 9.70
3.40 3.30 7.80 8.70 6.70
6.10 9.60 3.90 3.60 1.70
9.90 0.40 1.50 1.90 6.90
5.40 1.20 2.50 7.30 1.10
1.80 2.60 4.30 5.70 4.60
0.20 8.90 1.00 2.70 3.90
1.30 2.90 8.30 1.40 6.50
1.70 1.00 3.20 4.90 8.90
6.00 1.50 0.50 4.90 6.90
9.00 5.90 4.90 3.70 2.40
3.60 5.40 2.30 3.70 0.30
5.20 9.20 1.20 8.30 6.20
8.80 3.90 5.60 8.60 9.70
5.60 5.20 3.50 1.30 4.60
3.40 9.50 3.40 1.00 4.40
9.70 0.40 6.60 4.40 8.90
8.00 3.50 3.10 4.20 4.70
0.80 4.20 5.40 9.80 9.00
8.40 1.90 0.60 0.30 5.90
1.70 7.40 3.70 9.90 4.10
4.30 4.50 6.90 2.10 1.30
3.00 0.70 0.10 1.90 2.30
1.90 6.00 9.20 7.10 1.60
3.80 2.90 6.30 6.50 4.50
7.60 4.80 2.80 9.60 4.20
8.80 7.60 5.00 3.60 9.60
