# nJobs | nMachines
50 20
# Job Weights
6
70
71
60
67
77
22
38
48
43
79
1
81
63
31
33
44
75
38
17
35
8
12
71
7
63
43
81
56
88
33
6
90
69
31
84
69
65
84
73
83
68
21
48
32
76
33
12
65
19
# P_bar : m1 | m2 | m3 | m4 | m5 | m6 | m7 | m8 | m9 | m10 | m11 | m12 | m13 | m14 | m15 | m16 | m17 | m18 | m19 | m20
89 32 38 28 52 46 31 15 37 18 51 74 4 78 32 47 94 22 83 74
97 95 7 17 7 84 27 86 71 48 92 42 73 52 68 83 24 52 69 18
1 41 50 44 77 28 38 51 68 88 5 88 56 4 56 7 98 8 26 66
77 54 55 83 29 42 81 83 90 43 6 65 2 39 55 72 6 93 53 40
90 68 69 94 8 22 59 45 51 14 60 1 60 71 71 50 7 19 50 70
52 63 26 78 53 43 71 67 73 90 68 79 55 19 41 20 4 71 20 95
35 90 98 34 30 68 83 68 84 33 30 25 13 45 16 98 99 93 22 28
52 23 99 54 16 7 80 14 86 62 51 42 34 69 40 98 99 42 39 84
5 94 81 4 7 45 78 23 58 86 1 8 79 3 73 90 9 28 85 51
67 78 63 81 4 18 20 40 98 83 8 27 62 63 54 66 32 91 63 25
44 82 17 73 73 40 6 52 84 14 2 39 19 48 65 77 37 51 58 40
6 53 23 27 55 89 68 68 84 8 55 43 15 49 8 89 60 14 83 53
98 57 92 14 5 77 72 87 21 73 78 53 25 28 90 23 31 62 92 88
14 51 28 43 26 57 24 56 49 33 35 30 6 74 74 64 64 22 48 20
2 45 78 29 14 37 95 68 12 54 51 11 43 7 35 57 19 23 3 38
86 3 94 35 30 72 63 44 16 75 19 87 26 54 1 42 84 83 20 99
53 31 4 25 92 36 84 99 52 67 94 25 15 69 66 83 71 63 58 40
14 59 98 40 16 58 54 21 81 58 85 78 92 31 99 90 1 84 10 1
68 97 61 39 64 17 6 82 86 60 40 63 82 1 99 63 95 34 5 73
6 55 74 3 20 84 33 91 91 43 50 27 65 33 1 26 55 66 16 6
20 99 20 60 3 80 39 18 35 62 61 61 94 82 17 22 45 49 74 65
37 94 21 16 46 33 69 71 60 4 52 35 30 30 93 94 39 61 35 99
74 15 79 69 58 83 58 28 9 49 79 15 20 39 60 26 95 51 21 62
58 72 29 17 18 76 51 85 7 80 94 73 37 81 43 22 88 91 68 53
80 51 56 93 99 28 44 70 80 35 48 67 26 66 50 54 45 42 26 26
40 49 24 49 67 76 59 85 17 47 99 94 81 68 37 74 16 39 77 64
78 59 9 24 40 41 7 19 30 68 47 51 31 87 28 62 5 80 94 36
23 82 12 13 62 85 27 1 84 55 30 76 96 48 43 57 87 96 29 77
54 21 42 28 11 21 74 24 76 21 18 52 42 73 3 3 72 9 17 29
12 38 77 51 23 70 3 43 38 44 81 93 40 70 83 53 35 31 35 10
43 53 38 91 24 3 51 39 48 72 17 31 41 11 72 20 86 29 72 2
33 28 3 44 27 41 44 74 57 81 4 22 85 80 86 60 50 97 27 66
56 84 50 55 86 65 68 47 79 64 22 73 59 90 19 87 62 50 84 25
39 61 36 3 32 86 84 47 43 78 21 62 67 99 49 66 2 8 93 91
17 29 4 32 26 66 20 92 82 70 35 27 11 20 67 18 82 26 16 9
93 29 96 99 97 74 47 87 55 60 44 16 41 48 54 83 17 72 71 46
16 24 51 23 12 75 7 42 46 61 2 81 47 17 75 65 68 92 18 75
45 43 35 96 61 1 85 9 82 50 48 55 22 59 36 42 24 21 99 73
63 47 27 63 78 12 92 37 77 37 85 29 91 15 6 49 24 3 3 61
22 89 97 91 77 99 35 70 56 13 60 92 17 40 68 3 80 36 90 19
87 15 2 94 75 59 2 61 49 6 37 45 75 37 37 65 44 50 89 73
72 55 65 6 35 91 94 27 88 36 7 75 72 93 9 78 55 80 65 2
65 75 32 25 5 40 23 18 13 38 62 63 76 98 35 54 57 57 16 35
46 55 14 56 32 5 33 20 99 20 14 81 45 53 24 12 4 15 15 12
79 34 44 49 47 38 7 33 84 23 83 18 67 35 26 74 31 6 53 27
61 26 4 98 89 14 3 39 18 59 26 68 57 91 97 88 65 89 69 15
30 60 45 97 95 41 23 1 74 3 13 60 87 7 89 15 59 29 55 41
76 66 69 6 62 78 63 83 49 63 50 2 23 34 92 71 21 89 22 83
64 88 62 77 68 99 94 32 54 81 72 48 88 55 94 35 95 75 61 15
47 21 57 88 39 38 68 1 31 1 58 30 78 43 86 41 16 98 26 35
# P_hat : m1 | m2 | m3 | m4 | m5 | m6 | m7 | m8 | m9 | m10 | m11 | m12 | m13 | m14 | m15 | m16 | m17 | m18 | m19 | m20
44.50 16.00 19.00 14.00 26.00 23.00 15.50 7.50 18.50 9.00 25.50 37.00 2.00 39.00 16.00 23.50 47.00 11.00 41.50 37.00
48.50 47.50 3.50 8.50 3.50 42.00 13.50 43.00 35.50 24.00 46.00 21.00 36.50 26.00 34.00 41.50 12.00 26.00 34.50 9.00
0.50 20.50 25.00 22.00 38.50 14.00 19.00 25.50 34.00 44.00 2.50 44.00 28.00 2.00 28.00 3.50 49.00 4.00 13.00 33.00
38.50 27.00 27.50 41.50 14.50 21.00 40.50 41.50 45.00 21.50 3.00 32.50 1.00 19.50 27.50 36.00 3.00 46.50 26.50 20.00
45.00 34.00 34.50 47.00 4.00 11.00 29.50 22.50 25.50 7.00 30.00 0.50 30.00 35.50 35.50 25.00 3.50 9.50 25.00 35.00
26.00 31.50 13.00 39.00 26.50 21.50 35.50 33.50 36.50 45.00 34.00 39.50 27.50 9.50 20.50 10.00 2.00 35.50 10.00 47.50
17.50 45.00 49.00 17.00 15.00 34.00 41.50 34.00 42.00 16.50 15.00 12.50 6.50 22.50 8.00 49.00 49.50 46.50 11.00 14.00
26.00 11.50 49.50 27.00 8.00 3.50 40.00 7.00 43.00 31.00 25.50 21.00 17.00 34.50 20.00 49.00 49.50 21.00 19.50 42.00
2.50 47.00 40.50 2.00 3.50 22.50 39.00 11.50 29.00 43.00 0.50 4.00 39.50 1.50 36.50 45.00 4.50 14.00 42.50 25.50
33.50 39.00 31.50 40.50 2.00 9.00 10.00 20.00 49.00 41.50 4.00 13.50 31.00 31.50 27.00 33.00 16.00 45.50 31.50 12.50
22.00 41.00 8.50 36.50 36.50 20.00 3.00 26.00 42.00 7.00 1.00 19.50 9.50 24.00 32.50 38.50 18.50 25.50 29.00 20.00
3.00 26.50 11.50 13.50 27.50 44.50 34.00 34.00 42.00 4.00 27.50 21.50 7.50 24.50 4.00 44.50 30.00 7.00 41.50 26.50
49.00 28.50 46.00 7.00 2.50 38.50 36.00 43.50 10.50 36.50 39.00 26.50 12.50 14.00 45.00 11.50 15.50 31.00 46.00 44.00
7.00 25.50 14.00 21.50 13.00 28.50 12.00 28.00 24.50 16.50 17.50 15.00 3.00 37.00 37.00 32.00 32.00 11.00 24.00 10.00
1.00 22.50 39.00 14.50 7.00 18.50 47.50 34.00 6.00 27.00 25.50 5.50 21.50 3.50 17.50 28.50 9.50 11.50 1.50 19.00
43.00 1.50 47.00 17.50 15.00 36.00 31.50 22.00 8.00 37.50 9.50 43.50 13.00 27.00 0.50 21.00 42.00 41.50 10.00 49.50
26.50 15.50 2.00 12.50 46.00 18.00 42.00 49.50 26.00 33.50 47.00 12.50 7.50 34.50 33.00 41.50 35.50 31.50 29.00 20.00
7.00 29.50 49.00 20.00 8.00 29.00 27.00 10.50 40.50 29.00 42.50 39.00 46.00 15.50 49.50 45.00 0.50 42.00 5.00 0.50
34.00 48.50 30.50 19.50 32.00 8.50 3.00 41.00 43.00 30.00 20.00 31.50 41.00 0.50 49.50 31.50 47.50 17.00 2.50 36.50
3.00 27.50 37.00 1.50 10.00 42.00 16.50 45.50 45.50 21.50 25.00 13.50 32.50 16.50 0.50 13.00 27.50 33.00 8.00 3.00
10.00 49.50 10.00 30.00 1.50 40.00 19.50 9.00 17.50 31.00 30.50 30.50 47.00 41.00 8.50 11.00 22.50 24.50 37.00 32.50
18.50 47.00 10.50 8.00 23.00 16.50 34.50 35.50 30.00 2.00 26.00 17.50 15.00 15.00 46.50 47.00 19.50 30.50 17.50 49.50
37.00 7.50 39.50 34.50 29.00 41.50 29.00 14.00 4.50 24.50 39.50 7.50 10.00 19.50 30.00 13.00 47.50 25.50 10.50 31.00
29.00 36.00 14.50 8.50 9.00 38.00 25.50 42.50 3.50 40.00 47.00 36.50 18.50 40.50 21.50 11.00 44.00 45.50 34.00 26.50
40.00 25.50 28.00 46.50 49.50 14.00 22.00 35.00 40.00 17.50 24.00 33.50 13.00 33.00 25.00 27.00 22.50 21.00 13.00 13.00
20.00 24.50 12.00 24.50 33.50 38.00 29.50 42.50 8.50 23.50 49.50 47.00 40.50 34.00 18.50 37.00 8.00 19.50 38.50 32.00
39.00 29.50 4.50 12.00 20.00 20.50 3.50 9.50 15.00 34.00 23.50 25.50 15.50 43.50 14.00 31.00 2.50 40.00 47.00 18.00
11.50 41.00 6.00 6.50 31.00 42.50 13.50 0.50 42.00 27.50 15.00 38.00 48.00 24.00 21.50 28.50 43.50 48.00 14.50 38.50
27.00 10.50 21.00 14.00 5.50 10.50 37.00 12.00 38.00 10.50 9.00 26.00 21.00 36.50 1.50 1.50 36.00 4.50 8.50 14.50
6.00 19.00 38.50 25.50 11.50 35.00 1.50 21.50 19.00 22.00 40.50 46.50 20.00 35.00 41.50 26.50 17.50 15.50 17.50 5.00
21.50 26.50 19.00 45.50 12.00 1.50 25.50 19.50 24.00 36.00 8.50 15.50 20.50 5.50 36.00 10.00 43.00 14.50 36.00 1.00
16.50 14.00 1.50 22.00 13.50 20.50 22.00 37.00 28.50 40.50 2.00 11.00 42.50 40.00 43.00 30.00 25.00 48.50 13.50 33.00
28.00 42.00 25.00 27.50 43.00 32.50 34.00 23.50 39.50 32.00 11.00 36.50 29.50 45.00 9.50 43.50 31.00 25.00 42.00 12.50
19.50 30.50 18.00 1.50 16.00 43.00 42.00 23.50 21.50 39.00 10.50 31.00 33.50 49.50 24.50 33.00 1.00 4.00 46.50 45.50
8.50 14.50 2.00 16.00 13.00 33.00 10.00 46.00 41.00 35.00 17.50 13.50 5.50 10.00 33.50 9.00 41.00 13.00 8.00 4.50
46.50 14.50 48.00 49.50 48.50 37.00 23.50 43.50 27.50 30.00 22.00 8.00 20.50 24.00 27.00 41.50 8.50 36.00 35.50 23.00
8.00 12.00 25.50 11.50 6.00 37.50 3.50 21.00 23.00 30.50 1.00 40.50 23.50 8.50 37.50 32.50 34.00 46.00 9.00 37.50
22.50 21.50 17.50 48.00 30.50 0.50 42.50 4.50 41.00 25.00 24.00 27.50 11.00 29.50 18.00 21.00 12.00 10.50 49.50 36.50
31.50 23.50 13.50 31.50 39.00 6.00 46.00 18.50 38.50 18.50 42.50 14.50 45.50 7.50 3.00 24.50 12.00 1.50 1.50 30.50
11.00 44.50 48.50 45.50 38.50 49.50 17.50 35.00 28.00 6.50 30.00 46.00 8.50 20.00 34.00 1.50 40.00 18.00 45.00 9.50
43.50 7.50 1.00 47.00 37.50 29.50 1.00 30.50 24.50 3.00 18.50 22.50 37.50 18.50 18.50 32.50 22.00 25.00 44.50 36.50
36.00 27.50 32.50 3.00 17.50 45.50 47.00 13.50 44.00 18.00 3.50 37.50 36.00 46.50 4.50 39.00 27.50 40.00 32.50 1.00
32.50 37.50 16.00 12.50 2.50 20.00 11.50 9.00 6.50 19.00 31.00 31.50 38.00 49.00 17.50 27.00 28.50 28.50 8.00 17.50
23.00 27.50 7.00 28.00 16.00 2.50 16.50 10.00 49.50 10.00 7.00 40.50 22.50 26.50 12.00 6.00 2.00 7.50 7.50 6.00
39.50 17.00 22.00 24.50 23.50 19.00 3.50 16.50 42.00 11.50 41.50 9.00 33.50 17.50 13.00 37.00 15.50 3.00 26.50 13.50
30.50 13.00 2.00 49.00 44.50 7.00 1.50 19.50 9.00 29.50 13.00 34.00 28.50 45.50 48.50 44.00 32.50 44.50 34.50 7.50
15.00 30.00 22.50 48.50 47.50 20.50 11.50 0.50 37.00 1.50 6.50 30.00 43.50 3.50 44.50 7.50 29.50 14.50 27.50 20.50
38.00 33.00 34.50 3.00 31.00 39.00 31.50 41.50 24.50 31.50 25.00 1.00 11.50 17.00 46.00 35.50 10.50 44.50 11.00 41.50
32.00 44.00 31.00 38.50 34.00 49.50 47.00 16.00 27.00 40.50 36.00 24.00 44.00 27.50 47.00 17.50 47.50 37.50 30.50 7.50
23.50 10.50 28.50 44.00 19.50 19.00 34.00 0.50 15.50 0.50 29.00 15.00 39.00 21.50 43.00 20.50 8.00 49.00 13.00 17.50
