# nJobs | nMachines
20 20
# Job Weights
93
14
99
92
47
88
61
46
97
17
88
57
52
27
67
30
32
55
62
78
# P_bar : m1 | m2 | m3 | m4 | m5 | m6 | m7 | m8 | m9 | m10 | m11 | m12 | m13 | m14 | m15 | m16 | m17 | m18 | m19 | m20
94 3 39 1 63 86 44 19 55 67 98 30 21 63 75 20 57 73 71 38
43 18 23 92 96 36 25 82 46 66 79 63 18 20 56 50 28 11 18 4
6 43 28 83 50 19 85 12 68 66 44 88 98 70 87 37 27 38 93 40
47 41 31 43 12 71 86 70 15 32 90 79 59 12 52 68 51 53 74 98
45 83 86 3 15 8 73 6 55 8 22 44 17 1 77 23 42 79 30 22
51 62 19 3 11 77 58 64 74 30 72 54 29 75 78 64 95 40 86 8
73 27 85 51 33 8 95 3 42 92 84 12 42 72 93 15 94 56 50 31
49 75 90 5 7 6 13 4 40 40 42 15 19 79 65 10 35 60 12 41
31 52 77 38 4 40 50 29 88 13 46 3 17 48 21 20 26 25 6 25
58 58 4 37 58 39 39 43 68 79 72 89 49 77 35 15 42 54 80 91
19 18 85 44 27 24 24 40 67 19 98 84 71 16 1 19 31 78 96 95
36 1 81 66 7 82 55 77 67 29 12 23 25 60 15 92 26 78 10 83
54 61 9 31 7 69 58 88 8 27 14 4 22 47 52 63 14 53 95 38
75 67 52 8 54 82 79 74 13 18 6 32 84 67 94 69 75 39 17 93
7 55 67 79 31 39 42 13 74 42 70 60 50 45 10 15 6 50 98 62
5 72 77 42 94 52 98 13 47 86 1 70 46 67 61 94 86 64 29 87
82 16 45 85 25 85 44 17 3 30 41 20 60 35 8 94 32 67 13 27
20 12 7 92 8 48 16 45 95 41 60 43 31 55 79 54 92 15 64 33
31 87 21 89 61 22 13 2 36 27 51 2 64 26 40 45 71 24 56 58
32 21 26 29 51 57 74 22 46 50 82 52 53 32 29 51 63 74 81 26
# P_hat : m1 | m2 | m3 | m4 | m5 | m6 | m7 | m8 | m9 | m10 | m11 | m12 | m13 | m14 | m15 | m16 | m17 | m18 | m19 | m20
18.80 0.60 7.80 0.20 12.60 17.20 8.80 3.80 11.00 13.40 19.60 6.00 4.20 12.60 15.00 4.00 11.40 14.60 14.20 7.60
8.60 3.60 4.60 18.40 19.20 7.20 5.00 16.40 9.20 13.20 15.80 12.60 3.60 4.00 11.20 10.00 5.60 2.20 3.60 0.80
1.20 8.60 5.60 16.60 10.00 3.80 17.00 2.40 13.60 13.20 8.80 17.60 19.60 14.00 17.40 7.40 5.40 7.60 18.60 8.00
9.40 8.20 6.20 8.60 2.40 14.20 17.20 14.00 3.00 6.40 18.00 15.80 11.80 2.40 10.40 13.60 10.20 10.60 14.80 19.60
9.00 16.60 17.20 0.60 3.00 1.60 14.60 1.20 11.00 1.60 4.40 8.80 3.40 0.20 15.40 4.60 8.40 15.80 6.00 4.40
10.20 12.40 3.80 0.60 2.20 15.40 11.60 12.80 14.80 6.00 14.40 10.80 5.80 15.00 15.60 12.80 19.00 8.00 17.20 1.60
14.60 5.40 17.00 10.20 6.60 1.60 19.00 0.60 8.40 18.40 16.80 2.40 8.40 14.40 18.60 3.00 18.80 11.20 10.00 6.20
9.80 15.00 18.00 1.00 1.40 1.20 2.60 0.80 8.00 8.00 8.40 3.00 3.80 15.80 13.00 2.00 7.00 12.00 2.40 8.20
6.20 10.40 15.40 7.60 0.80 8.00 10.00 5.80 17.60 2.60 9.20 0.60 3.40 9.60 4.20 4.00 5.20 5.00 1.20 5.00
11.60 11.60 0.80 7.40 11.60 7.80 7.80 8.60 13.60 15.80 14.40 17.80 9.80 15.40 7.00 3.00 8.40 10.80 16.00 18.20
3.80 3.60 17.00 8.80 5.40 4.80 4.80 8.00 13.40 3.80 19.60 16.80 14.20 3.20 0.20 3.80 6.20 15.60 19.20 19.00
7.20 0.20 16.20 13.20 1.40 16.40 11.00 15.40 13.40 5.80 2.40 4.60 5.00 12.00 3.00 18.40 5.20 15.60 2.00 16.60
10.80 12.20 1.80 6.20 1.40 13.80 11.60 17.60 1.60 5.40 2.80 0.80 4.40 9.40 10.40 12.60 2.80 10.60 19.00 7.60
15.00 13.40 10.40 1.60 10.80 16.40 15.80 14.80 2.60 3.60 1.20 6.40 16.80 13.40 18.80 13.80 15.00 7.80 3.40 18.60
1.40 11.00 13.40 15.80 6.20 7.80 8.40 2.60 14.80 8.40 14.00 12.00 10.00 9.00 2.00 3.00 1.20 10.00 19.60 12.40
1.00 14.40 15.40 8.40 18.80 10.40 19.60 2.60 9.40 17.20 0.20 14.00 9.20 13.40 12.20 18.80 17.20 12.80 5.80 17.40
16.40 3.20 9.00 17.00 5.00 17.00 8.80 3.40 0.60 6.00 8.20 4.00 12.00 7.00 1.60 18.80 6.40 13.40 2.60 5.40
4.00 2.40 1.40 18.40 1.60 9.60 3.20 9.00 19.00 8.20 12.00 8.60 6.20 11.00 15.80 10.80 18.40 3.00 12.80 6.60
6.20 17.40 4.20 17.80 12.20 4.40 2.60 0.40 7.20 5.40 10.20 0.40 12.80 5.20 8.00 9.00 14.20 4.80 11.20 11.60
6.40 4.20 5.20 5.80 10.20 11.40 14.80 4.40 9.20 10.00 16.40 10.40 10.60 6.40 5.80 10.20 12.60 14.80 16.20 5.20
