# nJobs | nMachines
200 10
# Job Weights
26
20
42
32
9
29
81
4
72
73
11
21
85
22
48
26
58
28
63
53
81
42
62
22
56
36
26
42
4
98
56
87
6
13
94
28
75
66
19
53
15
89
95
30
95
79
64
100
7
29
48
69
95
86
62
83
13
99
38
27
27
17
58
87
22
15
76
16
1
25
85
24
96
50
33
4
4
51
63
33
1
2
43
38
70
49
44
15
2
64
51
29
58
15
70
6
14
43
32
20
21
4
100
34
94
48
21
39
25
67
71
52
75
58
89
58
90
75
16
87
12
49
45
28
1
56
31
77
11
54
97
46
5
96
34
14
54
5
86
13
81
38
78
91
23
48
70
27
11
43
72
25
91
90
65
92
76
43
57
40
43
49
61
71
21
69
12
10
31
58
5
11
25
55
26
92
23
54
29
92
11
27
12
58
50
67
45
42
26
32
48
69
21
69
49
41
97
62
82
81
# P_bar : m1 | m2 | m3 | m4 | m5 | m6 | m7 | m8 | m9 | m10
68 48 71 49 42 91 95 88 92 8
55 64 5 54 58 90 50 74 51 74
10 13 80 4 93 58 81 68 80 55
91 26 22 99 10 87 57 60 46 20
98 55 35 69 27 90 99 9 39 20
1 85 7 85 12 92 13 47 93 25
14 55 98 44 69 31 39 55 85 75
84 59 32 96 34 79 44 84 57 14
84 79 96 43 84 38 55 48 29 3
77 37 1 30 53 84 74 85 25 56
19 54 64 6 6 53 81 45 36 57
80 98 7 21 48 52 60 78 36 77
82 44 44 81 48 56 22 17 1 85
74 36 75 19 48 68 60 58 5 49
8 30 34 21 26 63 11 47 9 47
16 89 42 70 39 36 82 79 32 28
9 76 90 90 97 40 5 45 30 39
36 18 79 16 51 38 14 3 70 97
77 43 43 94 86 39 58 71 11 17
25 12 98 78 49 1 80 21 15 97
72 75 94 52 68 92 14 66 90 62
1 84 65 75 85 7 23 30 76 23
94 37 53 24 21 3 67 19 25 56
58 34 65 36 71 6 29 75 92 95
27 55 3 87 90 20 23 1 8 57
84 56 29 25 45 57 46 30 3 5
34 1 2 96 63 76 36 53 96 75
98 79 12 50 33 61 11 83 4 66
96 12 34 73 38 50 11 72 49 59
52 40 32 39 64 40 92 64 72 87
89 29 19 69 5 38 9 91 67 35
87 17 73 5 94 36 20 93 77 93
68 48 42 76 82 69 8 34 58 47
64 79 59 15 38 46 84 10 24 47
34 91 10 89 68 22 42 3 16 44
57 63 5 16 16 65 7 43 94 56
28 34 51 86 92 11 32 65 58 92
70 15 63 16 50 49 52 57 48 38
95 22 59 21 3 19 69 44 33 24
24 42 48 52 22 56 67 85 89 3
56 36 56 84 75 50 1 19 36 32
95 37 46 44 34 82 9 1 78 22
91 84 80 34 46 34 87 61 26 72
91 77 68 92 38 64 25 80 68 16
32 79 41 5 45 69 36 53 78 60
23 61 86 20 15 94 9 18 67 21
23 90 92 82 97 10 2 74 38 29
32 88 10 45 94 92 99 95 19 81
81 36 46 28 93 25 12 82 86 34
4 21 86 16 53 45 55 96 74 40
53 73 43 24 49 35 84 71 7 88
78 41 53 32 5 19 8 89 56 48
44 91 59 31 18 74 26 36 59 91
97 58 49 70 10 26 72 73 35 93
79 69 77 54 84 54 31 93 80 95
65 90 13 5 21 24 2 38 21 62
80 18 21 57 84 33 56 55 10 10
49 80 39 66 31 93 58 51 18 1
79 96 85 83 68 46 48 77 95 35
30 6 19 61 44 22 60 61 70 74
14 24 24 45 88 68 35 99 91 3
62 11 7 32 5 97 17 67 92 97
5 52 77 1 17 38 5 72 6 87
74 74 86 74 62 84 31 73 90 73
66 78 3 82 32 96 92 19 35 48
34 76 31 86 81 43 49 48 59 43
13 78 82 8 99 99 86 9 73 32
78 51 91 61 83 93 36 52 15 75
97 89 15 73 13 87 85 51 87 90
81 96 25 16 4 49 23 95 93 76
24 49 24 16 61 70 15 7 28 17
32 97 68 33 59 45 62 34 65 81
37 32 47 90 19 56 6 5 2 61
61 48 56 73 57 84 43 74 18 86
4 50 80 7 66 24 61 39 42 87
33 50 54 26 53 37 52 93 22 69
93 70 55 7 72 13 47 79 55 7
39 8 23 97 88 42 69 37 18 38
63 38 68 16 78 18 88 82 39 96
34 24 6 22 61 50 68 98 13 11
77 18 83 45 91 22 69 54 68 86
94 68 53 39 65 67 58 82 99 39
5 43 88 85 12 5 69 56 39 25
90 6 8 90 89 56 47 84 60 98
53 6 97 34 29 33 19 76 68 31
84 13 14 20 67 45 81 58 62 60
36 86 76 55 27 91 54 35 43 42
3 71 4 50 31 86 54 54 40 19
19 15 81 77 66 30 69 74 50 53
59 39 10 35 57 76 65 83 38 22
54 86 23 5 89 85 44 43 10 42
92 28 92 96 91 83 45 4 53 26
96 4 93 72 22 24 11 65 5 67
10 71 69 39 10 54 84 37 30 31
36 96 94 35 36 21 95 28 34 38
88 70 70 15 98 27 90 64 1 79
60 29 30 62 7 54 28 12 6 13
4 24 81 61 48 5 38 48 39 8
42 51 83 1 68 58 83 67 55 87
85 4 81 80 15 3 38 54 23 83
5 4 82 55 11 59 47 74 49 66
62 35 7 68 77 45 99 97 8 44
59 77 92 35 46 53 77 50 56 54
60 99 17 14 96 18 78 26 27 51
13 63 71 85 8 58 84 4 22 79
58 30 80 54 12 47 77 59 94 81
4 52 47 71 61 36 72 32 31 17
29 42 69 71 41 74 37 6 85 19
62 56 23 84 95 10 87 54 2 47
43 98 24 78 68 56 19 47 96 32
5 76 1 50 39 71 93 24 98 27
2 11 62 81 52 14 82 3 60 64
16 13 70 38 76 73 97 99 43 61
99 14 5 23 26 25 81 80 31 74
84 58 79 35 18 25 37 34 66 7
67 45 46 69 5 84 32 13 25 79
14 29 36 33 72 32 78 51 14 50
89 47 20 90 53 80 40 81 77 61
7 74 42 8 30 92 43 22 64 80
65 62 43 19 77 96 85 3 68 42
95 32 98 44 84 1 19 88 59 48
93 55 10 82 10 50 87 50 77 9
13 36 22 50 60 46 11 24 86 32
71 93 97 54 38 80 62 26 87 94
74 26 67 48 64 97 40 96 89 88
99 2 66 16 8 39 57 4 33 3
75 87 39 38 6 99 35 24 90 13
49 61 60 94 89 48 49 71 65 65
88 79 26 74 5 55 58 78 36 94
23 49 43 55 72 33 82 78 77 96
8 66 4 59 70 79 13 88 73 75
8 46 31 81 27 98 99 49 41 15
77 68 11 72 55 1 73 64 28 99
61 61 51 32 66 80 89 72 92 28
15 33 58 5 7 11 7 1 12 45
81 73 74 18 48 16 50 36 76 84
23 87 76 55 38 87 60 94 48 93
18 88 74 78 87 78 23 40 31 94
32 34 74 33 49 16 59 58 2 55
53 43 25 33 71 16 98 65 55 84
8 42 79 43 1 22 21 97 26 60
87 9 62 28 84 28 47 89 25 82
78 32 43 88 55 60 14 10 48 27
30 25 74 74 61 14 89 39 43 76
98 39 4 54 14 26 37 45 1 53
88 45 79 65 13 66 85 93 95 91
11 16 7 44 9 15 83 75 77 26
36 96 69 47 84 41 25 12 28 92
10 7 78 97 87 55 25 55 24 28
3 73 69 53 69 51 63 36 98 45
8 82 44 19 24 12 16 25 93 49
67 12 27 98 54 63 39 71 97 62
18 88 47 96 10 94 10 75 66 45
8 56 35 33 93 14 89 65 47 18
18 20 48 40 92 99 8 56 30 66
9 96 94 46 65 23 71 16 70 52
83 75 69 25 53 97 90 33 20 43
40 34 18 18 80 63 90 66 97 71
21 98 28 40 2 32 30 29 94 23
30 22 99 82 63 99 12 9 29 70
1 52 42 36 24 77 93 88 66 34
87 35 15 86 82 46 83 50 11 31
73 97 76 83 17 18 36 51 22 53
97 88 96 29 33 55 54 21 84 75
13 56 15 21 18 95 28 48 3 51
66 64 72 73 19 64 30 57 89 84
18 93 92 12 18 14 39 1 91 90
4 69 64 79 1 95 25 7 25 20
50 10 12 87 44 42 47 33 39 71
54 31 20 96 4 56 36 29 49 51
89 59 62 88 79 31 64 66 68 60
84 41 86 4 93 78 57 47 93 75
25 38 30 64 17 89 27 59 44 52
82 13 98 9 86 97 62 9 90 84
22 94 69 97 86 11 89 25 93 31
27 68 60 32 90 14 88 50 42 92
44 41 78 9 68 21 21 43 46 27
38 95 38 6 83 74 25 30 68 68
8 57 26 57 89 9 42 68 37 16
15 41 66 86 82 65 15 84 43 14
94 25 59 75 28 33 15 39 89 39
65 19 2 81 20 21 42 95 57 13
67 45 18 46 96 52 66 56 98 52
15 86 76 21 71 76 28 54 46 8
48 6 44 94 92 95 22 8 67 63
41 2 59 97 47 97 64 25 71 98
57 9 52 10 12 79 18 37 81 92
63 20 86 35 93 86 73 11 65 87
76 32 53 81 51 58 64 55 53 98
11 61 97 31 54 93 35 80 78 33
66 48 15 48 38 89 59 2 3 11
65 77 61 20 15 88 37 35 52 35
46 43 96 97 19 70 36 38 97 28
6 83 89 35 73 45 29 15 19 56
63 88 22 65 98 19 56 18 61 3
72 3 69 52 33 26 38 22 5 72
6 36 76 85 34 16 69 6 76 93
40 13 7 11 10 10 25 55 66 53
95 42 33 77 9 45 55 99 60 43
12 24 93 18 77 98 84 62 49 91
# P_hat : m1 | m2 | m3 | m4 | m5 | m6 | m7 | m8 | m9 | m10
34.00 24.00 35.50 24.50 21.00 45.50 47.50 44.00 46.00 4.00
27.50 32.00 2.50 27.00 29.00 45.00 25.00 37.00 25.50 37.00
5.00 6.50 40.00 2.00 46.50 29.00 40.50 34.00 40.00 27.50
45.50 13.00 11.00 49.50 5.00 43.50 28.50 30.00 23.00 10.00
49.00 27.50 17.50 34.50 13.50 45.00 49.50 4.50 19.50 10.00
0.50 42.50 3.50 42.50 6.00 46.00 6.50 23.50 46.50 12.50
7.00 27.50 49.00 22.00 34.50 15.50 19.50 27.50 42.50 37.50
42.00 29.50 16.00 48.00 17.00 39.50 22.00 42.00 28.50 7.00
42.00 39.50 48.00 21.50 42.00 19.00 27.50 24.00 14.50 1.50
38.50 18.50 0.50 15.00 26.50 42.00 37.00 42.50 12.50 28.00
9.50 27.00 32.00 3.00 3.00 26.50 40.50 22.50 18.00 28.50
40.00 49.00 3.50 10.50 24.00 26.00 30.00 39.00 18.00 38.50
41.00 22.00 22.00 40.50 24.00 28.00 11.00 8.50 0.50 42.50
37.00 18.00 37.50 9.50 24.00 34.00 30.00 29.00 2.50 24.50
4.00 15.00 17.00 10.50 13.00 31.50 5.50 23.50 4.50 23.50
8.00 44.50 21.00 35.00 19.50 18.00 41.00 39.50 16.00 14.00
4.50 38.00 45.00 45.00 48.50 20.00 2.50 22.50 15.00 19.50
18.00 9.00 39.50 8.00 25.50 19.00 7.00 1.50 35.00 48.50
38.50 21.50 21.50 47.00 43.00 19.50 29.00 35.50 5.50 8.50
12.50 6.00 49.00 39.00 24.50 0.50 40.00 10.50 7.50 48.50
36.00 37.50 47.00 26.00 34.00 46.00 7.00 33.00 45.00 31.00
0.50 42.00 32.50 37.50 42.50 3.50 11.50 15.00 38.00 11.50
47.00 18.50 26.50 12.00 10.50 1.50 33.50 9.50 12.50 28.00
29.00 17.00 32.50 18.00 35.50 3.00 14.50 37.50 46.00 47.50
13.50 27.50 1.50 43.50 45.00 10.00 11.50 0.50 4.00 28.50
42.00 28.00 14.50 12.50 22.50 28.50 23.00 15.00 1.50 2.50
17.00 0.50 1.00 48.00 31.50 38.00 18.00 26.50 48.00 37.50
49.00 39.50 6.00 25.00 16.50 30.50 5.50 41.50 2.00 33.00
48.00 6.00 17.00 36.50 19.00 25.00 5.50 36.00 24.50 29.50
26.00 20.00 16.00 19.50 32.00 20.00 46.00 32.00 36.00 43.50
44.50 14.50 9.50 34.50 2.50 19.00 4.50 45.50 33.50 17.50
43.50 8.50 36.50 2.50 47.00 18.00 10.00 46.50 38.50 46.50
34.00 24.00 21.00 38.00 41.00 34.50 4.00 17.00 29.00 23.50
32.00 39.50 29.50 7.50 19.00 23.00 42.00 5.00 12.00 23.50
17.00 45.50 5.00 44.50 34.00 11.00 21.00 1.50 8.00 22.00
28.50 31.50 2.50 8.00 8.00 32.50 3.50 21.50 47.00 28.00
14.00 17.00 25.50 43.00 46.00 5.50 16.00 32.50 29.00 46.00
35.00 7.50 31.50 8.00 25.00 24.50 26.00 28.50 24.00 19.00
47.50 11.00 29.50 10.50 1.50 9.50 34.50 22.00 16.50 12.00
12.00 21.00 24.00 26.00 11.00 28.00 33.50 42.50 44.50 1.50
28.00 18.00 28.00 42.00 37.50 25.00 0.50 9.50 18.00 16.00
47.50 18.50 23.00 22.00 17.00 41.00 4.50 0.50 39.00 11.00
45.50 42.00 40.00 17.00 23.00 17.00 43.50 30.50 13.00 36.00
45.50 38.50 34.00 46.00 19.00 32.00 12.50 40.00 34.00 8.00
16.00 39.50 20.50 2.50 22.50 34.50 18.00 26.50 39.00 30.00
11.50 30.50 43.00 10.00 7.50 47.00 4.50 9.00 33.50 10.50
11.50 45.00 46.00 41.00 48.50 5.00 1.00 37.00 19.00 14.50
16.00 44.00 5.00 22.50 47.00 46.00 49.50 47.50 9.50 40.50
40.50 18.00 23.00 14.00 46.50 12.50 6.00 41.00 43.00 17.00
2.00 10.50 43.00 8.00 26.50 22.50 27.50 48.00 37.00 20.00
26.50 36.50 21.50 12.00 24.50 17.50 42.00 35.50 3.50 44.00
39.00 20.50 26.50 16.00 2.50 9.50 4.00 44.50 28.00 24.00
22.00 45.50 29.50 15.50 9.00 37.00 13.00 18.00 29.50 45.50
48.50 29.00 24.50 35.00 5.00 13.00 36.00 36.50 17.50 46.50
39.50 34.50 38.50 27.00 42.00 27.00 15.50 46.50 40.00 47.50
32.50 45.00 6.50 2.50 10.50 12.00 1.00 19.00 10.50 31.00
40.00 9.00 10.50 28.50 42.00 16.50 28.00 27.50 5.00 5.00
24.50 40.00 19.50 33.00 15.50 46.50 29.00 25.50 9.00 0.50
39.50 48.00 42.50 41.50 34.00 23.00 24.00 38.50 47.50 17.50
15.00 3.00 9.50 30.50 22.00 11.00 30.00 30.50 35.00 37.00
7.00 12.00 12.00 22.50 44.00 34.00 17.50 49.50 45.50 1.50
31.00 5.50 3.50 16.00 2.50 48.50 8.50 33.50 46.00 48.50
2.50 26.00 38.50 0.50 8.50 19.00 2.50 36.00 3.00 43.50
37.00 37.00 43.00 37.00 31.00 42.00 15.50 36.50 45.00 36.50
33.00 39.00 1.50 41.00 16.00 48.00 46.00 9.50 17.50 24.00
17.00 38.00 15.50 43.00 40.50 21.50 24.50 24.00 29.50 21.50
6.50 39.00 41.00 4.00 49.50 49.50 43.00 4.50 36.50 16.00
39.00 25.50 45.50 30.50 41.50 46.50 18.00 26.00 7.50 37.50
48.50 44.50 7.50 36.50 6.50 43.50 42.50 25.50 43.50 45.00
40.50 48.00 12.50 8.00 2.00 24.50 11.50 47.50 46.50 38.00
12.00 24.50 12.00 8.00 30.50 35.00 7.50 3.50 14.00 8.50
16.00 48.50 34.00 16.50 29.50 22.50 31.00 17.00 32.50 40.50
18.50 16.00 23.50 45.00 9.50 28.00 3.00 2.50 1.00 30.50
30.50 24.00 28.00 36.50 28.50 42.00 21.50 37.00 9.00 43.00
2.00 25.00 40.00 3.50 33.00 12.00 30.50 19.50 21.00 43.50
16.50 25.00 27.00 13.00 26.50 18.50 26.00 46.50 11.00 34.50
46.50 35.00 27.50 3.50 36.00 6.50 23.50 39.50 27.50 3.50
19.50 4.00 11.50 48.50 44.00 21.00 34.50 18.50 9.00 19.00
31.50 19.00 34.00 8.00 39.00 9.00 44.00 41.00 19.50 48.00
17.00 12.00 3.00 11.00 30.50 25.00 34.00 49.00 6.50 5.50
38.50 9.00 41.50 22.50 45.50 11.00 34.50 27.00 34.00 43.00
47.00 34.00 26.50 19.50 32.50 33.50 29.00 41.00 49.50 19.50
2.50 21.50 44.00 42.50 6.00 2.50 34.50 28.00 19.50 12.50
45.00 3.00 4.00 45.00 44.50 28.00 23.50 42.00 30.00 49.00
26.50 3.00 48.50 17.00 14.50 16.50 9.50 38.00 34.00 15.50
42.00 6.50 7.00 10.00 33.50 22.50 40.50 29.00 31.00 30.00
18.00 43.00 38.00 27.50 13.50 45.50 27.00 17.50 21.50 21.00
1.50 35.50 2.00 25.00 15.50 43.00 27.00 27.00 20.00 9.50
9.50 7.50 40.50 38.50 33.00 15.00 34.50 37.00 25.00 26.50
29.50 19.50 5.00 17.50 28.50 38.00 32.50 41.50 19.00 11.00
27.00 43.00 11.50 2.50 44.50 42.50 22.00 21.50 5.00 21.00
46.00 14.00 46.00 48.00 45.50 41.50 22.50 2.00 26.50 13.00
48.00 2.00 46.50 36.00 11.00 12.00 5.50 32.50 2.50 33.50
5.00 35.50 34.50 19.50 5.00 27.00 42.00 18.50 15.00 15.50
18.00 48.00 47.00 17.50 18.00 10.50 47.50 14.00 17.00 19.00
44.00 35.00 35.00 7.50 49.00 13.50 45.00 32.00 0.50 39.50
30.00 14.50 15.00 31.00 3.50 27.00 14.00 6.00 3.00 6.50
2.00 12.00 40.50 30.50 24.00 2.50 19.00 24.00 19.50 4.00
21.00 25.50 41.50 0.50 34.00 29.00 41.50 33.50 27.50 43.50
42.50 2.00 40.50 40.00 7.50 1.50 19.00 27.00 11.50 41.50
2.50 2.00 41.00 27.50 5.50 29.50 23.50 37.00 24.50 33.00
31.00 17.50 3.50 34.00 38.50 22.50 49.50 48.50 4.00 22.00
29.50 38.50 46.00 17.50 23.00 26.50 38.50 25.00 28.00 27.00
30.00 49.50 8.50 7.00 48.00 9.00 39.00 13.00 13.50 25.50
6.50 31.50 35.50 42.50 4.00 29.00 42.00 2.00 11.00 39.50
29.00 15.00 40.00 27.00 6.00 23.50 38.50 29.50 47.00 40.50
2.00 26.00 23.50 35.50 30.50 18.00 36.00 16.00 15.50 8.50
14.50 21.00 34.50 35.50 20.50 37.00 18.50 3.00 42.50 9.50
31.00 28.00 11.50 42.00 47.50 5.00 43.50 27.00 1.00 23.50
21.50 49.00 12.00 39.00 34.00 28.00 9.50 23.50 48.00 16.00
2.50 38.00 0.50 25.00 19.50 35.50 46.50 12.00 49.00 13.50
1.00 5.50 31.00 40.50 26.00 7.00 41.00 1.50 30.00 32.00
8.00 6.50 35.00 19.00 38.00 36.50 48.50 49.50 21.50 30.50
49.50 7.00 2.50 11.50 13.00 12.50 40.50 40.00 15.50 37.00
42.00 29.00 39.50 17.50 9.00 12.50 18.50 17.00 33.00 3.50
33.50 22.50 23.00 34.50 2.50 42.00 16.00 6.50 12.50 39.50
7.00 14.50 18.00 16.50 36.00 16.00 39.00 25.50 7.00 25.00
44.50 23.50 10.00 45.00 26.50 40.00 20.00 40.50 38.50 30.50
3.50 37.00 21.00 4.00 15.00 46.00 21.50 11.00 32.00 40.00
32.50 31.00 21.50 9.50 38.50 48.00 42.50 1.50 34.00 21.00
47.50 16.00 49.00 22.00 42.00 0.50 9.50 44.00 29.50 24.00
46.50 27.50 5.00 41.00 5.00 25.00 43.50 25.00 38.50 4.50
6.50 18.00 11.00 25.00 30.00 23.00 5.50 12.00 43.00 16.00
35.50 46.50 48.50 27.00 19.00 40.00 31.00 13.00 43.50 47.00
37.00 13.00 33.50 24.00 32.00 48.50 20.00 48.00 44.50 44.00
49.50 1.00 33.00 8.00 4.00 19.50 28.50 2.00 16.50 1.50
37.50 43.50 19.50 19.00 3.00 49.50 17.50 12.00 45.00 6.50
24.50 30.50 30.00 47.00 44.50 24.00 24.50 35.50 32.50 32.50
44.00 39.50 13.00 37.00 2.50 27.50 29.00 39.00 18.00 47.00
11.50 24.50 21.50 27.50 36.00 16.50 41.00 39.00 38.50 48.00
4.00 33.00 2.00 29.50 35.00 39.50 6.50 44.00 36.50 37.50
4.00 23.00 15.50 40.50 13.50 49.00 49.50 24.50 20.50 7.50
38.50 34.00 5.50 36.00 27.50 0.50 36.50 32.00 14.00 49.50
30.50 30.50 25.50 16.00 33.00 40.00 44.50 36.00 46.00 14.00
7.50 16.50 29.00 2.50 3.50 5.50 3.50 0.50 6.00 22.50
40.50 36.50 37.00 9.00 24.00 8.00 25.00 18.00 38.00 42.00
11.50 43.50 38.00 27.50 19.00 43.50 30.00 47.00 24.00 46.50
9.00 44.00 37.00 39.00 43.50 39.00 11.50 20.00 15.50 47.00
16.00 17.00 37.00 16.50 24.50 8.00 29.50 29.00 1.00 27.50
26.50 21.50 12.50 16.50 35.50 8.00 49.00 32.50 27.50 42.00
4.00 21.00 39.50 21.50 0.50 11.00 10.50 48.50 13.00 30.00
43.50 4.50 31.00 14.00 42.00 14.00 23.50 44.50 12.50 41.00
39.00 16.00 21.50 44.00 27.50 30.00 7.00 5.00 24.00 13.50
15.00 12.50 37.00 37.00 30.50 7.00 44.50 19.50 21.50 38.00
49.00 19.50 2.00 27.00 7.00 13.00 18.50 22.50 0.50 26.50
44.00 22.50 39.50 32.50 6.50 33.00 42.50 46.50 47.50 45.50
5.50 8.00 3.50 22.00 4.50 7.50 41.50 37.50 38.50 13.00
18.00 48.00 34.50 23.50 42.00 20.50 12.50 6.00 14.00 46.00
5.00 3.50 39.00 48.50 43.50 27.50 12.50 27.50 12.00 14.00
1.50 36.50 34.50 26.50 34.50 25.50 31.50 18.00 49.00 22.50
4.00 41.00 22.00 9.50 12.00 6.00 8.00 12.50 46.50 24.50
33.50 6.00 13.50 49.00 27.00 31.50 19.50 35.50 48.50 31.00
9.00 44.00 23.50 48.00 5.00 47.00 5.00 37.50 33.00 22.50
4.00 28.00 17.50 16.50 46.50 7.00 44.50 32.50 23.50 9.00
9.00 10.00 24.00 20.00 46.00 49.50 4.00 28.00 15.00 33.00
4.50 48.00 47.00 23.00 32.50 11.50 35.50 8.00 35.00 26.00
41.50 37.50 34.50 12.50 26.50 48.50 45.00 16.50 10.00 21.50
20.00 17.00 9.00 9.00 40.00 31.50 45.00 33.00 48.50 35.50
10.50 49.00 14.00 20.00 1.00 16.00 15.00 14.50 47.00 11.50
15.00 11.00 49.50 41.00 31.50 49.50 6.00 4.50 14.50 35.00
0.50 26.00 21.00 18.00 12.00 38.50 46.50 44.00 33.00 17.00
43.50 17.50 7.50 43.00 41.00 23.00 41.50 25.00 5.50 15.50
36.50 48.50 38.00 41.50 8.50 9.00 18.00 25.50 11.00 26.50
48.50 44.00 48.00 14.50 16.50 27.50 27.00 10.50 42.00 37.50
6.50 28.00 7.50 10.50 9.00 47.50 14.00 24.00 1.50 25.50
33.00 32.00 36.00 36.50 9.50 32.00 15.00 28.50 44.50 42.00
9.00 46.50 46.00 6.00 9.00 7.00 19.50 0.50 45.50 45.00
2.00 34.50 32.00 39.50 0.50 47.50 12.50 3.50 12.50 10.00
25.00 5.00 6.00 43.50 22.00 21.00 23.50 16.50 19.50 35.50
27.00 15.50 10.00 48.00 2.00 28.00 18.00 14.50 24.50 25.50
44.50 29.50 31.00 44.00 39.50 15.50 32.00 33.00 34.00 30.00
42.00 20.50 43.00 2.00 46.50 39.00 28.50 23.50 46.50 37.50
12.50 19.00 15.00 32.00 8.50 44.50 13.50 29.50 22.00 26.00
41.00 6.50 49.00 4.50 43.00 48.50 31.00 4.50 45.00 42.00
11.00 47.00 34.50 48.50 43.00 5.50 44.50 12.50 46.50 15.50
13.50 34.00 30.00 16.00 45.00 7.00 44.00 25.00 21.00 46.00
22.00 20.50 39.00 4.50 34.00 10.50 10.50 21.50 23.00 13.50
19.00 47.50 19.00 3.00 41.50 37.00 12.50 15.00 34.00 34.00
4.00 28.50 13.00 28.50 44.50 4.50 21.00 34.00 18.50 8.00
7.50 20.50 33.00 43.00 41.00 32.50 7.50 42.00 21.50 7.00
47.00 12.50 29.50 37.50 14.00 16.50 7.50 19.50 44.50 19.50
32.50 9.50 1.00 40.50 10.00 10.50 21.00 47.50 28.50 6.50
33.50 22.50 9.00 23.00 48.00 26.00 33.00 28.00 49.00 26.00
7.50 43.00 38.00 10.50 35.50 38.00 14.00 27.00 23.00 4.00
24.00 3.00 22.00 47.00 46.00 47.50 11.00 4.00 33.50 31.50
20.50 1.00 29.50 48.50 23.50 48.50 32.00 12.50 35.50 49.00
28.50 4.50 26.00 5.00 6.00 39.50 9.00 18.50 40.50 46.00
31.50 10.00 43.00 17.50 46.50 43.00 36.50 5.50 32.50 43.50
38.00 16.00 26.50 40.50 25.50 29.00 32.00 27.50 26.50 49.00
5.50 30.50 48.50 15.50 27.00 46.50 17.50 40.00 39.00 16.50
33.00 24.00 7.50 24.00 19.00 44.50 29.50 1.00 1.50 5.50
32.50 38.50 30.50 10.00 7.50 44.00 18.50 17.50 26.00 17.50
23.00 21.50 48.00 48.50 9.50 35.00 18.00 19.00 48.50 14.00
3.00 41.50 44.50 17.50 36.50 22.50 14.50 7.50 9.50 28.00
31.50 44.00 11.00 32.50 49.00 9.50 28.00 9.00 30.50 1.50
36.00 1.50 34.50 26.00 16.50 13.00 19.00 11.00 2.50 36.00
3.00 18.00 38.00 42.50 17.00 8.00 34.50 3.00 38.00 46.50
20.00 6.50 3.50 5.50 5.00 5.00 12.50 27.50 33.00 26.50
47.50 21.00 16.50 38.50 4.50 22.50 27.50 49.50 30.00 21.50
6.00 12.00 46.50 9.00 38.50 49.00 42.00 31.00 24.50 45.50
