# nJobs | nMachines
100 20
# Job Weights
10
40
96
93
9
79
14
52
9
80
70
55
70
22
32
4
78
65
86
14
32
79
73
74
7
91
65
35
24
53
37
41
92
18
74
46
94
4
28
46
46
75
1
67
23
73
43
78
32
64
54
15
63
52
84
80
27
55
63
85
52
83
16
94
18
82
46
100
84
63
30
4
60
78
42
53
22
38
18
36
42
17
39
76
1
100
66
83
14
79
72
44
40
100
91
29
75
99
38
23
# P_bar : m1 | m2 | m3 | m4 | m5 | m6 | m7 | m8 | m9 | m10 | m11 | m12 | m13 | m14 | m15 | m16 | m17 | m18 | m19 | m20
9 66 79 83 44 67 84 92 35 29 18 14 75 69 89 44 52 96 32 11
93 63 2 35 40 64 1 8 3 98 77 17 43 28 41 8 89 51 78 82
84 88 54 53 27 92 47 79 9 45 73 31 70 95 16 16 39 53 84 26
58 45 78 1 41 35 60 5 71 66 91 37 11 38 7 93 71 95 27 57
14 52 71 35 9 55 31 72 99 64 96 85 64 89 84 93 72 76 32 33
31 89 65 67 77 99 76 77 89 86 10 84 88 19 53 64 71 95 84 21
19 83 95 26 98 23 12 60 92 75 58 7 94 6 56 65 68 50 74 37
16 80 21 13 64 52 75 21 60 64 70 54 9 52 71 1 42 52 72 67
41 58 18 52 14 30 90 23 44 83 42 40 29 70 40 40 94 27 85 22
9 52 54 31 2 6 72 51 59 12 21 95 58 4 17 74 83 97 60 33
67 21 1 11 19 81 8 16 8 69 11 97 90 81 33 59 14 96 55 47
74 34 87 37 9 91 86 73 51 7 88 44 78 1 3 21 76 88 60 3
85 96 29 13 19 89 86 59 60 27 91 4 63 36 51 79 90 92 8 55
90 69 19 73 28 45 70 20 35 20 78 46 34 30 76 9 14 33 34 19
77 81 38 37 69 33 46 83 5 92 70 10 71 13 2 2 83 23 54 61
40 65 44 56 90 55 52 9 81 28 53 63 49 90 63 70 3 38 47 38
33 61 46 55 71 74 31 60 67 36 51 76 69 30 84 88 1 37 60 63
42 82 25 81 83 46 36 68 70 2 96 23 97 66 55 3 12 11 8 42
74 75 48 61 2 50 10 14 79 86 27 95 10 28 3 95 51 6 39 20
16 61 66 75 16 29 19 67 7 71 47 73 43 36 82 77 46 55 42 62
45 22 81 34 9 2 85 86 51 34 30 78 22 38 46 76 2 40 10 45
62 52 42 2 60 80 49 35 1 74 37 46 16 48 58 94 92 1 62 78
44 10 48 29 1 12 61 58 38 86 63 40 31 97 24 90 23 69 52 57
68 50 34 2 44 63 10 13 91 68 61 34 22 56 57 67 69 96 65 31
76 30 73 60 25 96 26 55 3 94 73 92 62 92 59 27 65 76 32 33
76 84 32 17 86 88 38 57 88 78 80 42 14 93 86 18 30 46 61 71
78 86 68 55 45 47 97 14 88 38 5 56 11 81 39 49 48 66 9 73
29 16 60 3 68 21 71 79 6 77 82 4 46 24 55 3 70 8 25 87
15 54 63 94 1 30 34 72 68 69 49 63 85 38 69 79 15 84 15 46
30 54 49 70 56 44 74 27 26 56 11 93 59 39 36 12 62 62 56 21
93 70 19 35 64 64 12 42 38 12 79 72 73 33 98 6 48 95 3 52
16 37 54 71 7 51 77 59 93 64 78 63 22 7 82 72 19 30 13 95
38 18 14 62 68 95 16 58 89 99 57 62 70 75 44 46 49 20 59 66
27 96 40 92 96 57 55 36 85 41 47 30 52 43 70 7 5 90 95 24
32 80 83 39 30 96 90 63 82 25 91 91 70 92 67 56 22 66 93 27
31 80 66 47 62 62 61 1 99 58 92 96 45 44 74 33 45 76 49 63
88 21 27 10 32 11 43 45 47 20 94 53 45 35 61 59 15 46 67 48
79 58 89 72 25 8 42 10 60 86 33 19 37 2 38 86 29 38 17 43
86 70 69 5 27 92 81 8 4 58 52 40 2 96 87 33 65 41 39 87
61 71 34 40 97 1 1 66 41 13 12 14 90 28 35 28 72 83 91 44
30 62 27 1 54 51 8 62 86 20 37 16 2 13 37 84 45 43 60 87
55 4 3 15 28 32 51 95 12 11 47 66 40 67 98 59 53 37 90 58
8 1 97 67 65 96 16 88 19 33 39 54 70 61 26 54 8 93 94 24
90 4 40 10 7 88 14 69 80 55 4 54 93 71 49 99 11 80 53 50
70 69 57 31 71 15 25 38 37 5 50 64 44 20 12 30 21 68 25 33
58 70 3 40 74 5 92 30 55 71 90 86 71 54 52 14 46 92 12 62
35 77 45 7 8 56 98 60 59 62 58 31 83 53 49 65 95 94 63 56
11 28 42 54 46 68 28 33 55 50 46 99 13 75 92 34 42 21 75 86
66 47 1 86 76 10 97 87 26 93 14 10 3 58 43 6 66 68 63 58
63 78 63 4 45 89 38 91 40 74 84 2 99 74 75 91 23 53 7 42
26 64 14 2 11 43 95 48 22 6 97 74 27 65 83 89 39 76 80 84
92 58 29 89 92 4 78 46 72 39 49 29 98 21 3 80 86 40 16 35
29 47 53 36 54 51 48 18 90 90 33 77 62 60 99 34 4 4 39 91
98 17 5 33 31 84 66 31 39 5 48 14 17 72 87 35 95 89 37 49
59 67 71 98 51 35 18 22 60 81 68 30 35 4 60 91 8 52 7 52
18 84 44 70 48 53 19 2 14 28 36 14 71 85 92 44 41 54 1 86
39 59 57 91 27 82 25 96 92 33 66 48 94 47 75 52 85 87 38 45
1 51 77 64 55 41 79 56 47 78 6 1 58 80 53 73 66 86 48 62
27 47 43 41 39 62 90 17 90 95 54 4 77 71 30 93 68 20 38 3
4 61 59 19 71 78 26 49 43 82 16 71 29 26 59 98 37 15 39 50
38 51 25 24 18 72 48 87 15 38 7 54 61 73 95 30 51 61 83 83
42 97 52 84 48 32 81 35 8 41 35 30 41 36 85 20 46 25 27 57
69 65 19 50 8 17 95 69 24 4 64 42 47 38 63 58 93 85 14 8
4 7 34 51 35 9 37 66 93 94 18 43 2 13 21 34 59 58 46 88
68 71 16 60 62 67 6 69 40 44 8 33 16 66 78 14 14 6 46 10
30 75 38 3 52 74 86 30 68 10 61 32 41 82 72 46 25 40 59 88
39 47 61 56 65 27 83 30 68 28 41 12 59 2 87 61 71 98 12 50
75 83 53 79 95 55 67 77 67 33 65 68 27 76 52 73 15 93 20 22
87 1 36 8 55 76 74 98 41 66 71 8 18 29 39 87 89 78 7 49
45 46 87 34 7 1 91 55 72 16 34 82 33 90 93 41 94 55 85 44
83 54 3 93 37 41 99 78 72 45 35 27 1 36 22 9 61 75 74 6
30 76 56 79 91 73 55 45 73 51 92 59 99 32 82 57 5 97 49 26
55 54 1 72 91 89 79 84 44 89 70 20 3 84 21 82 45 52 48 34
37 59 4 7 73 2 46 47 34 69 65 60 15 78 65 17 52 27 6 40
31 37 4 90 56 45 10 58 24 23 76 76 45 94 81 19 9 32 73 26
74 47 98 2 22 99 52 24 19 9 71 44 82 45 59 32 70 81 57 49
49 55 90 76 98 37 22 56 27 8 81 29 20 14 73 47 50 73 44 93
18 76 23 1 96 74 39 50 31 43 32 68 11 72 74 89 44 29 41 77
76 75 78 7 82 95 8 53 80 64 27 24 90 3 33 2 79 34 35 38
46 23 64 57 84 78 13 12 4 15 95 46 65 18 53 94 64 35 68 15
78 41 90 19 31 48 32 43 94 15 49 94 73 58 47 17 47 78 61 50
99 28 18 2 44 95 4 73 3 26 51 79 71 87 69 98 4 29 1 15
58 78 19 11 19 11 7 3 31 48 65 68 26 30 11 13 59 45 16 22
84 58 67 84 60 28 47 32 38 9 17 49 97 73 31 84 45 25 37 88
89 51 82 9 19 21 34 91 44 11 91 85 50 71 69 12 91 54 70 42
74 40 16 88 56 8 1 25 87 56 23 87 43 5 67 66 35 74 26 63
1 16 53 50 6 88 12 44 77 75 17 17 7 77 3 90 71 77 76 56
86 21 18 52 45 29 93 55 2 75 19 99 78 60 21 86 63 85 87 61
95 88 17 49 24 60 62 97 66 63 28 76 27 6 29 83 94 64 42 64
58 59 25 10 10 2 11 10 20 17 70 81 50 61 28 75 86 2 26 63
17 3 71 23 6 47 81 42 79 93 67 52 70 23 45 67 3 27 22 30
18 39 12 30 44 15 26 73 89 38 40 24 65 29 2 33 77 81 2 4
70 73 24 75 57 1 31 74 90 22 81 57 96 2 53 40 37 17 81 21
49 34 32 43 43 64 41 16 84 22 54 8 27 67 36 56 84 31 55 95
21 45 44 88 1 55 5 47 40 17 52 36 66 69 5 21 50 37 12 20
43 20 39 66 42 32 40 68 8 24 38 67 18 38 79 43 97 20 47 30
26 66 40 23 20 49 11 9 65 93 6 57 96 37 76 1 21 69 26 86
67 35 47 34 83 20 56 92 80 17 8 66 66 80 32 92 42 59 91 95
66 96 53 1 57 33 67 4 50 48 31 5 82 51 87 4 6 39 37 82
89 24 75 82 34 68 49 48 89 27 98 69 23 34 4 44 19 13 41 10
# P_hat : m1 | m2 | m3 | m4 | m5 | m6 | m7 | m8 | m9 | m10 | m11 | m12 | m13 | m14 | m15 | m16 | m17 | m18 | m19 | m20
0.90 6.60 7.90 8.30 4.40 6.70 8.40 9.20 3.50 2.90 1.80 1.40 7.50 6.90 8.90 4.40 5.20 9.60 3.20 1.10
9.30 6.30 0.20 3.50 4.00 6.40 0.10 0.80 0.30 9.80 7.70 1.70 4.30 2.80 4.10 0.80 8.90 5.10 7.80 8.20
8.40 8.80 5.40 5.30 2.70 9.20 4.70 7.90 0.90 4.50 7.30 3.10 7.00 9.50 1.60 1.60 3.90 5.30 8.40 2.60
5.80 4.50 7.80 0.10 4.10 3.50 6.00 0.50 7.10 6.60 9.10 3.70 1.10 3.80 0.70 9.30 7.10 9.50 2.70 5.70
1.40 5.20 7.10 3.50 0.90 5.50 3.10 7.20 9.90 6.40 9.60 8.50 6.40 8.90 8.40 9.30 7.20 7.60 3.20 3.30
3.10 8.90 6.50 6.70 7.70 9.90 7.60 7.70 8.90 8.60 1.00 8.40 8.80 1.90 5.30 6.40 7.10 9.50 8.40 2.10
1.90 8.30 9.50 2.60 9.80 2.30 1.20 6.00 9.20 7.50 5.80 0.70 9.40 0.60 5.60 6.50 6.80 5.00 7.40 3.70
1.60 8.00 2.10 1.30 6.40 5.20 7.50 2.10 6.00 6.40 7.00 5.40 0.90 5.20 7.10 0.10 4.20 5.20 7.20 6.70
4.10 5.80 1.80 5.20 1.40 3.00 9.00 2.30 4.40 8.30 4.20 4.00 2.90 7.00 4.00 4.00 9.40 2.70 8.50 2.20
0.90 5.20 5.40 3.10 0.20 0.60 7.20 5.10 5.90 1.20 2.10 9.50 5.80 0.40 1.70 7.40 8.30 9.70 6.00 3.30
6.70 2.10 0.10 1.10 1.90 8.10 0.80 1.60 0.80 6.90 1.10 9.70 9.00 8.10 3.30 5.90 1.40 9.60 5.50 4.70
7.40 3.40 8.70 3.70 0.90 9.10 8.60 7.30 5.10 0.70 8.80 4.40 7.80 0.10 0.30 2.10 7.60 8.80 6.00 0.30
8.50 9.60 2.90 1.30 1.90 8.90 8.60 5.90 6.00 2.70 9.10 0.40 6.30 3.60 5.10 7.90 9.00 9.20 0.80 5.50
9.00 6.90 1.90 7.30 2.80 4.50 7.00 2.00 3.50 2.00 7.80 4.60 3.40 3.00 7.60 0.90 1.40 3.30 3.40 1.90
7.70 8.10 3.80 3.70 6.90 3.30 4.60 8.30 0.50 9.20 7.00 1.00 7.10 1.30 0.20 0.20 8.30 2.30 5.40 6.10
4.00 6.50 4.40 5.60 9.00 5.50 5.20 0.90 8.10 2.80 5.30 6.30 4.90 9.00 6.30 7.00 0.30 3.80 4.70 3.80
3.30 6.10 4.60 5.50 7.10 7.40 3.10 6.00 6.70 3.60 5.10 7.60 6.90 3.00 8.40 8.80 0.10 3.70 6.00 6.30
4.20 8.20 2.50 8.10 8.30 4.60 3.60 6.80 7.00 0.20 9.60 2.30 9.70 6.60 5.50 0.30 1.20 1.10 0.80 4.20
7.40 7.50 4.80 6.10 0.20 5.00 1.00 1.40 7.90 8.60 2.70 9.50 1.00 2.80 0.30 9.50 5.10 0.60 3.90 2.00
1.60 6.10 6.60 7.50 1.60 2.90 1.90 6.70 0.70 7.10 4.70 7.30 4.30 3.60 8.20 7.70 4.60 5.50 4.20 6.20
4.50 2.20 8.10 3.40 0.90 0.20 8.50 8.60 5.10 3.40 3.00 7.80 2.20 3.80 4.60 7.60 0.20 4.00 1.00 4.50
6.20 5.20 4.20 0.20 6.00 8.00 4.90 3.50 0.10 7.40 3.70 4.60 1.60 4.80 5.80 9.40 9.20 0.10 6.20 7.80
4.40 1.00 4.80 2.90 0.10 1.20 6.10 5.80 3.80 8.60 6.30 4.00 3.10 9.70 2.40 9.00 2.30 6.90 5.20 5.70
6.80 5.00 3.40 0.20 4.40 6.30 1.00 1.30 9.10 6.80 6.10 3.40 2.20 5.60 5.70 6.70 6.90 9.60 6.50 3.10
7.60 3.00 7.30 6.00 2.50 9.60 2.60 5.50 0.30 9.40 7.30 9.20 6.20 9.20 5.90 2.70 6.50 7.60 3.20 3.30
7.60 8.40 3.20 1.70 8.60 8.80 3.80 5.70 8.80 7.80 8.00 4.20 1.40 9.30 8.60 1.80 3.00 4.60 6.10 7.10
7.80 8.60 6.80 5.50 4.50 4.70 9.70 1.40 8.80 3.80 0.50 5.60 1.10 8.10 3.90 4.90 4.80 6.60 0.90 7.30
2.90 1.60 6.00 0.30 6.80 2.10 7.10 7.90 0.60 7.70 8.20 0.40 4.60 2.40 5.50 0.30 7.00 0.80 2.50 8.70
1.50 5.40 6.30 9.40 0.10 3.00 3.40 7.20 6.80 6.90 4.90 6.30 8.50 3.80 6.90 7.90 1.50 8.40 1.50 4.60
3.00 5.40 4.90 7.00 5.60 4.40 7.40 2.70 2.60 5.60 1.10 9.30 5.90 3.90 3.60 1.20 6.20 6.20 5.60 2.10
9.30 7.00 1.90 3.50 6.40 6.40 1.20 4.20 3.80 1.20 7.90 7.20 7.30 3.30 9.80 0.60 4.80 9.50 0.30 5.20
1.60 3.70 5.40 7.10 0.70 5.10 7.70 5.90 9.30 6.40 7.80 6.30 2.20 0.70 8.20 7.20 1.90 3.00 1.30 9.50
3.80 1.80 1.40 6.20 6.80 9.50 1.60 5.80 8.90 9.90 5.70 6.20 7.00 7.50 4.40 4.60 4.90 2.00 5.90 6.60
2.70 9.60 4.00 9.20 9.60 5.70 5.50 3.60 8.50 4.10 4.70 3.00 5.20 4.30 7.00 0.70 0.50 9.00 9.50 2.40
3.20 8.00 8.30 3.90 3.00 9.60 9.00 6.30 8.20 2.50 9.10 9.10 7.00 9.20 6.70 5.60 2.20 6.60 9.30 2.70
3.10 8.00 6.60 4.70 6.20 6.20 6.10 0.10 9.90 5.80 9.20 9.60 4.50 4.40 7.40 3.30 4.50 7.60 4.90 6.30
8.80 2.10 2.70 1.00 3.20 1.10 4.30 4.50 4.70 2.00 9.40 5.30 4.50 3.50 6.10 5.90 1.50 4.60 6.70 4.80
7.90 5.80 8.90 7.20 2.50 0.80 4.20 1.00 6.00 8.60 3.30 1.90 3.70 0.20 3.80 8.60 2.90 3.80 1.70 4.30
8.60 7.00 6.90 0.50 2.70 9.20 8.10 0.80 0.40 5.80 5.20 4.00 0.20 9.60 8.70 3.30 6.50 4.10 3.90 8.70
6.10 7.10 3.40 4.00 9.70 0.10 0.10 6.60 4.10 1.30 1.20 1.40 9.00 2.80 3.50 2.80 7.20 8.30 9.10 4.40
3.00 6.20 2.70 0.10 5.40 5.10 0.80 6.20 8.60 2.00 3.70 1.60 0.20 1.30 3.70 8.40 4.50 4.30 6.00 8.70
5.50 0.40 0.30 1.50 2.80 3.20 5.10 9.50 1.20 1.10 4.70 6.60 4.00 6.70 9.80 5.90 5.30 3.70 9.00 5.80
0.80 0.10 9.70 6.70 6.50 9.60 1.60 8.80 1.90 3.30 3.90 5.40 7.00 6.10 2.60 5.40 0.80 9.30 9.40 2.40
9.00 0.40 4.00 1.00 0.70 8.80 1.40 6.90 8.00 5.50 0.40 5.40 9.30 7.10 4.90 9.90 1.10 8.00 5.30 5.00
7.00 6.90 5.70 3.10 7.10 1.50 2.50 3.80 3.70 0.50 5.00 6.40 4.40 2.00 1.20 3.00 2.10 6.80 2.50 3.30
5.80 7.00 0.30 4.00 7.40 0.50 9.20 3.00 5.50 7.10 9.00 8.60 7.10 5.40 5.20 1.40 4.60 9.20 1.20 6.20
3.50 7.70 4.50 0.70 0.80 5.60 9.80 6.00 5.90 6.20 5.80 3.10 8.30 5.30 4.90 6.50 9.50 9.40 6.30 5.60
1.10 2.80 4.20 5.40 4.60 6.80 2.80 3.30 5.50 5.00 4.60 9.90 1.30 7.50 9.20 3.40 4.20 2.10 7.50 8.60
6.60 4.70 0.10 8.60 7.60 1.00 9.70 8.70 2.60 9.30 1.40 1.00 0.30 5.80 4.30 0.60 6.60 6.80 6.30 5.80
6.30 7.80 6.30 0.40 4.50 8.90 3.80 9.10 4.00 7.40 8.40 0.20 9.90 7.40 7.50 9.10 2.30 5.30 0.70 4.20
2.60 6.40 1.40 0.20 1.10 4.30 9.50 4.80 2.20 0.60 9.70 7.40 2.70 6.50 8.30 8.90 3.90 7.60 8.00 8.40
9.20 5.80 2.90 8.90 9.20 0.40 7.80 4.60 7.20 3.90 4.90 2.90 9.80 2.10 0.30 8.00 8.60 4.00 1.60 3.50
2.90 4.70 5.30 3.60 5.40 5.10 4.80 1.80 9.00 9.00 3.30 7.70 6.20 6.00 9.90 3.40 0.40 0.40 3.90 9.10
9.80 1.70 0.50 3.30 3.10 8.40 6.60 3.10 3.90 0.50 4.80 1.40 1.70 7.20 8.70 3.50 9.50 8.90 3.70 4.90
5.90 6.70 7.10 9.80 5.10 3.50 1.80 2.20 6.00 8.10 6.80 3.00 3.50 0.40 6.00 9.10 0.80 5.20 0.70 5.20
1.80 8.40 4.40 7.00 4.80 5.30 1.90 0.20 1.40 2.80 3.60 1.40 7.10 8.50 9.20 4.40 4.10 5.40 0.10 8.60
3.90 5.90 5.70 9.10 2.70 8.20 2.50 9.60 9.20 3.30 6.60 4.80 9.40 4.70 7.50 5.20 8.50 8.70 3.80 4.50
0.10 5.10 7.70 6.40 5.50 4.10 7.90 5.60 4.70 7.80 0.60 0.10 5.80 8.00 5.30 7.30 6.60 8.60 4.80 6.20
2.70 4.70 4.30 4.10 3.90 6.20 9.00 1.70 9.00 9.50 5.40 0.40 7.70 7.10 3.00 9.30 6.80 2.00 3.80 0.30
0.40 6.10 5.90 1.90 7.10 7.80 2.60 4.90 4.30 8.20 1.60 7.10 2.90 2.60 5.90 9.80 3.70 1.50 3.90 5.00
3.80 5.10 2.50 2.40 1.80 7.20 4.80 8.70 1.50 3.80 0.70 5.40 6.10 7.30 9.50 3.00 5.10 6.10 8.30 8.30
4.20 9.70 5.20 8.40 4.80 3.20 8.10 3.50 0.80 4.10 3.50 3.00 4.10 3.60 8.50 2.00 4.60 2.50 2.70 5.70
6.90 6.50 1.90 5.00 0.80 1.70 9.50 6.90 2.40 0.40 6.40 4.20 4.70 3.80 6.30 5.80 9.30 8.50 1.40 0.80
0.40 0.70 3.40 5.10 3.50 0.90 3.70 6.60 9.30 9.40 1.80 4.30 0.20 1.30 2.10 3.40 5.90 5.80 4.60 8.80
6.80 7.10 1.60 6.00 6.20 6.70 0.60 6.90 4.00 4.40 0.80 3.30 1.60 6.60 7.80 1.40 1.40 0.60 4.60 1.00
3.00 7.50 3.80 0.30 5.20 7.40 8.60 3.00 6.80 1.00 6.10 3.20 4.10 8.20 7.20 4.60 2.50 4.00 5.90 8.80
3.90 4.70 6.10 5.60 6.50 2.70 8.30 3.00 6.80 2.80 4.10 1.20 5.90 0.20 8.70 6.10 7.10 9.80 1.20 5.00
7.50 8.30 5.30 7.90 9.50 5.50 6.70 7.70 6.70 3.30 6.50 6.80 2.70 7.60 5.20 7.30 1.50 9.30 2.00 2.20
8.70 0.10 3.60 0.80 5.50 7.60 7.40 9.80 4.10 6.60 7.10 0.80 1.80 2.90 3.90 8.70 8.90 7.80 0.70 4.90
4.50 4.60 8.70 3.40 0.70 0.10 9.10 5.50 7.20 1.60 3.40 8.20 3.30 9.00 9.30 4.10 9.40 5.50 8.50 4.40
8.30 5.40 0.30 9.30 3.70 4.10 9.90 7.80 7.20 4.50 3.50 2.70 0.10 3.60 2.20 0.90 6.10 7.50 7.40 0.60
3.00 7.60 5.60 7.90 9.10 7.30 5.50 4.50 7.30 5.10 9.20 5.90 9.90 3.20 8.20 5.70 0.50 9.70 4.90 2.60
5.50 5.40 0.10 7.20 9.10 8.90 7.90 8.40 4.40 8.90 7.00 2.00 0.30 8.40 2.10 8.20 4.50 5.20 4.80 3.40
3.70 5.90 0.40 0.70 7.30 0.20 4.60 4.70 3.40 6.90 6.50 6.00 1.50 7.80 6.50 1.70 5.20 2.70 0.60 4.00
3.10 3.70 0.40 9.00 5.60 4.50 1.00 5.80 2.40 2.30 7.60 7.60 4.50 9.40 8.10 1.90 0.90 3.20 7.30 2.60
7.40 4.70 9.80 0.20 2.20 9.90 5.20 2.40 1.90 0.90 7.10 4.40 8.20 4.50 5.90 3.20 7.00 8.10 5.70 4.90
4.90 5.50 9.00 7.60 9.80 3.70 2.20 5.60 2.70 0.80 8.10 2.90 2.00 1.40 7.30 4.70 5.00 7.30 4.40 9.30
1.80 7.60 2.30 0.10 9.60 7.40 3.90 5.00 3.10 4.30 3.20 6.80 1.10 7.20 7.40 8.90 4.40 2.90 4.10 7.70
7.60 7.50 7.80 0.70 8.20 9.50 0.80 5.30 8.00 6.40 2.70 2.40 9.00 0.30 3.30 0.20 7.90 3.40 3.50 3.80
4.60 2.30 6.40 5.70 8.40 7.80 1.30 1.20 0.40 1.50 9.50 4.60 6.50 1.80 5.30 9.40 6.40 3.50 6.80 1.50
7.80 4.10 9.00 1.90 3.10 4.80 3.20 4.30 9.40 1.50 4.90 9.40 7.30 5.80 4.70 1.70 4.70 7.80 6.10 5.00
9.90 2.80 1.80 0.20 4.40 9.50 0.40 7.30 0.30 2.60 5.10 7.90 7.10 8.70 6.90 9.80 0.40 2.90 0.10 1.50
5.80 7.80 1.90 1.10 1.90 1.10 0.70 0.30 3.10 4.80 6.50 6.80 2.60 3.00 1.10 1.30 5.90 4.50 1.60 2.20
8.40 5.80 6.70 8.40 6.00 2.80 4.70 3.20 3.80 0.90 1.70 4.90 9.70 7.30 3.10 8.40 4.50 2.50 3.70 8.80
8.90 5.10 8.20 0.90 1.90 2.10 3.40 9.10 4.40 1.10 9.10 8.50 5.00 7.10 6.90 1.20 9.10 5.40 7.00 4.20
7.40 4.00 1.60 8.80 5.60 0.80 0.10 2.50 8.70 5.60 2.30 8.70 4.30 0.50 6.70 6.60 3.50 7.40 2.60 6.30
0.10 1.60 5.30 5.00 0.60 8.80 1.20 4.40 7.70 7.50 1.70 1.70 0.70 7.70 0.30 9.00 7.10 7.70 7.60 5.60
8.60 2.10 1.80 5.20 4.50 2.90 9.30 5.50 0.20 7.50 1.90 9.90 7.80 6.00 2.10 8.60 6.30 8.50 8.70 6.10
9.50 8.80 1.70 4.90 2.40 6.00 6.20 9.70 6.60 6.30 2.80 7.60 2.70 0.60 2.90 8.30 9.40 6.40 4.20 6.40
5.80 5.90 2.50 1.00 1.00 0.20 1.10 1.00 2.00 1.70 7.00 8.10 5.00 6.10 2.80 7.50 8.60 0.20 2.60 6.30
1.70 0.30 7.10 2.30 0.60 4.70 8.10 4.20 7.90 9.30 6.70 5.20 7.00 2.30 4.50 6.70 0.30 2.70 2.20 3.00
1.80 3.90 1.20 3.00 4.40 1.50 2.60 7.30 8.90 3.80 4.00 2.40 6.50 2.90 0.20 3.30 7.70 8.10 0.20 0.40
7.00 7.30 2.40 7.50 5.70 0.10 3.10 7.40 9.00 2.20 8.10 5.70 9.60 0.20 5.30 4.00 3.70 1.70 8.10 2.10
4.90 3.40 3.20 4.30 4.30 6.40 4.10 1.60 8.40 2.20 5.40 0.80 2.70 6.70 3.60 5.60 8.40 3.10 5.50 9.50
2.10 4.50 4.40 8.80 0.10 5.50 0.50 4.70 4.00 1.70 5.20 3.60 6.60 6.90 0.50 2.10 5.00 3.70 1.20 2.00
4.30 2.00 3.90 6.60 4.20 3.20 4.00 6.80 0.80 2.40 3.80 6.70 1.80 3.80 7.90 4.30 9.70 2.00 4.70 3.00
2.60 6.60 4.00 2.30 2.00 4.90 1.10 0.90 6.50 9.30 0.60 5.70 9.60 3.70 7.60 0.10 2.10 6.90 2.60 8.60
6.70 3.50 4.70 3.40 8.30 2.00 5.60 9.20 8.00 1.70 0.80 6.60 6.60 8.00 3.20 9.20 4.20 5.90 9.10 9.50
6.60 9.60 5.30 0.10 5.70 3.30 6.70 0.40 5.00 4.80 3.10 0.50 8.20 5.10 8.70 0.40 0.60 3.90 3.70 8.20
8.90 2.40 7.50 8.20 3.40 6.80 4.90 4.80 8.90 2.70 9.80 6.90 2.30 3.40 0.40 4.40 1.90 1.30 4.10 1.00
