# nJobs | nMachines
200 20
# Job Weights
14
54
45
11
64
66
66
64
66
9
8
4
61
36
80
35
97
82
94
14
60
70
38
59
30
23
87
78
49
49
24
32
50
2
76
11
10
60
60
33
65
18
52
14
6
84
5
33
84
2
47
11
80
95
49
65
38
95
78
33
20
49
42
53
1
70
11
16
23
90
14
85
12
11
90
1
61
53
1
80
72
34
17
62
69
24
25
80
43
13
13
77
17
68
54
23
5
92
35
44
43
49
20
28
15
36
28
16
79
73
20
8
50
69
14
25
43
15
53
99
7
3
50
17
17
35
83
21
26
18
98
87
27
19
57
44
33
40
74
24
82
31
48
44
20
73
47
59
1
12
92
32
55
3
47
27
63
52
20
37
63
37
52
10
16
2
14
43
92
51
92
60
28
17
74
4
35
9
78
63
60
26
27
91
97
31
6
44
30
5
75
91
51
80
41
26
68
36
50
95
# P_bar : m1 | m2 | m3 | m4 | m5 | m6 | m7 | m8 | m9 | m10 | m11 | m12 | m13 | m14 | m15 | m16 | m17 | m18 | m19 | m20
39 69 77 17 25 4 58 11 50 72 17 30 28 15 52 5 53 55 81 47
3 57 72 81 3 20 55 64 62 81 37 26 82 67 82 44 43 65 44 51
69 41 43 27 11 62 34 32 28 8 22 2 88 57 17 2 43 38 46 44
34 24 37 4 17 71 66 10 4 73 71 29 33 64 66 98 56 76 3 27
88 33 92 73 56 69 67 37 11 93 79 98 69 23 62 27 48 45 93 76
15 29 83 31 29 87 70 86 13 38 37 67 28 9 57 10 83 99 14 4
10 3 25 15 73 96 16 35 46 85 69 92 92 1 58 25 34 84 86 76
19 6 61 19 30 25 25 41 23 94 53 51 66 2 91 27 93 67 23 49
69 35 45 94 95 98 34 7 41 88 59 53 92 43 42 41 95 40 59 5
68 10 64 65 54 41 1 56 74 69 64 82 30 73 69 59 48 93 47 25
57 55 12 83 67 99 18 10 15 90 11 86 67 94 48 89 63 70 76 23
52 75 58 36 28 1 2 15 67 26 67 47 53 96 46 36 93 45 45 67
97 20 19 53 84 94 86 25 39 23 27 36 93 78 18 62 91 75 64 55
57 44 48 16 79 91 34 15 4 44 64 23 45 14 94 29 94 91 10 40
48 18 18 81 43 36 82 54 13 97 59 34 7 32 83 17 32 21 4 58
3 18 41 24 6 71 55 3 43 67 31 66 70 23 48 37 81 72 29 26
9 40 48 54 87 28 59 43 84 53 43 43 58 83 81 35 69 15 69 36
36 32 69 74 3 50 21 10 41 75 42 71 58 29 57 47 29 73 46 83
37 29 42 44 80 11 31 27 33 69 56 31 17 75 93 37 44 43 68 65
3 54 34 66 3 14 53 10 41 44 88 36 41 55 67 52 2 62 89 91
12 64 11 20 39 76 25 39 82 13 71 41 56 91 19 3 66 40 48 77
90 96 68 18 2 20 69 2 99 47 86 6 34 44 65 87 25 43 68 62
35 21 88 6 84 78 71 24 63 98 6 28 62 46 49 4 60 96 13 6
17 33 76 12 33 70 85 50 29 41 54 43 81 59 45 50 69 39 36 57
77 97 97 91 68 43 80 64 86 46 92 18 44 11 22 96 44 23 85 87
12 48 35 20 49 59 39 44 28 25 75 64 95 20 92 74 34 79 35 4
16 48 15 42 43 88 71 34 80 56 83 28 50 68 41 68 68 66 25 11
68 6 75 70 12 68 66 97 7 50 2 13 88 3 38 30 77 19 21 60
43 36 83 48 64 48 74 93 1 35 60 7 19 17 26 69 31 41 44 23
58 10 86 24 71 48 57 81 5 59 62 13 50 55 2 17 10 71 40 87
6 46 76 83 72 39 54 15 64 78 83 93 25 59 90 34 57 60 20 50
91 92 70 70 95 36 2 42 17 44 73 93 88 18 79 95 21 72 83 18
99 14 28 23 68 2 27 34 81 57 55 56 1 31 17 3 56 62 76 23
92 97 81 57 37 51 55 87 48 21 3 72 6 84 61 24 36 17 26 24
77 87 82 39 6 91 7 53 9 59 71 71 45 61 81 51 26 25 50 82
4 15 25 83 16 4 94 82 77 60 34 28 29 55 67 55 11 59 98 16
57 12 64 46 68 32 85 64 92 52 40 95 2 46 18 60 6 95 6 96
80 8 10 60 67 62 3 96 15 62 13 96 54 77 1 61 86 47 83 37
13 37 54 67 74 46 46 60 49 14 62 55 71 59 36 15 2 10 51 29
70 61 25 61 14 55 7 20 41 58 56 58 81 98 31 38 89 94 46 19
2 51 44 57 81 73 26 78 17 24 28 66 22 23 85 83 28 39 99 26
13 66 40 94 7 97 95 12 32 8 53 3 57 18 92 62 62 53 65 56
8 53 8 35 4 71 21 15 25 22 71 77 16 17 6 84 63 50 46 33
34 33 62 23 25 50 4 63 89 72 5 80 88 70 78 44 52 99 24 53
7 16 35 93 34 54 98 81 9 37 73 2 5 73 83 80 12 63 47 6
46 96 16 68 44 73 9 98 29 90 95 82 52 38 39 48 13 59 24 95
9 6 8 8 47 44 52 97 38 96 23 86 23 13 74 45 43 30 32 63
91 6 90 17 67 95 48 2 2 26 49 16 21 77 77 54 99 67 66 84
23 15 39 54 7 53 59 2 91 23 17 29 21 74 85 71 11 18 48 13
51 52 53 96 75 18 17 44 57 91 81 24 58 79 88 10 70 12 83 6
31 83 60 54 84 44 53 64 24 41 88 89 96 51 25 96 82 9 3 19
65 87 48 97 16 54 26 94 2 80 62 96 37 48 33 23 14 41 74 16
81 35 71 70 92 7 89 23 51 74 35 99 46 16 36 8 39 67 97 80
70 67 12 84 12 54 34 88 49 15 78 15 78 93 32 56 83 52 39 37
17 67 5 31 26 61 29 52 39 89 90 49 87 29 82 35 4 39 80 20
35 53 89 93 56 18 32 23 62 24 36 78 91 28 98 72 86 90 27 62
64 32 62 25 44 45 28 26 85 36 46 48 9 6 3 53 93 25 70 81
14 23 70 69 98 64 46 9 70 86 98 64 96 82 46 13 87 13 65 52
56 8 72 20 31 81 49 63 86 98 75 3 93 40 68 72 82 81 1 14
22 86 75 38 22 57 55 24 18 51 36 63 98 9 11 38 78 3 26 67
57 91 97 36 19 13 8 8 90 32 74 14 31 88 30 1 32 8 46 19
5 92 2 40 29 45 34 32 36 92 86 95 78 51 75 69 82 66 8 86
68 98 44 67 12 60 40 97 51 51 67 88 20 48 42 85 24 67 74 1
66 49 80 28 47 12 48 17 20 98 87 9 75 1 93 2 88 51 47 53
79 28 40 91 16 89 68 76 23 88 68 61 18 4 36 28 45 54 19 21
23 2 10 2 91 20 59 45 17 1 1 24 34 77 97 18 48 85 85 33
47 77 96 69 80 47 87 28 23 13 87 38 48 48 1 10 67 10 62 68
70 42 11 55 24 81 1 89 47 50 87 50 49 6 63 70 14 95 33 28
23 68 58 47 40 11 87 75 66 80 7 47 69 1 86 67 34 59 96 25
49 35 77 46 19 56 91 71 3 56 34 42 88 32 54 95 76 64 33 69
72 96 6 24 1 30 99 46 59 50 1 30 30 79 33 72 1 90 5 71
7 94 30 91 43 51 95 40 30 58 91 97 34 40 71 64 51 28 23 60
11 25 96 51 62 18 21 66 85 75 7 49 22 14 1 19 15 48 43 69
59 84 59 27 44 91 62 87 16 4 6 79 81 20 18 60 67 57 63 99
65 24 82 8 1 48 87 91 81 73 46 19 50 86 75 31 57 85 10 53
50 55 78 98 31 94 84 50 95 90 3 80 40 40 55 29 3 78 47 77
19 14 13 25 97 32 96 54 81 2 45 30 73 25 62 43 37 18 73 27
14 7 13 33 43 67 47 60 14 73 55 24 91 94 21 17 15 59 1 29
68 76 85 81 71 95 60 10 96 75 92 58 7 73 71 78 50 11 19 83
32 17 88 75 80 75 82 79 23 67 67 43 1 44 80 28 75 67 92 22
62 38 14 61 83 82 60 43 44 99 13 6 71 98 5 47 80 36 31 10
93 50 45 22 12 41 53 34 8 93 30 95 72 94 48 78 3 24 29 42
99 2 76 61 47 7 98 77 15 9 27 43 8 61 87 77 9 59 68 64
24 12 9 35 33 39 48 92 48 27 19 99 68 65 22 92 28 24 31 80
86 41 6 19 84 25 30 3 95 61 51 22 49 44 5 42 44 39 92 73
86 11 47 26 81 49 39 98 62 64 86 99 7 75 71 86 2 1 48 91
51 63 16 45 62 39 52 40 90 43 20 11 47 4 69 6 71 80 87 38
60 27 92 11 4 53 22 19 41 32 95 99 90 17 75 19 89 58 8 60
57 63 4 63 60 66 63 68 70 56 79 60 59 1 72 28 24 76 90 53
87 27 74 89 54 96 19 85 56 61 48 42 39 12 36 18 73 59 57 38
84 70 7 55 81 36 49 2 50 55 83 33 49 78 54 4 28 90 40 19
25 33 91 68 43 41 50 51 29 99 91 68 28 51 24 24 98 92 25 14
84 73 52 30 39 8 20 35 39 77 78 78 22 55 55 57 17 3 49 35
16 21 81 89 63 92 85 91 72 66 41 26 10 53 5 82 27 51 26 10
86 52 86 8 5 92 31 68 94 25 61 77 96 96 40 7 90 1 35 44
4 14 36 90 51 82 99 3 70 28 90 1 2 92 56 4 4 55 90 97
10 16 22 46 91 78 61 26 40 87 57 13 88 82 8 94 13 50 99 17
90 72 72 55 22 19 96 49 33 25 4 67 90 20 19 9 83 15 30 50
23 64 95 78 49 12 82 37 16 18 21 87 69 22 7 57 43 31 5 22
34 55 87 32 69 54 75 25 79 61 68 31 44 13 12 82 63 99 52 19
49 88 30 25 13 15 80 50 56 18 87 49 74 40 44 98 68 8 12 70
89 51 86 91 10 80 35 83 43 39 62 90 16 43 66 54 74 44 11 88
57 23 10 69 94 61 39 82 63 96 69 6 90 23 39 2 12 91 72 31
9 53 10 96 22 37 85 78 60 18 79 76 7 30 41 71 69 83 32 7
27 40 44 29 47 72 45 44 3 16 69 94 14 16 60 94 38 75 81 81
89 53 95 2 49 73 13 23 89 48 35 76 47 76 11 69 74 66 21 58
60 45 68 25 68 55 81 66 52 22 25 79 48 30 31 51 98 98 81 2
27 45 97 61 87 19 78 24 42 53 68 66 36 59 65 80 86 77 64 89
29 9 79 3 43 80 25 56 24 71 14 51 62 64 16 79 72 8 45 1
12 74 80 83 12 48 81 92 53 24 9 14 1 72 67 85 76 6 4 80
51 5 21 38 16 10 21 30 77 17 74 89 63 61 19 56 53 26 10 52
20 71 55 38 60 17 87 31 12 47 61 87 86 13 69 79 94 47 90 15
91 72 71 94 87 67 40 88 71 44 58 1 49 81 56 46 45 55 11 25
31 63 12 36 65 21 30 85 14 62 81 65 48 25 96 71 30 39 88 11
50 88 86 3 36 9 11 50 62 4 52 53 3 90 78 85 39 91 52 97
5 77 81 23 73 79 76 34 75 85 93 19 51 67 36 52 60 78 96 90
77 7 94 93 25 89 79 91 97 74 44 21 80 21 56 42 69 49 92 62
65 88 47 93 13 20 75 55 3 59 57 98 86 70 12 66 12 23 44 69
65 39 78 75 29 94 77 7 54 41 89 90 97 96 37 82 83 92 54 34
3 30 54 77 94 47 17 49 41 13 81 45 4 99 1 91 21 68 28 66
99 70 74 35 89 90 51 38 71 82 69 77 58 64 50 48 25 88 85 54
92 95 2 84 2 44 29 73 11 26 98 54 79 68 43 70 50 9 51 84
58 79 28 24 25 49 11 47 12 39 78 86 28 61 58 21 47 38 21 62
17 70 42 7 71 28 73 95 54 28 70 2 19 36 13 82 43 60 4 71
60 92 90 40 17 46 50 48 21 59 3 3 93 57 55 12 58 2 42 70
5 12 79 4 30 82 86 54 14 49 70 88 88 86 87 94 11 8 43 60
90 21 78 18 74 96 56 94 82 87 62 39 44 10 20 17 63 86 55 54
43 34 83 25 22 91 93 21 35 32 81 56 74 57 84 45 74 62 89 52
59 11 56 5 49 28 79 41 21 65 61 24 18 88 28 68 6 41 4 71
13 92 8 56 53 93 57 30 38 24 65 91 95 59 59 60 23 66 1 9
70 50 43 96 6 30 85 42 52 48 65 86 2 73 65 93 94 94 97 99
28 3 38 93 44 64 17 44 82 72 33 80 22 43 56 30 93 54 65 41
64 33 95 10 68 41 88 28 40 15 62 58 7 25 2 5 26 9 38 30
50 39 87 33 52 53 89 82 47 5 19 54 82 37 36 31 49 75 87 23
11 49 79 82 95 86 39 4 91 68 57 57 52 70 41 30 30 43 58 60
11 25 16 91 85 6 41 64 60 36 82 42 17 97 7 71 50 9 47 1
38 16 39 14 22 68 8 38 61 7 78 32 59 29 23 29 47 10 53 67
23 48 61 46 6 25 21 9 21 52 94 5 42 33 25 82 89 79 51 55
97 56 19 38 42 8 33 37 67 45 65 43 51 99 81 20 43 10 40 64
65 52 75 73 68 62 36 87 29 87 14 80 79 34 6 13 32 97 80 21
26 78 92 16 1 17 75 37 46 42 9 86 93 96 67 94 45 39 20 16
26 93 89 52 48 49 2 26 74 68 29 47 65 65 5 47 47 30 24 94
17 74 17 99 22 92 65 80 11 9 70 95 27 90 89 57 68 74 77 11
43 68 66 63 62 20 57 83 72 53 90 86 25 52 71 95 13 52 37 90
5 41 34 45 62 77 22 50 56 59 86 40 60 95 86 8 86 90 13 48
87 5 87 68 42 24 41 50 81 65 12 31 72 3 48 46 97 12 29 85
59 14 25 2 44 53 89 50 80 81 40 61 29 64 50 80 2 61 28 34
40 92 20 72 22 71 62 42 87 12 12 12 55 21 54 32 16 34 18 7
65 46 58 22 14 88 43 88 44 39 64 64 58 16 21 7 27 88 22 79
90 18 57 52 40 88 30 55 41 62 32 17 22 70 83 34 38 27 75 95
60 95 85 1 40 24 56 22 59 90 18 52 58 67 27 33 53 68 24 50
37 90 69 72 32 75 8 1 41 34 11 56 61 13 38 33 37 14 79 78
26 10 13 95 31 31 1 88 64 66 40 35 89 96 79 18 94 88 99 39
83 88 13 26 33 34 51 69 30 10 14 60 67 57 71 29 78 74 35 79
47 7 63 30 22 87 73 50 51 95 22 75 14 7 53 19 84 71 45 69
81 57 62 93 75 88 4 79 16 51 49 10 10 30 2 74 49 14 95 27
92 95 38 51 67 62 58 59 64 15 95 50 40 96 9 58 25 16 46 42
95 67 62 2 94 59 24 18 72 4 82 66 11 98 49 52 59 46 15 15
8 84 75 75 37 39 69 98 68 66 7 53 99 72 79 10 36 47 7 51
24 55 79 39 81 4 39 21 31 24 19 58 7 31 39 70 33 54 24 44
90 70 65 99 89 74 33 35 93 53 95 12 20 11 28 78 15 91 45 71
2 26 8 20 62 90 16 94 86 87 39 66 78 36 39 59 36 89 20 32
62 58 39 68 67 29 75 57 91 26 71 81 6 10 70 32 47 59 35 66
45 81 40 40 5 99 19 71 34 64 34 51 71 20 72 20 83 39 61 49
28 45 13 77 42 74 1 76 6 13 89 75 48 26 70 12 24 52 97 8
2 19 85 57 47 4 30 97 27 16 63 71 39 67 38 98 71 91 69 7
90 95 90 57 27 86 44 7 62 23 85 46 58 13 48 18 7 21 78 44
9 19 82 13 65 22 8 87 35 61 60 88 7 60 57 12 6 90 13 1
31 98 62 43 70 10 45 89 57 78 91 58 17 50 11 57 55 58 53 15
65 74 93 45 12 96 19 53 67 58 49 73 63 28 38 73 43 74 16 6
65 31 29 74 94 56 53 19 96 13 46 27 73 32 37 91 82 30 94 51
31 70 40 98 56 28 38 69 69 99 10 26 43 49 56 46 40 63 59 91
6 17 96 80 79 90 39 66 8 87 19 38 14 54 64 64 78 19 64 33
3 6 6 46 82 71 68 61 92 70 50 48 66 46 64 92 64 18 72 77
38 28 82 7 72 12 83 18 1 84 65 8 59 15 68 45 96 88 13 69
98 84 85 40 98 1 94 86 37 3 41 14 75 49 27 86 27 22 47 28
17 45 34 5 1 6 34 51 69 48 58 58 96 94 36 84 99 43 22 8
37 96 18 79 72 41 1 90 57 78 62 89 28 63 94 15 11 60 9 8
6 9 62 40 80 30 23 80 59 79 45 44 12 96 65 99 91 20 68 48
21 63 56 48 39 21 32 22 85 20 67 16 99 43 89 8 78 32 4 7
84 80 32 38 68 64 70 6 86 51 64 20 63 73 23 87 97 67 67 55
53 27 39 4 93 92 35 52 98 83 6 69 19 19 93 61 23 1 92 51
67 31 14 48 16 1 78 16 96 51 77 67 26 19 14 42 48 42 49 89
28 38 63 33 43 85 89 84 55 1 94 80 8 81 57 25 20 95 23 61
10 68 40 94 16 94 88 12 9 2 24 81 72 82 93 35 99 84 37 82
50 91 5 32 81 24 92 74 2 73 38 82 55 69 60 64 39 37 16 39
91 89 10 89 2 83 50 69 71 82 73 27 67 13 82 74 53 30 39 89
34 15 49 85 73 4 64 22 85 34 59 5 1 85 16 40 3 12 47 47
68 10 98 84 55 57 61 12 2 26 61 44 23 32 69 89 65 87 94 24
52 61 96 86 81 8 35 80 96 49 14 38 35 34 57 4 81 13 71 79
30 30 39 84 72 17 81 45 7 39 59 53 6 57 8 43 47 60 36 86
14 15 65 78 88 83 69 51 78 24 83 16 89 69 52 12 25 92 72 60
37 91 52 77 20 47 80 96 55 39 3 48 93 63 98 28 36 52 67 67
31 78 33 15 44 57 38 80 7 69 46 16 88 49 67 68 44 51 78 10
86 52 4 71 14 93 44 87 50 1 16 31 86 56 19 46 29 91 13 61
9 70 47 67 79 54 49 92 5 1 56 79 37 37 56 23 85 76 68 60
31 21 72 70 99 79 85 20 60 79 40 75 53 54 38 3 26 32 36 68
90 57 70 67 43 5 26 95 61 27 7 14 45 60 75 70 4 81 69 72
53 28 17 80 57 30 15 16 68 20 79 67 32 97 69 81 9 57 28 9
64 14 72 58 22 90 97 64 87 22 55 70 69 44 14 14 59 71 69 47
# P_hat : m1 | m2 | m3 | m4 | m5 | m6 | m7 | m8 | m9 | m10 | m11 | m12 | m13 | m14 | m15 | m16 | m17 | m18 | m19 | m20
11.70 20.70 23.10 5.10 7.50 1.20 17.40 3.30 15.00 21.60 5.10 9.00 8.40 4.50 15.60 1.50 15.90 16.50 24.30 14.10
0.90 17.10 21.60 24.30 0.90 6.00 16.50 19.20 18.60 24.30 11.10 7.80 24.60 20.10 24.60 13.20 12.90 19.50 13.20 15.30
20.70 12.30 12.90 8.10 3.30 18.60 10.20 9.60 8.40 2.40 6.60 0.60 26.40 17.10 5.10 0.60 12.90 11.40 13.80 13.20
10.20 7.20 11.10 1.20 5.10 21.30 19.80 3.00 1.20 21.90 21.30 8.70 9.90 19.20 19.80 29.40 16.80 22.80 0.90 8.10
26.40 9.90 27.60 21.90 16.80 20.70 20.10 11.10 3.30 27.90 23.70 29.40 20.70 6.90 18.60 8.10 14.40 13.50 27.90 22.80
4.50 8.70 24.90 9.30 8.70 26.10 21.00 25.80 3.90 11.40 11.10 20.10 8.40 2.70 17.10 3.00 24.90 29.70 4.20 1.20
3.00 0.90 7.50 4.50 21.90 28.80 4.80 10.50 13.80 25.50 20.70 27.60 27.60 0.30 17.40 7.50 10.20 25.20 25.80 22.80
5.70 1.80 18.30 5.70 9.00 7.50 7.50 12.30 6.90 28.20 15.90 15.30 19.80 0.60 27.30 8.10 27.90 20.10 6.90 14.70
20.70 10.50 13.50 28.20 28.50 29.40 10.20 2.10 12.30 26.40 17.70 15.90 27.60 12.90 12.60 12.30 28.50 12.00 17.70 1.50
20.40 3.00 19.20 19.50 16.20 12.30 0.30 16.80 22.20 20.70 19.20 24.60 9.00 21.90 20.70 17.70 14.40 27.90 14.10 7.50
17.10 16.50 3.60 24.90 20.10 29.70 5.40 3.00 4.50 27.00 3.30 25.80 20.10 28.20 14.40 26.70 18.90 21.00 22.80 6.90
15.60 22.50 17.40 10.80 8.40 0.30 0.60 4.50 20.10 7.80 20.10 14.10 15.90 28.80 13.80 10.80 27.90 13.50 13.50 20.10
29.10 6.00 5.70 15.90 25.20 28.20 25.80 7.50 11.70 6.90 8.10 10.80 27.90 23.40 5.40 18.60 27.30 22.50 19.20 16.50
17.10 13.20 14.40 4.80 23.70 27.30 10.20 4.50 1.20 13.20 19.20 6.90 13.50 4.20 28.20 8.70 28.20 27.30 3.00 12.00
14.40 5.40 5.40 24.30 12.90 10.80 24.60 16.20 3.90 29.10 17.70 10.20 2.10 9.60 24.90 5.10 9.60 6.30 1.20 17.40
0.90 5.40 12.30 7.20 1.80 21.30 16.50 0.90 12.90 20.10 9.30 19.80 21.00 6.90 14.40 11.10 24.30 21.60 8.70 7.80
2.70 12.00 14.40 16.20 26.10 8.40 17.70 12.90 25.20 15.90 12.90 12.90 17.40 24.90 24.30 10.50 20.70 4.50 20.70 10.80
10.80 9.60 20.70 22.20 0.90 15.00 6.30 3.00 12.30 22.50 12.60 21.30 17.40 8.70 17.10 14.10 8.70 21.90 13.80 24.90
11.10 8.70 12.60 13.20 24.00 3.30 9.30 8.10 9.90 20.70 16.80 9.30 5.10 22.50 27.90 11.10 13.20 12.90 20.40 19.50
0.90 16.20 10.20 19.80 0.90 4.20 15.90 3.00 12.30 13.20 26.40 10.80 12.30 16.50 20.10 15.60 0.60 18.60 26.70 27.30
3.60 19.20 3.30 6.00 11.70 22.80 7.50 11.70 24.60 3.90 21.30 12.30 16.80 27.30 5.70 0.90 19.80 12.00 14.40 23.10
27.00 28.80 20.40 5.40 0.60 6.00 20.70 0.60 29.70 14.10 25.80 1.80 10.20 13.20 19.50 26.10 7.50 12.90 20.40 18.60
10.50 6.30 26.40 1.80 25.20 23.40 21.30 7.20 18.90 29.40 1.80 8.40 18.60 13.80 14.70 1.20 18.00 28.80 3.90 1.80
5.10 9.90 22.80 3.60 9.90 21.00 25.50 15.00 8.70 12.30 16.20 12.90 24.30 17.70 13.50 15.00 20.70 11.70 10.80 17.10
23.10 29.10 29.10 27.30 20.40 12.90 24.00 19.20 25.80 13.80 27.60 5.40 13.20 3.30 6.60 28.80 13.20 6.90 25.50 26.10
3.60 14.40 10.50 6.00 14.70 17.70 11.70 13.20 8.40 7.50 22.50 19.20 28.50 6.00 27.60 22.20 10.20 23.70 10.50 1.20
4.80 14.40 4.50 12.60 12.90 26.40 21.30 10.20 24.00 16.80 24.90 8.40 15.00 20.40 12.30 20.40 20.40 19.80 7.50 3.30
20.40 1.80 22.50 21.00 3.60 20.40 19.80 29.10 2.10 15.00 0.60 3.90 26.40 0.90 11.40 9.00 23.10 5.70 6.30 18.00
12.90 10.80 24.90 14.40 19.20 14.40 22.20 27.90 0.30 10.50 18.00 2.10 5.70 5.10 7.80 20.70 9.30 12.30 13.20 6.90
17.40 3.00 25.80 7.20 21.30 14.40 17.10 24.30 1.50 17.70 18.60 3.90 15.00 16.50 0.60 5.10 3.00 21.30 12.00 26.10
1.80 13.80 22.80 24.90 21.60 11.70 16.20 4.50 19.20 23.40 24.90 27.90 7.50 17.70 27.00 10.20 17.10 18.00 6.00 15.00
27.30 27.60 21.00 21.00 28.50 10.80 0.60 12.60 5.10 13.20 21.90 27.90 26.40 5.40 23.70 28.50 6.30 21.60 24.90 5.40
29.70 4.20 8.40 6.90 20.40 0.60 8.10 10.20 24.30 17.10 16.50 16.80 0.30 9.30 5.10 0.90 16.80 18.60 22.80 6.90
27.60 29.10 24.30 17.10 11.10 15.30 16.50 26.10 14.40 6.30 0.90 21.60 1.80 25.20 18.30 7.20 10.80 5.10 7.80 7.20
23.10 26.10 24.60 11.70 1.80 27.30 2.10 15.90 2.70 17.70 21.30 21.30 13.50 18.30 24.30 15.30 7.80 7.50 15.00 24.60
1.20 4.50 7.50 24.90 4.80 1.20 28.20 24.60 23.10 18.00 10.20 8.40 8.70 16.50 20.10 16.50 3.30 17.70 29.40 4.80
17.10 3.60 19.20 13.80 20.40 9.60 25.50 19.20 27.60 15.60 12.00 28.50 0.60 13.80 5.40 18.00 1.80 28.50 1.80 28.80
24.00 2.40 3.00 18.00 20.10 18.60 0.90 28.80 4.50 18.60 3.90 28.80 16.20 23.10 0.30 18.30 25.80 14.10 24.90 11.10
3.90 11.10 16.20 20.10 22.20 13.80 13.80 18.00 14.70 4.20 18.60 16.50 21.30 17.70 10.80 4.50 0.60 3.00 15.30 8.70
21.00 18.30 7.50 18.30 4.20 16.50 2.10 6.00 12.30 17.40 16.80 17.40 24.30 29.40 9.30 11.40 26.70 28.20 13.80 5.70
0.60 15.30 13.20 17.10 24.30 21.90 7.80 23.40 5.10 7.20 8.40 19.80 6.60 6.90 25.50 24.90 8.40 11.70 29.70 7.80
3.90 19.80 12.00 28.20 2.10 29.10 28.50 3.60 9.60 2.40 15.90 0.90 17.10 5.40 27.60 18.60 18.60 15.90 19.50 16.80
2.40 15.90 2.40 10.50 1.20 21.30 6.30 4.50 7.50 6.60 21.30 23.10 4.80 5.10 1.80 25.20 18.90 15.00 13.80 9.90
10.20 9.90 18.60 6.90 7.50 15.00 1.20 18.90 26.70 21.60 1.50 24.00 26.40 21.00 23.40 13.20 15.60 29.70 7.20 15.90
2.10 4.80 10.50 27.90 10.20 16.20 29.40 24.30 2.70 11.10 21.90 0.60 1.50 21.90 24.90 24.00 3.60 18.90 14.10 1.80
13.80 28.80 4.80 20.40 13.20 21.90 2.70 29.40 8.70 27.00 28.50 24.60 15.60 11.40 11.70 14.40 3.90 17.70 7.20 28.50
2.70 1.80 2.40 2.40 14.10 13.20 15.60 29.10 11.40 28.80 6.90 25.80 6.90 3.90 22.20 13.50 12.90 9.00 9.60 18.90
27.30 1.80 27.00 5.10 20.10 28.50 14.40 0.60 0.60 7.80 14.70 4.80 6.30 23.10 23.10 16.20 29.70 20.10 19.80 25.20
6.90 4.50 11.70 16.20 2.10 15.90 17.70 0.60 27.30 6.90 5.10 8.70 6.30 22.20 25.50 21.30 3.30 5.40 14.40 3.90
15.30 15.60 15.90 28.80 22.50 5.40 5.10 13.20 17.10 27.30 24.30 7.20 17.40 23.70 26.40 3.00 21.00 3.60 24.90 1.80
9.30 24.90 18.00 16.20 25.20 13.20 15.90 19.20 7.20 12.30 26.40 26.70 28.80 15.30 7.50 28.80 24.60 2.70 0.90 5.70
19.50 26.10 14.40 29.10 4.80 16.20 7.80 28.20 0.60 24.00 18.60 28.80 11.10 14.40 9.90 6.90 4.20 12.30 22.20 4.80
24.30 10.50 21.30 21.00 27.60 2.10 26.70 6.90 15.30 22.20 10.50 29.70 13.80 4.80 10.80 2.40 11.70 20.10 29.10 24.00
21.00 20.10 3.60 25.20 3.60 16.20 10.20 26.40 14.70 4.50 23.40 4.50 23.40 27.90 9.60 16.80 24.90 15.60 11.70 11.10
5.10 20.10 1.50 9.30 7.80 18.30 8.70 15.60 11.70 26.70 27.00 14.70 26.10 8.70 24.60 10.50 1.20 11.70 24.00 6.00
10.50 15.90 26.70 27.90 16.80 5.40 9.60 6.90 18.60 7.20 10.80 23.40 27.30 8.40 29.40 21.60 25.80 27.00 8.10 18.60
19.20 9.60 18.60 7.50 13.20 13.50 8.40 7.80 25.50 10.80 13.80 14.40 2.70 1.80 0.90 15.90 27.90 7.50 21.00 24.30
4.20 6.90 21.00 20.70 29.40 19.20 13.80 2.70 21.00 25.80 29.40 19.20 28.80 24.60 13.80 3.90 26.10 3.90 19.50 15.60
16.80 2.40 21.60 6.00 9.30 24.30 14.70 18.90 25.80 29.40 22.50 0.90 27.90 12.00 20.40 21.60 24.60 24.30 0.30 4.20
6.60 25.80 22.50 11.40 6.60 17.10 16.50 7.20 5.40 15.30 10.80 18.90 29.40 2.70 3.30 11.40 23.40 0.90 7.80 20.10
17.10 27.30 29.10 10.80 5.70 3.90 2.40 2.40 27.00 9.60 22.20 4.20 9.30 26.40 9.00 0.30 9.60 2.40 13.80 5.70
1.50 27.60 0.60 12.00 8.70 13.50 10.20 9.60 10.80 27.60 25.80 28.50 23.40 15.30 22.50 20.70 24.60 19.80 2.40 25.80
20.40 29.40 13.20 20.10 3.60 18.00 12.00 29.10 15.30 15.30 20.10 26.40 6.00 14.40 12.60 25.50 7.20 20.10 22.20 0.30
19.80 14.70 24.00 8.40 14.10 3.60 14.40 5.10 6.00 29.40 26.10 2.70 22.50 0.30 27.90 0.60 26.40 15.30 14.10 15.90
23.70 8.40 12.00 27.30 4.80 26.70 20.40 22.80 6.90 26.40 20.40 18.30 5.40 1.20 10.80 8.40 13.50 16.20 5.70 6.30
6.90 0.60 3.00 0.60 27.30 6.00 17.70 13.50 5.10 0.30 0.30 7.20 10.20 23.10 29.10 5.40 14.40 25.50 25.50 9.90
14.10 23.10 28.80 20.70 24.00 14.10 26.10 8.40 6.90 3.90 26.10 11.40 14.40 14.40 0.30 3.00 20.10 3.00 18.60 20.40
21.00 12.60 3.30 16.50 7.20 24.30 0.30 26.70 14.10 15.00 26.10 15.00 14.70 1.80 18.90 21.00 4.20 28.50 9.90 8.40
6.90 20.40 17.40 14.10 12.00 3.30 26.10 22.50 19.80 24.00 2.10 14.10 20.70 0.30 25.80 20.10 10.20 17.70 28.80 7.50
14.70 10.50 23.10 13.80 5.70 16.80 27.30 21.30 0.90 16.80 10.20 12.60 26.40 9.60 16.20 28.50 22.80 19.20 9.90 20.70
21.60 28.80 1.80 7.20 0.30 9.00 29.70 13.80 17.70 15.00 0.30 9.00 9.00 23.70 9.90 21.60 0.30 27.00 1.50 21.30
2.10 28.20 9.00 27.30 12.90 15.30 28.50 12.00 9.00 17.40 27.30 29.10 10.20 12.00 21.30 19.20 15.30 8.40 6.90 18.00
3.30 7.50 28.80 15.30 18.60 5.40 6.30 19.80 25.50 22.50 2.10 14.70 6.60 4.20 0.30 5.70 4.50 14.40 12.90 20.70
17.70 25.20 17.70 8.10 13.20 27.30 18.60 26.10 4.80 1.20 1.80 23.70 24.30 6.00 5.40 18.00 20.10 17.10 18.90 29.70
19.50 7.20 24.60 2.40 0.30 14.40 26.10 27.30 24.30 21.90 13.80 5.70 15.00 25.80 22.50 9.30 17.10 25.50 3.00 15.90
15.00 16.50 23.40 29.40 9.30 28.20 25.20 15.00 28.50 27.00 0.90 24.00 12.00 12.00 16.50 8.70 0.90 23.40 14.10 23.10
5.70 4.20 3.90 7.50 29.10 9.60 28.80 16.20 24.30 0.60 13.50 9.00 21.90 7.50 18.60 12.90 11.10 5.40 21.90 8.10
4.20 2.10 3.90 9.90 12.90 20.10 14.10 18.00 4.20 21.90 16.50 7.20 27.30 28.20 6.30 5.10 4.50 17.70 0.30 8.70
20.40 22.80 25.50 24.30 21.30 28.50 18.00 3.00 28.80 22.50 27.60 17.40 2.10 21.90 21.30 23.40 15.00 3.30 5.70 24.90
9.60 5.10 26.40 22.50 24.00 22.50 24.60 23.70 6.90 20.10 20.10 12.90 0.30 13.20 24.00 8.40 22.50 20.10 27.60 6.60
18.60 11.40 4.20 18.30 24.90 24.60 18.00 12.90 13.20 29.70 3.90 1.80 21.30 29.40 1.50 14.10 24.00 10.80 9.30 3.00
27.90 15.00 13.50 6.60 3.60 12.30 15.90 10.20 2.40 27.90 9.00 28.50 21.60 28.20 14.40 23.40 0.90 7.20 8.70 12.60
29.70 0.60 22.80 18.30 14.10 2.10 29.40 23.10 4.50 2.70 8.10 12.90 2.40 18.30 26.10 23.10 2.70 17.70 20.40 19.20
7.20 3.60 2.70 10.50 9.90 11.70 14.40 27.60 14.40 8.10 5.70 29.70 20.40 19.50 6.60 27.60 8.40 7.20 9.30 24.00
25.80 12.30 1.80 5.70 25.20 7.50 9.00 0.90 28.50 18.30 15.30 6.60 14.70 13.20 1.50 12.60 13.20 11.70 27.60 21.90
25.80 3.30 14.10 7.80 24.30 14.70 11.70 29.40 18.60 19.20 25.80 29.70 2.10 22.50 21.30 25.80 0.60 0.30 14.40 27.30
15.30 18.90 4.80 13.50 18.60 11.70 15.60 12.00 27.00 12.90 6.00 3.30 14.10 1.20 20.70 1.80 21.30 24.00 26.10 11.40
18.00 8.10 27.60 3.30 1.20 15.90 6.60 5.70 12.30 9.60 28.50 29.70 27.00 5.10 22.50 5.70 26.70 17.40 2.40 18.00
17.10 18.90 1.20 18.90 18.00 19.80 18.90 20.40 21.00 16.80 23.70 18.00 17.70 0.30 21.60 8.40 7.20 22.80 27.00 15.90
26.10 8.10 22.20 26.70 16.20 28.80 5.70 25.50 16.80 18.30 14.40 12.60 11.70 3.60 10.80 5.40 21.90 17.70 17.10 11.40
25.20 21.00 2.10 16.50 24.30 10.80 14.70 0.60 15.00 16.50 24.90 9.90 14.70 23.40 16.20 1.20 8.40 27.00 12.00 5.70
7.50 9.90 27.30 20.40 12.90 12.30 15.00 15.30 8.70 29.70 27.30 20.40 8.40 15.30 7.20 7.20 29.40 27.60 7.50 4.20
25.20 21.90 15.60 9.00 11.70 2.40 6.00 10.50 11.70 23.10 23.40 23.40 6.60 16.50 16.50 17.10 5.10 0.90 14.70 10.50
4.80 6.30 24.30 26.70 18.90 27.60 25.50 27.30 21.60 19.80 12.30 7.80 3.00 15.90 1.50 24.60 8.10 15.30 7.80 3.00
25.80 15.60 25.80 2.40 1.50 27.60 9.30 20.40 28.20 7.50 18.30 23.10 28.80 28.80 12.00 2.10 27.00 0.30 10.50 13.20
1.20 4.20 10.80 27.00 15.30 24.60 29.70 0.90 21.00 8.40 27.00 0.30 0.60 27.60 16.80 1.20 1.20 16.50 27.00 29.10
3.00 4.80 6.60 13.80 27.30 23.40 18.30 7.80 12.00 26.10 17.10 3.90 26.40 24.60 2.40 28.20 3.90 15.00 29.70 5.10
27.00 21.60 21.60 16.50 6.60 5.70 28.80 14.70 9.90 7.50 1.20 20.10 27.00 6.00 5.70 2.70 24.90 4.50 9.00 15.00
6.90 19.20 28.50 23.40 14.70 3.60 24.60 11.10 4.80 5.40 6.30 26.10 20.70 6.60 2.10 17.10 12.90 9.30 1.50 6.60
10.20 16.50 26.10 9.60 20.70 16.20 22.50 7.50 23.70 18.30 20.40 9.30 13.20 3.90 3.60 24.60 18.90 29.70 15.60 5.70
14.70 26.40 9.00 7.50 3.90 4.50 24.00 15.00 16.80 5.40 26.10 14.70 22.20 12.00 13.20 29.40 20.40 2.40 3.60 21.00
26.70 15.30 25.80 27.30 3.00 24.00 10.50 24.90 12.90 11.70 18.60 27.00 4.80 12.90 19.80 16.20 22.20 13.20 3.30 26.40
17.10 6.90 3.00 20.70 28.20 18.30 11.70 24.60 18.90 28.80 20.70 1.80 27.00 6.90 11.70 0.60 3.60 27.30 21.60 9.30
2.70 15.90 3.00 28.80 6.60 11.10 25.50 23.40 18.00 5.40 23.70 22.80 2.10 9.00 12.30 21.30 20.70 24.90 9.60 2.10
8.10 12.00 13.20 8.70 14.10 21.60 13.50 13.20 0.90 4.80 20.70 28.20 4.20 4.80 18.00 28.20 11.40 22.50 24.30 24.30
26.70 15.90 28.50 0.60 14.70 21.90 3.90 6.90 26.70 14.40 10.50 22.80 14.10 22.80 3.30 20.70 22.20 19.80 6.30 17.40
18.00 13.50 20.40 7.50 20.40 16.50 24.30 19.80 15.60 6.60 7.50 23.70 14.40 9.00 9.30 15.30 29.40 29.40 24.30 0.60
8.10 13.50 29.10 18.30 26.10 5.70 23.40 7.20 12.60 15.90 20.40 19.80 10.80 17.70 19.50 24.00 25.80 23.10 19.20 26.70
8.70 2.70 23.70 0.90 12.90 24.00 7.50 16.80 7.20 21.30 4.20 15.30 18.60 19.20 4.80 23.70 21.60 2.40 13.50 0.30
3.60 22.20 24.00 24.90 3.60 14.40 24.30 27.60 15.90 7.20 2.70 4.20 0.30 21.60 20.10 25.50 22.80 1.80 1.20 24.00
15.30 1.50 6.30 11.40 4.80 3.00 6.30 9.00 23.10 5.10 22.20 26.70 18.90 18.30 5.70 16.80 15.90 7.80 3.00 15.60
6.00 21.30 16.50 11.40 18.00 5.10 26.10 9.30 3.60 14.10 18.30 26.10 25.80 3.90 20.70 23.70 28.20 14.10 27.00 4.50
27.30 21.60 21.30 28.20 26.10 20.10 12.00 26.40 21.30 13.20 17.40 0.30 14.70 24.30 16.80 13.80 13.50 16.50 3.30 7.50
9.30 18.90 3.60 10.80 19.50 6.30 9.00 25.50 4.20 18.60 24.30 19.50 14.40 7.50 28.80 21.30 9.00 11.70 26.40 3.30
15.00 26.40 25.80 0.90 10.80 2.70 3.30 15.00 18.60 1.20 15.60 15.90 0.90 27.00 23.40 25.50 11.70 27.30 15.60 29.10
1.50 23.10 24.30 6.90 21.90 23.70 22.80 10.20 22.50 25.50 27.90 5.70 15.30 20.10 10.80 15.60 18.00 23.40 28.80 27.00
23.10 2.10 28.20 27.90 7.50 26.70 23.70 27.30 29.10 22.20 13.20 6.30 24.00 6.30 16.80 12.60 20.70 14.70 27.60 18.60
19.50 26.40 14.10 27.90 3.90 6.00 22.50 16.50 0.90 17.70 17.10 29.40 25.80 21.00 3.60 19.80 3.60 6.90 13.20 20.70
19.50 11.70 23.40 22.50 8.70 28.20 23.10 2.10 16.20 12.30 26.70 27.00 29.10 28.80 11.10 24.60 24.90 27.60 16.20 10.20
0.90 9.00 16.20 23.10 28.20 14.10 5.10 14.70 12.30 3.90 24.30 13.50 1.20 29.70 0.30 27.30 6.30 20.40 8.40 19.80
29.70 21.00 22.20 10.50 26.70 27.00 15.30 11.40 21.30 24.60 20.70 23.10 17.40 19.20 15.00 14.40 7.50 26.40 25.50 16.20
27.60 28.50 0.60 25.20 0.60 13.20 8.70 21.90 3.30 7.80 29.40 16.20 23.70 20.40 12.90 21.00 15.00 2.70 15.30 25.20
17.40 23.70 8.40 7.20 7.50 14.70 3.30 14.10 3.60 11.70 23.40 25.80 8.40 18.30 17.40 6.30 14.10 11.40 6.30 18.60
5.10 21.00 12.60 2.10 21.30 8.40 21.90 28.50 16.20 8.40 21.00 0.60 5.70 10.80 3.90 24.60 12.90 18.00 1.20 21.30
18.00 27.60 27.00 12.00 5.10 13.80 15.00 14.40 6.30 17.70 0.90 0.90 27.90 17.10 16.50 3.60 17.40 0.60 12.60 21.00
1.50 3.60 23.70 1.20 9.00 24.60 25.80 16.20 4.20 14.70 21.00 26.40 26.40 25.80 26.10 28.20 3.30 2.40 12.90 18.00
27.00 6.30 23.40 5.40 22.20 28.80 16.80 28.20 24.60 26.10 18.60 11.70 13.20 3.00 6.00 5.10 18.90 25.80 16.50 16.20
12.90 10.20 24.90 7.50 6.60 27.30 27.90 6.30 10.50 9.60 24.30 16.80 22.20 17.10 25.20 13.50 22.20 18.60 26.70 15.60
17.70 3.30 16.80 1.50 14.70 8.40 23.70 12.30 6.30 19.50 18.30 7.20 5.40 26.40 8.40 20.40 1.80 12.30 1.20 21.30
3.90 27.60 2.40 16.80 15.90 27.90 17.10 9.00 11.40 7.20 19.50 27.30 28.50 17.70 17.70 18.00 6.90 19.80 0.30 2.70
21.00 15.00 12.90 28.80 1.80 9.00 25.50 12.60 15.60 14.40 19.50 25.80 0.60 21.90 19.50 27.90 28.20 28.20 29.10 29.70
8.40 0.90 11.40 27.90 13.20 19.20 5.10 13.20 24.60 21.60 9.90 24.00 6.60 12.90 16.80 9.00 27.90 16.20 19.50 12.30
19.20 9.90 28.50 3.00 20.40 12.30 26.40 8.40 12.00 4.50 18.60 17.40 2.10 7.50 0.60 1.50 7.80 2.70 11.40 9.00
15.00 11.70 26.10 9.90 15.60 15.90 26.70 24.60 14.10 1.50 5.70 16.20 24.60 11.10 10.80 9.30 14.70 22.50 26.10 6.90
3.30 14.70 23.70 24.60 28.50 25.80 11.70 1.20 27.30 20.40 17.10 17.10 15.60 21.00 12.30 9.00 9.00 12.90 17.40 18.00
3.30 7.50 4.80 27.30 25.50 1.80 12.30 19.20 18.00 10.80 24.60 12.60 5.10 29.10 2.10 21.30 15.00 2.70 14.10 0.30
11.40 4.80 11.70 4.20 6.60 20.40 2.40 11.40 18.30 2.10 23.40 9.60 17.70 8.70 6.90 8.70 14.10 3.00 15.90 20.10
6.90 14.40 18.30 13.80 1.80 7.50 6.30 2.70 6.30 15.60 28.20 1.50 12.60 9.90 7.50 24.60 26.70 23.70 15.30 16.50
29.10 16.80 5.70 11.40 12.60 2.40 9.90 11.10 20.10 13.50 19.50 12.90 15.30 29.70 24.30 6.00 12.90 3.00 12.00 19.20
19.50 15.60 22.50 21.90 20.40 18.60 10.80 26.10 8.70 26.10 4.20 24.00 23.70 10.20 1.80 3.90 9.60 29.10 24.00 6.30
7.80 23.40 27.60 4.80 0.30 5.10 22.50 11.10 13.80 12.60 2.70 25.80 27.90 28.80 20.10 28.20 13.50 11.70 6.00 4.80
7.80 27.90 26.70 15.60 14.40 14.70 0.60 7.80 22.20 20.40 8.70 14.10 19.50 19.50 1.50 14.10 14.10 9.00 7.20 28.20
5.10 22.20 5.10 29.70 6.60 27.60 19.50 24.00 3.30 2.70 21.00 28.50 8.10 27.00 26.70 17.10 20.40 22.20 23.10 3.30
12.90 20.40 19.80 18.90 18.60 6.00 17.10 24.90 21.60 15.90 27.00 25.80 7.50 15.60 21.30 28.50 3.90 15.60 11.10 27.00
1.50 12.30 10.20 13.50 18.60 23.10 6.60 15.00 16.80 17.70 25.80 12.00 18.00 28.50 25.80 2.40 25.80 27.00 3.90 14.40
26.10 1.50 26.10 20.40 12.60 7.20 12.30 15.00 24.30 19.50 3.60 9.30 21.60 0.90 14.40 13.80 29.10 3.60 8.70 25.50
17.70 4.20 7.50 0.60 13.20 15.90 26.70 15.00 24.00 24.30 12.00 18.30 8.70 19.20 15.00 24.00 0.60 18.30 8.40 10.20
12.00 27.60 6.00 21.60 6.60 21.30 18.60 12.60 26.10 3.60 3.60 3.60 16.50 6.30 16.20 9.60 4.80 10.20 5.40 2.10
19.50 13.80 17.40 6.60 4.20 26.40 12.90 26.40 13.20 11.70 19.20 19.20 17.40 4.80 6.30 2.10 8.10 26.40 6.60 23.70
27.00 5.40 17.10 15.60 12.00 26.40 9.00 16.50 12.30 18.60 9.60 5.10 6.60 21.00 24.90 10.20 11.40 8.10 22.50 28.50
18.00 28.50 25.50 0.30 12.00 7.20 16.80 6.60 17.70 27.00 5.40 15.60 17.40 20.10 8.10 9.90 15.90 20.40 7.20 15.00
11.10 27.00 20.70 21.60 9.60 22.50 2.40 0.30 12.30 10.20 3.30 16.80 18.30 3.90 11.40 9.90 11.10 4.20 23.70 23.40
7.80 3.00 3.90 28.50 9.30 9.30 0.30 26.40 19.20 19.80 12.00 10.50 26.70 28.80 23.70 5.40 28.20 26.40 29.70 11.70
24.90 26.40 3.90 7.80 9.90 10.20 15.30 20.70 9.00 3.00 4.20 18.00 20.10 17.10 21.30 8.70 23.40 22.20 10.50 23.70
14.10 2.10 18.90 9.00 6.60 26.10 21.90 15.00 15.30 28.50 6.60 22.50 4.20 2.10 15.90 5.70 25.20 21.30 13.50 20.70
24.30 17.10 18.60 27.90 22.50 26.40 1.20 23.70 4.80 15.30 14.70 3.00 3.00 9.00 0.60 22.20 14.70 4.20 28.50 8.10
27.60 28.50 11.40 15.30 20.10 18.60 17.40 17.70 19.20 4.50 28.50 15.00 12.00 28.80 2.70 17.40 7.50 4.80 13.80 12.60
28.50 20.10 18.60 0.60 28.20 17.70 7.20 5.40 21.60 1.20 24.60 19.80 3.30 29.40 14.70 15.60 17.70 13.80 4.50 4.50
2.40 25.20 22.50 22.50 11.10 11.70 20.70 29.40 20.40 19.80 2.10 15.90 29.70 21.60 23.70 3.00 10.80 14.10 2.10 15.30
7.20 16.50 23.70 11.70 24.30 1.20 11.70 6.30 9.30 7.20 5.70 17.40 2.10 9.30 11.70 21.00 9.90 16.20 7.20 13.20
27.00 21.00 19.50 29.70 26.70 22.20 9.90 10.50 27.90 15.90 28.50 3.60 6.00 3.30 8.40 23.40 4.50 27.30 13.50 21.30
0.60 7.80 2.40 6.00 18.60 27.00 4.80 28.20 25.80 26.10 11.70 19.80 23.40 10.80 11.70 17.70 10.80 26.70 6.00 9.60
18.60 17.40 11.70 20.40 20.10 8.70 22.50 17.10 27.30 7.80 21.30 24.30 1.80 3.00 21.00 9.60 14.10 17.70 10.50 19.80
13.50 24.30 12.00 12.00 1.50 29.70 5.70 21.30 10.20 19.20 10.20 15.30 21.30 6.00 21.60 6.00 24.90 11.70 18.30 14.70
8.40 13.50 3.90 23.10 12.60 22.20 0.30 22.80 1.80 3.90 26.70 22.50 14.40 7.80 21.00 3.60 7.20 15.60 29.10 2.40
0.60 5.70 25.50 17.10 14.10 1.20 9.00 29.10 8.10 4.80 18.90 21.30 11.70 20.10 11.40 29.40 21.30 27.30 20.70 2.10
27.00 28.50 27.00 17.10 8.10 25.80 13.20 2.10 18.60 6.90 25.50 13.80 17.40 3.90 14.40 5.40 2.10 6.30 23.40 13.20
2.70 5.70 24.60 3.90 19.50 6.60 2.40 26.10 10.50 18.30 18.00 26.40 2.10 18.00 17.10 3.60 1.80 27.00 3.90 0.30
9.30 29.40 18.60 12.90 21.00 3.00 13.50 26.70 17.10 23.40 27.30 17.40 5.10 15.00 3.30 17.10 16.50 17.40 15.90 4.50
19.50 22.20 27.90 13.50 3.60 28.80 5.70 15.90 20.10 17.40 14.70 21.90 18.90 8.40 11.40 21.90 12.90 22.20 4.80 1.80
19.50 9.30 8.70 22.20 28.20 16.80 15.90 5.70 28.80 3.90 13.80 8.10 21.90 9.60 11.10 27.30 24.60 9.00 28.20 15.30
9.30 21.00 12.00 29.40 16.80 8.40 11.40 20.70 20.70 29.70 3.00 7.80 12.90 14.70 16.80 13.80 12.00 18.90 17.70 27.30
1.80 5.10 28.80 24.00 23.70 27.00 11.70 19.80 2.40 26.10 5.70 11.40 4.20 16.20 19.20 19.20 23.40 5.70 19.20 9.90
0.90 1.80 1.80 13.80 24.60 21.30 20.40 18.30 27.60 21.00 15.00 14.40 19.80 13.80 19.20 27.60 19.20 5.40 21.60 23.10
11.40 8.40 24.60 2.10 21.60 3.60 24.90 5.40 0.30 25.20 19.50 2.40 17.70 4.50 20.40 13.50 28.80 26.40 3.90 20.70
29.40 25.20 25.50 12.00 29.40 0.30 28.20 25.80 11.10 0.90 12.30 4.20 22.50 14.70 8.10 25.80 8.10 6.60 14.10 8.40
5.10 13.50 10.20 1.50 0.30 1.80 10.20 15.30 20.70 14.40 17.40 17.40 28.80 28.20 10.80 25.20 29.70 12.90 6.60 2.40
11.10 28.80 5.40 23.70 21.60 12.30 0.30 27.00 17.10 23.40 18.60 26.70 8.40 18.90 28.20 4.50 3.30 18.00 2.70 2.40
1.80 2.70 18.60 12.00 24.00 9.00 6.90 24.00 17.70 23.70 13.50 13.20 3.60 28.80 19.50 29.70 27.30 6.00 20.40 14.40
6.30 18.90 16.80 14.40 11.70 6.30 9.60 6.60 25.50 6.00 20.10 4.80 29.70 12.90 26.70 2.40 23.40 9.60 1.20 2.10
25.20 24.00 9.60 11.40 20.40 19.20 21.00 1.80 25.80 15.30 19.20 6.00 18.90 21.90 6.90 26.10 29.10 20.10 20.10 16.50
15.90 8.10 11.70 1.20 27.90 27.60 10.50 15.60 29.40 24.90 1.80 20.70 5.70 5.70 27.90 18.30 6.90 0.30 27.60 15.30
20.10 9.30 4.20 14.40 4.80 0.30 23.40 4.80 28.80 15.30 23.10 20.10 7.80 5.70 4.20 12.60 14.40 12.60 14.70 26.70
8.40 11.40 18.90 9.90 12.90 25.50 26.70 25.20 16.50 0.30 28.20 24.00 2.40 24.30 17.10 7.50 6.00 28.50 6.90 18.30
3.00 20.40 12.00 28.20 4.80 28.20 26.40 3.60 2.70 0.60 7.20 24.30 21.60 24.60 27.90 10.50 29.70 25.20 11.10 24.60
15.00 27.30 1.50 9.60 24.30 7.20 27.60 22.20 0.60 21.90 11.40 24.60 16.50 20.70 18.00 19.20 11.70 11.10 4.80 11.70
27.30 26.70 3.00 26.70 0.60 24.90 15.00 20.70 21.30 24.60 21.90 8.10 20.10 3.90 24.60 22.20 15.90 9.00 11.70 26.70
10.20 4.50 14.70 25.50 21.90 1.20 19.20 6.60 25.50 10.20 17.70 1.50 0.30 25.50 4.80 12.00 0.90 3.60 14.10 14.10
20.40 3.00 29.40 25.20 16.50 17.10 18.30 3.60 0.60 7.80 18.30 13.20 6.90 9.60 20.70 26.70 19.50 26.10 28.20 7.20
15.60 18.30 28.80 25.80 24.30 2.40 10.50 24.00 28.80 14.70 4.20 11.40 10.50 10.20 17.10 1.20 24.30 3.90 21.30 23.70
9.00 9.00 11.70 25.20 21.60 5.10 24.30 13.50 2.10 11.70 17.70 15.90 1.80 17.10 2.40 12.90 14.10 18.00 10.80 25.80
4.20 4.50 19.50 23.40 26.40 24.90 20.70 15.30 23.40 7.20 24.90 4.80 26.70 20.70 15.60 3.60 7.50 27.60 21.60 18.00
11.10 27.30 15.60 23.10 6.00 14.10 24.00 28.80 16.50 11.70 0.90 14.40 27.90 18.90 29.40 8.40 10.80 15.60 20.10 20.10
9.30 23.40 9.90 4.50 13.20 17.10 11.40 24.00 2.10 20.70 13.80 4.80 26.40 14.70 20.10 20.40 13.20 15.30 23.40 3.00
25.80 15.60 1.20 21.30 4.20 27.90 13.20 26.10 15.00 0.30 4.80 9.30 25.80 16.80 5.70 13.80 8.70 27.30 3.90 18.30
2.70 21.00 14.10 20.10 23.70 16.20 14.70 27.60 1.50 0.30 16.80 23.70 11.10 11.10 16.80 6.90 25.50 22.80 20.40 18.00
9.30 6.30 21.60 21.00 29.70 23.70 25.50 6.00 18.00 23.70 12.00 22.50 15.90 16.20 11.40 0.90 7.80 9.60 10.80 20.40
27.00 17.10 21.00 20.10 12.90 1.50 7.80 28.50 18.30 8.10 2.10 4.20 13.50 18.00 22.50 21.00 1.20 24.30 20.70 21.60
15.90 8.40 5.10 24.00 17.10 9.00 4.50 4.80 20.40 6.00 23.70 20.10 9.60 29.10 20.70 24.30 2.70 17.10 8.40 2.70
19.20 4.20 21.60 17.40 6.60 27.00 29.10 19.20 26.10 6.60 16.50 21.00 20.70 13.20 4.20 4.20 17.70 21.30 20.70 14.10
