# nJobs | nMachines
100 10
# Job Weights
91
7
90
33
45
8
71
96
96
74
8
63
50
62
93
33
94
47
19
58
81
92
26
21
76
77
90
2
93
26
14
77
49
29
5
49
42
76
56
68
39
53
88
96
19
98
55
92
99
25
50
36
99
61
60
72
20
29
61
84
85
48
22
36
74
72
33
43
13
52
82
98
63
98
8
14
59
14
18
67
22
21
11
55
73
100
88
95
91
90
68
53
54
61
12
85
45
1
86
21
# P_bar : m1 | m2 | m3 | m4 | m5 | m6 | m7 | m8 | m9 | m10
66 65 58 5 66 39 40 50 64 79
46 35 66 13 41 12 62 4 44 18
25 49 5 36 74 45 8 20 58 99
30 2 69 54 62 34 13 19 7 75
17 95 38 76 70 11 87 58 69 47
40 14 93 40 30 71 40 22 12 96
17 67 59 67 66 53 27 56 5 6
20 8 56 31 11 28 44 92 69 22
73 62 26 35 51 93 41 59 46 3
5 25 96 48 43 61 70 34 23 29
60 2 60 85 32 61 10 17 95 12
3 40 18 41 23 78 94 39 24 53
91 68 74 82 20 13 25 59 58 42
34 75 93 95 1 49 10 7 88 61
81 72 12 15 54 15 36 59 46 49
58 5 56 24 55 31 87 2 65 56
48 5 36 77 65 93 37 70 31 9
71 10 71 6 22 83 86 72 84 6
57 33 38 79 99 20 76 90 4 54
5 56 96 36 97 1 70 56 73 57
8 89 84 18 21 13 17 26 43 16
19 54 84 21 63 36 92 50 97 95
78 31 65 34 45 6 90 4 49 26
2 1 17 42 70 22 58 8 2 25
1 61 78 74 41 44 19 60 54 71
78 25 45 46 6 65 97 60 12 50
8 11 83 1 70 87 80 80 31 38
14 7 53 88 33 50 28 38 52 15
46 88 60 29 97 96 67 51 29 85
98 65 60 95 32 51 59 25 98 20
50 74 9 67 28 48 9 97 46 25
88 16 7 41 54 89 92 73 83 67
28 87 51 98 63 69 7 46 78 7
66 57 85 31 16 83 19 82 52 12
43 89 66 25 12 22 82 92 63 50
23 85 6 70 2 26 60 42 66 8
93 46 3 62 50 29 60 65 45 82
52 54 93 45 48 67 58 12 49 5
1 23 88 59 34 70 74 34 21 9
77 23 40 68 75 59 70 23 13 41
54 96 85 22 45 34 72 99 9 85
45 79 92 81 2 18 33 48 87 77
56 70 15 44 39 4 71 41 3 74
54 33 51 80 4 65 68 40 15 17
57 50 55 88 46 58 94 76 55 38
23 18 19 25 11 35 82 89 5 42
18 65 58 93 66 86 46 42 8 20
88 87 84 61 59 34 78 90 94 68
38 18 4 1 28 49 37 61 60 93
72 15 23 97 74 88 69 25 18 15
55 57 38 26 93 42 7 27 20 28
63 72 23 40 95 79 34 60 65 91
71 48 13 84 48 25 69 79 50 32
21 6 1 84 71 18 18 50 76 56
74 10 10 74 30 75 98 15 75 70
65 98 76 39 22 45 8 65 7 51
52 55 49 65 3 54 58 80 82 9
91 71 2 15 22 19 86 67 49 94
12 19 81 71 82 80 77 70 3 63
22 28 43 92 35 15 50 94 56 33
12 31 51 44 56 22 50 61 38 89
26 79 71 27 14 56 82 55 85 6
97 69 29 93 88 63 16 2 29 41
30 11 44 2 41 56 17 55 26 22
30 4 26 55 4 79 68 78 23 68
12 12 27 44 52 82 65 27 28 83
94 71 27 55 17 92 92 13 19 79
46 62 56 23 95 19 37 20 10 69
20 2 21 25 15 45 47 38 72 44
73 95 76 1 85 32 70 75 33 64
58 35 88 51 12 11 66 23 21 77
10 82 9 12 11 59 30 61 79 46
77 57 33 47 24 22 7 37 55 76
27 7 6 98 71 14 37 43 69 64
33 24 40 41 46 88 5 69 38 25
53 62 64 18 59 82 52 2 15 55
23 70 5 44 16 82 86 44 58 30
2 89 5 72 33 71 36 25 36 89
65 87 7 88 53 8 29 12 11 96
35 21 5 60 22 13 4 31 98 71
7 54 76 29 49 53 99 1 2 69
54 16 63 99 44 71 53 54 74 88
43 72 35 2 76 98 52 94 16 24
87 31 94 17 88 99 9 63 21 41
56 24 65 79 45 54 8 91 10 53
4 94 25 6 52 20 50 27 98 8
29 18 6 29 31 62 62 55 74 58
35 83 87 89 66 18 14 74 84 19
37 36 60 4 17 81 21 77 55 50
53 73 33 70 68 60 88 77 19 21
10 67 67 10 99 1 7 81 20 43
90 74 81 79 78 93 85 29 37 18
95 75 93 64 87 8 62 91 90 74
85 93 98 92 45 92 10 20 76 50
2 16 9 42 78 60 61 99 10 20
36 74 94 79 51 87 92 27 81 81
85 70 49 56 87 11 47 30 27 98
5 16 27 94 4 24 77 85 52 92
3 81 62 26 45 11 37 5 21 21
45 93 90 93 9 98 96 4 1 83
# P_hat : m1 | m2 | m3 | m4 | m5 | m6 | m7 | m8 | m9 | m10
33.00 32.50 29.00 2.50 33.00 19.50 20.00 25.00 32.00 39.50
23.00 17.50 33.00 6.50 20.50 6.00 31.00 2.00 22.00 9.00
12.50 24.50 2.50 18.00 37.00 22.50 4.00 10.00 29.00 49.50
15.00 1.00 34.50 27.00 31.00 17.00 6.50 9.50 3.50 37.50
8.50 47.50 19.00 38.00 35.00 5.50 43.50 29.00 34.50 23.50
20.00 7.00 46.50 20.00 15.00 35.50 20.00 11.00 6.00 48.00
8.50 33.50 29.50 33.50 33.00 26.50 13.50 28.00 2.50 3.00
10.00 4.00 28.00 15.50 5.50 14.00 22.00 46.00 34.50 11.00
36.50 31.00 13.00 17.50 25.50 46.50 20.50 29.50 23.00 1.50
2.50 12.50 48.00 24.00 21.50 30.50 35.00 17.00 11.50 14.50
30.00 1.00 30.00 42.50 16.00 30.50 5.00 8.50 47.50 6.00
1.50 20.00 9.00 20.50 11.50 39.00 47.00 19.50 12.00 26.50
45.50 34.00 37.00 41.00 10.00 6.50 12.50 29.50 29.00 21.00
17.00 37.50 46.50 47.50 0.50 24.50 5.00 3.50 44.00 30.50
40.50 36.00 6.00 7.50 27.00 7.50 18.00 29.50 23.00 24.50
29.00 2.50 28.00 12.00 27.50 15.50 43.50 1.00 32.50 28.00
24.00 2.50 18.00 38.50 32.50 46.50 18.50 35.00 15.50 4.50
35.50 5.00 35.50 3.00 11.00 41.50 43.00 36.00 42.00 3.00
28.50 16.50 19.00 39.50 49.50 10.00 38.00 45.00 2.00 27.00
2.50 28.00 48.00 18.00 48.50 0.50 35.00 28.00 36.50 28.50
4.00 44.50 42.00 9.00 10.50 6.50 8.50 13.00 21.50 8.00
9.50 27.00 42.00 10.50 31.50 18.00 46.00 25.00 48.50 47.50
39.00 15.50 32.50 17.00 22.50 3.00 45.00 2.00 24.50 13.00
1.00 0.50 8.50 21.00 35.00 11.00 29.00 4.00 1.00 12.50
0.50 30.50 39.00 37.00 20.50 22.00 9.50 30.00 27.00 35.50
39.00 12.50 22.50 23.00 3.00 32.50 48.50 30.00 6.00 25.00
4.00 5.50 41.50 0.50 35.00 43.50 40.00 40.00 15.50 19.00
7.00 3.50 26.50 44.00 16.50 25.00 14.00 19.00 26.00 7.50
23.00 44.00 30.00 14.50 48.50 48.00 33.50 25.50 14.50 42.50
49.00 32.50 30.00 47.50 16.00 25.50 29.50 12.50 49.00 10.00
25.00 37.00 4.50 33.50 14.00 24.00 4.50 48.50 23.00 12.50
44.00 8.00 3.50 20.50 27.00 44.50 46.00 36.50 41.50 33.50
14.00 43.50 25.50 49.00 31.50 34.50 3.50 23.00 39.00 3.50
33.00 28.50 42.50 15.50 8.00 41.50 9.50 41.00 26.00 6.00
21.50 44.50 33.00 12.50 6.00 11.00 41.00 46.00 31.50 25.00
11.50 42.50 3.00 35.00 1.00 13.00 30.00 21.00 33.00 4.00
46.50 23.00 1.50 31.00 25.00 14.50 30.00 32.50 22.50 41.00
26.00 27.00 46.50 22.50 24.00 33.50 29.00 6.00 24.50 2.50
0.50 11.50 44.00 29.50 17.00 35.00 37.00 17.00 10.50 4.50
38.50 11.50 20.00 34.00 37.50 29.50 35.00 11.50 6.50 20.50
27.00 48.00 42.50 11.00 22.50 17.00 36.00 49.50 4.50 42.50
22.50 39.50 46.00 40.50 1.00 9.00 16.50 24.00 43.50 38.50
28.00 35.00 7.50 22.00 19.50 2.00 35.50 20.50 1.50 37.00
27.00 16.50 25.50 40.00 2.00 32.50 34.00 20.00 7.50 8.50
28.50 25.00 27.50 44.00 23.00 29.00 47.00 38.00 27.50 19.00
11.50 9.00 9.50 12.50 5.50 17.50 41.00 44.50 2.50 21.00
9.00 32.50 29.00 46.50 33.00 43.00 23.00 21.00 4.00 10.00
44.00 43.50 42.00 30.50 29.50 17.00 39.00 45.00 47.00 34.00
19.00 9.00 2.00 0.50 14.00 24.50 18.50 30.50 30.00 46.50
36.00 7.50 11.50 48.50 37.00 44.00 34.50 12.50 9.00 7.50
27.50 28.50 19.00 13.00 46.50 21.00 3.50 13.50 10.00 14.00
31.50 36.00 11.50 20.00 47.50 39.50 17.00 30.00 32.50 45.50
35.50 24.00 6.50 42.00 24.00 12.50 34.50 39.50 25.00 16.00
10.50 3.00 0.50 42.00 35.50 9.00 9.00 25.00 38.00 28.00
37.00 5.00 5.00 37.00 15.00 37.50 49.00 7.50 37.50 35.00
32.50 49.00 38.00 19.50 11.00 22.50 4.00 32.50 3.50 25.50
26.00 27.50 24.50 32.50 1.50 27.00 29.00 40.00 41.00 4.50
45.50 35.50 1.00 7.50 11.00 9.50 43.00 33.50 24.50 47.00
6.00 9.50 40.50 35.50 41.00 40.00 38.50 35.00 1.50 31.50
11.00 14.00 21.50 46.00 17.50 7.50 25.00 47.00 28.00 16.50
6.00 15.50 25.50 22.00 28.00 11.00 25.00 30.50 19.00 44.50
13.00 39.50 35.50 13.50 7.00 28.00 41.00 27.50 42.50 3.00
48.50 34.50 14.50 46.50 44.00 31.50 8.00 1.00 14.50 20.50
15.00 5.50 22.00 1.00 20.50 28.00 8.50 27.50 13.00 11.00
15.00 2.00 13.00 27.50 2.00 39.50 34.00 39.00 11.50 34.00
6.00 6.00 13.50 22.00 26.00 41.00 32.50 13.50 14.00 41.50
47.00 35.50 13.50 27.50 8.50 46.00 46.00 6.50 9.50 39.50
23.00 31.00 28.00 11.50 47.50 9.50 18.50 10.00 5.00 34.50
10.00 1.00 10.50 12.50 7.50 22.50 23.50 19.00 36.00 22.00
36.50 47.50 38.00 0.50 42.50 16.00 35.00 37.50 16.50 32.00
29.00 17.50 44.00 25.50 6.00 5.50 33.00 11.50 10.50 38.50
5.00 41.00 4.50 6.00 5.50 29.50 15.00 30.50 39.50 23.00
38.50 28.50 16.50 23.50 12.00 11.00 3.50 18.50 27.50 38.00
13.50 3.50 3.00 49.00 35.50 7.00 18.50 21.50 34.50 32.00
16.50 12.00 20.00 20.50 23.00 44.00 2.50 34.50 19.00 12.50
26.50 31.00 32.00 9.00 29.50 41.00 26.00 1.00 7.50 27.50
11.50 35.00 2.50 22.00 8.00 41.00 43.00 22.00 29.00 15.00
1.00 44.50 2.50 36.00 16.50 35.50 18.00 12.50 18.00 44.50
32.50 43.50 3.50 44.00 26.50 4.00 14.50 6.00 5.50 48.00
17.50 10.50 2.50 30.00 11.00 6.50 2.00 15.50 49.00 35.50
3.50 27.00 38.00 14.50 24.50 26.50 49.50 0.50 1.00 34.50
27.00 8.00 31.50 49.50 22.00 35.50 26.50 27.00 37.00 44.00
21.50 36.00 17.50 1.00 38.00 49.00 26.00 47.00 8.00 12.00
43.50 15.50 47.00 8.50 44.00 49.50 4.50 31.50 10.50 20.50
28.00 12.00 32.50 39.50 22.50 27.00 4.00 45.50 5.00 26.50
2.00 47.00 12.50 3.00 26.00 10.00 25.00 13.50 49.00 4.00
14.50 9.00 3.00 14.50 15.50 31.00 31.00 27.50 37.00 29.00
17.50 41.50 43.50 44.50 33.00 9.00 7.00 37.00 42.00 9.50
18.50 18.00 30.00 2.00 8.50 40.50 10.50 38.50 27.50 25.00
26.50 36.50 16.50 35.00 34.00 30.00 44.00 38.50 9.50 10.50
5.00 33.50 33.50 5.00 49.50 0.50 3.50 40.50 10.00 21.50
45.00 37.00 40.50 39.50 39.00 46.50 42.50 14.50 18.50 9.00
47.50 37.50 46.50 32.00 43.50 4.00 31.00 45.50 45.00 37.00
42.50 46.50 49.00 46.00 22.50 46.00 5.00 10.00 38.00 25.00
1.00 8.00 4.50 21.00 39.00 30.00 30.50 49.50 5.00 10.00
18.00 37.00 47.00 39.50 25.50 43.50 46.00 13.50 40.50 40.50
42.50 35.00 24.50 28.00 43.50 5.50 23.50 15.00 13.50 49.00
2.50 8.00 13.50 47.00 2.00 12.00 38.50 42.50 26.00 46.00
1.50 40.50 31.00 13.00 22.50 5.50 18.50 2.50 10.50 10.50
22.50 46.50 45.00 46.50 4.50 49.00 48.00 2.00 0.50 41.50
