# nJobs | nMachines
50 20
# Job Weights
88
22
2
44
64
70
99
16
70
55
40
83
63
33
25
98
83
46
52
39
98
77
83
72
57
54
93
91
16
24
40
98
54
80
41
75
95
37
23
58
74
39
91
19
60
37
72
98
69
73
# P_bar : m1 | m2 | m3 | m4 | m5 | m6 | m7 | m8 | m9 | m10 | m11 | m12 | m13 | m14 | m15 | m16 | m17 | m18 | m19 | m20
25 77 2 2 86 68 47 2 91 64 35 76 87 78 30 63 69 62 30 37
14 67 27 8 85 82 44 51 66 49 21 89 61 45 86 18 45 71 63 2
99 89 92 28 80 27 33 72 32 4 89 41 91 82 47 23 63 98 24 36
5 40 7 1 21 7 15 39 65 45 51 75 63 71 86 55 62 10 57 60
68 6 64 17 79 47 31 67 75 21 47 35 65 80 3 25 63 28 8 82
98 5 44 76 59 59 53 57 89 56 64 45 95 67 38 47 19 46 4 50
72 85 84 43 67 96 44 19 82 19 57 68 70 35 82 91 44 8 17 46
39 62 76 79 27 94 8 11 11 75 71 3 60 72 91 8 2 9 97 87
79 19 43 88 29 65 22 18 82 3 48 71 34 92 83 14 14 43 38 27
13 73 18 13 5 19 88 75 33 96 50 94 4 96 59 7 8 74 66 24
24 55 27 3 13 82 30 24 64 97 78 76 39 31 98 37 61 93 35 69
14 24 91 2 8 44 1 96 82 17 43 88 44 24 17 74 79 62 86 91
82 18 23 39 84 33 24 61 53 53 40 1 87 41 54 56 72 99 7 10
90 64 17 39 42 13 81 68 67 38 33 29 50 35 37 88 90 82 85 80
28 41 84 16 15 88 83 1 21 25 59 59 71 79 33 9 2 67 10 74
50 55 90 95 18 93 96 35 24 7 81 21 50 63 34 14 7 45 3 14
75 37 98 40 13 78 10 21 44 25 46 34 82 74 29 64 82 22 59 51
86 44 93 13 18 4 86 9 59 24 35 55 80 58 5 40 9 21 74 40
57 45 96 27 75 57 15 27 39 82 28 85 75 61 88 22 12 97 52 95
4 5 56 73 23 44 98 63 84 53 57 54 30 50 89 10 94 73 78 51
73 26 99 7 5 44 3 52 6 32 14 98 74 44 28 17 68 88 40 54
82 34 78 62 60 42 27 27 83 57 92 2 43 68 23 16 99 51 84 66
22 9 23 35 96 15 92 12 10 83 29 53 48 98 21 1 27 89 39 62
75 65 70 40 32 68 23 70 72 61 40 89 10 87 95 52 85 37 4 25
6 23 96 68 98 95 13 27 96 59 54 56 81 39 62 11 37 58 44 15
32 89 3 95 26 81 82 26 13 4 10 79 53 61 9 10 3 7 62 27
92 86 69 34 67 73 53 11 64 56 22 61 56 96 92 17 5 41 1 89
84 22 68 12 94 26 93 28 42 75 39 54 97 87 98 49 9 2 67 90
54 97 75 60 17 76 31 72 11 16 33 72 76 93 98 60 67 69 12 2
37 59 85 6 90 52 79 96 20 18 92 22 18 87 60 81 17 44 7 4
73 24 45 66 49 27 32 76 18 70 85 97 21 95 14 79 81 19 61 89
16 45 36 74 39 55 27 37 77 88 38 89 33 22 42 71 33 57 95 11
26 70 80 26 97 7 2 9 30 53 44 96 69 89 4 22 85 56 15 34
50 66 56 77 3 85 64 2 35 61 60 73 19 4 78 44 89 75 96 64
36 33 39 20 13 53 57 79 91 37 66 40 50 18 29 27 19 61 67 11
97 86 35 45 52 63 62 50 11 57 57 52 99 77 47 3 93 34 23 36
94 86 8 81 50 98 30 52 27 16 62 63 63 25 13 34 54 89 2 73
57 23 28 34 32 62 79 47 15 72 59 29 37 51 50 20 41 95 74 70
91 7 78 30 16 16 11 37 12 53 10 7 85 2 16 30 16 71 70 85
39 80 29 54 59 71 66 93 15 76 34 66 5 49 4 5 76 57 13 82
16 24 39 12 79 45 86 64 73 75 23 11 59 20 80 42 21 91 90 60
55 96 87 38 8 66 10 68 20 69 82 47 18 41 12 63 11 61 17 19
47 24 75 87 16 60 34 5 56 35 94 11 61 4 31 20 78 24 11 30
33 74 97 63 4 82 97 57 24 35 48 68 68 50 69 43 45 25 22 5
30 62 22 69 7 63 47 37 63 20 85 77 82 50 57 1 85 10 64 20
50 43 61 22 45 54 38 47 35 79 88 29 70 67 77 81 82 8 27 45
87 6 88 81 4 22 29 3 81 22 20 8 24 95 61 83 32 81 13 77
85 83 22 91 94 13 11 51 15 52 32 22 35 41 92 99 48 38 76 31
71 75 7 90 64 74 89 27 48 4 57 13 90 51 84 58 76 99 79 70
2 77 19 47 79 90 51 96 51 97 82 18 94 31 92 69 33 11 81 46
# P_hat : m1 | m2 | m3 | m4 | m5 | m6 | m7 | m8 | m9 | m10 | m11 | m12 | m13 | m14 | m15 | m16 | m17 | m18 | m19 | m20
7.50 23.10 0.60 0.60 25.80 20.40 14.10 0.60 27.30 19.20 10.50 22.80 26.10 23.40 9.00 18.90 20.70 18.60 9.00 11.10
4.20 20.10 8.10 2.40 25.50 24.60 13.20 15.30 19.80 14.70 6.30 26.70 18.30 13.50 25.80 5.40 13.50 21.30 18.90 0.60
29.70 26.70 27.60 8.40 24.00 8.10 9.90 21.60 9.60 1.20 26.70 12.30 27.30 24.60 14.10 6.90 18.90 29.40 7.20 10.80
1.50 12.00 2.10 0.30 6.30 2.10 4.50 11.70 19.50 13.50 15.30 22.50 18.90 21.30 25.80 16.50 18.60 3.00 17.10 18.00
20.40 1.80 19.20 5.10 23.70 14.10 9.30 20.10 22.50 6.30 14.10 10.50 19.50 24.00 0.90 7.50 18.90 8.40 2.40 24.60
29.40 1.50 13.20 22.80 17.70 17.70 15.90 17.10 26.70 16.80 19.20 13.50 28.50 20.10 11.40 14.10 5.70 13.80 1.20 15.00
21.60 25.50 25.20 12.90 20.10 28.80 13.20 5.70 24.60 5.70 17.10 20.40 21.00 10.50 24.60 27.30 13.20 2.40 5.10 13.80
11.70 18.60 22.80 23.70 8.10 28.20 2.40 3.30 3.30 22.50 21.30 0.90 18.00 21.60 27.30 2.40 0.60 2.70 29.10 26.10
23.70 5.70 12.90 26.40 8.70 19.50 6.60 5.40 24.60 0.90 14.40 21.30 10.20 27.60 24.90 4.20 4.20 12.90 11.40 8.10
3.90 21.90 5.40 3.90 1.50 5.70 26.40 22.50 9.90 28.80 15.00 28.20 1.20 28.80 17.70 2.10 2.40 22.20 19.80 7.20
7.20 16.50 8.10 0.90 3.90 24.60 9.00 7.20 19.20 29.10 23.40 22.80 11.70 9.30 29.40 11.10 18.30 27.90 10.50 20.70
4.20 7.20 27.30 0.60 2.40 13.20 0.30 28.80 24.60 5.10 12.90 26.40 13.20 7.20 5.10 22.20 23.70 18.60 25.80 27.30
24.60 5.40 6.90 11.70 25.20 9.90 7.20 18.30 15.90 15.90 12.00 0.30 26.10 12.30 16.20 16.80 21.60 29.70 2.10 3.00
27.00 19.20 5.10 11.70 12.60 3.90 24.30 20.40 20.10 11.40 9.90 8.70 15.00 10.50 11.10 26.40 27.00 24.60 25.50 24.00
8.40 12.30 25.20 4.80 4.50 26.40 24.90 0.30 6.30 7.50 17.70 17.70 21.30 23.70 9.90 2.70 0.60 20.10 3.00 22.20
15.00 16.50 27.00 28.50 5.40 27.90 28.80 10.50 7.20 2.10 24.30 6.30 15.00 18.90 10.20 4.20 2.10 13.50 0.90 4.20
22.50 11.10 29.40 12.00 3.90 23.40 3.00 6.30 13.20 7.50 13.80 10.20 24.60 22.20 8.70 19.20 24.60 6.60 17.70 15.30
25.80 13.20 27.90 3.90 5.40 1.20 25.80 2.70 17.70 7.20 10.50 16.50 24.00 17.40 1.50 12.00 2.70 6.30 22.20 12.00
17.10 13.50 28.80 8.10 22.50 17.10 4.50 8.10 11.70 24.60 8.40 25.50 22.50 18.30 26.40 6.60 3.60 29.10 15.60 28.50
1.20 1.50 16.80 21.90 6.90 13.20 29.40 18.90 25.20 15.90 17.10 16.20 9.00 15.00 26.70 3.00 28.20 21.90 23.40 15.30
21.90 7.80 29.70 2.10 1.50 13.20 0.90 15.60 1.80 9.60 4.20 29.40 22.20 13.20 8.40 5.10 20.40 26.40 12.00 16.20
24.60 10.20 23.40 18.60 18.00 12.60 8.10 8.10 24.90 17.10 27.60 0.60 12.90 20.40 6.90 4.80 29.70 15.30 25.20 19.80
6.60 2.70 6.90 10.50 28.80 4.50 27.60 3.60 3.00 24.90 8.70 15.90 14.40 29.40 6.30 0.30 8.10 26.70 11.70 18.60
22.50 19.50 21.00 12.00 9.60 20.40 6.90 21.00 21.60 18.30 12.00 26.70 3.00 26.10 28.50 15.60 25.50 11.10 1.20 7.50
1.80 6.90 28.80 20.40 29.40 28.50 3.90 8.10 28.80 17.70 16.20 16.80 24.30 11.70 18.60 3.30 11.10 17.40 13.20 4.50
9.60 26.70 0.90 28.50 7.80 24.30 24.60 7.80 3.90 1.20 3.00 23.70 15.90 18.30 2.70 3.00 0.90 2.10 18.60 8.10
27.60 25.80 20.70 10.20 20.10 21.90 15.90 3.30 19.20 16.80 6.60 18.30 16.80 28.80 27.60 5.10 1.50 12.30 0.30 26.70
25.20 6.60 20.40 3.60 28.20 7.80 27.90 8.40 12.60 22.50 11.70 16.20 29.10 26.10 29.40 14.70 2.70 0.60 20.10 27.00
16.20 29.10 22.50 18.00 5.10 22.80 9.30 21.60 3.30 4.80 9.90 21.60 22.80 27.90 29.40 18.00 20.10 20.70 3.60 0.60
11.10 17.70 25.50 1.80 27.00 15.60 23.70 28.80 6.00 5.40 27.60 6.60 5.40 26.10 18.00 24.30 5.10 13.20 2.10 1.20
21.90 7.20 13.50 19.80 14.70 8.10 9.60 22.80 5.40 21.00 25.50 29.10 6.30 28.50 4.20 23.70 24.30 5.70 18.30 26.70
4.80 13.50 10.80 22.20 11.70 16.50 8.10 11.10 23.10 26.40 11.40 26.70 9.90 6.60 12.60 21.30 9.90 17.10 28.50 3.30
7.80 21.00 24.00 7.80 29.10 2.10 0.60 2.70 9.00 15.90 13.20 28.80 20.70 26.70 1.20 6.60 25.50 16.80 4.50 10.20
15.00 19.80 16.80 23.10 0.90 25.50 19.20 0.60 10.50 18.30 18.00 21.90 5.70 1.20 23.40 13.20 26.70 22.50 28.80 19.20
10.80 9.90 11.70 6.00 3.90 15.90 17.10 23.70 27.30 11.10 19.80 12.00 15.00 5.40 8.70 8.10 5.70 18.30 20.10 3.30
29.10 25.80 10.50 13.50 15.60 18.90 18.60 15.00 3.30 17.10 17.10 15.60 29.70 23.10 14.10 0.90 27.90 10.20 6.90 10.80
28.20 25.80 2.40 24.30 15.00 29.40 9.00 15.60 8.10 4.80 18.60 18.90 18.90 7.50 3.90 10.20 16.20 26.70 0.60 21.90
17.10 6.90 8.40 10.20 9.60 18.60 23.70 14.10 4.50 21.60 17.70 8.70 11.10 15.30 15.00 6.00 12.30 28.50 22.20 21.00
27.30 2.10 23.40 9.00 4.80 4.80 3.30 11.10 3.60 15.90 3.00 2.10 25.50 0.60 4.80 9.00 4.80 21.30 21.00 25.50
11.70 24.00 8.70 16.20 17.70 21.30 19.80 27.90 4.50 22.80 10.20 19.80 1.50 14.70 1.20 1.50 22.80 17.10 3.90 24.60
4.80 7.20 11.70 3.60 23.70 13.50 25.80 19.20 21.90 22.50 6.90 3.30 17.70 6.00 24.00 12.60 6.30 27.30 27.00 18.00
16.50 28.80 26.10 11.40 2.40 19.80 3.00 20.40 6.00 20.70 24.60 14.10 5.40 12.30 3.60 18.90 3.30 18.30 5.10 5.70
14.10 7.20 22.50 26.10 4.80 18.00 10.20 1.50 16.80 10.50 28.20 3.30 18.30 1.20 9.30 6.00 23.40 7.20 3.30 9.00
9.90 22.20 29.10 18.90 1.20 24.60 29.10 17.10 7.20 10.50 14.40 20.40 20.40 15.00 20.70 12.90 13.50 7.50 6.60 1.50
9.00 18.60 6.60 20.70 2.10 18.90 14.10 11.10 18.90 6.00 25.50 23.10 24.60 15.00 17.10 0.30 25.50 3.00 19.20 6.00
15.00 12.90 18.30 6.60 13.50 16.20 11.40 14.10 10.50 23.70 26.40 8.70 21.00 20.10 23.10 24.30 24.60 2.40 8.10 13.50
26.10 1.80 26.40 24.30 1.20 6.60 8.70 0.90 24.30 6.60 6.00 2.40 7.20 28.50 18.30 24.90 9.60 24.30 3.90 23.10
25.50 24.90 6.60 27.30 28.20 3.90 3.30 15.30 4.50 15.60 9.60 6.60 10.50 12.30 27.60 29.70 14.40 11.40 22.80 9.30
21.30 22.50 2.10 27.00 19.20 22.20 26.70 8.10 14.40 1.20 17.10 3.90 27.00 15.30 25.20 17.40 22.80 29.70 23.70 21.00
0.60 23.10 5.70 14.10 23.70 27.00 15.30 28.80 15.30 29.10 24.60 5.40 28.20 9.30 27.60 20.70 9.90 3.30 24.30 13.80
