# nJobs | nMachines
20 10
# Job Weights
19
18
70
5
63
2
7
63
13
34
20
53
56
9
34
56
80
12
39
80
# P_bar : m1 | m2 | m3 | m4 | m5 | m6 | m7 | m8 | m9 | m10
64 43 9 38 2 79 16 85 89 69
44 97 87 85 74 18 95 77 6 88
58 49 3 29 16 99 26 74 41 24
7 2 15 26 21 75 25 17 22 41
69 54 55 23 10 47 71 38 68 53
12 12 5 28 98 96 50 42 83 8
5 31 8 19 74 6 38 20 79 58
69 52 94 10 84 22 15 68 69 19
46 29 60 72 55 3 85 93 44 50
23 98 18 33 19 29 20 15 64 21
95 46 20 21 20 12 25 28 77 43
24 83 65 79 37 53 67 91 46 18
58 78 50 55 90 42 7 32 76 74
88 52 76 69 76 61 12 56 64 50
46 63 75 38 10 49 50 70 25 20
65 66 7 15 81 56 8 51 55 81
31 45 82 58 27 9 82 9 30 98
84 49 49 36 52 6 5 94 89 92
4 21 3 11 21 54 9 63 96 21
73 13 56 98 1 57 41 33 71 83
# P_hat : m1 | m2 | m3 | m4 | m5 | m6 | m7 | m8 | m9 | m10
19.20 12.90 2.70 11.40 0.60 23.70 4.80 25.50 26.70 20.70
13.20 29.10 26.10 25.50 22.20 5.40 28.50 23.10 1.80 26.40
17.40 14.70 0.90 8.70 4.80 29.70 7.80 22.20 12.30 7.20
2.10 0.60 4.50 7.80 6.30 22.50 7.50 5.10 6.60 12.30
20.70 16.20 16.50 6.90 3.00 14.10 21.30 11.40 20.40 15.90
3.60 3.60 1.50 8.40 29.40 28.80 15.00 12.60 24.90 2.40
1.50 9.30 2.40 5.70 22.20 1.80 11.40 6.00 23.70 17.40
20.70 15.60 28.20 3.00 25.20 6.60 4.50 20.40 20.70 5.70
13.80 8.70 18.00 21.60 16.50 0.90 25.50 27.90 13.20 15.00
6.90 29.40 5.40 9.90 5.70 8.70 6.00 4.50 19.20 6.30
28.50 13.80 6.00 6.30 6.00 3.60 7.50 8.40 23.10 12.90
7.20 24.90 19.50 23.70 11.10 15.90 20.10 27.30 13.80 5.40
17.40 23.40 15.00 16.50 27.00 12.60 2.10 9.60 22.80 22.20
26.40 15.60 22.80 20.70 22.80 18.30 3.60 16.80 19.20 15.00
13.80 18.90 22.50 11.40 3.00 14.70 15.00 21.00 7.50 6.00
19.50 19.80 2.10 4.50 24.30 16.80 2.40 15.30 16.50 24.30
9.30 13.50 24.60 17.40 8.10 2.70 24.60 2.70 9.00 29.40
25.20 14.70 14.70 10.80 15.60 1.80 1.50 28.20 26.70 27.60
1.20 6.30 0.90 3.30 6.30 16.20 2.70 18.90 28.80 6.30
21.90 3.90 16.80 29.40 0.30 17.10 12.30 9.90 21.30 24.90
