# nJobs | nMachines
50 5
# Job Weights
13
91
1
60
6
94
73
59
95
14
85
87
33
77
61
80
40
17
37
19
74
21
70
47
78
71
69
67
93
74
92
47
40
46
53
48
33
77
60
7
70
24
92
18
8
72
32
21
89
74
# P_bar : m1 | m2 | m3 | m4 | m5
27 91 97 67 11
69 9 49 72 73
78 33 17 50 28
90 97 54 12 12
23 27 52 54 71
6 17 74 69 20
23 97 44 35 65
28 96 8 26 56
98 1 75 80 44
57 30 19 13 79
96 5 91 17 26
85 78 94 10 43
60 58 77 74 44
34 20 80 63 28
42 42 20 17 70
73 97 48 11 64
31 96 90 15 57
11 75 30 30 53
60 89 5 91 84
57 66 20 89 45
88 9 46 93 6
38 59 72 62 77
43 84 10 16 39
30 93 97 49 94
77 83 44 73 72
85 58 85 58 93
58 92 40 68 80
58 82 68 15 35
45 12 62 92 32
72 89 76 31 59
86 81 60 16 31
83 20 65 56 86
3 4 91 42 52
14 93 63 32 7
91 12 67 85 99
27 75 26 2 20
17 35 57 39 95
13 58 22 39 21
21 70 67 79 63
82 9 70 86 73
91 79 30 35 97
11 29 57 30 49
88 45 67 10 77
99 27 29 42 83
8 71 63 77 73
6 89 77 69 94
71 21 28 47 35
53 78 73 83 89
2 4 63 8 9
2 17 20 27 29
# P_hat : m1 | m2 | m3 | m4 | m5
2.70 9.10 9.70 6.70 1.10
6.90 0.90 4.90 7.20 7.30
7.80 3.30 1.70 5.00 2.80
9.00 9.70 5.40 1.20 1.20
2.30 2.70 5.20 5.40 7.10
0.60 1.70 7.40 6.90 2.00
2.30 9.70 4.40 3.50 6.50
2.80 9.60 0.80 2.60 5.60
9.80 0.10 7.50 8.00 4.40
5.70 3.00 1.90 1.30 7.90
9.60 0.50 9.10 1.70 2.60
8.50 7.80 9.40 1.00 4.30
6.00 5.80 7.70 7.40 4.40
3.40 2.00 8.00 6.30 2.80
4.20 4.20 2.00 1.70 7.00
7.30 9.70 4.80 1.10 6.40
3.10 9.60 9.00 1.50 5.70
1.10 7.50 3.00 3.00 5.30
6.00 8.90 0.50 9.10 8.40
5.70 6.60 2.00 8.90 4.50
8.80 0.90 4.60 9.30 0.60
3.80 5.90 7.20 6.20 7.70
4.30 8.40 1.00 1.60 3.90
3.00 9.30 9.70 4.90 9.40
7.70 8.30 4.40 7.30 7.20
8.50 5.80 8.50 5.80 9.30
5.80 9.20 4.00 6.80 8.00
5.80 8.20 6.80 1.50 3.50
4.50 1.20 6.20 9.20 3.20
7.20 8.90 7.60 3.10 5.90
8.60 8.10 6.00 1.60 3.10
8.30 2.00 6.50 5.60 8.60
0.30 0.40 9.10 4.20 5.20
1.40 9.30 6.30 3.20 0.70
9.10 1.20 6.70 8.50 9.90
2.70 7.50 2.60 0.20 2.00
1.70 3.50 5.70 3.90 9.50
1.30 5.80 2.20 3.90 2.10
2.10 7.00 6.70 7.90 6.30
8.20 0.90 7.00 8.60 7.30
9.10 7.90 3.00 3.50 9.70
1.10 2.90 5.70 3.00 4.90
8.80 4.50 6.70 1.00 7.70
9.90 2.70 2.90 4.20 8.30
0.80 7.10 6.30 7.70 7.30
0.60 8.90 7.70 6.90 9.40
7.10 2.10 2.80 4.70 3.50
5.30 7.80 7.30 8.30 8.90
0.20 0.40 6.30 0.80 0.90
0.20 1.70 2.00 2.70 2.90
