# nJobs | nMachines
50 20
# Job Weights
32
19
54
69
74
16
24
72
44
11
86
77
11
49
29
63
46
34
54
33
41
50
44
100
63
70
32
68
58
9
28
89
64
48
32
75
89
45
27
14
69
69
5
85
4
29
11
1
50
88
# P_bar : m1 | m2 | m3 | m4 | m5 | m6 | m7 | m8 | m9 | m10 | m11 | m12 | m13 | m14 | m15 | m16 | m17 | m18 | m19 | m20
4 44 15 24 58 53 80 56 11 64 50 22 50 24 56 59 72 41 18 90
20 54 80 75 55 26 35 8 64 94 83 1 62 2 43 41 81 80 39 34
62 7 61 31 34 89 39 1 32 23 82 88 28 51 63 64 8 74 96 66
71 54 37 34 66 34 85 51 10 88 78 69 4 49 60 30 73 15 18 10
69 61 72 87 67 29 45 73 37 52 44 50 11 39 3 51 93 89 16 95
87 18 73 88 70 32 13 4 86 23 23 79 13 62 89 16 38 24 48 51
96 45 55 62 16 28 81 58 35 26 66 59 46 85 52 64 85 36 22 15
25 64 19 59 25 46 78 24 41 9 24 18 23 70 42 72 94 86 53 4
98 81 80 39 34 49 25 69 7 63 56 98 41 86 24 68 88 98 71 66
41 57 48 4 1 55 81 39 56 24 92 21 74 18 53 31 69 51 24 24
99 13 10 74 18 8 21 33 10 8 30 35 15 90 77 93 90 32 17 53
1 45 17 90 2 34 87 16 15 32 31 94 67 36 12 86 26 92 47 87
94 60 67 29 86 40 40 75 25 97 88 57 39 51 71 91 23 51 44 26
91 12 21 99 34 48 30 19 15 17 85 71 4 20 14 34 44 98 62 64
36 89 9 74 82 68 11 1 54 76 50 76 13 23 62 6 97 88 4 13
71 20 79 4 55 59 76 30 3 45 34 97 43 17 75 27 67 1 85 16
28 47 89 86 59 87 79 44 43 28 91 7 84 23 97 62 53 13 74 23
50 81 20 22 21 1 75 8 10 89 55 87 41 47 3 35 75 50 59 61
11 11 94 10 31 87 77 45 27 75 7 89 33 66 54 57 69 80 41 78
14 56 47 96 53 91 17 19 10 71 49 53 41 3 41 67 44 56 13 58
76 30 90 56 25 99 51 53 39 46 38 19 82 59 71 96 13 50 82 13
20 51 44 28 69 95 29 38 2 40 73 69 99 30 11 69 47 58 26 99
78 18 49 90 71 21 11 39 24 66 47 66 63 85 12 8 98 75 39 87
70 91 28 71 85 62 73 68 50 87 95 61 29 16 54 92 41 4 28 70
43 48 46 12 80 87 50 83 64 91 48 18 86 81 21 1 46 73 59 84
59 94 82 1 39 84 86 94 44 50 54 86 28 95 14 37 25 90 49 3
88 32 96 6 71 96 56 34 34 54 94 51 80 81 82 69 56 2 87 48
68 67 91 41 66 47 93 1 97 60 21 90 7 14 35 57 50 73 32 78
48 95 28 30 74 60 79 23 93 10 41 80 1 96 21 59 35 75 65 79
48 75 93 21 57 82 57 32 81 79 30 22 5 23 38 85 59 67 24 20
39 82 30 64 54 60 85 70 15 43 42 6 64 44 52 86 78 99 48 51
36 41 64 92 2 53 17 35 42 34 44 52 17 8 82 98 44 93 72 83
2 7 41 1 27 98 88 78 34 77 28 16 81 15 40 96 57 9 15 51
51 39 53 85 55 48 89 89 87 92 82 84 48 48 47 55 21 27 5 1
91 25 86 94 7 30 39 88 53 3 4 12 9 95 91 9 59 61 68 2
4 49 6 24 94 39 41 92 82 98 64 74 77 62 60 2 60 64 36 73
32 39 68 83 85 52 8 50 64 40 38 69 92 90 61 71 52 43 7 82
62 53 25 4 3 22 21 64 96 19 9 22 15 41 21 85 62 32 52 34
46 66 8 57 46 63 33 61 60 68 37 12 49 70 67 2 14 56 45 26
55 96 62 8 7 19 36 35 20 85 87 80 41 56 29 96 58 61 87 49
73 36 17 17 26 49 75 81 78 2 37 45 17 50 46 7 24 55 42 39
97 41 49 83 95 50 2 69 12 51 26 51 32 29 74 78 8 99 68 24
71 8 92 47 21 20 65 80 15 35 80 96 25 39 11 55 22 77 9 39
50 92 20 57 4 85 57 38 63 91 83 80 89 72 72 7 72 66 53 69
54 92 77 93 98 31 22 44 81 68 50 87 9 94 56 50 37 25 59 1
73 82 24 54 9 99 41 49 98 3 50 92 29 70 81 5 90 28 65 1
44 78 53 79 52 61 89 85 97 26 50 20 38 40 80 60 96 87 81 79
95 19 71 5 48 96 62 26 2 49 42 95 2 33 87 61 26 25 12 27
53 12 88 30 59 82 43 15 2 37 88 16 91 16 44 68 23 18 39 20
18 54 88 90 17 75 30 97 44 25 55 64 57 79 41 87 91 61 62 22
# P_hat : m1 | m2 | m3 | m4 | m5 | m6 | m7 | m8 | m9 | m10 | m11 | m12 | m13 | m14 | m15 | m16 | m17 | m18 | m19 | m20
1.60 17.60 6.00 9.60 23.20 21.20 32.00 22.40 4.40 25.60 20.00 8.80 20.00 9.60 22.40 23.60 28.80 16.40 7.20 36.00
8.00 21.60 32.00 30.00 22.00 10.40 14.00 3.20 25.60 37.60 33.20 0.40 24.80 0.80 17.20 16.40 32.40 32.00 15.60 13.60
24.80 2.80 24.40 12.40 13.60 35.60 15.60 0.40 12.80 9.20 32.80 35.20 11.20 20.40 25.20 25.60 3.20 29.60 38.40 26.40
28.40 21.60 14.80 13.60 26.40 13.60 34.00 20.40 4.00 35.20 31.20 27.60 1.60 19.60 24.00 12.00 29.20 6.00 7.20 4.00
27.60 24.40 28.80 34.80 26.80 11.60 18.00 29.20 14.80 20.80 17.60 20.00 4.40 15.60 1.20 20.40 37.20 35.60 6.40 38.00
34.80 7.20 29.20 35.20 28.00 12.80 5.20 1.60 34.40 9.20 9.20 31.60 5.20 24.80 35.60 6.40 15.20 9.60 19.20 20.40
38.40 18.00 22.00 24.80 6.40 11.20 32.40 23.20 14.00 10.40 26.40 23.60 18.40 34.00 20.80 25.60 34.00 14.40 8.80 6.00
10.00 25.60 7.60 23.60 10.00 18.40 31.20 9.60 16.40 3.60 9.60 7.20 9.20 28.00 16.80 28.80 37.60 34.40 21.20 1.60
39.20 32.40 32.00 15.60 13.60 19.60 10.00 27.60 2.80 25.20 22.40 39.20 16.40 34.40 9.60 27.20 35.20 39.20 28.40 26.40
16.40 22.80 19.20 1.60 0.40 22.00 32.40 15.60 22.40 9.60 36.80 8.40 29.60 7.20 21.20 12.40 27.60 20.40 9.60 9.60
39.60 5.20 4.00 29.60 7.20 3.20 8.40 13.20 4.00 3.20 12.00 14.00 6.00 36.00 30.80 37.20 36.00 12.80 6.80 21.20
0.40 18.00 6.80 36.00 0.80 13.60 34.80 6.40 6.00 12.80 12.40 37.60 26.80 14.40 4.80 34.40 10.40 36.80 18.80 34.80
37.60 24.00 26.80 11.60 34.40 16.00 16.00 30.00 10.00 38.80 35.20 22.80 15.60 20.40 28.40 36.40 9.20 20.40 17.60 10.40
36.40 4.80 8.40 39.60 13.60 19.20 12.00 7.60 6.00 6.80 34.00 28.40 1.60 8.00 5.60 13.60 17.60 39.20 24.80 25.60
14.40 35.60 3.60 29.60 32.80 27.20 4.40 0.40 21.60 30.40 20.00 30.40 5.20 9.20 24.80 2.40 38.80 35.20 1.60 5.20
28.40 8.00 31.60 1.60 22.00 23.60 30.40 12.00 1.20 18.00 13.60 38.80 17.20 6.80 30.00 10.80 26.80 0.40 34.00 6.40
11.20 18.80 35.60 34.40 23.60 34.80 31.60 17.60 17.20 11.20 36.40 2.80 33.60 9.20 38.80 24.80 21.20 5.20 29.60 9.20
20.00 32.40 8.00 8.80 8.40 0.40 30.00 3.20 4.00 35.60 22.00 34.80 16.40 18.80 1.20 14.00 30.00 20.00 23.60 24.40
4.40 4.40 37.60 4.00 12.40 34.80 30.80 18.00 10.80 30.00 2.80 35.60 13.20 26.40 21.60 22.80 27.60 32.00 16.40 31.20
5.60 22.40 18.80 38.40 21.20 36.40 6.80 7.60 4.00 28.40 19.60 21.20 16.40 1.20 16.40 26.80 17.60 22.40 5.20 23.20
30.40 12.00 36.00 22.40 10.00 39.60 20.40 21.20 15.60 18.40 15.20 7.60 32.80 23.60 28.40 38.40 5.20 20.00 32.80 5.20
8.00 20.40 17.60 11.20 27.60 38.00 11.60 15.20 0.80 16.00 29.20 27.60 39.60 12.00 4.40 27.60 18.80 23.20 10.40 39.60
31.20 7.20 19.60 36.00 28.40 8.40 4.40 15.60 9.60 26.40 18.80 26.40 25.20 34.00 4.80 3.20 39.20 30.00 15.60 34.80
28.00 36.40 11.20 28.40 34.00 24.80 29.20 27.20 20.00 34.80 38.00 24.40 11.60 6.40 21.60 36.80 16.40 1.60 11.20 28.00
17.20 19.20 18.40 4.80 32.00 34.80 20.00 33.20 25.60 36.40 19.20 7.20 34.40 32.40 8.40 0.40 18.40 29.20 23.60 33.60
23.60 37.60 32.80 0.40 15.60 33.60 34.40 37.60 17.60 20.00 21.60 34.40 11.20 38.00 5.60 14.80 10.00 36.00 19.60 1.20
35.20 12.80 38.40 2.40 28.40 38.40 22.40 13.60 13.60 21.60 37.60 20.40 32.00 32.40 32.80 27.60 22.40 0.80 34.80 19.20
27.20 26.80 36.40 16.40 26.40 18.80 37.20 0.40 38.80 24.00 8.40 36.00 2.80 5.60 14.00 22.80 20.00 29.20 12.80 31.20
19.20 38.00 11.20 12.00 29.60 24.00 31.60 9.20 37.20 4.00 16.40 32.00 0.40 38.40 8.40 23.60 14.00 30.00 26.00 31.60
19.20 30.00 37.20 8.40 22.80 32.80 22.80 12.80 32.40 31.60 12.00 8.80 2.00 9.20 15.20 34.00 23.60 26.80 9.60 8.00
15.60 32.80 12.00 25.60 21.60 24.00 34.00 28.00 6.00 17.20 16.80 2.40 25.60 17.60 20.80 34.40 31.20 39.60 19.20 20.40
14.40 16.40 25.60 36.80 0.80 21.20 6.80 14.00 16.80 13.60 17.60 20.80 6.80 3.20 32.80 39.20 17.60 37.20 28.80 33.20
0.80 2.80 16.40 0.40 10.80 39.20 35.20 31.20 13.60 30.80 11.20 6.40 32.40 6.00 16.00 38.40 22.80 3.60 6.00 20.40
20.40 15.60 21.20 34.00 22.00 19.20 35.60 35.60 34.80 36.80 32.80 33.60 19.20 19.20 18.80 22.00 8.40 10.80 2.00 0.40
36.40 10.00 34.40 37.60 2.80 12.00 15.60 35.20 21.20 1.20 1.60 4.80 3.60 38.00 36.40 3.60 23.60 24.40 27.20 0.80
1.60 19.60 2.40 9.60 37.60 15.60 16.40 36.80 32.80 39.20 25.60 29.60 30.80 24.80 24.00 0.80 24.00 25.60 14.40 29.20
12.80 15.60 27.20 33.20 34.00 20.80 3.20 20.00 25.60 16.00 15.20 27.60 36.80 36.00 24.40 28.40 20.80 17.20 2.80 32.80
24.80 21.20 10.00 1.60 1.20 8.80 8.40 25.60 38.40 7.60 3.60 8.80 6.00 16.40 8.40 34.00 24.80 12.80 20.80 13.60
18.40 26.40 3.20 22.80 18.40 25.20 13.20 24.40 24.00 27.20 14.80 4.80 19.60 28.00 26.80 0.80 5.60 22.40 18.00 10.40
22.00 38.40 24.80 3.20 2.80 7.60 14.40 14.00 8.00 34.00 34.80 32.00 16.40 22.40 11.60 38.40 23.20 24.40 34.80 19.60
29.20 14.40 6.80 6.80 10.40 19.60 30.00 32.40 31.20 0.80 14.80 18.00 6.80 20.00 18.40 2.80 9.60 22.00 16.80 15.60
38.80 16.40 19.60 33.20 38.00 20.00 0.80 27.60 4.80 20.40 10.40 20.40 12.80 11.60 29.60 31.20 3.20 39.60 27.20 9.60
28.40 3.20 36.80 18.80 8.40 8.00 26.00 32.00 6.00 14.00 32.00 38.40 10.00 15.60 4.40 22.00 8.80 30.80 3.60 15.60
20.00 36.80 8.00 22.80 1.60 34.00 22.80 15.20 25.20 36.40 33.20 32.00 35.60 28.80 28.80 2.80 28.80 26.40 21.20 27.60
21.60 36.80 30.80 37.20 39.20 12.40 8.80 17.60 32.40 27.20 20.00 34.80 3.60 37.60 22.40 20.00 14.80 10.00 23.60 0.40
29.20 32.80 9.60 21.60 3.60 39.60 16.40 19.60 39.20 1.20 20.00 36.80 11.60 28.00 32.40 2.00 36.00 11.20 26.00 0.40
17.60 31.20 21.20 31.60 20.80 24.40 35.60 34.00 38.80 10.40 20.00 8.00 15.20 16.00 32.00 24.00 38.40 34.80 32.40 31.60
38.00 7.60 28.40 2.00 19.20 38.40 24.80 10.40 0.80 19.60 16.80 38.00 0.80 13.20 34.80 24.40 10.40 10.00 4.80 10.80
21.20 4.80 35.20 12.00 23.60 32.80 17.20 6.00 0.80 14.80 35.20 6.40 36.40 6.40 17.60 27.20 9.20 7.20 15.60 8.00
7.20 21.60 35.20 36.00 6.80 30.00 12.00 38.80 17.60 10.00 22.00 25.60 22.80 31.60 16.40 34.80 36.40 24.40 24.80 8.80
