# nJobs | nMachines
50 5
# Job Weights
16
18
50
70
67
70
73
76
18
73
98
2
70
94
80
71
83
98
76
90
35
54
48
3
78
21
4
72
40
69
93
62
88
68
58
22
39
83
31
74
97
44
11
56
30
24
47
28
31
79
# P_bar : m1 | m2 | m3 | m4 | m5
75 26 48 26 77
87 37 4 67 94
13 25 92 4 9
11 95 92 14 57
41 49 72 93 29
43 12 45 54 79
93 59 5 21 55
69 17 98 20 73
80 46 93 6 65
13 20 17 18 86
24 52 79 75 25
72 44 11 25 39
38 92 16 16 76
81 75 89 77 24
83 95 81 28 38
88 33 92 24 5
26 10 45 15 91
6 45 61 77 29
89 2 39 36 22
67 62 28 16 27
70 62 94 32 39
30 82 87 46 31
89 29 23 21 46
30 29 1 81 18
68 94 55 28 93
21 20 91 70 58
78 42 67 89 85
46 80 91 54 58
99 94 4 96 97
10 35 60 62 10
17 8 38 46 79
23 41 25 60 93
83 65 90 19 2
47 4 93 97 87
86 71 13 13 17
18 30 65 7 18
67 14 25 44 10
46 32 34 7 50
4 50 47 73 8
14 30 98 15 26
4 27 91 66 14
20 98 11 70 21
88 39 46 97 15
50 84 50 33 10
84 65 77 97 85
58 12 5 64 46
93 58 14 73 42
76 45 47 28 18
50 49 80 4 36
30 15 45 87 2
# P_hat : m1 | m2 | m3 | m4 | m5
7.50 2.60 4.80 2.60 7.70
8.70 3.70 0.40 6.70 9.40
1.30 2.50 9.20 0.40 0.90
1.10 9.50 9.20 1.40 5.70
4.10 4.90 7.20 9.30 2.90
4.30 1.20 4.50 5.40 7.90
9.30 5.90 0.50 2.10 5.50
6.90 1.70 9.80 2.00 7.30
8.00 4.60 9.30 0.60 6.50
1.30 2.00 1.70 1.80 8.60
2.40 5.20 7.90 7.50 2.50
7.20 4.40 1.10 2.50 3.90
3.80 9.20 1.60 1.60 7.60
8.10 7.50 8.90 7.70 2.40
8.30 9.50 8.10 2.80 3.80
8.80 3.30 9.20 2.40 0.50
2.60 1.00 4.50 1.50 9.10
0.60 4.50 6.10 7.70 2.90
8.90 0.20 3.90 3.60 2.20
6.70 6.20 2.80 1.60 2.70
7.00 6.20 9.40 3.20 3.90
3.00 8.20 8.70 4.60 3.10
8.90 2.90 2.30 2.10 4.60
3.00 2.90 0.10 8.10 1.80
6.80 9.40 5.50 2.80 9.30
2.10 2.00 9.10 7.00 5.80
7.80 4.20 6.70 8.90 8.50
4.60 8.00 9.10 5.40 5.80
9.90 9.40 0.40 9.60 9.70
1.00 3.50 6.00 6.20 1.00
1.70 0.80 3.80 4.60 7.90
2.30 4.10 2.50 6.00 9.30
8.30 6.50 9.00 1.90 0.20
4.70 0.40 9.30 9.70 8.70
8.60 7.10 1.30 1.30 1.70
1.80 3.00 6.50 0.70 1.80
6.70 1.40 2.50 4.40 1.00
4.60 3.20 3.40 0.70 5.00
0.40 5.00 4.70 7.30 0.80
1.40 3.00 9.80 1.50 2.60
0.40 2.70 9.10 6.60 1.40
2.00 9.80 1.10 7.00 2.10
8.80 3.90 4.60 9.70 1.50
5.00 8.40 5.00 3.30 1.00
8.40 6.50 7.70 9.70 8.50
5.80 1.20 0.50 6.40 4.60
9.30 5.80 1.40 7.30 4.20
7.60 4.50 4.70 2.80 1.80
5.00 4.90 8.00 0.40 3.60
3.00 1.50 4.50 8.70 0.20
