# nJobs | nMachines
100 10
# Job Weights
60
78
8
48
13
32
32
62
3
21
84
90
97
75
53
5
5
68
92
66
5
66
8
79
24
4
6
24
99
35
41
85
37
2
15
37
58
89
77
79
33
17
74
1
100
8
96
55
20
96
18
66
27
33
68
36
63
32
79
81
93
56
98
28
100
77
56
63
29
25
69
93
100
50
97
50
61
94
21
62
74
63
28
3
2
67
31
10
9
23
71
94
92
71
4
36
35
78
25
87
# P_bar : m1 | m2 | m3 | m4 | m5 | m6 | m7 | m8 | m9 | m10
68 1 10 50 77 79 68 70 26 64
40 37 76 87 30 26 48 36 97 32
43 91 75 77 88 57 56 23 5 23
72 59 29 88 21 98 54 72 89 94
87 2 10 80 29 27 38 23 77 93
59 44 86 75 12 66 65 28 47 69
67 29 62 41 2 89 56 14 60 75
89 37 26 84 95 90 29 48 12 65
84 30 1 24 24 44 21 54 96 68
43 20 62 27 20 91 99 86 63 93
92 19 89 52 66 36 34 81 27 4
90 79 2 73 82 66 25 12 87 91
23 41 62 75 45 71 66 26 46 15
20 79 96 23 4 32 54 76 10 83
97 49 99 52 22 80 1 41 97 38
57 21 91 97 81 25 52 89 59 34
33 97 85 40 56 32 23 70 58 67
7 86 42 50 85 39 50 54 73 24
69 15 7 95 3 38 61 6 11 78
56 57 4 34 82 5 36 65 31 41
16 76 23 2 94 97 60 7 41 87
41 14 74 76 72 56 1 14 23 55
7 57 83 26 96 65 57 88 36 83
74 80 41 48 55 14 38 98 54 5
54 93 63 16 3 58 68 57 7 34
67 31 99 20 63 35 45 19 31 16
15 66 55 86 65 97 85 72 90 57
85 30 37 62 20 24 13 41 83 66
83 82 23 54 4 46 55 40 65 23
42 11 1 50 95 91 98 62 61 13
29 71 84 26 20 53 12 47 15 35
64 94 46 4 57 29 97 65 10 8
3 35 31 4 38 72 6 14 61 17
9 71 93 59 46 43 94 99 55 20
35 76 79 24 76 62 43 65 81 18
24 76 32 14 10 27 86 14 87 66
72 26 71 49 79 57 2 99 81 10
70 31 60 35 7 14 84 65 50 48
47 58 42 78 12 92 94 62 43 71
78 31 24 77 60 69 28 30 67 64
60 98 51 72 85 61 68 6 54 97
11 26 98 10 73 8 45 80 79 59
60 92 64 87 18 78 43 52 26 25
5 11 85 24 75 43 89 35 64 67
24 72 31 26 77 53 86 25 83 5
52 46 11 46 71 2 8 54 56 15
39 20 95 40 83 72 32 44 8 33
14 38 58 86 63 23 62 40 78 6
65 57 57 40 52 85 11 99 27 27
99 5 28 8 66 49 36 21 1 34
69 19 76 39 30 6 3 74 97 12
96 65 40 11 71 34 23 10 35 28
54 35 96 96 57 6 79 46 29 15
37 89 54 74 83 51 99 99 22 36
35 41 91 22 34 17 57 88 16 22
19 15 90 22 31 66 4 91 87 82
10 99 41 50 11 31 69 57 79 43
88 19 72 6 50 58 69 85 82 97
61 74 37 95 22 84 30 62 65 6
95 63 38 83 7 70 99 46 62 28
18 92 64 70 82 87 51 88 99 65
49 29 98 1 34 99 66 11 22 45
69 47 36 8 5 88 33 27 79 73
86 80 20 94 62 60 13 35 37 63
28 7 3 65 3 4 89 50 31 41
6 43 41 70 68 2 73 68 30 12
40 89 93 61 35 99 26 58 40 11
88 9 44 80 79 79 25 47 93 85
94 99 3 82 10 49 88 44 22 82
78 38 19 23 60 53 70 37 91 41
43 76 66 51 67 16 72 76 8 87
31 52 55 92 10 64 56 30 44 84
54 48 66 25 87 72 1 98 95 25
80 55 68 23 25 59 6 57 93 59
11 17 1 40 24 62 97 7 83 89
27 63 5 69 4 66 57 15 38 86
3 92 59 42 36 92 64 84 74 15
32 77 64 13 44 28 40 39 24 17
2 31 1 17 22 72 4 62 50 44
49 44 5 27 8 50 71 1 75 71
27 76 11 74 49 80 84 41 60 15
81 18 46 7 97 48 50 59 15 10
18 7 10 25 8 12 1 92 73 68
83 40 56 73 9 32 30 51 68 58
84 47 25 81 18 76 84 82 63 33
49 73 95 84 34 33 33 49 79 14
64 41 12 40 54 65 69 78 40 3
20 70 48 28 42 18 19 87 2 89
52 86 11 86 70 88 37 60 45 94
42 8 45 17 59 60 25 55 94 19
51 63 25 66 8 67 27 57 3 33
66 77 62 33 29 54 71 70 16 55
95 91 12 20 6 61 55 11 29 55
18 24 67 84 42 72 19 62 55 37
37 19 17 23 33 50 43 53 3 26
70 63 59 73 67 42 80 95 72 22
22 72 30 25 7 30 93 97 87 75
87 17 73 87 64 24 76 9 64 4
67 46 34 2 7 27 52 85 33 82
15 66 27 15 60 6 26 17 64 30
# P_hat : m1 | m2 | m3 | m4 | m5 | m6 | m7 | m8 | m9 | m10
20.40 0.30 3.00 15.00 23.10 23.70 20.40 21.00 7.80 19.20
12.00 11.10 22.80 26.10 9.00 7.80 14.40 10.80 29.10 9.60
12.90 27.30 22.50 23.10 26.40 17.10 16.80 6.90 1.50 6.90
21.60 17.70 8.70 26.40 6.30 29.40 16.20 21.60 26.70 28.20
26.10 0.60 3.00 24.00 8.70 8.10 11.40 6.90 23.10 27.90
17.70 13.20 25.80 22.50 3.60 19.80 19.50 8.40 14.10 20.70
20.10 8.70 18.60 12.30 0.60 26.70 16.80 4.20 18.00 22.50
26.70 11.10 7.80 25.20 28.50 27.00 8.70 14.40 3.60 19.50
25.20 9.00 0.30 7.20 7.20 13.20 6.30 16.20 28.80 20.40
12.90 6.00 18.60 8.10 6.00 27.30 29.70 25.80 18.90 27.90
27.60 5.70 26.70 15.60 19.80 10.80 10.20 24.30 8.10 1.20
27.00 23.70 0.60 21.90 24.60 19.80 7.50 3.60 26.10 27.30
6.90 12.30 18.60 22.50 13.50 21.30 19.80 7.80 13.80 4.50
6.00 23.70 28.80 6.90 1.20 9.60 16.20 22.80 3.00 24.90
29.10 14.70 29.70 15.60 6.60 24.00 0.30 12.30 29.10 11.40
17.10 6.30 27.30 29.10 24.30 7.50 15.60 26.70 17.70 10.20
9.90 29.10 25.50 12.00 16.80 9.60 6.90 21.00 17.40 20.10
2.10 25.80 12.60 15.00 25.50 11.70 15.00 16.20 21.90 7.20
20.70 4.50 2.10 28.50 0.90 11.40 18.30 1.80 3.30 23.40
16.80 17.10 1.20 10.20 24.60 1.50 10.80 19.50 9.30 12.30
4.80 22.80 6.90 0.60 28.20 29.10 18.00 2.10 12.30 26.10
12.30 4.20 22.20 22.80 21.60 16.80 0.30 4.20 6.90 16.50
2.10 17.10 24.90 7.80 28.80 19.50 17.10 26.40 10.80 24.90
22.20 24.00 12.30 14.40 16.50 4.20 11.40 29.40 16.20 1.50
16.20 27.90 18.90 4.80 0.90 17.40 20.40 17.10 2.10 10.20
20.10 9.30 29.70 6.00 18.90 10.50 13.50 5.70 9.30 4.80
4.50 19.80 16.50 25.80 19.50 29.10 25.50 21.60 27.00 17.10
25.50 9.00 11.10 18.60 6.00 7.20 3.90 12.30 24.90 19.80
24.90 24.60 6.90 16.20 1.20 13.80 16.50 12.00 19.50 6.90
12.60 3.30 0.30 15.00 28.50 27.30 29.40 18.60 18.30 3.90
8.70 21.30 25.20 7.80 6.00 15.90 3.60 14.10 4.50 10.50
19.20 28.20 13.80 1.20 17.10 8.70 29.10 19.50 3.00 2.40
0.90 10.50 9.30 1.20 11.40 21.60 1.80 4.20 18.30 5.10
2.70 21.30 27.90 17.70 13.80 12.90 28.20 29.70 16.50 6.00
10.50 22.80 23.70 7.20 22.80 18.60 12.90 19.50 24.30 5.40
7.20 22.80 9.60 4.20 3.00 8.10 25.80 4.20 26.10 19.80
21.60 7.80 21.30 14.70 23.70 17.10 0.60 29.70 24.30 3.00
21.00 9.30 18.00 10.50 2.10 4.20 25.20 19.50 15.00 14.40
14.10 17.40 12.60 23.40 3.60 27.60 28.20 18.60 12.90 21.30
23.40 9.30 7.20 23.10 18.00 20.70 8.40 9.00 20.10 19.20
18.00 29.40 15.30 21.60 25.50 18.30 20.40 1.80 16.20 29.10
3.30 7.80 29.40 3.00 21.90 2.40 13.50 24.00 23.70 17.70
18.00 27.60 19.20 26.10 5.40 23.40 12.90 15.60 7.80 7.50
1.50 3.30 25.50 7.20 22.50 12.90 26.70 10.50 19.20 20.10
7.20 21.60 9.30 7.80 23.10 15.90 25.80 7.50 24.90 1.50
15.60 13.80 3.30 13.80 21.30 0.60 2.40 16.20 16.80 4.50
11.70 6.00 28.50 12.00 24.90 21.60 9.60 13.20 2.40 9.90
4.20 11.40 17.40 25.80 18.90 6.90 18.60 12.00 23.40 1.80
19.50 17.10 17.10 12.00 15.60 25.50 3.30 29.70 8.10 8.10
29.70 1.50 8.40 2.40 19.80 14.70 10.80 6.30 0.30 10.20
20.70 5.70 22.80 11.70 9.00 1.80 0.90 22.20 29.10 3.60
28.80 19.50 12.00 3.30 21.30 10.20 6.90 3.00 10.50 8.40
16.20 10.50 28.80 28.80 17.10 1.80 23.70 13.80 8.70 4.50
11.10 26.70 16.20 22.20 24.90 15.30 29.70 29.70 6.60 10.80
10.50 12.30 27.30 6.60 10.20 5.10 17.10 26.40 4.80 6.60
5.70 4.50 27.00 6.60 9.30 19.80 1.20 27.30 26.10 24.60
3.00 29.70 12.30 15.00 3.30 9.30 20.70 17.10 23.70 12.90
26.40 5.70 21.60 1.80 15.00 17.40 20.70 25.50 24.60 29.10
18.30 22.20 11.10 28.50 6.60 25.20 9.00 18.60 19.50 1.80
28.50 18.90 11.40 24.90 2.10 21.00 29.70 13.80 18.60 8.40
5.40 27.60 19.20 21.00 24.60 26.10 15.30 26.40 29.70 19.50
14.70 8.70 29.40 0.30 10.20 29.70 19.80 3.30 6.60 13.50
20.70 14.10 10.80 2.40 1.50 26.40 9.90 8.10 23.70 21.90
25.80 24.00 6.00 28.20 18.60 18.00 3.90 10.50 11.10 18.90
8.40 2.10 0.90 19.50 0.90 1.20 26.70 15.00 9.30 12.30
1.80 12.90 12.30 21.00 20.40 0.60 21.90 20.40 9.00 3.60
12.00 26.70 27.90 18.30 10.50 29.70 7.80 17.40 12.00 3.30
26.40 2.70 13.20 24.00 23.70 23.70 7.50 14.10 27.90 25.50
28.20 29.70 0.90 24.60 3.00 14.70 26.40 13.20 6.60 24.60
23.40 11.40 5.70 6.90 18.00 15.90 21.00 11.10 27.30 12.30
12.90 22.80 19.80 15.30 20.10 4.80 21.60 22.80 2.40 26.10
9.30 15.60 16.50 27.60 3.00 19.20 16.80 9.00 13.20 25.20
16.20 14.40 19.80 7.50 26.10 21.60 0.30 29.40 28.50 7.50
24.00 16.50 20.40 6.90 7.50 17.70 1.80 17.10 27.90 17.70
3.30 5.10 0.30 12.00 7.20 18.60 29.10 2.10 24.90 26.70
8.10 18.90 1.50 20.70 1.20 19.80 17.10 4.50 11.40 25.80
0.90 27.60 17.70 12.60 10.80 27.60 19.20 25.20 22.20 4.50
9.60 23.10 19.20 3.90 13.20 8.40 12.00 11.70 7.20 5.10
0.60 9.30 0.30 5.10 6.60 21.60 1.20 18.60 15.00 13.20
14.70 13.20 1.50 8.10 2.40 15.00 21.30 0.30 22.50 21.30
8.10 22.80 3.30 22.20 14.70 24.00 25.20 12.30 18.00 4.50
24.30 5.40 13.80 2.10 29.10 14.40 15.00 17.70 4.50 3.00
5.40 2.10 3.00 7.50 2.40 3.60 0.30 27.60 21.90 20.40
24.90 12.00 16.80 21.90 2.70 9.60 9.00 15.30 20.40 17.40
25.20 14.10 7.50 24.30 5.40 22.80 25.20 24.60 18.90 9.90
14.70 21.90 28.50 25.20 10.20 9.90 9.90 14.70 23.70 4.20
19.20 12.30 3.60 12.00 16.20 19.50 20.70 23.40 12.00 0.90
6.00 21.00 14.40 8.40 12.60 5.40 5.70 26.10 0.60 26.70
15.60 25.80 3.30 25.80 21.00 26.40 11.10 18.00 13.50 28.20
12.60 2.40 13.50 5.10 17.70 18.00 7.50 16.50 28.20 5.70
15.30 18.90 7.50 19.80 2.40 20.10 8.10 17.10 0.90 9.90
19.80 23.10 18.60 9.90 8.70 16.20 21.30 21.00 4.80 16.50
28.50 27.30 3.60 6.00 1.80 18.30 16.50 3.30 8.70 16.50
5.40 7.20 20.10 25.20 12.60 21.60 5.70 18.60 16.50 11.10
11.10 5.70 5.10 6.90 9.90 15.00 12.90 15.90 0.90 7.80
21.00 18.90 17.70 21.90 20.10 12.60 24.00 28.50 21.60 6.60
6.60 21.60 9.00 7.50 2.10 9.00 27.90 29.10 26.10 22.50
26.10 5.10 21.90 26.10 19.20 7.20 22.80 2.70 19.20 1.20
20.10 13.80 10.20 0.60 2.10 8.10 15.60 25.50 9.90 24.60
4.50 19.80 8.10 4.50 18.00 1.80 7.80 5.10 19.20 9.00
