# nJobs | nMachines
20 20
# Job Weights
42
29
3
97
67
65
51
66
13
37
13
8
40
67
31
82
8
82
96
8
# P_bar : m1 | m2 | m3 | m4 | m5 | m6 | m7 | m8 | m9 | m10 | m11 | m12 | m13 | m14 | m15 | m16 | m17 | m18 | m19 | m20
77 52 47 40 72 90 89 91 15 34 87 47 56 68 94 57 57 12 22 99
3 83 86 56 88 70 59 42 91 18 36 40 33 87 36 79 56 72 35 78
60 50 85 42 83 23 43 79 46 67 48 49 58 7 45 74 15 17 89 42
92 2 2 73 38 28 77 6 51 15 1 23 99 21 26 21 51 91 4 88
17 9 43 98 8 50 83 56 64 34 81 3 85 91 4 69 30 75 71 54
38 48 56 74 20 33 36 13 19 64 59 84 64 39 37 39 82 60 43 50
45 68 90 49 33 42 40 66 98 71 57 4 40 25 20 41 92 20 34 54
92 37 41 32 63 69 85 74 34 5 82 40 55 77 55 76 76 23 24 83
20 57 55 48 44 36 60 21 54 82 49 36 58 58 15 84 36 83 39 36
33 19 12 57 43 80 65 7 9 84 12 13 99 96 81 20 5 93 44 41
14 59 99 71 33 37 78 7 10 38 62 90 38 65 82 7 18 41 40 80
39 20 36 65 34 25 44 29 20 91 95 57 39 1 81 40 63 99 97 45
66 25 90 73 82 87 15 23 46 55 9 3 5 83 74 26 82 74 1 14
93 64 12 19 22 41 55 11 4 1 39 3 30 57 68 28 45 54 98 96
37 92 15 12 58 34 49 36 90 4 90 66 2 4 14 93 51 10 61 45
44 6 38 20 78 54 77 50 88 71 41 74 97 36 78 81 16 61 7 65
21 24 19 29 61 51 5 91 71 49 33 28 33 77 93 25 15 40 77 17
77 29 95 39 67 52 72 10 50 31 53 80 75 94 69 82 39 96 95 27
90 6 24 38 43 90 97 81 23 18 67 59 31 11 79 60 72 18 68 77
63 64 98 28 64 22 46 87 50 44 17 39 68 41 63 25 70 85 54 54
# P_hat : m1 | m2 | m3 | m4 | m5 | m6 | m7 | m8 | m9 | m10 | m11 | m12 | m13 | m14 | m15 | m16 | m17 | m18 | m19 | m20
15.40 10.40 9.40 8.00 14.40 18.00 17.80 18.20 3.00 6.80 17.40 9.40 11.20 13.60 18.80 11.40 11.40 2.40 4.40 19.80
0.60 16.60 17.20 11.20 17.60 14.00 11.80 8.40 18.20 3.60 7.20 8.00 6.60 17.40 7.20 15.80 11.20 14.40 7.00 15.60
12.00 10.00 17.00 8.40 16.60 4.60 8.60 15.80 9.20 13.40 9.60 9.80 11.60 1.40 9.00 14.80 3.00 3.40 17.80 8.40
18.40 0.40 0.40 14.60 7.60 5.60 15.40 1.20 10.20 3.00 0.20 4.60 19.80 4.20 5.20 4.20 10.20 18.20 0.80 17.60
3.40 1.80 8.60 19.60 1.60 10.00 16.60 11.20 12.80 6.80 16.20 0.60 17.00 18.20 0.80 13.80 6.00 15.00 14.20 10.80
7.60 9.60 11.20 14.80 4.00 6.60 7.20 2.60 3.80 12.80 11.80 16.80 12.80 7.80 7.40 7.80 16.40 12.00 8.60 10.00
9.00 13.60 18.00 9.80 6.60 8.40 8.00 13.20 19.60 14.20 11.40 0.80 8.00 5.00 4.00 8.20 18.40 4.00 6.80 10.80
18.40 7.40 8.20 6.40 12.60 13.80 17.00 14.80 6.80 1.00 16.40 8.00 11.00 15.40 11.00 15.20 15.20 4.60 4.80 16.60
4.00 11.40 11.00 9.60 8.80 7.20 12.00 4.20 10.80 16.40 9.80 7.20 11.60 11.60 3.00 16.80 7.20 16.60 7.80 7.20
6.60 3.80 2.40 11.40 8.60 16.00 13.00 1.40 1.80 16.80 2.40 2.60 19.80 19.20 16.20 4.00 1.00 18.60 8.80 8.20
2.80 11.80 19.80 14.20 6.60 7.40 15.60 1.40 2.00 7.60 12.40 18.00 7.60 13.00 16.40 1.40 3.60 8.20 8.00 16.00
7.80 4.00 7.20 13.00 6.80 5.00 8.80 5.80 4.00 18.20 19.00 11.40 7.80 0.20 16.20 8.00 12.60 19.80 19.40 9.00
13.20 5.00 18.00 14.60 16.40 17.40 3.00 4.60 9.20 11.00 1.80 0.60 1.00 16.60 14.80 5.20 16.40 14.80 0.20 2.80
18.60 12.80 2.40 3.80 4.40 8.20 11.00 2.20 0.80 0.20 7.80 0.60 6.00 11.40 13.60 5.60 9.00 10.80 19.60 19.20
7.40 18.40 3.00 2.40 11.60 6.80 9.80 7.20 18.00 0.80 18.00 13.20 0.40 0.80 2.80 18.60 10.20 2.00 12.20 9.00
8.80 1.20 7.60 4.00 15.60 10.80 15.40 10.00 17.60 14.20 8.20 14.80 19.40 7.20 15.60 16.20 3.20 12.20 1.40 13.00
4.20 4.80 3.80 5.80 12.20 10.20 1.00 18.20 14.20 9.80 6.60 5.60 6.60 15.40 18.60 5.00 3.00 8.00 15.40 3.40
15.40 5.80 19.00 7.80 13.40 10.40 14.40 2.00 10.00 6.20 10.60 16.00 15.00 18.80 13.80 16.40 7.80 19.20 19.00 5.40
18.00 1.20 4.80 7.60 8.60 18.00 19.40 16.20 4.60 3.60 13.40 11.80 6.20 2.20 15.80 12.00 14.40 3.60 13.60 15.40
12.60 12.80 19.60 5.60 12.80 4.40 9.20 17.40 10.00 8.80 3.40 7.80 13.60 8.20 12.60 5.00 14.00 17.00 10.80 10.80
