# nJobs | nMachines
50 20
# Job Weights
57
62
75
70
23
48
27
57
51
87
18
56
69
4
19
94
33
71
49
17
37
76
32
37
81
35
69
20
90
70
22
56
11
18
49
11
89
30
21
76
87
6
47
42
57
85
52
33
13
20
# P_bar : m1 | m2 | m3 | m4 | m5 | m6 | m7 | m8 | m9 | m10 | m11 | m12 | m13 | m14 | m15 | m16 | m17 | m18 | m19 | m20
43 57 31 67 67 25 26 91 20 30 22 64 77 53 94 27 11 3 23 55
50 90 19 68 37 21 49 13 64 58 39 60 26 51 51 38 54 64 2 36
51 81 14 38 74 12 42 94 97 95 64 75 69 99 39 8 39 6 29 65
88 15 10 40 4 6 15 52 82 96 56 83 97 24 5 21 65 65 60 96
95 66 78 28 15 56 66 7 36 92 9 41 76 98 19 26 70 89 1 96
52 1 15 5 93 19 67 71 99 54 17 27 37 52 71 5 17 13 88 96
15 89 91 26 4 75 40 1 41 18 55 94 50 67 76 2 17 71 17 91
25 31 35 59 9 35 97 84 30 20 40 22 99 31 23 65 99 22 54 82
2 20 79 77 33 64 13 38 80 27 87 96 80 34 92 58 97 2 8 3
21 46 78 60 97 89 54 61 70 59 60 21 68 61 81 83 45 33 9 47
74 93 45 69 79 99 23 32 61 22 92 53 24 60 88 10 35 99 10 4
1 78 79 57 75 36 1 49 42 93 11 77 47 17 8 34 50 71 20 93
89 41 47 43 91 32 74 63 51 6 51 85 7 82 71 29 5 51 12 74
78 30 33 90 79 53 95 72 15 95 78 33 70 25 9 82 48 61 7 12
14 42 75 30 23 67 45 86 16 58 3 20 91 12 68 89 75 33 5 95
48 71 81 46 60 68 3 63 60 12 73 1 87 61 16 32 71 57 68 82
91 6 66 49 97 97 80 80 47 16 48 90 73 84 87 47 44 56 16 42
33 16 78 77 55 9 78 87 15 93 38 71 7 89 3 43 60 33 79 99
46 76 41 67 76 16 31 55 26 40 92 62 20 11 7 42 59 32 54 57
1 63 38 54 14 55 76 53 96 87 81 94 70 25 38 42 24 52 55 44
39 54 55 7 2 91 52 99 82 5 85 86 3 50 69 16 39 86 41 79
51 38 75 38 3 5 79 7 98 41 90 61 7 11 23 7 64 6 26 48
62 88 5 26 3 81 71 35 59 88 46 15 12 61 17 11 39 9 6 23
77 36 57 83 64 67 58 72 19 92 72 87 76 81 27 27 1 88 78 31
77 69 67 95 94 86 9 45 1 64 58 53 2 14 60 46 65 87 35 57
29 51 12 44 63 26 61 14 50 45 60 30 66 72 75 78 65 57 74 55
82 67 21 84 48 41 20 36 16 13 94 77 45 86 65 73 1 98 68 52
39 54 88 41 67 48 53 35 2 61 85 9 13 87 33 27 12 92 72 4
62 76 47 5 32 28 62 86 6 51 94 34 33 7 47 69 97 39 6 83
27 47 42 12 15 19 45 81 68 70 63 2 66 57 60 38 31 38 73 88
47 37 12 87 45 88 25 41 86 81 23 39 8 81 23 41 21 78 12 67
17 15 25 16 31 37 59 58 62 25 92 54 54 33 30 38 71 54 18 67
60 6 32 4 10 40 71 34 58 54 45 8 4 52 73 50 1 31 85 20
15 62 89 83 70 23 96 43 23 97 97 44 50 4 4 28 37 53 3 34
94 19 11 97 75 27 34 47 12 85 14 12 98 73 82 76 89 92 66 41
97 7 34 58 71 11 50 10 89 7 80 93 38 98 8 39 24 69 72 59
65 97 10 80 50 8 25 23 19 65 59 18 52 2 36 51 15 52 72 74
35 37 95 22 25 5 36 36 31 84 30 88 58 27 20 57 94 87 61 35
5 37 9 1 74 87 18 56 70 80 24 21 57 46 70 39 22 11 22 8
1 60 88 89 94 39 34 84 68 65 44 54 13 84 42 46 94 34 77 26
66 81 79 98 7 32 39 53 29 21 99 94 8 7 62 69 33 67 86 90
49 28 60 92 79 23 39 85 47 9 33 5 9 48 49 15 84 52 46 25
3 87 59 90 25 82 81 32 43 32 90 43 8 67 21 22 45 30 72 23
33 95 81 20 74 32 62 8 47 95 25 89 95 86 3 7 19 9 31 23
98 85 4 14 14 95 25 33 45 20 54 98 27 6 18 67 48 78 27 71
45 76 58 76 95 19 82 67 92 28 91 99 28 36 96 16 89 34 8 1
3 69 40 23 54 88 91 65 81 64 61 43 17 14 41 50 33 14 67 72
25 44 95 54 74 29 26 35 44 29 29 85 38 86 94 76 63 24 5 49
74 70 81 18 44 54 63 19 84 82 1 80 72 75 41 13 38 64 88 73
61 24 1 34 44 11 78 92 64 82 59 7 89 21 58 11 26 6 31 18
# P_hat : m1 | m2 | m3 | m4 | m5 | m6 | m7 | m8 | m9 | m10 | m11 | m12 | m13 | m14 | m15 | m16 | m17 | m18 | m19 | m20
12.90 17.10 9.30 20.10 20.10 7.50 7.80 27.30 6.00 9.00 6.60 19.20 23.10 15.90 28.20 8.10 3.30 0.90 6.90 16.50
15.00 27.00 5.70 20.40 11.10 6.30 14.70 3.90 19.20 17.40 11.70 18.00 7.80 15.30 15.30 11.40 16.20 19.20 0.60 10.80
15.30 24.30 4.20 11.40 22.20 3.60 12.60 28.20 29.10 28.50 19.20 22.50 20.70 29.70 11.70 2.40 11.70 1.80 8.70 19.50
26.40 4.50 3.00 12.00 1.20 1.80 4.50 15.60 24.60 28.80 16.80 24.90 29.10 7.20 1.50 6.30 19.50 19.50 18.00 28.80
28.50 19.80 23.40 8.40 4.50 16.80 19.80 2.10 10.80 27.60 2.70 12.30 22.80 29.40 5.70 7.80 21.00 26.70 0.30 28.80
15.60 0.30 4.50 1.50 27.90 5.70 20.10 21.30 29.70 16.20 5.10 8.10 11.10 15.60 21.30 1.50 5.10 3.90 26.40 28.80
4.50 26.70 27.30 7.80 1.20 22.50 12.00 0.30 12.30 5.40 16.50 28.20 15.00 20.10 22.80 0.60 5.10 21.30 5.10 27.30
7.50 9.30 10.50 17.70 2.70 10.50 29.10 25.20 9.00 6.00 12.00 6.60 29.70 9.30 6.90 19.50 29.70 6.60 16.20 24.60
0.60 6.00 23.70 23.10 9.90 19.20 3.90 11.40 24.00 8.10 26.10 28.80 24.00 10.20 27.60 17.40 29.10 0.60 2.40 0.90
6.30 13.80 23.40 18.00 29.10 26.70 16.20 18.30 21.00 17.70 18.00 6.30 20.40 18.30 24.30 24.90 13.50 9.90 2.70 14.10
22.20 27.90 13.50 20.70 23.70 29.70 6.90 9.60 18.30 6.60 27.60 15.90 7.20 18.00 26.40 3.00 10.50 29.70 3.00 1.20
0.30 23.40 23.70 17.10 22.50 10.80 0.30 14.70 12.60 27.90 3.30 23.10 14.10 5.10 2.40 10.20 15.00 21.30 6.00 27.90
26.70 12.30 14.10 12.90 27.30 9.60 22.20 18.90 15.30 1.80 15.30 25.50 2.10 24.60 21.30 8.70 1.50 15.30 3.60 22.20
23.40 9.00 9.90 27.00 23.70 15.90 28.50 21.60 4.50 28.50 23.40 9.90 21.00 7.50 2.70 24.60 14.40 18.30 2.10 3.60
4.20 12.60 22.50 9.00 6.90 20.10 13.50 25.80 4.80 17.40 0.90 6.00 27.30 3.60 20.40 26.70 22.50 9.90 1.50 28.50
14.40 21.30 24.30 13.80 18.00 20.40 0.90 18.90 18.00 3.60 21.90 0.30 26.10 18.30 4.80 9.60 21.30 17.10 20.40 24.60
27.30 1.80 19.80 14.70 29.10 29.10 24.00 24.00 14.10 4.80 14.40 27.00 21.90 25.20 26.10 14.10 13.20 16.80 4.80 12.60
9.90 4.80 23.40 23.10 16.50 2.70 23.40 26.10 4.50 27.90 11.40 21.30 2.10 26.70 0.90 12.90 18.00 9.90 23.70 29.70
13.80 22.80 12.30 20.10 22.80 4.80 9.30 16.50 7.80 12.00 27.60 18.60 6.00 3.30 2.10 12.60 17.70 9.60 16.20 17.10
0.30 18.90 11.40 16.20 4.20 16.50 22.80 15.90 28.80 26.10 24.30 28.20 21.00 7.50 11.40 12.60 7.20 15.60 16.50 13.20
11.70 16.20 16.50 2.10 0.60 27.30 15.60 29.70 24.60 1.50 25.50 25.80 0.90 15.00 20.70 4.80 11.70 25.80 12.30 23.70
15.30 11.40 22.50 11.40 0.90 1.50 23.70 2.10 29.40 12.30 27.00 18.30 2.10 3.30 6.90 2.10 19.20 1.80 7.80 14.40
18.60 26.40 1.50 7.80 0.90 24.30 21.30 10.50 17.70 26.40 13.80 4.50 3.60 18.30 5.10 3.30 11.70 2.70 1.80 6.90
23.10 10.80 17.10 24.90 19.20 20.10 17.40 21.60 5.70 27.60 21.60 26.10 22.80 24.30 8.10 8.10 0.30 26.40 23.40 9.30
23.10 20.70 20.10 28.50 28.20 25.80 2.70 13.50 0.30 19.20 17.40 15.90 0.60 4.20 18.00 13.80 19.50 26.10 10.50 17.10
8.70 15.30 3.60 13.20 18.90 7.80 18.30 4.20 15.00 13.50 18.00 9.00 19.80 21.60 22.50 23.40 19.50 17.10 22.20 16.50
24.60 20.10 6.30 25.20 14.40 12.30 6.00 10.80 4.80 3.90 28.20 23.10 13.50 25.80 19.50 21.90 0.30 29.40 20.40 15.60
11.70 16.20 26.40 12.30 20.10 14.40 15.90 10.50 0.60 18.30 25.50 2.70 3.90 26.10 9.90 8.10 3.60 27.60 21.60 1.20
18.60 22.80 14.10 1.50 9.60 8.40 18.60 25.80 1.80 15.30 28.20 10.20 9.90 2.10 14.10 20.70 29.10 11.70 1.80 24.90
8.10 14.10 12.60 3.60 4.50 5.70 13.50 24.30 20.40 21.00 18.90 0.60 19.80 17.10 18.00 11.40 9.30 11.40 21.90 26.40
14.10 11.10 3.60 26.10 13.50 26.40 7.50 12.30 25.80 24.30 6.90 11.70 2.40 24.30 6.90 12.30 6.30 23.40 3.60 20.10
5.10 4.50 7.50 4.80 9.30 11.10 17.70 17.40 18.60 7.50 27.60 16.20 16.20 9.90 9.00 11.40 21.30 16.20 5.40 20.10
18.00 1.80 9.60 1.20 3.00 12.00 21.30 10.20 17.40 16.20 13.50 2.40 1.20 15.60 21.90 15.00 0.30 9.30 25.50 6.00
4.50 18.60 26.70 24.90 21.00 6.90 28.80 12.90 6.90 29.10 29.10 13.20 15.00 1.20 1.20 8.40 11.10 15.90 0.90 10.20
28.20 5.70 3.30 29.10 22.50 8.10 10.20 14.10 3.60 25.50 4.20 3.60 29.40 21.90 24.60 22.80 26.70 27.60 19.80 12.30
29.10 2.10 10.20 17.40 21.30 3.30 15.00 3.00 26.70 2.10 24.00 27.90 11.40 29.40 2.40 11.70 7.20 20.70 21.60 17.70
19.50 29.10 3.00 24.00 15.00 2.40 7.50 6.90 5.70 19.50 17.70 5.40 15.60 0.60 10.80 15.30 4.50 15.60 21.60 22.20
10.50 11.10 28.50 6.60 7.50 1.50 10.80 10.80 9.30 25.20 9.00 26.40 17.40 8.10 6.00 17.10 28.20 26.10 18.30 10.50
1.50 11.10 2.70 0.30 22.20 26.10 5.40 16.80 21.00 24.00 7.20 6.30 17.10 13.80 21.00 11.70 6.60 3.30 6.60 2.40
0.30 18.00 26.40 26.70 28.20 11.70 10.20 25.20 20.40 19.50 13.20 16.20 3.90 25.20 12.60 13.80 28.20 10.20 23.10 7.80
19.80 24.30 23.70 29.40 2.10 9.60 11.70 15.90 8.70 6.30 29.70 28.20 2.40 2.10 18.60 20.70 9.90 20.10 25.80 27.00
14.70 8.40 18.00 27.60 23.70 6.90 11.70 25.50 14.10 2.70 9.90 1.50 2.70 14.40 14.70 4.50 25.20 15.60 13.80 7.50
0.90 26.10 17.70 27.00 7.50 24.60 24.30 9.60 12.90 9.60 27.00 12.90 2.40 20.10 6.30 6.60 13.50 9.00 21.60 6.90
9.90 28.50 24.30 6.00 22.20 9.60 18.60 2.40 14.10 28.50 7.50 26.70 28.50 25.80 0.90 2.10 5.70 2.70 9.30 6.90
29.40 25.50 1.20 4.20 4.20 28.50 7.50 9.90 13.50 6.00 16.20 29.40 8.10 1.80 5.40 20.10 14.40 23.40 8.10 21.30
13.50 22.80 17.40 22.80 28.50 5.70 24.60 20.10 27.60 8.40 27.30 29.70 8.40 10.80 28.80 4.80 26.70 10.20 2.40 0.30
0.90 20.70 12.00 6.90 16.20 26.40 27.30 19.50 24.30 19.20 18.30 12.90 5.10 4.20 12.30 15.00 9.90 4.20 20.10 21.60
7.50 13.20 28.50 16.20 22.20 8.70 7.80 10.50 13.20 8.70 8.70 25.50 11.40 25.80 28.20 22.80 18.90 7.20 1.50 14.70
22.20 21.00 24.30 5.40 13.20 16.20 18.90 5.70 25.20 24.60 0.30 24.00 21.60 22.50 12.30 3.90 11.40 19.20 26.40 21.90
18.30 7.20 0.30 10.20 13.20 3.30 23.40 27.60 19.20 24.60 17.70 2.10 26.70 6.30 17.40 3.30 7.80 1.80 9.30 5.40
