# nJobs | nMachines
200 10
# Job Weights
21
27
81
81
45
33
74
8
48
59
45
62
56
63
30
77
79
6
67
34
89
11
9
89
97
19
42
55
41
92
9
86
77
22
89
15
61
15
23
7
82
3
77
38
86
22
64
67
61
53
96
37
49
52
4
10
53
24
62
43
16
19
33
42
14
83
90
52
1
74
61
63
73
71
70
40
52
71
30
75
6
35
74
50
1
27
66
28
74
22
99
22
36
90
30
74
10
2
25
48
43
34
24
70
39
66
65
71
50
19
82
93
50
95
3
38
53
45
84
87
33
50
52
6
47
46
64
52
7
42
51
51
91
47
2
78
59
33
100
11
4
8
33
3
2
66
35
53
4
81
67
55
13
49
84
7
11
22
16
80
14
12
1
7
43
57
24
37
39
29
3
74
3
90
91
17
69
97
39
71
81
21
13
37
33
99
61
11
80
67
62
35
97
53
13
1
35
8
2
55
# P_bar : m1 | m2 | m3 | m4 | m5 | m6 | m7 | m8 | m9 | m10
91 3 26 16 53 43 43 5 26 20
23 29 31 35 53 78 7 37 50 68
99 65 7 98 66 80 16 23 93 70
12 40 88 8 74 43 2 27 73 50
22 51 75 63 76 75 19 78 76 40
38 79 15 68 6 90 96 86 46 87
26 20 37 18 76 69 38 81 81 59
67 13 10 80 95 39 90 49 9 16
57 12 13 68 11 76 72 88 53 52
2 19 57 46 15 26 80 91 30 60
73 84 68 21 54 71 21 16 30 35
71 15 91 4 47 88 77 25 66 18
54 56 32 95 94 46 55 55 75 1
75 80 28 60 55 42 94 34 32 52
65 69 98 2 63 97 67 93 60 74
28 48 4 56 56 25 73 22 47 95
85 75 77 50 74 37 20 78 26 94
43 7 28 55 93 54 25 43 23 64
40 5 24 31 34 46 1 98 79 31
66 91 54 69 8 46 43 62 36 64
35 25 13 73 62 81 78 3 99 91
84 9 91 35 52 34 61 15 99 37
47 13 69 10 11 90 9 8 53 33
37 18 55 75 50 81 22 2 11 90
65 59 13 49 27 38 43 11 90 58
11 56 98 33 73 27 23 75 14 74
81 57 13 41 87 88 10 65 81 68
32 21 74 65 7 42 22 37 60 87
23 25 46 83 31 76 3 76 86 18
77 78 99 71 63 60 82 8 5 31
17 73 50 37 83 7 80 76 44 72
46 89 50 95 79 38 47 67 84 19
41 3 26 46 19 97 59 95 95 67
85 26 22 34 6 48 96 12 15 69
74 81 5 59 36 28 28 93 75 80
82 24 79 50 31 6 50 73 72 63
87 86 33 65 28 93 8 31 78 20
62 8 41 17 19 8 43 68 74 22
49 66 78 93 80 55 94 46 51 6
93 25 15 91 5 51 78 77 87 86
99 49 78 10 77 65 87 70 50 66
84 87 40 97 5 93 52 60 48 99
45 31 23 42 25 52 6 27 70 59
98 15 68 95 13 36 44 58 62 21
50 99 55 3 87 10 37 25 84 37
77 1 64 86 8 8 11 72 81 26
25 52 11 17 92 50 6 72 52 73
10 46 42 85 89 93 32 11 7 69
69 27 86 4 21 79 70 43 35 28
53 17 16 54 56 54 16 80 93 29
39 8 96 12 49 83 63 74 71 41
62 84 67 10 75 85 39 59 74 26
75 94 97 61 59 33 18 11 81 76
81 36 34 33 70 76 4 76 94 77
24 21 48 70 68 73 32 64 44 48
99 61 55 97 36 54 21 89 33 17
78 8 59 55 9 89 75 12 94 71
6 9 14 78 9 92 3 64 62 5
70 78 86 7 25 58 77 89 57 28
75 19 54 72 2 47 2 87 89 24
22 36 19 90 73 71 53 73 67 47
18 68 60 38 73 99 17 14 5 74
87 61 55 37 32 86 93 38 15 94
37 68 1 30 60 67 57 94 72 99
17 11 28 24 25 34 78 26 79 98
20 90 59 17 12 83 27 20 56 52
84 5 70 76 15 93 3 9 87 12
7 97 51 35 75 20 67 38 14 33
84 35 67 36 56 93 26 77 46 18
79 3 55 26 35 31 67 24 68 77
29 76 20 75 78 22 64 49 90 85
22 9 56 69 15 39 70 95 84 6
29 49 4 67 35 90 47 15 23 45
44 85 30 80 22 99 34 8 10 8
74 10 33 47 10 66 58 22 64 18
2 19 67 40 34 61 56 43 45 19
23 84 52 82 28 86 74 95 54 71
83 71 24 87 49 72 93 87 57 99
79 8 66 86 26 22 84 75 34 26
91 67 18 29 29 2 75 91 28 89
17 23 92 77 66 98 89 77 51 20
80 11 5 10 19 13 64 30 35 67
39 74 58 43 33 34 46 49 82 8
64 32 65 97 9 37 12 4 21 44
30 37 67 37 92 20 52 48 34 7
73 52 80 25 98 18 97 82 46 23
7 69 27 23 35 45 29 18 21 35
53 68 82 28 73 49 49 34 86 32
98 34 49 40 91 58 25 37 15 88
88 9 8 69 69 93 5 27 16 35
92 5 53 31 35 29 30 52 93 90
31 69 18 63 92 98 8 56 21 16
46 41 31 1 79 85 10 29 55 40
92 8 2 92 74 15 66 99 1 51
14 50 17 78 90 28 61 82 52 83
51 18 74 91 90 41 80 35 5 2
77 97 4 36 58 97 52 50 23 8
65 49 53 30 99 53 16 79 54 31
8 57 48 96 27 25 80 83 31 75
32 63 18 18 90 72 88 67 56 37
53 1 52 42 49 69 80 53 11 27
52 73 41 88 19 34 50 16 87 39
87 39 23 28 57 89 24 45 46 38
88 41 87 99 4 15 83 61 70 95
44 87 6 20 7 28 10 62 25 29
20 98 44 31 5 2 59 88 63 49
89 48 47 49 36 54 51 84 87 52
69 39 54 39 89 1 75 3 12 6
73 74 84 9 87 28 66 44 23 26
49 87 31 11 75 94 6 70 40 89
93 88 33 70 38 2 26 26 22 75
7 4 44 13 19 11 86 94 31 30
62 98 25 93 83 78 50 12 79 98
4 19 2 60 64 19 6 54 4 53
54 94 56 12 98 6 87 79 47 66
55 25 72 7 85 48 18 18 73 95
46 46 41 69 84 34 65 55 54 72
37 27 9 19 89 61 48 20 44 89
47 70 87 62 38 3 46 53 45 41
43 85 79 44 52 26 54 25 48 42
20 42 63 25 75 45 70 86 39 95
61 18 40 96 50 83 9 50 76 22
32 92 87 22 77 41 79 79 67 79
85 62 23 61 41 93 81 94 26 93
93 22 3 54 19 33 71 11 75 72
23 38 35 95 91 40 91 26 70 77
73 82 92 72 14 93 80 9 89 46
12 48 55 67 12 76 88 17 49 58
76 23 6 66 82 43 44 99 50 2
38 98 80 44 33 15 33 91 63 71
13 25 27 6 58 41 66 53 73 71
85 73 77 30 8 79 6 49 52 42
79 34 99 42 97 58 77 71 49 5
22 94 63 21 99 41 13 33 81 43
81 10 92 22 27 54 79 31 7 75
75 73 89 65 1 98 99 34 83 54
7 47 16 75 1 89 22 92 70 63
27 95 24 71 15 95 60 92 77 80
87 18 23 92 50 74 30 18 39 97
96 69 52 90 25 82 95 73 61 70
45 29 62 4 85 82 40 33 58 22
94 11 72 94 40 71 55 98 48 85
12 42 36 86 26 2 17 52 34 93
39 98 2 75 93 62 51 19 58 39
59 82 71 61 17 86 24 63 48 18
19 98 62 5 39 79 85 33 29 95
12 86 9 89 72 26 94 59 38 52
85 96 40 27 74 79 4 37 8 26
99 90 93 65 9 51 21 71 88 5
81 24 3 4 66 52 84 93 29 28
5 6 13 98 79 27 91 14 74 46
17 18 34 89 77 8 7 35 70 15
17 43 54 17 10 5 36 6 7 5
30 25 29 20 7 18 41 72 64 83
36 20 71 89 62 10 62 37 26 96
73 34 67 12 30 17 54 34 58 25
87 34 59 96 99 60 65 64 85 64
44 58 77 98 40 50 63 81 65 71
37 47 64 48 44 94 89 77 44 2
12 76 19 37 86 96 81 66 84 40
97 79 63 58 86 20 90 41 56 39
47 66 15 72 97 82 35 78 54 4
7 12 36 73 60 45 91 70 25 47
91 26 53 34 91 72 69 48 93 75
24 95 8 2 87 96 29 8 37 48
76 27 39 27 6 30 76 56 61 39
76 74 38 4 16 29 40 90 16 34
65 4 8 45 6 22 60 36 75 76
97 82 48 1 46 88 28 24 49 38
32 36 56 30 36 26 4 81 82 55
99 38 96 99 87 12 22 85 50 26
83 9 68 75 66 80 91 77 86 4
70 76 47 87 43 14 70 46 5 90
17 69 95 31 15 13 66 89 63 93
88 18 43 81 33 77 41 39 24 60
42 38 54 61 85 7 23 49 32 31
63 72 58 6 55 27 13 40 98 73
54 46 79 22 73 64 58 31 1 79
10 57 3 27 53 71 54 13 95 46
3 45 36 26 35 92 66 30 14 10
5 95 9 28 46 46 6 71 26 14
75 26 78 41 81 92 3 27 25 8
92 70 28 49 57 22 60 68 8 33
13 37 34 32 18 8 71 99 96 58
27 42 12 60 43 6 54 35 23 39
13 31 72 22 84 69 39 38 75 94
35 42 22 79 95 55 69 52 95 74
63 88 54 96 41 13 8 18 9 92
4 22 54 88 81 11 85 92 21 16
46 21 16 61 31 84 72 14 70 68
60 83 18 46 46 61 63 66 16 13
44 31 76 84 39 34 56 18 7 72
88 72 94 80 64 48 1 9 96 27
64 17 56 98 36 44 38 87 54 22
13 50 31 99 37 15 88 60 50 65
82 37 97 97 94 35 94 47 19 28
67 33 18 60 15 40 55 23 62 82
33 90 72 89 7 97 87 10 56 6
64 85 12 5 93 10 82 33 95 58
19 88 83 70 61 50 31 32 56 60
# P_hat : m1 | m2 | m3 | m4 | m5 | m6 | m7 | m8 | m9 | m10
45.50 1.50 13.00 8.00 26.50 21.50 21.50 2.50 13.00 10.00
11.50 14.50 15.50 17.50 26.50 39.00 3.50 18.50 25.00 34.00
49.50 32.50 3.50 49.00 33.00 40.00 8.00 11.50 46.50 35.00
6.00 20.00 44.00 4.00 37.00 21.50 1.00 13.50 36.50 25.00
11.00 25.50 37.50 31.50 38.00 37.50 9.50 39.00 38.00 20.00
19.00 39.50 7.50 34.00 3.00 45.00 48.00 43.00 23.00 43.50
13.00 10.00 18.50 9.00 38.00 34.50 19.00 40.50 40.50 29.50
33.50 6.50 5.00 40.00 47.50 19.50 45.00 24.50 4.50 8.00
28.50 6.00 6.50 34.00 5.50 38.00 36.00 44.00 26.50 26.00
1.00 9.50 28.50 23.00 7.50 13.00 40.00 45.50 15.00 30.00
36.50 42.00 34.00 10.50 27.00 35.50 10.50 8.00 15.00 17.50
35.50 7.50 45.50 2.00 23.50 44.00 38.50 12.50 33.00 9.00
27.00 28.00 16.00 47.50 47.00 23.00 27.50 27.50 37.50 0.50
37.50 40.00 14.00 30.00 27.50 21.00 47.00 17.00 16.00 26.00
32.50 34.50 49.00 1.00 31.50 48.50 33.50 46.50 30.00 37.00
14.00 24.00 2.00 28.00 28.00 12.50 36.50 11.00 23.50 47.50
42.50 37.50 38.50 25.00 37.00 18.50 10.00 39.00 13.00 47.00
21.50 3.50 14.00 27.50 46.50 27.00 12.50 21.50 11.50 32.00
20.00 2.50 12.00 15.50 17.00 23.00 0.50 49.00 39.50 15.50
33.00 45.50 27.00 34.50 4.00 23.00 21.50 31.00 18.00 32.00
17.50 12.50 6.50 36.50 31.00 40.50 39.00 1.50 49.50 45.50
42.00 4.50 45.50 17.50 26.00 17.00 30.50 7.50 49.50 18.50
23.50 6.50 34.50 5.00 5.50 45.00 4.50 4.00 26.50 16.50
18.50 9.00 27.50 37.50 25.00 40.50 11.00 1.00 5.50 45.00
32.50 29.50 6.50 24.50 13.50 19.00 21.50 5.50 45.00 29.00
5.50 28.00 49.00 16.50 36.50 13.50 11.50 37.50 7.00 37.00
40.50 28.50 6.50 20.50 43.50 44.00 5.00 32.50 40.50 34.00
16.00 10.50 37.00 32.50 3.50 21.00 11.00 18.50 30.00 43.50
11.50 12.50 23.00 41.50 15.50 38.00 1.50 38.00 43.00 9.00
38.50 39.00 49.50 35.50 31.50 30.00 41.00 4.00 2.50 15.50
8.50 36.50 25.00 18.50 41.50 3.50 40.00 38.00 22.00 36.00
23.00 44.50 25.00 47.50 39.50 19.00 23.50 33.50 42.00 9.50
20.50 1.50 13.00 23.00 9.50 48.50 29.50 47.50 47.50 33.50
42.50 13.00 11.00 17.00 3.00 24.00 48.00 6.00 7.50 34.50
37.00 40.50 2.50 29.50 18.00 14.00 14.00 46.50 37.50 40.00
41.00 12.00 39.50 25.00 15.50 3.00 25.00 36.50 36.00 31.50
43.50 43.00 16.50 32.50 14.00 46.50 4.00 15.50 39.00 10.00
31.00 4.00 20.50 8.50 9.50 4.00 21.50 34.00 37.00 11.00
24.50 33.00 39.00 46.50 40.00 27.50 47.00 23.00 25.50 3.00
46.50 12.50 7.50 45.50 2.50 25.50 39.00 38.50 43.50 43.00
49.50 24.50 39.00 5.00 38.50 32.50 43.50 35.00 25.00 33.00
42.00 43.50 20.00 48.50 2.50 46.50 26.00 30.00 24.00 49.50
22.50 15.50 11.50 21.00 12.50 26.00 3.00 13.50 35.00 29.50
49.00 7.50 34.00 47.50 6.50 18.00 22.00 29.00 31.00 10.50
25.00 49.50 27.50 1.50 43.50 5.00 18.50 12.50 42.00 18.50
38.50 0.50 32.00 43.00 4.00 4.00 5.50 36.00 40.50 13.00
12.50 26.00 5.50 8.50 46.00 25.00 3.00 36.00 26.00 36.50
5.00 23.00 21.00 42.50 44.50 46.50 16.00 5.50 3.50 34.50
34.50 13.50 43.00 2.00 10.50 39.50 35.00 21.50 17.50 14.00
26.50 8.50 8.00 27.00 28.00 27.00 8.00 40.00 46.50 14.50
19.50 4.00 48.00 6.00 24.50 41.50 31.50 37.00 35.50 20.50
31.00 42.00 33.50 5.00 37.50 42.50 19.50 29.50 37.00 13.00
37.50 47.00 48.50 30.50 29.50 16.50 9.00 5.50 40.50 38.00
40.50 18.00 17.00 16.50 35.00 38.00 2.00 38.00 47.00 38.50
12.00 10.50 24.00 35.00 34.00 36.50 16.00 32.00 22.00 24.00
49.50 30.50 27.50 48.50 18.00 27.00 10.50 44.50 16.50 8.50
39.00 4.00 29.50 27.50 4.50 44.50 37.50 6.00 47.00 35.50
3.00 4.50 7.00 39.00 4.50 46.00 1.50 32.00 31.00 2.50
35.00 39.00 43.00 3.50 12.50 29.00 38.50 44.50 28.50 14.00
37.50 9.50 27.00 36.00 1.00 23.50 1.00 43.50 44.50 12.00
11.00 18.00 9.50 45.00 36.50 35.50 26.50 36.50 33.50 23.50
9.00 34.00 30.00 19.00 36.50 49.50 8.50 7.00 2.50 37.00
43.50 30.50 27.50 18.50 16.00 43.00 46.50 19.00 7.50 47.00
18.50 34.00 0.50 15.00 30.00 33.50 28.50 47.00 36.00 49.50
8.50 5.50 14.00 12.00 12.50 17.00 39.00 13.00 39.50 49.00
10.00 45.00 29.50 8.50 6.00 41.50 13.50 10.00 28.00 26.00
42.00 2.50 35.00 38.00 7.50 46.50 1.50 4.50 43.50 6.00
3.50 48.50 25.50 17.50 37.50 10.00 33.50 19.00 7.00 16.50
42.00 17.50 33.50 18.00 28.00 46.50 13.00 38.50 23.00 9.00
39.50 1.50 27.50 13.00 17.50 15.50 33.50 12.00 34.00 38.50
14.50 38.00 10.00 37.50 39.00 11.00 32.00 24.50 45.00 42.50
11.00 4.50 28.00 34.50 7.50 19.50 35.00 47.50 42.00 3.00
14.50 24.50 2.00 33.50 17.50 45.00 23.50 7.50 11.50 22.50
22.00 42.50 15.00 40.00 11.00 49.50 17.00 4.00 5.00 4.00
37.00 5.00 16.50 23.50 5.00 33.00 29.00 11.00 32.00 9.00
1.00 9.50 33.50 20.00 17.00 30.50 28.00 21.50 22.50 9.50
11.50 42.00 26.00 41.00 14.00 43.00 37.00 47.50 27.00 35.50
41.50 35.50 12.00 43.50 24.50 36.00 46.50 43.50 28.50 49.50
39.50 4.00 33.00 43.00 13.00 11.00 42.00 37.50 17.00 13.00
45.50 33.50 9.00 14.50 14.50 1.00 37.50 45.50 14.00 44.50
8.50 11.50 46.00 38.50 33.00 49.00 44.50 38.50 25.50 10.00
40.00 5.50 2.50 5.00 9.50 6.50 32.00 15.00 17.50 33.50
19.50 37.00 29.00 21.50 16.50 17.00 23.00 24.50 41.00 4.00
32.00 16.00 32.50 48.50 4.50 18.50 6.00 2.00 10.50 22.00
15.00 18.50 33.50 18.50 46.00 10.00 26.00 24.00 17.00 3.50
36.50 26.00 40.00 12.50 49.00 9.00 48.50 41.00 23.00 11.50
3.50 34.50 13.50 11.50 17.50 22.50 14.50 9.00 10.50 17.50
26.50 34.00 41.00 14.00 36.50 24.50 24.50 17.00 43.00 16.00
49.00 17.00 24.50 20.00 45.50 29.00 12.50 18.50 7.50 44.00
44.00 4.50 4.00 34.50 34.50 46.50 2.50 13.50 8.00 17.50
46.00 2.50 26.50 15.50 17.50 14.50 15.00 26.00 46.50 45.00
15.50 34.50 9.00 31.50 46.00 49.00 4.00 28.00 10.50 8.00
23.00 20.50 15.50 0.50 39.50 42.50 5.00 14.50 27.50 20.00
46.00 4.00 1.00 46.00 37.00 7.50 33.00 49.50 0.50 25.50
7.00 25.00 8.50 39.00 45.00 14.00 30.50 41.00 26.00 41.50
25.50 9.00 37.00 45.50 45.00 20.50 40.00 17.50 2.50 1.00
38.50 48.50 2.00 18.00 29.00 48.50 26.00 25.00 11.50 4.00
32.50 24.50 26.50 15.00 49.50 26.50 8.00 39.50 27.00 15.50
4.00 28.50 24.00 48.00 13.50 12.50 40.00 41.50 15.50 37.50
16.00 31.50 9.00 9.00 45.00 36.00 44.00 33.50 28.00 18.50
26.50 0.50 26.00 21.00 24.50 34.50 40.00 26.50 5.50 13.50
26.00 36.50 20.50 44.00 9.50 17.00 25.00 8.00 43.50 19.50
43.50 19.50 11.50 14.00 28.50 44.50 12.00 22.50 23.00 19.00
44.00 20.50 43.50 49.50 2.00 7.50 41.50 30.50 35.00 47.50
22.00 43.50 3.00 10.00 3.50 14.00 5.00 31.00 12.50 14.50
10.00 49.00 22.00 15.50 2.50 1.00 29.50 44.00 31.50 24.50
44.50 24.00 23.50 24.50 18.00 27.00 25.50 42.00 43.50 26.00
34.50 19.50 27.00 19.50 44.50 0.50 37.50 1.50 6.00 3.00
36.50 37.00 42.00 4.50 43.50 14.00 33.00 22.00 11.50 13.00
24.50 43.50 15.50 5.50 37.50 47.00 3.00 35.00 20.00 44.50
46.50 44.00 16.50 35.00 19.00 1.00 13.00 13.00 11.00 37.50
3.50 2.00 22.00 6.50 9.50 5.50 43.00 47.00 15.50 15.00
31.00 49.00 12.50 46.50 41.50 39.00 25.00 6.00 39.50 49.00
2.00 9.50 1.00 30.00 32.00 9.50 3.00 27.00 2.00 26.50
27.00 47.00 28.00 6.00 49.00 3.00 43.50 39.50 23.50 33.00
27.50 12.50 36.00 3.50 42.50 24.00 9.00 9.00 36.50 47.50
23.00 23.00 20.50 34.50 42.00 17.00 32.50 27.50 27.00 36.00
18.50 13.50 4.50 9.50 44.50 30.50 24.00 10.00 22.00 44.50
23.50 35.00 43.50 31.00 19.00 1.50 23.00 26.50 22.50 20.50
21.50 42.50 39.50 22.00 26.00 13.00 27.00 12.50 24.00 21.00
10.00 21.00 31.50 12.50 37.50 22.50 35.00 43.00 19.50 47.50
30.50 9.00 20.00 48.00 25.00 41.50 4.50 25.00 38.00 11.00
16.00 46.00 43.50 11.00 38.50 20.50 39.50 39.50 33.50 39.50
42.50 31.00 11.50 30.50 20.50 46.50 40.50 47.00 13.00 46.50
46.50 11.00 1.50 27.00 9.50 16.50 35.50 5.50 37.50 36.00
11.50 19.00 17.50 47.50 45.50 20.00 45.50 13.00 35.00 38.50
36.50 41.00 46.00 36.00 7.00 46.50 40.00 4.50 44.50 23.00
6.00 24.00 27.50 33.50 6.00 38.00 44.00 8.50 24.50 29.00
38.00 11.50 3.00 33.00 41.00 21.50 22.00 49.50 25.00 1.00
19.00 49.00 40.00 22.00 16.50 7.50 16.50 45.50 31.50 35.50
6.50 12.50 13.50 3.00 29.00 20.50 33.00 26.50 36.50 35.50
42.50 36.50 38.50 15.00 4.00 39.50 3.00 24.50 26.00 21.00
39.50 17.00 49.50 21.00 48.50 29.00 38.50 35.50 24.50 2.50
11.00 47.00 31.50 10.50 49.50 20.50 6.50 16.50 40.50 21.50
40.50 5.00 46.00 11.00 13.50 27.00 39.50 15.50 3.50 37.50
37.50 36.50 44.50 32.50 0.50 49.00 49.50 17.00 41.50 27.00
3.50 23.50 8.00 37.50 0.50 44.50 11.00 46.00 35.00 31.50
13.50 47.50 12.00 35.50 7.50 47.50 30.00 46.00 38.50 40.00
43.50 9.00 11.50 46.00 25.00 37.00 15.00 9.00 19.50 48.50
48.00 34.50 26.00 45.00 12.50 41.00 47.50 36.50 30.50 35.00
22.50 14.50 31.00 2.00 42.50 41.00 20.00 16.50 29.00 11.00
47.00 5.50 36.00 47.00 20.00 35.50 27.50 49.00 24.00 42.50
6.00 21.00 18.00 43.00 13.00 1.00 8.50 26.00 17.00 46.50
19.50 49.00 1.00 37.50 46.50 31.00 25.50 9.50 29.00 19.50
29.50 41.00 35.50 30.50 8.50 43.00 12.00 31.50 24.00 9.00
9.50 49.00 31.00 2.50 19.50 39.50 42.50 16.50 14.50 47.50
6.00 43.00 4.50 44.50 36.00 13.00 47.00 29.50 19.00 26.00
42.50 48.00 20.00 13.50 37.00 39.50 2.00 18.50 4.00 13.00
49.50 45.00 46.50 32.50 4.50 25.50 10.50 35.50 44.00 2.50
40.50 12.00 1.50 2.00 33.00 26.00 42.00 46.50 14.50 14.00
2.50 3.00 6.50 49.00 39.50 13.50 45.50 7.00 37.00 23.00
8.50 9.00 17.00 44.50 38.50 4.00 3.50 17.50 35.00 7.50
8.50 21.50 27.00 8.50 5.00 2.50 18.00 3.00 3.50 2.50
15.00 12.50 14.50 10.00 3.50 9.00 20.50 36.00 32.00 41.50
18.00 10.00 35.50 44.50 31.00 5.00 31.00 18.50 13.00 48.00
36.50 17.00 33.50 6.00 15.00 8.50 27.00 17.00 29.00 12.50
43.50 17.00 29.50 48.00 49.50 30.00 32.50 32.00 42.50 32.00
22.00 29.00 38.50 49.00 20.00 25.00 31.50 40.50 32.50 35.50
18.50 23.50 32.00 24.00 22.00 47.00 44.50 38.50 22.00 1.00
6.00 38.00 9.50 18.50 43.00 48.00 40.50 33.00 42.00 20.00
48.50 39.50 31.50 29.00 43.00 10.00 45.00 20.50 28.00 19.50
23.50 33.00 7.50 36.00 48.50 41.00 17.50 39.00 27.00 2.00
3.50 6.00 18.00 36.50 30.00 22.50 45.50 35.00 12.50 23.50
45.50 13.00 26.50 17.00 45.50 36.00 34.50 24.00 46.50 37.50
12.00 47.50 4.00 1.00 43.50 48.00 14.50 4.00 18.50 24.00
38.00 13.50 19.50 13.50 3.00 15.00 38.00 28.00 30.50 19.50
38.00 37.00 19.00 2.00 8.00 14.50 20.00 45.00 8.00 17.00
32.50 2.00 4.00 22.50 3.00 11.00 30.00 18.00 37.50 38.00
48.50 41.00 24.00 0.50 23.00 44.00 14.00 12.00 24.50 19.00
16.00 18.00 28.00 15.00 18.00 13.00 2.00 40.50 41.00 27.50
49.50 19.00 48.00 49.50 43.50 6.00 11.00 42.50 25.00 13.00
41.50 4.50 34.00 37.50 33.00 40.00 45.50 38.50 43.00 2.00
35.00 38.00 23.50 43.50 21.50 7.00 35.00 23.00 2.50 45.00
8.50 34.50 47.50 15.50 7.50 6.50 33.00 44.50 31.50 46.50
44.00 9.00 21.50 40.50 16.50 38.50 20.50 19.50 12.00 30.00
21.00 19.00 27.00 30.50 42.50 3.50 11.50 24.50 16.00 15.50
31.50 36.00 29.00 3.00 27.50 13.50 6.50 20.00 49.00 36.50
27.00 23.00 39.50 11.00 36.50 32.00 29.00 15.50 0.50 39.50
5.00 28.50 1.50 13.50 26.50 35.50 27.00 6.50 47.50 23.00
1.50 22.50 18.00 13.00 17.50 46.00 33.00 15.00 7.00 5.00
2.50 47.50 4.50 14.00 23.00 23.00 3.00 35.50 13.00 7.00
37.50 13.00 39.00 20.50 40.50 46.00 1.50 13.50 12.50 4.00
46.00 35.00 14.00 24.50 28.50 11.00 30.00 34.00 4.00 16.50
6.50 18.50 17.00 16.00 9.00 4.00 35.50 49.50 48.00 29.00
13.50 21.00 6.00 30.00 21.50 3.00 27.00 17.50 11.50 19.50
6.50 15.50 36.00 11.00 42.00 34.50 19.50 19.00 37.50 47.00
17.50 21.00 11.00 39.50 47.50 27.50 34.50 26.00 47.50 37.00
31.50 44.00 27.00 48.00 20.50 6.50 4.00 9.00 4.50 46.00
2.00 11.00 27.00 44.00 40.50 5.50 42.50 46.00 10.50 8.00
23.00 10.50 8.00 30.50 15.50 42.00 36.00 7.00 35.00 34.00
30.00 41.50 9.00 23.00 23.00 30.50 31.50 33.00 8.00 6.50
22.00 15.50 38.00 42.00 19.50 17.00 28.00 9.00 3.50 36.00
44.00 36.00 47.00 40.00 32.00 24.00 0.50 4.50 48.00 13.50
32.00 8.50 28.00 49.00 18.00 22.00 19.00 43.50 27.00 11.00
6.50 25.00 15.50 49.50 18.50 7.50 44.00 30.00 25.00 32.50
41.00 18.50 48.50 48.50 47.00 17.50 47.00 23.50 9.50 14.00
33.50 16.50 9.00 30.00 7.50 20.00 27.50 11.50 31.00 41.00
16.50 45.00 36.00 44.50 3.50 48.50 43.50 5.00 28.00 3.00
32.00 42.50 6.00 2.50 46.50 5.00 41.00 16.50 47.50 29.00
9.50 44.00 41.50 35.00 30.50 25.00 15.50 16.00 28.00 30.00
