# nJobs | nMachines
50 10
# Job Weights
21
27
86
79
69
39
59
47
39
81
51
67
48
7
73
62
51
8
31
36
95
62
85
8
29
24
42
13
62
13
41
48
23
40
68
57
69
7
23
15
32
24
64
76
98
4
59
4
55
98
# P_bar : m1 | m2 | m3 | m4 | m5 | m6 | m7 | m8 | m9 | m10
56 13 24 36 39 26 67 73 53 97
78 78 79 31 33 37 44 48 81 80
92 8 83 87 9 18 73 89 50 16
66 69 40 52 67 42 89 44 4 40
30 42 97 20 41 47 53 56 36 45
26 11 36 86 61 26 57 87 76 64
16 70 61 70 17 30 60 89 10 36
48 21 48 78 76 62 52 72 8 44
30 53 24 99 31 41 42 67 17 98
97 88 71 76 39 59 80 65 28 82
54 2 75 56 25 14 42 97 3 66
62 69 2 71 9 96 45 45 80 69
23 37 26 45 69 31 37 2 14 44
43 78 13 10 75 19 73 68 6 55
21 69 68 34 42 22 44 39 32 68
98 97 32 81 53 80 73 6 20 84
19 53 58 77 26 57 5 24 17 77
17 51 84 92 29 88 78 88 67 77
80 31 19 34 15 73 89 96 67 28
56 76 10 35 41 94 20 17 52 45
32 3 6 5 32 49 94 11 39 9
86 20 79 28 24 7 82 67 93 23
85 32 69 73 63 33 42 81 46 23
88 29 37 65 23 56 31 99 76 28
77 36 13 71 95 81 1 22 78 19
15 34 35 47 88 38 9 26 87 91
48 89 97 98 40 13 5 1 16 75
11 43 45 7 25 14 51 23 19 6
33 48 72 42 12 62 21 41 82 60
72 68 80 71 12 58 31 38 80 12
69 52 24 54 9 5 54 36 28 61
74 39 30 7 69 9 1 50 97 35
48 12 89 90 28 91 3 59 60 81
50 50 72 14 78 16 4 92 8 51
41 48 85 15 1 38 58 55 40 94
88 50 17 63 23 7 30 78 44 57
50 73 35 19 79 94 10 77 72 65
13 99 13 90 25 43 55 25 97 5
74 10 80 72 15 66 6 25 10 26
16 89 50 66 18 94 23 20 4 34
91 13 4 58 3 54 29 87 15 61
40 85 60 60 80 12 63 32 95 63
59 50 55 66 41 34 71 12 4 72
28 52 82 11 15 80 91 52 63 14
61 39 5 83 94 6 94 33 68 43
34 60 93 9 96 72 68 90 28 3
7 89 38 85 6 40 46 81 50 94
22 91 75 68 52 38 12 40 31 54
63 76 40 79 59 36 89 67 38 13
69 28 46 94 51 86 50 84 65 89
# P_hat : m1 | m2 | m3 | m4 | m5 | m6 | m7 | m8 | m9 | m10
28.00 6.50 12.00 18.00 19.50 13.00 33.50 36.50 26.50 48.50
39.00 39.00 39.50 15.50 16.50 18.50 22.00 24.00 40.50 40.00
46.00 4.00 41.50 43.50 4.50 9.00 36.50 44.50 25.00 8.00
33.00 34.50 20.00 26.00 33.50 21.00 44.50 22.00 2.00 20.00
15.00 21.00 48.50 10.00 20.50 23.50 26.50 28.00 18.00 22.50
13.00 5.50 18.00 43.00 30.50 13.00 28.50 43.50 38.00 32.00
8.00 35.00 30.50 35.00 8.50 15.00 30.00 44.50 5.00 18.00
24.00 10.50 24.00 39.00 38.00 31.00 26.00 36.00 4.00 22.00
15.00 26.50 12.00 49.50 15.50 20.50 21.00 33.50 8.50 49.00
48.50 44.00 35.50 38.00 19.50 29.50 40.00 32.50 14.00 41.00
27.00 1.00 37.50 28.00 12.50 7.00 21.00 48.50 1.50 33.00
31.00 34.50 1.00 35.50 4.50 48.00 22.50 22.50 40.00 34.50
11.50 18.50 13.00 22.50 34.50 15.50 18.50 1.00 7.00 22.00
21.50 39.00 6.50 5.00 37.50 9.50 36.50 34.00 3.00 27.50
10.50 34.50 34.00 17.00 21.00 11.00 22.00 19.50 16.00 34.00
49.00 48.50 16.00 40.50 26.50 40.00 36.50 3.00 10.00 42.00
9.50 26.50 29.00 38.50 13.00 28.50 2.50 12.00 8.50 38.50
8.50 25.50 42.00 46.00 14.50 44.00 39.00 44.00 33.50 38.50
40.00 15.50 9.50 17.00 7.50 36.50 44.50 48.00 33.50 14.00
28.00 38.00 5.00 17.50 20.50 47.00 10.00 8.50 26.00 22.50
16.00 1.50 3.00 2.50 16.00 24.50 47.00 5.50 19.50 4.50
43.00 10.00 39.50 14.00 12.00 3.50 41.00 33.50 46.50 11.50
42.50 16.00 34.50 36.50 31.50 16.50 21.00 40.50 23.00 11.50
44.00 14.50 18.50 32.50 11.50 28.00 15.50 49.50 38.00 14.00
38.50 18.00 6.50 35.50 47.50 40.50 0.50 11.00 39.00 9.50
7.50 17.00 17.50 23.50 44.00 19.00 4.50 13.00 43.50 45.50
24.00 44.50 48.50 49.00 20.00 6.50 2.50 0.50 8.00 37.50
5.50 21.50 22.50 3.50 12.50 7.00 25.50 11.50 9.50 3.00
16.50 24.00 36.00 21.00 6.00 31.00 10.50 20.50 41.00 30.00
36.00 34.00 40.00 35.50 6.00 29.00 15.50 19.00 40.00 6.00
34.50 26.00 12.00 27.00 4.50 2.50 27.00 18.00 14.00 30.50
37.00 19.50 15.00 3.50 34.50 4.50 0.50 25.00 48.50 17.50
24.00 6.00 44.50 45.00 14.00 45.50 1.50 29.50 30.00 40.50
25.00 25.00 36.00 7.00 39.00 8.00 2.00 46.00 4.00 25.50
20.50 24.00 42.50 7.50 0.50 19.00 29.00 27.50 20.00 47.00
44.00 25.00 8.50 31.50 11.50 3.50 15.00 39.00 22.00 28.50
25.00 36.50 17.50 9.50 39.50 47.00 5.00 38.50 36.00 32.50
6.50 49.50 6.50 45.00 12.50 21.50 27.50 12.50 48.50 2.50
37.00 5.00 40.00 36.00 7.50 33.00 3.00 12.50 5.00 13.00
8.00 44.50 25.00 33.00 9.00 47.00 11.50 10.00 2.00 17.00
45.50 6.50 2.00 29.00 1.50 27.00 14.50 43.50 7.50 30.50
20.00 42.50 30.00 30.00 40.00 6.00 31.50 16.00 47.50 31.50
29.50 25.00 27.50 33.00 20.50 17.00 35.50 6.00 2.00 36.00
14.00 26.00 41.00 5.50 7.50 40.00 45.50 26.00 31.50 7.00
30.50 19.50 2.50 41.50 47.00 3.00 47.00 16.50 34.00 21.50
17.00 30.00 46.50 4.50 48.00 36.00 34.00 45.00 14.00 1.50
3.50 44.50 19.00 42.50 3.00 20.00 23.00 40.50 25.00 47.00
11.00 45.50 37.50 34.00 26.00 19.00 6.00 20.00 15.50 27.00
31.50 38.00 20.00 39.50 29.50 18.00 44.50 33.50 19.00 6.50
34.50 14.00 23.00 47.00 25.50 43.00 25.00 42.00 32.50 44.50
