# nJobs | nMachines
20 10
# Job Weights
91
4
55
48
74
82
6
13
63
83
96
46
55
93
83
80
92
53
11
67
# P_bar : m1 | m2 | m3 | m4 | m5 | m6 | m7 | m8 | m9 | m10
94 3 39 1 63 86 44 19 55 67
43 18 23 92 96 36 25 82 46 66
6 43 28 83 50 19 85 12 68 66
47 41 31 43 12 71 86 70 15 32
45 83 86 3 15 8 73 6 55 8
51 62 19 3 11 77 58 64 74 30
73 27 85 51 33 8 95 3 42 92
49 75 90 5 7 6 13 4 40 40
31 52 77 38 4 40 50 29 88 13
58 58 4 37 58 39 39 43 68 79
19 18 85 44 27 24 24 40 67 19
36 1 81 66 7 82 55 77 67 29
54 61 9 31 7 69 58 88 8 27
75 67 52 8 54 82 79 74 13 18
7 55 67 79 31 39 42 13 74 42
5 72 77 42 94 52 98 13 47 86
82 16 45 85 25 85 44 17 3 30
20 12 7 92 8 48 16 45 95 41
31 87 21 89 61 22 13 2 36 27
32 21 26 29 51 57 74 22 46 50
# P_hat : m1 | m2 | m3 | m4 | m5 | m6 | m7 | m8 | m9 | m10
47.00 1.50 19.50 0.50 31.50 43.00 22.00 9.50 27.50 33.50
21.50 9.00 11.50 46.00 48.00 18.00 12.50 41.00 23.00 33.00
3.00 21.50 14.00 41.50 25.00 9.50 42.50 6.00 34.00 33.00
23.50 20.50 15.50 21.50 6.00 35.50 43.00 35.00 7.50 16.00
22.50 41.50 43.00 1.50 7.50 4.00 36.50 3.00 27.50 4.00
25.50 31.00 9.50 1.50 5.50 38.50 29.00 32.00 37.00 15.00
36.50 13.50 42.50 25.50 16.50 4.00 47.50 1.50 21.00 46.00
24.50 37.50 45.00 2.50 3.50 3.00 6.50 2.00 20.00 20.00
15.50 26.00 38.50 19.00 2.00 20.00 25.00 14.50 44.00 6.50
29.00 29.00 2.00 18.50 29.00 19.50 19.50 21.50 34.00 39.50
9.50 9.00 42.50 22.00 13.50 12.00 12.00 20.00 33.50 9.50
18.00 0.50 40.50 33.00 3.50 41.00 27.50 38.50 33.50 14.50
27.00 30.50 4.50 15.50 3.50 34.50 29.00 44.00 4.00 13.50
37.50 33.50 26.00 4.00 27.00 41.00 39.50 37.00 6.50 9.00
3.50 27.50 33.50 39.50 15.50 19.50 21.00 6.50 37.00 21.00
2.50 36.00 38.50 21.00 47.00 26.00 49.00 6.50 23.50 43.00
41.00 8.00 22.50 42.50 12.50 42.50 22.00 8.50 1.50 15.00
10.00 6.00 3.50 46.00 4.00 24.00 8.00 22.50 47.50 20.50
15.50 43.50 10.50 44.50 30.50 11.00 6.50 1.00 18.00 13.50
16.00 10.50 13.00 14.50 25.50 28.50 37.00 11.00 23.00 25.00
