# nJobs | nMachines
20 5
# Job Weights
35
14
80
27
99
14
21
19
44
78
53
44
78
77
73
4
81
77
16
66
# P_bar : m1 | m2 | m3 | m4 | m5
37 59 65 70 94
36 16 94 3 98
1 90 96 43 63
4 3 47 14 83
64 76 35 26 19
74 74 34 83 79
32 22 84 26 54
67 30 3 65 78
73 89 60 47 29
7 61 34 94 8
78 39 70 75 38
64 15 57 30 97
98 69 8 1 61
60 57 74 71 10
89 9 13 46 37
49 13 37 87 16
2 71 87 78 78
79 2 71 76 96
79 34 89 75 9
53 49 57 55 91
# P_hat : m1 | m2 | m3 | m4 | m5
7.40 11.80 13.00 14.00 18.80
7.20 3.20 18.80 0.60 19.60
0.20 18.00 19.20 8.60 12.60
0.80 0.60 9.40 2.80 16.60
12.80 15.20 7.00 5.20 3.80
14.80 14.80 6.80 16.60 15.80
6.40 4.40 16.80 5.20 10.80
13.40 6.00 0.60 13.00 15.60
14.60 17.80 12.00 9.40 5.80
1.40 12.20 6.80 18.80 1.60
15.60 7.80 14.00 15.00 7.60
12.80 3.00 11.40 6.00 19.40
19.60 13.80 1.60 0.20 12.20
12.00 11.40 14.80 14.20 2.00
17.80 1.80 2.60 9.20 7.40
9.80 2.60 7.40 17.40 3.20
0.40 14.20 17.40 15.60 15.60
15.80 0.40 14.20 15.20 19.20
15.80 6.80 17.80 15.00 1.80
10.60 9.80 11.40 11.00 18.20
