# nJobs | nMachines
100 20
# Job Weights
37
28
53
85
13
47
25
15
7
26
70
30
11
89
42
31
45
36
72
77
28
53
62
23
20
43
27
14
34
19
54
44
4
86
46
87
61
1
93
70
71
95
45
58
76
69
73
78
51
72
27
66
62
38
21
12
60
44
3
90
94
29
43
85
76
74
7
46
2
37
10
88
42
45
44
61
58
40
100
4
12
27
84
30
92
37
39
28
50
50
81
83
45
20
45
6
21
5
41
25
# P_bar : m1 | m2 | m3 | m4 | m5 | m6 | m7 | m8 | m9 | m10 | m11 | m12 | m13 | m14 | m15 | m16 | m17 | m18 | m19 | m20
28 54 92 60 44 27 67 74 67 58 39 10 20 96 34 87 45 62 15 29
25 54 47 59 12 70 15 39 23 59 18 22 29 20 62 47 25 61 94 41
61 63 70 50 19 48 52 70 25 41 75 6 50 20 86 11 46 2 8 93
9 93 22 9 86 24 36 78 92 23 33 39 6 25 58 84 38 67 91 48
69 38 31 17 17 73 83 72 50 18 91 59 49 82 5 54 26 9 7 35
77 71 11 53 49 82 78 70 8 30 20 27 95 1 41 88 37 41 47 75
21 28 69 7 61 14 42 29 78 39 2 42 38 3 38 83 28 30 61 36
40 94 72 43 81 32 27 69 46 54 91 27 34 76 84 3 68 94 40 8
98 46 44 61 37 50 90 94 3 9 18 3 71 37 67 39 68 17 49 49
65 31 64 61 10 69 11 28 44 65 6 79 50 75 62 13 17 98 43 51
54 11 95 80 48 98 14 38 84 72 2 34 83 73 73 33 49 49 96 22
75 46 99 1 9 59 97 55 21 90 40 77 45 80 77 58 85 45 84 83
57 35 88 37 49 45 91 75 48 31 10 92 48 59 11 46 69 16 44 54
49 99 83 84 49 66 50 43 15 27 48 97 65 63 10 32 49 85 89 59
13 30 38 47 56 66 10 82 76 28 65 27 46 51 20 87 41 39 68 61
31 73 13 18 44 43 64 15 11 66 67 68 24 66 93 67 29 38 95 34
76 60 9 41 11 17 90 55 80 5 36 29 44 90 40 52 5 13 94 45
94 30 92 26 86 69 27 91 82 45 83 36 76 58 80 24 87 61 54 4
28 7 74 89 29 66 69 96 2 31 14 21 42 24 5 18 73 52 40 87
42 63 28 54 71 64 23 74 84 10 84 37 51 69 37 60 52 63 30 61
81 43 23 5 23 90 60 30 90 67 65 24 9 7 33 71 94 83 21 96
97 29 33 27 15 60 7 68 8 21 1 53 56 74 70 50 56 60 49 9
33 96 44 80 62 31 95 14 61 25 77 26 17 48 32 68 94 46 3 99
5 25 77 42 73 36 56 36 53 14 35 45 39 61 15 42 44 56 17 39
88 73 62 46 84 25 89 74 84 9 42 99 79 33 28 41 55 70 72 83
29 19 59 93 93 89 14 83 2 4 99 8 27 66 99 50 41 55 84 14
99 65 53 13 38 5 78 43 86 8 82 53 39 25 50 31 21 75 98 37
77 98 13 53 60 32 48 78 91 19 26 33 62 31 86 69 3 42 23 86
51 93 75 33 35 48 11 48 67 64 39 24 57 1 82 10 90 62 42 49
39 52 67 88 83 47 16 72 86 35 18 77 56 73 85 42 32 85 16 84
54 62 97 40 56 73 61 64 92 53 74 78 13 89 28 29 76 51 80 21
90 84 25 89 61 8 76 83 95 81 75 96 32 83 68 96 20 16 30 78
30 27 36 89 85 51 35 61 29 93 46 71 88 87 85 27 28 31 12 93
54 15 85 73 40 24 32 31 24 22 88 78 18 16 98 43 32 44 65 5
76 17 96 9 77 51 63 16 79 26 63 4 52 56 18 31 5 58 24 14
65 86 77 88 67 68 33 6 30 20 25 8 73 29 51 61 57 92 7 23
10 18 34 94 58 97 34 72 97 61 76 11 10 22 74 45 30 23 40 73
70 83 24 69 41 49 4 25 9 2 85 65 63 71 79 26 70 66 70 76
78 69 82 72 99 32 97 85 32 97 56 68 1 92 97 7 95 88 93 79
29 33 39 83 96 88 34 89 35 2 24 53 58 11 19 28 75 88 49 22
59 8 36 60 3 59 58 68 35 47 50 6 66 29 92 63 39 96 89 94
16 27 13 43 36 96 59 83 40 23 43 36 25 26 87 23 26 53 17 68
13 43 6 87 33 45 51 14 82 27 68 73 14 82 69 33 92 1 95 39
29 92 8 53 8 49 7 55 17 21 42 27 31 4 42 93 10 56 33 50
64 33 26 10 40 73 54 97 96 36 49 72 3 38 3 67 32 37 68 31
69 26 2 79 43 91 8 3 36 62 93 9 85 64 12 89 53 82 97 30
4 68 52 59 16 4 42 16 60 29 78 18 20 90 81 75 62 24 73 38
1 44 41 71 75 79 94 89 88 17 43 26 89 54 97 50 35 44 8 43
95 78 20 65 15 35 26 14 12 3 36 16 15 6 26 65 45 15 68 40
16 37 53 25 81 37 69 1 76 70 51 64 50 85 77 9 27 16 54 56
30 81 45 36 43 42 35 6 94 14 45 37 44 58 69 56 88 15 95 31
40 74 70 88 88 95 19 96 78 44 72 53 3 7 67 12 35 81 6 23
92 75 51 37 23 84 94 8 22 73 74 87 12 94 4 36 53 56 1 85
77 7 83 7 1 53 26 13 74 89 36 68 73 5 68 19 13 35 43 94
67 23 54 11 4 27 93 32 2 71 35 64 61 6 51 50 7 27 19 55
93 24 62 61 10 61 88 64 99 21 41 47 34 5 49 60 74 43 48 94
80 21 68 66 2 79 81 67 74 90 36 72 52 71 18 69 5 65 38 78
88 73 43 15 39 15 2 20 51 28 3 85 37 94 24 32 77 18 17 81
48 27 28 47 97 64 78 37 77 36 13 89 61 59 49 17 91 91 50 34
7 91 28 8 11 63 31 63 61 13 24 94 27 51 73 64 77 5 97 77
96 8 62 50 28 83 60 63 53 85 34 31 28 6 79 64 53 72 76 77
33 47 56 47 27 45 44 94 29 82 34 86 24 79 81 40 74 25 41 56
8 65 79 4 19 14 51 97 97 57 22 1 35 30 92 31 68 3 98 47
40 36 15 74 6 71 99 74 28 1 17 40 26 61 57 59 39 15 94 3
4 87 53 4 50 89 70 23 84 72 14 21 32 83 39 82 95 62 77 65
55 5 70 11 3 56 3 34 87 7 17 10 48 89 15 6 32 35 9 17
43 91 90 69 61 55 44 8 31 25 60 72 16 96 56 26 57 7 81 21
73 17 86 52 52 6 30 64 2 97 44 21 30 54 36 43 48 43 53 81
90 82 23 17 91 74 75 99 19 90 99 97 3 85 31 34 43 57 75 72
68 26 94 61 53 4 35 78 33 51 64 96 69 88 60 48 9 39 40 30
79 89 2 29 5 90 1 11 26 28 55 15 42 46 89 68 66 8 48 44
50 73 73 39 64 73 99 90 22 83 67 66 14 80 64 74 15 31 30 13
62 90 13 67 69 34 57 61 28 91 78 51 56 19 36 86 64 42 49 90
47 10 59 28 99 16 18 38 25 80 12 10 45 67 72 51 45 6 66 77
22 63 30 22 32 10 85 30 29 9 96 55 61 8 42 43 86 5 56 22
54 81 47 90 43 7 16 61 6 59 13 8 58 78 19 18 56 79 39 75
94 1 62 51 99 14 17 76 16 27 53 22 30 58 67 27 71 56 68 87
23 51 22 66 29 11 62 69 51 69 70 72 31 41 78 57 62 20 69 24
14 65 73 58 73 52 77 97 47 2 80 23 44 51 12 59 71 85 32 83
60 24 22 63 14 5 62 45 26 41 52 45 51 74 57 33 78 94 70 21
13 22 46 43 79 50 51 38 44 81 77 90 17 70 26 21 13 94 49 41
22 98 81 77 54 48 6 36 83 8 17 75 94 38 28 98 73 80 70 22
57 93 13 93 46 43 49 3 66 24 79 42 85 24 57 96 40 58 54 40
23 99 38 8 33 11 45 30 78 82 51 92 3 52 74 79 4 63 60 33
97 72 31 29 87 99 88 26 60 35 77 57 59 17 8 91 29 60 28 73
11 57 83 98 28 86 97 45 22 72 99 1 54 93 30 91 83 79 39 33
53 67 37 98 78 70 52 85 41 76 12 44 36 95 31 89 63 26 71 41
3 60 59 17 27 77 57 33 66 91 13 21 42 35 36 92 90 19 68 5
18 2 98 56 53 39 45 11 64 18 35 52 96 22 84 30 67 4 95 47
66 48 21 19 11 21 20 83 3 45 20 96 69 54 82 36 18 58 72 69
75 72 65 53 99 27 78 97 17 83 6 24 80 31 49 28 40 67 21 1
51 93 8 4 45 82 21 67 78 95 6 69 26 3 35 31 98 55 46 80
81 75 50 98 8 42 24 76 48 29 91 76 33 34 83 25 94 79 17 9
90 45 27 12 64 81 32 28 56 69 66 61 2 43 69 79 84 53 85 88
17 41 29 65 77 72 6 15 20 14 73 59 61 20 1 45 96 39 92 91
6 96 1 53 29 92 54 90 36 5 88 87 47 73 69 43 81 13 79 16
79 20 2 23 94 58 91 12 91 92 25 81 6 87 50 80 73 34 57 65
71 31 19 72 16 93 73 88 95 17 16 94 95 29 9 30 54 12 7 4
97 94 22 7 45 61 47 9 81 93 37 50 48 51 52 29 38 28 81 85
76 45 42 75 30 68 58 99 98 55 58 33 44 70 99 48 36 57 73 6
# P_hat : m1 | m2 | m3 | m4 | m5 | m6 | m7 | m8 | m9 | m10 | m11 | m12 | m13 | m14 | m15 | m16 | m17 | m18 | m19 | m20
5.60 10.80 18.40 12.00 8.80 5.40 13.40 14.80 13.40 11.60 7.80 2.00 4.00 19.20 6.80 17.40 9.00 12.40 3.00 5.80
5.00 10.80 9.40 11.80 2.40 14.00 3.00 7.80 4.60 11.80 3.60 4.40 5.80 4.00 12.40 9.40 5.00 12.20 18.80 8.20
12.20 12.60 14.00 10.00 3.80 9.60 10.40 14.00 5.00 8.20 15.00 1.20 10.00 4.00 17.20 2.20 9.20 0.40 1.60 18.60
1.80 18.60 4.40 1.80 17.20 4.80 7.20 15.60 18.40 4.60 6.60 7.80 1.20 5.00 11.60 16.80 7.60 13.40 18.20 9.60
13.80 7.60 6.20 3.40 3.40 14.60 16.60 14.40 10.00 3.60 18.20 11.80 9.80 16.40 1.00 10.80 5.20 1.80 1.40 7.00
15.40 14.20 2.20 10.60 9.80 16.40 15.60 14.00 1.60 6.00 4.00 5.40 19.00 0.20 8.20 17.60 7.40 8.20 9.40 15.00
4.20 5.60 13.80 1.40 12.20 2.80 8.40 5.80 15.60 7.80 0.40 8.40 7.60 0.60 7.60 16.60 5.60 6.00 12.20 7.20
8.00 18.80 14.40 8.60 16.20 6.40 5.40 13.80 9.20 10.80 18.20 5.40 6.80 15.20 16.80 0.60 13.60 18.80 8.00 1.60
19.60 9.20 8.80 12.20 7.40 10.00 18.00 18.80 0.60 1.80 3.60 0.60 14.20 7.40 13.40 7.80 13.60 3.40 9.80 9.80
13.00 6.20 12.80 12.20 2.00 13.80 2.20 5.60 8.80 13.00 1.20 15.80 10.00 15.00 12.40 2.60 3.40 19.60 8.60 10.20
10.80 2.20 19.00 16.00 9.60 19.60 2.80 7.60 16.80 14.40 0.40 6.80 16.60 14.60 14.60 6.60 9.80 9.80 19.20 4.40
15.00 9.20 19.80 0.20 1.80 11.80 19.40 11.00 4.20 18.00 8.00 15.40 9.00 16.00 15.40 11.60 17.00 9.00 16.80 16.60
11.40 7.00 17.60 7.40 9.80 9.00 18.20 15.00 9.60 6.20 2.00 18.40 9.60 11.80 2.20 9.20 13.80 3.20 8.80 10.80
9.80 19.80 16.60 16.80 9.80 13.20 10.00 8.60 3.00 5.40 9.60 19.40 13.00 12.60 2.00 6.40 9.80 17.00 17.80 11.80
2.60 6.00 7.60 9.40 11.20 13.20 2.00 16.40 15.20 5.60 13.00 5.40 9.20 10.20 4.00 17.40 8.20 7.80 13.60 12.20
6.20 14.60 2.60 3.60 8.80 8.60 12.80 3.00 2.20 13.20 13.40 13.60 4.80 13.20 18.60 13.40 5.80 7.60 19.00 6.80
15.20 12.00 1.80 8.20 2.20 3.40 18.00 11.00 16.00 1.00 7.20 5.80 8.80 18.00 8.00 10.40 1.00 2.60 18.80 9.00
18.80 6.00 18.40 5.20 17.20 13.80 5.40 18.20 16.40 9.00 16.60 7.20 15.20 11.60 16.00 4.80 17.40 12.20 10.80 0.80
5.60 1.40 14.80 17.80 5.80 13.20 13.80 19.20 0.40 6.20 2.80 4.20 8.40 4.80 1.00 3.60 14.60 10.40 8.00 17.40
8.40 12.60 5.60 10.80 14.20 12.80 4.60 14.80 16.80 2.00 16.80 7.40 10.20 13.80 7.40 12.00 10.40 12.60 6.00 12.20
16.20 8.60 4.60 1.00 4.60 18.00 12.00 6.00 18.00 13.40 13.00 4.80 1.80 1.40 6.60 14.20 18.80 16.60 4.20 19.20
19.40 5.80 6.60 5.40 3.00 12.00 1.40 13.60 1.60 4.20 0.20 10.60 11.20 14.80 14.00 10.00 11.20 12.00 9.80 1.80
6.60 19.20 8.80 16.00 12.40 6.20 19.00 2.80 12.20 5.00 15.40 5.20 3.40 9.60 6.40 13.60 18.80 9.20 0.60 19.80
1.00 5.00 15.40 8.40 14.60 7.20 11.20 7.20 10.60 2.80 7.00 9.00 7.80 12.20 3.00 8.40 8.80 11.20 3.40 7.80
17.60 14.60 12.40 9.20 16.80 5.00 17.80 14.80 16.80 1.80 8.40 19.80 15.80 6.60 5.60 8.20 11.00 14.00 14.40 16.60
5.80 3.80 11.80 18.60 18.60 17.80 2.80 16.60 0.40 0.80 19.80 1.60 5.40 13.20 19.80 10.00 8.20 11.00 16.80 2.80
19.80 13.00 10.60 2.60 7.60 1.00 15.60 8.60 17.20 1.60 16.40 10.60 7.80 5.00 10.00 6.20 4.20 15.00 19.60 7.40
15.40 19.60 2.60 10.60 12.00 6.40 9.60 15.60 18.20 3.80 5.20 6.60 12.40 6.20 17.20 13.80 0.60 8.40 4.60 17.20
10.20 18.60 15.00 6.60 7.00 9.60 2.20 9.60 13.40 12.80 7.80 4.80 11.40 0.20 16.40 2.00 18.00 12.40 8.40 9.80
7.80 10.40 13.40 17.60 16.60 9.40 3.20 14.40 17.20 7.00 3.60 15.40 11.20 14.60 17.00 8.40 6.40 17.00 3.20 16.80
10.80 12.40 19.40 8.00 11.20 14.60 12.20 12.80 18.40 10.60 14.80 15.60 2.60 17.80 5.60 5.80 15.20 10.20 16.00 4.20
18.00 16.80 5.00 17.80 12.20 1.60 15.20 16.60 19.00 16.20 15.00 19.20 6.40 16.60 13.60 19.20 4.00 3.20 6.00 15.60
6.00 5.40 7.20 17.80 17.00 10.20 7.00 12.20 5.80 18.60 9.20 14.20 17.60 17.40 17.00 5.40 5.60 6.20 2.40 18.60
10.80 3.00 17.00 14.60 8.00 4.80 6.40 6.20 4.80 4.40 17.60 15.60 3.60 3.20 19.60 8.60 6.40 8.80 13.00 1.00
15.20 3.40 19.20 1.80 15.40 10.20 12.60 3.20 15.80 5.20 12.60 0.80 10.40 11.20 3.60 6.20 1.00 11.60 4.80 2.80
13.00 17.20 15.40 17.60 13.40 13.60 6.60 1.20 6.00 4.00 5.00 1.60 14.60 5.80 10.20 12.20 11.40 18.40 1.40 4.60
2.00 3.60 6.80 18.80 11.60 19.40 6.80 14.40 19.40 12.20 15.20 2.20 2.00 4.40 14.80 9.00 6.00 4.60 8.00 14.60
14.00 16.60 4.80 13.80 8.20 9.80 0.80 5.00 1.80 0.40 17.00 13.00 12.60 14.20 15.80 5.20 14.00 13.20 14.00 15.20
15.60 13.80 16.40 14.40 19.80 6.40 19.40 17.00 6.40 19.40 11.20 13.60 0.20 18.40 19.40 1.40 19.00 17.60 18.60 15.80
5.80 6.60 7.80 16.60 19.20 17.60 6.80 17.80 7.00 0.40 4.80 10.60 11.60 2.20 3.80 5.60 15.00 17.60 9.80 4.40
11.80 1.60 7.20 12.00 0.60 11.80 11.60 13.60 7.00 9.40 10.00 1.20 13.20 5.80 18.40 12.60 7.80 19.20 17.80 18.80
3.20 5.40 2.60 8.60 7.20 19.20 11.80 16.60 8.00 4.60 8.60 7.20 5.00 5.20 17.40 4.60 5.20 10.60 3.40 13.60
2.60 8.60 1.20 17.40 6.60 9.00 10.20 2.80 16.40 5.40 13.60 14.60 2.80 16.40 13.80 6.60 18.40 0.20 19.00 7.80
5.80 18.40 1.60 10.60 1.60 9.80 1.40 11.00 3.40 4.20 8.40 5.40 6.20 0.80 8.40 18.60 2.00 11.20 6.60 10.00
12.80 6.60 5.20 2.00 8.00 14.60 10.80 19.40 19.20 7.20 9.80 14.40 0.60 7.60 0.60 13.40 6.40 7.40 13.60 6.20
13.80 5.20 0.40 15.80 8.60 18.20 1.60 0.60 7.20 12.40 18.60 1.80 17.00 12.80 2.40 17.80 10.60 16.40 19.40 6.00
0.80 13.60 10.40 11.80 3.20 0.80 8.40 3.20 12.00 5.80 15.60 3.60 4.00 18.00 16.20 15.00 12.40 4.80 14.60 7.60
0.20 8.80 8.20 14.20 15.00 15.80 18.80 17.80 17.60 3.40 8.60 5.20 17.80 10.80 19.40 10.00 7.00 8.80 1.60 8.60
19.00 15.60 4.00 13.00 3.00 7.00 5.20 2.80 2.40 0.60 7.20 3.20 3.00 1.20 5.20 13.00 9.00 3.00 13.60 8.00
3.20 7.40 10.60 5.00 16.20 7.40 13.80 0.20 15.20 14.00 10.20 12.80 10.00 17.00 15.40 1.80 5.40 3.20 10.80 11.20
6.00 16.20 9.00 7.20 8.60 8.40 7.00 1.20 18.80 2.80 9.00 7.40 8.80 11.60 13.80 11.20 17.60 3.00 19.00 6.20
8.00 14.80 14.00 17.60 17.60 19.00 3.80 19.20 15.60 8.80 14.40 10.60 0.60 1.40 13.40 2.40 7.00 16.20 1.20 4.60
18.40 15.00 10.20 7.40 4.60 16.80 18.80 1.60 4.40 14.60 14.80 17.40 2.40 18.80 0.80 7.20 10.60 11.20 0.20 17.00
15.40 1.40 16.60 1.40 0.20 10.60 5.20 2.60 14.80 17.80 7.20 13.60 14.60 1.00 13.60 3.80 2.60 7.00 8.60 18.80
13.40 4.60 10.80 2.20 0.80 5.40 18.60 6.40 0.40 14.20 7.00 12.80 12.20 1.20 10.20 10.00 1.40 5.40 3.80 11.00
18.60 4.80 12.40 12.20 2.00 12.20 17.60 12.80 19.80 4.20 8.20 9.40 6.80 1.00 9.80 12.00 14.80 8.60 9.60 18.80
16.00 4.20 13.60 13.20 0.40 15.80 16.20 13.40 14.80 18.00 7.20 14.40 10.40 14.20 3.60 13.80 1.00 13.00 7.60 15.60
17.60 14.60 8.60 3.00 7.80 3.00 0.40 4.00 10.20 5.60 0.60 17.00 7.40 18.80 4.80 6.40 15.40 3.60 3.40 16.20
9.60 5.40 5.60 9.40 19.40 12.80 15.60 7.40 15.40 7.20 2.60 17.80 12.20 11.80 9.80 3.40 18.20 18.20 10.00 6.80
1.40 18.20 5.60 1.60 2.20 12.60 6.20 12.60 12.20 2.60 4.80 18.80 5.40 10.20 14.60 12.80 15.40 1.00 19.40 15.40
19.20 1.60 12.40 10.00 5.60 16.60 12.00 12.60 10.60 17.00 6.80 6.20 5.60 1.20 15.80 12.80 10.60 14.40 15.20 15.40
6.60 9.40 11.20 9.40 5.40 9.00 8.80 18.80 5.80 16.40 6.80 17.20 4.80 15.80 16.20 8.00 14.80 5.00 8.20 11.20
1.60 13.00 15.80 0.80 3.80 2.80 10.20 19.40 19.40 11.40 4.40 0.20 7.00 6.00 18.40 6.20 13.60 0.60 19.60 9.40
8.00 7.20 3.00 14.80 1.20 14.20 19.80 14.80 5.60 0.20 3.40 8.00 5.20 12.20 11.40 11.80 7.80 3.00 18.80 0.60
0.80 17.40 10.60 0.80 10.00 17.80 14.00 4.60 16.80 14.40 2.80 4.20 6.40 16.60 7.80 16.40 19.00 12.40 15.40 13.00
11.00 1.00 14.00 2.20 0.60 11.20 0.60 6.80 17.40 1.40 3.40 2.00 9.60 17.80 3.00 1.20 6.40 7.00 1.80 3.40
8.60 18.20 18.00 13.80 12.20 11.00 8.80 1.60 6.20 5.00 12.00 14.40 3.20 19.20 11.20 5.20 11.40 1.40 16.20 4.20
14.60 3.40 17.20 10.40 10.40 1.20 6.00 12.80 0.40 19.40 8.80 4.20 6.00 10.80 7.20 8.60 9.60 8.60 10.60 16.20
18.00 16.40 4.60 3.40 18.20 14.80 15.00 19.80 3.80 18.00 19.80 19.40 0.60 17.00 6.20 6.80 8.60 11.40 15.00 14.40
13.60 5.20 18.80 12.20 10.60 0.80 7.00 15.60 6.60 10.20 12.80 19.20 13.80 17.60 12.00 9.60 1.80 7.80 8.00 6.00
15.80 17.80 0.40 5.80 1.00 18.00 0.20 2.20 5.20 5.60 11.00 3.00 8.40 9.20 17.80 13.60 13.20 1.60 9.60 8.80
10.00 14.60 14.60 7.80 12.80 14.60 19.80 18.00 4.40 16.60 13.40 13.20 2.80 16.00 12.80 14.80 3.00 6.20 6.00 2.60
12.40 18.00 2.60 13.40 13.80 6.80 11.40 12.20 5.60 18.20 15.60 10.20 11.20 3.80 7.20 17.20 12.80 8.40 9.80 18.00
9.40 2.00 11.80 5.60 19.80 3.20 3.60 7.60 5.00 16.00 2.40 2.00 9.00 13.40 14.40 10.20 9.00 1.20 13.20 15.40
4.40 12.60 6.00 4.40 6.40 2.00 17.00 6.00 5.80 1.80 19.20 11.00 12.20 1.60 8.40 8.60 17.20 1.00 11.20 4.40
10.80 16.20 9.40 18.00 8.60 1.40 3.20 12.20 1.20 11.80 2.60 1.60 11.60 15.60 3.80 3.60 11.20 15.80 7.80 15.00
18.80 0.20 12.40 10.20 19.80 2.80 3.40 15.20 3.20 5.40 10.60 4.40 6.00 11.60 13.40 5.40 14.20 11.20 13.60 17.40
4.60 10.20 4.40 13.20 5.80 2.20 12.40 13.80 10.20 13.80 14.00 14.40 6.20 8.20 15.60 11.40 12.40 4.00 13.80 4.80
2.80 13.00 14.60 11.60 14.60 10.40 15.40 19.40 9.40 0.40 16.00 4.60 8.80 10.20 2.40 11.80 14.20 17.00 6.40 16.60
12.00 4.80 4.40 12.60 2.80 1.00 12.40 9.00 5.20 8.20 10.40 9.00 10.20 14.80 11.40 6.60 15.60 18.80 14.00 4.20
2.60 4.40 9.20 8.60 15.80 10.00 10.20 7.60 8.80 16.20 15.40 18.00 3.40 14.00 5.20 4.20 2.60 18.80 9.80 8.20
4.40 19.60 16.20 15.40 10.80 9.60 1.20 7.20 16.60 1.60 3.40 15.00 18.80 7.60 5.60 19.60 14.60 16.00 14.00 4.40
11.40 18.60 2.60 18.60 9.20 8.60 9.80 0.60 13.20 4.80 15.80 8.40 17.00 4.80 11.40 19.20 8.00 11.60 10.80 8.00
4.60 19.80 7.60 1.60 6.60 2.20 9.00 6.00 15.60 16.40 10.20 18.40 0.60 10.40 14.80 15.80 0.80 12.60 12.00 6.60
19.40 14.40 6.20 5.80 17.40 19.80 17.60 5.20 12.00 7.00 15.40 11.40 11.80 3.40 1.60 18.20 5.80 12.00 5.60 14.60
2.20 11.40 16.60 19.60 5.60 17.20 19.40 9.00 4.40 14.40 19.80 0.20 10.80 18.60 6.00 18.20 16.60 15.80 7.80 6.60
10.60 13.40 7.40 19.60 15.60 14.00 10.40 17.00 8.20 15.20 2.40 8.80 7.20 19.00 6.20 17.80 12.60 5.20 14.20 8.20
0.60 12.00 11.80 3.40 5.40 15.40 11.40 6.60 13.20 18.20 2.60 4.20 8.40 7.00 7.20 18.40 18.00 3.80 13.60 1.00
3.60 0.40 19.60 11.20 10.60 7.80 9.00 2.20 12.80 3.60 7.00 10.40 19.20 4.40 16.80 6.00 13.40 0.80 19.00 9.40
13.20 9.60 4.20 3.80 2.20 4.20 4.00 16.60 0.60 9.00 4.00 19.20 13.80 10.80 16.40 7.20 3.60 11.60 14.40 13.80
15.00 14.40 13.00 10.60 19.80 5.40 15.60 19.40 3.40 16.60 1.20 4.80 16.00 6.20 9.80 5.60 8.00 13.40 4.20 0.20
10.20 18.60 1.60 0.80 9.00 16.40 4.20 13.40 15.60 19.00 1.20 13.80 5.20 0.60 7.00 6.20 19.60 11.00 9.20 16.00
16.20 15.00 10.00 19.60 1.60 8.40 4.80 15.20 9.60 5.80 18.20 15.20 6.60 6.80 16.60 5.00 18.80 15.80 3.40 1.80
18.00 9.00 5.40 2.40 12.80 16.20 6.40 5.60 11.20 13.80 13.20 12.20 0.40 8.60 13.80 15.80 16.80 10.60 17.00 17.60
3.40 8.20 5.80 13.00 15.40 14.40 1.20 3.00 4.00 2.80 14.60 11.80 12.20 4.00 0.20 9.00 19.20 7.80 18.40 18.20
1.20 19.20 0.20 10.60 5.80 18.40 10.80 18.00 7.20 1.00 17.60 17.40 9.40 14.60 13.80 8.60 16.20 2.60 15.80 3.20
15.80 4.00 0.40 4.60 18.80 11.60 18.20 2.40 18.20 18.40 5.00 16.20 1.20 17.40 10.00 16.00 14.60 6.80 11.40 13.00
14.20 6.20 3.80 14.40 3.20 18.60 14.60 17.60 19.00 3.40 3.20 18.80 19.00 5.80 1.80 6.00 10.80 2.40 1.40 0.80
19.40 18.80 4.40 1.40 9.00 12.20 9.40 1.80 16.20 18.60 7.40 10.00 9.60 10.20 10.40 5.80 7.60 5.60 16.20 17.00
15.20 9.00 8.40 15.00 6.00 13.60 11.60 19.80 19.60 11.00 11.60 6.60 8.80 14.00 19.80 9.60 7.20 11.40 14.60 1.20
