# nJobs | nMachines
50 5
# Job Weights
13
91
1
60
6
94
73
59
95
14
85
87
33
77
61
80
40
17
37
19
74
21
70
47
78
71
69
67
93
74
92
47
40
46
53
48
33
77
60
7
70
24
92
18
8
72
32
21
89
74
# P_bar : m1 | m2 | m3 | m4 | m5
27 91 97 67 11
69 9 49 72 73
78 33 17 50 28
90 97 54 12 12
23 27 52 54 71
6 17 74 69 20
23 97 44 35 65
28 96 8 26 56
98 1 75 80 44
57 30 19 13 79
96 5 91 17 26
85 78 94 10 43
60 58 77 74 44
34 20 80 63 28
42 42 20 17 70
73 97 48 11 64
31 96 90 15 57
11 75 30 30 53
60 89 5 91 84
57 66 20 89 45
88 9 46 93 6
38 59 72 62 77
43 84 10 16 39
30 93 97 49 94
77 83 44 73 72
85 58 85 58 93
58 92 40 68 80
58 82 68 15 35
45 12 62 92 32
72 89 76 31 59
86 81 60 16 31
83 20 65 56 86
3 4 91 42 52
14 93 63 32 7
91 12 67 85 99
27 75 26 2 20
17 35 57 39 95
13 58 22 39 21
21 70 67 79 63
82 9 70 86 73
91 79 30 35 97
11 29 57 30 49
88 45 67 10 77
99 27 29 42 83
8 71 63 77 73
6 89 77 69 94
71 21 28 47 35
53 78 73 83 89
2 4 63 8 9
2 17 20 27 29
# P_hat : m1 | m2 | m3 | m4 | m5
10.80 36.40 38.80 26.80 4.40
27.60 3.60 19.60 28.80 29.20
31.20 13.20 6.80 20.00 11.20
36.00 38.80 21.60 4.80 4.80
9.20 10.80 20.80 21.60 28.40
2.40 6.80 29.60 27.60 8.00
9.20 38.80 17.60 14.00 26.00
11.20 38.40 3.20 10.40 22.40
39.20 0.40 30.00 32.00 17.60
22.80 12.00 7.60 5.20 31.60
38.40 2.00 36.40 6.80 10.40
34.00 31.20 37.60 4.00 17.20
24.00 23.20 30.80 29.60 17.60
13.60 8.00 32.00 25.20 11.20
16.80 16.80 8.00 6.80 28.00
29.20 38.80 19.20 4.40 25.60
12.40 38.40 36.00 6.00 22.80
4.40 30.00 12.00 12.00 21.20
24.00 35.60 2.00 36.40 33.60
22.80 26.40 8.00 35.60 18.00
35.20 3.60 18.40 37.20 2.40
15.20 23.60 28.80 24.80 30.80
17.20 33.60 4.00 6.40 15.60
12.00 37.20 38.80 19.60 37.60
30.80 33.20 17.60 29.20 28.80
34.00 23.20 34.00 23.20 37.20
23.20 36.80 16.00 27.20 32.00
23.20 32.80 27.20 6.00 14.00
18.00 4.80 24.80 36.80 12.80
28.80 35.60 30.40 12.40 23.60
34.40 32.40 24.00 6.40 12.40
33.20 8.00 26.00 22.40 34.40
1.20 1.60 36.40 16.80 20.80
5.60 37.20 25.20 12.80 2.80
36.40 4.80 26.80 34.00 39.60
10.80 30.00 10.40 0.80 8.00
6.80 14.00 22.80 15.60 38.00
5.20 23.20 8.80 15.60 8.40
8.40 28.00 26.80 31.60 25.20
32.80 3.60 28.00 34.40 29.20
36.40 31.60 12.00 14.00 38.80
4.40 11.60 22.80 12.00 19.60
35.20 18.00 26.80 4.00 30.80
39.60 10.80 11.60 16.80 33.20
3.20 28.40 25.20 30.80 29.20
2.40 35.60 30.80 27.60 37.60
28.40 8.40 11.20 18.80 14.00
21.20 31.20 29.20 33.20 35.60
0.80 1.60 25.20 3.20 3.60
0.80 6.80 8.00 10.80 11.60
