# nJobs | nMachines
20 5
# Job Weights
20
45
55
36
48
48
36
90
90
48
6
65
91
26
37
28
4
84
14
23
# P_bar : m1 | m2 | m3 | m4 | m5
77 39 14 11 83
94 31 21 2 13
9 46 15 36 84
57 18 10 30 46
29 93 85 89 20
79 58 46 10 33
55 85 42 88 74
73 58 18 22 42
65 97 36 31 33
86 10 2 9 71
25 79 44 43 32
39 93 89 91 48
76 2 6 26 42
24 87 3 3 99
38 17 1 75 7
5 18 43 99 54
91 10 81 63 8
29 50 57 83 73
22 8 76 70 30
27 26 59 84 75
# P_hat : m1 | m2 | m3 | m4 | m5
30.80 15.60 5.60 4.40 33.20
37.60 12.40 8.40 0.80 5.20
3.60 18.40 6.00 14.40 33.60
22.80 7.20 4.00 12.00 18.40
11.60 37.20 34.00 35.60 8.00
31.60 23.20 18.40 4.00 13.20
22.00 34.00 16.80 35.20 29.60
29.20 23.20 7.20 8.80 16.80
26.00 38.80 14.40 12.40 13.20
34.40 4.00 0.80 3.60 28.40
10.00 31.60 17.60 17.20 12.80
15.60 37.20 35.60 36.40 19.20
30.40 0.80 2.40 10.40 16.80
9.60 34.80 1.20 1.20 39.60
15.20 6.80 0.40 30.00 2.80
2.00 7.20 17.20 39.60 21.60
36.40 4.00 32.40 25.20 3.20
11.60 20.00 22.80 33.20 29.20
8.80 3.20 30.40 28.00 12.00
10.80 10.40 23.60 33.60 30.00
