# nJobs | nMachines
20 10
# Job Weights
19
18
70
5
63
2
7
63
13
34
20
53
56
9
34
56
80
12
39
80
# P_bar : m1 | m2 | m3 | m4 | m5 | m6 | m7 | m8 | m9 | m10
64 43 9 38 2 79 16 85 89 69
44 97 87 85 74 18 95 77 6 88
58 49 3 29 16 99 26 74 41 24
7 2 15 26 21 75 25 17 22 41
69 54 55 23 10 47 71 38 68 53
12 12 5 28 98 96 50 42 83 8
5 31 8 19 74 6 38 20 79 58
69 52 94 10 84 22 15 68 69 19
46 29 60 72 55 3 85 93 44 50
23 98 18 33 19 29 20 15 64 21
95 46 20 21 20 12 25 28 77 43
24 83 65 79 37 53 67 91 46 18
58 78 50 55 90 42 7 32 76 74
88 52 76 69 76 61 12 56 64 50
46 63 75 38 10 49 50 70 25 20
65 66 7 15 81 56 8 51 55 81
31 45 82 58 27 9 82 9 30 98
84 49 49 36 52 6 5 94 89 92
4 21 3 11 21 54 9 63 96 21
73 13 56 98 1 57 41 33 71 83
# P_hat : m1 | m2 | m3 | m4 | m5 | m6 | m7 | m8 | m9 | m10
12.80 8.60 1.80 7.60 0.40 15.80 3.20 17.00 17.80 13.80
8.80 19.40 17.40 17.00 14.80 3.60 19.00 15.40 1.20 17.60
11.60 9.80 0.60 5.80 3.20 19.80 5.20 14.80 8.20 4.80
1.40 0.40 3.00 5.20 4.20 15.00 5.00 3.40 4.40 8.20
13.80 10.80 11.00 4.60 2.00 9.40 14.20 7.60 13.60 10.60
2.40 2.40 1.00 5.60 19.60 19.20 10.00 8.40 16.60 1.60
1.00 6.20 1.60 3.80 14.80 1.20 7.60 4.00 15.80 11.60
13.80 10.40 18.80 2.00 16.80 4.40 3.00 13.60 13.80 3.80
9.20 5.80 12.00 14.40 11.00 0.60 17.00 18.60 8.80 10.00
4.60 19.60 3.60 6.60 3.80 5.80 4.00 3.00 12.80 4.20
19.00 9.20 4.00 4.20 4.00 2.40 5.00 5.60 15.40 8.60
4.80 16.60 13.00 15.80 7.40 10.60 13.40 18.20 9.20 3.60
11.60 15.60 10.00 11.00 18.00 8.40 1.40 6.40 15.20 14.80
17.60 10.40 15.20 13.80 15.20 12.20 2.40 11.20 12.80 10.00
9.20 12.60 15.00 7.60 2.00 9.80 10.00 14.00 5.00 4.00
13.00 13.20 1.40 3.00 16.20 11.20 1.60 10.20 11.00 16.20
6.20 9.00 16.40 11.60 5.40 1.80 16.40 1.80 6.00 19.60
16.80 9.80 9.80 7.20 10.40 1.20 1.00 18.80 17.80 18.40
0.80 4.20 0.60 2.20 4.20 10.80 1.80 12.60 19.20 4.20
14.60 2.60 11.20 19.60 0.20 11.40 8.20 6.60 14.20 16.60
