# nJobs | nMachines
100 20
# Job Weights
10
40
96
93
9
79
14
52
9
80
70
55
70
22
32
4
78
65
86
14
32
79
73
74
7
91
65
35
24
53
37
41
92
18
74
46
94
4
28
46
46
75
1
67
23
73
43
78
32
64
54
15
63
52
84
80
27
55
63
85
52
83
16
94
18
82
46
100
84
63
30
4
60
78
42
53
22
38
18
36
42
17
39
76
1
100
66
83
14
79
72
44
40
100
91
29
75
99
38
23
# P_bar : m1 | m2 | m3 | m4 | m5 | m6 | m7 | m8 | m9 | m10 | m11 | m12 | m13 | m14 | m15 | m16 | m17 | m18 | m19 | m20
9 66 79 83 44 67 84 92 35 29 18 14 75 69 89 44 52 96 32 11
93 63 2 35 40 64 1 8 3 98 77 17 43 28 41 8 89 51 78 82
84 88 54 53 27 92 47 79 9 45 73 31 70 95 16 16 39 53 84 26
58 45 78 1 41 35 60 5 71 66 91 37 11 38 7 93 71 95 27 57
14 52 71 35 9 55 31 72 99 64 96 85 64 89 84 93 72 76 32 33
31 89 65 67 77 99 76 77 89 86 10 84 88 19 53 64 71 95 84 21
19 83 95 26 98 23 12 60 92 75 58 7 94 6 56 65 68 50 74 37
16 80 21 13 64 52 75 21 60 64 70 54 9 52 71 1 42 52 72 67
41 58 18 52 14 30 90 23 44 83 42 40 29 70 40 40 94 27 85 22
9 52 54 31 2 6 72 51 59 12 21 95 58 4 17 74 83 97 60 33
67 21 1 11 19 81 8 16 8 69 11 97 90 81 33 59 14 96 55 47
74 34 87 37 9 91 86 73 51 7 88 44 78 1 3 21 76 88 60 3
85 96 29 13 19 89 86 59 60 27 91 4 63 36 51 79 90 92 8 55
90 69 19 73 28 45 70 20 35 20 78 46 34 30 76 9 14 33 34 19
77 81 38 37 69 33 46 83 5 92 70 10 71 13 2 2 83 23 54 61
40 65 44 56 90 55 52 9 81 28 53 63 49 90 63 70 3 38 47 38
33 61 46 55 71 74 31 60 67 36 51 76 69 30 84 88 1 37 60 63
42 82 25 81 83 46 36 68 70 2 96 23 97 66 55 3 12 11 8 42
74 75 48 61 2 50 10 14 79 86 27 95 10 28 3 95 51 6 39 20
16 61 66 75 16 29 19 67 7 71 47 73 43 36 82 77 46 55 42 62
45 22 81 34 9 2 85 86 51 34 30 78 22 38 46 76 2 40 10 45
62 52 42 2 60 80 49 35 1 74 37 46 16 48 58 94 92 1 62 78
44 10 48 29 1 12 61 58 38 86 63 40 31 97 24 90 23 69 52 57
68 50 34 2 44 63 10 13 91 68 61 34 22 56 57 67 69 96 65 31
76 30 73 60 25 96 26 55 3 94 73 92 62 92 59 27 65 76 32 33
76 84 32 17 86 88 38 57 88 78 80 42 14 93 86 18 30 46 61 71
78 86 68 55 45 47 97 14 88 38 5 56 11 81 39 49 48 66 9 73
29 16 60 3 68 21 71 79 6 77 82 4 46 24 55 3 70 8 25 87
15 54 63 94 1 30 34 72 68 69 49 63 85 38 69 79 15 84 15 46
30 54 49 70 56 44 74 27 26 56 11 93 59 39 36 12 62 62 56 21
93 70 19 35 64 64 12 42 38 12 79 72 73 33 98 6 48 95 3 52
16 37 54 71 7 51 77 59 93 64 78 63 22 7 82 72 19 30 13 95
38 18 14 62 68 95 16 58 89 99 57 62 70 75 44 46 49 20 59 66
27 96 40 92 96 57 55 36 85 41 47 30 52 43 70 7 5 90 95 24
32 80 83 39 30 96 90 63 82 25 91 91 70 92 67 56 22 66 93 27
31 80 66 47 62 62 61 1 99 58 92 96 45 44 74 33 45 76 49 63
88 21 27 10 32 11 43 45 47 20 94 53 45 35 61 59 15 46 67 48
79 58 89 72 25 8 42 10 60 86 33 19 37 2 38 86 29 38 17 43
86 70 69 5 27 92 81 8 4 58 52 40 2 96 87 33 65 41 39 87
61 71 34 40 97 1 1 66 41 13 12 14 90 28 35 28 72 83 91 44
30 62 27 1 54 51 8 62 86 20 37 16 2 13 37 84 45 43 60 87
55 4 3 15 28 32 51 95 12 11 47 66 40 67 98 59 53 37 90 58
8 1 97 67 65 96 16 88 19 33 39 54 70 61 26 54 8 93 94 24
90 4 40 10 7 88 14 69 80 55 4 54 93 71 49 99 11 80 53 50
70 69 57 31 71 15 25 38 37 5 50 64 44 20 12 30 21 68 25 33
58 70 3 40 74 5 92 30 55 71 90 86 71 54 52 14 46 92 12 62
35 77 45 7 8 56 98 60 59 62 58 31 83 53 49 65 95 94 63 56
11 28 42 54 46 68 28 33 55 50 46 99 13 75 92 34 42 21 75 86
66 47 1 86 76 10 97 87 26 93 14 10 3 58 43 6 66 68 63 58
63 78 63 4 45 89 38 91 40 74 84 2 99 74 75 91 23 53 7 42
26 64 14 2 11 43 95 48 22 6 97 74 27 65 83 89 39 76 80 84
92 58 29 89 92 4 78 46 72 39 49 29 98 21 3 80 86 40 16 35
29 47 53 36 54 51 48 18 90 90 33 77 62 60 99 34 4 4 39 91
98 17 5 33 31 84 66 31 39 5 48 14 17 72 87 35 95 89 37 49
59 67 71 98 51 35 18 22 60 81 68 30 35 4 60 91 8 52 7 52
18 84 44 70 48 53 19 2 14 28 36 14 71 85 92 44 41 54 1 86
39 59 57 91 27 82 25 96 92 33 66 48 94 47 75 52 85 87 38 45
1 51 77 64 55 41 79 56 47 78 6 1 58 80 53 73 66 86 48 62
27 47 43 41 39 62 90 17 90 95 54 4 77 71 30 93 68 20 38 3
4 61 59 19 71 78 26 49 43 82 16 71 29 26 59 98 37 15 39 50
38 51 25 24 18 72 48 87 15 38 7 54 61 73 95 30 51 61 83 83
42 97 52 84 48 32 81 35 8 41 35 30 41 36 85 20 46 25 27 57
69 65 19 50 8 17 95 69 24 4 64 42 47 38 63 58 93 85 14 8
4 7 34 51 35 9 37 66 93 94 18 43 2 13 21 34 59 58 46 88
68 71 16 60 62 67 6 69 40 44 8 33 16 66 78 14 14 6 46 10
30 75 38 3 52 74 86 30 68 10 61 32 41 82 72 46 25 40 59 88
39 47 61 56 65 27 83 30 68 28 41 12 59 2 87 61 71 98 12 50
75 83 53 79 95 55 67 77 67 33 65 68 27 76 52 73 15 93 20 22
87 1 36 8 55 76 74 98 41 66 71 8 18 29 39 87 89 78 7 49
45 46 87 34 7 1 91 55 72 16 34 82 33 90 93 41 94 55 85 44
83 54 3 93 37 41 99 78 72 45 35 27 1 36 22 9 61 75 74 6
30 76 56 79 91 73 55 45 73 51 92 59 99 32 82 57 5 97 49 26
55 54 1 72 91 89 79 84 44 89 70 20 3 84 21 82 45 52 48 34
37 59 4 7 73 2 46 47 34 69 65 60 15 78 65 17 52 27 6 40
31 37 4 90 56 45 10 58 24 23 76 76 45 94 81 19 9 32 73 26
74 47 98 2 22 99 52 24 19 9 71 44 82 45 59 32 70 81 57 49
49 55 90 76 98 37 22 56 27 8 81 29 20 14 73 47 50 73 44 93
18 76 23 1 96 74 39 50 31 43 32 68 11 72 74 89 44 29 41 77
76 75 78 7 82 95 8 53 80 64 27 24 90 3 33 2 79 34 35 38
46 23 64 57 84 78 13 12 4 15 95 46 65 18 53 94 64 35 68 15
78 41 90 19 31 48 32 43 94 15 49 94 73 58 47 17 47 78 61 50
99 28 18 2 44 95 4 73 3 26 51 79 71 87 69 98 4 29 1 15
58 78 19 11 19 11 7 3 31 48 65 68 26 30 11 13 59 45 16 22
84 58 67 84 60 28 47 32 38 9 17 49 97 73 31 84 45 25 37 88
89 51 82 9 19 21 34 91 44 11 91 85 50 71 69 12 91 54 70 42
74 40 16 88 56 8 1 25 87 56 23 87 43 5 67 66 35 74 26 63
1 16 53 50 6 88 12 44 77 75 17 17 7 77 3 90 71 77 76 56
86 21 18 52 45 29 93 55 2 75 19 99 78 60 21 86 63 85 87 61
95 88 17 49 24 60 62 97 66 63 28 76 27 6 29 83 94 64 42 64
58 59 25 10 10 2 11 10 20 17 70 81 50 61 28 75 86 2 26 63
17 3 71 23 6 47 81 42 79 93 67 52 70 23 45 67 3 27 22 30
18 39 12 30 44 15 26 73 89 38 40 24 65 29 2 33 77 81 2 4
70 73 24 75 57 1 31 74 90 22 81 57 96 2 53 40 37 17 81 21
49 34 32 43 43 64 41 16 84 22 54 8 27 67 36 56 84 31 55 95
21 45 44 88 1 55 5 47 40 17 52 36 66 69 5 21 50 37 12 20
43 20 39 66 42 32 40 68 8 24 38 67 18 38 79 43 97 20 47 30
26 66 40 23 20 49 11 9 65 93 6 57 96 37 76 1 21 69 26 86
67 35 47 34 83 20 56 92 80 17 8 66 66 80 32 92 42 59 91 95
66 96 53 1 57 33 67 4 50 48 31 5 82 51 87 4 6 39 37 82
89 24 75 82 34 68 49 48 89 27 98 69 23 34 4 44 19 13 41 10
# P_hat : m1 | m2 | m3 | m4 | m5 | m6 | m7 | m8 | m9 | m10 | m11 | m12 | m13 | m14 | m15 | m16 | m17 | m18 | m19 | m20
3.60 26.40 31.60 33.20 17.60 26.80 33.60 36.80 14.00 11.60 7.20 5.60 30.00 27.60 35.60 17.60 20.80 38.40 12.80 4.40
37.20 25.20 0.80 14.00 16.00 25.60 0.40 3.20 1.20 39.20 30.80 6.80 17.20 11.20 16.40 3.20 35.60 20.40 31.20 32.80
33.60 35.20 21.60 21.20 10.80 36.80 18.80 31.60 3.60 18.00 29.20 12.40 28.00 38.00 6.40 6.40 15.60 21.20 33.60 10.40
23.20 18.00 31.20 0.40 16.40 14.00 24.00 2.00 28.40 26.40 36.40 14.80 4.40 15.20 2.80 37.20 28.40 38.00 10.80 22.80
5.60 20.80 28.40 14.00 3.60 22.00 12.40 28.80 39.60 25.60 38.40 34.00 25.60 35.60 33.60 37.20 28.80 30.40 12.80 13.20
12.40 35.60 26.00 26.80 30.80 39.60 30.40 30.80 35.60 34.40 4.00 33.60 35.20 7.60 21.20 25.60 28.40 38.00 33.60 8.40
7.60 33.20 38.00 10.40 39.20 9.20 4.80 24.00 36.80 30.00 23.20 2.80 37.60 2.40 22.40 26.00 27.20 20.00 29.60 14.80
6.40 32.00 8.40 5.20 25.60 20.80 30.00 8.40 24.00 25.60 28.00 21.60 3.60 20.80 28.40 0.40 16.80 20.80 28.80 26.80
16.40 23.20 7.20 20.80 5.60 12.00 36.00 9.20 17.60 33.20 16.80 16.00 11.60 28.00 16.00 16.00 37.60 10.80 34.00 8.80
3.60 20.80 21.60 12.40 0.80 2.40 28.80 20.40 23.60 4.80 8.40 38.00 23.20 1.60 6.80 29.60 33.20 38.80 24.00 13.20
26.80 8.40 0.40 4.40 7.60 32.40 3.20 6.40 3.20 27.60 4.40 38.80 36.00 32.40 13.20 23.60 5.60 38.40 22.00 18.80
29.60 13.60 34.80 14.80 3.60 36.40 34.40 29.20 20.40 2.80 35.20 17.60 31.20 0.40 1.20 8.40 30.40 35.20 24.00 1.20
34.00 38.40 11.60 5.20 7.60 35.60 34.40 23.60 24.00 10.80 36.40 1.60 25.20 14.40 20.40 31.60 36.00 36.80 3.20 22.00
36.00 27.60 7.60 29.20 11.20 18.00 28.00 8.00 14.00 8.00 31.20 18.40 13.60 12.00 30.40 3.60 5.60 13.20 13.60 7.60
30.80 32.40 15.20 14.80 27.60 13.20 18.40 33.20 2.00 36.80 28.00 4.00 28.40 5.20 0.80 0.80 33.20 9.20 21.60 24.40
16.00 26.00 17.60 22.40 36.00 22.00 20.80 3.60 32.40 11.20 21.20 25.20 19.60 36.00 25.20 28.00 1.20 15.20 18.80 15.20
13.20 24.40 18.40 22.00 28.40 29.60 12.40 24.00 26.80 14.40 20.40 30.40 27.60 12.00 33.60 35.20 0.40 14.80 24.00 25.20
16.80 32.80 10.00 32.40 33.20 18.40 14.40 27.20 28.00 0.80 38.40 9.20 38.80 26.40 22.00 1.20 4.80 4.40 3.20 16.80
29.60 30.00 19.20 24.40 0.80 20.00 4.00 5.60 31.60 34.40 10.80 38.00 4.00 11.20 1.20 38.00 20.40 2.40 15.60 8.00
6.40 24.40 26.40 30.00 6.40 11.60 7.60 26.80 2.80 28.40 18.80 29.20 17.20 14.40 32.80 30.80 18.40 22.00 16.80 24.80
18.00 8.80 32.40 13.60 3.60 0.80 34.00 34.40 20.40 13.60 12.00 31.20 8.80 15.20 18.40 30.40 0.80 16.00 4.00 18.00
24.80 20.80 16.80 0.80 24.00 32.00 19.60 14.00 0.40 29.60 14.80 18.40 6.40 19.20 23.20 37.60 36.80 0.40 24.80 31.20
17.60 4.00 19.20 11.60 0.40 4.80 24.40 23.20 15.20 34.40 25.20 16.00 12.40 38.80 9.60 36.00 9.20 27.60 20.80 22.80
27.20 20.00 13.60 0.80 17.60 25.20 4.00 5.20 36.40 27.20 24.40 13.60 8.80 22.40 22.80 26.80 27.60 38.40 26.00 12.40
30.40 12.00 29.20 24.00 10.00 38.40 10.40 22.00 1.20 37.60 29.20 36.80 24.80 36.80 23.60 10.80 26.00 30.40 12.80 13.20
30.40 33.60 12.80 6.80 34.40 35.20 15.20 22.80 35.20 31.20 32.00 16.80 5.60 37.20 34.40 7.20 12.00 18.40 24.40 28.40
31.20 34.40 27.20 22.00 18.00 18.80 38.80 5.60 35.20 15.20 2.00 22.40 4.40 32.40 15.60 19.60 19.20 26.40 3.60 29.20
11.60 6.40 24.00 1.20 27.20 8.40 28.40 31.60 2.40 30.80 32.80 1.60 18.40 9.60 22.00 1.20 28.00 3.20 10.00 34.80
6.00 21.60 25.20 37.60 0.40 12.00 13.60 28.80 27.20 27.60 19.60 25.20 34.00 15.20 27.60 31.60 6.00 33.60 6.00 18.40
12.00 21.60 19.60 28.00 22.40 17.60 29.60 10.80 10.40 22.40 4.40 37.20 23.60 15.60 14.40 4.80 24.80 24.80 22.40 8.40
37.20 28.00 7.60 14.00 25.60 25.60 4.80 16.80 15.20 4.80 31.60 28.80 29.20 13.20 39.20 2.40 19.20 38.00 1.20 20.80
6.40 14.80 21.60 28.40 2.80 20.40 30.80 23.60 37.20 25.60 31.20 25.20 8.80 2.80 32.80 28.80 7.60 12.00 5.20 38.00
15.20 7.20 5.60 24.80 27.20 38.00 6.40 23.20 35.60 39.60 22.80 24.80 28.00 30.00 17.60 18.40 19.60 8.00 23.60 26.40
10.80 38.40 16.00 36.80 38.40 22.80 22.00 14.40 34.00 16.40 18.80 12.00 20.80 17.20 28.00 2.80 2.00 36.00 38.00 9.60
12.80 32.00 33.20 15.60 12.00 38.40 36.00 25.20 32.80 10.00 36.40 36.40 28.00 36.80 26.80 22.40 8.80 26.40 37.20 10.80
12.40 32.00 26.40 18.80 24.80 24.80 24.40 0.40 39.60 23.20 36.80 38.40 18.00 17.60 29.60 13.20 18.00 30.40 19.60 25.20
35.20 8.40 10.80 4.00 12.80 4.40 17.20 18.00 18.80 8.00 37.60 21.20 18.00 14.00 24.40 23.60 6.00 18.40 26.80 19.20
31.60 23.20 35.60 28.80 10.00 3.20 16.80 4.00 24.00 34.40 13.20 7.60 14.80 0.80 15.20 34.40 11.60 15.20 6.80 17.20
34.40 28.00 27.60 2.00 10.80 36.80 32.40 3.20 1.60 23.20 20.80 16.00 0.80 38.40 34.80 13.20 26.00 16.40 15.60 34.80
24.40 28.40 13.60 16.00 38.80 0.40 0.40 26.40 16.40 5.20 4.80 5.60 36.00 11.20 14.00 11.20 28.80 33.20 36.40 17.60
12.00 24.80 10.80 0.40 21.60 20.40 3.20 24.80 34.40 8.00 14.80 6.40 0.80 5.20 14.80 33.60 18.00 17.20 24.00 34.80
22.00 1.60 1.20 6.00 11.20 12.80 20.40 38.00 4.80 4.40 18.80 26.40 16.00 26.80 39.20 23.60 21.20 14.80 36.00 23.20
3.20 0.40 38.80 26.80 26.00 38.40 6.40 35.20 7.60 13.20 15.60 21.60 28.00 24.40 10.40 21.60 3.20 37.20 37.60 9.60
36.00 1.60 16.00 4.00 2.80 35.20 5.60 27.60 32.00 22.00 1.60 21.60 37.20 28.40 19.60 39.60 4.40 32.00 21.20 20.00
28.00 27.60 22.80 12.40 28.40 6.00 10.00 15.20 14.80 2.00 20.00 25.60 17.60 8.00 4.80 12.00 8.40 27.20 10.00 13.20
23.20 28.00 1.20 16.00 29.60 2.00 36.80 12.00 22.00 28.40 36.00 34.40 28.40 21.60 20.80 5.60 18.40 36.80 4.80 24.80
14.00 30.80 18.00 2.80 3.20 22.40 39.20 24.00 23.60 24.80 23.20 12.40 33.20 21.20 19.60 26.00 38.00 37.60 25.20 22.40
4.40 11.20 16.80 21.60 18.40 27.20 11.20 13.20 22.00 20.00 18.40 39.60 5.20 30.00 36.80 13.60 16.80 8.40 30.00 34.40
26.40 18.80 0.40 34.40 30.40 4.00 38.80 34.80 10.40 37.20 5.60 4.00 1.20 23.20 17.20 2.40 26.40 27.20 25.20 23.20
25.20 31.20 25.20 1.60 18.00 35.60 15.20 36.40 16.00 29.60 33.60 0.80 39.60 29.60 30.00 36.40 9.20 21.20 2.80 16.80
10.40 25.60 5.60 0.80 4.40 17.20 38.00 19.20 8.80 2.40 38.80 29.60 10.80 26.00 33.20 35.60 15.60 30.40 32.00 33.60
36.80 23.20 11.60 35.60 36.80 1.60 31.20 18.40 28.80 15.60 19.60 11.60 39.20 8.40 1.20 32.00 34.40 16.00 6.40 14.00
11.60 18.80 21.20 14.40 21.60 20.40 19.20 7.20 36.00 36.00 13.20 30.80 24.80 24.00 39.60 13.60 1.60 1.60 15.60 36.40
39.20 6.80 2.00 13.20 12.40 33.60 26.40 12.40 15.60 2.00 19.20 5.60 6.80 28.80 34.80 14.00 38.00 35.60 14.80 19.60
23.60 26.80 28.40 39.20 20.40 14.00 7.20 8.80 24.00 32.40 27.20 12.00 14.00 1.60 24.00 36.40 3.20 20.80 2.80 20.80
7.20 33.60 17.60 28.00 19.20 21.20 7.60 0.80 5.60 11.20 14.40 5.60 28.40 34.00 36.80 17.60 16.40 21.60 0.40 34.40
15.60 23.60 22.80 36.40 10.80 32.80 10.00 38.40 36.80 13.20 26.40 19.20 37.60 18.80 30.00 20.80 34.00 34.80 15.20 18.00
0.40 20.40 30.80 25.60 22.00 16.40 31.60 22.40 18.80 31.20 2.40 0.40 23.20 32.00 21.20 29.20 26.40 34.40 19.20 24.80
10.80 18.80 17.20 16.40 15.60 24.80 36.00 6.80 36.00 38.00 21.60 1.60 30.80 28.40 12.00 37.20 27.20 8.00 15.20 1.20
1.60 24.40 23.60 7.60 28.40 31.20 10.40 19.60 17.20 32.80 6.40 28.40 11.60 10.40 23.60 39.20 14.80 6.00 15.60 20.00
15.20 20.40 10.00 9.60 7.20 28.80 19.20 34.80 6.00 15.20 2.80 21.60 24.40 29.20 38.00 12.00 20.40 24.40 33.20 33.20
16.80 38.80 20.80 33.60 19.20 12.80 32.40 14.00 3.20 16.40 14.00 12.00 16.40 14.40 34.00 8.00 18.40 10.00 10.80 22.80
27.60 26.00 7.60 20.00 3.20 6.80 38.00 27.60 9.60 1.60 25.60 16.80 18.80 15.20 25.20 23.20 37.20 34.00 5.60 3.20
1.60 2.80 13.60 20.40 14.00 3.60 14.80 26.40 37.20 37.60 7.20 17.20 0.80 5.20 8.40 13.60 23.60 23.20 18.40 35.20
27.20 28.40 6.40 24.00 24.80 26.80 2.40 27.60 16.00 17.60 3.20 13.20 6.40 26.40 31.20 5.60 5.60 2.40 18.40 4.00
12.00 30.00 15.20 1.20 20.80 29.60 34.40 12.00 27.20 4.00 24.40 12.80 16.40 32.80 28.80 18.40 10.00 16.00 23.60 35.20
15.60 18.80 24.40 22.40 26.00 10.80 33.20 12.00 27.20 11.20 16.40 4.80 23.60 0.80 34.80 24.40 28.40 39.20 4.80 20.00
30.00 33.20 21.20 31.60 38.00 22.00 26.80 30.80 26.80 13.20 26.00 27.20 10.80 30.40 20.80 29.20 6.00 37.20 8.00 8.80
34.80 0.40 14.40 3.20 22.00 30.40 29.60 39.20 16.40 26.40 28.40 3.20 7.20 11.60 15.60 34.80 35.60 31.20 2.80 19.60
18.00 18.40 34.80 13.60 2.80 0.40 36.40 22.00 28.80 6.40 13.60 32.80 13.20 36.00 37.20 16.40 37.60 22.00 34.00 17.60
33.20 21.60 1.20 37.20 14.80 16.40 39.60 31.20 28.80 18.00 14.00 10.80 0.40 14.40 8.80 3.60 24.40 30.00 29.60 2.40
12.00 30.40 22.40 31.60 36.40 29.20 22.00 18.00 29.20 20.40 36.80 23.60 39.60 12.80 32.80 22.80 2.00 38.80 19.60 10.40
22.00 21.60 0.40 28.80 36.40 35.60 31.60 33.60 17.60 35.60 28.00 8.00 1.20 33.60 8.40 32.80 18.00 20.80 19.20 13.60
14.80 23.60 1.60 2.80 29.20 0.80 18.40 18.80 13.60 27.60 26.00 24.00 6.00 31.20 26.00 6.80 20.80 10.80 2.40 16.00
12.40 14.80 1.60 36.00 22.40 18.00 4.00 23.20 9.60 9.20 30.40 30.40 18.00 37.60 32.40 7.60 3.60 12.80 29.20 10.40
29.60 18.80 39.20 0.80 8.80 39.60 20.80 9.60 7.60 3.60 28.40 17.60 32.80 18.00 23.60 12.80 28.00 32.40 22.80 19.60
19.60 22.00 36.00 30.40 39.20 14.80 8.80 22.40 10.80 3.20 32.40 11.60 8.00 5.60 29.20 18.80 20.00 29.20 17.60 37.20
7.20 30.40 9.20 0.40 38.40 29.60 15.60 20.00 12.40 17.20 12.80 27.20 4.40 28.80 29.60 35.60 17.60 11.60 16.40 30.80
30.40 30.00 31.20 2.80 32.80 38.00 3.20 21.20 32.00 25.60 10.80 9.60 36.00 1.20 13.20 0.80 31.60 13.60 14.00 15.20
18.40 9.20 25.60 22.80 33.60 31.20 5.20 4.80 1.60 6.00 38.00 18.40 26.00 7.20 21.20 37.60 25.60 14.00 27.20 6.00
31.20 16.40 36.00 7.60 12.40 19.20 12.80 17.20 37.60 6.00 19.60 37.60 29.20 23.20 18.80 6.80 18.80 31.20 24.40 20.00
39.60 11.20 7.20 0.80 17.60 38.00 1.60 29.20 1.20 10.40 20.40 31.60 28.40 34.80 27.60 39.20 1.60 11.60 0.40 6.00
23.20 31.20 7.60 4.40 7.60 4.40 2.80 1.20 12.40 19.20 26.00 27.20 10.40 12.00 4.40 5.20 23.60 18.00 6.40 8.80
33.60 23.20 26.80 33.60 24.00 11.20 18.80 12.80 15.20 3.60 6.80 19.60 38.80 29.20 12.40 33.60 18.00 10.00 14.80 35.20
35.60 20.40 32.80 3.60 7.60 8.40 13.60 36.40 17.60 4.40 36.40 34.00 20.00 28.40 27.60 4.80 36.40 21.60 28.00 16.80
29.60 16.00 6.40 35.20 22.40 3.20 0.40 10.00 34.80 22.40 9.20 34.80 17.20 2.00 26.80 26.40 14.00 29.60 10.40 25.20
0.40 6.40 21.20 20.00 2.40 35.20 4.80 17.60 30.80 30.00 6.80 6.80 2.80 30.80 1.20 36.00 28.40 30.80 30.40 22.40
34.40 8.40 7.20 20.80 18.00 11.60 37.20 22.00 0.80 30.00 7.60 39.60 31.20 24.00 8.40 34.40 25.20 34.00 34.80 24.40
38.00 35.20 6.80 19.60 9.60 24.00 24.80 38.80 26.40 25.20 11.20 30.40 10.80 2.40 11.60 33.20 37.60 25.60 16.80 25.60
23.20 23.60 10.00 4.00 4.00 0.80 4.40 4.00 8.00 6.80 28.00 32.40 20.00 24.40 11.20 30.00 34.40 0.80 10.40 25.20
6.80 1.20 28.40 9.20 2.40 18.80 32.40 16.80 31.60 37.20 26.80 20.80 28.00 9.20 18.00 26.80 1.20 10.80 8.80 12.00
7.20 15.60 4.80 12.00 17.60 6.00 10.40 29.20 35.60 15.20 16.00 9.60 26.00 11.60 0.80 13.20 30.80 32.40 0.80 1.60
28.00 29.20 9.60 30.00 22.80 0.40 12.40 29.60 36.00 8.80 32.40 22.80 38.40 0.80 21.20 16.00 14.80 6.80 32.40 8.40
19.60 13.60 12.80 17.20 17.20 25.60 16.40 6.40 33.60 8.80 21.60 3.20 10.80 26.80 14.40 22.40 33.60 12.40 22.00 38.00
8.40 18.00 17.60 35.20 0.40 22.00 2.00 18.80 16.00 6.80 20.80 14.40 26.40 27.60 2.00 8.40 20.00 14.80 4.80 8.00
17.20 8.00 15.60 26.40 16.80 12.80 16.00 27.20 3.20 9.60 15.20 26.80 7.20 15.20 31.60 17.20 38.80 8.00 18.80 12.00
10.40 26.40 16.00 9.20 8.00 19.60 4.40 3.60 26.00 37.20 2.40 22.80 38.40 14.80 30.40 0.40 8.40 27.60 10.40 34.40
26.80 14.00 18.80 13.60 33.20 8.00 22.40 36.80 32.00 6.80 3.20 26.40 26.40 32.00 12.80 36.80 16.80 23.60 36.40 38.00
26.40 38.40 21.20 0.40 22.80 13.20 26.80 1.60 20.00 19.20 12.40 2.00 32.80 20.40 34.80 1.60 2.40 15.60 14.80 32.80
35.60 9.60 30.00 32.80 13.60 27.20 19.60 19.20 35.60 10.80 39.20 27.60 9.20 13.60 1.60 17.60 7.60 5.20 16.40 4.00
