# nJobs | nMachines
100 10
# Job Weights
91
7
90
33
45
8
71
96
96
74
8
63
50
62
93
33
94
47
19
58
81
92
26
21
76
77
90
2
93
26
14
77
49
29
5
49
42
76
56
68
39
53
88
96
19
98
55
92
99
25
50
36
99
61
60
72
20
29
61
84
85
48
22
36
74
72
33
43
13
52
82
98
63
98
8
14
59
14
18
67
22
21
11
55
73
100
88
95
91
90
68
53
54
61
12
85
45
1
86
21
# P_bar : m1 | m2 | m3 | m4 | m5 | m6 | m7 | m8 | m9 | m10
66 65 58 5 66 39 40 50 64 79
46 35 66 13 41 12 62 4 44 18
25 49 5 36 74 45 8 20 58 99
30 2 69 54 62 34 13 19 7 75
17 95 38 76 70 11 87 58 69 47
40 14 93 40 30 71 40 22 12 96
17 67 59 67 66 53 27 56 5 6
20 8 56 31 11 28 44 92 69 22
73 62 26 35 51 93 41 59 46 3
5 25 96 48 43 61 70 34 23 29
60 2 60 85 32 61 10 17 95 12
3 40 18 41 23 78 94 39 24 53
91 68 74 82 20 13 25 59 58 42
34 75 93 95 1 49 10 7 88 61
81 72 12 15 54 15 36 59 46 49
58 5 56 24 55 31 87 2 65 56
48 5 36 77 65 93 37 70 31 9
71 10 71 6 22 83 86 72 84 6
57 33 38 79 99 20 76 90 4 54
5 56 96 36 97 1 70 56 73 57
8 89 84 18 21 13 17 26 43 16
19 54 84 21 63 36 92 50 97 95
78 31 65 34 45 6 90 4 49 26
2 1 17 42 70 22 58 8 2 25
1 61 78 74 41 44 19 60 54 71
78 25 45 46 6 65 97 60 12 50
8 11 83 1 70 87 80 80 31 38
14 7 53 88 33 50 28 38 52 15
46 88 60 29 97 96 67 51 29 85
98 65 60 95 32 51 59 25 98 20
50 74 9 67 28 48 9 97 46 25
88 16 7 41 54 89 92 73 83 67
28 87 51 98 63 69 7 46 78 7
66 57 85 31 16 83 19 82 52 12
43 89 66 25 12 22 82 92 63 50
23 85 6 70 2 26 60 42 66 8
93 46 3 62 50 29 60 65 45 82
52 54 93 45 48 67 58 12 49 5
1 23 88 59 34 70 74 34 21 9
77 23 40 68 75 59 70 23 13 41
54 96 85 22 45 34 72 99 9 85
45 79 92 81 2 18 33 48 87 77
56 70 15 44 39 4 71 41 3 74
54 33 51 80 4 65 68 40 15 17
57 50 55 88 46 58 94 76 55 38
23 18 19 25 11 35 82 89 5 42
18 65 58 93 66 86 46 42 8 20
88 87 84 61 59 34 78 90 94 68
38 18 4 1 28 49 37 61 60 93
72 15 23 97 74 88 69 25 18 15
55 57 38 26 93 42 7 27 20 28
63 72 23 40 95 79 34 60 65 91
71 48 13 84 48 25 69 79 50 32
21 6 1 84 71 18 18 50 76 56
74 10 10 74 30 75 98 15 75 70
65 98 76 39 22 45 8 65 7 51
52 55 49 65 3 54 58 80 82 9
91 71 2 15 22 19 86 67 49 94
12 19 81 71 82 80 77 70 3 63
22 28 43 92 35 15 50 94 56 33
12 31 51 44 56 22 50 61 38 89
26 79 71 27 14 56 82 55 85 6
97 69 29 93 88 63 16 2 29 41
30 11 44 2 41 56 17 55 26 22
30 4 26 55 4 79 68 78 23 68
12 12 27 44 52 82 65 27 28 83
94 71 27 55 17 92 92 13 19 79
46 62 56 23 95 19 37 20 10 69
20 2 21 25 15 45 47 38 72 44
73 95 76 1 85 32 70 75 33 64
58 35 88 51 12 11 66 23 21 77
10 82 9 12 11 59 30 61 79 46
77 57 33 47 24 22 7 37 55 76
27 7 6 98 71 14 37 43 69 64
33 24 40 41 46 88 5 69 38 25
53 62 64 18 59 82 52 2 15 55
23 70 5 44 16 82 86 44 58 30
2 89 5 72 33 71 36 25 36 89
65 87 7 88 53 8 29 12 11 96
35 21 5 60 22 13 4 31 98 71
7 54 76 29 49 53 99 1 2 69
54 16 63 99 44 71 53 54 74 88
43 72 35 2 76 98 52 94 16 24
87 31 94 17 88 99 9 63 21 41
56 24 65 79 45 54 8 91 10 53
4 94 25 6 52 20 50 27 98 8
29 18 6 29 31 62 62 55 74 58
35 83 87 89 66 18 14 74 84 19
37 36 60 4 17 81 21 77 55 50
53 73 33 70 68 60 88 77 19 21
10 67 67 10 99 1 7 81 20 43
90 74 81 79 78 93 85 29 37 18
95 75 93 64 87 8 62 91 90 74
85 93 98 92 45 92 10 20 76 50
2 16 9 42 78 60 61 99 10 20
36 74 94 79 51 87 92 27 81 81
85 70 49 56 87 11 47 30 27 98
5 16 27 94 4 24 77 85 52 92
3 81 62 26 45 11 37 5 21 21
45 93 90 93 9 98 96 4 1 83
# P_hat : m1 | m2 | m3 | m4 | m5 | m6 | m7 | m8 | m9 | m10
6.60 6.50 5.80 0.50 6.60 3.90 4.00 5.00 6.40 7.90
4.60 3.50 6.60 1.30 4.10 1.20 6.20 0.40 4.40 1.80
2.50 4.90 0.50 3.60 7.40 4.50 0.80 2.00 5.80 9.90
3.00 0.20 6.90 5.40 6.20 3.40 1.30 1.90 0.70 7.50
1.70 9.50 3.80 7.60 7.00 1.10 8.70 5.80 6.90 4.70
4.00 1.40 9.30 4.00 3.00 7.10 4.00 2.20 1.20 9.60
1.70 6.70 5.90 6.70 6.60 5.30 2.70 5.60 0.50 0.60
2.00 0.80 5.60 3.10 1.10 2.80 4.40 9.20 6.90 2.20
7.30 6.20 2.60 3.50 5.10 9.30 4.10 5.90 4.60 0.30
0.50 2.50 9.60 4.80 4.30 6.10 7.00 3.40 2.30 2.90
6.00 0.20 6.00 8.50 3.20 6.10 1.00 1.70 9.50 1.20
0.30 4.00 1.80 4.10 2.30 7.80 9.40 3.90 2.40 5.30
9.10 6.80 7.40 8.20 2.00 1.30 2.50 5.90 5.80 4.20
3.40 7.50 9.30 9.50 0.10 4.90 1.00 0.70 8.80 6.10
8.10 7.20 1.20 1.50 5.40 1.50 3.60 5.90 4.60 4.90
5.80 0.50 5.60 2.40 5.50 3.10 8.70 0.20 6.50 5.60
4.80 0.50 3.60 7.70 6.50 9.30 3.70 7.00 3.10 0.90
7.10 1.00 7.10 0.60 2.20 8.30 8.60 7.20 8.40 0.60
5.70 3.30 3.80 7.90 9.90 2.00 7.60 9.00 0.40 5.40
0.50 5.60 9.60 3.60 9.70 0.10 7.00 5.60 7.30 5.70
0.80 8.90 8.40 1.80 2.10 1.30 1.70 2.60 4.30 1.60
1.90 5.40 8.40 2.10 6.30 3.60 9.20 5.00 9.70 9.50
7.80 3.10 6.50 3.40 4.50 0.60 9.00 0.40 4.90 2.60
0.20 0.10 1.70 4.20 7.00 2.20 5.80 0.80 0.20 2.50
0.10 6.10 7.80 7.40 4.10 4.40 1.90 6.00 5.40 7.10
7.80 2.50 4.50 4.60 0.60 6.50 9.70 6.00 1.20 5.00
0.80 1.10 8.30 0.10 7.00 8.70 8.00 8.00 3.10 3.80
1.40 0.70 5.30 8.80 3.30 5.00 2.80 3.80 5.20 1.50
4.60 8.80 6.00 2.90 9.70 9.60 6.70 5.10 2.90 8.50
9.80 6.50 6.00 9.50 3.20 5.10 5.90 2.50 9.80 2.00
5.00 7.40 0.90 6.70 2.80 4.80 0.90 9.70 4.60 2.50
8.80 1.60 0.70 4.10 5.40 8.90 9.20 7.30 8.30 6.70
2.80 8.70 5.10 9.80 6.30 6.90 0.70 4.60 7.80 0.70
6.60 5.70 8.50 3.10 1.60 8.30 1.90 8.20 5.20 1.20
4.30 8.90 6.60 2.50 1.20 2.20 8.20 9.20 6.30 5.00
2.30 8.50 0.60 7.00 0.20 2.60 6.00 4.20 6.60 0.80
9.30 4.60 0.30 6.20 5.00 2.90 6.00 6.50 4.50 8.20
5.20 5.40 9.30 4.50 4.80 6.70 5.80 1.20 4.90 0.50
0.10 2.30 8.80 5.90 3.40 7.00 7.40 3.40 2.10 0.90
7.70 2.30 4.00 6.80 7.50 5.90 7.00 2.30 1.30 4.10
5.40 9.60 8.50 2.20 4.50 3.40 7.20 9.90 0.90 8.50
4.50 7.90 9.20 8.10 0.20 1.80 3.30 4.80 8.70 7.70
5.60 7.00 1.50 4.40 3.90 0.40 7.10 4.10 0.30 7.40
5.40 3.30 5.10 8.00 0.40 6.50 6.80 4.00 1.50 1.70
5.70 5.00 5.50 8.80 4.60 5.80 9.40 7.60 5.50 3.80
2.30 1.80 1.90 2.50 1.10 3.50 8.20 8.90 0.50 4.20
1.80 6.50 5.80 9.30 6.60 8.60 4.60 4.20 0.80 2.00
8.80 8.70 8.40 6.10 5.90 3.40 7.80 9.00 9.40 6.80
3.80 1.80 0.40 0.10 2.80 4.90 3.70 6.10 6.00 9.30
7.20 1.50 2.30 9.70 7.40 8.80 6.90 2.50 1.80 1.50
5.50 5.70 3.80 2.60 9.30 4.20 0.70 2.70 2.00 2.80
6.30 7.20 2.30 4.00 9.50 7.90 3.40 6.00 6.50 9.10
7.10 4.80 1.30 8.40 4.80 2.50 6.90 7.90 5.00 3.20
2.10 0.60 0.10 8.40 7.10 1.80 1.80 5.00 7.60 5.60
7.40 1.00 1.00 7.40 3.00 7.50 9.80 1.50 7.50 7.00
6.50 9.80 7.60 3.90 2.20 4.50 0.80 6.50 0.70 5.10
5.20 5.50 4.90 6.50 0.30 5.40 5.80 8.00 8.20 0.90
9.10 7.10 0.20 1.50 2.20 1.90 8.60 6.70 4.90 9.40
1.20 1.90 8.10 7.10 8.20 8.00 7.70 7.00 0.30 6.30
2.20 2.80 4.30 9.20 3.50 1.50 5.00 9.40 5.60 3.30
1.20 3.10 5.10 4.40 5.60 2.20 5.00 6.10 3.80 8.90
2.60 7.90 7.10 2.70 1.40 5.60 8.20 5.50 8.50 0.60
9.70 6.90 2.90 9.30 8.80 6.30 1.60 0.20 2.90 4.10
3.00 1.10 4.40 0.20 4.10 5.60 1.70 5.50 2.60 2.20
3.00 0.40 2.60 5.50 0.40 7.90 6.80 7.80 2.30 6.80
1.20 1.20 2.70 4.40 5.20 8.20 6.50 2.70 2.80 8.30
9.40 7.10 2.70 5.50 1.70 9.20 9.20 1.30 1.90 7.90
4.60 6.20 5.60 2.30 9.50 1.90 3.70 2.00 1.00 6.90
2.00 0.20 2.10 2.50 1.50 4.50 4.70 3.80 7.20 4.40
7.30 9.50 7.60 0.10 8.50 3.20 7.00 7.50 3.30 6.40
5.80 3.50 8.80 5.10 1.20 1.10 6.60 2.30 2.10 7.70
1.00 8.20 0.90 1.20 1.10 5.90 3.00 6.10 7.90 4.60
7.70 5.70 3.30 4.70 2.40 2.20 0.70 3.70 5.50 7.60
2.70 0.70 0.60 9.80 7.10 1.40 3.70 4.30 6.90 6.40
3.30 2.40 4.00 4.10 4.60 8.80 0.50 6.90 3.80 2.50
5.30 6.20 6.40 1.80 5.90 8.20 5.20 0.20 1.50 5.50
2.30 7.00 0.50 4.40 1.60 8.20 8.60 4.40 5.80 3.00
0.20 8.90 0.50 7.20 3.30 7.10 3.60 2.50 3.60 8.90
6.50 8.70 0.70 8.80 5.30 0.80 2.90 1.20 1.10 9.60
3.50 2.10 0.50 6.00 2.20 1.30 0.40 3.10 9.80 7.10
0.70 5.40 7.60 2.90 4.90 5.30 9.90 0.10 0.20 6.90
5.40 1.60 6.30 9.90 4.40 7.10 5.30 5.40 7.40 8.80
4.30 7.20 3.50 0.20 7.60 9.80 5.20 9.40 1.60 2.40
8.70 3.10 9.40 1.70 8.80 9.90 0.90 6.30 2.10 4.10
5.60 2.40 6.50 7.90 4.50 5.40 0.80 9.10 1.00 5.30
0.40 9.40 2.50 0.60 5.20 2.00 5.00 2.70 9.80 0.80
2.90 1.80 0.60 2.90 3.10 6.20 6.20 5.50 7.40 5.80
3.50 8.30 8.70 8.90 6.60 1.80 1.40 7.40 8.40 1.90
3.70 3.60 6.00 0.40 1.70 8.10 2.10 7.70 5.50 5.00
5.30 7.30 3.30 7.00 6.80 6.00 8.80 7.70 1.90 2.10
1.00 6.70 6.70 1.00 9.90 0.10 0.70 8.10 2.00 4.30
9.00 7.40 8.10 7.90 7.80 9.30 8.50 2.90 3.70 1.80
9.50 7.50 9.30 6.40 8.70 0.80 6.20 9.10 9.00 7.40
8.50 9.30 9.80 9.20 4.50 9.20 1.00 2.00 7.60 5.00
0.20 1.60 0.90 4.20 7.80 6.00 6.10 9.90 1.00 2.00
3.60 7.40 9.40 7.90 5.10 8.70 9.20 2.70 8.10 8.10
8.50 7.00 4.90 5.60 8.70 1.10 4.70 3.00 2.70 9.80
0.50 1.60 2.70 9.40 0.40 2.40 7.70 8.50 5.20 9.20
0.30 8.10 6.20 2.60 4.50 1.10 3.70 0.50 2.10 2.10
4.50 9.30 9.00 9.30 0.90 9.80 9.60 0.40 0.10 8.30
