# nJobs | nMachines
20 20
# Job Weights
89
20
65
52
97
19
3
52
35
56
19
93
61
46
88
30
59
70
87
38
# P_bar : m1 | m2 | m3 | m4 | m5 | m6 | m7 | m8 | m9 | m10 | m11 | m12 | m13 | m14 | m15 | m16 | m17 | m18 | m19 | m20
74 63 8 21 14 19 71 50 24 54 77 67 20 72 34 17 23 91 1 26
45 31 75 7 7 41 1 4 63 6 22 98 6 90 85 92 21 75 6 83
23 40 82 73 95 6 99 96 60 15 15 98 45 94 40 35 26 53 71 66
20 47 34 24 49 6 44 12 99 98 46 47 67 90 99 54 20 59 16 61
6 21 68 59 23 44 47 57 84 88 51 65 22 36 97 5 52 6 97 54
21 8 61 62 67 28 30 70 92 31 26 65 13 6 24 49 73 68 31 25
83 14 55 23 86 68 70 76 34 12 45 58 60 28 55 97 92 30 32 62
47 60 19 76 68 44 35 88 45 31 59 13 31 86 34 75 62 58 71 16
42 64 47 35 75 29 29 4 85 48 24 33 72 20 60 15 53 12 14 30
54 59 2 2 11 85 99 77 88 74 13 53 68 44 80 89 82 93 92 62
88 16 83 60 18 56 96 56 46 80 50 2 49 62 44 25 84 26 86 67
92 66 28 62 57 53 46 58 69 26 86 10 64 37 83 8 41 13 53 36
42 77 31 67 57 23 58 94 30 51 12 34 3 65 56 75 2 65 61 70
70 38 37 4 75 81 95 78 94 50 60 41 18 55 88 50 77 79 55 31
13 41 84 13 69 3 14 47 58 7 78 77 19 44 37 28 50 38 15 30
23 79 17 12 33 16 24 63 65 34 79 40 30 48 27 34 31 52 96 7
30 49 10 91 68 40 54 78 53 20 64 82 57 68 58 28 83 90 50 13
45 68 33 43 34 53 25 53 86 55 56 80 83 58 3 63 33 58 4 41
96 62 57 82 19 62 2 78 72 64 35 98 9 70 46 59 71 28 55 44
71 47 4 83 15 45 66 37 41 27 57 89 1 97 39 97 29 88 17 76
# P_hat : m1 | m2 | m3 | m4 | m5 | m6 | m7 | m8 | m9 | m10 | m11 | m12 | m13 | m14 | m15 | m16 | m17 | m18 | m19 | m20
22.20 18.90 2.40 6.30 4.20 5.70 21.30 15.00 7.20 16.20 23.10 20.10 6.00 21.60 10.20 5.10 6.90 27.30 0.30 7.80
13.50 9.30 22.50 2.10 2.10 12.30 0.30 1.20 18.90 1.80 6.60 29.40 1.80 27.00 25.50 27.60 6.30 22.50 1.80 24.90
6.90 12.00 24.60 21.90 28.50 1.80 29.70 28.80 18.00 4.50 4.50 29.40 13.50 28.20 12.00 10.50 7.80 15.90 21.30 19.80
6.00 14.10 10.20 7.20 14.70 1.80 13.20 3.60 29.70 29.40 13.80 14.10 20.10 27.00 29.70 16.20 6.00 17.70 4.80 18.30
1.80 6.30 20.40 17.70 6.90 13.20 14.10 17.10 25.20 26.40 15.30 19.50 6.60 10.80 29.10 1.50 15.60 1.80 29.10 16.20
6.30 2.40 18.30 18.60 20.10 8.40 9.00 21.00 27.60 9.30 7.80 19.50 3.90 1.80 7.20 14.70 21.90 20.40 9.30 7.50
24.90 4.20 16.50 6.90 25.80 20.40 21.00 22.80 10.20 3.60 13.50 17.40 18.00 8.40 16.50 29.10 27.60 9.00 9.60 18.60
14.10 18.00 5.70 22.80 20.40 13.20 10.50 26.40 13.50 9.30 17.70 3.90 9.30 25.80 10.20 22.50 18.60 17.40 21.30 4.80
12.60 19.20 14.10 10.50 22.50 8.70 8.70 1.20 25.50 14.40 7.20 9.90 21.60 6.00 18.00 4.50 15.90 3.60 4.20 9.00
16.20 17.70 0.60 0.60 3.30 25.50 29.70 23.10 26.40 22.20 3.90 15.90 20.40 13.20 24.00 26.70 24.60 27.90 27.60 18.60
26.40 4.80 24.90 18.00 5.40 16.80 28.80 16.80 13.80 24.00 15.00 0.60 14.70 18.60 13.20 7.50 25.20 7.80 25.80 20.10
27.60 19.80 8.40 18.60 17.10 15.90 13.80 17.40 20.70 7.80 25.80 3.00 19.20 11.10 24.90 2.40 12.30 3.90 15.90 10.80
12.60 23.10 9.30 20.10 17.10 6.90 17.40 28.20 9.00 15.30 3.60 10.20 0.90 19.50 16.80 22.50 0.60 19.50 18.30 21.00
21.00 11.40 11.10 1.20 22.50 24.30 28.50 23.40 28.20 15.00 18.00 12.30 5.40 16.50 26.40 15.00 23.10 23.70 16.50 9.30
3.90 12.30 25.20 3.90 20.70 0.90 4.20 14.10 17.40 2.10 23.40 23.10 5.70 13.20 11.10 8.40 15.00 11.40 4.50 9.00
6.90 23.70 5.10 3.60 9.90 4.80 7.20 18.90 19.50 10.20 23.70 12.00 9.00 14.40 8.10 10.20 9.30 15.60 28.80 2.10
9.00 14.70 3.00 27.30 20.40 12.00 16.20 23.40 15.90 6.00 19.20 24.60 17.10 20.40 17.40 8.40 24.90 27.00 15.00 3.90
13.50 20.40 9.90 12.90 10.20 15.90 7.50 15.90 25.80 16.50 16.80 24.00 24.90 17.40 0.90 18.90 9.90 17.40 1.20 12.30
28.80 18.60 17.10 24.60 5.70 18.60 0.60 23.40 21.60 19.20 10.50 29.40 2.70 21.00 13.80 17.70 21.30 8.40 16.50 13.20
21.30 14.10 1.20 24.90 4.50 13.50 19.80 11.10 12.30 8.10 17.10 26.70 0.30 29.10 11.70 29.10 8.70 26.40 5.10 22.80
