# nJobs | nMachines
20 10
# Job Weights
6
77
30
31
87
8
80
76
97
100
86
98
48
95
45
31
36
83
13
18
# P_bar : m1 | m2 | m3 | m4 | m5 | m6 | m7 | m8 | m9 | m10
74 28 89 60 54 92 9 4 25 15
21 3 52 88 66 11 8 18 15 84
58 27 56 26 12 54 88 25 91 8
4 61 13 58 57 97 72 28 49 30
21 34 7 76 70 57 27 95 56 95
28 76 32 98 82 53 22 51 10 79
58 64 32 29 99 65 50 84 62 9
83 87 98 47 84 77 2 18 70 91
31 54 46 79 16 51 49 6 76 76
61 98 60 26 41 36 82 90 99 26
94 76 23 19 23 53 93 69 58 42
44 41 87 48 11 19 96 61 83 66
97 70 7 95 68 54 43 57 84 70
94 43 36 78 58 86 13 5 64 91
66 42 26 77 30 40 60 75 74 67
6 79 85 90 5 56 11 4 14 3
37 88 7 24 5 79 37 38 18 98
22 15 34 10 39 74 91 28 48 4
99 49 36 85 58 24 84 4 96 71
83 72 48 55 31 3 67 80 86 62
# P_hat : m1 | m2 | m3 | m4 | m5 | m6 | m7 | m8 | m9 | m10
7.40 2.80 8.90 6.00 5.40 9.20 0.90 0.40 2.50 1.50
2.10 0.30 5.20 8.80 6.60 1.10 0.80 1.80 1.50 8.40
5.80 2.70 5.60 2.60 1.20 5.40 8.80 2.50 9.10 0.80
0.40 6.10 1.30 5.80 5.70 9.70 7.20 2.80 4.90 3.00
2.10 3.40 0.70 7.60 7.00 5.70 2.70 9.50 5.60 9.50
2.80 7.60 3.20 9.80 8.20 5.30 2.20 5.10 1.00 7.90
5.80 6.40 3.20 2.90 9.90 6.50 5.00 8.40 6.20 0.90
8.30 8.70 9.80 4.70 8.40 7.70 0.20 1.80 7.00 9.10
3.10 5.40 4.60 7.90 1.60 5.10 4.90 0.60 7.60 7.60
6.10 9.80 6.00 2.60 4.10 3.60 8.20 9.00 9.90 2.60
9.40 7.60 2.30 1.90 2.30 5.30 9.30 6.90 5.80 4.20
4.40 4.10 8.70 4.80 1.10 1.90 9.60 6.10 8.30 6.60
9.70 7.00 0.70 9.50 6.80 5.40 4.30 5.70 8.40 7.00
9.40 4.30 3.60 7.80 5.80 8.60 1.30 0.50 6.40 9.10
6.60 4.20 2.60 7.70 3.00 4.00 6.00 7.50 7.40 6.70
0.60 7.90 8.50 9.00 0.50 5.60 1.10 0.40 1.40 0.30
3.70 8.80 0.70 2.40 0.50 7.90 3.70 3.80 1.80 9.80
2.20 1.50 3.40 1.00 3.90 7.40 9.10 2.80 4.80 0.40
9.90 4.90 3.60 8.50 5.80 2.40 8.40 0.40 9.60 7.10
8.30 7.20 4.80 5.50 3.10 0.30 6.70 8.00 8.60 6.20
