# nJobs | nMachines
100 20
# Job Weights
54
25
6
59
28
49
97
22
60
91
31
65
54
42
49
23
35
40
95
6
99
93
89
38
81
26
44
42
61
81
46
98
10
50
89
85
20
84
57
10
65
53
97
46
49
80
97
81
24
94
15
55
48
69
57
94
88
60
90
73
2
4
58
91
97
88
45
38
63
99
78
62
25
93
83
96
21
91
40
42
47
81
23
83
76
8
52
87
20
24
69
19
41
77
8
50
43
90
66
6
# P_bar : m1 | m2 | m3 | m4 | m5 | m6 | m7 | m8 | m9 | m10 | m11 | m12 | m13 | m14 | m15 | m16 | m17 | m18 | m19 | m20
20 70 3 28 91 39 94 10 99 75 47 94 56 59 74 78 17 74 12 98
24 33 21 70 97 85 7 64 53 65 12 93 31 94 26 58 60 71 5 97
40 54 75 36 41 18 77 76 70 18 19 53 66 87 84 53 51 89 15 69
36 8 41 45 72 90 96 5 92 24 32 63 73 22 41 17 61 81 16 24
31 19 50 3 75 31 40 8 77 52 63 41 96 59 3 36 26 59 64 10
46 76 39 31 40 14 14 70 27 62 78 81 31 30 46 3 60 62 6 7
59 29 32 87 67 93 21 85 84 80 77 74 41 2 39 83 80 64 65 79
28 91 87 92 11 48 41 75 48 58 51 37 79 55 90 91 45 62 53 84
99 62 9 4 53 45 95 8 17 85 59 52 66 36 62 73 20 67 19 50
7 57 72 68 21 31 38 24 37 90 54 24 49 73 63 81 62 68 93 86
74 31 56 93 84 76 33 84 27 61 48 45 39 98 74 74 55 87 21 24
84 61 38 87 85 38 53 14 38 72 96 19 28 15 4 2 25 47 38 28
13 69 79 67 18 60 24 93 28 9 52 72 24 54 37 31 68 60 54 73
40 40 36 22 57 87 8 23 5 12 42 62 85 55 75 37 56 10 46 72
68 16 89 9 26 8 52 11 69 95 57 78 64 3 72 78 5 76 33 19
85 47 1 50 80 58 99 73 35 15 30 83 37 54 30 74 14 46 38 20
35 84 62 81 16 79 79 7 87 30 34 98 85 89 43 51 20 56 32 8
39 88 73 60 22 61 59 33 76 86 77 83 40 50 95 41 19 48 12 20
11 20 45 21 92 18 91 73 30 73 80 58 35 68 41 78 92 61 90 45
79 6 54 2 36 94 98 8 96 97 7 61 77 9 97 26 88 13 46 59
58 94 81 93 93 99 49 75 59 57 11 47 30 81 70 33 23 13 8 51
89 40 70 99 34 93 4 73 26 20 2 16 26 42 92 70 78 38 78 54
71 52 7 97 13 28 27 74 81 78 91 28 41 11 36 10 35 37 95 58
81 79 56 28 78 7 2 65 58 64 99 48 6 12 70 45 94 11 28 16
84 65 61 9 35 74 29 45 55 55 5 63 19 55 37 70 31 12 47 38
36 81 6 14 85 62 70 46 11 46 43 74 83 75 36 2 67 63 10 94
79 2 67 44 86 57 6 34 99 8 39 45 52 10 42 92 10 97 16 72
77 85 87 87 47 7 64 51 23 53 64 36 54 91 34 50 15 26 45 69
36 32 9 71 88 73 57 14 51 17 8 29 71 87 29 54 32 27 18 14
1 82 58 84 50 92 50 24 59 26 26 38 86 5 80 64 94 89 4 83
18 63 71 3 41 15 84 61 49 55 71 66 45 44 91 44 15 74 98 86
64 88 4 35 30 88 66 21 27 66 32 62 78 56 56 4 53 80 35 58
79 25 34 99 90 10 84 68 1 31 73 96 61 18 71 99 42 83 85 61
6 47 94 27 96 81 47 11 60 35 26 22 5 89 14 43 45 49 77 77
54 58 34 53 38 18 78 28 71 1 91 95 87 51 31 43 39 79 4 63
67 42 2 10 56 50 76 70 12 53 92 81 43 94 75 11 84 49 33 67
97 96 69 12 55 33 32 80 15 41 55 92 44 11 80 60 64 44 87 1
73 66 33 75 3 90 97 1 9 74 51 20 42 56 73 53 27 30 47 59
84 31 85 22 99 71 14 80 60 69 11 51 30 37 32 45 10 30 5 18
48 39 63 32 23 82 57 69 91 4 22 71 12 85 56 63 22 53 81 26
80 7 48 85 44 98 55 52 66 67 75 30 7 55 84 87 14 46 25 45
13 64 60 43 89 20 68 19 35 97 49 23 18 33 20 20 8 26 31 82
33 92 16 31 9 42 10 65 42 13 95 77 80 9 64 71 70 31 83 78
57 47 57 31 65 70 36 63 27 60 88 20 53 20 44 95 91 1 45 43
10 64 49 57 53 51 90 70 52 1 6 1 6 26 69 71 23 43 23 61
11 16 83 91 43 50 3 57 33 35 19 96 81 80 63 99 35 27 30 2
21 72 90 22 33 5 66 28 74 7 99 32 29 98 94 79 6 91 89 70
72 99 62 10 1 64 16 2 73 77 73 13 22 88 86 19 52 70 40 52
5 6 25 62 7 80 57 25 10 54 27 8 49 55 66 41 93 89 92 99
16 15 12 40 5 50 54 12 63 62 50 36 1 78 97 74 26 68 48 60
72 26 72 26 92 57 80 58 26 82 25 18 79 53 25 8 89 2 63 97
75 33 86 11 69 84 9 45 5 69 33 64 56 46 90 55 49 82 63 1
15 76 63 93 98 6 26 3 56 59 94 58 15 3 12 87 89 72 76 76
5 72 53 59 71 95 56 24 30 20 35 1 36 56 62 87 60 29 90 8
25 56 49 75 59 21 76 36 53 56 63 72 48 46 83 37 6 12 1 15
67 86 30 83 96 8 80 50 59 77 44 10 31 34 32 52 60 37 24 69
37 84 29 60 77 9 77 55 88 23 80 20 57 27 12 36 24 46 1 5
73 38 53 69 82 10 29 36 24 80 7 6 49 21 38 6 70 50 77 31
13 55 92 65 14 31 21 2 23 12 72 40 20 81 22 42 42 93 91 39
31 78 58 34 82 78 72 43 45 3 95 91 67 14 92 30 86 77 78 34
19 84 84 25 11 58 33 35 55 97 40 56 20 52 63 3 64 6 93 9
14 30 27 53 96 26 52 23 99 76 48 39 34 50 61 86 47 77 32 81
41 88 82 40 78 79 2 9 32 45 41 68 78 80 46 3 19 7 97 34
89 71 13 97 14 35 40 26 54 38 15 50 27 48 6 89 17 63 85 16
2 43 96 3 42 16 6 95 41 89 18 93 40 22 83 57 30 21 91 14
48 24 58 3 2 53 59 8 59 36 31 71 46 10 49 27 79 85 40 13
97 31 81 88 82 72 22 67 31 60 68 79 23 56 78 28 53 67 67 36
22 28 48 35 32 30 50 90 55 59 99 57 28 18 84 88 71 77 84 73
8 81 1 53 10 33 35 33 49 18 79 5 84 67 97 48 77 95 31 6
41 46 40 38 8 38 77 97 37 74 78 95 33 63 56 26 95 52 5 43
25 21 74 57 70 23 99 94 72 24 95 41 87 47 76 58 73 97 89 29
26 37 68 37 45 49 22 30 91 95 37 12 76 43 9 6 97 79 59 68
50 72 70 53 93 54 36 45 81 17 37 84 18 71 38 33 32 21 69 59
99 65 71 31 74 56 78 45 74 74 50 81 3 4 21 3 25 20 68 76
24 35 28 3 45 60 10 28 87 79 79 88 77 29 80 25 85 7 46 86
22 29 23 85 9 91 2 39 17 61 30 32 50 99 47 61 79 54 4 43
88 31 47 26 98 3 78 91 69 91 2 94 96 6 24 93 17 71 90 12
51 16 71 67 49 67 90 85 66 59 30 37 75 19 95 69 31 79 76 18
78 28 23 8 4 2 58 93 58 42 78 31 91 56 80 53 78 22 97 55
28 82 34 60 75 49 63 60 27 6 99 25 12 96 65 47 31 77 33 21
50 17 53 72 53 85 65 53 32 5 42 92 34 44 72 28 21 59 23 9
47 17 34 42 28 30 45 59 27 87 99 74 51 94 91 36 5 11 46 47
62 34 79 49 51 25 89 49 33 87 16 49 54 83 21 39 34 69 36 17
41 94 62 62 93 12 51 40 28 10 58 10 37 30 70 63 96 85 70 49
53 86 53 84 92 22 11 48 69 55 35 76 82 65 12 66 95 7 98 28
96 41 64 82 59 30 64 45 44 58 84 11 69 61 67 44 63 85 45 12
36 66 44 58 68 12 38 77 29 13 84 44 49 21 65 18 4 42 49 84
48 70 62 94 96 53 83 22 48 53 35 32 19 76 90 67 60 44 50 12
35 81 10 54 38 51 26 83 87 5 20 89 69 8 47 17 35 74 52 62
54 1 85 32 89 50 2 73 24 49 4 56 48 99 82 84 6 69 67 15
10 60 12 83 23 31 21 87 36 97 9 69 96 68 62 9 75 68 6 7
80 35 68 78 70 65 21 4 37 5 44 76 13 42 3 33 41 64 58 26
96 9 27 88 39 37 64 72 91 88 35 65 4 38 84 80 61 37 71 58
90 88 27 45 64 81 60 77 62 62 5 47 28 44 30 27 11 4 53 30
11 36 34 99 12 18 31 1 7 71 68 53 74 7 91 42 74 89 36 5
65 95 14 34 60 35 48 35 34 96 43 39 7 3 5 60 52 96 80 7
44 25 35 73 33 37 25 38 31 47 69 41 24 61 11 96 60 92 8 40
27 42 16 92 74 58 21 59 6 15 9 89 98 10 41 81 43 74 27 50
11 33 75 4 17 94 43 6 75 78 78 39 30 84 14 31 50 33 21 30
51 27 59 19 17 75 14 47 4 45 57 20 97 78 28 88 66 90 66 64
# P_hat : m1 | m2 | m3 | m4 | m5 | m6 | m7 | m8 | m9 | m10 | m11 | m12 | m13 | m14 | m15 | m16 | m17 | m18 | m19 | m20
8.00 28.00 1.20 11.20 36.40 15.60 37.60 4.00 39.60 30.00 18.80 37.60 22.40 23.60 29.60 31.20 6.80 29.60 4.80 39.20
9.60 13.20 8.40 28.00 38.80 34.00 2.80 25.60 21.20 26.00 4.80 37.20 12.40 37.60 10.40 23.20 24.00 28.40 2.00 38.80
16.00 21.60 30.00 14.40 16.40 7.20 30.80 30.40 28.00 7.20 7.60 21.20 26.40 34.80 33.60 21.20 20.40 35.60 6.00 27.60
14.40 3.20 16.40 18.00 28.80 36.00 38.40 2.00 36.80 9.60 12.80 25.20 29.20 8.80 16.40 6.80 24.40 32.40 6.40 9.60
12.40 7.60 20.00 1.20 30.00 12.40 16.00 3.20 30.80 20.80 25.20 16.40 38.40 23.60 1.20 14.40 10.40 23.60 25.60 4.00
18.40 30.40 15.60 12.40 16.00 5.60 5.60 28.00 10.80 24.80 31.20 32.40 12.40 12.00 18.40 1.20 24.00 24.80 2.40 2.80
23.60 11.60 12.80 34.80 26.80 37.20 8.40 34.00 33.60 32.00 30.80 29.60 16.40 0.80 15.60 33.20 32.00 25.60 26.00 31.60
11.20 36.40 34.80 36.80 4.40 19.20 16.40 30.00 19.20 23.20 20.40 14.80 31.60 22.00 36.00 36.40 18.00 24.80 21.20 33.60
39.60 24.80 3.60 1.60 21.20 18.00 38.00 3.20 6.80 34.00 23.60 20.80 26.40 14.40 24.80 29.20 8.00 26.80 7.60 20.00
2.80 22.80 28.80 27.20 8.40 12.40 15.20 9.60 14.80 36.00 21.60 9.60 19.60 29.20 25.20 32.40 24.80 27.20 37.20 34.40
29.60 12.40 22.40 37.20 33.60 30.40 13.20 33.60 10.80 24.40 19.20 18.00 15.60 39.20 29.60 29.60 22.00 34.80 8.40 9.60
33.60 24.40 15.20 34.80 34.00 15.20 21.20 5.60 15.20 28.80 38.40 7.60 11.20 6.00 1.60 0.80 10.00 18.80 15.20 11.20
5.20 27.60 31.60 26.80 7.20 24.00 9.60 37.20 11.20 3.60 20.80 28.80 9.60 21.60 14.80 12.40 27.20 24.00 21.60 29.20
16.00 16.00 14.40 8.80 22.80 34.80 3.20 9.20 2.00 4.80 16.80 24.80 34.00 22.00 30.00 14.80 22.40 4.00 18.40 28.80
27.20 6.40 35.60 3.60 10.40 3.20 20.80 4.40 27.60 38.00 22.80 31.20 25.60 1.20 28.80 31.20 2.00 30.40 13.20 7.60
34.00 18.80 0.40 20.00 32.00 23.20 39.60 29.20 14.00 6.00 12.00 33.20 14.80 21.60 12.00 29.60 5.60 18.40 15.20 8.00
14.00 33.60 24.80 32.40 6.40 31.60 31.60 2.80 34.80 12.00 13.60 39.20 34.00 35.60 17.20 20.40 8.00 22.40 12.80 3.20
15.60 35.20 29.20 24.00 8.80 24.40 23.60 13.20 30.40 34.40 30.80 33.20 16.00 20.00 38.00 16.40 7.60 19.20 4.80 8.00
4.40 8.00 18.00 8.40 36.80 7.20 36.40 29.20 12.00 29.20 32.00 23.20 14.00 27.20 16.40 31.20 36.80 24.40 36.00 18.00
31.60 2.40 21.60 0.80 14.40 37.60 39.20 3.20 38.40 38.80 2.80 24.40 30.80 3.60 38.80 10.40 35.20 5.20 18.40 23.60
23.20 37.60 32.40 37.20 37.20 39.60 19.60 30.00 23.60 22.80 4.40 18.80 12.00 32.40 28.00 13.20 9.20 5.20 3.20 20.40
35.60 16.00 28.00 39.60 13.60 37.20 1.60 29.20 10.40 8.00 0.80 6.40 10.40 16.80 36.80 28.00 31.20 15.20 31.20 21.60
28.40 20.80 2.80 38.80 5.20 11.20 10.80 29.60 32.40 31.20 36.40 11.20 16.40 4.40 14.40 4.00 14.00 14.80 38.00 23.20
32.40 31.60 22.40 11.20 31.20 2.80 0.80 26.00 23.20 25.60 39.60 19.20 2.40 4.80 28.00 18.00 37.60 4.40 11.20 6.40
33.60 26.00 24.40 3.60 14.00 29.60 11.60 18.00 22.00 22.00 2.00 25.20 7.60 22.00 14.80 28.00 12.40 4.80 18.80 15.20
14.40 32.40 2.40 5.60 34.00 24.80 28.00 18.40 4.40 18.40 17.20 29.60 33.20 30.00 14.40 0.80 26.80 25.20 4.00 37.60
31.60 0.80 26.80 17.60 34.40 22.80 2.40 13.60 39.60 3.20 15.60 18.00 20.80 4.00 16.80 36.80 4.00 38.80 6.40 28.80
30.80 34.00 34.80 34.80 18.80 2.80 25.60 20.40 9.20 21.20 25.60 14.40 21.60 36.40 13.60 20.00 6.00 10.40 18.00 27.60
14.40 12.80 3.60 28.40 35.20 29.20 22.80 5.60 20.40 6.80 3.20 11.60 28.40 34.80 11.60 21.60 12.80 10.80 7.20 5.60
0.40 32.80 23.20 33.60 20.00 36.80 20.00 9.60 23.60 10.40 10.40 15.20 34.40 2.00 32.00 25.60 37.60 35.60 1.60 33.20
7.20 25.20 28.40 1.20 16.40 6.00 33.60 24.40 19.60 22.00 28.40 26.40 18.00 17.60 36.40 17.60 6.00 29.60 39.20 34.40
25.60 35.20 1.60 14.00 12.00 35.20 26.40 8.40 10.80 26.40 12.80 24.80 31.20 22.40 22.40 1.60 21.20 32.00 14.00 23.20
31.60 10.00 13.60 39.60 36.00 4.00 33.60 27.20 0.40 12.40 29.20 38.40 24.40 7.20 28.40 39.60 16.80 33.20 34.00 24.40
2.40 18.80 37.60 10.80 38.40 32.40 18.80 4.40 24.00 14.00 10.40 8.80 2.00 35.60 5.60 17.20 18.00 19.60 30.80 30.80
21.60 23.20 13.60 21.20 15.20 7.20 31.20 11.20 28.40 0.40 36.40 38.00 34.80 20.40 12.40 17.20 15.60 31.60 1.60 25.20
26.80 16.80 0.80 4.00 22.40 20.00 30.40 28.00 4.80 21.20 36.80 32.40 17.20 37.60 30.00 4.40 33.60 19.60 13.20 26.80
38.80 38.40 27.60 4.80 22.00 13.20 12.80 32.00 6.00 16.40 22.00 36.80 17.60 4.40 32.00 24.00 25.60 17.60 34.80 0.40
29.20 26.40 13.20 30.00 1.20 36.00 38.80 0.40 3.60 29.60 20.40 8.00 16.80 22.40 29.20 21.20 10.80 12.00 18.80 23.60
33.60 12.40 34.00 8.80 39.60 28.40 5.60 32.00 24.00 27.60 4.40 20.40 12.00 14.80 12.80 18.00 4.00 12.00 2.00 7.20
19.20 15.60 25.20 12.80 9.20 32.80 22.80 27.60 36.40 1.60 8.80 28.40 4.80 34.00 22.40 25.20 8.80 21.20 32.40 10.40
32.00 2.80 19.20 34.00 17.60 39.20 22.00 20.80 26.40 26.80 30.00 12.00 2.80 22.00 33.60 34.80 5.60 18.40 10.00 18.00
5.20 25.60 24.00 17.20 35.60 8.00 27.20 7.60 14.00 38.80 19.60 9.20 7.20 13.20 8.00 8.00 3.20 10.40 12.40 32.80
13.20 36.80 6.40 12.40 3.60 16.80 4.00 26.00 16.80 5.20 38.00 30.80 32.00 3.60 25.60 28.40 28.00 12.40 33.20 31.20
22.80 18.80 22.80 12.40 26.00 28.00 14.40 25.20 10.80 24.00 35.20 8.00 21.20 8.00 17.60 38.00 36.40 0.40 18.00 17.20
4.00 25.60 19.60 22.80 21.20 20.40 36.00 28.00 20.80 0.40 2.40 0.40 2.40 10.40 27.60 28.40 9.20 17.20 9.20 24.40
4.40 6.40 33.20 36.40 17.20 20.00 1.20 22.80 13.20 14.00 7.60 38.40 32.40 32.00 25.20 39.60 14.00 10.80 12.00 0.80
8.40 28.80 36.00 8.80 13.20 2.00 26.40 11.20 29.60 2.80 39.60 12.80 11.60 39.20 37.60 31.60 2.40 36.40 35.60 28.00
28.80 39.60 24.80 4.00 0.40 25.60 6.40 0.80 29.20 30.80 29.20 5.20 8.80 35.20 34.40 7.60 20.80 28.00 16.00 20.80
2.00 2.40 10.00 24.80 2.80 32.00 22.80 10.00 4.00 21.60 10.80 3.20 19.60 22.00 26.40 16.40 37.20 35.60 36.80 39.60
6.40 6.00 4.80 16.00 2.00 20.00 21.60 4.80 25.20 24.80 20.00 14.40 0.40 31.20 38.80 29.60 10.40 27.20 19.20 24.00
28.80 10.40 28.80 10.40 36.80 22.80 32.00 23.20 10.40 32.80 10.00 7.20 31.60 21.20 10.00 3.20 35.60 0.80 25.20 38.80
30.00 13.20 34.40 4.40 27.60 33.60 3.60 18.00 2.00 27.60 13.20 25.60 22.40 18.40 36.00 22.00 19.60 32.80 25.20 0.40
6.00 30.40 25.20 37.20 39.20 2.40 10.40 1.20 22.40 23.60 37.60 23.20 6.00 1.20 4.80 34.80 35.60 28.80 30.40 30.40
2.00 28.80 21.20 23.60 28.40 38.00 22.40 9.60 12.00 8.00 14.00 0.40 14.40 22.40 24.80 34.80 24.00 11.60 36.00 3.20
10.00 22.40 19.60 30.00 23.60 8.40 30.40 14.40 21.20 22.40 25.20 28.80 19.20 18.40 33.20 14.80 2.40 4.80 0.40 6.00
26.80 34.40 12.00 33.20 38.40 3.20 32.00 20.00 23.60 30.80 17.60 4.00 12.40 13.60 12.80 20.80 24.00 14.80 9.60 27.60
14.80 33.60 11.60 24.00 30.80 3.60 30.80 22.00 35.20 9.20 32.00 8.00 22.80 10.80 4.80 14.40 9.60 18.40 0.40 2.00
29.20 15.20 21.20 27.60 32.80 4.00 11.60 14.40 9.60 32.00 2.80 2.40 19.60 8.40 15.20 2.40 28.00 20.00 30.80 12.40
5.20 22.00 36.80 26.00 5.60 12.40 8.40 0.80 9.20 4.80 28.80 16.00 8.00 32.40 8.80 16.80 16.80 37.20 36.40 15.60
12.40 31.20 23.20 13.60 32.80 31.20 28.80 17.20 18.00 1.20 38.00 36.40 26.80 5.60 36.80 12.00 34.40 30.80 31.20 13.60
7.60 33.60 33.60 10.00 4.40 23.20 13.20 14.00 22.00 38.80 16.00 22.40 8.00 20.80 25.20 1.20 25.60 2.40 37.20 3.60
5.60 12.00 10.80 21.20 38.40 10.40 20.80 9.20 39.60 30.40 19.20 15.60 13.60 20.00 24.40 34.40 18.80 30.80 12.80 32.40
16.40 35.20 32.80 16.00 31.20 31.60 0.80 3.60 12.80 18.00 16.40 27.20 31.20 32.00 18.40 1.20 7.60 2.80 38.80 13.60
35.60 28.40 5.20 38.80 5.60 14.00 16.00 10.40 21.60 15.20 6.00 20.00 10.80 19.20 2.40 35.60 6.80 25.20 34.00 6.40
0.80 17.20 38.40 1.20 16.80 6.40 2.40 38.00 16.40 35.60 7.20 37.20 16.00 8.80 33.20 22.80 12.00 8.40 36.40 5.60
19.20 9.60 23.20 1.20 0.80 21.20 23.60 3.20 23.60 14.40 12.40 28.40 18.40 4.00 19.60 10.80 31.60 34.00 16.00 5.20
38.80 12.40 32.40 35.20 32.80 28.80 8.80 26.80 12.40 24.00 27.20 31.60 9.20 22.40 31.20 11.20 21.20 26.80 26.80 14.40
8.80 11.20 19.20 14.00 12.80 12.00 20.00 36.00 22.00 23.60 39.60 22.80 11.20 7.20 33.60 35.20 28.40 30.80 33.60 29.20
3.20 32.40 0.40 21.20 4.00 13.20 14.00 13.20 19.60 7.20 31.60 2.00 33.60 26.80 38.80 19.20 30.80 38.00 12.40 2.40
16.40 18.40 16.00 15.20 3.20 15.20 30.80 38.80 14.80 29.60 31.20 38.00 13.20 25.20 22.40 10.40 38.00 20.80 2.00 17.20
10.00 8.40 29.60 22.80 28.00 9.20 39.60 37.60 28.80 9.60 38.00 16.40 34.80 18.80 30.40 23.20 29.20 38.80 35.60 11.60
10.40 14.80 27.20 14.80 18.00 19.60 8.80 12.00 36.40 38.00 14.80 4.80 30.40 17.20 3.60 2.40 38.80 31.60 23.60 27.20
20.00 28.80 28.00 21.20 37.20 21.60 14.40 18.00 32.40 6.80 14.80 33.60 7.20 28.40 15.20 13.20 12.80 8.40 27.60 23.60
39.60 26.00 28.40 12.40 29.60 22.40 31.20 18.00 29.60 29.60 20.00 32.40 1.20 1.60 8.40 1.20 10.00 8.00 27.20 30.40
9.60 14.00 11.20 1.20 18.00 24.00 4.00 11.20 34.80 31.60 31.60 35.20 30.80 11.60 32.00 10.00 34.00 2.80 18.40 34.40
8.80 11.60 9.20 34.00 3.60 36.40 0.80 15.60 6.80 24.40 12.00 12.80 20.00 39.60 18.80 24.40 31.60 21.60 1.60 17.20
35.20 12.40 18.80 10.40 39.20 1.20 31.20 36.40 27.60 36.40 0.80 37.60 38.40 2.40 9.60 37.20 6.80 28.40 36.00 4.80
20.40 6.40 28.40 26.80 19.60 26.80 36.00 34.00 26.40 23.60 12.00 14.80 30.00 7.60 38.00 27.60 12.40 31.60 30.40 7.20
31.20 11.20 9.20 3.20 1.60 0.80 23.20 37.20 23.20 16.80 31.20 12.40 36.40 22.40 32.00 21.20 31.20 8.80 38.80 22.00
11.20 32.80 13.60 24.00 30.00 19.60 25.20 24.00 10.80 2.40 39.60 10.00 4.80 38.40 26.00 18.80 12.40 30.80 13.20 8.40
20.00 6.80 21.20 28.80 21.20 34.00 26.00 21.20 12.80 2.00 16.80 36.80 13.60 17.60 28.80 11.20 8.40 23.60 9.20 3.60
18.80 6.80 13.60 16.80 11.20 12.00 18.00 23.60 10.80 34.80 39.60 29.60 20.40 37.60 36.40 14.40 2.00 4.40 18.40 18.80
24.80 13.60 31.60 19.60 20.40 10.00 35.60 19.60 13.20 34.80 6.40 19.60 21.60 33.20 8.40 15.60 13.60 27.60 14.40 6.80
16.40 37.60 24.80 24.80 37.20 4.80 20.40 16.00 11.20 4.00 23.20 4.00 14.80 12.00 28.00 25.20 38.40 34.00 28.00 19.60
21.20 34.40 21.20 33.60 36.80 8.80 4.40 19.20 27.60 22.00 14.00 30.40 32.80 26.00 4.80 26.40 38.00 2.80 39.20 11.20
38.40 16.40 25.60 32.80 23.60 12.00 25.60 18.00 17.60 23.20 33.60 4.40 27.60 24.40 26.80 17.60 25.20 34.00 18.00 4.80
14.40 26.40 17.60 23.20 27.20 4.80 15.20 30.80 11.60 5.20 33.60 17.60 19.60 8.40 26.00 7.20 1.60 16.80 19.60 33.60
19.20 28.00 24.80 37.60 38.40 21.20 33.20 8.80 19.20 21.20 14.00 12.80 7.60 30.40 36.00 26.80 24.00 17.60 20.00 4.80
14.00 32.40 4.00 21.60 15.20 20.40 10.40 33.20 34.80 2.00 8.00 35.60 27.60 3.20 18.80 6.80 14.00 29.60 20.80 24.80
21.60 0.40 34.00 12.80 35.60 20.00 0.80 29.20 9.60 19.60 1.60 22.40 19.20 39.60 32.80 33.60 2.40 27.60 26.80 6.00
4.00 24.00 4.80 33.20 9.20 12.40 8.40 34.80 14.40 38.80 3.60 27.60 38.40 27.20 24.80 3.60 30.00 27.20 2.40 2.80
32.00 14.00 27.20 31.20 28.00 26.00 8.40 1.60 14.80 2.00 17.60 30.40 5.20 16.80 1.20 13.20 16.40 25.60 23.20 10.40
38.40 3.60 10.80 35.20 15.60 14.80 25.60 28.80 36.40 35.20 14.00 26.00 1.60 15.20 33.60 32.00 24.40 14.80 28.40 23.20
36.00 35.20 10.80 18.00 25.60 32.40 24.00 30.80 24.80 24.80 2.00 18.80 11.20 17.60 12.00 10.80 4.40 1.60 21.20 12.00
4.40 14.40 13.60 39.60 4.80 7.20 12.40 0.40 2.80 28.40 27.20 21.20 29.60 2.80 36.40 16.80 29.60 35.60 14.40 2.00
26.00 38.00 5.60 13.60 24.00 14.00 19.20 14.00 13.60 38.40 17.20 15.60 2.80 1.20 2.00 24.00 20.80 38.40 32.00 2.80
17.60 10.00 14.00 29.20 13.20 14.80 10.00 15.20 12.40 18.80 27.60 16.40 9.60 24.40 4.40 38.40 24.00 36.80 3.20 16.00
10.80 16.80 6.40 36.80 29.60 23.20 8.40 23.60 2.40 6.00 3.60 35.60 39.20 4.00 16.40 32.40 17.20 29.60 10.80 20.00
4.40 13.20 30.00 1.60 6.80 37.60 17.20 2.40 30.00 31.20 31.20 15.60 12.00 33.60 5.60 12.40 20.00 13.20 8.40 12.00
20.40 10.80 23.60 7.60 6.80 30.00 5.60 18.80 1.60 18.00 22.80 8.00 38.80 31.20 11.20 35.20 26.40 36.00 26.40 25.60
