# nJobs | nMachines
100 10
# Job Weights
62
73
13
8
49
10
9
63
51
71
17
45
80
37
9
73
39
74
60
76
71
64
72
19
62
100
94
99
81
60
30
41
39
36
22
23
91
54
94
90
15
59
76
47
38
45
59
12
8
98
98
45
70
43
83
44
79
30
14
64
16
41
81
65
69
48
65
74
37
36
57
54
2
1
10
85
61
40
29
83
66
54
62
54
75
83
18
88
48
23
56
86
43
82
74
16
98
3
31
45
# P_bar : m1 | m2 | m3 | m4 | m5 | m6 | m7 | m8 | m9 | m10
80 13 14 90 46 73 84 69 35 77
65 20 17 52 50 7 81 91 23 27
79 78 56 6 52 55 92 39 57 24
47 41 83 48 73 74 19 9 85 70
17 80 77 74 58 30 83 36 59 37
93 12 39 63 19 15 3 15 80 90
56 48 24 46 51 25 71 71 81 10
24 56 63 57 11 18 18 55 45 74
22 95 18 17 70 74 10 21 23 63
40 66 85 18 24 45 34 86 43 3
71 27 30 47 62 99 71 82 43 78
96 67 51 71 68 49 89 67 16 69
59 93 44 92 2 2 52 47 70 90
6 43 95 4 20 69 47 32 22 41
49 99 23 46 38 18 8 97 26 67
63 4 67 60 18 33 91 61 8 28
45 27 75 32 18 38 68 29 13 73
61 18 75 38 53 70 58 49 67 55
33 72 62 46 66 22 63 54 8 45
29 12 71 46 75 19 44 92 85 18
56 55 18 16 57 31 57 98 54 37
10 78 45 9 38 94 44 93 81 36
88 95 40 36 42 31 52 84 73 36
67 81 17 90 77 9 72 30 6 56
86 25 58 59 28 84 51 14 72 87
80 69 66 86 36 78 99 43 9 40
74 88 78 87 63 8 51 26 43 24
65 31 22 66 24 81 96 18 25 99
64 47 23 98 69 24 50 92 11 13
33 75 2 16 26 70 80 63 75 95
72 32 73 70 23 71 11 90 22 63
4 87 44 34 57 99 53 20 14 24
32 50 95 26 72 60 39 84 97 65
24 40 15 70 70 78 14 5 5 2
23 18 95 98 17 91 71 76 14 93
96 53 14 5 48 65 47 58 89 73
65 10 35 54 91 48 39 98 34 93
84 31 36 53 91 78 5 68 39 55
95 74 55 44 95 84 48 37 40 86
87 89 9 20 26 12 76 36 36 99
51 27 55 77 62 94 98 1 77 23
9 47 78 31 90 53 64 43 52 32
79 99 97 6 15 79 85 84 66 78
51 48 95 65 35 7 68 83 82 28
49 73 25 17 91 73 96 96 51 94
8 6 74 38 95 81 40 98 85 59
58 76 93 14 27 66 42 3 57 72
95 34 6 34 27 26 2 87 6 57
44 18 92 45 7 58 97 99 84 46
84 52 12 9 31 98 95 34 59 88
42 40 75 41 97 95 94 90 76 30
28 51 3 22 38 41 28 90 70 9
16 91 84 63 76 69 45 39 49 50
56 14 38 84 68 15 6 55 65 61
71 29 87 21 83 8 39 44 86 37
86 17 68 20 23 53 49 93 46 44
28 37 51 12 67 38 19 5 2 66
73 78 24 17 41 36 85 97 68 84
28 90 85 33 52 92 94 60 25 52
93 41 45 20 63 81 35 99 84 71
56 72 68 82 93 62 99 30 30 41
95 67 45 18 67 23 80 51 3 7
7 11 1 17 77 55 61 39 59 70
56 68 32 53 95 55 39 2 35 72
73 97 3 52 67 85 84 68 52 54
13 5 63 68 20 16 64 41 52 73
98 73 29 43 60 93 25 60 34 61
41 45 53 6 19 36 91 36 66 4
88 94 36 71 3 16 62 41 20 66
36 66 94 37 92 25 13 61 91 35
19 40 3 41 5 40 18 62 44 83
8 33 96 96 52 69 29 13 42 52
13 53 56 93 65 45 39 22 5 17
85 18 44 60 85 2 44 61 90 38
8 8 74 55 13 22 55 63 30 29
44 74 21 31 43 21 92 17 89 80
90 84 36 70 66 44 4 23 54 58
28 22 31 71 59 47 45 4 54 72
93 25 99 28 11 75 53 25 3 94
13 79 44 71 45 57 62 76 16 94
95 4 66 14 18 10 6 13 89 74
2 55 28 17 88 93 28 13 23 27
10 50 27 92 59 85 85 64 72 76
8 3 54 14 57 52 27 38 1 8
99 74 86 18 83 16 37 1 85 94
61 35 90 33 37 31 69 88 84 16
81 28 58 8 8 10 49 38 73 74
53 11 66 49 24 93 33 9 59 81
30 42 17 10 39 59 84 31 59 47
99 43 96 49 72 30 29 82 75 63
82 1 74 66 91 87 53 62 9 10
42 54 59 1 20 75 81 81 30 85
83 94 44 93 34 72 14 61 42 98
47 44 20 78 80 14 11 81 52 64
8 47 33 45 88 93 70 71 38 81
59 87 14 31 88 33 86 79 16 89
40 48 35 38 1 19 51 6 23 77
69 32 24 89 73 81 75 57 15 72
38 46 16 14 22 38 86 83 68 20
29 20 37 44 63 36 39 93 26 24
# P_hat : m1 | m2 | m3 | m4 | m5 | m6 | m7 | m8 | m9 | m10
24.00 3.90 4.20 27.00 13.80 21.90 25.20 20.70 10.50 23.10
19.50 6.00 5.10 15.60 15.00 2.10 24.30 27.30 6.90 8.10
23.70 23.40 16.80 1.80 15.60 16.50 27.60 11.70 17.10 7.20
14.10 12.30 24.90 14.40 21.90 22.20 5.70 2.70 25.50 21.00
5.10 24.00 23.10 22.20 17.40 9.00 24.90 10.80 17.70 11.10
27.90 3.60 11.70 18.90 5.70 4.50 0.90 4.50 24.00 27.00
16.80 14.40 7.20 13.80 15.30 7.50 21.30 21.30 24.30 3.00
7.20 16.80 18.90 17.10 3.30 5.40 5.40 16.50 13.50 22.20
6.60 28.50 5.40 5.10 21.00 22.20 3.00 6.30 6.90 18.90
12.00 19.80 25.50 5.40 7.20 13.50 10.20 25.80 12.90 0.90
21.30 8.10 9.00 14.10 18.60 29.70 21.30 24.60 12.90 23.40
28.80 20.10 15.30 21.30 20.40 14.70 26.70 20.10 4.80 20.70
17.70 27.90 13.20 27.60 0.60 0.60 15.60 14.10 21.00 27.00
1.80 12.90 28.50 1.20 6.00 20.70 14.10 9.60 6.60 12.30
14.70 29.70 6.90 13.80 11.40 5.40 2.40 29.10 7.80 20.10
18.90 1.20 20.10 18.00 5.40 9.90 27.30 18.30 2.40 8.40
13.50 8.10 22.50 9.60 5.40 11.40 20.40 8.70 3.90 21.90
18.30 5.40 22.50 11.40 15.90 21.00 17.40 14.70 20.10 16.50
9.90 21.60 18.60 13.80 19.80 6.60 18.90 16.20 2.40 13.50
8.70 3.60 21.30 13.80 22.50 5.70 13.20 27.60 25.50 5.40
16.80 16.50 5.40 4.80 17.10 9.30 17.10 29.40 16.20 11.10
3.00 23.40 13.50 2.70 11.40 28.20 13.20 27.90 24.30 10.80
26.40 28.50 12.00 10.80 12.60 9.30 15.60 25.20 21.90 10.80
20.10 24.30 5.10 27.00 23.10 2.70 21.60 9.00 1.80 16.80
25.80 7.50 17.40 17.70 8.40 25.20 15.30 4.20 21.60 26.10
24.00 20.70 19.80 25.80 10.80 23.40 29.70 12.90 2.70 12.00
22.20 26.40 23.40 26.10 18.90 2.40 15.30 7.80 12.90 7.20
19.50 9.30 6.60 19.80 7.20 24.30 28.80 5.40 7.50 29.70
19.20 14.10 6.90 29.40 20.70 7.20 15.00 27.60 3.30 3.90
9.90 22.50 0.60 4.80 7.80 21.00 24.00 18.90 22.50 28.50
21.60 9.60 21.90 21.00 6.90 21.30 3.30 27.00 6.60 18.90
1.20 26.10 13.20 10.20 17.10 29.70 15.90 6.00 4.20 7.20
9.60 15.00 28.50 7.80 21.60 18.00 11.70 25.20 29.10 19.50
7.20 12.00 4.50 21.00 21.00 23.40 4.20 1.50 1.50 0.60
6.90 5.40 28.50 29.40 5.10 27.30 21.30 22.80 4.20 27.90
28.80 15.90 4.20 1.50 14.40 19.50 14.10 17.40 26.70 21.90
19.50 3.00 10.50 16.20 27.30 14.40 11.70 29.40 10.20 27.90
25.20 9.30 10.80 15.90 27.30 23.40 1.50 20.40 11.70 16.50
28.50 22.20 16.50 13.20 28.50 25.20 14.40 11.10 12.00 25.80
26.10 26.70 2.70 6.00 7.80 3.60 22.80 10.80 10.80 29.70
15.30 8.10 16.50 23.10 18.60 28.20 29.40 0.30 23.10 6.90
2.70 14.10 23.40 9.30 27.00 15.90 19.20 12.90 15.60 9.60
23.70 29.70 29.10 1.80 4.50 23.70 25.50 25.20 19.80 23.40
15.30 14.40 28.50 19.50 10.50 2.10 20.40 24.90 24.60 8.40
14.70 21.90 7.50 5.10 27.30 21.90 28.80 28.80 15.30 28.20
2.40 1.80 22.20 11.40 28.50 24.30 12.00 29.40 25.50 17.70
17.40 22.80 27.90 4.20 8.10 19.80 12.60 0.90 17.10 21.60
28.50 10.20 1.80 10.20 8.10 7.80 0.60 26.10 1.80 17.10
13.20 5.40 27.60 13.50 2.10 17.40 29.10 29.70 25.20 13.80
25.20 15.60 3.60 2.70 9.30 29.40 28.50 10.20 17.70 26.40
12.60 12.00 22.50 12.30 29.10 28.50 28.20 27.00 22.80 9.00
8.40 15.30 0.90 6.60 11.40 12.30 8.40 27.00 21.00 2.70
4.80 27.30 25.20 18.90 22.80 20.70 13.50 11.70 14.70 15.00
16.80 4.20 11.40 25.20 20.40 4.50 1.80 16.50 19.50 18.30
21.30 8.70 26.10 6.30 24.90 2.40 11.70 13.20 25.80 11.10
25.80 5.10 20.40 6.00 6.90 15.90 14.70 27.90 13.80 13.20
8.40 11.10 15.30 3.60 20.10 11.40 5.70 1.50 0.60 19.80
21.90 23.40 7.20 5.10 12.30 10.80 25.50 29.10 20.40 25.20
8.40 27.00 25.50 9.90 15.60 27.60 28.20 18.00 7.50 15.60
27.90 12.30 13.50 6.00 18.90 24.30 10.50 29.70 25.20 21.30
16.80 21.60 20.40 24.60 27.90 18.60 29.70 9.00 9.00 12.30
28.50 20.10 13.50 5.40 20.10 6.90 24.00 15.30 0.90 2.10
2.10 3.30 0.30 5.10 23.10 16.50 18.30 11.70 17.70 21.00
16.80 20.40 9.60 15.90 28.50 16.50 11.70 0.60 10.50 21.60
21.90 29.10 0.90 15.60 20.10 25.50 25.20 20.40 15.60 16.20
3.90 1.50 18.90 20.40 6.00 4.80 19.20 12.30 15.60 21.90
29.40 21.90 8.70 12.90 18.00 27.90 7.50 18.00 10.20 18.30
12.30 13.50 15.90 1.80 5.70 10.80 27.30 10.80 19.80 1.20
26.40 28.20 10.80 21.30 0.90 4.80 18.60 12.30 6.00 19.80
10.80 19.80 28.20 11.10 27.60 7.50 3.90 18.30 27.30 10.50
5.70 12.00 0.90 12.30 1.50 12.00 5.40 18.60 13.20 24.90
2.40 9.90 28.80 28.80 15.60 20.70 8.70 3.90 12.60 15.60
3.90 15.90 16.80 27.90 19.50 13.50 11.70 6.60 1.50 5.10
25.50 5.40 13.20 18.00 25.50 0.60 13.20 18.30 27.00 11.40
2.40 2.40 22.20 16.50 3.90 6.60 16.50 18.90 9.00 8.70
13.20 22.20 6.30 9.30 12.90 6.30 27.60 5.10 26.70 24.00
27.00 25.20 10.80 21.00 19.80 13.20 1.20 6.90 16.20 17.40
8.40 6.60 9.30 21.30 17.70 14.10 13.50 1.20 16.20 21.60
27.90 7.50 29.70 8.40 3.30 22.50 15.90 7.50 0.90 28.20
3.90 23.70 13.20 21.30 13.50 17.10 18.60 22.80 4.80 28.20
28.50 1.20 19.80 4.20 5.40 3.00 1.80 3.90 26.70 22.20
0.60 16.50 8.40 5.10 26.40 27.90 8.40 3.90 6.90 8.10
3.00 15.00 8.10 27.60 17.70 25.50 25.50 19.20 21.60 22.80
2.40 0.90 16.20 4.20 17.10 15.60 8.10 11.40 0.30 2.40
29.70 22.20 25.80 5.40 24.90 4.80 11.10 0.30 25.50 28.20
18.30 10.50 27.00 9.90 11.10 9.30 20.70 26.40 25.20 4.80
24.30 8.40 17.40 2.40 2.40 3.00 14.70 11.40 21.90 22.20
15.90 3.30 19.80 14.70 7.20 27.90 9.90 2.70 17.70 24.30
9.00 12.60 5.10 3.00 11.70 17.70 25.20 9.30 17.70 14.10
29.70 12.90 28.80 14.70 21.60 9.00 8.70 24.60 22.50 18.90
24.60 0.30 22.20 19.80 27.30 26.10 15.90 18.60 2.70 3.00
12.60 16.20 17.70 0.30 6.00 22.50 24.30 24.30 9.00 25.50
24.90 28.20 13.20 27.90 10.20 21.60 4.20 18.30 12.60 29.40
14.10 13.20 6.00 23.40 24.00 4.20 3.30 24.30 15.60 19.20
2.40 14.10 9.90 13.50 26.40 27.90 21.00 21.30 11.40 24.30
17.70 26.10 4.20 9.30 26.40 9.90 25.80 23.70 4.80 26.70
12.00 14.40 10.50 11.40 0.30 5.70 15.30 1.80 6.90 23.10
20.70 9.60 7.20 26.70 21.90 24.30 22.50 17.10 4.50 21.60
11.40 13.80 4.80 4.20 6.60 11.40 25.80 24.90 20.40 6.00
8.70 6.00 11.10 13.20 18.90 10.80 11.70 27.90 7.80 7.20
