# nJobs | nMachines
100 10
# Job Weights
48
83
84
10
64
68
58
81
92
54
75
77
44
92
41
4
37
72
67
48
24
90
56
33
27
97
16
44
92
85
52
34
13
29
65
10
54
55
10
30
39
45
40
15
26
13
45
52
52
31
24
73
97
39
74
41
19
4
17
12
45
97
67
69
36
31
3
91
9
87
42
73
52
94
93
57
53
12
77
94
20
84
76
60
47
77
92
6
69
65
55
89
30
20
1
81
1
25
46
45
# P_bar : m1 | m2 | m3 | m4 | m5 | m6 | m7 | m8 | m9 | m10
30 98 75 45 56 56 63 94 63 72
26 1 92 57 59 76 47 73 77 52
71 11 78 14 22 27 36 7 44 40
3 71 26 59 2 87 26 25 15 79
56 3 54 10 46 7 80 9 45 70
61 59 3 18 4 68 14 31 82 53
21 80 46 87 31 9 50 13 54 32
2 50 29 40 90 8 44 54 59 47
18 33 39 21 2 45 43 11 10 70
76 22 10 59 75 54 94 81 21 38
77 97 65 92 25 23 72 25 40 76
37 69 74 12 58 13 89 61 30 19
2 91 97 88 59 91 22 34 23 46
9 64 31 51 39 82 16 98 73 52
75 44 35 49 27 25 2 53 94 60
61 85 53 85 97 92 23 26 4 49
96 94 57 93 84 21 92 91 47 60
44 8 27 60 40 35 25 43 63 1
24 26 1 20 22 81 63 23 42 19
8 8 11 41 29 51 90 29 29 12
6 23 33 94 95 48 98 38 20 76
8 8 41 46 70 47 74 51 43 12
90 93 78 5 25 34 23 13 93 65
15 36 42 20 92 19 4 97 1 22
48 5 20 89 45 82 30 94 59 7
95 66 86 43 57 57 8 27 23 26
88 69 60 88 26 72 76 90 59 40
62 73 42 47 47 19 28 2 12 34
53 63 42 86 12 38 79 14 11 99
23 47 59 13 96 70 47 36 47 95
60 14 53 54 67 96 92 48 62 76
89 38 55 46 1 38 19 71 54 7
84 40 43 84 79 41 17 25 42 25
28 86 70 73 23 90 15 1 5 55
79 3 99 10 33 18 76 58 64 96
45 39 9 92 11 15 68 64 24 42
14 68 20 73 77 25 74 47 39 44
72 32 26 19 4 61 13 2 30 42
31 26 72 41 56 54 12 29 76 21
32 83 20 44 12 27 84 18 20 15
25 7 32 39 86 15 33 52 35 99
88 37 21 83 10 66 32 6 45 41
35 81 28 24 48 27 24 32 42 55
66 66 23 85 56 5 37 54 7 17
85 67 2 14 10 48 7 6 23 20
20 12 37 31 52 67 12 47 40 55
3 50 23 62 1 22 24 55 59 72
18 55 77 60 30 46 56 60 28 57
66 8 86 1 41 56 10 88 68 81
74 35 13 80 68 41 16 65 84 57
75 81 94 92 34 22 97 31 38 84
39 72 2 11 60 70 38 94 14 89
14 5 22 47 48 13 70 78 55 66
58 6 18 41 61 12 60 84 22 89
27 37 10 91 83 30 31 88 88 59
42 75 43 82 76 46 5 80 57 17
44 53 25 1 32 6 1 6 86 98
91 57 46 4 17 81 37 5 84 22
49 16 3 71 61 59 86 3 22 3
16 29 20 89 84 28 27 62 39 75
80 98 88 89 25 96 49 48 48 41
39 82 56 82 50 82 27 97 84 63
83 33 58 38 62 38 2 93 91 5
19 25 43 58 32 40 36 34 55 69
39 12 37 92 54 42 24 23 23 12
64 55 19 34 40 58 99 76 42 14
59 17 16 77 3 86 55 33 10 93
19 15 4 81 43 72 31 84 63 86
59 93 8 92 17 45 63 77 78 93
63 2 25 27 49 98 34 80 56 14
72 56 68 5 36 71 86 59 9 88
77 28 12 11 89 77 35 57 40 28
39 49 73 98 61 91 11 91 99 56
44 75 73 11 67 78 32 4 34 60
25 81 47 27 93 41 20 54 40 8
4 62 43 13 53 52 15 31 44 70
73 25 16 48 55 45 14 2 18 88
4 1 13 77 60 39 5 21 79 29
3 91 42 52 21 3 30 58 28 33
27 70 42 58 59 11 61 90 44 91
64 49 78 50 38 17 60 91 12 78
12 47 47 98 98 91 47 41 6 2
97 93 45 61 79 10 1 65 68 46
43 21 45 20 98 53 94 87 66 42
7 77 21 17 83 71 82 87 29 89
54 6 28 23 3 55 72 91 43 5
29 93 87 58 70 7 85 46 13 51
72 68 24 76 3 27 89 40 89 76
75 98 85 51 47 35 96 95 61 57
76 12 35 5 49 18 79 95 8 78
36 72 83 63 60 82 12 44 90 31
74 16 34 33 73 37 17 13 82 5
96 20 54 86 8 89 60 61 88 19
88 92 35 16 37 60 16 67 16 95
66 31 43 57 43 25 24 37 63 37
62 17 28 14 36 60 97 82 70 6
3 24 4 78 47 28 95 84 72 38
25 43 39 69 80 17 5 75 93 36
40 7 98 66 7 91 35 9 97 39
4 92 72 27 66 94 92 4 3 36
# P_hat : m1 | m2 | m3 | m4 | m5 | m6 | m7 | m8 | m9 | m10
9.00 29.40 22.50 13.50 16.80 16.80 18.90 28.20 18.90 21.60
7.80 0.30 27.60 17.10 17.70 22.80 14.10 21.90 23.10 15.60
21.30 3.30 23.40 4.20 6.60 8.10 10.80 2.10 13.20 12.00
0.90 21.30 7.80 17.70 0.60 26.10 7.80 7.50 4.50 23.70
16.80 0.90 16.20 3.00 13.80 2.10 24.00 2.70 13.50 21.00
18.30 17.70 0.90 5.40 1.20 20.40 4.20 9.30 24.60 15.90
6.30 24.00 13.80 26.10 9.30 2.70 15.00 3.90 16.20 9.60
0.60 15.00 8.70 12.00 27.00 2.40 13.20 16.20 17.70 14.10
5.40 9.90 11.70 6.30 0.60 13.50 12.90 3.30 3.00 21.00
22.80 6.60 3.00 17.70 22.50 16.20 28.20 24.30 6.30 11.40
23.10 29.10 19.50 27.60 7.50 6.90 21.60 7.50 12.00 22.80
11.10 20.70 22.20 3.60 17.40 3.90 26.70 18.30 9.00 5.70
0.60 27.30 29.10 26.40 17.70 27.30 6.60 10.20 6.90 13.80
2.70 19.20 9.30 15.30 11.70 24.60 4.80 29.40 21.90 15.60
22.50 13.20 10.50 14.70 8.10 7.50 0.60 15.90 28.20 18.00
18.30 25.50 15.90 25.50 29.10 27.60 6.90 7.80 1.20 14.70
28.80 28.20 17.10 27.90 25.20 6.30 27.60 27.30 14.10 18.00
13.20 2.40 8.10 18.00 12.00 10.50 7.50 12.90 18.90 0.30
7.20 7.80 0.30 6.00 6.60 24.30 18.90 6.90 12.60 5.70
2.40 2.40 3.30 12.30 8.70 15.30 27.00 8.70 8.70 3.60
1.80 6.90 9.90 28.20 28.50 14.40 29.40 11.40 6.00 22.80
2.40 2.40 12.30 13.80 21.00 14.10 22.20 15.30 12.90 3.60
27.00 27.90 23.40 1.50 7.50 10.20 6.90 3.90 27.90 19.50
4.50 10.80 12.60 6.00 27.60 5.70 1.20 29.10 0.30 6.60
14.40 1.50 6.00 26.70 13.50 24.60 9.00 28.20 17.70 2.10
28.50 19.80 25.80 12.90 17.10 17.10 2.40 8.10 6.90 7.80
26.40 20.70 18.00 26.40 7.80 21.60 22.80 27.00 17.70 12.00
18.60 21.90 12.60 14.10 14.10 5.70 8.40 0.60 3.60 10.20
15.90 18.90 12.60 25.80 3.60 11.40 23.70 4.20 3.30 29.70
6.90 14.10 17.70 3.90 28.80 21.00 14.10 10.80 14.10 28.50
18.00 4.20 15.90 16.20 20.10 28.80 27.60 14.40 18.60 22.80
26.70 11.40 16.50 13.80 0.30 11.40 5.70 21.30 16.20 2.10
25.20 12.00 12.90 25.20 23.70 12.30 5.10 7.50 12.60 7.50
8.40 25.80 21.00 21.90 6.90 27.00 4.50 0.30 1.50 16.50
23.70 0.90 29.70 3.00 9.90 5.40 22.80 17.40 19.20 28.80
13.50 11.70 2.70 27.60 3.30 4.50 20.40 19.20 7.20 12.60
4.20 20.40 6.00 21.90 23.10 7.50 22.20 14.10 11.70 13.20
21.60 9.60 7.80 5.70 1.20 18.30 3.90 0.60 9.00 12.60
9.30 7.80 21.60 12.30 16.80 16.20 3.60 8.70 22.80 6.30
9.60 24.90 6.00 13.20 3.60 8.10 25.20 5.40 6.00 4.50
7.50 2.10 9.60 11.70 25.80 4.50 9.90 15.60 10.50 29.70
26.40 11.10 6.30 24.90 3.00 19.80 9.60 1.80 13.50 12.30
10.50 24.30 8.40 7.20 14.40 8.10 7.20 9.60 12.60 16.50
19.80 19.80 6.90 25.50 16.80 1.50 11.10 16.20 2.10 5.10
25.50 20.10 0.60 4.20 3.00 14.40 2.10 1.80 6.90 6.00
6.00 3.60 11.10 9.30 15.60 20.10 3.60 14.10 12.00 16.50
0.90 15.00 6.90 18.60 0.30 6.60 7.20 16.50 17.70 21.60
5.40 16.50 23.10 18.00 9.00 13.80 16.80 18.00 8.40 17.10
19.80 2.40 25.80 0.30 12.30 16.80 3.00 26.40 20.40 24.30
22.20 10.50 3.90 24.00 20.40 12.30 4.80 19.50 25.20 17.10
22.50 24.30 28.20 27.60 10.20 6.60 29.10 9.30 11.40 25.20
11.70 21.60 0.60 3.30 18.00 21.00 11.40 28.20 4.20 26.70
4.20 1.50 6.60 14.10 14.40 3.90 21.00 23.40 16.50 19.80
17.40 1.80 5.40 12.30 18.30 3.60 18.00 25.20 6.60 26.70
8.10 11.10 3.00 27.30 24.90 9.00 9.30 26.40 26.40 17.70
12.60 22.50 12.90 24.60 22.80 13.80 1.50 24.00 17.10 5.10
13.20 15.90 7.50 0.30 9.60 1.80 0.30 1.80 25.80 29.40
27.30 17.10 13.80 1.20 5.10 24.30 11.10 1.50 25.20 6.60
14.70 4.80 0.90 21.30 18.30 17.70 25.80 0.90 6.60 0.90
4.80 8.70 6.00 26.70 25.20 8.40 8.10 18.60 11.70 22.50
24.00 29.40 26.40 26.70 7.50 28.80 14.70 14.40 14.40 12.30
11.70 24.60 16.80 24.60 15.00 24.60 8.10 29.10 25.20 18.90
24.90 9.90 17.40 11.40 18.60 11.40 0.60 27.90 27.30 1.50
5.70 7.50 12.90 17.40 9.60 12.00 10.80 10.20 16.50 20.70
11.70 3.60 11.10 27.60 16.20 12.60 7.20 6.90 6.90 3.60
19.20 16.50 5.70 10.20 12.00 17.40 29.70 22.80 12.60 4.20
17.70 5.10 4.80 23.10 0.90 25.80 16.50 9.90 3.00 27.90
5.70 4.50 1.20 24.30 12.90 21.60 9.30 25.20 18.90 25.80
17.70 27.90 2.40 27.60 5.10 13.50 18.90 23.10 23.40 27.90
18.90 0.60 7.50 8.10 14.70 29.40 10.20 24.00 16.80 4.20
21.60 16.80 20.40 1.50 10.80 21.30 25.80 17.70 2.70 26.40
23.10 8.40 3.60 3.30 26.70 23.10 10.50 17.10 12.00 8.40
11.70 14.70 21.90 29.40 18.30 27.30 3.30 27.30 29.70 16.80
13.20 22.50 21.90 3.30 20.10 23.40 9.60 1.20 10.20 18.00
7.50 24.30 14.10 8.10 27.90 12.30 6.00 16.20 12.00 2.40
1.20 18.60 12.90 3.90 15.90 15.60 4.50 9.30 13.20 21.00
21.90 7.50 4.80 14.40 16.50 13.50 4.20 0.60 5.40 26.40
1.20 0.30 3.90 23.10 18.00 11.70 1.50 6.30 23.70 8.70
0.90 27.30 12.60 15.60 6.30 0.90 9.00 17.40 8.40 9.90
8.10 21.00 12.60 17.40 17.70 3.30 18.30 27.00 13.20 27.30
19.20 14.70 23.40 15.00 11.40 5.10 18.00 27.30 3.60 23.40
3.60 14.10 14.10 29.40 29.40 27.30 14.10 12.30 1.80 0.60
29.10 27.90 13.50 18.30 23.70 3.00 0.30 19.50 20.40 13.80
12.90 6.30 13.50 6.00 29.40 15.90 28.20 26.10 19.80 12.60
2.10 23.10 6.30 5.10 24.90 21.30 24.60 26.10 8.70 26.70
16.20 1.80 8.40 6.90 0.90 16.50 21.60 27.30 12.90 1.50
8.70 27.90 26.10 17.40 21.00 2.10 25.50 13.80 3.90 15.30
21.60 20.40 7.20 22.80 0.90 8.10 26.70 12.00 26.70 22.80
22.50 29.40 25.50 15.30 14.10 10.50 28.80 28.50 18.30 17.10
22.80 3.60 10.50 1.50 14.70 5.40 23.70 28.50 2.40 23.40
10.80 21.60 24.90 18.90 18.00 24.60 3.60 13.20 27.00 9.30
22.20 4.80 10.20 9.90 21.90 11.10 5.10 3.90 24.60 1.50
28.80 6.00 16.20 25.80 2.40 26.70 18.00 18.30 26.40 5.70
26.40 27.60 10.50 4.80 11.10 18.00 4.80 20.10 4.80 28.50
19.80 9.30 12.90 17.10 12.90 7.50 7.20 11.10 18.90 11.10
18.60 5.10 8.40 4.20 10.80 18.00 29.10 24.60 21.00 1.80
0.90 7.20 1.20 23.40 14.10 8.40 28.50 25.20 21.60 11.40
7.50 12.90 11.70 20.70 24.00 5.10 1.50 22.50 27.90 10.80
12.00 2.10 29.40 19.80 2.10 27.30 10.50 2.70 29.10 11.70
1.20 27.60 21.60 8.10 19.80 28.20 27.60 1.20 0.90 10.80
