# nJobs | nMachines
50 5
# Job Weights
51
31
41
26
89
93
35
47
99
14
11
81
33
9
30
79
1
92
90
100
29
21
81
54
86
89
85
16
23
89
70
7
15
68
16
52
42
91
15
74
98
72
45
11
66
11
4
92
68
13
# P_bar : m1 | m2 | m3 | m4 | m5
82 6 49 57 34
73 49 25 88 31
84 84 46 88 15
63 72 37 43 32
14 39 56 25 45
73 51 50 81 50
84 77 9 3 81
9 59 62 3 46
38 97 10 78 93
67 5 89 97 13
76 83 66 74 47
18 51 98 71 50
70 9 10 50 70
69 9 70 70 21
4 59 92 23 41
58 30 36 43 12
66 86 82 51 18
11 49 54 97 28
1 46 34 57 22
51 13 34 77 60
38 45 5 90 69
16 51 12 58 49
81 68 3 75 38
39 82 56 4 80
56 6 44 12 52
83 99 41 2 45
27 12 14 4 34
29 8 25 28 3
93 36 78 54 61
70 24 25 39 96
64 82 89 30 99
22 73 83 71 49
84 66 78 89 78
25 69 23 33 34
73 71 51 85 78
81 70 7 2 79
10 61 20 69 64
46 42 30 20 55
32 77 30 64 63
38 10 30 94 24
68 2 63 3 58
40 6 82 41 25
33 24 40 37 93
79 97 39 36 73
64 15 37 74 45
36 91 44 53 93
62 32 2 49 37
82 68 27 77 64
44 17 71 13 92
99 1 45 37 59
# P_hat : m1 | m2 | m3 | m4 | m5
8.20 0.60 4.90 5.70 3.40
7.30 4.90 2.50 8.80 3.10
8.40 8.40 4.60 8.80 1.50
6.30 7.20 3.70 4.30 3.20
1.40 3.90 5.60 2.50 4.50
7.30 5.10 5.00 8.10 5.00
8.40 7.70 0.90 0.30 8.10
0.90 5.90 6.20 0.30 4.60
3.80 9.70 1.00 7.80 9.30
6.70 0.50 8.90 9.70 1.30
7.60 8.30 6.60 7.40 4.70
1.80 5.10 9.80 7.10 5.00
7.00 0.90 1.00 5.00 7.00
6.90 0.90 7.00 7.00 2.10
0.40 5.90 9.20 2.30 4.10
5.80 3.00 3.60 4.30 1.20
6.60 8.60 8.20 5.10 1.80
1.10 4.90 5.40 9.70 2.80
0.10 4.60 3.40 5.70 2.20
5.10 1.30 3.40 7.70 6.00
3.80 4.50 0.50 9.00 6.90
1.60 5.10 1.20 5.80 4.90
8.10 6.80 0.30 7.50 3.80
3.90 8.20 5.60 0.40 8.00
5.60 0.60 4.40 1.20 5.20
8.30 9.90 4.10 0.20 4.50
2.70 1.20 1.40 0.40 3.40
2.90 0.80 2.50 2.80 0.30
9.30 3.60 7.80 5.40 6.10
7.00 2.40 2.50 3.90 9.60
6.40 8.20 8.90 3.00 9.90
2.20 7.30 8.30 7.10 4.90
8.40 6.60 7.80 8.90 7.80
2.50 6.90 2.30 3.30 3.40
7.30 7.10 5.10 8.50 7.80
8.10 7.00 0.70 0.20 7.90
1.00 6.10 2.00 6.90 6.40
4.60 4.20 3.00 2.00 5.50
3.20 7.70 3.00 6.40 6.30
3.80 1.00 3.00 9.40 2.40
6.80 0.20 6.30 0.30 5.80
4.00 0.60 8.20 4.10 2.50
3.30 2.40 4.00 3.70 9.30
7.90 9.70 3.90 3.60 7.30
6.40 1.50 3.70 7.40 4.50
3.60 9.10 4.40 5.30 9.30
6.20 3.20 0.20 4.90 3.70
8.20 6.80 2.70 7.70 6.40
4.40 1.70 7.10 1.30 9.20
9.90 0.10 4.50 3.70 5.90
