# nJobs | nMachines
50 20
# Job Weights
59
22
19
91
2
46
10
33
100
5
86
89
19
75
54
7
20
3
69
54
44
3
3
18
97
87
13
47
60
7
73
82
67
4
25
22
60
1
51
90
19
19
20
38
63
6
7
42
65
91
# P_bar : m1 | m2 | m3 | m4 | m5 | m6 | m7 | m8 | m9 | m10 | m11 | m12 | m13 | m14 | m15 | m16 | m17 | m18 | m19 | m20
48 23 51 26 8 82 1 32 1 2 28 43 4 44 44 82 6 49 57 34
92 69 84 46 37 97 77 38 59 21 81 63 40 23 6 73 49 25 88 31
43 33 28 30 33 3 92 67 53 86 96 67 5 89 18 84 84 46 88 15
35 11 63 49 4 46 57 93 22 8 99 22 37 96 51 63 72 37 43 32
7 5 86 3 8 86 46 80 10 33 79 82 80 80 77 14 39 56 25 45
51 54 99 81 38 62 75 75 48 88 97 41 46 44 47 73 51 50 81 50
85 42 27 4 97 26 2 59 94 33 15 69 14 69 27 84 77 9 3 81
66 12 24 46 75 56 14 51 46 65 6 81 81 7 17 9 59 62 3 46
87 40 36 95 76 67 14 7 57 8 77 21 16 10 42 38 97 10 78 93
71 30 83 20 93 87 79 65 55 89 98 54 10 15 84 67 5 89 97 13
16 51 24 56 69 46 64 6 66 46 5 42 79 55 3 76 83 66 74 47
40 94 54 57 10 66 8 59 69 76 51 53 35 27 69 18 51 98 71 50
22 24 34 85 25 53 73 30 7 57 51 52 41 55 3 70 9 10 50 70
12 28 49 31 40 34 15 67 13 51 60 26 83 2 6 69 9 70 70 21
2 84 43 44 88 52 71 41 64 58 17 69 13 82 94 4 59 92 23 41
90 69 5 1 90 81 6 32 83 62 98 80 93 42 58 58 30 36 43 12
63 44 70 11 57 68 54 63 39 59 46 46 55 88 65 66 86 82 51 18
52 98 56 72 39 48 59 7 46 71 87 10 48 84 36 11 49 54 97 28
15 36 71 6 29 4 49 8 59 12 44 81 35 38 28 1 46 34 57 22
6 21 12 68 97 25 38 89 36 11 18 99 75 69 68 51 13 34 77 60
18 9 30 62 51 76 21 51 69 82 71 6 66 31 73 38 45 5 90 69
87 48 77 18 97 46 60 81 47 56 93 90 82 5 81 16 51 12 58 49
66 30 55 21 5 13 8 9 83 57 97 79 3 3 12 81 68 3 75 38
7 15 92 48 75 72 35 13 25 53 44 34 79 37 89 39 82 56 4 80
43 21 78 32 91 72 81 27 12 45 18 56 78 14 53 56 6 44 12 52
27 43 79 42 80 82 96 74 28 96 59 75 48 35 14 83 99 41 2 45
78 91 52 79 81 32 61 59 30 31 9 54 99 61 88 27 12 14 4 34
80 49 19 74 60 25 89 98 49 39 45 94 91 43 78 29 8 25 28 3
73 86 16 82 97 58 58 31 81 12 78 84 29 38 63 93 36 78 54 61
86 36 21 3 14 17 32 98 56 13 67 55 87 48 81 70 24 25 39 96
82 41 37 64 2 99 59 48 96 8 65 64 27 89 29 64 82 89 30 99
33 10 85 90 55 54 89 74 89 49 50 14 2 86 15 22 73 83 71 49
92 75 56 10 97 81 99 76 73 4 87 18 48 37 81 84 66 78 89 78
8 56 29 72 60 73 7 75 52 33 29 6 33 20 84 25 69 23 33 34
87 70 56 2 8 93 79 78 12 22 80 27 92 33 36 73 71 51 85 78
64 73 23 49 30 73 38 11 98 30 14 20 15 1 8 81 70 7 2 79
7 57 19 88 87 79 1 71 12 34 70 54 55 8 60 10 61 20 69 64
26 51 52 53 42 54 67 54 40 19 10 30 24 61 24 46 42 30 20 55
79 34 39 59 16 72 63 10 70 24 30 58 59 41 57 32 77 30 64 63
49 62 4 88 56 37 42 96 35 56 19 35 41 40 87 38 10 30 94 24
71 3 46 97 86 68 3 97 58 96 51 66 49 10 61 68 2 63 3 58
72 34 59 98 4 22 29 75 95 35 4 85 88 10 57 40 6 82 41 25
69 27 22 94 30 94 23 41 41 43 23 78 67 75 85 33 24 40 37 93
30 29 76 95 15 37 21 30 71 8 9 15 49 9 45 79 97 39 36 73
28 25 34 93 24 15 25 73 90 5 62 29 81 81 69 64 15 37 74 45
46 97 63 95 23 31 48 84 3 65 30 31 89 40 15 36 91 44 53 93
75 30 32 6 57 46 33 22 68 64 20 45 43 13 7 62 32 2 49 37
78 28 72 1 81 33 92 8 5 20 69 41 24 10 87 82 68 27 77 64
34 48 92 15 77 82 2 98 18 54 88 84 70 53 58 44 17 71 13 92
4 99 72 66 43 75 12 68 26 38 22 51 74 28 61 99 1 45 37 59
# P_hat : m1 | m2 | m3 | m4 | m5 | m6 | m7 | m8 | m9 | m10 | m11 | m12 | m13 | m14 | m15 | m16 | m17 | m18 | m19 | m20
24.00 11.50 25.50 13.00 4.00 41.00 0.50 16.00 0.50 1.00 14.00 21.50 2.00 22.00 22.00 41.00 3.00 24.50 28.50 17.00
46.00 34.50 42.00 23.00 18.50 48.50 38.50 19.00 29.50 10.50 40.50 31.50 20.00 11.50 3.00 36.50 24.50 12.50 44.00 15.50
21.50 16.50 14.00 15.00 16.50 1.50 46.00 33.50 26.50 43.00 48.00 33.50 2.50 44.50 9.00 42.00 42.00 23.00 44.00 7.50
17.50 5.50 31.50 24.50 2.00 23.00 28.50 46.50 11.00 4.00 49.50 11.00 18.50 48.00 25.50 31.50 36.00 18.50 21.50 16.00
3.50 2.50 43.00 1.50 4.00 43.00 23.00 40.00 5.00 16.50 39.50 41.00 40.00 40.00 38.50 7.00 19.50 28.00 12.50 22.50
25.50 27.00 49.50 40.50 19.00 31.00 37.50 37.50 24.00 44.00 48.50 20.50 23.00 22.00 23.50 36.50 25.50 25.00 40.50 25.00
42.50 21.00 13.50 2.00 48.50 13.00 1.00 29.50 47.00 16.50 7.50 34.50 7.00 34.50 13.50 42.00 38.50 4.50 1.50 40.50
33.00 6.00 12.00 23.00 37.50 28.00 7.00 25.50 23.00 32.50 3.00 40.50 40.50 3.50 8.50 4.50 29.50 31.00 1.50 23.00
43.50 20.00 18.00 47.50 38.00 33.50 7.00 3.50 28.50 4.00 38.50 10.50 8.00 5.00 21.00 19.00 48.50 5.00 39.00 46.50
35.50 15.00 41.50 10.00 46.50 43.50 39.50 32.50 27.50 44.50 49.00 27.00 5.00 7.50 42.00 33.50 2.50 44.50 48.50 6.50
8.00 25.50 12.00 28.00 34.50 23.00 32.00 3.00 33.00 23.00 2.50 21.00 39.50 27.50 1.50 38.00 41.50 33.00 37.00 23.50
20.00 47.00 27.00 28.50 5.00 33.00 4.00 29.50 34.50 38.00 25.50 26.50 17.50 13.50 34.50 9.00 25.50 49.00 35.50 25.00
11.00 12.00 17.00 42.50 12.50 26.50 36.50 15.00 3.50 28.50 25.50 26.00 20.50 27.50 1.50 35.00 4.50 5.00 25.00 35.00
6.00 14.00 24.50 15.50 20.00 17.00 7.50 33.50 6.50 25.50 30.00 13.00 41.50 1.00 3.00 34.50 4.50 35.00 35.00 10.50
1.00 42.00 21.50 22.00 44.00 26.00 35.50 20.50 32.00 29.00 8.50 34.50 6.50 41.00 47.00 2.00 29.50 46.00 11.50 20.50
45.00 34.50 2.50 0.50 45.00 40.50 3.00 16.00 41.50 31.00 49.00 40.00 46.50 21.00 29.00 29.00 15.00 18.00 21.50 6.00
31.50 22.00 35.00 5.50 28.50 34.00 27.00 31.50 19.50 29.50 23.00 23.00 27.50 44.00 32.50 33.00 43.00 41.00 25.50 9.00
26.00 49.00 28.00 36.00 19.50 24.00 29.50 3.50 23.00 35.50 43.50 5.00 24.00 42.00 18.00 5.50 24.50 27.00 48.50 14.00
7.50 18.00 35.50 3.00 14.50 2.00 24.50 4.00 29.50 6.00 22.00 40.50 17.50 19.00 14.00 0.50 23.00 17.00 28.50 11.00
3.00 10.50 6.00 34.00 48.50 12.50 19.00 44.50 18.00 5.50 9.00 49.50 37.50 34.50 34.00 25.50 6.50 17.00 38.50 30.00
9.00 4.50 15.00 31.00 25.50 38.00 10.50 25.50 34.50 41.00 35.50 3.00 33.00 15.50 36.50 19.00 22.50 2.50 45.00 34.50
43.50 24.00 38.50 9.00 48.50 23.00 30.00 40.50 23.50 28.00 46.50 45.00 41.00 2.50 40.50 8.00 25.50 6.00 29.00 24.50
33.00 15.00 27.50 10.50 2.50 6.50 4.00 4.50 41.50 28.50 48.50 39.50 1.50 1.50 6.00 40.50 34.00 1.50 37.50 19.00
3.50 7.50 46.00 24.00 37.50 36.00 17.50 6.50 12.50 26.50 22.00 17.00 39.50 18.50 44.50 19.50 41.00 28.00 2.00 40.00
21.50 10.50 39.00 16.00 45.50 36.00 40.50 13.50 6.00 22.50 9.00 28.00 39.00 7.00 26.50 28.00 3.00 22.00 6.00 26.00
13.50 21.50 39.50 21.00 40.00 41.00 48.00 37.00 14.00 48.00 29.50 37.50 24.00 17.50 7.00 41.50 49.50 20.50 1.00 22.50
39.00 45.50 26.00 39.50 40.50 16.00 30.50 29.50 15.00 15.50 4.50 27.00 49.50 30.50 44.00 13.50 6.00 7.00 2.00 17.00
40.00 24.50 9.50 37.00 30.00 12.50 44.50 49.00 24.50 19.50 22.50 47.00 45.50 21.50 39.00 14.50 4.00 12.50 14.00 1.50
36.50 43.00 8.00 41.00 48.50 29.00 29.00 15.50 40.50 6.00 39.00 42.00 14.50 19.00 31.50 46.50 18.00 39.00 27.00 30.50
43.00 18.00 10.50 1.50 7.00 8.50 16.00 49.00 28.00 6.50 33.50 27.50 43.50 24.00 40.50 35.00 12.00 12.50 19.50 48.00
41.00 20.50 18.50 32.00 1.00 49.50 29.50 24.00 48.00 4.00 32.50 32.00 13.50 44.50 14.50 32.00 41.00 44.50 15.00 49.50
16.50 5.00 42.50 45.00 27.50 27.00 44.50 37.00 44.50 24.50 25.00 7.00 1.00 43.00 7.50 11.00 36.50 41.50 35.50 24.50
46.00 37.50 28.00 5.00 48.50 40.50 49.50 38.00 36.50 2.00 43.50 9.00 24.00 18.50 40.50 42.00 33.00 39.00 44.50 39.00
4.00 28.00 14.50 36.00 30.00 36.50 3.50 37.50 26.00 16.50 14.50 3.00 16.50 10.00 42.00 12.50 34.50 11.50 16.50 17.00
43.50 35.00 28.00 1.00 4.00 46.50 39.50 39.00 6.00 11.00 40.00 13.50 46.00 16.50 18.00 36.50 35.50 25.50 42.50 39.00
32.00 36.50 11.50 24.50 15.00 36.50 19.00 5.50 49.00 15.00 7.00 10.00 7.50 0.50 4.00 40.50 35.00 3.50 1.00 39.50
3.50 28.50 9.50 44.00 43.50 39.50 0.50 35.50 6.00 17.00 35.00 27.00 27.50 4.00 30.00 5.00 30.50 10.00 34.50 32.00
13.00 25.50 26.00 26.50 21.00 27.00 33.50 27.00 20.00 9.50 5.00 15.00 12.00 30.50 12.00 23.00 21.00 15.00 10.00 27.50
39.50 17.00 19.50 29.50 8.00 36.00 31.50 5.00 35.00 12.00 15.00 29.00 29.50 20.50 28.50 16.00 38.50 15.00 32.00 31.50
24.50 31.00 2.00 44.00 28.00 18.50 21.00 48.00 17.50 28.00 9.50 17.50 20.50 20.00 43.50 19.00 5.00 15.00 47.00 12.00
35.50 1.50 23.00 48.50 43.00 34.00 1.50 48.50 29.00 48.00 25.50 33.00 24.50 5.00 30.50 34.00 1.00 31.50 1.50 29.00
36.00 17.00 29.50 49.00 2.00 11.00 14.50 37.50 47.50 17.50 2.00 42.50 44.00 5.00 28.50 20.00 3.00 41.00 20.50 12.50
34.50 13.50 11.00 47.00 15.00 47.00 11.50 20.50 20.50 21.50 11.50 39.00 33.50 37.50 42.50 16.50 12.00 20.00 18.50 46.50
15.00 14.50 38.00 47.50 7.50 18.50 10.50 15.00 35.50 4.00 4.50 7.50 24.50 4.50 22.50 39.50 48.50 19.50 18.00 36.50
14.00 12.50 17.00 46.50 12.00 7.50 12.50 36.50 45.00 2.50 31.00 14.50 40.50 40.50 34.50 32.00 7.50 18.50 37.00 22.50
23.00 48.50 31.50 47.50 11.50 15.50 24.00 42.00 1.50 32.50 15.00 15.50 44.50 20.00 7.50 18.00 45.50 22.00 26.50 46.50
37.50 15.00 16.00 3.00 28.50 23.00 16.50 11.00 34.00 32.00 10.00 22.50 21.50 6.50 3.50 31.00 16.00 1.00 24.50 18.50
39.00 14.00 36.00 0.50 40.50 16.50 46.00 4.00 2.50 10.00 34.50 20.50 12.00 5.00 43.50 41.00 34.00 13.50 38.50 32.00
17.00 24.00 46.00 7.50 38.50 41.00 1.00 49.00 9.00 27.00 44.00 42.00 35.00 26.50 29.00 22.00 8.50 35.50 6.50 46.00
2.00 49.50 36.00 33.00 21.50 37.50 6.00 34.00 13.00 19.00 11.00 25.50 37.00 14.00 30.50 49.50 0.50 22.50 18.50 29.50
