# nJobs | nMachines
50 10
# Job Weights
64
97
75
17
20
48
50
29
36
71
54
50
43
88
12
2
38
20
92
75
31
67
57
46
96
44
41
68
83
80
25
6
79
24
58
11
53
74
18
95
52
54
86
79
24
45
63
11
29
37
# P_bar : m1 | m2 | m3 | m4 | m5 | m6 | m7 | m8 | m9 | m10
16 13 42 37 68 24 51 8 59 67
90 27 21 43 3 1 57 54 85 99
63 27 21 87 58 57 82 15 73 57
73 9 90 77 57 86 47 47 87 47
57 88 54 39 49 35 82 73 87 93
17 3 64 35 13 9 14 33 89 35
29 29 55 49 72 55 79 73 48 32
16 96 93 66 13 8 57 35 57 77
94 39 1 35 13 93 88 45 59 28
47 15 36 2 5 11 79 75 73 75
24 61 16 38 88 39 22 83 66 95
39 76 7 73 38 10 72 12 95 15
2 79 98 28 82 84 58 59 61 18
5 67 20 97 41 80 78 95 13 97
75 6 83 20 61 59 18 96 79 37
7 61 77 46 85 37 48 75 88 53
74 32 39 85 81 80 72 62 19 97
96 76 63 53 53 69 38 44 18 73
94 96 72 78 65 13 71 43 21 60
44 59 47 73 89 19 82 30 33 39
63 85 21 72 50 25 61 47 11 48
38 36 98 82 78 92 73 36 8 9
22 23 97 59 38 45 50 65 8 17
76 72 86 24 82 14 56 85 83 83
2 71 7 6 38 73 95 1 13 10
11 44 81 94 38 85 16 71 89 2
71 88 5 67 85 75 6 13 63 66
94 58 56 66 55 96 7 54 64 50
77 51 57 30 64 33 86 2 53 36
57 73 15 33 47 17 21 82 28 45
45 10 7 32 87 76 27 16 17 86
58 85 85 51 66 96 44 15 2 8
16 16 77 38 5 4 64 14 77 47
96 41 14 8 16 16 32 49 61 52
41 40 23 82 48 9 46 68 73 98
52 57 10 63 29 66 37 28 69 22
57 85 93 77 67 46 39 87 23 55
39 73 57 73 72 64 96 85 56 62
74 9 58 66 5 3 44 90 78 23
35 24 31 65 79 93 70 17 65 82
52 94 92 75 30 74 41 54 85 32
42 4 6 17 64 29 56 59 99 20
82 96 37 22 3 68 44 25 52 38
43 37 77 34 80 38 27 23 78 23
47 84 80 3 11 86 41 60 8 40
34 2 41 8 99 90 66 60 58 55
96 94 18 87 32 50 87 68 51 79
13 21 68 50 25 11 42 70 43 66
33 4 81 76 84 64 7 80 52 97
58 73 41 16 12 4 54 4 41 29
# P_hat : m1 | m2 | m3 | m4 | m5 | m6 | m7 | m8 | m9 | m10
8.00 6.50 21.00 18.50 34.00 12.00 25.50 4.00 29.50 33.50
45.00 13.50 10.50 21.50 1.50 0.50 28.50 27.00 42.50 49.50
31.50 13.50 10.50 43.50 29.00 28.50 41.00 7.50 36.50 28.50
36.50 4.50 45.00 38.50 28.50 43.00 23.50 23.50 43.50 23.50
28.50 44.00 27.00 19.50 24.50 17.50 41.00 36.50 43.50 46.50
8.50 1.50 32.00 17.50 6.50 4.50 7.00 16.50 44.50 17.50
14.50 14.50 27.50 24.50 36.00 27.50 39.50 36.50 24.00 16.00
8.00 48.00 46.50 33.00 6.50 4.00 28.50 17.50 28.50 38.50
47.00 19.50 0.50 17.50 6.50 46.50 44.00 22.50 29.50 14.00
23.50 7.50 18.00 1.00 2.50 5.50 39.50 37.50 36.50 37.50
12.00 30.50 8.00 19.00 44.00 19.50 11.00 41.50 33.00 47.50
19.50 38.00 3.50 36.50 19.00 5.00 36.00 6.00 47.50 7.50
1.00 39.50 49.00 14.00 41.00 42.00 29.00 29.50 30.50 9.00
2.50 33.50 10.00 48.50 20.50 40.00 39.00 47.50 6.50 48.50
37.50 3.00 41.50 10.00 30.50 29.50 9.00 48.00 39.50 18.50
3.50 30.50 38.50 23.00 42.50 18.50 24.00 37.50 44.00 26.50
37.00 16.00 19.50 42.50 40.50 40.00 36.00 31.00 9.50 48.50
48.00 38.00 31.50 26.50 26.50 34.50 19.00 22.00 9.00 36.50
47.00 48.00 36.00 39.00 32.50 6.50 35.50 21.50 10.50 30.00
22.00 29.50 23.50 36.50 44.50 9.50 41.00 15.00 16.50 19.50
31.50 42.50 10.50 36.00 25.00 12.50 30.50 23.50 5.50 24.00
19.00 18.00 49.00 41.00 39.00 46.00 36.50 18.00 4.00 4.50
11.00 11.50 48.50 29.50 19.00 22.50 25.00 32.50 4.00 8.50
38.00 36.00 43.00 12.00 41.00 7.00 28.00 42.50 41.50 41.50
1.00 35.50 3.50 3.00 19.00 36.50 47.50 0.50 6.50 5.00
5.50 22.00 40.50 47.00 19.00 42.50 8.00 35.50 44.50 1.00
35.50 44.00 2.50 33.50 42.50 37.50 3.00 6.50 31.50 33.00
47.00 29.00 28.00 33.00 27.50 48.00 3.50 27.00 32.00 25.00
38.50 25.50 28.50 15.00 32.00 16.50 43.00 1.00 26.50 18.00
28.50 36.50 7.50 16.50 23.50 8.50 10.50 41.00 14.00 22.50
22.50 5.00 3.50 16.00 43.50 38.00 13.50 8.00 8.50 43.00
29.00 42.50 42.50 25.50 33.00 48.00 22.00 7.50 1.00 4.00
8.00 8.00 38.50 19.00 2.50 2.00 32.00 7.00 38.50 23.50
48.00 20.50 7.00 4.00 8.00 8.00 16.00 24.50 30.50 26.00
20.50 20.00 11.50 41.00 24.00 4.50 23.00 34.00 36.50 49.00
26.00 28.50 5.00 31.50 14.50 33.00 18.50 14.00 34.50 11.00
28.50 42.50 46.50 38.50 33.50 23.00 19.50 43.50 11.50 27.50
19.50 36.50 28.50 36.50 36.00 32.00 48.00 42.50 28.00 31.00
37.00 4.50 29.00 33.00 2.50 1.50 22.00 45.00 39.00 11.50
17.50 12.00 15.50 32.50 39.50 46.50 35.00 8.50 32.50 41.00
26.00 47.00 46.00 37.50 15.00 37.00 20.50 27.00 42.50 16.00
21.00 2.00 3.00 8.50 32.00 14.50 28.00 29.50 49.50 10.00
41.00 48.00 18.50 11.00 1.50 34.00 22.00 12.50 26.00 19.00
21.50 18.50 38.50 17.00 40.00 19.00 13.50 11.50 39.00 11.50
23.50 42.00 40.00 1.50 5.50 43.00 20.50 30.00 4.00 20.00
17.00 1.00 20.50 4.00 49.50 45.00 33.00 30.00 29.00 27.50
48.00 47.00 9.00 43.50 16.00 25.00 43.50 34.00 25.50 39.50
6.50 10.50 34.00 25.00 12.50 5.50 21.00 35.00 21.50 33.00
16.50 2.00 40.50 38.00 42.00 32.00 3.50 40.00 26.00 48.50
29.00 36.50 20.50 8.00 6.00 2.00 27.00 2.00 20.50 14.50
