# nJobs | nMachines
50 10
# Job Weights
13
53
1
11
35
50
87
83
43
87
65
75
36
41
96
27
58
39
54
26
4
4
67
65
62
100
14
67
78
64
41
32
66
32
26
69
32
8
84
99
17
33
85
94
95
67
59
42
78
61
# P_bar : m1 | m2 | m3 | m4 | m5 | m6 | m7 | m8 | m9 | m10
46 61 3 51 37 79 83 22 27 24
52 87 1 24 16 93 87 29 92 47
79 51 58 21 42 68 38 99 75 39
45 25 85 57 47 75 38 25 94 66
97 73 33 69 94 37 86 98 18 41
10 93 71 51 14 44 67 55 41 46
44 28 58 50 94 34 23 80 37 24
24 90 56 51 34 39 19 82 58 23
85 94 64 21 72 76 97 33 56 68
75 59 43 19 36 62 78 68 20 50
66 64 48 63 88 74 66 47 2 93
49 2 69 91 51 28 67 74 39 22
95 16 96 11 41 78 7 26 91 64
61 35 35 6 71 43 23 61 81 81
19 53 82 31 94 98 67 95 33 94
47 40 53 63 99 83 8 55 14 97
84 81 64 36 11 91 77 11 88 54
13 26 11 39 97 27 71 42 22 82
11 85 61 57 44 6 85 72 36 11
19 4 36 47 77 82 29 14 65 91
98 4 53 56 69 60 49 8 79 23
2 10 87 65 91 44 3 98 23 32
85 63 88 59 38 43 94 90 66 26
44 96 10 4 25 76 76 36 5 22
7 55 32 10 87 99 95 75 15 12
73 71 38 12 7 66 48 69 51 23
19 66 25 62 66 11 4 26 2 34
69 94 24 43 54 35 37 24 81 87
12 7 90 49 86 52 82 55 12 59
73 15 7 54 49 8 57 98 40 2
85 11 11 87 3 40 61 86 59 38
23 99 49 29 48 62 6 30 32 84
53 37 2 2 44 25 97 92 16 62
16 50 76 18 93 24 5 94 87 10
88 56 17 75 37 30 27 66 78 11
8 69 32 39 82 1 95 47 41 93
26 22 39 77 31 73 46 3 43 57
42 56 9 69 59 27 92 41 94 81
58 67 83 15 78 16 46 41 1 10
63 63 69 78 33 91 52 47 93 40
7 96 67 68 36 33 8 89 22 62
2 74 28 37 3 11 11 28 93 49
44 4 88 22 58 99 7 39 62 90
38 42 23 41 10 2 54 80 53 34
24 40 91 92 98 60 72 47 30 11
76 30 71 67 6 90 57 57 34 81
85 93 3 24 44 36 85 74 27 51
61 36 26 87 62 62 22 38 30 21
32 25 41 91 24 15 87 59 54 39
90 87 96 31 94 3 65 5 77 27
# P_hat : m1 | m2 | m3 | m4 | m5 | m6 | m7 | m8 | m9 | m10
13.80 18.30 0.90 15.30 11.10 23.70 24.90 6.60 8.10 7.20
15.60 26.10 0.30 7.20 4.80 27.90 26.10 8.70 27.60 14.10
23.70 15.30 17.40 6.30 12.60 20.40 11.40 29.70 22.50 11.70
13.50 7.50 25.50 17.10 14.10 22.50 11.40 7.50 28.20 19.80
29.10 21.90 9.90 20.70 28.20 11.10 25.80 29.40 5.40 12.30
3.00 27.90 21.30 15.30 4.20 13.20 20.10 16.50 12.30 13.80
13.20 8.40 17.40 15.00 28.20 10.20 6.90 24.00 11.10 7.20
7.20 27.00 16.80 15.30 10.20 11.70 5.70 24.60 17.40 6.90
25.50 28.20 19.20 6.30 21.60 22.80 29.10 9.90 16.80 20.40
22.50 17.70 12.90 5.70 10.80 18.60 23.40 20.40 6.00 15.00
19.80 19.20 14.40 18.90 26.40 22.20 19.80 14.10 0.60 27.90
14.70 0.60 20.70 27.30 15.30 8.40 20.10 22.20 11.70 6.60
28.50 4.80 28.80 3.30 12.30 23.40 2.10 7.80 27.30 19.20
18.30 10.50 10.50 1.80 21.30 12.90 6.90 18.30 24.30 24.30
5.70 15.90 24.60 9.30 28.20 29.40 20.10 28.50 9.90 28.20
14.10 12.00 15.90 18.90 29.70 24.90 2.40 16.50 4.20 29.10
25.20 24.30 19.20 10.80 3.30 27.30 23.10 3.30 26.40 16.20
3.90 7.80 3.30 11.70 29.10 8.10 21.30 12.60 6.60 24.60
3.30 25.50 18.30 17.10 13.20 1.80 25.50 21.60 10.80 3.30
5.70 1.20 10.80 14.10 23.10 24.60 8.70 4.20 19.50 27.30
29.40 1.20 15.90 16.80 20.70 18.00 14.70 2.40 23.70 6.90
0.60 3.00 26.10 19.50 27.30 13.20 0.90 29.40 6.90 9.60
25.50 18.90 26.40 17.70 11.40 12.90 28.20 27.00 19.80 7.80
13.20 28.80 3.00 1.20 7.50 22.80 22.80 10.80 1.50 6.60
2.10 16.50 9.60 3.00 26.10 29.70 28.50 22.50 4.50 3.60
21.90 21.30 11.40 3.60 2.10 19.80 14.40 20.70 15.30 6.90
5.70 19.80 7.50 18.60 19.80 3.30 1.20 7.80 0.60 10.20
20.70 28.20 7.20 12.90 16.20 10.50 11.10 7.20 24.30 26.10
3.60 2.10 27.00 14.70 25.80 15.60 24.60 16.50 3.60 17.70
21.90 4.50 2.10 16.20 14.70 2.40 17.10 29.40 12.00 0.60
25.50 3.30 3.30 26.10 0.90 12.00 18.30 25.80 17.70 11.40
6.90 29.70 14.70 8.70 14.40 18.60 1.80 9.00 9.60 25.20
15.90 11.10 0.60 0.60 13.20 7.50 29.10 27.60 4.80 18.60
4.80 15.00 22.80 5.40 27.90 7.20 1.50 28.20 26.10 3.00
26.40 16.80 5.10 22.50 11.10 9.00 8.10 19.80 23.40 3.30
2.40 20.70 9.60 11.70 24.60 0.30 28.50 14.10 12.30 27.90
7.80 6.60 11.70 23.10 9.30 21.90 13.80 0.90 12.90 17.10
12.60 16.80 2.70 20.70 17.70 8.10 27.60 12.30 28.20 24.30
17.40 20.10 24.90 4.50 23.40 4.80 13.80 12.30 0.30 3.00
18.90 18.90 20.70 23.40 9.90 27.30 15.60 14.10 27.90 12.00
2.10 28.80 20.10 20.40 10.80 9.90 2.40 26.70 6.60 18.60
0.60 22.20 8.40 11.10 0.90 3.30 3.30 8.40 27.90 14.70
13.20 1.20 26.40 6.60 17.40 29.70 2.10 11.70 18.60 27.00
11.40 12.60 6.90 12.30 3.00 0.60 16.20 24.00 15.90 10.20
7.20 12.00 27.30 27.60 29.40 18.00 21.60 14.10 9.00 3.30
22.80 9.00 21.30 20.10 1.80 27.00 17.10 17.10 10.20 24.30
25.50 27.90 0.90 7.20 13.20 10.80 25.50 22.20 8.10 15.30
18.30 10.80 7.80 26.10 18.60 18.60 6.60 11.40 9.00 6.30
9.60 7.50 12.30 27.30 7.20 4.50 26.10 17.70 16.20 11.70
27.00 26.10 28.80 9.30 28.20 0.90 19.50 1.50 23.10 8.10
