# nJobs | nMachines
100 20
# Job Weights
50
77
32
5
6
56
22
11
14
73
40
43
19
63
53
42
94
96
42
2
30
88
95
57
45
49
67
20
24
98
47
45
33
66
27
94
58
61
65
20
89
79
53
99
79
92
73
10
23
94
43
43
27
9
31
55
34
58
59
46
89
31
54
15
30
92
26
34
21
57
63
91
52
66
5
10
22
17
73
57
5
93
78
75
47
61
57
88
67
91
74
98
95
20
31
79
48
70
74
46
# P_bar : m1 | m2 | m3 | m4 | m5 | m6 | m7 | m8 | m9 | m10 | m11 | m12 | m13 | m14 | m15 | m16 | m17 | m18 | m19 | m20
26 10 96 51 22 56 43 91 72 41 28 80 27 7 70 73 37 27 32 31
99 37 7 11 57 24 51 78 40 61 96 54 80 2 18 59 80 32 41 42
68 69 16 52 50 10 85 60 88 28 51 21 35 31 13 18 47 59 6 95
38 91 74 11 63 91 51 42 94 93 98 17 75 22 35 30 12 89 44 39
74 75 74 22 22 7 86 29 27 79 40 79 49 82 26 14 31 6 69 55
84 54 50 20 18 95 23 77 83 81 5 75 86 9 97 5 87 66 87 90
3 37 76 52 85 47 33 65 82 38 48 95 63 59 17 81 98 89 40 3
38 44 65 60 89 96 86 60 53 41 96 86 30 31 63 37 64 63 80 69
60 37 34 95 35 30 12 97 44 63 51 95 33 69 9 17 74 96 28 21
87 69 69 57 93 96 94 88 6 90 80 22 70 44 7 78 29 36 39 61
87 45 64 17 14 91 2 72 86 66 90 86 34 57 98 57 22 58 66 21
88 56 47 77 94 3 36 62 18 77 8 24 86 59 43 64 88 27 94 56
68 6 28 48 90 45 96 6 14 51 81 75 19 11 79 10 27 72 98 78
37 76 59 10 39 18 63 88 47 41 65 34 65 7 84 65 52 47 46 53
99 60 45 97 69 9 10 12 26 11 92 10 56 69 54 45 67 13 48 29
62 41 19 62 89 50 66 57 46 35 50 65 95 5 9 49 67 81 83 90
75 13 69 11 93 81 18 78 88 44 27 63 62 61 65 97 2 4 61 77
54 92 37 54 80 91 79 96 48 5 53 2 72 13 50 5 32 57 85 71
8 74 41 35 40 70 98 9 8 14 26 70 77 30 13 31 92 31 61 77
36 44 39 12 50 96 58 18 66 61 61 6 17 63 66 17 6 56 94 71
85 41 28 40 33 98 45 24 89 27 57 39 72 63 11 41 87 19 77 75
20 16 2 99 90 15 97 68 16 80 9 6 62 59 71 16 15 21 9 95
68 6 77 73 12 42 46 45 49 30 74 82 43 90 50 68 43 33 85 45
55 74 48 60 92 11 32 6 46 66 6 55 85 24 77 77 38 60 42 2
22 50 57 9 96 67 11 29 3 10 68 63 75 19 70 5 23 43 6 16
48 18 75 70 50 87 63 18 12 18 51 48 80 53 21 13 77 39 74 20
9 62 88 7 25 24 6 40 21 73 18 39 45 38 13 28 46 10 83 60
38 96 46 35 15 8 38 70 55 9 10 26 95 75 36 4 20 74 67 12
44 50 97 36 65 43 32 62 15 68 25 80 89 40 42 89 84 89 18 96
37 12 64 75 8 70 29 62 2 94 6 92 33 35 43 15 92 98 39 26
63 46 15 20 57 83 87 9 87 97 56 32 93 95 89 20 91 68 52 22
60 54 7 89 66 49 42 86 17 96 42 76 83 6 21 4 88 50 95 26
43 53 88 20 29 38 8 15 68 21 43 38 19 85 89 46 31 33 72 30
97 72 41 10 20 46 8 76 76 73 63 93 52 94 24 88 68 61 64 58
42 10 89 73 35 75 90 23 87 6 50 22 57 21 50 55 85 30 7 9
68 52 95 54 59 13 48 40 77 13 91 17 55 84 98 84 18 51 68 22
45 88 77 88 1 12 89 63 77 53 32 48 24 92 7 66 32 33 26 61
46 95 13 70 73 35 94 39 12 79 81 25 4 49 76 9 22 26 9 76
19 41 88 25 45 96 47 24 56 66 92 74 96 49 20 82 45 6 87 54
69 91 70 48 79 7 23 36 57 39 85 60 31 98 66 43 94 24 4 56
66 5 85 2 64 10 59 24 7 35 40 34 17 38 87 2 84 70 95 19
22 37 68 67 54 89 61 89 46 38 70 14 93 28 19 59 98 68 75 45
42 47 4 56 49 91 58 9 69 18 51 92 23 60 64 61 74 80 64 27
54 96 31 59 24 36 83 18 2 82 48 95 34 38 62 37 8 13 19 60
2 53 67 7 81 33 89 89 69 62 7 51 27 58 19 90 37 73 85 74
94 14 67 32 94 52 95 32 5 37 44 50 70 82 94 90 21 13 2 40
95 6 75 61 67 34 3 56 77 93 75 96 26 20 12 71 51 35 70 84
69 4 9 32 70 94 78 77 53 84 99 89 80 39 69 82 62 39 96 11
15 15 9 59 39 73 46 76 39 48 91 94 4 24 5 88 68 44 58 2
38 7 44 33 87 36 5 8 55 58 22 10 48 43 44 6 43 86 19 27
15 96 24 60 21 27 8 56 17 56 93 91 81 76 75 57 97 24 27 31
53 43 16 72 13 27 59 85 3 88 88 50 76 3 23 32 70 30 39 31
43 12 25 79 90 81 25 79 54 24 29 72 28 28 66 90 24 83 6 53
94 42 42 89 70 1 67 72 18 37 94 60 64 82 5 69 65 27 67 45
90 89 88 42 71 1 15 50 12 94 11 98 47 26 82 92 35 74 51 86
92 86 85 49 86 83 90 39 96 4 13 27 4 71 25 54 4 81 72 31
3 7 17 4 41 22 99 69 82 92 47 85 46 4 67 98 28 15 20 2
31 56 32 94 23 73 38 96 67 88 12 71 84 71 76 59 45 13 84 13
74 20 36 30 18 98 19 94 8 37 81 63 20 93 68 51 37 87 35 74
35 34 60 23 63 2 77 83 25 3 77 29 77 75 57 12 40 27 58 50
51 77 85 89 9 88 61 76 55 70 15 34 66 98 86 46 39 88 46 44
75 24 15 7 50 32 55 55 25 30 97 61 21 84 13 45 68 17 88 7
61 85 65 76 87 78 12 33 76 92 64 56 94 35 97 27 70 37 38 5
27 52 68 35 43 57 8 15 2 54 87 35 77 53 73 26 12 65 79 10
17 93 62 47 33 74 95 76 59 94 33 9 53 45 6 8 28 45 82 60
31 31 60 77 18 30 88 36 72 72 93 12 34 18 90 56 9 6 27 58
9 65 27 47 28 56 55 54 88 86 65 53 53 32 71 12 99 77 91 69
70 94 9 10 21 90 81 67 48 18 89 67 48 59 5 14 83 27 14 4
56 45 97 88 61 5 9 56 75 23 3 16 18 2 70 90 92 20 86 42
98 20 73 16 57 48 32 92 44 28 97 68 89 33 91 96 41 1 3 21
67 79 41 88 69 98 62 18 10 11 3 12 76 63 28 66 62 28 50 39
57 19 89 82 9 36 50 67 22 33 31 45 86 47 26 97 83 69 40 58
41 3 95 34 18 55 75 94 42 57 80 25 42 99 75 32 34 81 91 99
78 96 71 52 68 54 66 28 98 84 47 83 57 8 34 98 24 87 29 28
60 84 7 79 8 7 43 1 33 71 8 76 77 41 10 16 6 33 26 8
7 18 79 77 24 85 87 33 52 31 79 7 86 23 80 14 2 6 42 2
15 26 75 74 90 61 40 36 1 47 62 97 71 38 38 86 89 98 36 2
21 52 15 8 7 94 98 18 99 38 80 63 21 49 16 48 24 25 42 4
43 68 86 69 47 88 42 3 37 34 11 78 4 86 5 65 22 49 66 81
26 28 9 11 32 33 49 65 74 25 95 76 5 54 99 4 13 32 21 24
42 84 74 18 95 78 50 44 35 95 5 40 2 12 13 47 42 9 28 57
82 23 45 37 70 89 29 79 15 20 83 57 66 57 83 86 99 19 58 19
7 1 83 47 86 18 28 86 58 39 48 37 81 1 45 8 22 24 60 24
43 44 31 84 86 14 35 19 15 90 23 93 49 3 93 99 80 63 23 46
14 3 84 17 8 46 48 58 41 17 8 92 42 63 96 37 96 37 48 27
1 37 70 70 71 20 37 30 48 58 60 54 14 7 62 42 20 11 24 51
62 42 63 74 23 89 42 64 94 98 54 92 4 35 70 76 79 68 2 12
71 1 2 26 50 17 11 4 96 39 12 42 64 78 96 84 4 94 31 18
26 55 42 90 53 65 38 65 89 99 97 29 30 54 58 63 92 34 80 78
96 76 79 53 32 80 24 57 8 44 98 85 52 89 65 63 26 33 50 87
17 41 59 74 6 13 97 73 82 45 36 3 86 7 16 78 28 90 47 71
75 71 59 87 38 70 45 37 36 53 95 10 34 2 29 41 5 58 61 83
5 40 11 30 93 7 54 44 31 88 69 6 86 34 46 62 34 36 91 7
38 31 73 8 66 43 28 51 13 8 46 53 94 41 77 54 41 57 71 33
28 9 44 60 1 24 4 21 26 17 93 34 94 25 36 79 9 4 39 54
20 8 13 60 99 23 68 15 40 13 44 45 3 56 24 40 55 81 65 30
32 46 63 74 62 31 89 63 77 72 92 78 60 40 66 57 12 84 63 84
85 20 25 34 5 38 86 65 83 60 71 96 90 89 60 17 78 8 78 8
97 66 68 46 37 63 39 28 44 62 63 17 35 92 86 63 37 8 87 4
36 19 94 26 41 43 71 82 77 2 74 85 96 12 12 28 15 8 96 95
# P_hat : m1 | m2 | m3 | m4 | m5 | m6 | m7 | m8 | m9 | m10 | m11 | m12 | m13 | m14 | m15 | m16 | m17 | m18 | m19 | m20
10.40 4.00 38.40 20.40 8.80 22.40 17.20 36.40 28.80 16.40 11.20 32.00 10.80 2.80 28.00 29.20 14.80 10.80 12.80 12.40
39.60 14.80 2.80 4.40 22.80 9.60 20.40 31.20 16.00 24.40 38.40 21.60 32.00 0.80 7.20 23.60 32.00 12.80 16.40 16.80
27.20 27.60 6.40 20.80 20.00 4.00 34.00 24.00 35.20 11.20 20.40 8.40 14.00 12.40 5.20 7.20 18.80 23.60 2.40 38.00
15.20 36.40 29.60 4.40 25.20 36.40 20.40 16.80 37.60 37.20 39.20 6.80 30.00 8.80 14.00 12.00 4.80 35.60 17.60 15.60
29.60 30.00 29.60 8.80 8.80 2.80 34.40 11.60 10.80 31.60 16.00 31.60 19.60 32.80 10.40 5.60 12.40 2.40 27.60 22.00
33.60 21.60 20.00 8.00 7.20 38.00 9.20 30.80 33.20 32.40 2.00 30.00 34.40 3.60 38.80 2.00 34.80 26.40 34.80 36.00
1.20 14.80 30.40 20.80 34.00 18.80 13.20 26.00 32.80 15.20 19.20 38.00 25.20 23.60 6.80 32.40 39.20 35.60 16.00 1.20
15.20 17.60 26.00 24.00 35.60 38.40 34.40 24.00 21.20 16.40 38.40 34.40 12.00 12.40 25.20 14.80 25.60 25.20 32.00 27.60
24.00 14.80 13.60 38.00 14.00 12.00 4.80 38.80 17.60 25.20 20.40 38.00 13.20 27.60 3.60 6.80 29.60 38.40 11.20 8.40
34.80 27.60 27.60 22.80 37.20 38.40 37.60 35.20 2.40 36.00 32.00 8.80 28.00 17.60 2.80 31.20 11.60 14.40 15.60 24.40
34.80 18.00 25.60 6.80 5.60 36.40 0.80 28.80 34.40 26.40 36.00 34.40 13.60 22.80 39.20 22.80 8.80 23.20 26.40 8.40
35.20 22.40 18.80 30.80 37.60 1.20 14.40 24.80 7.20 30.80 3.20 9.60 34.40 23.60 17.20 25.60 35.20 10.80 37.60 22.40
27.20 2.40 11.20 19.20 36.00 18.00 38.40 2.40 5.60 20.40 32.40 30.00 7.60 4.40 31.60 4.00 10.80 28.80 39.20 31.20
14.80 30.40 23.60 4.00 15.60 7.20 25.20 35.20 18.80 16.40 26.00 13.60 26.00 2.80 33.60 26.00 20.80 18.80 18.40 21.20
39.60 24.00 18.00 38.80 27.60 3.60 4.00 4.80 10.40 4.40 36.80 4.00 22.40 27.60 21.60 18.00 26.80 5.20 19.20 11.60
24.80 16.40 7.60 24.80 35.60 20.00 26.40 22.80 18.40 14.00 20.00 26.00 38.00 2.00 3.60 19.60 26.80 32.40 33.20 36.00
30.00 5.20 27.60 4.40 37.20 32.40 7.20 31.20 35.20 17.60 10.80 25.20 24.80 24.40 26.00 38.80 0.80 1.60 24.40 30.80
21.60 36.80 14.80 21.60 32.00 36.40 31.60 38.40 19.20 2.00 21.20 0.80 28.80 5.20 20.00 2.00 12.80 22.80 34.00 28.40
3.20 29.60 16.40 14.00 16.00 28.00 39.20 3.60 3.20 5.60 10.40 28.00 30.80 12.00 5.20 12.40 36.80 12.40 24.40 30.80
14.40 17.60 15.60 4.80 20.00 38.40 23.20 7.20 26.40 24.40 24.40 2.40 6.80 25.20 26.40 6.80 2.40 22.40 37.60 28.40
34.00 16.40 11.20 16.00 13.20 39.20 18.00 9.60 35.60 10.80 22.80 15.60 28.80 25.20 4.40 16.40 34.80 7.60 30.80 30.00
8.00 6.40 0.80 39.60 36.00 6.00 38.80 27.20 6.40 32.00 3.60 2.40 24.80 23.60 28.40 6.40 6.00 8.40 3.60 38.00
27.20 2.40 30.80 29.20 4.80 16.80 18.40 18.00 19.60 12.00 29.60 32.80 17.20 36.00 20.00 27.20 17.20 13.20 34.00 18.00
22.00 29.60 19.20 24.00 36.80 4.40 12.80 2.40 18.40 26.40 2.40 22.00 34.00 9.60 30.80 30.80 15.20 24.00 16.80 0.80
8.80 20.00 22.80 3.60 38.40 26.80 4.40 11.60 1.20 4.00 27.20 25.20 30.00 7.60 28.00 2.00 9.20 17.20 2.40 6.40
19.20 7.20 30.00 28.00 20.00 34.80 25.20 7.20 4.80 7.20 20.40 19.20 32.00 21.20 8.40 5.20 30.80 15.60 29.60 8.00
3.60 24.80 35.20 2.80 10.00 9.60 2.40 16.00 8.40 29.20 7.20 15.60 18.00 15.20 5.20 11.20 18.40 4.00 33.20 24.00
15.20 38.40 18.40 14.00 6.00 3.20 15.20 28.00 22.00 3.60 4.00 10.40 38.00 30.00 14.40 1.60 8.00 29.60 26.80 4.80
17.60 20.00 38.80 14.40 26.00 17.20 12.80 24.80 6.00 27.20 10.00 32.00 35.60 16.00 16.80 35.60 33.60 35.60 7.20 38.40
14.80 4.80 25.60 30.00 3.20 28.00 11.60 24.80 0.80 37.60 2.40 36.80 13.20 14.00 17.20 6.00 36.80 39.20 15.60 10.40
25.20 18.40 6.00 8.00 22.80 33.20 34.80 3.60 34.80 38.80 22.40 12.80 37.20 38.00 35.60 8.00 36.40 27.20 20.80 8.80
24.00 21.60 2.80 35.60 26.40 19.60 16.80 34.40 6.80 38.40 16.80 30.40 33.20 2.40 8.40 1.60 35.20 20.00 38.00 10.40
17.20 21.20 35.20 8.00 11.60 15.20 3.20 6.00 27.20 8.40 17.20 15.20 7.60 34.00 35.60 18.40 12.40 13.20 28.80 12.00
38.80 28.80 16.40 4.00 8.00 18.40 3.20 30.40 30.40 29.20 25.20 37.20 20.80 37.60 9.60 35.20 27.20 24.40 25.60 23.20
16.80 4.00 35.60 29.20 14.00 30.00 36.00 9.20 34.80 2.40 20.00 8.80 22.80 8.40 20.00 22.00 34.00 12.00 2.80 3.60
27.20 20.80 38.00 21.60 23.60 5.20 19.20 16.00 30.80 5.20 36.40 6.80 22.00 33.60 39.20 33.60 7.20 20.40 27.20 8.80
18.00 35.20 30.80 35.20 0.40 4.80 35.60 25.20 30.80 21.20 12.80 19.20 9.60 36.80 2.80 26.40 12.80 13.20 10.40 24.40
18.40 38.00 5.20 28.00 29.20 14.00 37.60 15.60 4.80 31.60 32.40 10.00 1.60 19.60 30.40 3.60 8.80 10.40 3.60 30.40
7.60 16.40 35.20 10.00 18.00 38.40 18.80 9.60 22.40 26.40 36.80 29.60 38.40 19.60 8.00 32.80 18.00 2.40 34.80 21.60
27.60 36.40 28.00 19.20 31.60 2.80 9.20 14.40 22.80 15.60 34.00 24.00 12.40 39.20 26.40 17.20 37.60 9.60 1.60 22.40
26.40 2.00 34.00 0.80 25.60 4.00 23.60 9.60 2.80 14.00 16.00 13.60 6.80 15.20 34.80 0.80 33.60 28.00 38.00 7.60
8.80 14.80 27.20 26.80 21.60 35.60 24.40 35.60 18.40 15.20 28.00 5.60 37.20 11.20 7.60 23.60 39.20 27.20 30.00 18.00
16.80 18.80 1.60 22.40 19.60 36.40 23.20 3.60 27.60 7.20 20.40 36.80 9.20 24.00 25.60 24.40 29.60 32.00 25.60 10.80
21.60 38.40 12.40 23.60 9.60 14.40 33.20 7.20 0.80 32.80 19.20 38.00 13.60 15.20 24.80 14.80 3.20 5.20 7.60 24.00
0.80 21.20 26.80 2.80 32.40 13.20 35.60 35.60 27.60 24.80 2.80 20.40 10.80 23.20 7.60 36.00 14.80 29.20 34.00 29.60
37.60 5.60 26.80 12.80 37.60 20.80 38.00 12.80 2.00 14.80 17.60 20.00 28.00 32.80 37.60 36.00 8.40 5.20 0.80 16.00
38.00 2.40 30.00 24.40 26.80 13.60 1.20 22.40 30.80 37.20 30.00 38.40 10.40 8.00 4.80 28.40 20.40 14.00 28.00 33.60
27.60 1.60 3.60 12.80 28.00 37.60 31.20 30.80 21.20 33.60 39.60 35.60 32.00 15.60 27.60 32.80 24.80 15.60 38.40 4.40
6.00 6.00 3.60 23.60 15.60 29.20 18.40 30.40 15.60 19.20 36.40 37.60 1.60 9.60 2.00 35.20 27.20 17.60 23.20 0.80
15.20 2.80 17.60 13.20 34.80 14.40 2.00 3.20 22.00 23.20 8.80 4.00 19.20 17.20 17.60 2.40 17.20 34.40 7.60 10.80
6.00 38.40 9.60 24.00 8.40 10.80 3.20 22.40 6.80 22.40 37.20 36.40 32.40 30.40 30.00 22.80 38.80 9.60 10.80 12.40
21.20 17.20 6.40 28.80 5.20 10.80 23.60 34.00 1.20 35.20 35.20 20.00 30.40 1.20 9.20 12.80 28.00 12.00 15.60 12.40
17.20 4.80 10.00 31.60 36.00 32.40 10.00 31.60 21.60 9.60 11.60 28.80 11.20 11.20 26.40 36.00 9.60 33.20 2.40 21.20
37.60 16.80 16.80 35.60 28.00 0.40 26.80 28.80 7.20 14.80 37.60 24.00 25.60 32.80 2.00 27.60 26.00 10.80 26.80 18.00
36.00 35.60 35.20 16.80 28.40 0.40 6.00 20.00 4.80 37.60 4.40 39.20 18.80 10.40 32.80 36.80 14.00 29.60 20.40 34.40
36.80 34.40 34.00 19.60 34.40 33.20 36.00 15.60 38.40 1.60 5.20 10.80 1.60 28.40 10.00 21.60 1.60 32.40 28.80 12.40
1.20 2.80 6.80 1.60 16.40 8.80 39.60 27.60 32.80 36.80 18.80 34.00 18.40 1.60 26.80 39.20 11.20 6.00 8.00 0.80
12.40 22.40 12.80 37.60 9.20 29.20 15.20 38.40 26.80 35.20 4.80 28.40 33.60 28.40 30.40 23.60 18.00 5.20 33.60 5.20
29.60 8.00 14.40 12.00 7.20 39.20 7.60 37.60 3.20 14.80 32.40 25.20 8.00 37.20 27.20 20.40 14.80 34.80 14.00 29.60
14.00 13.60 24.00 9.20 25.20 0.80 30.80 33.20 10.00 1.20 30.80 11.60 30.80 30.00 22.80 4.80 16.00 10.80 23.20 20.00
20.40 30.80 34.00 35.60 3.60 35.20 24.40 30.40 22.00 28.00 6.00 13.60 26.40 39.20 34.40 18.40 15.60 35.20 18.40 17.60
30.00 9.60 6.00 2.80 20.00 12.80 22.00 22.00 10.00 12.00 38.80 24.40 8.40 33.60 5.20 18.00 27.20 6.80 35.20 2.80
24.40 34.00 26.00 30.40 34.80 31.20 4.80 13.20 30.40 36.80 25.60 22.40 37.60 14.00 38.80 10.80 28.00 14.80 15.20 2.00
10.80 20.80 27.20 14.00 17.20 22.80 3.20 6.00 0.80 21.60 34.80 14.00 30.80 21.20 29.20 10.40 4.80 26.00 31.60 4.00
6.80 37.20 24.80 18.80 13.20 29.60 38.00 30.40 23.60 37.60 13.20 3.60 21.20 18.00 2.40 3.20 11.20 18.00 32.80 24.00
12.40 12.40 24.00 30.80 7.20 12.00 35.20 14.40 28.80 28.80 37.20 4.80 13.60 7.20 36.00 22.40 3.60 2.40 10.80 23.20
3.60 26.00 10.80 18.80 11.20 22.40 22.00 21.60 35.20 34.40 26.00 21.20 21.20 12.80 28.40 4.80 39.60 30.80 36.40 27.60
28.00 37.60 3.60 4.00 8.40 36.00 32.40 26.80 19.20 7.20 35.60 26.80 19.20 23.60 2.00 5.60 33.20 10.80 5.60 1.60
22.40 18.00 38.80 35.20 24.40 2.00 3.60 22.40 30.00 9.20 1.20 6.40 7.20 0.80 28.00 36.00 36.80 8.00 34.40 16.80
39.20 8.00 29.20 6.40 22.80 19.20 12.80 36.80 17.60 11.20 38.80 27.20 35.60 13.20 36.40 38.40 16.40 0.40 1.20 8.40
26.80 31.60 16.40 35.20 27.60 39.20 24.80 7.20 4.00 4.40 1.20 4.80 30.40 25.20 11.20 26.40 24.80 11.20 20.00 15.60
22.80 7.60 35.60 32.80 3.60 14.40 20.00 26.80 8.80 13.20 12.40 18.00 34.40 18.80 10.40 38.80 33.20 27.60 16.00 23.20
16.40 1.20 38.00 13.60 7.20 22.00 30.00 37.60 16.80 22.80 32.00 10.00 16.80 39.60 30.00 12.80 13.60 32.40 36.40 39.60
31.20 38.40 28.40 20.80 27.20 21.60 26.40 11.20 39.20 33.60 18.80 33.20 22.80 3.20 13.60 39.20 9.60 34.80 11.60 11.20
24.00 33.60 2.80 31.60 3.20 2.80 17.20 0.40 13.20 28.40 3.20 30.40 30.80 16.40 4.00 6.40 2.40 13.20 10.40 3.20
2.80 7.20 31.60 30.80 9.60 34.00 34.80 13.20 20.80 12.40 31.60 2.80 34.40 9.20 32.00 5.60 0.80 2.40 16.80 0.80
6.00 10.40 30.00 29.60 36.00 24.40 16.00 14.40 0.40 18.80 24.80 38.80 28.40 15.20 15.20 34.40 35.60 39.20 14.40 0.80
8.40 20.80 6.00 3.20 2.80 37.60 39.20 7.20 39.60 15.20 32.00 25.20 8.40 19.60 6.40 19.20 9.60 10.00 16.80 1.60
17.20 27.20 34.40 27.60 18.80 35.20 16.80 1.20 14.80 13.60 4.40 31.20 1.60 34.40 2.00 26.00 8.80 19.60 26.40 32.40
10.40 11.20 3.60 4.40 12.80 13.20 19.60 26.00 29.60 10.00 38.00 30.40 2.00 21.60 39.60 1.60 5.20 12.80 8.40 9.60
16.80 33.60 29.60 7.20 38.00 31.20 20.00 17.60 14.00 38.00 2.00 16.00 0.80 4.80 5.20 18.80 16.80 3.60 11.20 22.80
32.80 9.20 18.00 14.80 28.00 35.60 11.60 31.60 6.00 8.00 33.20 22.80 26.40 22.80 33.20 34.40 39.60 7.60 23.20 7.60
2.80 0.40 33.20 18.80 34.40 7.20 11.20 34.40 23.20 15.60 19.20 14.80 32.40 0.40 18.00 3.20 8.80 9.60 24.00 9.60
17.20 17.60 12.40 33.60 34.40 5.60 14.00 7.60 6.00 36.00 9.20 37.20 19.60 1.20 37.20 39.60 32.00 25.20 9.20 18.40
5.60 1.20 33.60 6.80 3.20 18.40 19.20 23.20 16.40 6.80 3.20 36.80 16.80 25.20 38.40 14.80 38.40 14.80 19.20 10.80
0.40 14.80 28.00 28.00 28.40 8.00 14.80 12.00 19.20 23.20 24.00 21.60 5.60 2.80 24.80 16.80 8.00 4.40 9.60 20.40
24.80 16.80 25.20 29.60 9.20 35.60 16.80 25.60 37.60 39.20 21.60 36.80 1.60 14.00 28.00 30.40 31.60 27.20 0.80 4.80
28.40 0.40 0.80 10.40 20.00 6.80 4.40 1.60 38.40 15.60 4.80 16.80 25.60 31.20 38.40 33.60 1.60 37.60 12.40 7.20
10.40 22.00 16.80 36.00 21.20 26.00 15.20 26.00 35.60 39.60 38.80 11.60 12.00 21.60 23.20 25.20 36.80 13.60 32.00 31.20
38.40 30.40 31.60 21.20 12.80 32.00 9.60 22.80 3.20 17.60 39.20 34.00 20.80 35.60 26.00 25.20 10.40 13.20 20.00 34.80
6.80 16.40 23.60 29.60 2.40 5.20 38.80 29.20 32.80 18.00 14.40 1.20 34.40 2.80 6.40 31.20 11.20 36.00 18.80 28.40
30.00 28.40 23.60 34.80 15.20 28.00 18.00 14.80 14.40 21.20 38.00 4.00 13.60 0.80 11.60 16.40 2.00 23.20 24.40 33.20
2.00 16.00 4.40 12.00 37.20 2.80 21.60 17.60 12.40 35.20 27.60 2.40 34.40 13.60 18.40 24.80 13.60 14.40 36.40 2.80
15.20 12.40 29.20 3.20 26.40 17.20 11.20 20.40 5.20 3.20 18.40 21.20 37.60 16.40 30.80 21.60 16.40 22.80 28.40 13.20
11.20 3.60 17.60 24.00 0.40 9.60 1.60 8.40 10.40 6.80 37.20 13.60 37.60 10.00 14.40 31.60 3.60 1.60 15.60 21.60
8.00 3.20 5.20 24.00 39.60 9.20 27.20 6.00 16.00 5.20 17.60 18.00 1.20 22.40 9.60 16.00 22.00 32.40 26.00 12.00
12.80 18.40 25.20 29.60 24.80 12.40 35.60 25.20 30.80 28.80 36.80 31.20 24.00 16.00 26.40 22.80 4.80 33.60 25.20 33.60
34.00 8.00 10.00 13.60 2.00 15.20 34.40 26.00 33.20 24.00 28.40 38.40 36.00 35.60 24.00 6.80 31.20 3.20 31.20 3.20
38.80 26.40 27.20 18.40 14.80 25.20 15.60 11.20 17.60 24.80 25.20 6.80 14.00 36.80 34.40 25.20 14.80 3.20 34.80 1.60
14.40 7.60 37.60 10.40 16.40 17.20 28.40 32.80 30.80 0.80 29.60 34.00 38.40 4.80 4.80 11.20 6.00 3.20 38.40 38.00
