# nJobs | nMachines
20 20
# Job Weights
3
77
76
50
50
16
74
55
74
97
22
42
49
82
17
63
63
1
33
43
# P_bar : m1 | m2 | m3 | m4 | m5 | m6 | m7 | m8 | m9 | m10 | m11 | m12 | m13 | m14 | m15 | m16 | m17 | m18 | m19 | m20
50 78 36 85 9 75 46 73 71 7 49 3 60 12 75 31 70 20 88 9
90 56 43 88 92 64 94 3 49 40 49 53 88 47 19 61 78 78 30 41
39 9 10 60 98 96 6 56 36 33 15 59 15 46 60 47 41 38 34 22
34 43 19 98 44 95 19 73 87 64 18 7 26 17 87 32 9 26 33 34
66 84 55 4 51 22 20 80 8 5 65 65 11 43 27 34 47 64 21 83
81 73 48 99 8 41 51 82 25 25 55 58 16 16 48 69 94 62 7 55
27 66 85 53 31 26 85 36 76 89 1 24 55 91 72 32 26 11 94 3
48 38 70 21 15 33 92 98 73 95 79 55 59 94 88 1 65 38 10 8
46 83 82 33 47 68 43 90 80 58 10 26 81 73 48 1 17 68 73 75
68 57 39 53 31 9 75 46 6 83 37 40 53 89 59 80 42 37 85 30
48 97 91 63 80 81 70 10 6 28 77 89 92 12 74 19 59 74 82 57
92 52 82 18 83 28 70 46 33 35 80 94 23 58 86 57 80 9 62 65
78 77 85 45 20 61 36 65 79 74 79 51 55 25 49 98 7 65 99 89
84 13 17 29 84 69 31 83 10 5 84 74 79 24 94 37 75 16 67 60
93 12 6 43 69 37 76 75 93 6 93 54 13 55 15 31 63 38 61 90
39 2 54 41 49 57 63 47 65 9 21 86 89 1 95 51 96 85 10 84
43 65 87 80 93 36 89 61 26 3 85 22 2 67 41 66 7 50 4 74
1 93 85 4 39 80 46 28 73 2 64 83 17 3 94 38 10 62 70 17
65 39 4 31 13 96 25 59 42 35 46 19 97 1 15 62 47 39 31 2
87 1 72 19 88 74 88 22 18 41 35 44 41 71 71 72 38 97 49 19
# P_hat : m1 | m2 | m3 | m4 | m5 | m6 | m7 | m8 | m9 | m10 | m11 | m12 | m13 | m14 | m15 | m16 | m17 | m18 | m19 | m20
20.00 31.20 14.40 34.00 3.60 30.00 18.40 29.20 28.40 2.80 19.60 1.20 24.00 4.80 30.00 12.40 28.00 8.00 35.20 3.60
36.00 22.40 17.20 35.20 36.80 25.60 37.60 1.20 19.60 16.00 19.60 21.20 35.20 18.80 7.60 24.40 31.20 31.20 12.00 16.40
15.60 3.60 4.00 24.00 39.20 38.40 2.40 22.40 14.40 13.20 6.00 23.60 6.00 18.40 24.00 18.80 16.40 15.20 13.60 8.80
13.60 17.20 7.60 39.20 17.60 38.00 7.60 29.20 34.80 25.60 7.20 2.80 10.40 6.80 34.80 12.80 3.60 10.40 13.20 13.60
26.40 33.60 22.00 1.60 20.40 8.80 8.00 32.00 3.20 2.00 26.00 26.00 4.40 17.20 10.80 13.60 18.80 25.60 8.40 33.20
32.40 29.20 19.20 39.60 3.20 16.40 20.40 32.80 10.00 10.00 22.00 23.20 6.40 6.40 19.20 27.60 37.60 24.80 2.80 22.00
10.80 26.40 34.00 21.20 12.40 10.40 34.00 14.40 30.40 35.60 0.40 9.60 22.00 36.40 28.80 12.80 10.40 4.40 37.60 1.20
19.20 15.20 28.00 8.40 6.00 13.20 36.80 39.20 29.20 38.00 31.60 22.00 23.60 37.60 35.20 0.40 26.00 15.20 4.00 3.20
18.40 33.20 32.80 13.20 18.80 27.20 17.20 36.00 32.00 23.20 4.00 10.40 32.40 29.20 19.20 0.40 6.80 27.20 29.20 30.00
27.20 22.80 15.60 21.20 12.40 3.60 30.00 18.40 2.40 33.20 14.80 16.00 21.20 35.60 23.60 32.00 16.80 14.80 34.00 12.00
19.20 38.80 36.40 25.20 32.00 32.40 28.00 4.00 2.40 11.20 30.80 35.60 36.80 4.80 29.60 7.60 23.60 29.60 32.80 22.80
36.80 20.80 32.80 7.20 33.20 11.20 28.00 18.40 13.20 14.00 32.00 37.60 9.20 23.20 34.40 22.80 32.00 3.60 24.80 26.00
31.20 30.80 34.00 18.00 8.00 24.40 14.40 26.00 31.60 29.60 31.60 20.40 22.00 10.00 19.60 39.20 2.80 26.00 39.60 35.60
33.60 5.20 6.80 11.60 33.60 27.60 12.40 33.20 4.00 2.00 33.60 29.60 31.60 9.60 37.60 14.80 30.00 6.40 26.80 24.00
37.20 4.80 2.40 17.20 27.60 14.80 30.40 30.00 37.20 2.40 37.20 21.60 5.20 22.00 6.00 12.40 25.20 15.20 24.40 36.00
15.60 0.80 21.60 16.40 19.60 22.80 25.20 18.80 26.00 3.60 8.40 34.40 35.60 0.40 38.00 20.40 38.40 34.00 4.00 33.60
17.20 26.00 34.80 32.00 37.20 14.40 35.60 24.40 10.40 1.20 34.00 8.80 0.80 26.80 16.40 26.40 2.80 20.00 1.60 29.60
0.40 37.20 34.00 1.60 15.60 32.00 18.40 11.20 29.20 0.80 25.60 33.20 6.80 1.20 37.60 15.20 4.00 24.80 28.00 6.80
26.00 15.60 1.60 12.40 5.20 38.40 10.00 23.60 16.80 14.00 18.40 7.60 38.80 0.40 6.00 24.80 18.80 15.60 12.40 0.80
34.80 0.40 28.80 7.60 35.20 29.60 35.20 8.80 7.20 16.40 14.00 17.60 16.40 28.40 28.40 28.80 15.20 38.80 19.60 7.60
