# nJobs | nMachines
20 20
# Job Weights
94
34
14
52
10
96
34
1
93
57
30
50
86
13
21
38
70
65
79
90
# P_bar : m1 | m2 | m3 | m4 | m5 | m6 | m7 | m8 | m9 | m10 | m11 | m12 | m13 | m14 | m15 | m16 | m17 | m18 | m19 | m20
55 74 99 34 59 20 94 12 76 12 97 50 5 76 84 4 75 79 18 99
56 41 82 67 33 35 43 8 4 78 44 71 87 5 21 24 39 35 85 52
21 10 14 16 71 25 68 15 45 58 93 27 66 59 4 88 38 97 7 21
77 36 14 83 49 81 77 21 25 13 11 86 33 52 37 53 72 68 2 41
83 69 63 64 22 19 42 75 23 22 74 24 2 16 72 7 26 93 93 69
43 1 67 32 6 4 75 84 77 53 69 58 32 14 86 35 50 29 20 88
11 21 16 43 68 42 17 29 3 92 60 20 43 3 17 45 83 94 50 80
64 72 46 67 14 58 85 15 20 7 95 12 16 1 96 45 15 14 95 83
59 37 28 37 36 18 54 26 49 62 83 61 96 24 38 43 71 84 3 4
37 54 91 79 17 19 83 83 35 94 97 57 22 47 43 31 13 29 30 99
96 88 69 31 30 73 30 38 29 8 37 34 17 19 13 58 94 35 44 59
27 65 34 41 83 14 52 32 59 81 86 64 75 76 81 88 16 13 97 47
9 97 9 3 94 44 89 13 14 5 61 43 31 13 12 52 28 51 13 92
63 71 7 11 53 13 54 10 94 24 68 94 62 67 57 99 17 49 7 11
82 13 43 71 30 11 74 23 11 98 87 37 76 7 62 87 95 40 72 73
31 90 62 21 74 55 86 28 17 85 19 13 30 7 87 47 65 11 49 31
27 88 29 26 24 91 27 42 80 75 12 28 8 14 90 32 84 98 83 70
67 39 70 98 47 51 22 68 70 57 39 2 34 99 94 24 93 61 75 15
82 46 28 39 76 42 24 78 20 37 85 82 35 5 94 99 98 19 63 57
65 89 62 73 28 47 11 39 25 96 6 10 73 11 81 22 65 53 47 19
# P_hat : m1 | m2 | m3 | m4 | m5 | m6 | m7 | m8 | m9 | m10 | m11 | m12 | m13 | m14 | m15 | m16 | m17 | m18 | m19 | m20
5.50 7.40 9.90 3.40 5.90 2.00 9.40 1.20 7.60 1.20 9.70 5.00 0.50 7.60 8.40 0.40 7.50 7.90 1.80 9.90
5.60 4.10 8.20 6.70 3.30 3.50 4.30 0.80 0.40 7.80 4.40 7.10 8.70 0.50 2.10 2.40 3.90 3.50 8.50 5.20
2.10 1.00 1.40 1.60 7.10 2.50 6.80 1.50 4.50 5.80 9.30 2.70 6.60 5.90 0.40 8.80 3.80 9.70 0.70 2.10
7.70 3.60 1.40 8.30 4.90 8.10 7.70 2.10 2.50 1.30 1.10 8.60 3.30 5.20 3.70 5.30 7.20 6.80 0.20 4.10
8.30 6.90 6.30 6.40 2.20 1.90 4.20 7.50 2.30 2.20 7.40 2.40 0.20 1.60 7.20 0.70 2.60 9.30 9.30 6.90
4.30 0.10 6.70 3.20 0.60 0.40 7.50 8.40 7.70 5.30 6.90 5.80 3.20 1.40 8.60 3.50 5.00 2.90 2.00 8.80
1.10 2.10 1.60 4.30 6.80 4.20 1.70 2.90 0.30 9.20 6.00 2.00 4.30 0.30 1.70 4.50 8.30 9.40 5.00 8.00
6.40 7.20 4.60 6.70 1.40 5.80 8.50 1.50 2.00 0.70 9.50 1.20 1.60 0.10 9.60 4.50 1.50 1.40 9.50 8.30
5.90 3.70 2.80 3.70 3.60 1.80 5.40 2.60 4.90 6.20 8.30 6.10 9.60 2.40 3.80 4.30 7.10 8.40 0.30 0.40
3.70 5.40 9.10 7.90 1.70 1.90 8.30 8.30 3.50 9.40 9.70 5.70 2.20 4.70 4.30 3.10 1.30 2.90 3.00 9.90
9.60 8.80 6.90 3.10 3.00 7.30 3.00 3.80 2.90 0.80 3.70 3.40 1.70 1.90 1.30 5.80 9.40 3.50 4.40 5.90
2.70 6.50 3.40 4.10 8.30 1.40 5.20 3.20 5.90 8.10 8.60 6.40 7.50 7.60 8.10 8.80 1.60 1.30 9.70 4.70
0.90 9.70 0.90 0.30 9.40 4.40 8.90 1.30 1.40 0.50 6.10 4.30 3.10 1.30 1.20 5.20 2.80 5.10 1.30 9.20
6.30 7.10 0.70 1.10 5.30 1.30 5.40 1.00 9.40 2.40 6.80 9.40 6.20 6.70 5.70 9.90 1.70 4.90 0.70 1.10
8.20 1.30 4.30 7.10 3.00 1.10 7.40 2.30 1.10 9.80 8.70 3.70 7.60 0.70 6.20 8.70 9.50 4.00 7.20 7.30
3.10 9.00 6.20 2.10 7.40 5.50 8.60 2.80 1.70 8.50 1.90 1.30 3.00 0.70 8.70 4.70 6.50 1.10 4.90 3.10
2.70 8.80 2.90 2.60 2.40 9.10 2.70 4.20 8.00 7.50 1.20 2.80 0.80 1.40 9.00 3.20 8.40 9.80 8.30 7.00
6.70 3.90 7.00 9.80 4.70 5.10 2.20 6.80 7.00 5.70 3.90 0.20 3.40 9.90 9.40 2.40 9.30 6.10 7.50 1.50
8.20 4.60 2.80 3.90 7.60 4.20 2.40 7.80 2.00 3.70 8.50 8.20 3.50 0.50 9.40 9.90 9.80 1.90 6.30 5.70
6.50 8.90 6.20 7.30 2.80 4.70 1.10 3.90 2.50 9.60 0.60 1.00 7.30 1.10 8.10 2.20 6.50 5.30 4.70 1.90
