# nJobs | nMachines
20 20
# Job Weights
3
71
24
31
31
2
17
63
68
12
14
62
3
23
20
54
14
58
20
69
# P_bar : m1 | m2 | m3 | m4 | m5 | m6 | m7 | m8 | m9 | m10 | m11 | m12 | m13 | m14 | m15 | m16 | m17 | m18 | m19 | m20
46 98 7 64 11 3 53 67 63 87 37 69 36 74 40 83 49 8 47 86
52 2 2 2 99 1 87 28 91 29 16 91 3 28 62 87 3 11 74 30
79 85 44 16 37 58 88 88 11 2 42 38 58 78 25 38 94 7 26 92
45 44 38 35 50 85 10 23 6 18 47 25 10 43 24 38 76 54 61 94
97 7 24 53 56 33 32 91 31 75 94 87 98 98 30 86 95 72 95 66
10 73 76 40 69 71 38 71 63 39 14 7 6 83 1 67 48 57 55 47
44 19 85 81 22 58 25 3 36 77 94 66 44 91 73 23 4 85 11 3
24 69 61 26 56 56 24 26 39 69 34 54 62 27 27 19 37 22 42 41
85 12 32 85 67 64 90 41 57 15 72 86 24 6 16 97 82 87 72 41
75 73 90 4 63 43 7 96 47 78 36 49 94 82 91 78 57 65 14 47
66 85 61 4 96 48 11 51 56 68 88 3 79 60 33 66 61 22 8 89
49 23 87 10 74 69 49 24 65 37 51 48 93 44 11 67 6 29 98 28
95 53 51 63 4 96 2 21 59 22 41 44 68 43 99 7 97 99 90 39
61 16 25 96 42 35 76 57 4 41 71 93 75 76 2 23 5 25 36 80
19 88 73 55 40 82 17 69 10 92 94 37 37 99 60 67 27 98 75 47
47 8 93 71 30 53 32 51 12 67 99 82 44 66 90 8 95 55 69 57
84 26 28 66 93 64 39 50 62 24 11 31 34 11 36 77 46 80 26 74
13 42 90 94 36 11 9 51 43 87 97 59 39 35 62 71 92 82 24 38
11 58 94 7 25 61 83 21 49 91 44 78 76 52 15 85 46 33 55 59
19 63 59 15 87 36 69 19 54 31 77 33 62 8 3 29 52 68 98 5
# P_hat : m1 | m2 | m3 | m4 | m5 | m6 | m7 | m8 | m9 | m10 | m11 | m12 | m13 | m14 | m15 | m16 | m17 | m18 | m19 | m20
4.60 9.80 0.70 6.40 1.10 0.30 5.30 6.70 6.30 8.70 3.70 6.90 3.60 7.40 4.00 8.30 4.90 0.80 4.70 8.60
5.20 0.20 0.20 0.20 9.90 0.10 8.70 2.80 9.10 2.90 1.60 9.10 0.30 2.80 6.20 8.70 0.30 1.10 7.40 3.00
7.90 8.50 4.40 1.60 3.70 5.80 8.80 8.80 1.10 0.20 4.20 3.80 5.80 7.80 2.50 3.80 9.40 0.70 2.60 9.20
4.50 4.40 3.80 3.50 5.00 8.50 1.00 2.30 0.60 1.80 4.70 2.50 1.00 4.30 2.40 3.80 7.60 5.40 6.10 9.40
9.70 0.70 2.40 5.30 5.60 3.30 3.20 9.10 3.10 7.50 9.40 8.70 9.80 9.80 3.00 8.60 9.50 7.20 9.50 6.60
1.00 7.30 7.60 4.00 6.90 7.10 3.80 7.10 6.30 3.90 1.40 0.70 0.60 8.30 0.10 6.70 4.80 5.70 5.50 4.70
4.40 1.90 8.50 8.10 2.20 5.80 2.50 0.30 3.60 7.70 9.40 6.60 4.40 9.10 7.30 2.30 0.40 8.50 1.10 0.30
2.40 6.90 6.10 2.60 5.60 5.60 2.40 2.60 3.90 6.90 3.40 5.40 6.20 2.70 2.70 1.90 3.70 2.20 4.20 4.10
8.50 1.20 3.20 8.50 6.70 6.40 9.00 4.10 5.70 1.50 7.20 8.60 2.40 0.60 1.60 9.70 8.20 8.70 7.20 4.10
7.50 7.30 9.00 0.40 6.30 4.30 0.70 9.60 4.70 7.80 3.60 4.90 9.40 8.20 9.10 7.80 5.70 6.50 1.40 4.70
6.60 8.50 6.10 0.40 9.60 4.80 1.10 5.10 5.60 6.80 8.80 0.30 7.90 6.00 3.30 6.60 6.10 2.20 0.80 8.90
4.90 2.30 8.70 1.00 7.40 6.90 4.90 2.40 6.50 3.70 5.10 4.80 9.30 4.40 1.10 6.70 0.60 2.90 9.80 2.80
9.50 5.30 5.10 6.30 0.40 9.60 0.20 2.10 5.90 2.20 4.10 4.40 6.80 4.30 9.90 0.70 9.70 9.90 9.00 3.90
6.10 1.60 2.50 9.60 4.20 3.50 7.60 5.70 0.40 4.10 7.10 9.30 7.50 7.60 0.20 2.30 0.50 2.50 3.60 8.00
1.90 8.80 7.30 5.50 4.00 8.20 1.70 6.90 1.00 9.20 9.40 3.70 3.70 9.90 6.00 6.70 2.70 9.80 7.50 4.70
4.70 0.80 9.30 7.10 3.00 5.30 3.20 5.10 1.20 6.70 9.90 8.20 4.40 6.60 9.00 0.80 9.50 5.50 6.90 5.70
8.40 2.60 2.80 6.60 9.30 6.40 3.90 5.00 6.20 2.40 1.10 3.10 3.40 1.10 3.60 7.70 4.60 8.00 2.60 7.40
1.30 4.20 9.00 9.40 3.60 1.10 0.90 5.10 4.30 8.70 9.70 5.90 3.90 3.50 6.20 7.10 9.20 8.20 2.40 3.80
1.10 5.80 9.40 0.70 2.50 6.10 8.30 2.10 4.90 9.10 4.40 7.80 7.60 5.20 1.50 8.50 4.60 3.30 5.50 5.90
1.90 6.30 5.90 1.50 8.70 3.60 6.90 1.90 5.40 3.10 7.70 3.30 6.20 0.80 0.30 2.90 5.20 6.80 9.80 0.50
