# nJobs | nMachines
50 20
# Job Weights
59
22
19
91
2
46
10
33
100
5
86
89
19
75
54
7
20
3
69
54
44
3
3
18
97
87
13
47
60
7
73
82
67
4
25
22
60
1
51
90
19
19
20
38
63
6
7
42
65
91
# P_bar : m1 | m2 | m3 | m4 | m5 | m6 | m7 | m8 | m9 | m10 | m11 | m12 | m13 | m14 | m15 | m16 | m17 | m18 | m19 | m20
48 23 51 26 8 82 1 32 1 2 28 43 4 44 44 82 6 49 57 34
92 69 84 46 37 97 77 38 59 21 81 63 40 23 6 73 49 25 88 31
43 33 28 30 33 3 92 67 53 86 96 67 5 89 18 84 84 46 88 15
35 11 63 49 4 46 57 93 22 8 99 22 37 96 51 63 72 37 43 32
7 5 86 3 8 86 46 80 10 33 79 82 80 80 77 14 39 56 25 45
51 54 99 81 38 62 75 75 48 88 97 41 46 44 47 73 51 50 81 50
85 42 27 4 97 26 2 59 94 33 15 69 14 69 27 84 77 9 3 81
66 12 24 46 75 56 14 51 46 65 6 81 81 7 17 9 59 62 3 46
87 40 36 95 76 67 14 7 57 8 77 21 16 10 42 38 97 10 78 93
71 30 83 20 93 87 79 65 55 89 98 54 10 15 84 67 5 89 97 13
16 51 24 56 69 46 64 6 66 46 5 42 79 55 3 76 83 66 74 47
40 94 54 57 10 66 8 59 69 76 51 53 35 27 69 18 51 98 71 50
22 24 34 85 25 53 73 30 7 57 51 52 41 55 3 70 9 10 50 70
12 28 49 31 40 34 15 67 13 51 60 26 83 2 6 69 9 70 70 21
2 84 43 44 88 52 71 41 64 58 17 69 13 82 94 4 59 92 23 41
90 69 5 1 90 81 6 32 83 62 98 80 93 42 58 58 30 36 43 12
63 44 70 11 57 68 54 63 39 59 46 46 55 88 65 66 86 82 51 18
52 98 56 72 39 48 59 7 46 71 87 10 48 84 36 11 49 54 97 28
15 36 71 6 29 4 49 8 59 12 44 81 35 38 28 1 46 34 57 22
6 21 12 68 97 25 38 89 36 11 18 99 75 69 68 51 13 34 77 60
18 9 30 62 51 76 21 51 69 82 71 6 66 31 73 38 45 5 90 69
87 48 77 18 97 46 60 81 47 56 93 90 82 5 81 16 51 12 58 49
66 30 55 21 5 13 8 9 83 57 97 79 3 3 12 81 68 3 75 38
7 15 92 48 75 72 35 13 25 53 44 34 79 37 89 39 82 56 4 80
43 21 78 32 91 72 81 27 12 45 18 56 78 14 53 56 6 44 12 52
27 43 79 42 80 82 96 74 28 96 59 75 48 35 14 83 99 41 2 45
78 91 52 79 81 32 61 59 30 31 9 54 99 61 88 27 12 14 4 34
80 49 19 74 60 25 89 98 49 39 45 94 91 43 78 29 8 25 28 3
73 86 16 82 97 58 58 31 81 12 78 84 29 38 63 93 36 78 54 61
86 36 21 3 14 17 32 98 56 13 67 55 87 48 81 70 24 25 39 96
82 41 37 64 2 99 59 48 96 8 65 64 27 89 29 64 82 89 30 99
33 10 85 90 55 54 89 74 89 49 50 14 2 86 15 22 73 83 71 49
92 75 56 10 97 81 99 76 73 4 87 18 48 37 81 84 66 78 89 78
8 56 29 72 60 73 7 75 52 33 29 6 33 20 84 25 69 23 33 34
87 70 56 2 8 93 79 78 12 22 80 27 92 33 36 73 71 51 85 78
64 73 23 49 30 73 38 11 98 30 14 20 15 1 8 81 70 7 2 79
7 57 19 88 87 79 1 71 12 34 70 54 55 8 60 10 61 20 69 64
26 51 52 53 42 54 67 54 40 19 10 30 24 61 24 46 42 30 20 55
79 34 39 59 16 72 63 10 70 24 30 58 59 41 57 32 77 30 64 63
49 62 4 88 56 37 42 96 35 56 19 35 41 40 87 38 10 30 94 24
71 3 46 97 86 68 3 97 58 96 51 66 49 10 61 68 2 63 3 58
72 34 59 98 4 22 29 75 95 35 4 85 88 10 57 40 6 82 41 25
69 27 22 94 30 94 23 41 41 43 23 78 67 75 85 33 24 40 37 93
30 29 76 95 15 37 21 30 71 8 9 15 49 9 45 79 97 39 36 73
28 25 34 93 24 15 25 73 90 5 62 29 81 81 69 64 15 37 74 45
46 97 63 95 23 31 48 84 3 65 30 31 89 40 15 36 91 44 53 93
75 30 32 6 57 46 33 22 68 64 20 45 43 13 7 62 32 2 49 37
78 28 72 1 81 33 92 8 5 20 69 41 24 10 87 82 68 27 77 64
34 48 92 15 77 82 2 98 18 54 88 84 70 53 58 44 17 71 13 92
4 99 72 66 43 75 12 68 26 38 22 51 74 28 61 99 1 45 37 59
# P_hat : m1 | m2 | m3 | m4 | m5 | m6 | m7 | m8 | m9 | m10 | m11 | m12 | m13 | m14 | m15 | m16 | m17 | m18 | m19 | m20
4.80 2.30 5.10 2.60 0.80 8.20 0.10 3.20 0.10 0.20 2.80 4.30 0.40 4.40 4.40 8.20 0.60 4.90 5.70 3.40
9.20 6.90 8.40 4.60 3.70 9.70 7.70 3.80 5.90 2.10 8.10 6.30 4.00 2.30 0.60 7.30 4.90 2.50 8.80 3.10
4.30 3.30 2.80 3.00 3.30 0.30 9.20 6.70 5.30 8.60 9.60 6.70 0.50 8.90 1.80 8.40 8.40 4.60 8.80 1.50
3.50 1.10 6.30 4.90 0.40 4.60 5.70 9.30 2.20 0.80 9.90 2.20 3.70 9.60 5.10 6.30 7.20 3.70 4.30 3.20
0.70 0.50 8.60 0.30 0.80 8.60 4.60 8.00 1.00 3.30 7.90 8.20 8.00 8.00 7.70 1.40 3.90 5.60 2.50 4.50
5.10 5.40 9.90 8.10 3.80 6.20 7.50 7.50 4.80 8.80 9.70 4.10 4.60 4.40 4.70 7.30 5.10 5.00 8.10 5.00
8.50 4.20 2.70 0.40 9.70 2.60 0.20 5.90 9.40 3.30 1.50 6.90 1.40 6.90 2.70 8.40 7.70 0.90 0.30 8.10
6.60 1.20 2.40 4.60 7.50 5.60 1.40 5.10 4.60 6.50 0.60 8.10 8.10 0.70 1.70 0.90 5.90 6.20 0.30 4.60
8.70 4.00 3.60 9.50 7.60 6.70 1.40 0.70 5.70 0.80 7.70 2.10 1.60 1.00 4.20 3.80 9.70 1.00 7.80 9.30
7.10 3.00 8.30 2.00 9.30 8.70 7.90 6.50 5.50 8.90 9.80 5.40 1.00 1.50 8.40 6.70 0.50 8.90 9.70 1.30
1.60 5.10 2.40 5.60 6.90 4.60 6.40 0.60 6.60 4.60 0.50 4.20 7.90 5.50 0.30 7.60 8.30 6.60 7.40 4.70
4.00 9.40 5.40 5.70 1.00 6.60 0.80 5.90 6.90 7.60 5.10 5.30 3.50 2.70 6.90 1.80 5.10 9.80 7.10 5.00
2.20 2.40 3.40 8.50 2.50 5.30 7.30 3.00 0.70 5.70 5.10 5.20 4.10 5.50 0.30 7.00 0.90 1.00 5.00 7.00
1.20 2.80 4.90 3.10 4.00 3.40 1.50 6.70 1.30 5.10 6.00 2.60 8.30 0.20 0.60 6.90 0.90 7.00 7.00 2.10
0.20 8.40 4.30 4.40 8.80 5.20 7.10 4.10 6.40 5.80 1.70 6.90 1.30 8.20 9.40 0.40 5.90 9.20 2.30 4.10
9.00 6.90 0.50 0.10 9.00 8.10 0.60 3.20 8.30 6.20 9.80 8.00 9.30 4.20 5.80 5.80 3.00 3.60 4.30 1.20
6.30 4.40 7.00 1.10 5.70 6.80 5.40 6.30 3.90 5.90 4.60 4.60 5.50 8.80 6.50 6.60 8.60 8.20 5.10 1.80
5.20 9.80 5.60 7.20 3.90 4.80 5.90 0.70 4.60 7.10 8.70 1.00 4.80 8.40 3.60 1.10 4.90 5.40 9.70 2.80
1.50 3.60 7.10 0.60 2.90 0.40 4.90 0.80 5.90 1.20 4.40 8.10 3.50 3.80 2.80 0.10 4.60 3.40 5.70 2.20
0.60 2.10 1.20 6.80 9.70 2.50 3.80 8.90 3.60 1.10 1.80 9.90 7.50 6.90 6.80 5.10 1.30 3.40 7.70 6.00
1.80 0.90 3.00 6.20 5.10 7.60 2.10 5.10 6.90 8.20 7.10 0.60 6.60 3.10 7.30 3.80 4.50 0.50 9.00 6.90
8.70 4.80 7.70 1.80 9.70 4.60 6.00 8.10 4.70 5.60 9.30 9.00 8.20 0.50 8.10 1.60 5.10 1.20 5.80 4.90
6.60 3.00 5.50 2.10 0.50 1.30 0.80 0.90 8.30 5.70 9.70 7.90 0.30 0.30 1.20 8.10 6.80 0.30 7.50 3.80
0.70 1.50 9.20 4.80 7.50 7.20 3.50 1.30 2.50 5.30 4.40 3.40 7.90 3.70 8.90 3.90 8.20 5.60 0.40 8.00
4.30 2.10 7.80 3.20 9.10 7.20 8.10 2.70 1.20 4.50 1.80 5.60 7.80 1.40 5.30 5.60 0.60 4.40 1.20 5.20
2.70 4.30 7.90 4.20 8.00 8.20 9.60 7.40 2.80 9.60 5.90 7.50 4.80 3.50 1.40 8.30 9.90 4.10 0.20 4.50
7.80 9.10 5.20 7.90 8.10 3.20 6.10 5.90 3.00 3.10 0.90 5.40 9.90 6.10 8.80 2.70 1.20 1.40 0.40 3.40
8.00 4.90 1.90 7.40 6.00 2.50 8.90 9.80 4.90 3.90 4.50 9.40 9.10 4.30 7.80 2.90 0.80 2.50 2.80 0.30
7.30 8.60 1.60 8.20 9.70 5.80 5.80 3.10 8.10 1.20 7.80 8.40 2.90 3.80 6.30 9.30 3.60 7.80 5.40 6.10
8.60 3.60 2.10 0.30 1.40 1.70 3.20 9.80 5.60 1.30 6.70 5.50 8.70 4.80 8.10 7.00 2.40 2.50 3.90 9.60
8.20 4.10 3.70 6.40 0.20 9.90 5.90 4.80 9.60 0.80 6.50 6.40 2.70 8.90 2.90 6.40 8.20 8.90 3.00 9.90
3.30 1.00 8.50 9.00 5.50 5.40 8.90 7.40 8.90 4.90 5.00 1.40 0.20 8.60 1.50 2.20 7.30 8.30 7.10 4.90
9.20 7.50 5.60 1.00 9.70 8.10 9.90 7.60 7.30 0.40 8.70 1.80 4.80 3.70 8.10 8.40 6.60 7.80 8.90 7.80
0.80 5.60 2.90 7.20 6.00 7.30 0.70 7.50 5.20 3.30 2.90 0.60 3.30 2.00 8.40 2.50 6.90 2.30 3.30 3.40
8.70 7.00 5.60 0.20 0.80 9.30 7.90 7.80 1.20 2.20 8.00 2.70 9.20 3.30 3.60 7.30 7.10 5.10 8.50 7.80
6.40 7.30 2.30 4.90 3.00 7.30 3.80 1.10 9.80 3.00 1.40 2.00 1.50 0.10 0.80 8.10 7.00 0.70 0.20 7.90
0.70 5.70 1.90 8.80 8.70 7.90 0.10 7.10 1.20 3.40 7.00 5.40 5.50 0.80 6.00 1.00 6.10 2.00 6.90 6.40
2.60 5.10 5.20 5.30 4.20 5.40 6.70 5.40 4.00 1.90 1.00 3.00 2.40 6.10 2.40 4.60 4.20 3.00 2.00 5.50
7.90 3.40 3.90 5.90 1.60 7.20 6.30 1.00 7.00 2.40 3.00 5.80 5.90 4.10 5.70 3.20 7.70 3.00 6.40 6.30
4.90 6.20 0.40 8.80 5.60 3.70 4.20 9.60 3.50 5.60 1.90 3.50 4.10 4.00 8.70 3.80 1.00 3.00 9.40 2.40
7.10 0.30 4.60 9.70 8.60 6.80 0.30 9.70 5.80 9.60 5.10 6.60 4.90 1.00 6.10 6.80 0.20 6.30 0.30 5.80
7.20 3.40 5.90 9.80 0.40 2.20 2.90 7.50 9.50 3.50 0.40 8.50 8.80 1.00 5.70 4.00 0.60 8.20 4.10 2.50
6.90 2.70 2.20 9.40 3.00 9.40 2.30 4.10 4.10 4.30 2.30 7.80 6.70 7.50 8.50 3.30 2.40 4.00 3.70 9.30
3.00 2.90 7.60 9.50 1.50 3.70 2.10 3.00 7.10 0.80 0.90 1.50 4.90 0.90 4.50 7.90 9.70 3.90 3.60 7.30
2.80 2.50 3.40 9.30 2.40 1.50 2.50 7.30 9.00 0.50 6.20 2.90 8.10 8.10 6.90 6.40 1.50 3.70 7.40 4.50
4.60 9.70 6.30 9.50 2.30 3.10 4.80 8.40 0.30 6.50 3.00 3.10 8.90 4.00 1.50 3.60 9.10 4.40 5.30 9.30
7.50 3.00 3.20 0.60 5.70 4.60 3.30 2.20 6.80 6.40 2.00 4.50 4.30 1.30 0.70 6.20 3.20 0.20 4.90 3.70
7.80 2.80 7.20 0.10 8.10 3.30 9.20 0.80 0.50 2.00 6.90 4.10 2.40 1.00 8.70 8.20 6.80 2.70 7.70 6.40
3.40 4.80 9.20 1.50 7.70 8.20 0.20 9.80 1.80 5.40 8.80 8.40 7.00 5.30 5.80 4.40 1.70 7.10 1.30 9.20
0.40 9.90 7.20 6.60 4.30 7.50 1.20 6.80 2.60 3.80 2.20 5.10 7.40 2.80 6.10 9.90 0.10 4.50 3.70 5.90
