# nJobs | nMachines
100 10
# Job Weights
61
94
33
82
18
5
89
32
39
69
34
33
1
23
63
34
46
52
1
65
25
38
53
20
27
85
83
17
69
41
48
25
66
98
29
9
54
27
100
77
74
14
18
52
32
67
70
26
98
51
99
81
62
68
54
65
82
82
26
33
17
5
24
63
52
81
64
61
83
70
35
21
90
25
58
93
79
1
9
8
37
74
32
94
17
52
98
31
13
15
62
81
14
8
78
2
61
96
91
3
# P_bar : m1 | m2 | m3 | m4 | m5 | m6 | m7 | m8 | m9 | m10
47 79 94 69 8 15 40 71 64 55
45 92 35 92 9 88 62 79 10 29
28 92 24 13 34 56 38 62 62 20
99 45 29 93 15 27 14 94 58 90
48 88 32 5 30 75 55 71 91 6
24 30 39 35 83 61 89 66 92 20
89 28 73 76 15 69 3 90 49 27
73 95 27 29 98 87 29 64 30 60
34 65 48 47 15 53 53 39 93 61
78 20 18 18 40 40 63 64 44 10
88 16 57 56 63 4 1 47 25 44
2 8 76 5 81 50 72 46 76 16
36 1 44 34 72 97 25 96 43 75
5 46 80 25 4 19 32 79 22 58
50 38 29 7 44 75 85 29 49 75
70 54 12 57 82 57 99 13 27 81
78 36 18 57 86 13 25 22 69 21
50 87 2 79 37 72 75 50 18 96
25 53 24 54 26 63 44 72 69 53
84 82 2 89 63 36 33 6 33 63
38 52 13 91 60 60 37 56 29 72
93 19 11 7 69 52 52 84 66 95
4 66 52 52 5 92 99 52 14 92
56 42 52 44 73 88 37 85 38 14
98 41 2 36 74 59 85 70 15 52
36 87 10 51 89 33 81 97 11 91
80 52 41 40 23 74 91 63 42 51
41 81 40 5 80 17 46 86 62 20
79 63 34 93 94 28 81 60 2 54
54 86 1 54 4 95 46 68 78 55
28 39 2 43 23 25 77 63 94 13
30 80 46 48 53 57 95 78 32 77
70 20 39 62 38 59 13 56 24 66
9 11 43 77 53 83 18 1 58 41
53 89 17 19 70 35 60 83 89 22
56 31 85 49 25 78 44 52 46 44
59 53 14 9 97 92 84 92 29 50
6 49 11 83 76 3 80 42 26 89
74 37 84 42 12 7 30 24 31 90
30 41 46 82 83 66 11 33 46 17
47 27 16 37 47 12 29 8 38 56
68 83 58 28 84 54 75 92 88 25
45 79 53 12 77 68 49 90 70 67
59 89 72 8 78 39 50 74 70 7
95 36 20 46 24 83 38 54 60 64
58 81 79 75 67 59 56 8 15 52
46 91 19 47 39 20 11 57 66 10
18 22 12 33 1 76 58 31 27 32
99 25 76 77 18 88 18 87 78 42
33 83 5 5 68 90 33 75 61 66
96 60 75 55 68 24 67 50 89 39
77 38 99 28 11 80 84 53 62 95
52 65 73 72 48 44 1 71 18 13
46 29 20 83 38 95 45 79 73 37
19 38 70 82 38 45 25 16 69 56
41 25 28 86 23 12 47 77 5 98
97 52 13 38 68 84 31 8 44 90
90 81 89 51 75 27 99 37 14 84
29 10 16 91 89 1 28 75 22 11
58 29 64 96 58 95 59 46 88 70
93 5 92 54 57 77 36 13 29 40
79 7 69 38 86 14 70 79 98 77
32 19 15 55 24 74 77 17 13 45
62 94 81 71 54 56 54 38 60 32
84 15 31 3 81 76 44 9 44 80
93 52 22 41 13 79 32 13 38 26
10 36 37 48 49 92 35 19 8 61
91 4 95 30 81 35 24 6 61 95
61 32 42 30 74 40 13 74 82 42
36 9 65 2 23 40 17 59 69 48
75 62 79 16 42 23 21 69 53 67
76 17 8 6 95 36 97 46 66 19
5 7 46 57 43 82 23 64 31 14
88 42 95 2 9 58 67 36 48 98
14 27 95 78 88 35 38 38 52 99
18 36 59 15 23 67 81 15 97 45
14 37 75 73 28 96 31 19 48 36
35 19 62 26 86 21 54 88 6 72
82 60 56 96 88 9 41 23 25 21
75 34 66 8 6 79 28 63 19 88
70 57 68 4 64 8 38 62 31 50
95 60 58 79 49 62 51 80 25 94
15 48 18 84 85 66 77 7 76 17
60 51 97 88 53 59 6 30 60 11
93 22 94 36 34 19 2 51 71 70
49 18 26 70 86 77 4 72 21 49
33 68 25 81 39 35 89 80 26 52
33 23 86 92 90 48 82 75 19 28
11 94 38 96 33 63 39 38 19 68
25 30 44 82 22 52 16 57 42 51
85 80 73 19 11 66 42 40 23 65
17 50 65 86 4 26 36 92 90 29
40 16 75 50 33 91 1 65 72 32
33 24 4 12 95 60 75 52 26 27
67 74 81 71 74 24 14 66 82 79
35 61 66 28 17 6 22 23 12 30
64 2 27 41 67 7 69 27 83 93
53 59 32 11 82 23 19 40 60 79
12 7 47 95 31 75 90 89 54 9
57 82 69 42 34 4 21 6 95 71
# P_hat : m1 | m2 | m3 | m4 | m5 | m6 | m7 | m8 | m9 | m10
4.70 7.90 9.40 6.90 0.80 1.50 4.00 7.10 6.40 5.50
4.50 9.20 3.50 9.20 0.90 8.80 6.20 7.90 1.00 2.90
2.80 9.20 2.40 1.30 3.40 5.60 3.80 6.20 6.20 2.00
9.90 4.50 2.90 9.30 1.50 2.70 1.40 9.40 5.80 9.00
4.80 8.80 3.20 0.50 3.00 7.50 5.50 7.10 9.10 0.60
2.40 3.00 3.90 3.50 8.30 6.10 8.90 6.60 9.20 2.00
8.90 2.80 7.30 7.60 1.50 6.90 0.30 9.00 4.90 2.70
7.30 9.50 2.70 2.90 9.80 8.70 2.90 6.40 3.00 6.00
3.40 6.50 4.80 4.70 1.50 5.30 5.30 3.90 9.30 6.10
7.80 2.00 1.80 1.80 4.00 4.00 6.30 6.40 4.40 1.00
8.80 1.60 5.70 5.60 6.30 0.40 0.10 4.70 2.50 4.40
0.20 0.80 7.60 0.50 8.10 5.00 7.20 4.60 7.60 1.60
3.60 0.10 4.40 3.40 7.20 9.70 2.50 9.60 4.30 7.50
0.50 4.60 8.00 2.50 0.40 1.90 3.20 7.90 2.20 5.80
5.00 3.80 2.90 0.70 4.40 7.50 8.50 2.90 4.90 7.50
7.00 5.40 1.20 5.70 8.20 5.70 9.90 1.30 2.70 8.10
7.80 3.60 1.80 5.70 8.60 1.30 2.50 2.20 6.90 2.10
5.00 8.70 0.20 7.90 3.70 7.20 7.50 5.00 1.80 9.60
2.50 5.30 2.40 5.40 2.60 6.30 4.40 7.20 6.90 5.30
8.40 8.20 0.20 8.90 6.30 3.60 3.30 0.60 3.30 6.30
3.80 5.20 1.30 9.10 6.00 6.00 3.70 5.60 2.90 7.20
9.30 1.90 1.10 0.70 6.90 5.20 5.20 8.40 6.60 9.50
0.40 6.60 5.20 5.20 0.50 9.20 9.90 5.20 1.40 9.20
5.60 4.20 5.20 4.40 7.30 8.80 3.70 8.50 3.80 1.40
9.80 4.10 0.20 3.60 7.40 5.90 8.50 7.00 1.50 5.20
3.60 8.70 1.00 5.10 8.90 3.30 8.10 9.70 1.10 9.10
8.00 5.20 4.10 4.00 2.30 7.40 9.10 6.30 4.20 5.10
4.10 8.10 4.00 0.50 8.00 1.70 4.60 8.60 6.20 2.00
7.90 6.30 3.40 9.30 9.40 2.80 8.10 6.00 0.20 5.40
5.40 8.60 0.10 5.40 0.40 9.50 4.60 6.80 7.80 5.50
2.80 3.90 0.20 4.30 2.30 2.50 7.70 6.30 9.40 1.30
3.00 8.00 4.60 4.80 5.30 5.70 9.50 7.80 3.20 7.70
7.00 2.00 3.90 6.20 3.80 5.90 1.30 5.60 2.40 6.60
0.90 1.10 4.30 7.70 5.30 8.30 1.80 0.10 5.80 4.10
5.30 8.90 1.70 1.90 7.00 3.50 6.00 8.30 8.90 2.20
5.60 3.10 8.50 4.90 2.50 7.80 4.40 5.20 4.60 4.40
5.90 5.30 1.40 0.90 9.70 9.20 8.40 9.20 2.90 5.00
0.60 4.90 1.10 8.30 7.60 0.30 8.00 4.20 2.60 8.90
7.40 3.70 8.40 4.20 1.20 0.70 3.00 2.40 3.10 9.00
3.00 4.10 4.60 8.20 8.30 6.60 1.10 3.30 4.60 1.70
4.70 2.70 1.60 3.70 4.70 1.20 2.90 0.80 3.80 5.60
6.80 8.30 5.80 2.80 8.40 5.40 7.50 9.20 8.80 2.50
4.50 7.90 5.30 1.20 7.70 6.80 4.90 9.00 7.00 6.70
5.90 8.90 7.20 0.80 7.80 3.90 5.00 7.40 7.00 0.70
9.50 3.60 2.00 4.60 2.40 8.30 3.80 5.40 6.00 6.40
5.80 8.10 7.90 7.50 6.70 5.90 5.60 0.80 1.50 5.20
4.60 9.10 1.90 4.70 3.90 2.00 1.10 5.70 6.60 1.00
1.80 2.20 1.20 3.30 0.10 7.60 5.80 3.10 2.70 3.20
9.90 2.50 7.60 7.70 1.80 8.80 1.80 8.70 7.80 4.20
3.30 8.30 0.50 0.50 6.80 9.00 3.30 7.50 6.10 6.60
9.60 6.00 7.50 5.50 6.80 2.40 6.70 5.00 8.90 3.90
7.70 3.80 9.90 2.80 1.10 8.00 8.40 5.30 6.20 9.50
5.20 6.50 7.30 7.20 4.80 4.40 0.10 7.10 1.80 1.30
4.60 2.90 2.00 8.30 3.80 9.50 4.50 7.90 7.30 3.70
1.90 3.80 7.00 8.20 3.80 4.50 2.50 1.60 6.90 5.60
4.10 2.50 2.80 8.60 2.30 1.20 4.70 7.70 0.50 9.80
9.70 5.20 1.30 3.80 6.80 8.40 3.10 0.80 4.40 9.00
9.00 8.10 8.90 5.10 7.50 2.70 9.90 3.70 1.40 8.40
2.90 1.00 1.60 9.10 8.90 0.10 2.80 7.50 2.20 1.10
5.80 2.90 6.40 9.60 5.80 9.50 5.90 4.60 8.80 7.00
9.30 0.50 9.20 5.40 5.70 7.70 3.60 1.30 2.90 4.00
7.90 0.70 6.90 3.80 8.60 1.40 7.00 7.90 9.80 7.70
3.20 1.90 1.50 5.50 2.40 7.40 7.70 1.70 1.30 4.50
6.20 9.40 8.10 7.10 5.40 5.60 5.40 3.80 6.00 3.20
8.40 1.50 3.10 0.30 8.10 7.60 4.40 0.90 4.40 8.00
9.30 5.20 2.20 4.10 1.30 7.90 3.20 1.30 3.80 2.60
1.00 3.60 3.70 4.80 4.90 9.20 3.50 1.90 0.80 6.10
9.10 0.40 9.50 3.00 8.10 3.50 2.40 0.60 6.10 9.50
6.10 3.20 4.20 3.00 7.40 4.00 1.30 7.40 8.20 4.20
3.60 0.90 6.50 0.20 2.30 4.00 1.70 5.90 6.90 4.80
7.50 6.20 7.90 1.60 4.20 2.30 2.10 6.90 5.30 6.70
7.60 1.70 0.80 0.60 9.50 3.60 9.70 4.60 6.60 1.90
0.50 0.70 4.60 5.70 4.30 8.20 2.30 6.40 3.10 1.40
8.80 4.20 9.50 0.20 0.90 5.80 6.70 3.60 4.80 9.80
1.40 2.70 9.50 7.80 8.80 3.50 3.80 3.80 5.20 9.90
1.80 3.60 5.90 1.50 2.30 6.70 8.10 1.50 9.70 4.50
1.40 3.70 7.50 7.30 2.80 9.60 3.10 1.90 4.80 3.60
3.50 1.90 6.20 2.60 8.60 2.10 5.40 8.80 0.60 7.20
8.20 6.00 5.60 9.60 8.80 0.90 4.10 2.30 2.50 2.10
7.50 3.40 6.60 0.80 0.60 7.90 2.80 6.30 1.90 8.80
7.00 5.70 6.80 0.40 6.40 0.80 3.80 6.20 3.10 5.00
9.50 6.00 5.80 7.90 4.90 6.20 5.10 8.00 2.50 9.40
1.50 4.80 1.80 8.40 8.50 6.60 7.70 0.70 7.60 1.70
6.00 5.10 9.70 8.80 5.30 5.90 0.60 3.00 6.00 1.10
9.30 2.20 9.40 3.60 3.40 1.90 0.20 5.10 7.10 7.00
4.90 1.80 2.60 7.00 8.60 7.70 0.40 7.20 2.10 4.90
3.30 6.80 2.50 8.10 3.90 3.50 8.90 8.00 2.60 5.20
3.30 2.30 8.60 9.20 9.00 4.80 8.20 7.50 1.90 2.80
1.10 9.40 3.80 9.60 3.30 6.30 3.90 3.80 1.90 6.80
2.50 3.00 4.40 8.20 2.20 5.20 1.60 5.70 4.20 5.10
8.50 8.00 7.30 1.90 1.10 6.60 4.20 4.00 2.30 6.50
1.70 5.00 6.50 8.60 0.40 2.60 3.60 9.20 9.00 2.90
4.00 1.60 7.50 5.00 3.30 9.10 0.10 6.50 7.20 3.20
3.30 2.40 0.40 1.20 9.50 6.00 7.50 5.20 2.60 2.70
6.70 7.40 8.10 7.10 7.40 2.40 1.40 6.60 8.20 7.90
3.50 6.10 6.60 2.80 1.70 0.60 2.20 2.30 1.20 3.00
6.40 0.20 2.70 4.10 6.70 0.70 6.90 2.70 8.30 9.30
5.30 5.90 3.20 1.10 8.20 2.30 1.90 4.00 6.00 7.90
1.20 0.70 4.70 9.50 3.10 7.50 9.00 8.90 5.40 0.90
5.70 8.20 6.90 4.20 3.40 0.40 2.10 0.60 9.50 7.10
