# nJobs | nMachines
20 10
# Job Weights
77
8
84
70
51
1
39
81
21
4
3
57
24
54
79
35
20
67
70
23
# P_bar : m1 | m2 | m3 | m4 | m5 | m6 | m7 | m8 | m9 | m10
49 3 60 12 75 31 70 20 88 9
49 53 88 47 19 61 78 78 30 41
15 59 15 46 60 47 41 38 34 22
18 7 26 17 87 32 9 26 33 34
65 65 11 43 27 34 47 64 21 83
55 58 16 16 48 69 94 62 7 55
1 24 55 91 72 32 26 11 94 3
79 55 59 94 88 1 65 38 10 8
10 26 81 73 48 1 17 68 73 75
37 40 53 89 59 80 42 37 85 30
77 89 92 12 74 19 59 74 82 57
80 94 23 58 86 57 80 9 62 65
79 51 55 25 49 98 7 65 99 89
84 74 79 24 94 37 75 16 67 60
93 54 13 55 15 31 63 38 61 90
21 86 89 1 95 51 96 85 10 84
85 22 2 67 41 66 7 50 4 74
64 83 17 3 94 38 10 62 70 17
46 19 97 1 15 62 47 39 31 2
35 44 41 71 71 72 38 97 49 19
# P_hat : m1 | m2 | m3 | m4 | m5 | m6 | m7 | m8 | m9 | m10
19.60 1.20 24.00 4.80 30.00 12.40 28.00 8.00 35.20 3.60
19.60 21.20 35.20 18.80 7.60 24.40 31.20 31.20 12.00 16.40
6.00 23.60 6.00 18.40 24.00 18.80 16.40 15.20 13.60 8.80
7.20 2.80 10.40 6.80 34.80 12.80 3.60 10.40 13.20 13.60
26.00 26.00 4.40 17.20 10.80 13.60 18.80 25.60 8.40 33.20
22.00 23.20 6.40 6.40 19.20 27.60 37.60 24.80 2.80 22.00
0.40 9.60 22.00 36.40 28.80 12.80 10.40 4.40 37.60 1.20
31.60 22.00 23.60 37.60 35.20 0.40 26.00 15.20 4.00 3.20
4.00 10.40 32.40 29.20 19.20 0.40 6.80 27.20 29.20 30.00
14.80 16.00 21.20 35.60 23.60 32.00 16.80 14.80 34.00 12.00
30.80 35.60 36.80 4.80 29.60 7.60 23.60 29.60 32.80 22.80
32.00 37.60 9.20 23.20 34.40 22.80 32.00 3.60 24.80 26.00
31.60 20.40 22.00 10.00 19.60 39.20 2.80 26.00 39.60 35.60
33.60 29.60 31.60 9.60 37.60 14.80 30.00 6.40 26.80 24.00
37.20 21.60 5.20 22.00 6.00 12.40 25.20 15.20 24.40 36.00
8.40 34.40 35.60 0.40 38.00 20.40 38.40 34.00 4.00 33.60
34.00 8.80 0.80 26.80 16.40 26.40 2.80 20.00 1.60 29.60
25.60 33.20 6.80 1.20 37.60 15.20 4.00 24.80 28.00 6.80
18.40 7.60 38.80 0.40 6.00 24.80 18.80 15.60 12.40 0.80
14.00 17.60 16.40 28.40 28.40 28.80 15.20 38.80 19.60 7.60
