# nJobs | nMachines
20 10
# Job Weights
7
27
50
89
52
56
70
3
47
90
1
75
69
89
26
50
18
100
67
43
# P_bar : m1 | m2 | m3 | m4 | m5 | m6 | m7 | m8 | m9 | m10
47 80 51 63 60 70 39 33 5 9
77 46 79 22 20 96 75 1 37 14
66 37 35 47 13 56 66 59 72 37
13 86 63 46 64 22 89 85 6 54
77 85 18 72 67 44 56 1 90 14
20 67 67 16 25 83 42 85 71 53
29 22 73 35 39 66 90 65 47 27
11 67 2 2 40 56 77 47 60 64
85 20 23 22 72 27 76 13 93 25
98 1 59 50 28 52 43 12 17 79
36 39 46 58 36 46 14 23 65 30
92 25 12 46 60 83 3 21 12 33
99 1 17 19 2 76 57 89 97 5
65 41 87 82 8 25 98 51 29 96
34 74 35 69 33 28 47 34 41 1
35 39 27 14 85 26 35 62 3 51
42 2 71 94 51 98 58 6 46 42
28 20 11 39 6 64 6 22 33 78
28 3 97 62 5 66 95 75 55 70
5 29 83 27 72 15 9 22 10 91
# P_hat : m1 | m2 | m3 | m4 | m5 | m6 | m7 | m8 | m9 | m10
23.50 40.00 25.50 31.50 30.00 35.00 19.50 16.50 2.50 4.50
38.50 23.00 39.50 11.00 10.00 48.00 37.50 0.50 18.50 7.00
33.00 18.50 17.50 23.50 6.50 28.00 33.00 29.50 36.00 18.50
6.50 43.00 31.50 23.00 32.00 11.00 44.50 42.50 3.00 27.00
38.50 42.50 9.00 36.00 33.50 22.00 28.00 0.50 45.00 7.00
10.00 33.50 33.50 8.00 12.50 41.50 21.00 42.50 35.50 26.50
14.50 11.00 36.50 17.50 19.50 33.00 45.00 32.50 23.50 13.50
5.50 33.50 1.00 1.00 20.00 28.00 38.50 23.50 30.00 32.00
42.50 10.00 11.50 11.00 36.00 13.50 38.00 6.50 46.50 12.50
49.00 0.50 29.50 25.00 14.00 26.00 21.50 6.00 8.50 39.50
18.00 19.50 23.00 29.00 18.00 23.00 7.00 11.50 32.50 15.00
46.00 12.50 6.00 23.00 30.00 41.50 1.50 10.50 6.00 16.50
49.50 0.50 8.50 9.50 1.00 38.00 28.50 44.50 48.50 2.50
32.50 20.50 43.50 41.00 4.00 12.50 49.00 25.50 14.50 48.00
17.00 37.00 17.50 34.50 16.50 14.00 23.50 17.00 20.50 0.50
17.50 19.50 13.50 7.00 42.50 13.00 17.50 31.00 1.50 25.50
21.00 1.00 35.50 47.00 25.50 49.00 29.00 3.00 23.00 21.00
14.00 10.00 5.50 19.50 3.00 32.00 3.00 11.00 16.50 39.00
14.00 1.50 48.50 31.00 2.50 33.00 47.50 37.50 27.50 35.00
2.50 14.50 41.50 13.50 36.00 7.50 4.50 11.00 5.00 45.50
