# nJobs | nMachines
50 5
# Job Weights
45
49
23
52
40
32
4
81
48
100
75
95
88
1
55
66
10
93
46
81
5
10
83
24
28
56
65
96
86
98
100
57
95
40
1
31
41
98
27
53
54
36
58
48
41
2
15
62
99
87
# P_bar : m1 | m2 | m3 | m4 | m5
38 5 26 66 93
23 13 40 41 95
13 36 84 74 48
1 54 84 62 71
10 76 74 70 30
76 40 39 30 22
49 67 65 66 3
2 31 15 11 22
81 35 71 51 82
43 48 92 43 35
51 85 44 32 56
71 41 27 23 14
29 82 93 20 88
44 95 2 1 41
26 15 55 54 4
27 24 44 55 52
27 77 55 65 17
56 6 23 22 95
21 79 25 99 15
76 36 1 97 85
88 18 51 21 12
9 21 12 63 11
33 34 47 45 24
6 42 98 70 71
40 74 41 41 46
64 46 18 6 59
5 1 44 70 16
5 88 72 33 33
7 29 88 97 53
5 95 60 32 22
76 67 29 28 49
63 41 99 54 44
35 98 2 63 76
94 31 17 16 88
65 25 79 12 45
25 70 6 2 52
6 62 29 50 31
87 45 89 48 66
60 59 4 34 17
33 68 70 75 68
67 22 10 45 99
81 81 79 2 78
93 44 64 39 87
98 80 92 4 45
9 88 42 46 78
94 25 79 11 51
49 93 56 66 87
27 61 94 59 4
62 1 26 28 45
90 97 93 74 9
# P_hat : m1 | m2 | m3 | m4 | m5
11.40 1.50 7.80 19.80 27.90
6.90 3.90 12.00 12.30 28.50
3.90 10.80 25.20 22.20 14.40
0.30 16.20 25.20 18.60 21.30
3.00 22.80 22.20 21.00 9.00
22.80 12.00 11.70 9.00 6.60
14.70 20.10 19.50 19.80 0.90
0.60 9.30 4.50 3.30 6.60
24.30 10.50 21.30 15.30 24.60
12.90 14.40 27.60 12.90 10.50
15.30 25.50 13.20 9.60 16.80
21.30 12.30 8.10 6.90 4.20
8.70 24.60 27.90 6.00 26.40
13.20 28.50 0.60 0.30 12.30
7.80 4.50 16.50 16.20 1.20
8.10 7.20 13.20 16.50 15.60
8.10 23.10 16.50 19.50 5.10
16.80 1.80 6.90 6.60 28.50
6.30 23.70 7.50 29.70 4.50
22.80 10.80 0.30 29.10 25.50
26.40 5.40 15.30 6.30 3.60
2.70 6.30 3.60 18.90 3.30
9.90 10.20 14.10 13.50 7.20
1.80 12.60 29.40 21.00 21.30
12.00 22.20 12.30 12.30 13.80
19.20 13.80 5.40 1.80 17.70
1.50 0.30 13.20 21.00 4.80
1.50 26.40 21.60 9.90 9.90
2.10 8.70 26.40 29.10 15.90
1.50 28.50 18.00 9.60 6.60
22.80 20.10 8.70 8.40 14.70
18.90 12.30 29.70 16.20 13.20
10.50 29.40 0.60 18.90 22.80
28.20 9.30 5.10 4.80 26.40
19.50 7.50 23.70 3.60 13.50
7.50 21.00 1.80 0.60 15.60
1.80 18.60 8.70 15.00 9.30
26.10 13.50 26.70 14.40 19.80
18.00 17.70 1.20 10.20 5.10
9.90 20.40 21.00 22.50 20.40
20.10 6.60 3.00 13.50 29.70
24.30 24.30 23.70 0.60 23.40
27.90 13.20 19.20 11.70 26.10
29.40 24.00 27.60 1.20 13.50
2.70 26.40 12.60 13.80 23.40
28.20 7.50 23.70 3.30 15.30
14.70 27.90 16.80 19.80 26.10
8.10 18.30 28.20 17.70 1.20
18.60 0.30 7.80 8.40 13.50
27.00 29.10 27.90 22.20 2.70
