# nJobs | nMachines
20 10
# Job Weights
7
27
50
89
52
56
70
3
47
90
1
75
69
89
26
50
18
100
67
43
# P_bar : m1 | m2 | m3 | m4 | m5 | m6 | m7 | m8 | m9 | m10
47 80 51 63 60 70 39 33 5 9
77 46 79 22 20 96 75 1 37 14
66 37 35 47 13 56 66 59 72 37
13 86 63 46 64 22 89 85 6 54
77 85 18 72 67 44 56 1 90 14
20 67 67 16 25 83 42 85 71 53
29 22 73 35 39 66 90 65 47 27
11 67 2 2 40 56 77 47 60 64
85 20 23 22 72 27 76 13 93 25
98 1 59 50 28 52 43 12 17 79
36 39 46 58 36 46 14 23 65 30
92 25 12 46 60 83 3 21 12 33
99 1 17 19 2 76 57 89 97 5
65 41 87 82 8 25 98 51 29 96
34 74 35 69 33 28 47 34 41 1
35 39 27 14 85 26 35 62 3 51
42 2 71 94 51 98 58 6 46 42
28 20 11 39 6 64 6 22 33 78
28 3 97 62 5 66 95 75 55 70
5 29 83 27 72 15 9 22 10 91
# P_hat : m1 | m2 | m3 | m4 | m5 | m6 | m7 | m8 | m9 | m10
14.10 24.00 15.30 18.90 18.00 21.00 11.70 9.90 1.50 2.70
23.10 13.80 23.70 6.60 6.00 28.80 22.50 0.30 11.10 4.20
19.80 11.10 10.50 14.10 3.90 16.80 19.80 17.70 21.60 11.10
3.90 25.80 18.90 13.80 19.20 6.60 26.70 25.50 1.80 16.20
23.10 25.50 5.40 21.60 20.10 13.20 16.80 0.30 27.00 4.20
6.00 20.10 20.10 4.80 7.50 24.90 12.60 25.50 21.30 15.90
8.70 6.60 21.90 10.50 11.70 19.80 27.00 19.50 14.10 8.10
3.30 20.10 0.60 0.60 12.00 16.80 23.10 14.10 18.00 19.20
25.50 6.00 6.90 6.60 21.60 8.10 22.80 3.90 27.90 7.50
29.40 0.30 17.70 15.00 8.40 15.60 12.90 3.60 5.10 23.70
10.80 11.70 13.80 17.40 10.80 13.80 4.20 6.90 19.50 9.00
27.60 7.50 3.60 13.80 18.00 24.90 0.90 6.30 3.60 9.90
29.70 0.30 5.10 5.70 0.60 22.80 17.10 26.70 29.10 1.50
19.50 12.30 26.10 24.60 2.40 7.50 29.40 15.30 8.70 28.80
10.20 22.20 10.50 20.70 9.90 8.40 14.10 10.20 12.30 0.30
10.50 11.70 8.10 4.20 25.50 7.80 10.50 18.60 0.90 15.30
12.60 0.60 21.30 28.20 15.30 29.40 17.40 1.80 13.80 12.60
8.40 6.00 3.30 11.70 1.80 19.20 1.80 6.60 9.90 23.40
8.40 0.90 29.10 18.60 1.50 19.80 28.50 22.50 16.50 21.00
1.50 8.70 24.90 8.10 21.60 4.50 2.70 6.60 3.00 27.30
