# nJobs | nMachines
100 5
# Job Weights
64
8
42
2
30
22
81
25
66
42
96
36
17
27
91
36
99
51
37
41
30
90
32
25
69
79
15
73
61
40
82
15
81
92
85
12
10
28
90
90
61
19
45
80
90
35
81
78
3
29
80
100
27
68
100
52
17
86
12
31
82
37
13
23
77
15
8
61
68
30
21
78
46
37
59
37
8
10
30
81
97
89
30
90
98
84
62
97
10
73
91
9
71
73
3
28
26
34
1
88
# P_bar : m1 | m2 | m3 | m4 | m5
94 65 51 32 15
17 67 20 11 53
1 55 55 34 87
97 35 55 47 5
91 19 15 33 21
9 18 46 7 32
75 35 15 18 53
38 39 60 69 27
34 89 40 95 14
17 57 67 95 29
7 79 46 71 30
62 5 29 27 76
16 33 14 24 58
61 46 35 32 28
31 47 81 1 29
58 46 8 42 43
14 99 55 82 25
29 39 55 95 35
29 7 1 90 83
31 15 62 28 22
52 56 97 36 3
36 32 93 6 10
85 62 58 83 73
68 50 46 17 47
63 99 92 30 87
21 89 62 96 50
15 30 58 32 74
50 24 1 3 7
55 23 18 64 89
73 44 14 67 89
87 83 74 7 72
90 13 29 92 9
41 83 85 50 34
80 73 95 90 7
5 34 11 40 32
18 89 30 96 82
68 18 73 96 77
94 32 24 18 64
51 90 83 92 13
29 73 15 29 55
12 28 77 85 81
69 18 63 39 55
54 81 43 75 37
99 31 40 61 43
1 2 98 10 99
82 3 17 99 39
99 78 89 21 25
87 99 18 85 17
61 71 54 54 13
24 8 33 33 65
54 88 66 52 60
7 76 97 96 70
77 33 61 64 22
78 66 51 22 62
86 3 2 2 37
83 31 51 85 95
65 8 72 49 87
77 63 33 82 18
98 53 46 91 31
33 89 83 13 75
92 63 17 62 23
15 49 16 56 48
59 60 93 63 18
22 53 63 53 5
79 70 39 88 63
44 9 55 95 1
99 16 28 71 25
19 79 78 75 6
32 93 68 21 29
81 69 76 18 27
57 4 48 59 10
53 95 64 17 29
48 87 87 11 53
97 49 26 80 87
3 79 14 51 39
70 14 48 31 46
21 4 78 77 18
51 20 82 84 44
14 10 33 20 24
41 28 22 16 86
91 4 45 19 65
75 91 49 16 45
35 63 90 73 52
54 66 82 12 95
9 25 73 97 22
25 12 70 92 97
27 36 95 65 71
97 94 99 52 31
20 19 64 22 46
20 49 97 62 54
23 19 73 26 59
46 18 44 41 90
76 18 68 56 72
34 53 88 32 65
86 49 21 54 84
30 29 58 60 20
99 42 25 85 17
9 59 1 66 51
91 48 27 10 57
81 3 15 37 72
# P_hat : m1 | m2 | m3 | m4 | m5
18.80 13.00 10.20 6.40 3.00
3.40 13.40 4.00 2.20 10.60
0.20 11.00 11.00 6.80 17.40
19.40 7.00 11.00 9.40 1.00
18.20 3.80 3.00 6.60 4.20
1.80 3.60 9.20 1.40 6.40
15.00 7.00 3.00 3.60 10.60
7.60 7.80 12.00 13.80 5.40
6.80 17.80 8.00 19.00 2.80
3.40 11.40 13.40 19.00 5.80
1.40 15.80 9.20 14.20 6.00
12.40 1.00 5.80 5.40 15.20
3.20 6.60 2.80 4.80 11.60
12.20 9.20 7.00 6.40 5.60
6.20 9.40 16.20 0.20 5.80
11.60 9.20 1.60 8.40 8.60
2.80 19.80 11.00 16.40 5.00
5.80 7.80 11.00 19.00 7.00
5.80 1.40 0.20 18.00 16.60
6.20 3.00 12.40 5.60 4.40
10.40 11.20 19.40 7.20 0.60
7.20 6.40 18.60 1.20 2.00
17.00 12.40 11.60 16.60 14.60
13.60 10.00 9.20 3.40 9.40
12.60 19.80 18.40 6.00 17.40
4.20 17.80 12.40 19.20 10.00
3.00 6.00 11.60 6.40 14.80
10.00 4.80 0.20 0.60 1.40
11.00 4.60 3.60 12.80 17.80
14.60 8.80 2.80 13.40 17.80
17.40 16.60 14.80 1.40 14.40
18.00 2.60 5.80 18.40 1.80
8.20 16.60 17.00 10.00 6.80
16.00 14.60 19.00 18.00 1.40
1.00 6.80 2.20 8.00 6.40
3.60 17.80 6.00 19.20 16.40
13.60 3.60 14.60 19.20 15.40
18.80 6.40 4.80 3.60 12.80
10.20 18.00 16.60 18.40 2.60
5.80 14.60 3.00 5.80 11.00
2.40 5.60 15.40 17.00 16.20
13.80 3.60 12.60 7.80 11.00
10.80 16.20 8.60 15.00 7.40
19.80 6.20 8.00 12.20 8.60
0.20 0.40 19.60 2.00 19.80
16.40 0.60 3.40 19.80 7.80
19.80 15.60 17.80 4.20 5.00
17.40 19.80 3.60 17.00 3.40
12.20 14.20 10.80 10.80 2.60
4.80 1.60 6.60 6.60 13.00
10.80 17.60 13.20 10.40 12.00
1.40 15.20 19.40 19.20 14.00
15.40 6.60 12.20 12.80 4.40
15.60 13.20 10.20 4.40 12.40
17.20 0.60 0.40 0.40 7.40
16.60 6.20 10.20 17.00 19.00
13.00 1.60 14.40 9.80 17.40
15.40 12.60 6.60 16.40 3.60
19.60 10.60 9.20 18.20 6.20
6.60 17.80 16.60 2.60 15.00
18.40 12.60 3.40 12.40 4.60
3.00 9.80 3.20 11.20 9.60
11.80 12.00 18.60 12.60 3.60
4.40 10.60 12.60 10.60 1.00
15.80 14.00 7.80 17.60 12.60
8.80 1.80 11.00 19.00 0.20
19.80 3.20 5.60 14.20 5.00
3.80 15.80 15.60 15.00 1.20
6.40 18.60 13.60 4.20 5.80
16.20 13.80 15.20 3.60 5.40
11.40 0.80 9.60 11.80 2.00
10.60 19.00 12.80 3.40 5.80
9.60 17.40 17.40 2.20 10.60
19.40 9.80 5.20 16.00 17.40
0.60 15.80 2.80 10.20 7.80
14.00 2.80 9.60 6.20 9.20
4.20 0.80 15.60 15.40 3.60
10.20 4.00 16.40 16.80 8.80
2.80 2.00 6.60 4.00 4.80
8.20 5.60 4.40 3.20 17.20
18.20 0.80 9.00 3.80 13.00
15.00 18.20 9.80 3.20 9.00
7.00 12.60 18.00 14.60 10.40
10.80 13.20 16.40 2.40 19.00
1.80 5.00 14.60 19.40 4.40
5.00 2.40 14.00 18.40 19.40
5.40 7.20 19.00 13.00 14.20
19.40 18.80 19.80 10.40 6.20
4.00 3.80 12.80 4.40 9.20
4.00 9.80 19.40 12.40 10.80
4.60 3.80 14.60 5.20 11.80
9.20 3.60 8.80 8.20 18.00
15.20 3.60 13.60 11.20 14.40
6.80 10.60 17.60 6.40 13.00
17.20 9.80 4.20 10.80 16.80
6.00 5.80 11.60 12.00 4.00
19.80 8.40 5.00 17.00 3.40
1.80 11.80 0.20 13.20 10.20
18.20 9.60 5.40 2.00 11.40
16.20 0.60 3.00 7.40 14.40
