# nJobs | nMachines
100 5
# Job Weights
86
94
67
76
20
39
85
40
88
88
85
47
63
54
38
44
57
37
84
59
4
72
52
59
45
81
34
47
67
77
65
73
20
89
43
28
30
79
26
15
25
44
77
81
20
22
97
10
73
94
80
20
84
72
36
49
9
72
20
57
21
26
62
89
65
8
91
49
39
40
28
93
93
50
100
65
65
11
13
34
66
7
25
97
11
36
12
96
52
62
12
91
92
33
86
62
31
52
14
13
# P_bar : m1 | m2 | m3 | m4 | m5
31 28 55 71 32
37 1 91 85 28
48 98 82 53 73
7 12 92 10 30
22 29 84 54 72
18 18 54 61 56
95 31 60 86 83
98 93 21 11 21
21 13 32 79 33
79 84 11 15 40
99 26 26 47 51
81 27 60 54 73
65 94 71 78 15
55 60 94 54 87
46 91 85 44 12
56 23 25 69 69
93 35 10 40 7
88 52 16 95 2
43 28 23 35 91
52 87 21 78 70
68 8 14 62 26
11 95 65 93 16
69 8 75 70 82
27 47 24 8 16
65 75 46 84 97
85 99 54 43 99
55 85 69 59 28
49 50 28 44 56
3 15 93 30 29
53 75 76 77 67
25 64 82 77 69
29 41 71 34 68
33 49 63 80 78
35 16 85 37 87
56 40 16 88 73
89 64 22 9 87
36 65 81 73 98
50 64 43 98 28
30 26 96 13 60
9 87 8 19 54
53 89 50 53 99
29 55 78 88 52
26 43 71 39 7
55 11 46 23 68
62 83 81 11 40
93 75 95 17 27
31 14 6 6 12
13 52 36 3 49
62 86 17 1 60
76 14 46 74 61
41 10 54 87 48
82 45 10 77 49
1 90 82 25 31
1 46 91 26 58
65 49 30 13 92
65 55 93 3 16
23 27 15 78 57
33 70 17 45 42
7 71 34 29 82
14 69 19 7 46
74 62 14 60 35
81 90 45 62 94
60 30 4 61 33
35 91 64 95 85
73 76 14 39 71
83 55 3 53 70
24 68 65 78 87
42 77 69 6 43
61 77 48 25 23
9 1 2 10 28
67 48 51 71 79
55 34 7 7 13
58 48 13 28 89
48 59 70 96 45
38 5 76 42 75
55 74 91 63 85
30 77 87 98 86
76 4 96 35 34
47 93 14 93 20
4 87 31 60 47
3 74 78 89 11
57 81 22 84 14
32 29 50 80 30
62 6 36 8 81
61 18 86 59 29
72 16 83 53 64
67 84 32 58 73
59 75 54 64 94
57 80 98 88 29
80 38 21 66 8
97 34 94 72 84
73 11 72 72 33
75 13 66 81 18
58 84 96 11 95
74 17 2 75 70
32 53 26 90 85
87 19 4 90 15
6 93 54 42 93
47 71 25 96 62
65 66 27 7 74
# P_hat : m1 | m2 | m3 | m4 | m5
12.40 11.20 22.00 28.40 12.80
14.80 0.40 36.40 34.00 11.20
19.20 39.20 32.80 21.20 29.20
2.80 4.80 36.80 4.00 12.00
8.80 11.60 33.60 21.60 28.80
7.20 7.20 21.60 24.40 22.40
38.00 12.40 24.00 34.40 33.20
39.20 37.20 8.40 4.40 8.40
8.40 5.20 12.80 31.60 13.20
31.60 33.60 4.40 6.00 16.00
39.60 10.40 10.40 18.80 20.40
32.40 10.80 24.00 21.60 29.20
26.00 37.60 28.40 31.20 6.00
22.00 24.00 37.60 21.60 34.80
18.40 36.40 34.00 17.60 4.80
22.40 9.20 10.00 27.60 27.60
37.20 14.00 4.00 16.00 2.80
35.20 20.80 6.40 38.00 0.80
17.20 11.20 9.20 14.00 36.40
20.80 34.80 8.40 31.20 28.00
27.20 3.20 5.60 24.80 10.40
4.40 38.00 26.00 37.20 6.40
27.60 3.20 30.00 28.00 32.80
10.80 18.80 9.60 3.20 6.40
26.00 30.00 18.40 33.60 38.80
34.00 39.60 21.60 17.20 39.60
22.00 34.00 27.60 23.60 11.20
19.60 20.00 11.20 17.60 22.40
1.20 6.00 37.20 12.00 11.60
21.20 30.00 30.40 30.80 26.80
10.00 25.60 32.80 30.80 27.60
11.60 16.40 28.40 13.60 27.20
13.20 19.60 25.20 32.00 31.20
14.00 6.40 34.00 14.80 34.80
22.40 16.00 6.40 35.20 29.20
35.60 25.60 8.80 3.60 34.80
14.40 26.00 32.40 29.20 39.20
20.00 25.60 17.20 39.20 11.20
12.00 10.40 38.40 5.20 24.00
3.60 34.80 3.20 7.60 21.60
21.20 35.60 20.00 21.20 39.60
11.60 22.00 31.20 35.20 20.80
10.40 17.20 28.40 15.60 2.80
22.00 4.40 18.40 9.20 27.20
24.80 33.20 32.40 4.40 16.00
37.20 30.00 38.00 6.80 10.80
12.40 5.60 2.40 2.40 4.80
5.20 20.80 14.40 1.20 19.60
24.80 34.40 6.80 0.40 24.00
30.40 5.60 18.40 29.60 24.40
16.40 4.00 21.60 34.80 19.20
32.80 18.00 4.00 30.80 19.60
0.40 36.00 32.80 10.00 12.40
0.40 18.40 36.40 10.40 23.20
26.00 19.60 12.00 5.20 36.80
26.00 22.00 37.20 1.20 6.40
9.20 10.80 6.00 31.20 22.80
13.20 28.00 6.80 18.00 16.80
2.80 28.40 13.60 11.60 32.80
5.60 27.60 7.60 2.80 18.40
29.60 24.80 5.60 24.00 14.00
32.40 36.00 18.00 24.80 37.60
24.00 12.00 1.60 24.40 13.20
14.00 36.40 25.60 38.00 34.00
29.20 30.40 5.60 15.60 28.40
33.20 22.00 1.20 21.20 28.00
9.60 27.20 26.00 31.20 34.80
16.80 30.80 27.60 2.40 17.20
24.40 30.80 19.20 10.00 9.20
3.60 0.40 0.80 4.00 11.20
26.80 19.20 20.40 28.40 31.60
22.00 13.60 2.80 2.80 5.20
23.20 19.20 5.20 11.20 35.60
19.20 23.60 28.00 38.40 18.00
15.20 2.00 30.40 16.80 30.00
22.00 29.60 36.40 25.20 34.00
12.00 30.80 34.80 39.20 34.40
30.40 1.60 38.40 14.00 13.60
18.80 37.20 5.60 37.20 8.00
1.60 34.80 12.40 24.00 18.80
1.20 29.60 31.20 35.60 4.40
22.80 32.40 8.80 33.60 5.60
12.80 11.60 20.00 32.00 12.00
24.80 2.40 14.40 3.20 32.40
24.40 7.20 34.40 23.60 11.60
28.80 6.40 33.20 21.20 25.60
26.80 33.60 12.80 23.20 29.20
23.60 30.00 21.60 25.60 37.60
22.80 32.00 39.20 35.20 11.60
32.00 15.20 8.40 26.40 3.20
38.80 13.60 37.60 28.80 33.60
29.20 4.40 28.80 28.80 13.20
30.00 5.20 26.40 32.40 7.20
23.20 33.60 38.40 4.40 38.00
29.60 6.80 0.80 30.00 28.00
12.80 21.20 10.40 36.00 34.00
34.80 7.60 1.60 36.00 6.00
2.40 37.20 21.60 16.80 37.20
18.80 28.40 10.00 38.40 24.80
26.00 26.40 10.80 2.80 29.60
