# nJobs | nMachines
50 5
# Job Weights
24
16
74
57
38
48
67
9
93
50
92
85
83
27
38
78
35
65
90
48
23
82
38
43
94
53
26
26
45
94
35
33
38
44
90
27
90
86
78
59
26
63
68
75
67
9
57
80
71
70
# P_bar : m1 | m2 | m3 | m4 | m5
24 51 8 59 67
1 57 54 85 99
57 82 15 73 57
86 47 47 87 47
35 82 73 87 93
9 14 33 89 35
55 79 73 48 32
8 57 35 57 77
93 88 45 59 28
11 79 75 73 75
39 22 83 66 95
10 72 12 95 15
84 58 59 61 18
80 78 95 13 97
59 18 96 79 37
37 48 75 88 53
80 72 62 19 97
69 38 44 18 73
13 71 43 21 60
19 82 30 33 39
25 61 47 11 48
92 73 36 8 9
45 50 65 8 17
14 56 85 83 83
73 95 1 13 10
85 16 71 89 2
75 6 13 63 66
96 7 54 64 50
33 86 2 53 36
17 21 82 28 45
76 27 16 17 86
96 44 15 2 8
4 64 14 77 47
16 32 49 61 52
9 46 68 73 98
66 37 28 69 22
46 39 87 23 55
64 96 85 56 62
3 44 90 78 23
93 70 17 65 82
74 41 54 85 32
29 56 59 99 20
68 44 25 52 38
38 27 23 78 23
86 41 60 8 40
90 66 60 58 55
50 87 68 51 79
11 42 70 43 66
64 7 80 52 97
4 54 4 41 29
# P_hat : m1 | m2 | m3 | m4 | m5
9.60 20.40 3.20 23.60 26.80
0.40 22.80 21.60 34.00 39.60
22.80 32.80 6.00 29.20 22.80
34.40 18.80 18.80 34.80 18.80
14.00 32.80 29.20 34.80 37.20
3.60 5.60 13.20 35.60 14.00
22.00 31.60 29.20 19.20 12.80
3.20 22.80 14.00 22.80 30.80
37.20 35.20 18.00 23.60 11.20
4.40 31.60 30.00 29.20 30.00
15.60 8.80 33.20 26.40 38.00
4.00 28.80 4.80 38.00 6.00
33.60 23.20 23.60 24.40 7.20
32.00 31.20 38.00 5.20 38.80
23.60 7.20 38.40 31.60 14.80
14.80 19.20 30.00 35.20 21.20
32.00 28.80 24.80 7.60 38.80
27.60 15.20 17.60 7.20 29.20
5.20 28.40 17.20 8.40 24.00
7.60 32.80 12.00 13.20 15.60
10.00 24.40 18.80 4.40 19.20
36.80 29.20 14.40 3.20 3.60
18.00 20.00 26.00 3.20 6.80
5.60 22.40 34.00 33.20 33.20
29.20 38.00 0.40 5.20 4.00
34.00 6.40 28.40 35.60 0.80
30.00 2.40 5.20 25.20 26.40
38.40 2.80 21.60 25.60 20.00
13.20 34.40 0.80 21.20 14.40
6.80 8.40 32.80 11.20 18.00
30.40 10.80 6.40 6.80 34.40
38.40 17.60 6.00 0.80 3.20
1.60 25.60 5.60 30.80 18.80
6.40 12.80 19.60 24.40 20.80
3.60 18.40 27.20 29.20 39.20
26.40 14.80 11.20 27.60 8.80
18.40 15.60 34.80 9.20 22.00
25.60 38.40 34.00 22.40 24.80
1.20 17.60 36.00 31.20 9.20
37.20 28.00 6.80 26.00 32.80
29.60 16.40 21.60 34.00 12.80
11.60 22.40 23.60 39.60 8.00
27.20 17.60 10.00 20.80 15.20
15.20 10.80 9.20 31.20 9.20
34.40 16.40 24.00 3.20 16.00
36.00 26.40 24.00 23.20 22.00
20.00 34.80 27.20 20.40 31.60
4.40 16.80 28.00 17.20 26.40
25.60 2.80 32.00 20.80 38.80
1.60 21.60 1.60 16.40 11.60
