# nJobs | nMachines
50 10
# Job Weights
13
7
64
11
86
34
34
4
14
10
14
11
83
14
34
74
17
52
84
88
64
39
95
91
20
82
2
54
15
63
72
10
34
27
42
30
19
5
25
49
79
55
35
56
34
53
50
18
90
93
# P_bar : m1 | m2 | m3 | m4 | m5 | m6 | m7 | m8 | m9 | m10
68 69 1 19 10 76 50 39 77 30
40 96 37 65 76 40 87 11 30 71
43 54 91 35 75 96 77 96 88 57
72 37 59 89 29 54 88 74 21 83
87 35 2 41 10 91 80 22 29 34
59 19 44 15 86 90 75 22 12 31
67 10 29 99 62 41 41 50 2 11
89 88 37 19 26 72 84 6 95 50
84 61 30 74 1 37 24 95 24 22
43 95 20 63 62 38 27 83 20 7
92 18 19 92 89 64 52 70 66 82
90 49 79 29 2 98 73 1 82 34
23 69 41 47 62 36 75 8 45 5
20 86 79 80 96 20 23 94 4 62
97 28 49 7 99 3 52 65 22 3
57 6 21 43 91 41 97 70 81 68
33 40 97 89 85 93 40 61 56 35
7 88 86 9 42 44 50 80 85 79
69 94 15 99 7 3 95 82 3 10
56 78 57 38 4 19 34 23 82 60
16 43 76 76 23 66 2 51 94 67
41 31 14 52 74 55 76 92 72 10
7 54 57 48 83 66 26 25 96 87
74 80 80 55 41 68 48 23 55 25
54 11 93 17 63 1 16 40 3 24
67 27 31 63 99 5 20 69 63 4
15 3 66 92 55 59 86 42 65 36
85 32 30 77 37 64 62 13 20 44
83 2 82 31 23 1 54 17 4 22
42 49 11 44 1 5 50 27 95 8
29 27 71 76 84 11 26 74 20 49
64 81 94 18 46 46 4 7 57 97
3 18 35 7 31 10 4 25 38 8
9 83 71 40 93 56 59 73 46 9
35 84 76 47 79 25 24 81 76 18
24 49 76 73 32 95 14 84 10 34
72 64 26 41 71 12 49 40 79 54
70 20 31 70 60 48 35 28 7 42
47 52 58 86 42 11 78 86 12 70
78 42 31 8 24 45 77 17 60 59
60 51 98 63 51 25 72 66 85 8
11 66 26 77 98 62 10 33 73 29
60 95 92 91 64 12 87 20 18 6
5 18 11 24 85 67 24 84 75 42
24 37 72 19 31 17 26 23 77 33
52 70 46 63 11 59 46 73 71 67
39 22 20 72 95 30 40 25 83 7
14 87 38 17 58 73 86 87 63 64
65 67 57 46 57 34 40 2 52 7
99 15 5 66 28 27 8 15 66 60
# P_hat : m1 | m2 | m3 | m4 | m5 | m6 | m7 | m8 | m9 | m10
20.40 20.70 0.30 5.70 3.00 22.80 15.00 11.70 23.10 9.00
12.00 28.80 11.10 19.50 22.80 12.00 26.10 3.30 9.00 21.30
12.90 16.20 27.30 10.50 22.50 28.80 23.10 28.80 26.40 17.10
21.60 11.10 17.70 26.70 8.70 16.20 26.40 22.20 6.30 24.90
26.10 10.50 0.60 12.30 3.00 27.30 24.00 6.60 8.70 10.20
17.70 5.70 13.20 4.50 25.80 27.00 22.50 6.60 3.60 9.30
20.10 3.00 8.70 29.70 18.60 12.30 12.30 15.00 0.60 3.30
26.70 26.40 11.10 5.70 7.80 21.60 25.20 1.80 28.50 15.00
25.20 18.30 9.00 22.20 0.30 11.10 7.20 28.50 7.20 6.60
12.90 28.50 6.00 18.90 18.60 11.40 8.10 24.90 6.00 2.10
27.60 5.40 5.70 27.60 26.70 19.20 15.60 21.00 19.80 24.60
27.00 14.70 23.70 8.70 0.60 29.40 21.90 0.30 24.60 10.20
6.90 20.70 12.30 14.10 18.60 10.80 22.50 2.40 13.50 1.50
6.00 25.80 23.70 24.00 28.80 6.00 6.90 28.20 1.20 18.60
29.10 8.40 14.70 2.10 29.70 0.90 15.60 19.50 6.60 0.90
17.10 1.80 6.30 12.90 27.30 12.30 29.10 21.00 24.30 20.40
9.90 12.00 29.10 26.70 25.50 27.90 12.00 18.30 16.80 10.50
2.10 26.40 25.80 2.70 12.60 13.20 15.00 24.00 25.50 23.70
20.70 28.20 4.50 29.70 2.10 0.90 28.50 24.60 0.90 3.00
16.80 23.40 17.10 11.40 1.20 5.70 10.20 6.90 24.60 18.00
4.80 12.90 22.80 22.80 6.90 19.80 0.60 15.30 28.20 20.10
12.30 9.30 4.20 15.60 22.20 16.50 22.80 27.60 21.60 3.00
2.10 16.20 17.10 14.40 24.90 19.80 7.80 7.50 28.80 26.10
22.20 24.00 24.00 16.50 12.30 20.40 14.40 6.90 16.50 7.50
16.20 3.30 27.90 5.10 18.90 0.30 4.80 12.00 0.90 7.20
20.10 8.10 9.30 18.90 29.70 1.50 6.00 20.70 18.90 1.20
4.50 0.90 19.80 27.60 16.50 17.70 25.80 12.60 19.50 10.80
25.50 9.60 9.00 23.10 11.10 19.20 18.60 3.90 6.00 13.20
24.90 0.60 24.60 9.30 6.90 0.30 16.20 5.10 1.20 6.60
12.60 14.70 3.30 13.20 0.30 1.50 15.00 8.10 28.50 2.40
8.70 8.10 21.30 22.80 25.20 3.30 7.80 22.20 6.00 14.70
19.20 24.30 28.20 5.40 13.80 13.80 1.20 2.10 17.10 29.10
0.90 5.40 10.50 2.10 9.30 3.00 1.20 7.50 11.40 2.40
2.70 24.90 21.30 12.00 27.90 16.80 17.70 21.90 13.80 2.70
10.50 25.20 22.80 14.10 23.70 7.50 7.20 24.30 22.80 5.40
7.20 14.70 22.80 21.90 9.60 28.50 4.20 25.20 3.00 10.20
21.60 19.20 7.80 12.30 21.30 3.60 14.70 12.00 23.70 16.20
21.00 6.00 9.30 21.00 18.00 14.40 10.50 8.40 2.10 12.60
14.10 15.60 17.40 25.80 12.60 3.30 23.40 25.80 3.60 21.00
23.40 12.60 9.30 2.40 7.20 13.50 23.10 5.10 18.00 17.70
18.00 15.30 29.40 18.90 15.30 7.50 21.60 19.80 25.50 2.40
3.30 19.80 7.80 23.10 29.40 18.60 3.00 9.90 21.90 8.70
18.00 28.50 27.60 27.30 19.20 3.60 26.10 6.00 5.40 1.80
1.50 5.40 3.30 7.20 25.50 20.10 7.20 25.20 22.50 12.60
7.20 11.10 21.60 5.70 9.30 5.10 7.80 6.90 23.10 9.90
15.60 21.00 13.80 18.90 3.30 17.70 13.80 21.90 21.30 20.10
11.70 6.60 6.00 21.60 28.50 9.00 12.00 7.50 24.90 2.10
4.20 26.10 11.40 5.10 17.40 21.90 25.80 26.10 18.90 19.20
19.50 20.10 17.10 13.80 17.10 10.20 12.00 0.60 15.60 2.10
29.70 4.50 1.50 19.80 8.40 8.10 2.40 4.50 19.80 18.00
