# nJobs | nMachines
50 5
# Job Weights
64
14
7
12
77
79
73
19
8
35
38
94
26
18
1
57
51
84
89
38
49
61
5
92
56
39
15
80
43
14
41
26
66
87
58
13
62
83
22
58
79
98
71
32
12
61
76
34
98
3
# P_bar : m1 | m2 | m3 | m4 | m5
17 33 98 90 75
43 98 90 93 68
13 67 4 35 39
20 81 39 65 71
41 43 79 66 31
94 72 76 10 43
18 32 53 48 5
28 66 77 81 32
8 97 10 27 6
71 36 2 49 56
82 36 97 61 56
42 67 31 73 72
90 1 62 60 23
76 47 28 88 95
62 87 74 42 50
95 12 60 62 53
74 91 53 28 27
80 21 74 55 8
33 6 88 58 18
91 6 11 55 81
35 1 88 90 57
80 38 92 61 54
79 69 7 73 99
68 77 80 3 20
97 3 67 74 10
98 75 27 94 19
3 64 21 30 18
22 53 43 81 53
52 18 59 9 73
80 10 30 87 10
32 97 17 58 74
75 18 4 42 93
78 48 7 59 22
36 70 21 48 75
46 60 83 29 84
16 75 44 83 9
36 94 70 60 27
93 14 30 83 32
39 53 39 76 51
19 90 35 43 83
95 19 8 90 70
91 42 6 14 13
49 86 92 84 1
35 15 39 10 81
93 58 55 15 13
11 7 34 38 98
93 65 98 90 58
6 40 47 80 28
96 51 99 19 3
19 61 16 15 21
# P_hat : m1 | m2 | m3 | m4 | m5
8.50 16.50 49.00 45.00 37.50
21.50 49.00 45.00 46.50 34.00
6.50 33.50 2.00 17.50 19.50
10.00 40.50 19.50 32.50 35.50
20.50 21.50 39.50 33.00 15.50
47.00 36.00 38.00 5.00 21.50
9.00 16.00 26.50 24.00 2.50
14.00 33.00 38.50 40.50 16.00
4.00 48.50 5.00 13.50 3.00
35.50 18.00 1.00 24.50 28.00
41.00 18.00 48.50 30.50 28.00
21.00 33.50 15.50 36.50 36.00
45.00 0.50 31.00 30.00 11.50
38.00 23.50 14.00 44.00 47.50
31.00 43.50 37.00 21.00 25.00
47.50 6.00 30.00 31.00 26.50
37.00 45.50 26.50 14.00 13.50
40.00 10.50 37.00 27.50 4.00
16.50 3.00 44.00 29.00 9.00
45.50 3.00 5.50 27.50 40.50
17.50 0.50 44.00 45.00 28.50
40.00 19.00 46.00 30.50 27.00
39.50 34.50 3.50 36.50 49.50
34.00 38.50 40.00 1.50 10.00
48.50 1.50 33.50 37.00 5.00
49.00 37.50 13.50 47.00 9.50
1.50 32.00 10.50 15.00 9.00
11.00 26.50 21.50 40.50 26.50
26.00 9.00 29.50 4.50 36.50
40.00 5.00 15.00 43.50 5.00
16.00 48.50 8.50 29.00 37.00
37.50 9.00 2.00 21.00 46.50
39.00 24.00 3.50 29.50 11.00
18.00 35.00 10.50 24.00 37.50
23.00 30.00 41.50 14.50 42.00
8.00 37.50 22.00 41.50 4.50
18.00 47.00 35.00 30.00 13.50
46.50 7.00 15.00 41.50 16.00
19.50 26.50 19.50 38.00 25.50
9.50 45.00 17.50 21.50 41.50
47.50 9.50 4.00 45.00 35.00
45.50 21.00 3.00 7.00 6.50
24.50 43.00 46.00 42.00 0.50
17.50 7.50 19.50 5.00 40.50
46.50 29.00 27.50 7.50 6.50
5.50 3.50 17.00 19.00 49.00
46.50 32.50 49.00 45.00 29.00
3.00 20.00 23.50 40.00 14.00
48.00 25.50 49.50 9.50 1.50
9.50 30.50 8.00 7.50 10.50
