# nJobs | nMachines
20 10
# Job Weights
19
18
70
5
63
2
7
63
13
34
20
53
56
9
34
56
80
12
39
80
# P_bar : m1 | m2 | m3 | m4 | m5 | m6 | m7 | m8 | m9 | m10
64 43 9 38 2 79 16 85 89 69
44 97 87 85 74 18 95 77 6 88
58 49 3 29 16 99 26 74 41 24
7 2 15 26 21 75 25 17 22 41
69 54 55 23 10 47 71 38 68 53
12 12 5 28 98 96 50 42 83 8
5 31 8 19 74 6 38 20 79 58
69 52 94 10 84 22 15 68 69 19
46 29 60 72 55 3 85 93 44 50
23 98 18 33 19 29 20 15 64 21
95 46 20 21 20 12 25 28 77 43
24 83 65 79 37 53 67 91 46 18
58 78 50 55 90 42 7 32 76 74
88 52 76 69 76 61 12 56 64 50
46 63 75 38 10 49 50 70 25 20
65 66 7 15 81 56 8 51 55 81
31 45 82 58 27 9 82 9 30 98
84 49 49 36 52 6 5 94 89 92
4 21 3 11 21 54 9 63 96 21
73 13 56 98 1 57 41 33 71 83
# P_hat : m1 | m2 | m3 | m4 | m5 | m6 | m7 | m8 | m9 | m10
6.40 4.30 0.90 3.80 0.20 7.90 1.60 8.50 8.90 6.90
4.40 9.70 8.70 8.50 7.40 1.80 9.50 7.70 0.60 8.80
5.80 4.90 0.30 2.90 1.60 9.90 2.60 7.40 4.10 2.40
0.70 0.20 1.50 2.60 2.10 7.50 2.50 1.70 2.20 4.10
6.90 5.40 5.50 2.30 1.00 4.70 7.10 3.80 6.80 5.30
1.20 1.20 0.50 2.80 9.80 9.60 5.00 4.20 8.30 0.80
0.50 3.10 0.80 1.90 7.40 0.60 3.80 2.00 7.90 5.80
6.90 5.20 9.40 1.00 8.40 2.20 1.50 6.80 6.90 1.90
4.60 2.90 6.00 7.20 5.50 0.30 8.50 9.30 4.40 5.00
2.30 9.80 1.80 3.30 1.90 2.90 2.00 1.50 6.40 2.10
9.50 4.60 2.00 2.10 2.00 1.20 2.50 2.80 7.70 4.30
2.40 8.30 6.50 7.90 3.70 5.30 6.70 9.10 4.60 1.80
5.80 7.80 5.00 5.50 9.00 4.20 0.70 3.20 7.60 7.40
8.80 5.20 7.60 6.90 7.60 6.10 1.20 5.60 6.40 5.00
4.60 6.30 7.50 3.80 1.00 4.90 5.00 7.00 2.50 2.00
6.50 6.60 0.70 1.50 8.10 5.60 0.80 5.10 5.50 8.10
3.10 4.50 8.20 5.80 2.70 0.90 8.20 0.90 3.00 9.80
8.40 4.90 4.90 3.60 5.20 0.60 0.50 9.40 8.90 9.20
0.40 2.10 0.30 1.10 2.10 5.40 0.90 6.30 9.60 2.10
7.30 1.30 5.60 9.80 0.10 5.70 4.10 3.30 7.10 8.30
