# nJobs | nMachines
20 10
# Job Weights
81
27
43
76
66
7
59
82
14
53
40
30
28
55
34
54
29
82
100
72
# P_bar : m1 | m2 | m3 | m4 | m5 | m6 | m7 | m8 | m9 | m10
80 59 59 31 30 53 93 90 65 64
13 83 70 64 88 19 79 92 97 38
64 85 76 11 14 99 88 35 27 44
77 85 10 9 22 62 77 13 25 46
17 70 65 32 93 88 94 75 61 66
78 35 19 58 48 93 39 55 24 31
82 2 77 98 10 34 74 80 97 48
4 76 86 95 7 72 46 67 61 27
72 46 21 25 14 42 17 3 75 82
93 72 75 4 91 65 30 93 92 51
68 69 96 45 5 39 62 54 73 90
25 46 3 60 43 79 77 67 21 63
67 3 50 87 30 9 43 25 29 85
80 57 57 31 79 26 98 77 3 36
43 71 66 1 39 72 48 38 96 69
93 77 84 96 34 29 14 98 51 67
21 33 98 22 77 36 45 96 26 81
33 49 55 95 81 48 25 20 44 18
14 59 70 73 11 57 98 15 56 81
30 82 32 77 10 95 30 36 31 72
# P_hat : m1 | m2 | m3 | m4 | m5 | m6 | m7 | m8 | m9 | m10
8.00 5.90 5.90 3.10 3.00 5.30 9.30 9.00 6.50 6.40
1.30 8.30 7.00 6.40 8.80 1.90 7.90 9.20 9.70 3.80
6.40 8.50 7.60 1.10 1.40 9.90 8.80 3.50 2.70 4.40
7.70 8.50 1.00 0.90 2.20 6.20 7.70 1.30 2.50 4.60
1.70 7.00 6.50 3.20 9.30 8.80 9.40 7.50 6.10 6.60
7.80 3.50 1.90 5.80 4.80 9.30 3.90 5.50 2.40 3.10
8.20 0.20 7.70 9.80 1.00 3.40 7.40 8.00 9.70 4.80
0.40 7.60 8.60 9.50 0.70 7.20 4.60 6.70 6.10 2.70
7.20 4.60 2.10 2.50 1.40 4.20 1.70 0.30 7.50 8.20
9.30 7.20 7.50 0.40 9.10 6.50 3.00 9.30 9.20 5.10
6.80 6.90 9.60 4.50 0.50 3.90 6.20 5.40 7.30 9.00
2.50 4.60 0.30 6.00 4.30 7.90 7.70 6.70 2.10 6.30
6.70 0.30 5.00 8.70 3.00 0.90 4.30 2.50 2.90 8.50
8.00 5.70 5.70 3.10 7.90 2.60 9.80 7.70 0.30 3.60
4.30 7.10 6.60 0.10 3.90 7.20 4.80 3.80 9.60 6.90
9.30 7.70 8.40 9.60 3.40 2.90 1.40 9.80 5.10 6.70
2.10 3.30 9.80 2.20 7.70 3.60 4.50 9.60 2.60 8.10
3.30 4.90 5.50 9.50 8.10 4.80 2.50 2.00 4.40 1.80
1.40 5.90 7.00 7.30 1.10 5.70 9.80 1.50 5.60 8.10
3.00 8.20 3.20 7.70 1.00 9.50 3.00 3.60 3.10 7.20
