# nJobs | nMachines
20 10
# Job Weights
7
27
50
89
52
56
70
3
47
90
1
75
69
89
26
50
18
100
67
43
# P_bar : m1 | m2 | m3 | m4 | m5 | m6 | m7 | m8 | m9 | m10
47 80 51 63 60 70 39 33 5 9
77 46 79 22 20 96 75 1 37 14
66 37 35 47 13 56 66 59 72 37
13 86 63 46 64 22 89 85 6 54
77 85 18 72 67 44 56 1 90 14
20 67 67 16 25 83 42 85 71 53
29 22 73 35 39 66 90 65 47 27
11 67 2 2 40 56 77 47 60 64
85 20 23 22 72 27 76 13 93 25
98 1 59 50 28 52 43 12 17 79
36 39 46 58 36 46 14 23 65 30
92 25 12 46 60 83 3 21 12 33
99 1 17 19 2 76 57 89 97 5
65 41 87 82 8 25 98 51 29 96
34 74 35 69 33 28 47 34 41 1
35 39 27 14 85 26 35 62 3 51
42 2 71 94 51 98 58 6 46 42
28 20 11 39 6 64 6 22 33 78
28 3 97 62 5 66 95 75 55 70
5 29 83 27 72 15 9 22 10 91
# P_hat : m1 | m2 | m3 | m4 | m5 | m6 | m7 | m8 | m9 | m10
4.70 8.00 5.10 6.30 6.00 7.00 3.90 3.30 0.50 0.90
7.70 4.60 7.90 2.20 2.00 9.60 7.50 0.10 3.70 1.40
6.60 3.70 3.50 4.70 1.30 5.60 6.60 5.90 7.20 3.70
1.30 8.60 6.30 4.60 6.40 2.20 8.90 8.50 0.60 5.40
7.70 8.50 1.80 7.20 6.70 4.40 5.60 0.10 9.00 1.40
2.00 6.70 6.70 1.60 2.50 8.30 4.20 8.50 7.10 5.30
2.90 2.20 7.30 3.50 3.90 6.60 9.00 6.50 4.70 2.70
1.10 6.70 0.20 0.20 4.00 5.60 7.70 4.70 6.00 6.40
8.50 2.00 2.30 2.20 7.20 2.70 7.60 1.30 9.30 2.50
9.80 0.10 5.90 5.00 2.80 5.20 4.30 1.20 1.70 7.90
3.60 3.90 4.60 5.80 3.60 4.60 1.40 2.30 6.50 3.00
9.20 2.50 1.20 4.60 6.00 8.30 0.30 2.10 1.20 3.30
9.90 0.10 1.70 1.90 0.20 7.60 5.70 8.90 9.70 0.50
6.50 4.10 8.70 8.20 0.80 2.50 9.80 5.10 2.90 9.60
3.40 7.40 3.50 6.90 3.30 2.80 4.70 3.40 4.10 0.10
3.50 3.90 2.70 1.40 8.50 2.60 3.50 6.20 0.30 5.10
4.20 0.20 7.10 9.40 5.10 9.80 5.80 0.60 4.60 4.20
2.80 2.00 1.10 3.90 0.60 6.40 0.60 2.20 3.30 7.80
2.80 0.30 9.70 6.20 0.50 6.60 9.50 7.50 5.50 7.00
0.50 2.90 8.30 2.70 7.20 1.50 0.90 2.20 1.00 9.10
