# nJobs | nMachines
20 10
# Job Weights
100
25
97
76
68
74
73
8
59
10
12
4
5
100
62
98
53
94
52
36
# P_bar : m1 | m2 | m3 | m4 | m5 | m6 | m7 | m8 | m9 | m10
39 9 72 93 8 75 16 98 65 21
16 19 13 77 83 70 98 49 93 98
84 71 49 20 29 16 85 46 14 61
51 7 37 1 87 72 63 66 73 78
19 23 89 60 77 85 10 63 97 6
57 7 37 36 15 94 14 88 17 34
33 65 58 85 26 49 82 41 91 53
1 56 4 18 97 40 39 13 71 63
23 37 13 97 44 64 23 43 59 3
39 87 48 24 85 98 29 54 45 50
27 43 4 60 22 46 30 69 45 29
37 4 43 28 17 18 99 97 21 29
37 92 18 94 47 47 34 10 98 20
1 75 9 34 30 2 16 51 64 68
82 86 81 61 10 77 34 95 50 84
24 26 66 10 84 74 28 51 74 29
28 17 82 4 13 77 69 92 77 75
98 7 21 83 26 32 85 71 32 85
74 80 60 91 16 65 50 98 70 98
36 24 26 38 48 91 58 33 95 68
# P_hat : m1 | m2 | m3 | m4 | m5 | m6 | m7 | m8 | m9 | m10
3.90 0.90 7.20 9.30 0.80 7.50 1.60 9.80 6.50 2.10
1.60 1.90 1.30 7.70 8.30 7.00 9.80 4.90 9.30 9.80
8.40 7.10 4.90 2.00 2.90 1.60 8.50 4.60 1.40 6.10
5.10 0.70 3.70 0.10 8.70 7.20 6.30 6.60 7.30 7.80
1.90 2.30 8.90 6.00 7.70 8.50 1.00 6.30 9.70 0.60
5.70 0.70 3.70 3.60 1.50 9.40 1.40 8.80 1.70 3.40
3.30 6.50 5.80 8.50 2.60 4.90 8.20 4.10 9.10 5.30
0.10 5.60 0.40 1.80 9.70 4.00 3.90 1.30 7.10 6.30
2.30 3.70 1.30 9.70 4.40 6.40 2.30 4.30 5.90 0.30
3.90 8.70 4.80 2.40 8.50 9.80 2.90 5.40 4.50 5.00
2.70 4.30 0.40 6.00 2.20 4.60 3.00 6.90 4.50 2.90
3.70 0.40 4.30 2.80 1.70 1.80 9.90 9.70 2.10 2.90
3.70 9.20 1.80 9.40 4.70 4.70 3.40 1.00 9.80 2.00
0.10 7.50 0.90 3.40 3.00 0.20 1.60 5.10 6.40 6.80
8.20 8.60 8.10 6.10 1.00 7.70 3.40 9.50 5.00 8.40
2.40 2.60 6.60 1.00 8.40 7.40 2.80 5.10 7.40 2.90
2.80 1.70 8.20 0.40 1.30 7.70 6.90 9.20 7.70 7.50
9.80 0.70 2.10 8.30 2.60 3.20 8.50 7.10 3.20 8.50
7.40 8.00 6.00 9.10 1.60 6.50 5.00 9.80 7.00 9.80
3.60 2.40 2.60 3.80 4.80 9.10 5.80 3.30 9.50 6.80
