# nJobs | nMachines
150 2
# Job Weights
1
13
87
76
37
71
92
58
74
50
100
30
83
32
42
8
92
96
11
28
11
75
65
36
38
28
73
24
31
26
61
48
36
49
23
16
68
21
70
91
2
47
83
39
43
69
47
85
52
83
76
20
10
1
77
42
57
71
29
61
18
4
91
78
41
39
30
80
15
23
23
25
47
2
3
17
20
23
27
32
13
60
18
67
34
45
74
29
45
12
31
67
59
64
37
88
94
83
23
8
99
87
59
74
76
4
50
71
74
70
59
60
60
21
69
48
74
58
13
69
2
42
61
29
95
2
24
97
92
26
50
32
34
7
74
67
90
57
2
99
38
94
78
34
68
84
89
19
47
69
# P_bar : m1 | m2
41 27
26 26
16 26
22 29
25 15
10 44
39 25
36 49
23 26
46 11
16 39
47 17
13 18
44 10
35 40
14 21
10 32
43 20
21 39
47 44
46 35
21 50
42 38
24 26
23 13
30 11
42 40
42 32
23 27
17 14
35 15
12 35
19 36
10 10
15 35
36 20
21 36
31 21
31 50
50 16
46 26
46 30
32 38
49 48
33 26
11 20
32 24
30 20
21 17
38 39
42 49
18 39
38 10
42 40
49 30
20 26
40 33
38 43
35 22
24 49
20 13
44 26
48 13
42 26
36 12
26 12
30 29
36 28
43 41
47 14
16 21
15 30
12 18
22 49
17 22
14 26
23 42
45 12
25 44
31 31
23 36
27 26
26 42
19 40
47 31
31 42
16 23
45 49
35 23
48 37
27 21
36 15
22 21
14 28
27 14
33 16
41 35
44 39
40 30
34 15
39 18
10 43
14 33
50 26
38 25
32 19
35 41
39 20
19 38
24 29
41 19
15 12
13 15
30 39
42 12
33 19
33 17
33 47
16 44
22 38
12 17
46 37
11 16
23 50
36 33
16 36
10 29
36 15
42 39
13 38
44 42
23 46
20 18
16 26
29 43
46 41
13 49
30 34
50 41
41 39
36 48
46 16
45 10
45 27
10 22
50 34
19 11
21 11
17 27
31 23
# P_hat : m1 | m2
0.79 97.33
52.95 27.13
35.55 90.25
72.59 74.73
50.46 1.22
36.66 127.54
97.98 3.56
121.01 195.49
13.64 90.75
157.38 13.08
43.21 40.16
32.00 25.94
9.87 25.64
163.06 14.89
4.51 50.92
25.90 52.18
12.54 21.03
114.39 67.68
70.53 126.73
67.75 83.86
78.55 119.38
82.48 49.43
131.70 2.67
86.13 64.40
40.37 23.81
28.09 24.96
69.19 143.89
120.30 124.15
10.07 68.52
18.39 42.79
6.53 5.03
20.75 22.50
62.89 105.58
0.99 17.25
40.52 62.44
134.28 24.69
19.90 87.46
86.01 15.55
120.91 125.38
192.46 11.12
43.23 6.64
18.46 39.64
18.98 35.13
137.60 170.69
95.80 5.72
29.67 14.13
43.02 52.68
20.37 38.49
48.78 3.12
73.52 1.13
122.44 193.66
31.78 102.78
51.47 14.62
49.30 75.27
41.45 31.99
21.26 35.87
15.17 85.67
52.72 151.84
5.12 16.20
17.90 164.71
59.74 6.32
57.28 22.36
128.30 1.93
120.44 14.64
83.69 44.03
99.70 22.05
2.57 9.01
106.37 107.49
164.91 144.15
162.11 42.26
10.75 78.41
19.61 26.42
8.28 60.22
52.92 135.24
48.43 76.54
17.76 82.88
49.63 58.21
124.37 37.17
42.13 46.19
105.90 40.75
70.98 15.54
6.98 97.25
64.60 48.89
17.88 83.30
104.81 48.53
118.65 161.27
56.26 30.82
72.81 152.59
40.81 78.70
45.01 64.47
57.51 31.77
16.45 44.86
48.34 76.68
0.07 84.55
34.98 12.72
29.03 56.85
159.28 54.26
127.99 89.89
55.94 99.77
12.63 11.30
80.62 56.48
8.54 102.54
30.04 117.92
167.07 17.88
93.60 42.07
81.12 63.30
75.74 3.15
144.65 8.98
70.82 150.57
49.22 32.53
50.14 74.14
27.58 8.76
9.70 21.67
76.36 117.45
84.02 31.57
13.64 44.17
26.09 36.03
63.31 158.57
56.81 41.35
49.84 67.26
32.71 10.57
62.38 88.20
25.14 16.03
41.16 66.77
94.91 62.21
3.24 3.85
19.73 10.66
42.62 41.16
54.80 66.92
49.97 131.45
32.15 116.70
28.63 1.49
40.79 44.40
55.23 9.75
48.33 134.32
136.87 162.61
44.53 104.11
37.20 92.86
78.55 38.92
58.48 68.27
119.93 164.37
8.16 10.72
55.52 10.62
122.29 48.11
22.62 62.68
87.26 51.12
41.04 40.82
16.60 4.16
29.29 40.05
62.21 65.22
