# nJobs | nMachines
150 2
# Job Weights
90
61
89
29
61
82
43
87
44
1
94
19
79
89
3
8
8
42
86
62
84
68
66
3
55
100
52
37
66
69
89
40
66
66
49
20
85
92
15
29
26
83
50
88
44
25
49
24
100
33
4
85
86
66
2
87
43
44
69
44
36
72
14
22
38
29
91
95
85
96
8
92
2
48
72
80
15
82
36
84
38
72
72
77
26
26
91
95
93
85
100
89
47
59
40
6
45
36
2
92
55
1
86
8
55
80
36
37
47
73
58
17
10
55
36
44
55
22
12
32
30
13
1
32
15
84
44
21
9
5
30
40
40
86
85
30
97
83
49
13
46
55
97
4
64
20
39
48
21
34
# P_bar : m1 | m2
10 28
14 22
38 48
21 18
40 27
31 44
20 44
45 20
25 29
21 22
33 21
15 47
25 31
12 24
17 34
43 45
48 22
31 11
46 20
40 41
45 42
32 46
40 12
34 35
39 45
37 30
21 33
14 34
10 45
38 41
36 34
13 41
22 39
28 45
10 12
37 15
47 33
29 33
12 27
43 31
20 21
17 33
34 49
42 14
33 17
39 14
19 32
38 20
43 46
25 28
23 49
28 29
29 25
42 40
49 12
29 31
35 48
28 43
10 23
45 28
18 32
19 22
26 18
29 18
17 10
16 35
31 11
16 38
14 39
20 26
35 30
19 40
34 49
27 35
30 46
46 25
49 46
34 27
18 44
10 14
14 14
45 27
47 38
40 25
28 49
46 39
46 36
33 11
45 23
24 35
36 22
16 21
49 12
30 39
16 11
36 14
25 16
43 49
20 43
45 37
15 29
10 10
10 44
39 47
20 50
39 29
29 36
38 15
27 45
46 32
24 44
32 12
41 11
40 32
46 37
10 28
44 27
17 40
44 43
41 29
32 39
23 14
33 24
26 37
30 48
10 30
24 39
34 27
15 30
30 37
38 46
25 20
20 49
22 31
40 40
29 34
34 20
20 31
14 22
46 18
26 45
25 21
24 30
32 22
21 20
23 47
11 34
11 19
16 14
32 16
# P_hat : m1 | m2
4.88 14.56
27.07 16.94
72.82 90.53
10.40 21.97
27.84 45.09
55.52 62.51
38.66 9.90
39.91 29.44
16.05 15.96
22.10 28.12
45.39 14.32
8.20 93.78
36.82 16.34
1.24 13.40
1.68 63.29
33.22 2.22
33.93 30.65
19.57 15.96
45.17 33.46
25.66 79.90
17.30 81.95
19.81 6.01
77.99 19.72
27.96 45.24
34.69 58.26
42.66 7.70
41.30 42.91
6.76 66.81
13.63 82.06
54.41 36.01
43.73 2.72
2.30 29.71
29.78 64.46
3.59 63.13
11.92 11.02
54.73 1.65
19.83 28.18
48.81 30.96
0.73 50.14
72.57 39.75
18.41 13.09
7.40 34.67
9.10 6.47
80.08 27.23
4.80 12.24
15.53 13.38
13.22 22.74
47.14 27.30
46.85 60.93
6.28 40.06
13.33 26.28
13.37 18.31
12.39 6.26
34.54 52.44
69.00 0.96
12.61 37.06
25.67 83.49
21.89 76.61
19.53 20.66
85.92 25.72
28.80 4.93
9.18 29.51
3.54 29.57
18.38 8.81
9.07 8.43
16.19 58.72
48.22 19.30
27.47 18.48
23.66 42.94
14.39 10.01
48.11 6.11
11.89 72.89
4.14 80.41
37.88 53.20
0.59 4.49
37.64 42.19
32.28 40.30
47.15 18.49
27.58 48.09
6.08 2.56
22.73 21.19
26.45 31.45
41.95 14.18
58.16 9.41
38.80 18.06
90.84 4.45
20.71 42.32
43.71 18.49
54.87 0.80
43.92 3.43
11.26 25.20
24.06 34.42
55.69 7.84
16.48 27.27
15.18 13.12
24.03 7.68
28.97 0.85
76.45 72.05
22.77 53.81
56.86 42.98
15.56 43.02
1.02 13.50
4.66 18.12
38.38 33.13
12.41 12.61
14.18 7.53
29.24 48.69
24.53 25.76
13.94 86.65
42.69 40.21
6.40 16.20
59.38 2.54
71.15 17.88
56.61 37.04
9.77 45.75
15.52 43.76
71.10 37.98
26.10 66.76
10.03 4.83
52.80 43.36
53.40 66.37
26.56 8.01
42.66 30.74
23.83 23.25
31.72 91.97
0.69 2.01
30.67 45.22
5.54 8.99
13.05 42.73
17.56 13.02
41.45 21.66
6.67 19.77
27.67 89.65
34.98 13.13
13.07 11.54
6.05 51.61
9.90 20.02
35.09 56.53
14.79 6.45
42.99 23.25
5.55 20.96
32.48 6.58
41.66 41.01
53.00 26.12
26.29 30.19
3.46 29.09
2.47 30.46
1.08 15.41
8.24 27.55
8.68 9.35
