# nJobs | nMachines
150 2
# Job Weights
22
56
29
28
6
54
73
36
81
86
66
80
44
46
72
82
43
29
30
56
19
36
33
24
61
23
13
73
38
79
30
56
6
26
28
16
72
93
65
81
97
57
9
42
30
41
74
64
44
9
78
72
78
28
71
100
27
48
12
51
55
65
83
88
41
48
42
70
22
65
12
6
31
70
49
42
14
93
60
15
39
43
21
58
83
41
38
28
43
41
5
15
27
46
13
1
60
75
45
59
92
44
57
40
4
47
90
39
6
44
29
76
9
81
74
83
55
4
71
95
56
13
93
45
99
52
88
6
9
62
32
57
56
73
98
76
70
86
85
66
83
71
80
20
65
35
27
10
61
100
# P_bar : m1 | m2
32 43
35 28
29 19
34 12
22 15
42 49
41 46
15 19
46 22
45 21
21 27
37 26
40 27
40 47
47 21
23 27
28 33
11 26
44 15
22 19
45 48
38 21
49 42
10 12
37 29
48 36
21 38
33 19
43 24
14 15
34 13
21 35
23 43
43 42
18 43
23 39
49 44
15 25
44 39
27 21
19 24
47 28
29 40
44 39
27 11
21 48
37 27
25 50
42 47
15 25
36 25
30 16
44 23
49 46
38 12
32 35
39 38
35 30
38 26
20 46
44 45
20 31
39 46
18 12
32 15
27 13
38 26
29 46
43 41
24 34
25 33
24 26
22 20
15 42
21 48
23 24
25 17
23 22
43 27
14 10
19 36
27 47
29 41
37 45
17 27
38 29
19 26
33 37
18 36
43 27
13 48
26 27
25 17
12 42
34 25
19 39
34 30
16 13
34 46
22 39
23 29
39 37
16 16
40 14
37 27
24 37
31 31
32 14
18 10
22 37
18 33
29 35
25 39
48 50
20 29
24 41
36 11
27 28
33 41
17 50
48 50
37 10
31 13
36 49
21 38
18 45
24 17
33 48
26 17
21 13
15 38
34 48
31 12
12 18
28 37
49 24
23 39
50 10
31 32
24 20
10 18
17 22
20 41
49 27
28 37
14 14
28 14
34 43
27 28
19 33
# P_hat : m1 | m2
0.61 20.43
2.15 0.89
14.30 5.73
5.36 0.34
1.27 6.70
2.25 12.98
14.75 15.40
6.41 7.90
5.91 1.65
0.47 0.41
2.34 11.86
1.05 4.09
2.07 1.74
8.63 11.01
5.40 6.28
5.93 0.42
3.55 4.54
5.17 0.43
19.93 3.15
6.23 8.50
7.97 23.58
7.24 6.69
10.09 3.39
3.64 5.44
8.36 7.49
20.56 2.77
9.91 17.51
5.54 7.20
12.05 8.78
0.67 5.32
3.41 1.30
4.34 3.69
2.37 14.80
18.85 4.61
1.42 9.43
5.24 15.25
14.84 17.25
5.19 5.67
8.43 15.45
11.73 8.81
5.40 7.86
10.33 3.20
0.97 5.48
10.22 6.14
11.08 0.64
6.45 6.56
15.40 2.83
6.18 11.38
2.49 21.35
0.10 1.31
5.46 9.00
10.47 5.50
17.39 1.10
7.25 21.22
9.42 3.41
6.74 6.37
8.01 14.37
4.05 3.86
2.59 9.02
1.97 0.91
1.22 18.89
1.98 6.95
0.18 14.64
5.65 1.33
5.06 5.08
13.14 5.02
3.68 6.15
5.01 14.21
7.69 9.35
0.10 15.20
10.49 8.21
0.38 10.94
10.34 8.01
6.69 8.62
5.62 5.52
6.25 4.87
8.17 7.02
4.45 2.50
13.92 7.08
0.31 4.03
0.51 6.36
6.17 15.09
7.97 5.04
16.42 2.46
0.89 10.72
15.63 1.44
2.00 3.53
6.50 15.82
2.85 6.24
8.60 13.14
0.98 23.51
6.55 3.62
10.02 0.35
2.65 14.81
8.34 5.64
8.06 1.96
12.00 10.61
3.92 0.20
4.38 20.01
9.73 2.70
6.64 1.85
4.31 3.25
2.15 7.68
16.06 4.85
0.82 10.82
11.91 7.36
2.02 5.21
12.74 1.64
3.55 2.40
5.41 10.21
7.93 10.42
5.99 4.50
6.72 18.50
1.18 4.24
0.02 14.00
2.94 0.30
12.25 2.65
1.64 4.67
1.88 9.21
3.49 14.27
15.55 10.89
13.17 2.07
2.77 4.76
1.43 16.80
9.87 15.83
2.35 5.62
10.24 5.18
14.25 14.04
10.04 3.14
1.77 3.16
6.16 5.96
13.08 3.40
9.25 1.28
2.02 0.95
3.68 12.64
2.99 7.93
5.86 18.54
14.63 3.65
5.57 0.83
5.70 8.84
1.82 7.76
5.45 4.88
9.01 12.01
4.02 13.18
5.34 9.85
0.99 6.34
8.75 0.58
12.39 4.11
12.58 6.17
2.65 9.65
