# nJobs | nMachines
150 2
# Job Weights
99
52
10
62
88
97
95
51
88
48
13
41
35
40
39
16
58
19
89
53
43
66
98
69
78
19
98
75
44
21
89
14
43
27
1
36
99
7
28
8
37
100
25
48
68
29
85
24
39
16
28
2
5
2
74
92
81
19
52
42
82
4
15
39
52
26
4
84
30
51
23
55
19
75
93
35
44
4
44
25
6
75
9
2
51
100
42
15
87
67
86
72
82
87
96
40
43
59
28
48
100
49
18
80
75
5
96
43
42
67
4
61
51
63
35
1
68
5
96
57
68
65
26
7
51
55
31
25
16
51
20
25
16
4
16
11
39
58
89
57
53
69
22
80
44
21
29
80
3
82
# P_bar : m1 | m2
24 28
30 42
12 44
13 25
29 25
45 49
12 44
11 19
38 23
25 45
41 45
45 22
10 23
44 15
38 43
17 47
42 26
43 29
43 32
15 10
12 43
35 20
38 17
11 15
40 11
39 40
11 34
19 44
24 18
10 42
14 50
13 45
25 27
29 27
34 35
48 47
17 23
38 40
17 37
29 50
44 40
36 44
38 18
50 26
10 30
37 45
49 19
41 26
20 21
28 16
15 11
42 29
12 39
13 39
47 25
25 14
25 29
30 28
50 13
11 30
49 37
38 47
35 34
25 26
14 15
25 43
19 38
21 16
25 13
33 14
22 22
50 48
22 33
23 33
20 35
34 37
35 33
39 19
31 10
23 45
17 35
42 20
38 24
19 38
23 10
38 31
42 24
46 10
15 45
11 44
43 12
17 38
10 30
18 40
17 23
22 48
19 39
46 46
25 41
43 46
39 30
42 18
46 23
46 14
46 32
20 33
11 32
33 30
36 13
25 10
11 23
21 49
30 43
41 45
16 31
28 40
42 47
49 13
13 48
14 15
13 18
28 37
22 15
43 14
33 28
18 23
36 36
32 27
44 39
20 49
49 15
44 25
27 11
14 40
48 43
49 14
43 45
42 42
12 42
20 41
26 12
31 32
33 45
34 48
33 37
47 35
39 10
48 13
47 12
47 25
# P_hat : m1 | m2
3.39 25.08
17.13 38.19
2.22 13.81
3.62 17.28
6.34 6.79
8.23 9.34
9.91 8.12
3.14 6.50
35.23 9.89
24.25 37.39
23.42 5.40
6.44 16.17
3.75 12.22
35.10 4.32
13.96 21.19
1.48 14.10
23.38 15.50
36.34 12.58
34.22 5.26
2.63 1.17
8.07 23.51
7.72 18.05
8.29 5.85
9.61 11.00
9.99 7.25
10.27 37.26
0.01 27.91
16.54 24.93
19.02 11.83
6.27 37.73
10.50 19.98
1.98 14.71
11.46 0.29
10.19 22.32
3.19 28.03
23.33 4.91
15.65 13.27
1.52 18.56
4.95 4.39
6.02 49.03
10.48 8.59
32.70 2.96
17.79 10.71
23.31 19.21
7.61 0.97
5.72 29.64
23.88 10.11
17.63 2.68
11.94 3.62
27.99 9.09
11.54 3.26
16.71 27.21
9.93 31.93
2.22 38.36
1.43 6.49
5.11 13.58
8.51 12.51
15.32 9.73
30.76 0.65
10.02 1.58
24.98 25.60
19.05 21.52
1.76 7.70
0.87 15.96
7.72 3.79
10.95 24.84
15.94 13.65
3.37 13.18
0.62 10.67
14.82 6.68
5.22 7.72
2.48 17.40
15.94 26.59
2.57 10.83
12.17 7.32
9.56 3.13
6.07 15.40
14.81 9.16
24.84 8.41
9.02 9.96
12.76 13.33
5.27 16.17
29.37 19.77
4.50 14.62
15.58 4.59
21.50 9.40
39.02 22.38
17.82 1.19
0.99 42.02
0.21 30.09
35.55 6.38
8.92 1.24
7.75 14.27
4.22 16.31
5.87 3.71
0.66 31.51
18.27 37.87
30.72 25.86
23.33 29.30
11.42 3.15
23.85 12.53
28.50 2.09
14.61 14.09
39.01 13.14
43.57 21.18
17.70 2.53
8.13 11.35
9.16 16.52
10.14 5.24
24.08 8.34
0.11 18.74
15.04 29.98
21.19 16.06
25.53 11.49
15.84 3.28
8.73 14.20
14.28 19.42
3.87 8.79
5.76 31.59
3.65 1.05
4.46 7.11
23.37 6.73
20.58 2.35
7.99 11.58
12.29 1.17
16.72 9.64
2.23 6.06
2.96 23.74
7.16 21.72
11.90 11.34
7.37 7.54
42.60 18.29
12.06 10.54
7.02 8.82
11.84 38.11
23.08 13.08
28.46 41.24
31.55 26.69
9.05 26.45
11.56 16.53
23.51 9.03
25.34 17.00
24.98 30.48
1.89 20.57
0.23 27.07
9.99 28.86
25.88 1.46
19.74 10.83
18.91 6.48
41.58 21.12
