# nJobs | nMachines
150 2
# Job Weights
63
54
32
2
18
99
3
73
100
55
20
3
63
96
67
57
62
94
60
46
1
19
96
83
74
53
31
59
55
62
62
1
32
74
66
63
69
7
81
38
82
10
38
62
91
7
48
70
86
46
100
67
57
74
93
74
98
40
79
80
22
16
14
45
71
74
82
30
7
93
60
88
15
24
28
93
51
18
28
71
85
67
10
42
59
68
38
61
58
30
95
52
54
96
34
64
47
42
55
13
87
33
38
40
84
73
30
22
70
62
87
24
59
57
81
5
47
56
6
29
64
53
63
17
41
12
76
95
45
82
84
64
97
44
58
43
84
45
8
73
31
22
39
30
27
69
81
68
13
22
# P_bar : m1 | m2
20 36
49 42
17 44
42 28
32 15
15 49
46 26
47 18
36 23
47 34
25 47
32 45
50 39
36 37
44 11
38 21
50 45
44 36
44 31
45 18
13 31
17 36
26 10
25 45
43 22
30 32
12 30
50 23
10 45
46 27
20 31
36 18
19 49
11 43
40 44
22 24
19 44
31 31
13 38
43 42
33 29
31 12
27 48
16 36
24 25
18 35
20 31
27 28
12 48
39 49
20 39
26 14
33 31
48 32
29 12
43 34
21 12
33 32
27 37
11 15
25 27
21 30
26 32
40 18
12 19
47 22
46 13
43 45
17 30
50 18
17 32
15 12
43 38
12 16
10 11
46 19
48 33
33 48
21 11
32 43
25 36
27 42
14 37
27 16
40 11
10 40
44 32
47 16
33 25
16 34
17 19
20 33
30 46
22 29
32 23
13 44
39 26
41 50
28 18
27 36
28 46
15 10
13 25
31 49
29 33
41 22
50 27
49 46
49 40
30 22
45 37
46 49
20 16
22 14
28 21
23 18
50 15
21 32
34 18
36 41
10 13
37 21
30 37
15 15
43 48
49 22
48 18
39 50
40 49
15 13
38 24
43 44
34 22
15 32
14 15
17 50
17 18
24 22
43 47
16 24
13 40
20 47
30 49
39 48
28 19
17 27
42 46
49 38
13 23
17 42
# P_hat : m1 | m2
2.65 8.07
12.13 13.15
7.20 3.22
10.61 2.65
11.97 6.45
1.04 6.28
5.81 4.94
17.20 7.84
2.97 7.63
8.26 5.81
3.31 16.07
5.60 0.44
17.71 14.35
6.62 9.01
12.22 4.47
1.90 10.02
20.13 20.83
8.14 16.37
14.27 7.94
16.32 3.24
1.36 7.21
7.52 12.42
8.01 4.42
5.36 4.66
3.92 10.10
14.13 13.04
4.53 14.68
5.20 10.12
1.69 6.30
18.62 1.43
6.96 1.74
13.78 2.62
4.19 15.05
3.94 17.29
7.73 19.78
2.32 7.49
6.01 0.12
15.13 2.89
2.02 1.89
9.91 7.63
11.12 7.27
8.39 0.26
11.39 8.36
6.09 3.23
0.70 8.09
8.99 8.12
7.52 7.68
11.66 5.99
3.91 22.94
16.70 5.26
1.12 10.07
4.52 5.15
14.46 8.63
4.84 14.86
1.13 2.27
16.94 7.88
8.77 0.53
2.68 9.74
11.53 5.33
3.78 1.20
6.50 7.35
8.72 7.98
5.45 1.21
3.88 6.28
1.71 5.93
11.87 2.08
12.22 3.05
17.32 16.21
6.73 7.94
14.53 3.56
6.64 5.16
1.44 3.66
1.08 17.84
5.24 5.37
0.38 0.41
5.67 4.38
16.69 14.70
6.76 2.27
9.20 5.44
4.77 20.40
0.15 1.41
4.06 19.60
4.05 6.72
5.08 6.76
10.70 2.30
4.38 8.82
20.07 10.15
6.25 6.20
7.63 0.42
4.39 10.08
8.07 1.77
9.99 5.71
3.53 8.00
8.00 6.80
6.05 3.84
0.05 2.36
0.18 1.89
9.44 0.84
6.84 4.23
0.30 17.18
9.62 2.66
2.21 4.73
3.64 9.17
4.66 15.62
2.42 10.65
8.35 9.09
5.81 1.44
13.10 11.61
4.87 13.94
7.63 6.46
3.54 15.41
15.43 1.77
7.54 5.53
1.21 3.74
6.55 3.98
0.82 3.06
14.95 4.66
2.78 14.26
8.97 4.47
9.31 16.91
4.62 2.61
10.16 1.08
8.74 1.14
3.01 0.39
20.41 9.12
19.04 3.71
6.85 6.46
16.46 18.57
8.65 1.25
6.22 1.44
15.63 3.29
4.06 12.05
11.92 1.59
2.18 2.14
2.08 7.08
2.52 20.11
6.17 1.63
2.76 4.47
0.02 8.36
5.72 9.49
1.11 10.20
1.04 3.00
3.56 18.11
7.41 9.53
6.66 2.50
0.38 5.07
20.38 11.45
17.54 6.52
2.10 2.78
2.71 8.37
