# nJobs | nMachines
150 2
# Job Weights
15
73
65
14
71
66
61
77
31
61
50
22
3
70
96
9
87
76
9
21
1
86
54
12
64
50
86
72
22
64
58
5
44
7
11
32
16
3
66
95
39
31
31
2
87
20
92
37
94
24
98
41
63
46
69
33
89
63
75
85
93
35
3
2
91
85
94
99
84
51
86
98
21
58
59
45
43
39
31
77
17
80
62
28
30
51
29
55
17
74
93
36
10
100
60
43
20
21
11
63
72
40
96
49
96
62
26
66
93
42
10
7
65
28
98
73
74
15
33
91
67
41
48
99
27
47
25
38
96
14
71
96
70
42
53
5
34
77
61
72
96
13
34
19
48
89
76
65
51
32
# P_bar : m1 | m2
12 32
16 35
17 24
41 11
15 25
42 14
44 22
26 22
35 33
42 45
38 19
47 27
21 34
20 13
40 25
20 12
30 25
31 23
29 44
34 26
37 35
17 37
27 38
43 32
13 45
10 30
47 40
18 36
31 10
24 42
47 49
15 31
22 31
25 21
11 31
12 13
23 25
29 46
36 27
30 14
17 27
49 16
15 45
13 50
32 32
36 11
18 11
10 42
30 25
43 24
27 41
21 15
17 35
11 12
45 35
22 34
25 13
26 45
39 36
31 44
27 17
33 37
20 47
15 20
10 19
19 35
45 26
13 20
23 21
29 35
10 42
49 20
17 34
27 37
34 35
20 21
23 39
47 40
21 22
34 11
47 19
24 19
50 36
13 44
49 13
36 16
30 46
45 10
14 33
22 45
17 38
43 48
27 47
36 26
48 25
18 43
19 30
14 33
10 12
38 45
19 41
39 29
22 20
21 25
41 33
38 46
30 17
29 18
46 27
14 10
29 37
34 11
11 12
41 13
38 39
14 12
26 47
15 28
48 36
17 35
38 12
28 21
12 43
23 13
49 42
45 12
36 15
17 38
28 41
45 30
21 11
22 39
37 12
36 17
28 17
26 33
33 26
41 43
44 38
20 19
48 29
42 18
42 13
14 31
36 29
17 33
35 43
11 45
23 33
19 45
# P_hat : m1 | m2
5.74 1.42
5.90 3.86
3.00 7.18
6.08 4.05
2.62 12.48
16.27 6.53
14.55 7.07
2.41 4.63
3.05 10.50
2.07 17.68
12.55 1.12
17.96 5.53
2.78 14.28
0.21 2.49
1.64 7.15
9.68 3.53
4.43 2.31
11.92 4.17
9.06 7.36
6.49 0.34
3.81 0.42
1.03 15.39
8.30 5.19
16.65 8.29
4.19 6.72
2.65 14.11
0.99 5.19
8.72 7.73
12.38 4.36
3.51 17.68
23.03 4.56
4.51 12.44
6.41 7.10
9.35 5.07
4.46 2.07
3.94 0.52
1.47 9.10
4.90 11.42
16.71 5.90
3.37 5.11
3.16 10.33
10.59 1.27
3.30 13.73
3.98 3.38
15.09 12.02
4.33 3.61
1.09 5.26
0.99 1.45
13.30 0.71
13.88 3.39
3.86 5.36
8.57 1.85
7.32 15.86
4.66 1.50
20.68 4.76
2.77 12.91
9.44 2.92
5.99 17.48
16.42 1.18
11.29 10.73
10.48 0.29
10.83 1.16
1.77 21.30
4.09 1.39
4.92 5.06
8.91 7.19
0.97 4.52
1.07 9.00
1.51 0.23
10.53 11.62
4.09 20.23
5.23 5.60
4.30 15.93
11.35 0.97
12.46 7.33
5.42 2.73
6.79 14.25
11.95 19.63
3.12 2.82
9.61 3.60
16.19 1.88
10.48 5.37
15.91 8.35
4.95 21.38
3.92 3.96
8.31 2.80
0.14 2.62
5.55 0.76
5.09 3.72
10.91 5.65
0.84 16.16
8.63 13.47
10.80 12.30
3.67 1.49
13.32 10.75
6.60 15.54
5.85 1.02
1.32 11.68
1.78 3.26
14.89 1.84
5.27 9.40
0.10 7.03
8.37 1.66
0.37 11.82
15.29 14.02
3.85 15.39
14.37 3.93
5.34 3.71
7.52 8.79
1.04 2.73
4.43 1.15
14.90 2.82
5.48 4.84
7.55 2.99
8.52 1.01
5.05 4.72
11.52 4.73
4.45 3.62
9.40 2.96
3.51 5.78
13.22 4.54
0.05 5.45
3.72 4.40
4.09 5.71
19.46 18.47
2.09 5.22
10.59 1.79
4.09 8.57
8.99 20.19
1.46 11.58
6.09 0.15
6.18 1.27
10.37 2.78
10.86 7.73
9.47 4.58
10.46 8.21
4.45 1.37
16.91 14.12
10.96 15.62
0.77 3.61
1.41 11.25
7.02 8.68
16.48 1.32
4.95 8.11
14.20 4.16
4.40 13.08
7.70 12.42
0.81 14.28
3.77 13.17
4.12 8.91
