# nJobs | nMachines
150 2
# Job Weights
52
61
41
73
48
87
21
20
98
7
3
56
68
83
78
35
18
46
2
68
11
58
50
14
66
56
19
5
49
74
41
92
39
63
56
32
87
12
84
64
64
13
43
35
6
42
1
92
97
65
49
32
14
17
90
80
11
19
3
30
98
67
34
5
41
8
46
54
37
14
95
8
28
97
61
23
13
87
68
6
12
56
19
12
18
66
93
51
41
56
69
12
95
62
25
44
16
16
7
34
94
65
76
45
79
68
69
31
91
34
8
53
59
43
60
20
61
42
71
16
74
68
49
81
15
26
15
85
6
45
94
19
71
24
11
26
68
41
59
73
28
34
17
66
12
52
91
44
14
88
# P_bar : m1 | m2
20 14
16 40
35 25
38 24
43 44
34 10
46 14
38 44
12 48
41 15
26 19
28 14
21 47
15 42
18 27
18 23
40 22
40 48
12 29
33 45
46 30
37 30
30 46
30 18
25 18
38 35
13 22
26 29
26 32
46 28
40 18
29 41
19 43
33 41
24 39
10 41
35 42
14 14
17 28
49 25
32 39
17 26
41 35
37 37
11 47
44 27
42 16
28 34
10 50
46 45
48 48
37 23
27 36
24 43
15 26
35 18
27 21
14 15
39 41
41 21
33 47
30 23
42 11
10 29
26 12
16 48
44 28
50 29
42 48
13 41
15 39
37 15
44 34
35 38
36 40
11 32
33 24
39 46
42 13
41 37
41 17
17 46
33 47
17 42
18 26
21 23
28 43
18 22
39 20
15 11
45 47
34 26
29 49
35 50
23 45
18 17
31 28
11 44
16 26
20 31
17 39
17 49
47 29
10 29
47 42
24 22
17 11
24 26
45 23
34 39
29 26
30 33
13 43
11 48
19 27
10 32
23 28
23 21
44 49
39 13
25 35
19 43
49 23
48 42
22 50
23 21
45 16
36 15
46 15
43 35
46 44
50 27
17 13
33 14
15 45
39 20
14 13
13 50
13 26
44 27
27 25
41 11
34 46
28 41
29 19
22 26
42 50
33 26
25 50
50 25
# P_hat : m1 | m2
10.00 7.00
8.00 20.00
17.50 12.50
19.00 12.00
21.50 22.00
17.00 5.00
23.00 7.00
19.00 22.00
6.00 24.00
20.50 7.50
13.00 9.50
14.00 7.00
10.50 23.50
7.50 21.00
9.00 13.50
9.00 11.50
20.00 11.00
20.00 24.00
6.00 14.50
16.50 22.50
23.00 15.00
18.50 15.00
15.00 23.00
15.00 9.00
12.50 9.00
19.00 17.50
6.50 11.00
13.00 14.50
13.00 16.00
23.00 14.00
20.00 9.00
14.50 20.50
9.50 21.50
16.50 20.50
12.00 19.50
5.00 20.50
17.50 21.00
7.00 7.00
8.50 14.00
24.50 12.50
16.00 19.50
8.50 13.00
20.50 17.50
18.50 18.50
5.50 23.50
22.00 13.50
21.00 8.00
14.00 17.00
5.00 25.00
23.00 22.50
24.00 24.00
18.50 11.50
13.50 18.00
12.00 21.50
7.50 13.00
17.50 9.00
13.50 10.50
7.00 7.50
19.50 20.50
20.50 10.50
16.50 23.50
15.00 11.50
21.00 5.50
5.00 14.50
13.00 6.00
8.00 24.00
22.00 14.00
25.00 14.50
21.00 24.00
6.50 20.50
7.50 19.50
18.50 7.50
22.00 17.00
17.50 19.00
18.00 20.00
5.50 16.00
16.50 12.00
19.50 23.00
21.00 6.50
20.50 18.50
20.50 8.50
8.50 23.00
16.50 23.50
8.50 21.00
9.00 13.00
10.50 11.50
14.00 21.50
9.00 11.00
19.50 10.00
7.50 5.50
22.50 23.50
17.00 13.00
14.50 24.50
17.50 25.00
11.50 22.50
9.00 8.50
15.50 14.00
5.50 22.00
8.00 13.00
10.00 15.50
8.50 19.50
8.50 24.50
23.50 14.50
5.00 14.50
23.50 21.00
12.00 11.00
8.50 5.50
12.00 13.00
22.50 11.50
17.00 19.50
14.50 13.00
15.00 16.50
6.50 21.50
5.50 24.00
9.50 13.50
5.00 16.00
11.50 14.00
11.50 10.50
22.00 24.50
19.50 6.50
12.50 17.50
9.50 21.50
24.50 11.50
24.00 21.00
11.00 25.00
11.50 10.50
22.50 8.00
18.00 7.50
23.00 7.50
21.50 17.50
23.00 22.00
25.00 13.50
8.50 6.50
16.50 7.00
7.50 22.50
19.50 10.00
7.00 6.50
6.50 25.00
6.50 13.00
22.00 13.50
13.50 12.50
20.50 5.50
17.00 23.00
14.00 20.50
14.50 9.50
11.00 13.00
21.00 25.00
16.50 13.00
12.50 25.00
25.00 12.50
