# nJobs | nMachines
150 2
# Job Weights
93
59
43
64
75
73
93
1
13
71
63
81
7
93
77
61
57
51
60
27
92
28
86
85
33
69
81
31
23
91
69
62
95
51
21
45
70
89
22
77
57
4
14
94
96
18
76
16
86
22
52
57
7
78
23
27
23
4
94
36
30
32
7
57
22
15
38
91
43
99
97
15
62
95
7
67
24
28
62
93
50
17
86
56
17
85
47
89
82
88
14
24
35
79
82
64
69
98
38
88
87
23
71
56
100
91
85
72
89
79
86
17
19
17
29
23
38
68
42
46
51
37
60
86
78
8
19
99
32
88
14
13
84
87
97
63
18
54
17
9
46
89
98
26
93
98
6
88
15
74
# P_bar : m1 | m2
36 16
29 37
21 21
43 50
38 42
34 40
27 16
42 39
49 28
45 32
15 44
39 12
45 19
41 17
22 43
23 34
49 50
14 44
30 21
37 41
32 30
38 49
43 17
22 44
25 18
44 31
35 42
28 13
34 38
16 36
29 47
24 47
35 35
33 45
16 38
39 28
25 30
17 15
47 19
21 44
25 45
29 26
37 30
33 10
20 22
35 39
31 16
36 24
17 44
43 17
20 48
16 37
27 22
43 20
12 31
25 10
17 46
36 46
20 19
26 15
24 39
20 19
22 18
29 24
35 43
31 46
42 18
29 19
30 43
15 48
36 16
31 46
33 15
49 27
27 20
33 44
47 12
11 34
39 35
26 28
30 14
18 39
42 37
27 15
46 23
29 28
13 16
46 13
46 47
42 12
17 36
50 37
31 45
36 48
39 45
20 25
47 40
16 11
21 27
11 30
28 32
48 41
42 27
49 26
10 47
22 32
36 28
43 24
23 10
34 11
18 23
18 10
30 13
28 48
26 28
35 36
33 36
25 27
20 44
32 43
21 19
30 19
46 34
31 40
47 44
16 21
19 21
35 26
25 48
47 14
19 35
43 50
15 13
30 39
10 13
36 26
35 24
13 16
11 47
44 46
30 13
26 41
41 47
17 38
19 30
17 48
49 38
29 16
34 45
40 31
# P_hat : m1 | m2
19.21 4.60
17.30 20.64
7.69 6.39
34.71 4.32
19.88 0.06
3.97 17.98
3.48 13.39
22.55 22.32
45.89 27.98
13.88 9.18
13.04 12.34
29.80 1.92
11.15 3.12
1.49 4.85
2.24 34.09
16.76 30.80
9.78 48.75
5.20 10.22
15.05 18.51
26.84 13.46
3.62 3.39
15.44 42.63
20.86 10.81
11.90 7.25
20.46 7.74
7.55 8.90
28.27 30.95
19.40 5.89
18.90 37.59
11.19 1.97
11.95 16.69
3.32 22.65
23.30 17.61
17.31 14.22
10.23 27.71
13.18 24.49
22.67 28.16
9.99 12.08
4.01 16.16
9.45 24.22
18.91 37.16
23.03 7.89
18.30 11.95
29.53 3.17
5.35 10.28
14.37 11.14
27.86 15.39
32.27 7.51
11.66 4.31
36.94 8.96
1.78 2.74
13.84 4.09
8.66 4.83
7.67 9.29
2.87 13.43
10.45 8.00
4.27 34.02
11.54 19.61
2.70 6.34
7.70 4.75
13.73 30.19
8.84 0.99
7.63 0.23
21.65 19.09
31.27 20.52
23.46 6.02
13.94 4.24
21.59 17.72
4.56 36.96
1.95 34.07
12.44 7.72
25.04 23.93
8.13 14.63
3.10 26.08
3.56 4.31
28.34 35.69
29.79 2.37
2.79 7.26
21.66 23.66
13.72 11.34
19.66 13.04
4.20 3.47
36.30 18.93
8.35 13.78
31.93 20.79
0.47 4.38
4.84 5.87
16.18 8.05
25.00 7.49
3.05 11.62
13.43 32.93
10.89 6.18
20.99 5.45
28.92 4.10
21.91 40.92
14.82 4.84
31.11 16.65
5.69 4.94
16.99 16.17
3.24 2.15
15.99 7.26
35.78 38.19
15.92 24.53
14.84 20.31
4.59 0.91
18.00 10.46
33.48 17.58
23.44 6.60
15.21 9.10
30.71 6.97
1.77 1.65
4.18 9.09
21.27 12.45
23.06 3.73
22.28 14.91
14.53 10.92
2.95 14.14
10.94 4.85
4.61 25.44
9.32 41.19
16.22 9.56
2.27 1.58
38.07 21.08
13.26 13.61
28.02 37.66
1.43 9.13
6.41 4.05
3.14 4.97
24.04 36.90
37.94 3.72
8.73 26.85
9.61 10.29
14.00 4.18
10.34 18.15
1.61 12.26
20.27 24.23
33.03 4.96
0.05 5.73
2.62 7.02
41.29 23.46
5.13 5.99
2.94 36.93
23.38 43.71
14.65 14.58
9.07 14.75
16.91 43.02
33.28 30.65
2.15 0.06
33.76 14.40
16.32 13.08
