# nJobs | nMachines
150 2
# Job Weights
26
60
50
88
100
35
56
71
17
12
69
12
86
68
47
63
4
24
100
10
69
31
67
17
55
53
28
79
66
20
54
90
36
28
36
1
36
2
27
61
100
6
20
21
64
74
56
54
64
58
55
50
71
58
60
51
91
95
76
73
96
23
99
68
95
78
83
100
66
90
52
89
53
13
75
19
1
60
16
18
78
39
15
84
85
34
15
84
42
88
11
82
41
23
13
42
71
87
16
48
47
8
96
77
83
80
99
76
14
75
15
4
19
4
77
84
78
29
99
79
12
34
10
21
14
61
33
64
81
1
81
32
41
24
24
83
73
97
5
17
14
61
69
20
77
10
25
69
79
60
# P_bar : m1 | m2
16 12
22 20
50 16
31 28
41 40
22 11
26 30
29 39
27 25
19 18
20 20
20 34
47 23
16 22
33 26
26 25
40 40
22 38
31 44
17 23
13 11
37 20
19 40
44 41
38 47
14 43
43 18
15 35
13 12
16 47
35 48
48 39
38 25
22 31
30 19
45 35
22 47
19 17
19 38
18 18
32 24
18 42
13 37
40 39
26 23
34 12
27 13
50 32
13 10
29 34
38 16
21 37
43 35
28 36
13 35
16 31
43 29
34 21
44 28
45 40
29 34
23 26
18 30
41 27
31 12
38 26
47 28
22 46
27 44
33 17
31 35
34 22
46 24
11 13
48 22
32 41
27 39
10 23
16 41
44 11
15 25
39 11
11 39
17 48
32 35
34 48
19 39
37 26
36 35
17 38
19 45
17 50
46 50
11 43
31 25
49 20
34 19
50 22
48 35
26 34
14 29
25 40
11 45
42 38
31 16
25 17
37 36
24 40
13 14
35 31
36 38
18 13
12 21
43 36
32 34
39 41
33 22
28 14
39 46
39 22
30 26
41 23
15 14
10 31
39 14
40 40
41 12
49 39
23 33
19 17
43 12
18 32
46 24
19 15
14 33
26 29
11 12
23 34
35 34
23 11
12 32
16 29
22 36
45 30
34 34
12 35
39 23
17 17
34 23
45 36
# P_hat : m1 | m2
2.70 1.40
6.13 18.80
8.85 10.04
2.75 9.38
4.95 5.57
10.14 8.73
5.36 18.60
10.56 20.80
13.59 22.35
13.12 14.19
0.79 3.03
15.99 10.60
29.51 5.72
1.31 16.37
28.83 0.87
23.94 14.25
2.44 30.50
6.09 33.32
24.99 15.05
12.72 18.89
2.40 1.22
7.75 16.93
7.04 5.10
21.32 16.29
23.49 37.47
5.16 6.45
19.89 4.13
11.21 25.28
0.48 8.64
4.04 30.13
24.97 33.31
42.97 21.17
19.44 6.29
11.71 10.72
3.22 3.45
20.13 31.80
11.72 27.42
4.61 6.81
5.12 17.56
6.79 17.05
0.64 3.68
5.80 24.62
2.75 18.72
13.10 23.85
3.11 0.42
30.28 10.47
16.03 12.12
33.96 18.08
10.26 6.97
14.45 31.36
3.30 11.32
11.28 5.64
25.23 20.17
20.87 21.84
5.61 14.84
2.04 22.83
12.20 27.10
12.34 19.44
28.42 12.62
25.69 4.53
10.33 33.48
22.69 21.81
10.90 3.74
9.73 24.86
3.16 10.44
5.81 13.49
11.56 16.56
3.53 18.35
5.04 2.41
9.41 5.70
5.37 28.10
30.49 0.10
3.69 8.00
5.77 5.18
19.70 11.82
31.44 37.71
3.03 13.51
3.98 7.98
15.51 30.24
38.08 4.97
12.26 5.62
10.06 4.98
1.88 5.49
11.37 8.47
29.74 17.44
18.93 20.11
10.86 35.68
10.36 9.42
27.70 20.32
3.18 24.03
6.15 0.59
7.23 33.18
23.35 8.90
2.67 41.33
3.56 3.72
29.92 8.29
9.81 1.62
29.06 21.93
7.41 17.58
12.51 20.24
7.46 1.95
1.30 30.00
3.70 9.45
5.65 34.13
1.96 3.28
24.75 3.24
11.93 1.32
19.44 18.88
3.31 7.91
23.85 2.04
27.37 29.47
10.72 5.89
5.66 11.01
17.71 15.87
11.16 13.63
36.25 22.95
27.41 3.42
27.02 2.55
4.85 39.64
28.50 20.81
28.15 9.71
7.43 6.23
1.00 9.02
7.41 12.67
22.40 0.36
33.67 6.25
5.73 8.59
38.97 25.70
4.64 0.89
3.11 3.77
7.06 2.77
14.66 21.50
30.60 0.47
9.94 1.56
5.02 26.40
22.81 5.18
4.32 7.83
18.78 8.10
15.37 3.38
8.67 2.67
5.55 23.11
4.82 24.82
16.45 29.89
22.62 11.92
7.90 22.71
10.79 7.17
14.97 6.74
9.24 15.24
30.82 0.30
28.09 3.08
