# nJobs | nMachines
150 2
# Job Weights
63
54
32
2
18
99
3
73
100
55
20
3
63
96
67
57
62
94
60
46
1
19
96
83
74
53
31
59
55
62
62
1
32
74
66
63
69
7
81
38
82
10
38
62
91
7
48
70
86
46
100
67
57
74
93
74
98
40
79
80
22
16
14
45
71
74
82
30
7
93
60
88
15
24
28
93
51
18
28
71
85
67
10
42
59
68
38
61
58
30
95
52
54
96
34
64
47
42
55
13
87
33
38
40
84
73
30
22
70
62
87
24
59
57
81
5
47
56
6
29
64
53
63
17
41
12
76
95
45
82
84
64
97
44
58
43
84
45
8
73
31
22
39
30
27
69
81
68
13
22
# P_bar : m1 | m2
20 36
49 42
17 44
42 28
32 15
15 49
46 26
47 18
36 23
47 34
25 47
32 45
50 39
36 37
44 11
38 21
50 45
44 36
44 31
45 18
13 31
17 36
26 10
25 45
43 22
30 32
12 30
50 23
10 45
46 27
20 31
36 18
19 49
11 43
40 44
22 24
19 44
31 31
13 38
43 42
33 29
31 12
27 48
16 36
24 25
18 35
20 31
27 28
12 48
39 49
20 39
26 14
33 31
48 32
29 12
43 34
21 12
33 32
27 37
11 15
25 27
21 30
26 32
40 18
12 19
47 22
46 13
43 45
17 30
50 18
17 32
15 12
43 38
12 16
10 11
46 19
48 33
33 48
21 11
32 43
25 36
27 42
14 37
27 16
40 11
10 40
44 32
47 16
33 25
16 34
17 19
20 33
30 46
22 29
32 23
13 44
39 26
41 50
28 18
27 36
28 46
15 10
13 25
31 49
29 33
41 22
50 27
49 46
49 40
30 22
45 37
46 49
20 16
22 14
28 21
23 18
50 15
21 32
34 18
36 41
10 13
37 21
30 37
15 15
43 48
49 22
48 18
39 50
40 49
15 13
38 24
43 44
34 22
15 32
14 15
17 50
17 18
24 22
43 47
16 24
13 40
20 47
30 49
39 48
28 19
17 27
42 46
49 38
13 23
17 42
# P_hat : m1 | m2
0.38 12.43
37.85 4.47
2.91 21.64
1.84 21.52
20.92 3.32
11.61 13.21
37.44 6.31
23.19 17.85
7.39 4.54
34.65 19.57
17.49 43.49
7.88 6.61
45.17 37.86
3.76 35.06
43.24 9.73
32.69 4.51
34.39 28.53
41.30 27.39
31.78 30.57
8.57 3.25
5.75 23.75
1.22 12.20
10.13 1.76
18.54 18.96
16.62 17.46
9.91 14.88
7.14 16.13
43.61 22.89
0.48 17.96
17.73 16.62
3.16 11.32
25.03 7.07
2.01 34.09
7.31 40.33
11.45 23.86
4.38 18.44
17.79 3.93
0.57 6.55
5.69 19.08
0.93 0.84
15.96 7.33
15.53 6.21
8.68 0.72
2.11 9.52
9.03 12.85
12.10 20.06
15.65 28.70
14.33 18.07
7.08 19.91
7.82 45.59
5.75 30.61
4.21 2.80
8.23 4.06
10.79 21.63
15.06 6.72
24.20 26.85
19.84 8.87
6.45 20.01
17.33 36.50
8.99 8.00
14.01 3.05
5.36 24.85
6.83 8.06
1.57 13.99
3.67 18.19
35.00 15.33
2.19 7.75
9.43 20.72
12.01 10.93
39.13 6.35
7.74 20.36
10.47 9.02
16.68 25.78
1.92 3.17
3.98 5.43
26.68 15.04
45.51 15.70
2.27 25.76
10.66 8.48
10.53 28.43
12.71 14.74
0.65 37.61
4.38 6.01
22.14 15.93
22.16 1.31
4.51 0.60
12.56 28.48
14.01 3.92
12.64 18.24
13.37 27.57
16.44 16.32
8.77 32.72
11.80 13.53
18.62 20.60
13.66 2.65
7.18 17.90
9.01 22.05
30.48 18.38
14.90 10.64
21.84 18.14
21.86 29.71
3.23 9.73
9.30 1.39
24.80 28.12
10.04 28.48
7.08 10.59
0.13 2.12
22.09 25.78
17.27 13.28
16.65 3.41
8.46 31.41
39.54 25.56
5.16 14.93
4.98 11.28
13.46 14.55
11.47 0.09
10.75 6.42
5.71 6.32
5.77 16.39
25.86 7.16
7.70 3.72
17.11 10.85
21.42 9.74
11.04 3.15
5.95 28.76
47.34 1.96
39.41 1.05
7.97 18.61
7.45 35.31
1.88 7.21
5.26 10.15
32.17 24.89
15.97 8.04
11.74 29.96
10.45 0.82
10.28 33.67
11.67 16.04
0.44 17.69
13.41 8.65
10.21 7.10
0.12 28.68
0.66 3.96
25.56 39.78
26.68 34.51
7.43 13.86
11.70 2.71
33.28 33.02
15.03 25.83
0.47 19.11
15.86 1.75
