# nJobs | nMachines
150 2
# Job Weights
68
56
81
79
26
14
95
7
93
15
95
63
18
39
20
83
95
86
37
43
5
77
44
95
3
90
13
16
19
42
68
55
68
41
83
64
69
94
95
82
31
23
28
8
57
68
61
71
67
31
13
93
66
37
83
83
73
29
96
36
95
99
33
56
65
20
62
13
50
3
97
70
19
49
64
32
4
22
82
28
18
99
45
57
24
46
50
86
54
86
72
88
67
7
27
81
69
83
60
52
81
46
4
80
78
2
45
22
71
10
96
24
86
35
70
10
68
43
38
3
56
99
67
27
91
99
81
62
14
5
55
38
27
30
36
43
73
94
47
48
19
61
44
25
6
42
62
5
40
74
# P_bar : m1 | m2
24 17
26 16
32 32
14 39
12 50
37 44
21 40
41 24
22 49
19 49
15 45
14 24
26 16
12 12
39 31
36 42
14 20
42 11
14 18
11 33
26 38
37 48
30 10
36 27
16 10
45 25
16 13
26 39
17 25
38 28
25 36
33 39
18 17
15 30
30 35
48 31
10 37
25 18
24 49
42 34
46 48
35 34
26 34
21 11
45 39
41 30
25 43
43 24
28 38
30 34
45 36
30 47
15 31
22 25
48 28
48 50
23 25
36 22
18 27
42 29
17 16
27 48
37 35
47 16
40 26
20 31
43 35
14 41
11 40
19 21
49 40
31 27
26 48
29 19
32 14
40 44
47 37
13 40
36 10
21 20
50 45
11 35
33 16
50 40
49 38
20 48
34 29
46 22
50 14
45 23
44 30
40 37
44 13
30 50
22 22
12 27
14 31
40 27
44 26
14 15
21 38
39 32
32 40
10 41
12 21
45 37
13 46
14 11
42 16
35 49
13 23
17 12
13 39
32 33
45 43
18 46
22 48
21 27
15 10
42 32
34 40
43 31
43 50
10 42
37 31
42 11
13 19
26 21
46 40
49 47
29 22
45 37
27 31
45 11
14 15
41 13
35 41
23 21
11 46
26 24
23 41
30 43
42 34
19 42
32 39
40 26
47 18
25 39
11 30
36 12
# P_hat : m1 | m2
6.54 9.41
22.75 11.49
24.53 28.71
5.07 35.17
8.81 16.43
3.85 41.91
16.58 1.00
21.83 9.04
6.43 43.89
12.46 13.46
9.62 12.29
2.93 7.26
0.79 9.80
5.20 5.26
22.21 22.53
31.56 37.59
13.00 13.48
22.21 2.25
10.55 16.79
4.83 8.73
19.40 5.70
7.58 4.32
11.13 5.63
22.83 3.07
0.29 1.39
32.51 7.50
13.37 3.66
10.38 23.57
7.62 20.42
32.35 21.32
19.39 9.45
9.51 9.57
5.83 16.42
10.18 0.25
16.90 30.79
7.79 6.19
3.10 35.05
22.50 6.16
16.52 21.58
41.41 24.04
35.28 28.21
32.97 10.81
5.62 18.83
16.20 8.04
0.91 1.65
27.50 0.34
11.73 19.70
14.91 3.16
24.15 25.25
25.63 7.28
1.00 15.58
18.29 9.29
5.52 17.00
9.14 2.90
39.94 0.65
14.87 2.56
21.69 23.86
6.47 3.13
11.93 19.13
28.23 1.97
4.29 1.73
8.77 24.43
30.89 16.27
35.80 15.23
13.16 24.57
10.68 24.17
2.65 21.07
2.92 18.65
5.34 14.25
1.63 19.89
41.32 24.12
22.26 15.63
24.53 11.13
20.11 0.89
30.09 13.23
22.18 13.80
28.21 16.38
12.70 4.59
23.12 8.37
0.65 0.55
36.19 37.53
9.96 4.91
26.25 14.19
29.19 29.19
32.89 6.26
19.80 27.16
3.08 9.07
30.69 3.92
14.17 12.03
28.80 9.28
26.74 11.96
6.14 6.29
9.10 4.98
18.65 43.58
2.82 7.99
3.18 25.69
11.69 29.34
13.08 3.91
21.47 4.61
13.18 12.94
4.77 14.92
15.20 0.14
19.41 10.95
7.55 24.50
10.82 16.78
41.20 4.94
10.10 5.08
3.20 10.14
1.04 12.02
13.43 28.90
1.84 17.69
12.08 5.15
8.59 29.58
1.41 12.27
37.65 10.50
4.48 33.53
9.51 20.14
14.03 26.50
6.44 3.49
18.53 29.50
2.23 37.32
17.26 7.50
32.89 39.91
9.15 18.19
15.30 28.44
17.79 4.95
9.13 14.14
24.51 9.81
12.28 9.11
21.57 9.37
23.08 9.36
27.44 27.95
2.99 18.76
28.25 7.57
2.61 4.23
20.92 6.26
18.52 1.82
20.15 17.17
5.09 45.54
7.27 9.77
5.31 0.45
26.23 7.30
7.18 22.19
8.09 25.71
5.99 30.73
30.93 6.60
22.30 13.75
8.78 26.83
3.97 9.68
30.68 6.55
