# nJobs | nMachines
150 2
# Job Weights
68
56
81
79
26
14
95
7
93
15
95
63
18
39
20
83
95
86
37
43
5
77
44
95
3
90
13
16
19
42
68
55
68
41
83
64
69
94
95
82
31
23
28
8
57
68
61
71
67
31
13
93
66
37
83
83
73
29
96
36
95
99
33
56
65
20
62
13
50
3
97
70
19
49
64
32
4
22
82
28
18
99
45
57
24
46
50
86
54
86
72
88
67
7
27
81
69
83
60
52
81
46
4
80
78
2
45
22
71
10
96
24
86
35
70
10
68
43
38
3
56
99
67
27
91
99
81
62
14
5
55
38
27
30
36
43
73
94
47
48
19
61
44
25
6
42
62
5
40
74
# P_bar : m1 | m2
24 17
26 16
32 32
14 39
12 50
37 44
21 40
41 24
22 49
19 49
15 45
14 24
26 16
12 12
39 31
36 42
14 20
42 11
14 18
11 33
26 38
37 48
30 10
36 27
16 10
45 25
16 13
26 39
17 25
38 28
25 36
33 39
18 17
15 30
30 35
48 31
10 37
25 18
24 49
42 34
46 48
35 34
26 34
21 11
45 39
41 30
25 43
43 24
28 38
30 34
45 36
30 47
15 31
22 25
48 28
48 50
23 25
36 22
18 27
42 29
17 16
27 48
37 35
47 16
40 26
20 31
43 35
14 41
11 40
19 21
49 40
31 27
26 48
29 19
32 14
40 44
47 37
13 40
36 10
21 20
50 45
11 35
33 16
50 40
49 38
20 48
34 29
46 22
50 14
45 23
44 30
40 37
44 13
30 50
22 22
12 27
14 31
40 27
44 26
14 15
21 38
39 32
32 40
10 41
12 21
45 37
13 46
14 11
42 16
35 49
13 23
17 12
13 39
32 33
45 43
18 46
22 48
21 27
15 10
42 32
34 40
43 31
43 50
10 42
37 31
42 11
13 19
26 21
46 40
49 47
29 22
45 37
27 31
45 11
14 15
41 13
35 41
23 21
11 46
26 24
23 41
30 43
42 34
19 42
32 39
40 26
47 18
25 39
11 30
36 12
# P_hat : m1 | m2
7.20 5.10
7.80 4.80
9.60 9.60
4.20 11.70
3.60 15.00
11.10 13.20
6.30 12.00
12.30 7.20
6.60 14.70
5.70 14.70
4.50 13.50
4.20 7.20
7.80 4.80
3.60 3.60
11.70 9.30
10.80 12.60
4.20 6.00
12.60 3.30
4.20 5.40
3.30 9.90
7.80 11.40
11.10 14.40
9.00 3.00
10.80 8.10
4.80 3.00
13.50 7.50
4.80 3.90
7.80 11.70
5.10 7.50
11.40 8.40
7.50 10.80
9.90 11.70
5.40 5.10
4.50 9.00
9.00 10.50
14.40 9.30
3.00 11.10
7.50 5.40
7.20 14.70
12.60 10.20
13.80 14.40
10.50 10.20
7.80 10.20
6.30 3.30
13.50 11.70
12.30 9.00
7.50 12.90
12.90 7.20
8.40 11.40
9.00 10.20
13.50 10.80
9.00 14.10
4.50 9.30
6.60 7.50
14.40 8.40
14.40 15.00
6.90 7.50
10.80 6.60
5.40 8.10
12.60 8.70
5.10 4.80
8.10 14.40
11.10 10.50
14.10 4.80
12.00 7.80
6.00 9.30
12.90 10.50
4.20 12.30
3.30 12.00
5.70 6.30
14.70 12.00
9.30 8.10
7.80 14.40
8.70 5.70
9.60 4.20
12.00 13.20
14.10 11.10
3.90 12.00
10.80 3.00
6.30 6.00
15.00 13.50
3.30 10.50
9.90 4.80
15.00 12.00
14.70 11.40
6.00 14.40
10.20 8.70
13.80 6.60
15.00 4.20
13.50 6.90
13.20 9.00
12.00 11.10
13.20 3.90
9.00 15.00
6.60 6.60
3.60 8.10
4.20 9.30
12.00 8.10
13.20 7.80
4.20 4.50
6.30 11.40
11.70 9.60
9.60 12.00
3.00 12.30
3.60 6.30
13.50 11.10
3.90 13.80
4.20 3.30
12.60 4.80
10.50 14.70
3.90 6.90
5.10 3.60
3.90 11.70
9.60 9.90
13.50 12.90
5.40 13.80
6.60 14.40
6.30 8.10
4.50 3.00
12.60 9.60
10.20 12.00
12.90 9.30
12.90 15.00
3.00 12.60
11.10 9.30
12.60 3.30
3.90 5.70
7.80 6.30
13.80 12.00
14.70 14.10
8.70 6.60
13.50 11.10
8.10 9.30
13.50 3.30
4.20 4.50
12.30 3.90
10.50 12.30
6.90 6.30
3.30 13.80
7.80 7.20
6.90 12.30
9.00 12.90
12.60 10.20
5.70 12.60
9.60 11.70
12.00 7.80
14.10 5.40
7.50 11.70
3.30 9.00
10.80 3.60
