# nJobs | nMachines
150 2
# Job Weights
26
60
50
88
100
35
56
71
17
12
69
12
86
68
47
63
4
24
100
10
69
31
67
17
55
53
28
79
66
20
54
90
36
28
36
1
36
2
27
61
100
6
20
21
64
74
56
54
64
58
55
50
71
58
60
51
91
95
76
73
96
23
99
68
95
78
83
100
66
90
52
89
53
13
75
19
1
60
16
18
78
39
15
84
85
34
15
84
42
88
11
82
41
23
13
42
71
87
16
48
47
8
96
77
83
80
99
76
14
75
15
4
19
4
77
84
78
29
99
79
12
34
10
21
14
61
33
64
81
1
81
32
41
24
24
83
73
97
5
17
14
61
69
20
77
10
25
69
79
60
# P_bar : m1 | m2
16 12
22 20
50 16
31 28
41 40
22 11
26 30
29 39
27 25
19 18
20 20
20 34
47 23
16 22
33 26
26 25
40 40
22 38
31 44
17 23
13 11
37 20
19 40
44 41
38 47
14 43
43 18
15 35
13 12
16 47
35 48
48 39
38 25
22 31
30 19
45 35
22 47
19 17
19 38
18 18
32 24
18 42
13 37
40 39
26 23
34 12
27 13
50 32
13 10
29 34
38 16
21 37
43 35
28 36
13 35
16 31
43 29
34 21
44 28
45 40
29 34
23 26
18 30
41 27
31 12
38 26
47 28
22 46
27 44
33 17
31 35
34 22
46 24
11 13
48 22
32 41
27 39
10 23
16 41
44 11
15 25
39 11
11 39
17 48
32 35
34 48
19 39
37 26
36 35
17 38
19 45
17 50
46 50
11 43
31 25
49 20
34 19
50 22
48 35
26 34
14 29
25 40
11 45
42 38
31 16
25 17
37 36
24 40
13 14
35 31
36 38
18 13
12 21
43 36
32 34
39 41
33 22
28 14
39 46
39 22
30 26
41 23
15 14
10 31
39 14
40 40
41 12
49 39
23 33
19 17
43 12
18 32
46 24
19 15
14 33
26 29
11 12
23 34
35 34
23 11
12 32
16 29
22 36
45 30
34 34
12 35
39 23
17 17
34 23
45 36
# P_hat : m1 | m2
6.65 20.99
1.17 21.16
18.14 30.05
36.15 44.73
34.56 79.83
39.28 7.72
42.51 46.03
19.83 31.35
14.01 23.99
14.43 22.59
23.61 34.95
10.72 66.92
58.67 35.34
13.10 18.38
36.44 21.91
22.68 36.88
23.56 19.10
41.73 8.40
47.34 31.21
4.76 13.21
22.58 6.52
36.07 9.34
33.99 3.37
70.39 1.47
32.32 92.85
0.63 36.79
23.11 13.84
16.25 47.58
16.47 5.24
8.25 89.30
9.75 75.49
80.15 6.97
74.81 20.88
23.13 54.51
10.30 35.90
24.51 32.72
0.81 57.66
34.74 5.68
4.47 75.33
20.75 8.34
17.54 45.25
19.95 54.57
16.94 44.97
66.38 39.99
10.73 10.61
0.75 4.24
7.39 5.73
90.00 11.93
22.72 15.59
34.65 23.81
45.64 1.85
27.93 71.71
15.08 61.87
51.21 66.80
10.89 69.64
12.26 10.78
44.63 22.98
3.19 31.85
14.63 38.98
66.42 12.31
4.80 55.48
27.74 11.67
8.83 13.43
31.92 29.00
17.90 14.23
27.03 30.16
67.59 5.12
13.07 80.73
30.59 23.37
31.42 4.40
41.15 62.21
63.70 42.05
67.40 41.38
4.73 21.05
2.99 28.83
16.78 45.17
32.13 6.78
1.03 18.79
15.88 30.56
52.52 5.71
10.03 36.17
60.13 10.91
2.35 6.32
2.55 21.14
46.60 47.83
33.69 7.31
26.16 66.39
32.18 25.75
17.74 33.64
27.85 45.02
30.38 74.22
23.62 34.78
25.04 67.80
12.99 48.65
22.38 13.35
8.98 35.15
62.38 30.30
13.68 28.97
91.22 59.54
23.19 58.98
5.18 41.09
27.10 66.96
19.20 62.77
61.51 51.69
50.01 19.80
32.94 25.59
51.23 11.42
40.76 70.47
6.49 24.41
34.26 1.81
15.93 62.76
35.56 3.35
22.66 14.07
3.39 53.53
45.16 10.93
72.17 67.07
11.92 36.61
31.80 14.21
71.41 0.59
2.65 12.63
41.85 32.08
24.38 45.13
27.73 17.69
19.42 16.11
73.65 17.75
37.94 43.20
70.69 18.72
82.77 8.34
14.68 50.23
31.50 18.40
3.18 23.11
21.47 21.88
21.16 30.37
4.58 27.96
2.15 6.77
36.21 54.36
7.48 16.51
33.34 4.61
4.57 20.47
14.50 15.58
12.95 4.31
25.30 33.77
14.03 24.90
56.33 37.25
60.25 3.11
14.78 61.01
18.17 44.78
0.83 32.94
59.17 34.48
1.91 9.37
