# nJobs | nMachines
150 2
# Job Weights
22
56
29
28
6
54
73
36
81
86
66
80
44
46
72
82
43
29
30
56
19
36
33
24
61
23
13
73
38
79
30
56
6
26
28
16
72
93
65
81
97
57
9
42
30
41
74
64
44
9
78
72
78
28
71
100
27
48
12
51
55
65
83
88
41
48
42
70
22
65
12
6
31
70
49
42
14
93
60
15
39
43
21
58
83
41
38
28
43
41
5
15
27
46
13
1
60
75
45
59
92
44
57
40
4
47
90
39
6
44
29
76
9
81
74
83
55
4
71
95
56
13
93
45
99
52
88
6
9
62
32
57
56
73
98
76
70
86
85
66
83
71
80
20
65
35
27
10
61
100
# P_bar : m1 | m2
32 43
35 28
29 19
34 12
22 15
42 49
41 46
15 19
46 22
45 21
21 27
37 26
40 27
40 47
47 21
23 27
28 33
11 26
44 15
22 19
45 48
38 21
49 42
10 12
37 29
48 36
21 38
33 19
43 24
14 15
34 13
21 35
23 43
43 42
18 43
23 39
49 44
15 25
44 39
27 21
19 24
47 28
29 40
44 39
27 11
21 48
37 27
25 50
42 47
15 25
36 25
30 16
44 23
49 46
38 12
32 35
39 38
35 30
38 26
20 46
44 45
20 31
39 46
18 12
32 15
27 13
38 26
29 46
43 41
24 34
25 33
24 26
22 20
15 42
21 48
23 24
25 17
23 22
43 27
14 10
19 36
27 47
29 41
37 45
17 27
38 29
19 26
33 37
18 36
43 27
13 48
26 27
25 17
12 42
34 25
19 39
34 30
16 13
34 46
22 39
23 29
39 37
16 16
40 14
37 27
24 37
31 31
32 14
18 10
22 37
18 33
29 35
25 39
48 50
20 29
24 41
36 11
27 28
33 41
17 50
48 50
37 10
31 13
36 49
21 38
18 45
24 17
33 48
26 17
21 13
15 38
34 48
31 12
12 18
28 37
49 24
23 39
50 10
31 32
24 20
10 18
17 22
20 41
49 27
28 37
14 14
28 14
34 43
27 28
19 33
# P_hat : m1 | m2
31.94 78.65
65.21 5.10
33.83 24.63
36.61 9.92
20.00 12.17
17.58 66.60
0.31 6.17
7.25 22.56
46.89 33.97
34.20 34.78
18.84 9.21
72.57 46.67
28.02 35.43
36.17 82.89
12.55 20.38
2.21 29.27
43.42 60.66
12.56 46.80
66.94 13.44
6.59 10.43
51.46 37.74
19.28 16.29
22.35 24.10
0.23 6.45
9.65 49.94
29.69 5.03
4.91 51.50
65.07 6.57
26.54 16.54
3.65 1.85
13.54 7.02
24.68 53.79
2.95 76.11
74.17 18.61
34.61 39.87
11.35 36.69
44.11 76.87
0.66 38.14
56.38 40.02
22.35 28.17
10.26 40.67
19.44 0.53
37.93 32.23
36.63 70.76
9.70 16.29
28.94 52.11
41.82 28.60
42.93 34.78
9.87 48.93
23.57 32.77
48.49 20.92
6.90 22.85
61.14 39.62
43.27 14.23
71.82 10.84
9.06 28.56
50.14 52.25
26.74 14.99
72.72 33.29
13.20 80.73
84.67 37.63
36.06 56.48
21.09 91.37
28.93 2.55
63.72 6.99
13.64 24.71
33.20 49.83
30.17 8.99
25.36 1.23
0.73 10.95
11.01 65.74
13.53 9.36
19.52 20.10
5.13 71.27
36.68 1.96
32.43 29.02
4.26 9.42
29.90 37.94
56.21 15.31
26.77 13.74
0.11 48.54
13.39 20.82
53.81 2.85
68.98 36.83
24.50 15.62
58.20 46.92
3.48 41.62
33.92 33.82
8.34 43.67
15.58 32.63
21.07 79.41
7.02 22.95
23.43 9.37
22.53 22.26
12.64 26.81
37.16 35.03
67.61 26.41
17.78 2.37
11.57 66.11
13.91 16.67
19.53 11.42
24.13 30.54
8.98 7.29
77.78 16.35
11.35 20.06
35.20 33.22
0.03 33.30
38.16 5.70
32.97 3.12
12.67 65.15
6.68 28.63
37.80 28.85
35.63 2.78
66.05 49.80
12.77 32.14
12.11 45.82
68.83 15.55
49.86 9.94
30.18 20.68
28.77 81.07
43.42 94.72
31.40 2.72
9.72 12.94
30.70 20.99
22.57 4.57
0.81 29.30
21.32 4.89
51.57 68.15
35.36 18.15
26.68 3.74
27.29 0.70
1.23 77.58
34.54 4.23
18.90 21.82
30.31 24.93
31.74 28.10
6.27 24.62
88.76 1.74
29.19 14.27
42.15 7.52
11.72 15.41
22.92 28.96
32.17 21.63
64.60 0.65
22.29 38.40
14.38 16.96
44.97 26.96
25.41 50.69
20.96 26.39
3.64 37.84
