# nJobs | nMachines
150 2
# Job Weights
15
73
65
14
71
66
61
77
31
61
50
22
3
70
96
9
87
76
9
21
1
86
54
12
64
50
86
72
22
64
58
5
44
7
11
32
16
3
66
95
39
31
31
2
87
20
92
37
94
24
98
41
63
46
69
33
89
63
75
85
93
35
3
2
91
85
94
99
84
51
86
98
21
58
59
45
43
39
31
77
17
80
62
28
30
51
29
55
17
74
93
36
10
100
60
43
20
21
11
63
72
40
96
49
96
62
26
66
93
42
10
7
65
28
98
73
74
15
33
91
67
41
48
99
27
47
25
38
96
14
71
96
70
42
53
5
34
77
61
72
96
13
34
19
48
89
76
65
51
32
# P_bar : m1 | m2
12 32
16 35
17 24
41 11
15 25
42 14
44 22
26 22
35 33
42 45
38 19
47 27
21 34
20 13
40 25
20 12
30 25
31 23
29 44
34 26
37 35
17 37
27 38
43 32
13 45
10 30
47 40
18 36
31 10
24 42
47 49
15 31
22 31
25 21
11 31
12 13
23 25
29 46
36 27
30 14
17 27
49 16
15 45
13 50
32 32
36 11
18 11
10 42
30 25
43 24
27 41
21 15
17 35
11 12
45 35
22 34
25 13
26 45
39 36
31 44
27 17
33 37
20 47
15 20
10 19
19 35
45 26
13 20
23 21
29 35
10 42
49 20
17 34
27 37
34 35
20 21
23 39
47 40
21 22
34 11
47 19
24 19
50 36
13 44
49 13
36 16
30 46
45 10
14 33
22 45
17 38
43 48
27 47
36 26
48 25
18 43
19 30
14 33
10 12
38 45
19 41
39 29
22 20
21 25
41 33
38 46
30 17
29 18
46 27
14 10
29 37
34 11
11 12
41 13
38 39
14 12
26 47
15 28
48 36
17 35
38 12
28 21
12 43
23 13
49 42
45 12
36 15
17 38
28 41
45 30
21 11
22 39
37 12
36 17
28 17
26 33
33 26
41 43
44 38
20 19
48 29
42 18
42 13
14 31
36 29
17 33
35 43
11 45
23 33
19 45
# P_hat : m1 | m2
4.80 12.80
6.40 14.00
6.80 9.60
16.40 4.40
6.00 10.00
16.80 5.60
17.60 8.80
10.40 8.80
14.00 13.20
16.80 18.00
15.20 7.60
18.80 10.80
8.40 13.60
8.00 5.20
16.00 10.00
8.00 4.80
12.00 10.00
12.40 9.20
11.60 17.60
13.60 10.40
14.80 14.00
6.80 14.80
10.80 15.20
17.20 12.80
5.20 18.00
4.00 12.00
18.80 16.00
7.20 14.40
12.40 4.00
9.60 16.80
18.80 19.60
6.00 12.40
8.80 12.40
10.00 8.40
4.40 12.40
4.80 5.20
9.20 10.00
11.60 18.40
14.40 10.80
12.00 5.60
6.80 10.80
19.60 6.40
6.00 18.00
5.20 20.00
12.80 12.80
14.40 4.40
7.20 4.40
4.00 16.80
12.00 10.00
17.20 9.60
10.80 16.40
8.40 6.00
6.80 14.00
4.40 4.80
18.00 14.00
8.80 13.60
10.00 5.20
10.40 18.00
15.60 14.40
12.40 17.60
10.80 6.80
13.20 14.80
8.00 18.80
6.00 8.00
4.00 7.60
7.60 14.00
18.00 10.40
5.20 8.00
9.20 8.40
11.60 14.00
4.00 16.80
19.60 8.00
6.80 13.60
10.80 14.80
13.60 14.00
8.00 8.40
9.20 15.60
18.80 16.00
8.40 8.80
13.60 4.40
18.80 7.60
9.60 7.60
20.00 14.40
5.20 17.60
19.60 5.20
14.40 6.40
12.00 18.40
18.00 4.00
5.60 13.20
8.80 18.00
6.80 15.20
17.20 19.20
10.80 18.80
14.40 10.40
19.20 10.00
7.20 17.20
7.60 12.00
5.60 13.20
4.00 4.80
15.20 18.00
7.60 16.40
15.60 11.60
8.80 8.00
8.40 10.00
16.40 13.20
15.20 18.40
12.00 6.80
11.60 7.20
18.40 10.80
5.60 4.00
11.60 14.80
13.60 4.40
4.40 4.80
16.40 5.20
15.20 15.60
5.60 4.80
10.40 18.80
6.00 11.20
19.20 14.40
6.80 14.00
15.20 4.80
11.20 8.40
4.80 17.20
9.20 5.20
19.60 16.80
18.00 4.80
14.40 6.00
6.80 15.20
11.20 16.40
18.00 12.00
8.40 4.40
8.80 15.60
14.80 4.80
14.40 6.80
11.20 6.80
10.40 13.20
13.20 10.40
16.40 17.20
17.60 15.20
8.00 7.60
19.20 11.60
16.80 7.20
16.80 5.20
5.60 12.40
14.40 11.60
6.80 13.20
14.00 17.20
4.40 18.00
9.20 13.20
7.60 18.00
