# nJobs | nMachines
150 2
# Job Weights
99
52
10
62
88
97
95
51
88
48
13
41
35
40
39
16
58
19
89
53
43
66
98
69
78
19
98
75
44
21
89
14
43
27
1
36
99
7
28
8
37
100
25
48
68
29
85
24
39
16
28
2
5
2
74
92
81
19
52
42
82
4
15
39
52
26
4
84
30
51
23
55
19
75
93
35
44
4
44
25
6
75
9
2
51
100
42
15
87
67
86
72
82
87
96
40
43
59
28
48
100
49
18
80
75
5
96
43
42
67
4
61
51
63
35
1
68
5
96
57
68
65
26
7
51
55
31
25
16
51
20
25
16
4
16
11
39
58
89
57
53
69
22
80
44
21
29
80
3
82
# P_bar : m1 | m2
24 28
30 42
12 44
13 25
29 25
45 49
12 44
11 19
38 23
25 45
41 45
45 22
10 23
44 15
38 43
17 47
42 26
43 29
43 32
15 10
12 43
35 20
38 17
11 15
40 11
39 40
11 34
19 44
24 18
10 42
14 50
13 45
25 27
29 27
34 35
48 47
17 23
38 40
17 37
29 50
44 40
36 44
38 18
50 26
10 30
37 45
49 19
41 26
20 21
28 16
15 11
42 29
12 39
13 39
47 25
25 14
25 29
30 28
50 13
11 30
49 37
38 47
35 34
25 26
14 15
25 43
19 38
21 16
25 13
33 14
22 22
50 48
22 33
23 33
20 35
34 37
35 33
39 19
31 10
23 45
17 35
42 20
38 24
19 38
23 10
38 31
42 24
46 10
15 45
11 44
43 12
17 38
10 30
18 40
17 23
22 48
19 39
46 46
25 41
43 46
39 30
42 18
46 23
46 14
46 32
20 33
11 32
33 30
36 13
25 10
11 23
21 49
30 43
41 45
16 31
28 40
42 47
49 13
13 48
14 15
13 18
28 37
22 15
43 14
33 28
18 23
36 36
32 27
44 39
20 49
49 15
44 25
27 11
14 40
48 43
49 14
43 45
42 42
12 42
20 41
26 12
31 32
33 45
34 48
33 37
47 35
39 10
48 13
47 12
47 25
# P_hat : m1 | m2
4.84 5.29
7.17 3.13
0.90 9.31
2.44 3.21
4.97 3.32
11.24 9.55
3.26 12.36
0.04 0.36
7.68 5.69
0.39 3.95
6.75 5.99
3.88 0.14
0.92 2.08
4.66 2.26
7.08 0.72
1.70 6.92
9.23 7.23
5.22 0.92
0.88 7.34
3.53 1.23
1.03 8.45
4.54 1.56
7.81 0.81
1.10 0.72
0.68 0.23
4.37 2.23
3.12 6.78
3.66 11.64
4.83 4.40
1.90 8.63
0.84 1.66
1.63 3.90
5.63 2.51
0.88 2.02
2.83 5.41
3.98 7.55
2.20 2.46
11.18 4.25
0.34 9.20
4.51 11.84
2.37 3.69
10.48 12.06
1.29 5.15
6.05 2.55
2.21 3.19
7.82 6.83
6.21 5.36
4.26 6.84
2.39 0.65
2.22 1.89
0.92 1.83
6.09 4.38
0.97 2.27
1.12 10.05
9.26 5.08
7.26 3.52
4.53 7.47
0.69 6.29
1.13 1.71
3.14 5.49
4.37 1.78
1.05 9.50
6.29 1.83
4.68 5.41
2.72 1.03
2.01 1.52
0.09 1.88
6.08 0.01
1.88 2.80
6.69 3.08
4.66 3.40
9.15 2.32
2.07 0.83
1.87 0.19
3.59 1.74
8.83 9.89
9.94 2.39
1.24 2.02
1.44 0.32
6.52 3.00
3.76 5.45
11.13 3.65
2.31 1.77
3.35 0.66
4.84 1.17
7.75 2.18
5.14 1.58
0.21 2.88
2.62 8.32
0.84 7.35
5.81 1.50
4.88 4.89
1.20 4.87
4.53 8.36
0.96 4.84
4.44 2.47
5.57 5.85
1.41 5.69
0.06 10.71
5.59 8.71
1.08 4.79
9.43 0.62
12.62 4.18
5.99 0.49
3.57 3.24
2.61 1.41
2.39 6.64
0.09 1.86
6.37 1.53
4.60 2.69
2.10 1.41
1.52 7.46
6.43 5.41
1.12 0.24
0.96 7.37
7.37 0.83
9.31 6.69
0.20 2.19
0.97 9.05
0.90 3.10
1.06 1.37
2.08 0.11
0.41 3.26
5.92 2.25
7.25 7.02
3.28 5.67
7.27 9.11
0.78 3.93
12.56 3.90
5.03 11.64
11.83 2.03
10.86 1.38
7.55 2.82
2.29 10.59
2.88 6.02
9.07 0.32
9.58 5.24
9.30 10.12
1.88 11.36
0.41 2.50
2.89 0.24
8.56 8.42
5.79 5.26
5.49 7.80
2.66 10.75
5.20 0.70
10.48 1.94
9.60 0.29
11.10 1.35
6.41 6.03
