# nJobs | nMachines
150 2
# Job Weights
1
13
87
76
37
71
92
58
74
50
100
30
83
32
42
8
92
96
11
28
11
75
65
36
38
28
73
24
31
26
61
48
36
49
23
16
68
21
70
91
2
47
83
39
43
69
47
85
52
83
76
20
10
1
77
42
57
71
29
61
18
4
91
78
41
39
30
80
15
23
23
25
47
2
3
17
20
23
27
32
13
60
18
67
34
45
74
29
45
12
31
67
59
64
37
88
94
83
23
8
99
87
59
74
76
4
50
71
74
70
59
60
60
21
69
48
74
58
13
69
2
42
61
29
95
2
24
97
92
26
50
32
34
7
74
67
90
57
2
99
38
94
78
34
68
84
89
19
47
69
# P_bar : m1 | m2
41 27
26 26
16 26
22 29
25 15
10 44
39 25
36 49
23 26
46 11
16 39
47 17
13 18
44 10
35 40
14 21
10 32
43 20
21 39
47 44
46 35
21 50
42 38
24 26
23 13
30 11
42 40
42 32
23 27
17 14
35 15
12 35
19 36
10 10
15 35
36 20
21 36
31 21
31 50
50 16
46 26
46 30
32 38
49 48
33 26
11 20
32 24
30 20
21 17
38 39
42 49
18 39
38 10
42 40
49 30
20 26
40 33
38 43
35 22
24 49
20 13
44 26
48 13
42 26
36 12
26 12
30 29
36 28
43 41
47 14
16 21
15 30
12 18
22 49
17 22
14 26
23 42
45 12
25 44
31 31
23 36
27 26
26 42
19 40
47 31
31 42
16 23
45 49
35 23
48 37
27 21
36 15
22 21
14 28
27 14
33 16
41 35
44 39
40 30
34 15
39 18
10 43
14 33
50 26
38 25
32 19
35 41
39 20
19 38
24 29
41 19
15 12
13 15
30 39
42 12
33 19
33 17
33 47
16 44
22 38
12 17
46 37
11 16
23 50
36 33
16 36
10 29
36 15
42 39
13 38
44 42
23 46
20 18
16 26
29 43
46 41
13 49
30 34
50 41
41 39
36 48
46 16
45 10
45 27
10 22
50 34
19 11
21 11
17 27
31 23
# P_hat : m1 | m2
11.37 0.76
12.37 3.56
7.53 4.50
8.55 1.58
20.52 9.85
4.51 36.83
23.54 9.33
32.24 42.85
19.92 5.55
40.96 3.58
4.32 5.88
1.64 10.55
3.39 7.56
12.26 6.13
31.83 30.47
9.09 11.46
0.82 20.08
5.82 18.71
3.27 11.66
29.63 15.80
33.83 25.12
18.05 30.57
39.51 6.78
4.84 9.78
7.12 6.08
7.21 4.61
15.07 7.13
38.42 29.58
13.23 20.58
12.55 6.74
17.15 10.20
0.35 31.40
1.22 4.90
5.38 2.50
10.78 18.99
7.75 15.98
15.16 1.31
25.13 20.66
12.77 22.75
37.32 5.75
18.59 7.61
31.20 5.23
24.45 30.08
48.60 45.86
11.40 10.75
4.52 19.05
5.30 19.77
6.12 9.62
14.56 11.46
34.85 16.96
16.57 27.38
3.24 2.26
10.83 6.96
19.11 2.11
14.24 24.51
4.67 21.45
29.44 7.82
0.30 13.92
18.87 10.59
19.05 29.24
5.32 3.74
26.54 15.40
32.11 3.87
27.51 1.44
16.05 0.03
9.01 1.21
25.08 22.98
27.30 26.92
13.81 17.51
4.84 7.18
1.15 3.08
1.41 16.53
6.99 2.60
1.14 29.95
5.73 20.53
10.54 5.09
6.77 32.11
34.35 0.28
18.64 16.52
7.62 3.43
16.76 12.69
20.19 4.51
10.33 15.68
4.00 16.70
24.50 9.32
28.56 27.58
10.23 21.13
7.78 19.63
23.90 4.42
20.51 10.02
15.97 17.93
26.43 8.57
11.33 9.56
11.40 4.19
19.50 6.30
20.30 4.46
6.18 33.01
36.78 34.48
37.44 2.52
4.66 7.75
19.04 4.05
2.59 17.66
10.56 28.94
36.08 13.72
5.35 8.36
28.06 3.95
6.33 32.81
31.09 12.49
8.68 17.79
7.88 6.31
6.49 6.35
2.51 11.52
8.60 7.80
16.51 15.63
5.13 6.26
3.72 14.80
2.39 5.78
24.54 8.40
11.39 25.74
1.29 25.28
6.72 12.12
3.90 32.63
9.94 5.94
20.86 3.77
25.14 31.63
14.82 15.66
8.11 18.07
29.83 9.99
23.93 21.31
3.98 7.80
9.58 31.72
7.53 36.97
12.57 9.95
2.76 12.70
7.50 4.90
21.53 3.44
3.03 16.64
17.66 10.57
46.16 39.10
30.67 30.56
23.99 31.68
26.81 8.28
21.96 1.67
8.40 26.42
8.95 8.25
12.43 3.64
1.73 5.43
15.75 9.61
2.99 23.96
11.53 0.25
