# nJobs | nMachines
150 2
# Job Weights
90
61
89
29
61
82
43
87
44
1
94
19
79
89
3
8
8
42
86
62
84
68
66
3
55
100
52
37
66
69
89
40
66
66
49
20
85
92
15
29
26
83
50
88
44
25
49
24
100
33
4
85
86
66
2
87
43
44
69
44
36
72
14
22
38
29
91
95
85
96
8
92
2
48
72
80
15
82
36
84
38
72
72
77
26
26
91
95
93
85
100
89
47
59
40
6
45
36
2
92
55
1
86
8
55
80
36
37
47
73
58
17
10
55
36
44
55
22
12
32
30
13
1
32
15
84
44
21
9
5
30
40
40
86
85
30
97
83
49
13
46
55
97
4
64
20
39
48
21
34
# P_bar : m1 | m2
10 28
14 22
38 48
21 18
40 27
31 44
20 44
45 20
25 29
21 22
33 21
15 47
25 31
12 24
17 34
43 45
48 22
31 11
46 20
40 41
45 42
32 46
40 12
34 35
39 45
37 30
21 33
14 34
10 45
38 41
36 34
13 41
22 39
28 45
10 12
37 15
47 33
29 33
12 27
43 31
20 21
17 33
34 49
42 14
33 17
39 14
19 32
38 20
43 46
25 28
23 49
28 29
29 25
42 40
49 12
29 31
35 48
28 43
10 23
45 28
18 32
19 22
26 18
29 18
17 10
16 35
31 11
16 38
14 39
20 26
35 30
19 40
34 49
27 35
30 46
46 25
49 46
34 27
18 44
10 14
14 14
45 27
47 38
40 25
28 49
46 39
46 36
33 11
45 23
24 35
36 22
16 21
49 12
30 39
16 11
36 14
25 16
43 49
20 43
45 37
15 29
10 10
10 44
39 47
20 50
39 29
29 36
38 15
27 45
46 32
24 44
32 12
41 11
40 32
46 37
10 28
44 27
17 40
44 43
41 29
32 39
23 14
33 24
26 37
30 48
10 30
24 39
34 27
15 30
30 37
38 46
25 20
20 49
22 31
40 40
29 34
34 20
20 31
14 22
46 18
26 45
25 21
24 30
32 22
21 20
23 47
11 34
11 19
16 14
32 16
# P_hat : m1 | m2
1.80 0.45
2.16 4.74
3.29 6.85
0.04 4.59
5.95 3.11
2.66 2.22
4.41 11.04
0.32 3.29
4.39 1.65
5.93 4.75
1.73 3.22
2.12 8.52
0.69 4.29
2.25 5.97
2.81 8.46
5.26 9.58
7.51 0.70
8.34 2.77
2.71 4.03
0.27 8.57
11.63 4.57
5.54 12.13
10.69 2.61
6.09 1.18
9.48 5.51
4.77 7.98
4.72 0.47
3.83 9.81
1.72 9.17
2.06 7.77
2.90 2.76
0.77 3.06
1.63 11.02
2.57 4.03
1.67 2.79
6.53 1.77
6.01 1.38
5.35 0.11
0.29 4.41
1.13 9.07
1.03 2.33
2.64 3.54
2.18 5.06
3.57 2.19
3.96 2.25
9.50 3.70
0.08 4.85
7.40 3.05
8.63 1.91
5.99 8.26
6.44 3.67
0.17 0.64
1.34 4.97
11.17 7.14
6.74 1.49
4.91 3.93
6.96 11.30
5.70 2.52
2.80 5.66
13.46 5.45
3.89 4.02
1.64 3.02
6.86 1.39
0.43 4.06
1.18 1.54
4.31 3.37
2.38 1.97
1.06 11.35
0.58 5.09
5.15 7.18
5.25 3.11
3.85 0.66
2.44 3.00
6.14 4.40
6.84 3.03
4.31 0.00
6.04 12.63
2.14 6.84
5.27 9.80
1.94 0.70
3.93 0.51
4.10 0.55
11.02 8.25
9.19 6.97
5.81 6.33
13.33 1.39
5.43 5.53
1.29 1.15
9.07 2.59
5.25 6.52
6.21 4.74
0.99 0.70
7.42 0.13
2.81 11.63
2.05 0.77
6.97 0.23
5.59 0.91
3.00 0.57
2.43 5.05
3.63 8.91
0.89 2.97
2.35 1.33
2.73 8.92
4.33 7.18
4.51 12.92
10.49 7.53
7.36 0.11
2.08 3.50
7.75 6.22
5.20 9.49
2.44 6.38
0.60 3.55
5.98 2.49
1.31 2.39
3.43 5.98
0.95 8.33
10.68 6.95
4.46 1.17
3.99 9.11
10.56 3.01
8.23 0.08
5.28 1.69
1.45 1.69
5.38 9.09
8.51 4.86
2.05 7.45
2.39 0.01
5.11 2.49
2.91 2.17
4.60 2.59
1.37 0.94
2.34 1.12
4.81 8.17
5.69 2.71
1.65 5.01
8.29 3.84
3.35 5.26
3.97 8.42
3.16 3.25
11.20 1.78
7.38 1.44
2.35 6.01
6.18 0.54
1.26 1.96
4.44 1.79
5.12 4.52
2.24 1.68
0.83 4.46
4.19 0.51
1.62 3.05
