# nJobs | nMachines
150 2
# Job Weights
90
61
89
29
61
82
43
87
44
1
94
19
79
89
3
8
8
42
86
62
84
68
66
3
55
100
52
37
66
69
89
40
66
66
49
20
85
92
15
29
26
83
50
88
44
25
49
24
100
33
4
85
86
66
2
87
43
44
69
44
36
72
14
22
38
29
91
95
85
96
8
92
2
48
72
80
15
82
36
84
38
72
72
77
26
26
91
95
93
85
100
89
47
59
40
6
45
36
2
92
55
1
86
8
55
80
36
37
47
73
58
17
10
55
36
44
55
22
12
32
30
13
1
32
15
84
44
21
9
5
30
40
40
86
85
30
97
83
49
13
46
55
97
4
64
20
39
48
21
34
# P_bar : m1 | m2
10 28
14 22
38 48
21 18
40 27
31 44
20 44
45 20
25 29
21 22
33 21
15 47
25 31
12 24
17 34
43 45
48 22
31 11
46 20
40 41
45 42
32 46
40 12
34 35
39 45
37 30
21 33
14 34
10 45
38 41
36 34
13 41
22 39
28 45
10 12
37 15
47 33
29 33
12 27
43 31
20 21
17 33
34 49
42 14
33 17
39 14
19 32
38 20
43 46
25 28
23 49
28 29
29 25
42 40
49 12
29 31
35 48
28 43
10 23
45 28
18 32
19 22
26 18
29 18
17 10
16 35
31 11
16 38
14 39
20 26
35 30
19 40
34 49
27 35
30 46
46 25
49 46
34 27
18 44
10 14
14 14
45 27
47 38
40 25
28 49
46 39
46 36
33 11
45 23
24 35
36 22
16 21
49 12
30 39
16 11
36 14
25 16
43 49
20 43
45 37
15 29
10 10
10 44
39 47
20 50
39 29
29 36
38 15
27 45
46 32
24 44
32 12
41 11
40 32
46 37
10 28
44 27
17 40
44 43
41 29
32 39
23 14
33 24
26 37
30 48
10 30
24 39
34 27
15 30
30 37
38 46
25 20
20 49
22 31
40 40
29 34
34 20
20 31
14 22
46 18
26 45
25 21
24 30
32 22
21 20
23 47
11 34
11 19
16 14
32 16
# P_hat : m1 | m2
11.79 18.20
19.85 84.46
85.82 163.50
21.20 62.19
146.45 43.93
32.95 134.18
71.67 25.32
18.63 0.69
65.66 2.32
76.19 51.62
22.27 38.25
58.10 97.39
45.29 0.93
45.39 40.58
46.02 97.66
51.87 79.68
36.15 64.44
37.66 10.25
17.12 65.05
23.02 96.50
18.84 35.41
54.14 43.56
127.29 30.15
19.23 116.19
20.33 74.81
95.23 31.00
16.56 114.45
5.47 91.02
6.67 80.66
140.41 80.02
118.29 27.78
18.41 102.80
57.71 55.96
60.17 179.22
27.08 23.05
101.04 29.15
118.20 74.69
30.87 121.01
1.87 86.49
78.36 55.94
71.28 60.37
38.73 77.38
113.21 96.50
166.59 10.77
21.60 31.55
107.92 13.77
51.25 117.10
148.95 26.83
169.52 175.22
68.67 59.70
22.41 123.78
89.44 62.98
12.42 12.94
131.16 60.13
178.40 4.76
44.41 77.25
88.29 85.80
48.18 133.81
17.51 20.28
55.87 18.43
54.87 52.01
71.15 81.54
97.84 51.15
20.27 30.16
59.48 20.69
47.20 11.79
31.35 43.32
4.31 101.29
15.01 44.52
72.98 60.92
88.65 13.14
54.80 154.53
34.97 34.26
77.69 90.72
3.37 45.16
69.06 71.76
122.84 142.94
19.87 72.73
59.26 108.15
9.40 49.98
36.53 4.40
72.94 35.74
112.06 37.74
17.19 98.80
1.89 76.32
167.36 114.29
49.61 98.60
108.20 9.33
179.88 21.99
20.30 39.38
38.18 36.18
42.42 19.68
189.23 0.94
109.90 137.19
32.18 42.49
114.50 19.13
13.57 21.66
168.12 1.39
77.15 117.00
29.47 122.17
17.97 17.01
4.01 6.39
10.87 139.05
127.29 115.86
30.27 8.97
13.79 72.22
39.70 44.48
149.17 22.12
68.01 138.55
76.57 103.80
15.99 70.46
126.23 45.46
134.62 17.88
45.04 98.80
12.89 71.61
2.27 100.52
21.19 98.04
39.49 13.99
163.46 161.08
81.47 95.76
107.90 123.44
41.02 11.25
93.53 77.29
76.11 125.82
20.88 55.52
14.45 114.27
61.18 7.78
9.61 16.19
21.69 64.51
64.18 85.22
151.43 118.71
47.45 1.36
65.28 188.23
38.02 5.53
127.42 22.89
69.07 1.91
120.58 45.35
32.88 115.60
33.84 58.60
115.92 59.23
43.41 2.39
14.43 45.53
8.98 55.15
2.13 43.91
73.38 5.78
21.76 128.67
9.31 68.44
32.39 58.15
20.48 27.18
64.77 9.56
