# nJobs | nMachines
150 2
# Job Weights
22
56
29
28
6
54
73
36
81
86
66
80
44
46
72
82
43
29
30
56
19
36
33
24
61
23
13
73
38
79
30
56
6
26
28
16
72
93
65
81
97
57
9
42
30
41
74
64
44
9
78
72
78
28
71
100
27
48
12
51
55
65
83
88
41
48
42
70
22
65
12
6
31
70
49
42
14
93
60
15
39
43
21
58
83
41
38
28
43
41
5
15
27
46
13
1
60
75
45
59
92
44
57
40
4
47
90
39
6
44
29
76
9
81
74
83
55
4
71
95
56
13
93
45
99
52
88
6
9
62
32
57
56
73
98
76
70
86
85
66
83
71
80
20
65
35
27
10
61
100
# P_bar : m1 | m2
32 43
35 28
29 19
34 12
22 15
42 49
41 46
15 19
46 22
45 21
21 27
37 26
40 27
40 47
47 21
23 27
28 33
11 26
44 15
22 19
45 48
38 21
49 42
10 12
37 29
48 36
21 38
33 19
43 24
14 15
34 13
21 35
23 43
43 42
18 43
23 39
49 44
15 25
44 39
27 21
19 24
47 28
29 40
44 39
27 11
21 48
37 27
25 50
42 47
15 25
36 25
30 16
44 23
49 46
38 12
32 35
39 38
35 30
38 26
20 46
44 45
20 31
39 46
18 12
32 15
27 13
38 26
29 46
43 41
24 34
25 33
24 26
22 20
15 42
21 48
23 24
25 17
23 22
43 27
14 10
19 36
27 47
29 41
37 45
17 27
38 29
19 26
33 37
18 36
43 27
13 48
26 27
25 17
12 42
34 25
19 39
34 30
16 13
34 46
22 39
23 29
39 37
16 16
40 14
37 27
24 37
31 31
32 14
18 10
22 37
18 33
29 35
25 39
48 50
20 29
24 41
36 11
27 28
33 41
17 50
48 50
37 10
31 13
36 49
21 38
18 45
24 17
33 48
26 17
21 13
15 38
34 48
31 12
12 18
28 37
49 24
23 39
50 10
31 32
24 20
10 18
17 22
20 41
49 27
28 37
14 14
28 14
34 43
27 28
19 33
# P_hat : m1 | m2
5.21 0.93
8.75 1.24
1.09 0.42
1.32 2.92
3.68 3.39
11.92 11.07
5.10 9.89
1.47 3.82
8.37 3.15
12.56 4.05
5.27 0.31
11.05 4.85
0.27 6.30
1.35 7.06
8.59 2.25
5.66 2.25
2.40 6.36
0.79 5.40
10.39 3.92
0.37 1.95
4.99 11.08
5.77 3.54
8.24 11.12
2.19 1.90
3.94 4.50
8.82 6.24
3.69 8.54
5.42 5.50
8.26 0.53
1.09 0.24
0.86 3.66
0.75 5.56
1.55 7.93
6.45 6.08
4.54 1.21
4.84 8.99
11.60 9.86
1.58 2.34
5.34 3.58
3.19 5.28
1.09 0.52
0.86 7.40
5.14 3.08
13.06 6.94
1.35 3.09
0.29 9.76
8.65 3.36
1.89 10.34
10.45 4.85
3.17 2.08
10.21 7.48
3.68 3.60
8.74 4.45
6.83 4.90
7.19 0.18
4.32 0.33
2.21 6.32
5.33 6.86
6.03 4.19
4.86 11.60
9.71 0.45
3.98 3.41
1.33 3.27
3.89 1.61
4.80 0.33
7.24 3.72
10.49 1.74
0.48 12.73
10.59 5.24
0.27 10.05
2.75 5.49
3.90 7.26
0.98 0.03
3.36 9.43
0.05 13.00
1.16 1.01
4.36 0.49
4.93 2.80
11.82 7.56
2.96 1.63
3.83 5.70
3.19 1.99
0.01 0.01
1.33 10.94
2.73 0.71
7.70 5.51
2.38 7.13
7.23 2.32
2.82 7.18
0.96 0.64
0.75 8.69
6.55 1.33
5.44 3.75
3.22 3.80
1.20 3.48
5.64 7.01
2.14 1.54
0.06 2.89
10.17 4.18
1.86 7.75
4.61 1.38
2.07 7.64
2.79 0.62
10.85 1.79
3.55 2.00
4.83 8.31
1.75 2.44
6.00 3.70
1.82 2.68
1.39 2.18
1.69 6.08
1.56 0.92
6.76 4.58
5.72 10.70
1.47 5.74
3.23 7.68
3.46 0.93
6.03 3.18
9.62 1.27
2.23 10.79
12.40 7.56
6.28 2.13
1.46 0.97
7.46 4.77
3.23 3.81
3.51 0.35
6.41 1.74
4.36 11.57
7.03 4.58
4.73 2.02
2.20 5.19
6.15 0.44
3.03 3.17
3.54 0.07
5.61 10.49
0.64 3.52
2.25 4.00
9.35 2.77
0.52 0.23
0.17 3.49
1.35 2.96
1.70 1.45
2.63 5.28
3.86 5.28
1.38 8.07
2.89 0.00
4.32 3.93
2.04 2.12
2.59 1.96
3.37 2.61
