# nJobs | nMachines
150 2
# Job Weights
63
54
32
2
18
99
3
73
100
55
20
3
63
96
67
57
62
94
60
46
1
19
96
83
74
53
31
59
55
62
62
1
32
74
66
63
69
7
81
38
82
10
38
62
91
7
48
70
86
46
100
67
57
74
93
74
98
40
79
80
22
16
14
45
71
74
82
30
7
93
60
88
15
24
28
93
51
18
28
71
85
67
10
42
59
68
38
61
58
30
95
52
54
96
34
64
47
42
55
13
87
33
38
40
84
73
30
22
70
62
87
24
59
57
81
5
47
56
6
29
64
53
63
17
41
12
76
95
45
82
84
64
97
44
58
43
84
45
8
73
31
22
39
30
27
69
81
68
13
22
# P_bar : m1 | m2
20 36
49 42
17 44
42 28
32 15
15 49
46 26
47 18
36 23
47 34
25 47
32 45
50 39
36 37
44 11
38 21
50 45
44 36
44 31
45 18
13 31
17 36
26 10
25 45
43 22
30 32
12 30
50 23
10 45
46 27
20 31
36 18
19 49
11 43
40 44
22 24
19 44
31 31
13 38
43 42
33 29
31 12
27 48
16 36
24 25
18 35
20 31
27 28
12 48
39 49
20 39
26 14
33 31
48 32
29 12
43 34
21 12
33 32
27 37
11 15
25 27
21 30
26 32
40 18
12 19
47 22
46 13
43 45
17 30
50 18
17 32
15 12
43 38
12 16
10 11
46 19
48 33
33 48
21 11
32 43
25 36
27 42
14 37
27 16
40 11
10 40
44 32
47 16
33 25
16 34
17 19
20 33
30 46
22 29
32 23
13 44
39 26
41 50
28 18
27 36
28 46
15 10
13 25
31 49
29 33
41 22
50 27
49 46
49 40
30 22
45 37
46 49
20 16
22 14
28 21
23 18
50 15
21 32
34 18
36 41
10 13
37 21
30 37
15 15
43 48
49 22
48 18
39 50
40 49
15 13
38 24
43 44
34 22
15 32
14 15
17 50
17 18
24 22
43 47
16 24
13 40
20 47
30 49
39 48
28 19
17 27
42 46
49 38
13 23
17 42
# P_hat : m1 | m2
8.00 14.40
19.60 16.80
6.80 17.60
16.80 11.20
12.80 6.00
6.00 19.60
18.40 10.40
18.80 7.20
14.40 9.20
18.80 13.60
10.00 18.80
12.80 18.00
20.00 15.60
14.40 14.80
17.60 4.40
15.20 8.40
20.00 18.00
17.60 14.40
17.60 12.40
18.00 7.20
5.20 12.40
6.80 14.40
10.40 4.00
10.00 18.00
17.20 8.80
12.00 12.80
4.80 12.00
20.00 9.20
4.00 18.00
18.40 10.80
8.00 12.40
14.40 7.20
7.60 19.60
4.40 17.20
16.00 17.60
8.80 9.60
7.60 17.60
12.40 12.40
5.20 15.20
17.20 16.80
13.20 11.60
12.40 4.80
10.80 19.20
6.40 14.40
9.60 10.00
7.20 14.00
8.00 12.40
10.80 11.20
4.80 19.20
15.60 19.60
8.00 15.60
10.40 5.60
13.20 12.40
19.20 12.80
11.60 4.80
17.20 13.60
8.40 4.80
13.20 12.80
10.80 14.80
4.40 6.00
10.00 10.80
8.40 12.00
10.40 12.80
16.00 7.20
4.80 7.60
18.80 8.80
18.40 5.20
17.20 18.00
6.80 12.00
20.00 7.20
6.80 12.80
6.00 4.80
17.20 15.20
4.80 6.40
4.00 4.40
18.40 7.60
19.20 13.20
13.20 19.20
8.40 4.40
12.80 17.20
10.00 14.40
10.80 16.80
5.60 14.80
10.80 6.40
16.00 4.40
4.00 16.00
17.60 12.80
18.80 6.40
13.20 10.00
6.40 13.60
6.80 7.60
8.00 13.20
12.00 18.40
8.80 11.60
12.80 9.20
5.20 17.60
15.60 10.40
16.40 20.00
11.20 7.20
10.80 14.40
11.20 18.40
6.00 4.00
5.20 10.00
12.40 19.60
11.60 13.20
16.40 8.80
20.00 10.80
19.60 18.40
19.60 16.00
12.00 8.80
18.00 14.80
18.40 19.60
8.00 6.40
8.80 5.60
11.20 8.40
9.20 7.20
20.00 6.00
8.40 12.80
13.60 7.20
14.40 16.40
4.00 5.20
14.80 8.40
12.00 14.80
6.00 6.00
17.20 19.20
19.60 8.80
19.20 7.20
15.60 20.00
16.00 19.60
6.00 5.20
15.20 9.60
17.20 17.60
13.60 8.80
6.00 12.80
5.60 6.00
6.80 20.00
6.80 7.20
9.60 8.80
17.20 18.80
6.40 9.60
5.20 16.00
8.00 18.80
12.00 19.60
15.60 19.20
11.20 7.60
6.80 10.80
16.80 18.40
19.60 15.20
5.20 9.20
6.80 16.80
