# nJobs | nMachines
150 2
# Job Weights
15
73
65
14
71
66
61
77
31
61
50
22
3
70
96
9
87
76
9
21
1
86
54
12
64
50
86
72
22
64
58
5
44
7
11
32
16
3
66
95
39
31
31
2
87
20
92
37
94
24
98
41
63
46
69
33
89
63
75
85
93
35
3
2
91
85
94
99
84
51
86
98
21
58
59
45
43
39
31
77
17
80
62
28
30
51
29
55
17
74
93
36
10
100
60
43
20
21
11
63
72
40
96
49
96
62
26
66
93
42
10
7
65
28
98
73
74
15
33
91
67
41
48
99
27
47
25
38
96
14
71
96
70
42
53
5
34
77
61
72
96
13
34
19
48
89
76
65
51
32
# P_bar : m1 | m2
12 32
16 35
17 24
41 11
15 25
42 14
44 22
26 22
35 33
42 45
38 19
47 27
21 34
20 13
40 25
20 12
30 25
31 23
29 44
34 26
37 35
17 37
27 38
43 32
13 45
10 30
47 40
18 36
31 10
24 42
47 49
15 31
22 31
25 21
11 31
12 13
23 25
29 46
36 27
30 14
17 27
49 16
15 45
13 50
32 32
36 11
18 11
10 42
30 25
43 24
27 41
21 15
17 35
11 12
45 35
22 34
25 13
26 45
39 36
31 44
27 17
33 37
20 47
15 20
10 19
19 35
45 26
13 20
23 21
29 35
10 42
49 20
17 34
27 37
34 35
20 21
23 39
47 40
21 22
34 11
47 19
24 19
50 36
13 44
49 13
36 16
30 46
45 10
14 33
22 45
17 38
43 48
27 47
36 26
48 25
18 43
19 30
14 33
10 12
38 45
19 41
39 29
22 20
21 25
41 33
38 46
30 17
29 18
46 27
14 10
29 37
34 11
11 12
41 13
38 39
14 12
26 47
15 28
48 36
17 35
38 12
28 21
12 43
23 13
49 42
45 12
36 15
17 38
28 41
45 30
21 11
22 39
37 12
36 17
28 17
26 33
33 26
41 43
44 38
20 19
48 29
42 18
42 13
14 31
36 29
17 33
35 43
11 45
23 33
19 45
# P_hat : m1 | m2
1.87 0.35
2.30 3.18
0.13 1.89
4.20 1.19
1.71 0.66
5.03 3.94
7.66 3.66
4.16 2.02
6.38 3.93
9.64 6.04
9.27 3.42
10.13 4.18
6.02 9.38
0.11 1.94
2.35 7.44
0.05 3.07
5.83 1.56
8.35 6.42
2.12 1.54
9.46 6.38
0.67 4.00
4.77 9.75
2.85 9.90
1.31 7.74
1.89 10.67
0.77 2.74
4.02 0.97
1.66 4.35
7.47 0.52
3.88 8.76
4.39 5.09
2.75 9.07
4.73 5.96
2.04 5.18
1.36 1.23
0.44 3.36
1.25 6.92
5.93 6.72
1.96 4.91
4.73 3.21
3.62 1.42
1.57 2.41
2.55 5.38
1.00 2.20
9.24 3.53
5.22 0.22
4.35 0.09
1.65 1.70
0.39 7.22
8.17 3.96
7.71 11.88
3.79 1.95
4.18 3.27
2.92 1.82
3.08 4.61
1.40 1.08
4.58 2.50
3.21 2.92
9.83 6.69
8.37 8.58
2.86 0.78
2.35 0.68
4.68 11.01
1.24 2.76
2.47 0.33
2.42 10.45
9.01 0.45
0.37 4.17
4.30 6.20
3.93 2.51
1.76 1.79
2.47 0.73
3.76 3.09
6.99 1.12
2.21 7.27
0.57 0.39
0.16 5.96
9.05 11.96
3.82 5.37
5.58 2.03
3.27 1.75
2.81 3.56
8.92 5.69
1.94 5.62
14.52 0.51
1.47 4.26
6.26 6.21
5.46 0.58
1.80 3.64
4.74 5.59
3.53 9.43
12.79 10.56
1.04 10.85
1.12 0.09
10.43 3.12
3.12 6.21
1.56 0.17
0.33 2.57
0.26 2.74
10.19 1.85
1.09 6.58
3.78 1.87
1.50 0.07
2.24 1.81
0.85 9.66
5.92 11.06
0.61 4.89
6.96 2.63
3.23 0.89
2.27 1.64
7.66 5.04
6.64 2.79
1.76 0.35
3.99 1.90
3.80 1.76
2.81 1.17
7.75 10.40
2.98 4.00
8.03 4.06
3.73 4.14
5.30 1.65
0.51 4.95
2.02 11.51
6.61 3.73
2.58 9.91
9.32 1.14
2.17 3.10
2.73 4.99
0.81 3.13
6.08 7.57
4.76 0.13
2.29 10.55
7.38 1.66
8.59 3.25
7.79 3.36
1.83 8.86
3.95 4.97
1.87 7.92
13.10 0.76
5.56 2.95
7.78 1.31
10.61 3.98
6.56 2.00
2.62 6.33
0.96 0.36
3.85 0.84
1.34 9.24
2.73 0.97
5.40 0.71
4.04 0.16
