# nJobs | nMachines
150 2
# Job Weights
1
13
87
76
37
71
92
58
74
50
100
30
83
32
42
8
92
96
11
28
11
75
65
36
38
28
73
24
31
26
61
48
36
49
23
16
68
21
70
91
2
47
83
39
43
69
47
85
52
83
76
20
10
1
77
42
57
71
29
61
18
4
91
78
41
39
30
80
15
23
23
25
47
2
3
17
20
23
27
32
13
60
18
67
34
45
74
29
45
12
31
67
59
64
37
88
94
83
23
8
99
87
59
74
76
4
50
71
74
70
59
60
60
21
69
48
74
58
13
69
2
42
61
29
95
2
24
97
92
26
50
32
34
7
74
67
90
57
2
99
38
94
78
34
68
84
89
19
47
69
# P_bar : m1 | m2
41 27
26 26
16 26
22 29
25 15
10 44
39 25
36 49
23 26
46 11
16 39
47 17
13 18
44 10
35 40
14 21
10 32
43 20
21 39
47 44
46 35
21 50
42 38
24 26
23 13
30 11
42 40
42 32
23 27
17 14
35 15
12 35
19 36
10 10
15 35
36 20
21 36
31 21
31 50
50 16
46 26
46 30
32 38
49 48
33 26
11 20
32 24
30 20
21 17
38 39
42 49
18 39
38 10
42 40
49 30
20 26
40 33
38 43
35 22
24 49
20 13
44 26
48 13
42 26
36 12
26 12
30 29
36 28
43 41
47 14
16 21
15 30
12 18
22 49
17 22
14 26
23 42
45 12
25 44
31 31
23 36
27 26
26 42
19 40
47 31
31 42
16 23
45 49
35 23
48 37
27 21
36 15
22 21
14 28
27 14
33 16
41 35
44 39
40 30
34 15
39 18
10 43
14 33
50 26
38 25
32 19
35 41
39 20
19 38
24 29
41 19
15 12
13 15
30 39
42 12
33 19
33 17
33 47
16 44
22 38
12 17
46 37
11 16
23 50
36 33
16 36
10 29
36 15
42 39
13 38
44 42
23 46
20 18
16 26
29 43
46 41
13 49
30 34
50 41
41 39
36 48
46 16
45 10
45 27
10 22
50 34
19 11
21 11
17 27
31 23
# P_hat : m1 | m2
19.36 11.84
7.66 10.16
2.76 0.20
6.88 11.84
11.38 2.25
1.37 3.29
9.85 2.83
17.26 11.48
1.98 5.52
16.55 1.59
4.92 3.36
15.97 6.48
2.28 8.91
6.91 3.89
11.97 5.92
1.51 2.57
2.10 3.48
4.05 1.37
0.09 10.75
22.80 13.32
9.93 12.35
10.18 17.01
2.95 5.55
7.05 4.29
2.31 4.43
11.85 1.92
16.46 4.25
2.36 5.99
10.49 3.67
1.65 0.62
10.73 6.23
5.91 14.93
8.38 3.96
4.78 0.32
2.57 12.93
1.90 2.12
1.98 7.08
7.76 0.67
12.30 5.66
3.75 6.34
15.17 10.46
7.44 3.11
5.46 6.38
16.22 3.22
7.71 0.96
4.47 9.92
2.49 7.87
11.85 5.42
0.67 6.51
3.69 16.38
13.78 19.76
7.69 0.32
4.80 0.93
6.87 13.10
13.16 5.64
2.12 12.77
16.22 10.98
14.70 20.57
2.54 2.22
5.57 21.17
7.75 2.09
7.42 12.86
15.19 1.02
1.05 6.71
10.96 4.76
1.98 2.60
12.46 6.79
6.40 13.81
6.05 8.72
19.76 4.23
0.40 0.57
2.97 12.63
2.22 5.83
3.13 9.90
7.75 0.18
5.26 7.69
0.74 0.27
16.08 0.01
6.59 13.55
13.96 2.93
3.60 3.45
7.75 8.49
6.51 1.13
4.65 6.27
10.72 2.32
3.19 12.18
6.05 7.61
10.16 17.67
16.77 2.94
6.26 1.65
9.22 0.83
16.93 3.20
7.30 9.93
6.10 3.05
11.17 1.80
5.94 0.81
12.30 10.60
3.44 13.26
10.71 9.64
3.92 6.46
14.50 4.38
2.64 2.89
2.88 4.78
6.72 8.61
18.98 7.66
1.15 5.04
0.76 14.00
4.24 6.37
9.23 16.75
11.75 8.50
13.43 7.40
6.60 1.49
1.39 5.09
14.58 17.59
3.00 2.31
1.67 7.40
1.85 6.16
9.46 1.40
6.25 12.79
4.03 2.47
5.87 8.22
9.99 15.01
0.83 0.88
5.36 3.04
12.22 9.81
6.66 6.21
2.29 0.51
10.68 4.06
5.61 7.56
4.20 1.92
21.69 16.84
0.56 21.05
8.87 6.81
4.50 10.69
3.66 4.65
21.96 5.40
3.14 5.11
4.98 13.01
4.54 19.43
5.01 13.98
14.99 21.16
14.13 5.11
20.55 1.94
5.22 5.75
0.61 0.83
0.15 0.53
4.82 3.83
10.48 2.41
5.91 7.45
4.78 6.41
