# nJobs | nMachines
150 2
# Job Weights
63
54
32
2
18
99
3
73
100
55
20
3
63
96
67
57
62
94
60
46
1
19
96
83
74
53
31
59
55
62
62
1
32
74
66
63
69
7
81
38
82
10
38
62
91
7
48
70
86
46
100
67
57
74
93
74
98
40
79
80
22
16
14
45
71
74
82
30
7
93
60
88
15
24
28
93
51
18
28
71
85
67
10
42
59
68
38
61
58
30
95
52
54
96
34
64
47
42
55
13
87
33
38
40
84
73
30
22
70
62
87
24
59
57
81
5
47
56
6
29
64
53
63
17
41
12
76
95
45
82
84
64
97
44
58
43
84
45
8
73
31
22
39
30
27
69
81
68
13
22
# P_bar : m1 | m2
20 36
49 42
17 44
42 28
32 15
15 49
46 26
47 18
36 23
47 34
25 47
32 45
50 39
36 37
44 11
38 21
50 45
44 36
44 31
45 18
13 31
17 36
26 10
25 45
43 22
30 32
12 30
50 23
10 45
46 27
20 31
36 18
19 49
11 43
40 44
22 24
19 44
31 31
13 38
43 42
33 29
31 12
27 48
16 36
24 25
18 35
20 31
27 28
12 48
39 49
20 39
26 14
33 31
48 32
29 12
43 34
21 12
33 32
27 37
11 15
25 27
21 30
26 32
40 18
12 19
47 22
46 13
43 45
17 30
50 18
17 32
15 12
43 38
12 16
10 11
46 19
48 33
33 48
21 11
32 43
25 36
27 42
14 37
27 16
40 11
10 40
44 32
47 16
33 25
16 34
17 19
20 33
30 46
22 29
32 23
13 44
39 26
41 50
28 18
27 36
28 46
15 10
13 25
31 49
29 33
41 22
50 27
49 46
49 40
30 22
45 37
46 49
20 16
22 14
28 21
23 18
50 15
21 32
34 18
36 41
10 13
37 21
30 37
15 15
43 48
49 22
48 18
39 50
40 49
15 13
38 24
43 44
34 22
15 32
14 15
17 50
17 18
24 22
43 47
16 24
13 40
20 47
30 49
39 48
28 19
17 27
42 46
49 38
13 23
17 42
# P_hat : m1 | m2
0.92 58.31
36.55 38.66
5.06 79.53
46.90 22.95
58.71 15.75
11.74 46.76
77.74 23.28
0.02 27.91
12.13 24.23
2.86 21.54
16.41 24.27
58.12 3.40
9.70 45.49
43.66 17.02
39.73 3.26
71.32 27.46
12.25 61.31
18.66 54.16
2.60 31.22
39.05 32.19
7.22 58.05
29.58 58.13
31.46 12.71
30.70 27.33
45.74 43.25
5.51 17.54
10.68 12.16
99.95 20.34
16.70 5.12
82.20 52.84
32.93 36.48
7.42 20.05
8.64 64.27
0.07 42.74
24.28 2.82
4.78 29.39
17.97 63.02
41.98 25.84
22.74 57.55
64.43 19.07
61.95 12.83
3.34 3.87
0.66 35.71
21.16 60.98
13.89 41.40
9.13 26.80
13.24 36.53
14.57 40.37
12.27 23.16
34.33 16.48
20.50 75.82
34.98 17.29
25.55 60.85
24.13 21.62
9.64 16.87
30.05 15.14
31.16 6.27
49.94 32.76
36.01 23.65
5.15 5.03
29.40 14.20
23.97 2.14
25.18 45.08
44.00 17.72
11.80 3.58
53.15 7.55
65.83 2.67
9.43 55.13
25.49 5.65
13.59 27.15
2.27 1.31
29.28 5.99
82.30 67.69
1.45 22.99
8.87 1.61
17.13 31.20
46.59 32.54
54.79 81.29
39.93 13.22
40.59 58.64
17.70 71.53
32.58 19.52
8.74 46.17
49.13 14.73
69.63 0.87
11.16 1.16
28.58 7.63
27.58 20.77
2.21 28.36
26.11 37.63
15.31 1.21
13.01 30.97
28.27 85.07
36.02 23.06
7.98 28.75
22.30 68.62
70.01 40.76
77.63 51.93
22.26 30.89
11.73 28.18
20.92 81.76
9.99 4.80
4.58 14.01
37.65 5.21
27.64 52.51
70.99 18.35
3.21 12.37
63.10 21.32
74.77 72.11
45.57 36.69
79.75 40.96
67.07 60.38
37.11 15.18
14.64 10.97
28.18 38.45
0.65 4.52
0.70 12.55
10.09 22.05
6.85 17.93
18.74 37.53
3.54 13.49
2.11 5.88
54.56 37.97
0.25 7.27
63.30 17.70
14.91 2.85
87.57 27.46
69.64 42.74
52.31 61.41
20.17 18.92
0.41 32.61
84.70 41.40
59.69 17.07
26.85 24.06
18.46 19.20
11.72 49.48
30.38 30.57
13.99 38.49
48.39 16.03
3.19 6.54
23.97 50.43
5.63 28.32
13.49 1.82
43.53 85.31
42.79 8.62
21.06 50.18
19.50 66.00
0.09 57.96
19.69 9.27
33.50 19.67
