# nJobs | nMachines
150 2
# Job Weights
22
56
29
28
6
54
73
36
81
86
66
80
44
46
72
82
43
29
30
56
19
36
33
24
61
23
13
73
38
79
30
56
6
26
28
16
72
93
65
81
97
57
9
42
30
41
74
64
44
9
78
72
78
28
71
100
27
48
12
51
55
65
83
88
41
48
42
70
22
65
12
6
31
70
49
42
14
93
60
15
39
43
21
58
83
41
38
28
43
41
5
15
27
46
13
1
60
75
45
59
92
44
57
40
4
47
90
39
6
44
29
76
9
81
74
83
55
4
71
95
56
13
93
45
99
52
88
6
9
62
32
57
56
73
98
76
70
86
85
66
83
71
80
20
65
35
27
10
61
100
# P_bar : m1 | m2
32 43
35 28
29 19
34 12
22 15
42 49
41 46
15 19
46 22
45 21
21 27
37 26
40 27
40 47
47 21
23 27
28 33
11 26
44 15
22 19
45 48
38 21
49 42
10 12
37 29
48 36
21 38
33 19
43 24
14 15
34 13
21 35
23 43
43 42
18 43
23 39
49 44
15 25
44 39
27 21
19 24
47 28
29 40
44 39
27 11
21 48
37 27
25 50
42 47
15 25
36 25
30 16
44 23
49 46
38 12
32 35
39 38
35 30
38 26
20 46
44 45
20 31
39 46
18 12
32 15
27 13
38 26
29 46
43 41
24 34
25 33
24 26
22 20
15 42
21 48
23 24
25 17
23 22
43 27
14 10
19 36
27 47
29 41
37 45
17 27
38 29
19 26
33 37
18 36
43 27
13 48
26 27
25 17
12 42
34 25
19 39
34 30
16 13
34 46
22 39
23 29
39 37
16 16
40 14
37 27
24 37
31 31
32 14
18 10
22 37
18 33
29 35
25 39
48 50
20 29
24 41
36 11
27 28
33 41
17 50
48 50
37 10
31 13
36 49
21 38
18 45
24 17
33 48
26 17
21 13
15 38
34 48
31 12
12 18
28 37
49 24
23 39
50 10
31 32
24 20
10 18
17 22
20 41
49 27
28 37
14 14
28 14
34 43
27 28
19 33
# P_hat : m1 | m2
9.60 12.90
10.50 8.40
8.70 5.70
10.20 3.60
6.60 4.50
12.60 14.70
12.30 13.80
4.50 5.70
13.80 6.60
13.50 6.30
6.30 8.10
11.10 7.80
12.00 8.10
12.00 14.10
14.10 6.30
6.90 8.10
8.40 9.90
3.30 7.80
13.20 4.50
6.60 5.70
13.50 14.40
11.40 6.30
14.70 12.60
3.00 3.60
11.10 8.70
14.40 10.80
6.30 11.40
9.90 5.70
12.90 7.20
4.20 4.50
10.20 3.90
6.30 10.50
6.90 12.90
12.90 12.60
5.40 12.90
6.90 11.70
14.70 13.20
4.50 7.50
13.20 11.70
8.10 6.30
5.70 7.20
14.10 8.40
8.70 12.00
13.20 11.70
8.10 3.30
6.30 14.40
11.10 8.10
7.50 15.00
12.60 14.10
4.50 7.50
10.80 7.50
9.00 4.80
13.20 6.90
14.70 13.80
11.40 3.60
9.60 10.50
11.70 11.40
10.50 9.00
11.40 7.80
6.00 13.80
13.20 13.50
6.00 9.30
11.70 13.80
5.40 3.60
9.60 4.50
8.10 3.90
11.40 7.80
8.70 13.80
12.90 12.30
7.20 10.20
7.50 9.90
7.20 7.80
6.60 6.00
4.50 12.60
6.30 14.40
6.90 7.20
7.50 5.10
6.90 6.60
12.90 8.10
4.20 3.00
5.70 10.80
8.10 14.10
8.70 12.30
11.10 13.50
5.10 8.10
11.40 8.70
5.70 7.80
9.90 11.10
5.40 10.80
12.90 8.10
3.90 14.40
7.80 8.10
7.50 5.10
3.60 12.60
10.20 7.50
5.70 11.70
10.20 9.00
4.80 3.90
10.20 13.80
6.60 11.70
6.90 8.70
11.70 11.10
4.80 4.80
12.00 4.20
11.10 8.10
7.20 11.10
9.30 9.30
9.60 4.20
5.40 3.00
6.60 11.10
5.40 9.90
8.70 10.50
7.50 11.70
14.40 15.00
6.00 8.70
7.20 12.30
10.80 3.30
8.10 8.40
9.90 12.30
5.10 15.00
14.40 15.00
11.10 3.00
9.30 3.90
10.80 14.70
6.30 11.40
5.40 13.50
7.20 5.10
9.90 14.40
7.80 5.10
6.30 3.90
4.50 11.40
10.20 14.40
9.30 3.60
3.60 5.40
8.40 11.10
14.70 7.20
6.90 11.70
15.00 3.00
9.30 9.60
7.20 6.00
3.00 5.40
5.10 6.60
6.00 12.30
14.70 8.10
8.40 11.10
4.20 4.20
8.40 4.20
10.20 12.90
8.10 8.40
5.70 9.90
