# nJobs | nMachines
150 2
# Job Weights
26
60
50
88
100
35
56
71
17
12
69
12
86
68
47
63
4
24
100
10
69
31
67
17
55
53
28
79
66
20
54
90
36
28
36
1
36
2
27
61
100
6
20
21
64
74
56
54
64
58
55
50
71
58
60
51
91
95
76
73
96
23
99
68
95
78
83
100
66
90
52
89
53
13
75
19
1
60
16
18
78
39
15
84
85
34
15
84
42
88
11
82
41
23
13
42
71
87
16
48
47
8
96
77
83
80
99
76
14
75
15
4
19
4
77
84
78
29
99
79
12
34
10
21
14
61
33
64
81
1
81
32
41
24
24
83
73
97
5
17
14
61
69
20
77
10
25
69
79
60
# P_bar : m1 | m2
16 12
22 20
50 16
31 28
41 40
22 11
26 30
29 39
27 25
19 18
20 20
20 34
47 23
16 22
33 26
26 25
40 40
22 38
31 44
17 23
13 11
37 20
19 40
44 41
38 47
14 43
43 18
15 35
13 12
16 47
35 48
48 39
38 25
22 31
30 19
45 35
22 47
19 17
19 38
18 18
32 24
18 42
13 37
40 39
26 23
34 12
27 13
50 32
13 10
29 34
38 16
21 37
43 35
28 36
13 35
16 31
43 29
34 21
44 28
45 40
29 34
23 26
18 30
41 27
31 12
38 26
47 28
22 46
27 44
33 17
31 35
34 22
46 24
11 13
48 22
32 41
27 39
10 23
16 41
44 11
15 25
39 11
11 39
17 48
32 35
34 48
19 39
37 26
36 35
17 38
19 45
17 50
46 50
11 43
31 25
49 20
34 19
50 22
48 35
26 34
14 29
25 40
11 45
42 38
31 16
25 17
37 36
24 40
13 14
35 31
36 38
18 13
12 21
43 36
32 34
39 41
33 22
28 14
39 46
39 22
30 26
41 23
15 14
10 31
39 14
40 40
41 12
49 39
23 33
19 17
43 12
18 32
46 24
19 15
14 33
26 29
11 12
23 34
35 34
23 11
12 32
16 29
22 36
45 30
34 34
12 35
39 23
17 17
34 23
45 36
# P_hat : m1 | m2
8.00 6.00
11.00 10.00
25.00 8.00
15.50 14.00
20.50 20.00
11.00 5.50
13.00 15.00
14.50 19.50
13.50 12.50
9.50 9.00
10.00 10.00
10.00 17.00
23.50 11.50
8.00 11.00
16.50 13.00
13.00 12.50
20.00 20.00
11.00 19.00
15.50 22.00
8.50 11.50
6.50 5.50
18.50 10.00
9.50 20.00
22.00 20.50
19.00 23.50
7.00 21.50
21.50 9.00
7.50 17.50
6.50 6.00
8.00 23.50
17.50 24.00
24.00 19.50
19.00 12.50
11.00 15.50
15.00 9.50
22.50 17.50
11.00 23.50
9.50 8.50
9.50 19.00
9.00 9.00
16.00 12.00
9.00 21.00
6.50 18.50
20.00 19.50
13.00 11.50
17.00 6.00
13.50 6.50
25.00 16.00
6.50 5.00
14.50 17.00
19.00 8.00
10.50 18.50
21.50 17.50
14.00 18.00
6.50 17.50
8.00 15.50
21.50 14.50
17.00 10.50
22.00 14.00
22.50 20.00
14.50 17.00
11.50 13.00
9.00 15.00
20.50 13.50
15.50 6.00
19.00 13.00
23.50 14.00
11.00 23.00
13.50 22.00
16.50 8.50
15.50 17.50
17.00 11.00
23.00 12.00
5.50 6.50
24.00 11.00
16.00 20.50
13.50 19.50
5.00 11.50
8.00 20.50
22.00 5.50
7.50 12.50
19.50 5.50
5.50 19.50
8.50 24.00
16.00 17.50
17.00 24.00
9.50 19.50
18.50 13.00
18.00 17.50
8.50 19.00
9.50 22.50
8.50 25.00
23.00 25.00
5.50 21.50
15.50 12.50
24.50 10.00
17.00 9.50
25.00 11.00
24.00 17.50
13.00 17.00
7.00 14.50
12.50 20.00
5.50 22.50
21.00 19.00
15.50 8.00
12.50 8.50
18.50 18.00
12.00 20.00
6.50 7.00
17.50 15.50
18.00 19.00
9.00 6.50
6.00 10.50
21.50 18.00
16.00 17.00
19.50 20.50
16.50 11.00
14.00 7.00
19.50 23.00
19.50 11.00
15.00 13.00
20.50 11.50
7.50 7.00
5.00 15.50
19.50 7.00
20.00 20.00
20.50 6.00
24.50 19.50
11.50 16.50
9.50 8.50
21.50 6.00
9.00 16.00
23.00 12.00
9.50 7.50
7.00 16.50
13.00 14.50
5.50 6.00
11.50 17.00
17.50 17.00
11.50 5.50
6.00 16.00
8.00 14.50
11.00 18.00
22.50 15.00
17.00 17.00
6.00 17.50
19.50 11.50
8.50 8.50
17.00 11.50
22.50 18.00
