# nJobs | nMachines
150 2
# Job Weights
63
54
32
2
18
99
3
73
100
55
20
3
63
96
67
57
62
94
60
46
1
19
96
83
74
53
31
59
55
62
62
1
32
74
66
63
69
7
81
38
82
10
38
62
91
7
48
70
86
46
100
67
57
74
93
74
98
40
79
80
22
16
14
45
71
74
82
30
7
93
60
88
15
24
28
93
51
18
28
71
85
67
10
42
59
68
38
61
58
30
95
52
54
96
34
64
47
42
55
13
87
33
38
40
84
73
30
22
70
62
87
24
59
57
81
5
47
56
6
29
64
53
63
17
41
12
76
95
45
82
84
64
97
44
58
43
84
45
8
73
31
22
39
30
27
69
81
68
13
22
# P_bar : m1 | m2
20 36
49 42
17 44
42 28
32 15
15 49
46 26
47 18
36 23
47 34
25 47
32 45
50 39
36 37
44 11
38 21
50 45
44 36
44 31
45 18
13 31
17 36
26 10
25 45
43 22
30 32
12 30
50 23
10 45
46 27
20 31
36 18
19 49
11 43
40 44
22 24
19 44
31 31
13 38
43 42
33 29
31 12
27 48
16 36
24 25
18 35
20 31
27 28
12 48
39 49
20 39
26 14
33 31
48 32
29 12
43 34
21 12
33 32
27 37
11 15
25 27
21 30
26 32
40 18
12 19
47 22
46 13
43 45
17 30
50 18
17 32
15 12
43 38
12 16
10 11
46 19
48 33
33 48
21 11
32 43
25 36
27 42
14 37
27 16
40 11
10 40
44 32
47 16
33 25
16 34
17 19
20 33
30 46
22 29
32 23
13 44
39 26
41 50
28 18
27 36
28 46
15 10
13 25
31 49
29 33
41 22
50 27
49 46
49 40
30 22
45 37
46 49
20 16
22 14
28 21
23 18
50 15
21 32
34 18
36 41
10 13
37 21
30 37
15 15
43 48
49 22
48 18
39 50
40 49
15 13
38 24
43 44
34 22
15 32
14 15
17 50
17 18
24 22
43 47
16 24
13 40
20 47
30 49
39 48
28 19
17 27
42 46
49 38
13 23
17 42
# P_hat : m1 | m2
5.48 5.87
7.72 6.26
3.70 1.78
5.49 4.17
6.05 0.76
1.53 1.85
4.16 7.27
8.15 3.27
5.38 4.55
8.17 4.10
2.15 12.82
3.52 8.61
1.26 9.00
0.56 4.09
3.35 3.17
0.85 5.17
1.56 11.53
10.73 1.86
0.51 2.52
8.90 1.54
1.06 2.52
4.44 9.24
3.78 0.10
2.29 1.03
6.68 1.81
3.44 1.92
2.03 2.09
1.72 5.51
2.99 7.60
5.87 0.05
2.09 3.99
7.67 2.20
2.07 1.67
2.75 8.72
5.45 9.27
4.75 5.19
0.61 9.62
7.87 0.00
2.87 10.87
2.73 10.26
1.44 7.86
2.94 0.06
7.91 13.45
1.23 8.75
3.28 6.28
0.16 0.98
2.38 6.87
4.63 8.06
3.43 9.77
6.05 8.39
4.91 11.06
4.27 1.86
0.40 5.57
4.54 4.57
5.01 3.36
12.26 0.78
5.41 1.80
2.26 6.59
1.78 8.79
0.66 2.62
6.92 7.36
5.37 8.48
6.04 0.62
4.71 2.17
1.82 0.13
6.55 2.17
3.50 2.09
6.51 12.30
0.16 7.62
1.98 0.69
4.52 0.89
3.38 2.12
5.46 6.07
1.86 1.28
1.11 2.97
10.22 5.29
11.29 3.99
7.56 12.82
4.55 1.27
1.96 9.50
2.53 5.14
3.81 1.54
1.39 10.30
6.12 2.18
3.95 2.42
0.41 4.41
5.27 0.18
13.82 0.48
2.24 3.72
2.94 7.04
2.21 1.91
0.43 6.89
4.39 9.64
4.63 6.12
4.93 3.40
3.40 12.08
3.38 3.82
1.06 6.75
7.87 1.08
3.06 3.32
4.84 0.58
3.56 1.90
1.26 1.86
6.66 4.47
1.18 7.63
3.58 2.16
2.17 1.96
11.93 2.33
3.27 9.30
6.46 0.86
12.73 5.04
7.28 7.45
3.24 3.30
3.04 2.66
2.74 5.11
3.28 0.24
9.04 1.33
6.21 2.69
9.57 0.79
9.31 3.56
2.67 1.21
5.19 3.29
5.92 7.37
4.03 1.71
5.07 10.36
14.14 2.22
5.99 1.57
7.03 8.12
8.52 0.35
4.28 0.31
2.79 3.01
9.63 12.45
5.31 4.76
1.21 0.85
3.26 3.81
2.82 10.98
3.37 3.30
2.32 5.41
6.21 5.70
2.96 1.59
1.58 6.14
1.19 7.74
8.65 7.91
5.98 8.14
6.16 5.41
2.10 7.31
4.47 12.08
5.99 9.14
1.60 6.51
2.78 1.24
