# nJobs | nMachines
150 2
# Job Weights
15
73
65
14
71
66
61
77
31
61
50
22
3
70
96
9
87
76
9
21
1
86
54
12
64
50
86
72
22
64
58
5
44
7
11
32
16
3
66
95
39
31
31
2
87
20
92
37
94
24
98
41
63
46
69
33
89
63
75
85
93
35
3
2
91
85
94
99
84
51
86
98
21
58
59
45
43
39
31
77
17
80
62
28
30
51
29
55
17
74
93
36
10
100
60
43
20
21
11
63
72
40
96
49
96
62
26
66
93
42
10
7
65
28
98
73
74
15
33
91
67
41
48
99
27
47
25
38
96
14
71
96
70
42
53
5
34
77
61
72
96
13
34
19
48
89
76
65
51
32
# P_bar : m1 | m2
12 32
16 35
17 24
41 11
15 25
42 14
44 22
26 22
35 33
42 45
38 19
47 27
21 34
20 13
40 25
20 12
30 25
31 23
29 44
34 26
37 35
17 37
27 38
43 32
13 45
10 30
47 40
18 36
31 10
24 42
47 49
15 31
22 31
25 21
11 31
12 13
23 25
29 46
36 27
30 14
17 27
49 16
15 45
13 50
32 32
36 11
18 11
10 42
30 25
43 24
27 41
21 15
17 35
11 12
45 35
22 34
25 13
26 45
39 36
31 44
27 17
33 37
20 47
15 20
10 19
19 35
45 26
13 20
23 21
29 35
10 42
49 20
17 34
27 37
34 35
20 21
23 39
47 40
21 22
34 11
47 19
24 19
50 36
13 44
49 13
36 16
30 46
45 10
14 33
22 45
17 38
43 48
27 47
36 26
48 25
18 43
19 30
14 33
10 12
38 45
19 41
39 29
22 20
21 25
41 33
38 46
30 17
29 18
46 27
14 10
29 37
34 11
11 12
41 13
38 39
14 12
26 47
15 28
48 36
17 35
38 12
28 21
12 43
23 13
49 42
45 12
36 15
17 38
28 41
45 30
21 11
22 39
37 12
36 17
28 17
26 33
33 26
41 43
44 38
20 19
48 29
42 18
42 13
14 31
36 29
17 33
35 43
11 45
23 33
19 45
# P_hat : m1 | m2
10.98 3.00
8.53 31.84
2.69 16.06
28.53 9.12
11.90 21.97
13.30 8.00
37.72 11.38
23.56 9.47
9.69 10.46
41.31 19.56
5.35 14.70
9.49 16.25
3.87 30.35
17.88 5.76
26.17 15.18
3.04 7.58
13.21 14.79
19.07 16.16
2.42 10.45
30.00 13.32
29.73 3.65
8.59 14.23
26.11 18.53
17.96 20.87
12.79 42.77
6.68 18.02
29.83 29.74
2.99 18.23
27.34 6.34
10.26 2.98
7.62 12.47
0.19 11.22
12.31 14.65
13.18 0.96
7.91 4.34
10.68 3.60
1.83 24.29
21.21 15.24
6.75 13.02
25.75 2.75
13.92 16.49
26.50 4.49
10.65 9.31
4.09 25.83
15.08 0.18
29.58 0.08
8.27 2.41
3.58 1.54
14.83 2.70
35.61 8.13
9.05 32.91
3.65 8.58
12.10 17.94
9.09 3.52
4.53 32.61
5.28 13.50
3.55 1.13
9.05 27.77
17.56 4.10
23.21 15.19
17.58 8.63
20.49 32.35
7.05 23.20
12.62 14.05
4.71 18.86
18.60 4.60
28.54 7.14
1.64 7.89
15.55 8.86
9.43 14.39
6.86 38.12
3.41 14.28
2.97 20.67
23.10 11.45
7.72 28.83
16.74 20.06
6.42 32.03
30.22 0.06
14.58 14.00
17.43 0.56
14.35 4.89
5.10 1.13
1.66 21.74
3.95 30.21
32.00 1.49
33.78 6.14
26.14 20.99
34.47 3.69
11.04 3.99
14.63 18.85
4.42 28.54
39.01 3.41
18.11 3.77
20.18 9.22
5.33 23.54
8.05 28.75
8.75 20.36
12.10 11.94
5.47 7.12
14.46 0.46
18.56 26.08
4.32 26.49
9.30 12.25
0.88 21.84
30.34 23.89
34.89 5.55
8.40 15.34
24.89 1.20
13.44 14.42
12.75 1.42
21.86 0.43
27.37 4.64
0.20 3.54
39.48 6.32
27.61 22.51
4.27 0.52
21.56 5.78
4.22 15.64
41.89 12.35
1.91 25.52
26.74 7.83
15.14 17.76
1.16 29.78
5.56 5.59
0.61 28.26
21.09 3.30
10.85 4.59
10.17 29.98
8.32 18.30
13.50 23.95
15.61 9.05
1.06 33.44
33.41 11.00
30.68 7.33
18.70 5.42
15.42 19.21
29.45 9.65
7.60 25.85
3.47 26.81
4.79 13.08
38.14 10.86
1.46 3.00
24.48 5.60
13.94 4.42
30.81 25.81
8.86 11.41
2.23 6.64
9.15 1.15
13.78 21.31
2.18 28.66
