# nJobs | nMachines
150 2
# Job Weights
52
61
41
73
48
87
21
20
98
7
3
56
68
83
78
35
18
46
2
68
11
58
50
14
66
56
19
5
49
74
41
92
39
63
56
32
87
12
84
64
64
13
43
35
6
42
1
92
97
65
49
32
14
17
90
80
11
19
3
30
98
67
34
5
41
8
46
54
37
14
95
8
28
97
61
23
13
87
68
6
12
56
19
12
18
66
93
51
41
56
69
12
95
62
25
44
16
16
7
34
94
65
76
45
79
68
69
31
91
34
8
53
59
43
60
20
61
42
71
16
74
68
49
81
15
26
15
85
6
45
94
19
71
24
11
26
68
41
59
73
28
34
17
66
12
52
91
44
14
88
# P_bar : m1 | m2
20 14
16 40
35 25
38 24
43 44
34 10
46 14
38 44
12 48
41 15
26 19
28 14
21 47
15 42
18 27
18 23
40 22
40 48
12 29
33 45
46 30
37 30
30 46
30 18
25 18
38 35
13 22
26 29
26 32
46 28
40 18
29 41
19 43
33 41
24 39
10 41
35 42
14 14
17 28
49 25
32 39
17 26
41 35
37 37
11 47
44 27
42 16
28 34
10 50
46 45
48 48
37 23
27 36
24 43
15 26
35 18
27 21
14 15
39 41
41 21
33 47
30 23
42 11
10 29
26 12
16 48
44 28
50 29
42 48
13 41
15 39
37 15
44 34
35 38
36 40
11 32
33 24
39 46
42 13
41 37
41 17
17 46
33 47
17 42
18 26
21 23
28 43
18 22
39 20
15 11
45 47
34 26
29 49
35 50
23 45
18 17
31 28
11 44
16 26
20 31
17 39
17 49
47 29
10 29
47 42
24 22
17 11
24 26
45 23
34 39
29 26
30 33
13 43
11 48
19 27
10 32
23 28
23 21
44 49
39 13
25 35
19 43
49 23
48 42
22 50
23 21
45 16
36 15
46 15
43 35
46 44
50 27
17 13
33 14
15 45
39 20
14 13
13 50
13 26
44 27
27 25
41 11
34 46
28 41
29 19
22 26
42 50
33 26
25 50
50 25
# P_hat : m1 | m2
1.36 1.89
3.15 2.90
1.72 0.01
0.64 4.03
1.56 7.80
9.49 2.92
7.61 1.52
9.08 5.20
1.20 2.91
7.29 0.32
3.86 4.40
7.94 1.05
4.71 8.59
3.29 8.67
0.25 3.82
2.97 6.05
5.60 2.93
11.13 4.10
0.93 7.80
2.67 11.63
5.68 1.48
2.70 0.23
1.16 1.24
7.72 1.55
4.19 5.25
9.82 5.86
3.24 2.46
2.20 7.73
4.27 4.35
1.15 2.65
10.98 5.08
3.52 10.45
2.24 10.88
3.00 6.30
3.32 9.24
0.76 2.21
3.94 7.22
3.36 4.13
4.25 2.44
4.47 5.96
4.50 5.74
4.46 0.31
0.65 8.01
9.87 1.87
0.72 8.90
8.96 0.69
7.34 4.54
4.64 2.98
2.58 3.40
1.40 1.74
5.00 13.62
5.97 4.91
6.57 8.01
1.56 6.44
3.61 3.70
4.20 0.59
1.53 3.53
3.19 1.11
1.06 12.02
6.33 5.02
0.63 5.82
3.21 1.04
7.57 2.59
1.67 1.06
3.16 0.68
2.06 3.05
2.99 4.68
6.84 6.85
12.01 4.53
3.32 1.04
0.65 5.44
0.33 3.37
12.32 2.26
5.53 2.51
5.81 11.37
2.58 9.16
3.12 7.13
5.64 11.15
12.21 0.73
8.27 2.35
1.89 1.74
0.68 4.39
2.02 13.49
3.91 9.94
1.60 5.65
0.13 1.28
7.93 11.73
0.92 5.46
0.11 0.98
1.07 2.87
3.17 3.84
4.30 0.63
8.01 9.66
9.23 9.81
3.15 1.28
2.22 1.63
5.16 8.34
0.80 8.96
0.25 5.69
5.64 1.98
0.95 0.92
1.01 4.07
6.66 2.17
1.47 2.04
0.26 2.43
1.07 3.79
1.93 1.08
4.92 6.40
3.08 1.27
4.31 5.44
4.85 0.11
8.00 4.77
1.27 0.72
0.44 14.08
2.79 6.40
2.24 4.71
0.76 0.73
2.93 3.73
0.23 11.15
0.39 0.74
3.62 5.97
1.70 10.50
12.42 5.30
8.67 10.12
3.00 13.19
2.81 5.91
6.71 1.95
0.44 2.56
12.32 3.56
12.88 7.32
2.50 13.14
1.81 0.11
0.73 1.39
6.54 1.18
2.98 3.54
9.92 1.34
3.16 2.77
1.75 1.27
2.39 5.78
9.09 5.62
4.15 1.88
5.85 0.83
6.58 8.68
4.68 9.37
5.60 5.00
4.04 6.65
9.06 14.47
6.36 4.53
3.90 13.63
10.23 6.06
