# nJobs | nMachines
150 2
# Job Weights
52
61
41
73
48
87
21
20
98
7
3
56
68
83
78
35
18
46
2
68
11
58
50
14
66
56
19
5
49
74
41
92
39
63
56
32
87
12
84
64
64
13
43
35
6
42
1
92
97
65
49
32
14
17
90
80
11
19
3
30
98
67
34
5
41
8
46
54
37
14
95
8
28
97
61
23
13
87
68
6
12
56
19
12
18
66
93
51
41
56
69
12
95
62
25
44
16
16
7
34
94
65
76
45
79
68
69
31
91
34
8
53
59
43
60
20
61
42
71
16
74
68
49
81
15
26
15
85
6
45
94
19
71
24
11
26
68
41
59
73
28
34
17
66
12
52
91
44
14
88
# P_bar : m1 | m2
20 14
16 40
35 25
38 24
43 44
34 10
46 14
38 44
12 48
41 15
26 19
28 14
21 47
15 42
18 27
18 23
40 22
40 48
12 29
33 45
46 30
37 30
30 46
30 18
25 18
38 35
13 22
26 29
26 32
46 28
40 18
29 41
19 43
33 41
24 39
10 41
35 42
14 14
17 28
49 25
32 39
17 26
41 35
37 37
11 47
44 27
42 16
28 34
10 50
46 45
48 48
37 23
27 36
24 43
15 26
35 18
27 21
14 15
39 41
41 21
33 47
30 23
42 11
10 29
26 12
16 48
44 28
50 29
42 48
13 41
15 39
37 15
44 34
35 38
36 40
11 32
33 24
39 46
42 13
41 37
41 17
17 46
33 47
17 42
18 26
21 23
28 43
18 22
39 20
15 11
45 47
34 26
29 49
35 50
23 45
18 17
31 28
11 44
16 26
20 31
17 39
17 49
47 29
10 29
47 42
24 22
17 11
24 26
45 23
34 39
29 26
30 33
13 43
11 48
19 27
10 32
23 28
23 21
44 49
39 13
25 35
19 43
49 23
48 42
22 50
23 21
45 16
36 15
46 15
43 35
46 44
50 27
17 13
33 14
15 45
39 20
14 13
13 50
13 26
44 27
27 25
41 11
34 46
28 41
29 19
22 26
42 50
33 26
25 50
50 25
# P_hat : m1 | m2
13.99 1.36
11.76 34.23
10.16 12.00
11.53 19.85
33.67 35.95
10.09 9.16
25.89 4.17
9.48 41.79
9.80 7.28
4.53 1.23
21.57 8.20
16.88 11.60
3.93 22.25
8.13 34.83
5.08 19.70
5.82 4.82
14.06 20.88
2.53 2.92
11.83 26.05
1.04 13.70
30.47 15.00
13.74 12.67
19.38 7.90
10.69 6.45
16.84 3.47
27.71 7.14
8.98 4.12
2.96 14.18
17.08 25.53
12.88 15.93
1.15 16.08
12.03 26.10
8.24 29.64
15.42 27.37
16.92 17.53
3.09 28.26
11.03 2.93
0.85 12.04
11.68 21.78
27.82 6.13
11.18 29.95
11.99 0.33
22.03 7.60
17.36 2.41
5.62 36.67
28.00 20.41
27.72 13.02
8.09 0.15
1.41 25.06
7.21 31.72
30.69 7.46
32.30 14.95
11.06 3.03
4.07 7.80
11.35 12.37
29.14 11.76
23.78 3.06
8.50 2.78
33.57 8.38
0.63 5.01
3.54 10.65
2.78 9.09
29.93 7.19
0.70 12.70
12.91 9.31
7.56 34.52
13.67 3.54
43.52 1.42
7.16 42.14
4.58 3.27
11.61 5.79
1.13 0.33
29.61 21.36
28.57 22.13
33.56 39.48
9.64 28.38
10.54 9.86
22.87 17.09
3.25 3.86
10.57 5.64
3.86 2.35
5.36 6.09
28.88 5.36
5.90 10.10
10.11 7.97
9.10 22.12
12.85 24.87
17.45 21.73
11.55 7.45
9.41 5.03
18.90 15.26
2.08 4.76
14.19 7.02
28.47 47.25
2.27 44.41
1.25 0.76
4.76 4.21
8.41 18.64
11.58 4.84
11.30 11.28
7.96 5.03
15.10 22.37
36.03 7.88
8.12 10.21
38.22 3.96
15.43 9.42
7.79 10.82
20.75 8.55
41.67 20.16
0.81 32.88
1.50 24.75
28.76 26.07
3.60 28.36
9.61 41.12
7.39 2.04
1.19 14.81
1.85 27.70
3.60 16.16
11.00 47.14
19.05 10.14
17.54 30.62
18.74 30.38
21.63 17.49
24.87 21.97
11.48 46.21
12.41 17.33
23.30 13.50
0.32 10.10
0.08 4.57
4.20 1.25
4.67 41.17
35.24 15.83
3.48 3.88
29.53 2.09
13.93 37.33
38.06 16.73
13.15 10.59
3.53 32.25
6.63 9.52
7.72 8.21
21.77 0.21
36.43 9.17
28.94 4.02
12.13 25.86
22.00 9.58
2.15 13.69
1.69 46.34
24.86 0.82
10.63 38.67
49.78 1.30
