# nJobs | nMachines
150 2
# Job Weights
15
73
65
14
71
66
61
77
31
61
50
22
3
70
96
9
87
76
9
21
1
86
54
12
64
50
86
72
22
64
58
5
44
7
11
32
16
3
66
95
39
31
31
2
87
20
92
37
94
24
98
41
63
46
69
33
89
63
75
85
93
35
3
2
91
85
94
99
84
51
86
98
21
58
59
45
43
39
31
77
17
80
62
28
30
51
29
55
17
74
93
36
10
100
60
43
20
21
11
63
72
40
96
49
96
62
26
66
93
42
10
7
65
28
98
73
74
15
33
91
67
41
48
99
27
47
25
38
96
14
71
96
70
42
53
5
34
77
61
72
96
13
34
19
48
89
76
65
51
32
# P_bar : m1 | m2
12 32
16 35
17 24
41 11
15 25
42 14
44 22
26 22
35 33
42 45
38 19
47 27
21 34
20 13
40 25
20 12
30 25
31 23
29 44
34 26
37 35
17 37
27 38
43 32
13 45
10 30
47 40
18 36
31 10
24 42
47 49
15 31
22 31
25 21
11 31
12 13
23 25
29 46
36 27
30 14
17 27
49 16
15 45
13 50
32 32
36 11
18 11
10 42
30 25
43 24
27 41
21 15
17 35
11 12
45 35
22 34
25 13
26 45
39 36
31 44
27 17
33 37
20 47
15 20
10 19
19 35
45 26
13 20
23 21
29 35
10 42
49 20
17 34
27 37
34 35
20 21
23 39
47 40
21 22
34 11
47 19
24 19
50 36
13 44
49 13
36 16
30 46
45 10
14 33
22 45
17 38
43 48
27 47
36 26
48 25
18 43
19 30
14 33
10 12
38 45
19 41
39 29
22 20
21 25
41 33
38 46
30 17
29 18
46 27
14 10
29 37
34 11
11 12
41 13
38 39
14 12
26 47
15 28
48 36
17 35
38 12
28 21
12 43
23 13
49 42
45 12
36 15
17 38
28 41
45 30
21 11
22 39
37 12
36 17
28 17
26 33
33 26
41 43
44 38
20 19
48 29
42 18
42 13
14 31
36 29
17 33
35 43
11 45
23 33
19 45
# P_hat : m1 | m2
3.60 9.60
4.80 10.50
5.10 7.20
12.30 3.30
4.50 7.50
12.60 4.20
13.20 6.60
7.80 6.60
10.50 9.90
12.60 13.50
11.40 5.70
14.10 8.10
6.30 10.20
6.00 3.90
12.00 7.50
6.00 3.60
9.00 7.50
9.30 6.90
8.70 13.20
10.20 7.80
11.10 10.50
5.10 11.10
8.10 11.40
12.90 9.60
3.90 13.50
3.00 9.00
14.10 12.00
5.40 10.80
9.30 3.00
7.20 12.60
14.10 14.70
4.50 9.30
6.60 9.30
7.50 6.30
3.30 9.30
3.60 3.90
6.90 7.50
8.70 13.80
10.80 8.10
9.00 4.20
5.10 8.10
14.70 4.80
4.50 13.50
3.90 15.00
9.60 9.60
10.80 3.30
5.40 3.30
3.00 12.60
9.00 7.50
12.90 7.20
8.10 12.30
6.30 4.50
5.10 10.50
3.30 3.60
13.50 10.50
6.60 10.20
7.50 3.90
7.80 13.50
11.70 10.80
9.30 13.20
8.10 5.10
9.90 11.10
6.00 14.10
4.50 6.00
3.00 5.70
5.70 10.50
13.50 7.80
3.90 6.00
6.90 6.30
8.70 10.50
3.00 12.60
14.70 6.00
5.10 10.20
8.10 11.10
10.20 10.50
6.00 6.30
6.90 11.70
14.10 12.00
6.30 6.60
10.20 3.30
14.10 5.70
7.20 5.70
15.00 10.80
3.90 13.20
14.70 3.90
10.80 4.80
9.00 13.80
13.50 3.00
4.20 9.90
6.60 13.50
5.10 11.40
12.90 14.40
8.10 14.10
10.80 7.80
14.40 7.50
5.40 12.90
5.70 9.00
4.20 9.90
3.00 3.60
11.40 13.50
5.70 12.30
11.70 8.70
6.60 6.00
6.30 7.50
12.30 9.90
11.40 13.80
9.00 5.10
8.70 5.40
13.80 8.10
4.20 3.00
8.70 11.10
10.20 3.30
3.30 3.60
12.30 3.90
11.40 11.70
4.20 3.60
7.80 14.10
4.50 8.40
14.40 10.80
5.10 10.50
11.40 3.60
8.40 6.30
3.60 12.90
6.90 3.90
14.70 12.60
13.50 3.60
10.80 4.50
5.10 11.40
8.40 12.30
13.50 9.00
6.30 3.30
6.60 11.70
11.10 3.60
10.80 5.10
8.40 5.10
7.80 9.90
9.90 7.80
12.30 12.90
13.20 11.40
6.00 5.70
14.40 8.70
12.60 5.40
12.60 3.90
4.20 9.30
10.80 8.70
5.10 9.90
10.50 12.90
3.30 13.50
6.90 9.90
5.70 13.50
