# nJobs | nMachines
150 2
# Job Weights
1
13
87
76
37
71
92
58
74
50
100
30
83
32
42
8
92
96
11
28
11
75
65
36
38
28
73
24
31
26
61
48
36
49
23
16
68
21
70
91
2
47
83
39
43
69
47
85
52
83
76
20
10
1
77
42
57
71
29
61
18
4
91
78
41
39
30
80
15
23
23
25
47
2
3
17
20
23
27
32
13
60
18
67
34
45
74
29
45
12
31
67
59
64
37
88
94
83
23
8
99
87
59
74
76
4
50
71
74
70
59
60
60
21
69
48
74
58
13
69
2
42
61
29
95
2
24
97
92
26
50
32
34
7
74
67
90
57
2
99
38
94
78
34
68
84
89
19
47
69
# P_bar : m1 | m2
41 27
26 26
16 26
22 29
25 15
10 44
39 25
36 49
23 26
46 11
16 39
47 17
13 18
44 10
35 40
14 21
10 32
43 20
21 39
47 44
46 35
21 50
42 38
24 26
23 13
30 11
42 40
42 32
23 27
17 14
35 15
12 35
19 36
10 10
15 35
36 20
21 36
31 21
31 50
50 16
46 26
46 30
32 38
49 48
33 26
11 20
32 24
30 20
21 17
38 39
42 49
18 39
38 10
42 40
49 30
20 26
40 33
38 43
35 22
24 49
20 13
44 26
48 13
42 26
36 12
26 12
30 29
36 28
43 41
47 14
16 21
15 30
12 18
22 49
17 22
14 26
23 42
45 12
25 44
31 31
23 36
27 26
26 42
19 40
47 31
31 42
16 23
45 49
35 23
48 37
27 21
36 15
22 21
14 28
27 14
33 16
41 35
44 39
40 30
34 15
39 18
10 43
14 33
50 26
38 25
32 19
35 41
39 20
19 38
24 29
41 19
15 12
13 15
30 39
42 12
33 19
33 17
33 47
16 44
22 38
12 17
46 37
11 16
23 50
36 33
16 36
10 29
36 15
42 39
13 38
44 42
23 46
20 18
16 26
29 43
46 41
13 49
30 34
50 41
41 39
36 48
46 16
45 10
45 27
10 22
50 34
19 11
21 11
17 27
31 23
# P_hat : m1 | m2
4.10 2.70
2.60 2.60
1.60 2.60
2.20 2.90
2.50 1.50
1.00 4.40
3.90 2.50
3.60 4.90
2.30 2.60
4.60 1.10
1.60 3.90
4.70 1.70
1.30 1.80
4.40 1.00
3.50 4.00
1.40 2.10
1.00 3.20
4.30 2.00
2.10 3.90
4.70 4.40
4.60 3.50
2.10 5.00
4.20 3.80
2.40 2.60
2.30 1.30
3.00 1.10
4.20 4.00
4.20 3.20
2.30 2.70
1.70 1.40
3.50 1.50
1.20 3.50
1.90 3.60
1.00 1.00
1.50 3.50
3.60 2.00
2.10 3.60
3.10 2.10
3.10 5.00
5.00 1.60
4.60 2.60
4.60 3.00
3.20 3.80
4.90 4.80
3.30 2.60
1.10 2.00
3.20 2.40
3.00 2.00
2.10 1.70
3.80 3.90
4.20 4.90
1.80 3.90
3.80 1.00
4.20 4.00
4.90 3.00
2.00 2.60
4.00 3.30
3.80 4.30
3.50 2.20
2.40 4.90
2.00 1.30
4.40 2.60
4.80 1.30
4.20 2.60
3.60 1.20
2.60 1.20
3.00 2.90
3.60 2.80
4.30 4.10
4.70 1.40
1.60 2.10
1.50 3.00
1.20 1.80
2.20 4.90
1.70 2.20
1.40 2.60
2.30 4.20
4.50 1.20
2.50 4.40
3.10 3.10
2.30 3.60
2.70 2.60
2.60 4.20
1.90 4.00
4.70 3.10
3.10 4.20
1.60 2.30
4.50 4.90
3.50 2.30
4.80 3.70
2.70 2.10
3.60 1.50
2.20 2.10
1.40 2.80
2.70 1.40
3.30 1.60
4.10 3.50
4.40 3.90
4.00 3.00
3.40 1.50
3.90 1.80
1.00 4.30
1.40 3.30
5.00 2.60
3.80 2.50
3.20 1.90
3.50 4.10
3.90 2.00
1.90 3.80
2.40 2.90
4.10 1.90
1.50 1.20
1.30 1.50
3.00 3.90
4.20 1.20
3.30 1.90
3.30 1.70
3.30 4.70
1.60 4.40
2.20 3.80
1.20 1.70
4.60 3.70
1.10 1.60
2.30 5.00
3.60 3.30
1.60 3.60
1.00 2.90
3.60 1.50
4.20 3.90
1.30 3.80
4.40 4.20
2.30 4.60
2.00 1.80
1.60 2.60
2.90 4.30
4.60 4.10
1.30 4.90
3.00 3.40
5.00 4.10
4.10 3.90
3.60 4.80
4.60 1.60
4.50 1.00
4.50 2.70
1.00 2.20
5.00 3.40
1.90 1.10
2.10 1.10
1.70 2.70
3.10 2.30
