# nJobs | nMachines
150 2
# Job Weights
68
56
81
79
26
14
95
7
93
15
95
63
18
39
20
83
95
86
37
43
5
77
44
95
3
90
13
16
19
42
68
55
68
41
83
64
69
94
95
82
31
23
28
8
57
68
61
71
67
31
13
93
66
37
83
83
73
29
96
36
95
99
33
56
65
20
62
13
50
3
97
70
19
49
64
32
4
22
82
28
18
99
45
57
24
46
50
86
54
86
72
88
67
7
27
81
69
83
60
52
81
46
4
80
78
2
45
22
71
10
96
24
86
35
70
10
68
43
38
3
56
99
67
27
91
99
81
62
14
5
55
38
27
30
36
43
73
94
47
48
19
61
44
25
6
42
62
5
40
74
# P_bar : m1 | m2
24 17
26 16
32 32
14 39
12 50
37 44
21 40
41 24
22 49
19 49
15 45
14 24
26 16
12 12
39 31
36 42
14 20
42 11
14 18
11 33
26 38
37 48
30 10
36 27
16 10
45 25
16 13
26 39
17 25
38 28
25 36
33 39
18 17
15 30
30 35
48 31
10 37
25 18
24 49
42 34
46 48
35 34
26 34
21 11
45 39
41 30
25 43
43 24
28 38
30 34
45 36
30 47
15 31
22 25
48 28
48 50
23 25
36 22
18 27
42 29
17 16
27 48
37 35
47 16
40 26
20 31
43 35
14 41
11 40
19 21
49 40
31 27
26 48
29 19
32 14
40 44
47 37
13 40
36 10
21 20
50 45
11 35
33 16
50 40
49 38
20 48
34 29
46 22
50 14
45 23
44 30
40 37
44 13
30 50
22 22
12 27
14 31
40 27
44 26
14 15
21 38
39 32
32 40
10 41
12 21
45 37
13 46
14 11
42 16
35 49
13 23
17 12
13 39
32 33
45 43
18 46
22 48
21 27
15 10
42 32
34 40
43 31
43 50
10 42
37 31
42 11
13 19
26 21
46 40
49 47
29 22
45 37
27 31
45 11
14 15
41 13
35 41
23 21
11 46
26 24
23 41
30 43
42 34
19 42
32 39
40 26
47 18
25 39
11 30
36 12
# P_hat : m1 | m2
4.21 1.46
10.88 6.17
1.07 3.57
6.60 1.58
5.92 21.87
1.64 18.89
3.06 8.07
7.63 8.43
8.54 13.65
5.66 20.90
4.83 7.09
5.30 6.28
1.53 3.88
5.00 2.12
13.76 13.82
10.39 3.48
6.23 1.50
14.71 3.17
1.41 5.92
2.36 3.21
6.42 7.42
1.02 22.72
14.32 1.23
2.31 9.02
5.58 3.70
11.39 5.60
0.21 6.09
12.02 14.36
7.24 5.72
9.96 7.97
2.86 12.47
2.01 11.55
3.27 7.47
1.92 5.35
7.60 5.25
23.19 3.31
2.87 0.70
11.12 0.39
7.81 21.32
9.98 11.53
19.66 15.85
8.25 10.45
11.29 14.44
3.06 2.64
2.90 16.97
17.53 5.39
7.34 19.92
19.12 8.38
13.13 4.89
0.80 9.59
11.27 9.59
5.62 3.24
4.69 9.16
8.73 3.93
6.73 0.73
13.36 23.72
8.15 8.02
2.42 9.65
7.33 9.13
12.73 5.18
8.07 4.10
4.58 16.22
2.00 16.80
11.90 2.03
1.72 11.37
9.70 14.32
0.83 11.73
5.27 19.09
2.89 7.96
3.50 10.01
1.61 14.06
9.64 0.57
7.61 21.76
4.07 4.60
14.56 3.22
6.08 12.46
10.57 2.76
3.53 9.38
1.80 4.16
9.79 0.15
9.36 6.14
0.44 0.04
6.39 3.33
15.01 14.57
12.58 15.18
6.95 22.68
0.94 8.82
6.54 2.80
20.48 6.47
1.80 8.92
18.82 8.62
1.84 12.87
18.36 6.01
5.41 17.81
6.73 4.05
0.92 9.63
0.46 0.62
4.32 5.22
2.81 5.28
2.19 1.25
5.40 0.44
11.48 2.13
12.64 13.09
3.28 16.45
3.65 10.38
9.27 6.41
3.08 13.79
2.90 5.15
17.69 1.34
4.03 17.58
0.04 8.68
5.54 0.53
1.32 16.79
14.24 13.42
19.33 0.72
0.69 2.09
1.17 1.18
5.20 4.52
4.57 2.55
5.77 8.52
12.19 5.35
12.79 14.13
6.98 9.21
0.13 0.96
13.88 4.65
4.51 2.92
5.42 3.88
5.46 2.88
13.27 2.63
21.39 19.25
12.52 10.96
8.36 6.10
2.82 5.92
17.44 3.40
3.03 5.39
3.94 2.55
15.83 18.55
2.28 5.88
0.14 10.36
0.26 7.76
7.16 19.53
9.93 17.08
6.53 0.68
3.04 6.98
5.43 9.18
13.60 4.09
1.37 6.30
11.61 16.11
1.22 10.97
17.99 5.94
