# nJobs | nMachines
150 2
# Job Weights
90
61
89
29
61
82
43
87
44
1
94
19
79
89
3
8
8
42
86
62
84
68
66
3
55
100
52
37
66
69
89
40
66
66
49
20
85
92
15
29
26
83
50
88
44
25
49
24
100
33
4
85
86
66
2
87
43
44
69
44
36
72
14
22
38
29
91
95
85
96
8
92
2
48
72
80
15
82
36
84
38
72
72
77
26
26
91
95
93
85
100
89
47
59
40
6
45
36
2
92
55
1
86
8
55
80
36
37
47
73
58
17
10
55
36
44
55
22
12
32
30
13
1
32
15
84
44
21
9
5
30
40
40
86
85
30
97
83
49
13
46
55
97
4
64
20
39
48
21
34
# P_bar : m1 | m2
10 28
14 22
38 48
21 18
40 27
31 44
20 44
45 20
25 29
21 22
33 21
15 47
25 31
12 24
17 34
43 45
48 22
31 11
46 20
40 41
45 42
32 46
40 12
34 35
39 45
37 30
21 33
14 34
10 45
38 41
36 34
13 41
22 39
28 45
10 12
37 15
47 33
29 33
12 27
43 31
20 21
17 33
34 49
42 14
33 17
39 14
19 32
38 20
43 46
25 28
23 49
28 29
29 25
42 40
49 12
29 31
35 48
28 43
10 23
45 28
18 32
19 22
26 18
29 18
17 10
16 35
31 11
16 38
14 39
20 26
35 30
19 40
34 49
27 35
30 46
46 25
49 46
34 27
18 44
10 14
14 14
45 27
47 38
40 25
28 49
46 39
46 36
33 11
45 23
24 35
36 22
16 21
49 12
30 39
16 11
36 14
25 16
43 49
20 43
45 37
15 29
10 10
10 44
39 47
20 50
39 29
29 36
38 15
27 45
46 32
24 44
32 12
41 11
40 32
46 37
10 28
44 27
17 40
44 43
41 29
32 39
23 14
33 24
26 37
30 48
10 30
24 39
34 27
15 30
30 37
38 46
25 20
20 49
22 31
40 40
29 34
34 20
20 31
14 22
46 18
26 45
25 21
24 30
32 22
21 20
23 47
11 34
11 19
16 14
32 16
# P_hat : m1 | m2
4.00 11.20
5.60 8.80
15.20 19.20
8.40 7.20
16.00 10.80
12.40 17.60
8.00 17.60
18.00 8.00
10.00 11.60
8.40 8.80
13.20 8.40
6.00 18.80
10.00 12.40
4.80 9.60
6.80 13.60
17.20 18.00
19.20 8.80
12.40 4.40
18.40 8.00
16.00 16.40
18.00 16.80
12.80 18.40
16.00 4.80
13.60 14.00
15.60 18.00
14.80 12.00
8.40 13.20
5.60 13.60
4.00 18.00
15.20 16.40
14.40 13.60
5.20 16.40
8.80 15.60
11.20 18.00
4.00 4.80
14.80 6.00
18.80 13.20
11.60 13.20
4.80 10.80
17.20 12.40
8.00 8.40
6.80 13.20
13.60 19.60
16.80 5.60
13.20 6.80
15.60 5.60
7.60 12.80
15.20 8.00
17.20 18.40
10.00 11.20
9.20 19.60
11.20 11.60
11.60 10.00
16.80 16.00
19.60 4.80
11.60 12.40
14.00 19.20
11.20 17.20
4.00 9.20
18.00 11.20
7.20 12.80
7.60 8.80
10.40 7.20
11.60 7.20
6.80 4.00
6.40 14.00
12.40 4.40
6.40 15.20
5.60 15.60
8.00 10.40
14.00 12.00
7.60 16.00
13.60 19.60
10.80 14.00
12.00 18.40
18.40 10.00
19.60 18.40
13.60 10.80
7.20 17.60
4.00 5.60
5.60 5.60
18.00 10.80
18.80 15.20
16.00 10.00
11.20 19.60
18.40 15.60
18.40 14.40
13.20 4.40
18.00 9.20
9.60 14.00
14.40 8.80
6.40 8.40
19.60 4.80
12.00 15.60
6.40 4.40
14.40 5.60
10.00 6.40
17.20 19.60
8.00 17.20
18.00 14.80
6.00 11.60
4.00 4.00
4.00 17.60
15.60 18.80
8.00 20.00
15.60 11.60
11.60 14.40
15.20 6.00
10.80 18.00
18.40 12.80
9.60 17.60
12.80 4.80
16.40 4.40
16.00 12.80
18.40 14.80
4.00 11.20
17.60 10.80
6.80 16.00
17.60 17.20
16.40 11.60
12.80 15.60
9.20 5.60
13.20 9.60
10.40 14.80
12.00 19.20
4.00 12.00
9.60 15.60
13.60 10.80
6.00 12.00
12.00 14.80
15.20 18.40
10.00 8.00
8.00 19.60
8.80 12.40
16.00 16.00
11.60 13.60
13.60 8.00
8.00 12.40
5.60 8.80
18.40 7.20
10.40 18.00
10.00 8.40
9.60 12.00
12.80 8.80
8.40 8.00
9.20 18.80
4.40 13.60
4.40 7.60
6.40 5.60
12.80 6.40
