# nJobs | nMachines
150 2
# Job Weights
22
56
29
28
6
54
73
36
81
86
66
80
44
46
72
82
43
29
30
56
19
36
33
24
61
23
13
73
38
79
30
56
6
26
28
16
72
93
65
81
97
57
9
42
30
41
74
64
44
9
78
72
78
28
71
100
27
48
12
51
55
65
83
88
41
48
42
70
22
65
12
6
31
70
49
42
14
93
60
15
39
43
21
58
83
41
38
28
43
41
5
15
27
46
13
1
60
75
45
59
92
44
57
40
4
47
90
39
6
44
29
76
9
81
74
83
55
4
71
95
56
13
93
45
99
52
88
6
9
62
32
57
56
73
98
76
70
86
85
66
83
71
80
20
65
35
27
10
61
100
# P_bar : m1 | m2
32 43
35 28
29 19
34 12
22 15
42 49
41 46
15 19
46 22
45 21
21 27
37 26
40 27
40 47
47 21
23 27
28 33
11 26
44 15
22 19
45 48
38 21
49 42
10 12
37 29
48 36
21 38
33 19
43 24
14 15
34 13
21 35
23 43
43 42
18 43
23 39
49 44
15 25
44 39
27 21
19 24
47 28
29 40
44 39
27 11
21 48
37 27
25 50
42 47
15 25
36 25
30 16
44 23
49 46
38 12
32 35
39 38
35 30
38 26
20 46
44 45
20 31
39 46
18 12
32 15
27 13
38 26
29 46
43 41
24 34
25 33
24 26
22 20
15 42
21 48
23 24
25 17
23 22
43 27
14 10
19 36
27 47
29 41
37 45
17 27
38 29
19 26
33 37
18 36
43 27
13 48
26 27
25 17
12 42
34 25
19 39
34 30
16 13
34 46
22 39
23 29
39 37
16 16
40 14
37 27
24 37
31 31
32 14
18 10
22 37
18 33
29 35
25 39
48 50
20 29
24 41
36 11
27 28
33 41
17 50
48 50
37 10
31 13
36 49
21 38
18 45
24 17
33 48
26 17
21 13
15 38
34 48
31 12
12 18
28 37
49 24
23 39
50 10
31 32
24 20
10 18
17 22
20 41
49 27
28 37
14 14
28 14
34 43
27 28
19 33
# P_hat : m1 | m2
12.80 17.20
14.00 11.20
11.60 7.60
13.60 4.80
8.80 6.00
16.80 19.60
16.40 18.40
6.00 7.60
18.40 8.80
18.00 8.40
8.40 10.80
14.80 10.40
16.00 10.80
16.00 18.80
18.80 8.40
9.20 10.80
11.20 13.20
4.40 10.40
17.60 6.00
8.80 7.60
18.00 19.20
15.20 8.40
19.60 16.80
4.00 4.80
14.80 11.60
19.20 14.40
8.40 15.20
13.20 7.60
17.20 9.60
5.60 6.00
13.60 5.20
8.40 14.00
9.20 17.20
17.20 16.80
7.20 17.20
9.20 15.60
19.60 17.60
6.00 10.00
17.60 15.60
10.80 8.40
7.60 9.60
18.80 11.20
11.60 16.00
17.60 15.60
10.80 4.40
8.40 19.20
14.80 10.80
10.00 20.00
16.80 18.80
6.00 10.00
14.40 10.00
12.00 6.40
17.60 9.20
19.60 18.40
15.20 4.80
12.80 14.00
15.60 15.20
14.00 12.00
15.20 10.40
8.00 18.40
17.60 18.00
8.00 12.40
15.60 18.40
7.20 4.80
12.80 6.00
10.80 5.20
15.20 10.40
11.60 18.40
17.20 16.40
9.60 13.60
10.00 13.20
9.60 10.40
8.80 8.00
6.00 16.80
8.40 19.20
9.20 9.60
10.00 6.80
9.20 8.80
17.20 10.80
5.60 4.00
7.60 14.40
10.80 18.80
11.60 16.40
14.80 18.00
6.80 10.80
15.20 11.60
7.60 10.40
13.20 14.80
7.20 14.40
17.20 10.80
5.20 19.20
10.40 10.80
10.00 6.80
4.80 16.80
13.60 10.00
7.60 15.60
13.60 12.00
6.40 5.20
13.60 18.40
8.80 15.60
9.20 11.60
15.60 14.80
6.40 6.40
16.00 5.60
14.80 10.80
9.60 14.80
12.40 12.40
12.80 5.60
7.20 4.00
8.80 14.80
7.20 13.20
11.60 14.00
10.00 15.60
19.20 20.00
8.00 11.60
9.60 16.40
14.40 4.40
10.80 11.20
13.20 16.40
6.80 20.00
19.20 20.00
14.80 4.00
12.40 5.20
14.40 19.60
8.40 15.20
7.20 18.00
9.60 6.80
13.20 19.20
10.40 6.80
8.40 5.20
6.00 15.20
13.60 19.20
12.40 4.80
4.80 7.20
11.20 14.80
19.60 9.60
9.20 15.60
20.00 4.00
12.40 12.80
9.60 8.00
4.00 7.20
6.80 8.80
8.00 16.40
19.60 10.80
11.20 14.80
5.60 5.60
11.20 5.60
13.60 17.20
10.80 11.20
7.60 13.20
