# nJobs | nMachines
150 2
# Job Weights
93
59
43
64
75
73
93
1
13
71
63
81
7
93
77
61
57
51
60
27
92
28
86
85
33
69
81
31
23
91
69
62
95
51
21
45
70
89
22
77
57
4
14
94
96
18
76
16
86
22
52
57
7
78
23
27
23
4
94
36
30
32
7
57
22
15
38
91
43
99
97
15
62
95
7
67
24
28
62
93
50
17
86
56
17
85
47
89
82
88
14
24
35
79
82
64
69
98
38
88
87
23
71
56
100
91
85
72
89
79
86
17
19
17
29
23
38
68
42
46
51
37
60
86
78
8
19
99
32
88
14
13
84
87
97
63
18
54
17
9
46
89
98
26
93
98
6
88
15
74
# P_bar : m1 | m2
36 16
29 37
21 21
43 50
38 42
34 40
27 16
42 39
49 28
45 32
15 44
39 12
45 19
41 17
22 43
23 34
49 50
14 44
30 21
37 41
32 30
38 49
43 17
22 44
25 18
44 31
35 42
28 13
34 38
16 36
29 47
24 47
35 35
33 45
16 38
39 28
25 30
17 15
47 19
21 44
25 45
29 26
37 30
33 10
20 22
35 39
31 16
36 24
17 44
43 17
20 48
16 37
27 22
43 20
12 31
25 10
17 46
36 46
20 19
26 15
24 39
20 19
22 18
29 24
35 43
31 46
42 18
29 19
30 43
15 48
36 16
31 46
33 15
49 27
27 20
33 44
47 12
11 34
39 35
26 28
30 14
18 39
42 37
27 15
46 23
29 28
13 16
46 13
46 47
42 12
17 36
50 37
31 45
36 48
39 45
20 25
47 40
16 11
21 27
11 30
28 32
48 41
42 27
49 26
10 47
22 32
36 28
43 24
23 10
34 11
18 23
18 10
30 13
28 48
26 28
35 36
33 36
25 27
20 44
32 43
21 19
30 19
46 34
31 40
47 44
16 21
19 21
35 26
25 48
47 14
19 35
43 50
15 13
30 39
10 13
36 26
35 24
13 16
11 47
44 46
30 13
26 41
41 47
17 38
19 30
17 48
49 38
29 16
34 45
40 31
# P_hat : m1 | m2
16.54 28.10
11.58 39.02
1.59 39.05
55.33 48.38
19.95 41.20
3.56 9.58
12.47 25.68
67.36 19.26
83.45 50.38
43.48 58.29
12.48 83.01
76.27 12.49
18.05 25.73
17.66 26.47
12.84 11.27
7.95 40.87
37.18 3.43
25.50 43.79
36.92 6.50
30.48 15.00
59.80 21.90
3.68 42.38
18.08 21.19
24.90 6.55
30.78 18.13
3.48 11.32
28.21 48.21
36.35 16.57
47.47 42.31
20.42 53.16
18.59 31.55
4.49 71.92
29.90 30.29
8.50 43.58
30.32 49.26
37.06 1.03
15.86 39.24
26.05 18.56
46.81 11.77
13.02 7.55
40.60 8.18
50.29 48.01
49.80 41.36
3.10 2.54
22.65 15.70
53.43 46.21
8.46 26.74
16.46 2.10
30.00 20.82
1.73 30.25
30.11 0.88
15.16 14.90
24.13 42.20
0.61 24.54
19.67 16.22
17.99 1.34
18.39 2.59
48.77 22.52
28.11 33.50
49.71 12.48
25.50 56.19
15.99 34.89
41.96 14.69
37.24 9.18
20.87 44.47
7.84 83.54
70.77 28.96
21.01 2.50
39.63 59.56
14.12 54.90
14.32 29.04
37.30 11.27
4.01 16.02
40.51 47.49
29.52 16.40
28.78 42.42
70.38 1.69
18.21 18.91
60.16 22.72
2.02 52.93
11.65 7.91
19.32 35.95
78.53 49.68
45.09 4.87
77.51 22.38
17.59 41.36
11.17 27.74
43.30 16.28
14.48 62.89
2.61 3.03
32.19 68.10
24.07 9.81
14.88 69.72
6.00 25.42
72.42 84.02
23.19 36.00
62.70 60.31
29.17 4.82
14.52 23.92
13.67 37.07
2.17 49.28
17.93 8.52
69.82 51.97
75.14 46.29
7.01 25.41
16.58 52.66
38.42 29.03
0.02 22.17
11.10 6.29
14.16 12.78
9.02 33.57
29.01 8.22
16.78 16.36
10.73 67.13
26.22 39.82
60.60 3.74
15.93 61.90
3.93 24.75
14.26 23.09
47.85 20.79
23.13 18.35
49.01 33.70
88.28 25.73
49.15 59.98
56.76 8.52
15.79 19.99
1.52 41.65
68.90 40.06
19.17 20.21
14.31 14.04
25.33 16.35
24.45 40.96
17.57 20.28
35.21 60.16
8.91 5.93
60.20 47.96
18.55 28.44
11.66 12.16
11.83 47.18
58.40 55.67
47.04 14.56
20.53 39.89
52.98 47.46
5.12 13.41
35.44 48.76
13.02 52.01
71.49 9.96
1.18 24.52
13.95 83.92
38.97 58.73
