# nJobs | nMachines
150 2
# Job Weights
1
13
87
76
37
71
92
58
74
50
100
30
83
32
42
8
92
96
11
28
11
75
65
36
38
28
73
24
31
26
61
48
36
49
23
16
68
21
70
91
2
47
83
39
43
69
47
85
52
83
76
20
10
1
77
42
57
71
29
61
18
4
91
78
41
39
30
80
15
23
23
25
47
2
3
17
20
23
27
32
13
60
18
67
34
45
74
29
45
12
31
67
59
64
37
88
94
83
23
8
99
87
59
74
76
4
50
71
74
70
59
60
60
21
69
48
74
58
13
69
2
42
61
29
95
2
24
97
92
26
50
32
34
7
74
67
90
57
2
99
38
94
78
34
68
84
89
19
47
69
# P_bar : m1 | m2
41 27
26 26
16 26
22 29
25 15
10 44
39 25
36 49
23 26
46 11
16 39
47 17
13 18
44 10
35 40
14 21
10 32
43 20
21 39
47 44
46 35
21 50
42 38
24 26
23 13
30 11
42 40
42 32
23 27
17 14
35 15
12 35
19 36
10 10
15 35
36 20
21 36
31 21
31 50
50 16
46 26
46 30
32 38
49 48
33 26
11 20
32 24
30 20
21 17
38 39
42 49
18 39
38 10
42 40
49 30
20 26
40 33
38 43
35 22
24 49
20 13
44 26
48 13
42 26
36 12
26 12
30 29
36 28
43 41
47 14
16 21
15 30
12 18
22 49
17 22
14 26
23 42
45 12
25 44
31 31
23 36
27 26
26 42
19 40
47 31
31 42
16 23
45 49
35 23
48 37
27 21
36 15
22 21
14 28
27 14
33 16
41 35
44 39
40 30
34 15
39 18
10 43
14 33
50 26
38 25
32 19
35 41
39 20
19 38
24 29
41 19
15 12
13 15
30 39
42 12
33 19
33 17
33 47
16 44
22 38
12 17
46 37
11 16
23 50
36 33
16 36
10 29
36 15
42 39
13 38
44 42
23 46
20 18
16 26
29 43
46 41
13 49
30 34
50 41
41 39
36 48
46 16
45 10
45 27
10 22
50 34
19 11
21 11
17 27
31 23
# P_hat : m1 | m2
72.68 50.09
14.12 21.18
1.25 51.94
37.30 33.59
43.19 1.27
11.92 51.63
44.81 13.73
58.54 3.18
36.17 42.68
81.89 6.07
17.69 62.13
90.96 9.80
25.90 7.00
10.26 19.48
59.47 28.93
14.00 25.26
7.75 39.04
52.72 22.42
2.35 71.35
47.61 59.35
80.12 28.26
8.97 86.24
35.82 13.76
45.10 28.30
19.71 24.71
21.50 13.76
37.01 65.36
43.63 41.83
29.07 45.33
27.22 26.45
31.65 8.19
19.62 11.88
20.28 34.85
6.77 14.04
19.74 15.90
51.68 0.16
23.44 24.69
3.51 40.69
10.53 69.50
28.53 12.84
26.00 10.01
61.95 21.37
1.17 12.91
74.06 10.21
17.51 47.15
6.82 39.91
33.79 7.88
12.96 2.18
37.15 11.21
6.49 36.01
37.33 20.07
30.58 23.51
46.80 4.02
24.56 61.94
41.23 42.75
28.27 33.02
77.86 25.56
67.88 78.18
23.97 42.66
47.91 17.02
0.14 5.80
2.43 27.33
79.09 2.37
16.75 22.70
4.38 13.96
12.33 12.53
25.57 19.19
52.60 30.38
53.69 78.62
22.34 5.77
16.10 27.50
27.79 2.60
19.56 2.39
14.22 54.08
33.40 4.62
19.84 1.16
2.87 14.41
3.16 13.56
8.42 61.89
45.13 12.55
8.45 48.11
27.62 9.49
4.85 51.53
34.99 32.96
32.33 40.54
56.30 83.58
30.24 43.14
0.55 0.42
32.49 40.73
2.37 4.92
49.07 40.03
37.33 8.45
3.30 16.05
3.09 5.13
20.71 3.14
62.06 23.26
56.82 66.10
76.35 47.64
29.32 42.95
2.94 22.86
76.00 9.46
0.34 3.89
26.53 0.12
36.87 18.23
0.77 12.07
44.11 2.37
68.64 14.72
75.32 4.98
6.12 69.53
8.70 8.14
46.37 20.43
19.12 14.23
19.22 16.30
10.86 7.73
80.56 7.65
42.16 1.95
55.91 13.45
35.64 17.73
13.26 49.42
43.00 52.65
13.97 18.09
79.75 32.13
20.97 12.39
31.07 84.17
39.52 14.48
0.11 52.86
0.80 43.93
14.46 12.58
15.62 23.19
6.62 35.76
26.83 7.83
16.56 4.23
16.82 4.02
3.16 9.73
2.46 43.36
62.00 69.63
13.97 23.09
26.65 63.59
63.44 78.30
67.87 74.79
30.79 80.41
58.98 11.64
85.82 1.45
75.57 30.72
8.52 24.58
64.47 57.80
6.73 21.91
23.54 11.18
33.37 18.64
32.14 8.55
