# nJobs | nMachines
150 2
# Job Weights
52
61
41
73
48
87
21
20
98
7
3
56
68
83
78
35
18
46
2
68
11
58
50
14
66
56
19
5
49
74
41
92
39
63
56
32
87
12
84
64
64
13
43
35
6
42
1
92
97
65
49
32
14
17
90
80
11
19
3
30
98
67
34
5
41
8
46
54
37
14
95
8
28
97
61
23
13
87
68
6
12
56
19
12
18
66
93
51
41
56
69
12
95
62
25
44
16
16
7
34
94
65
76
45
79
68
69
31
91
34
8
53
59
43
60
20
61
42
71
16
74
68
49
81
15
26
15
85
6
45
94
19
71
24
11
26
68
41
59
73
28
34
17
66
12
52
91
44
14
88
# P_bar : m1 | m2
20 14
16 40
35 25
38 24
43 44
34 10
46 14
38 44
12 48
41 15
26 19
28 14
21 47
15 42
18 27
18 23
40 22
40 48
12 29
33 45
46 30
37 30
30 46
30 18
25 18
38 35
13 22
26 29
26 32
46 28
40 18
29 41
19 43
33 41
24 39
10 41
35 42
14 14
17 28
49 25
32 39
17 26
41 35
37 37
11 47
44 27
42 16
28 34
10 50
46 45
48 48
37 23
27 36
24 43
15 26
35 18
27 21
14 15
39 41
41 21
33 47
30 23
42 11
10 29
26 12
16 48
44 28
50 29
42 48
13 41
15 39
37 15
44 34
35 38
36 40
11 32
33 24
39 46
42 13
41 37
41 17
17 46
33 47
17 42
18 26
21 23
28 43
18 22
39 20
15 11
45 47
34 26
29 49
35 50
23 45
18 17
31 28
11 44
16 26
20 31
17 39
17 49
47 29
10 29
47 42
24 22
17 11
24 26
45 23
34 39
29 26
30 33
13 43
11 48
19 27
10 32
23 28
23 21
44 49
39 13
25 35
19 43
49 23
48 42
22 50
23 21
45 16
36 15
46 15
43 35
46 44
50 27
17 13
33 14
15 45
39 20
14 13
13 50
13 26
44 27
27 25
41 11
34 46
28 41
29 19
22 26
42 50
33 26
25 50
50 25
# P_hat : m1 | m2
1.53 8.62
13.75 10.11
4.42 38.04
59.97 40.84
45.54 22.62
1.97 8.14
3.73 13.96
46.56 46.93
19.35 63.31
35.90 1.25
28.84 27.42
44.79 1.74
25.64 44.02
6.74 69.52
22.07 24.37
22.62 6.86
58.73 43.34
49.67 85.37
23.26 44.74
13.02 37.04
87.50 11.03
39.84 56.48
40.32 48.98
5.97 30.68
19.03 12.32
58.47 23.47
18.38 43.36
2.09 30.27
28.42 9.00
8.12 12.30
79.67 17.35
52.04 3.48
0.80 39.78
56.67 34.35
44.13 60.79
7.07 29.11
50.37 82.53
12.38 5.06
22.28 33.10
33.35 4.48
20.64 57.24
14.43 51.73
11.94 57.34
61.50 41.12
7.67 45.57
35.21 45.09
75.10 29.95
27.81 67.27
10.89 39.65
88.00 89.18
85.13 14.97
12.54 11.66
25.55 6.41
46.62 23.37
11.17 39.93
26.01 30.71
10.53 32.71
3.20 18.93
57.74 42.15
63.14 29.77
63.95 36.74
46.41 38.70
20.44 14.90
0.80 40.47
51.24 12.86
10.89 84.98
27.45 14.11
90.60 22.11
49.15 74.65
5.59 40.41
26.67 69.36
73.51 10.39
7.63 25.11
60.36 67.54
28.12 37.15
11.53 33.03
60.38 15.97
75.92 25.45
22.02 17.05
17.45 8.87
6.60 29.90
19.10 71.69
0.90 17.93
14.00 58.30
2.64 31.34
17.02 8.49
2.24 23.50
30.07 18.00
16.36 27.97
9.85 14.05
78.30 50.03
50.75 39.96
12.70 74.28
5.03 61.79
32.92 70.83
14.07 11.36
47.50 49.35
9.80 54.11
11.07 42.76
18.05 33.87
25.45 17.04
30.68 53.16
4.68 21.52
10.48 40.45
3.09 39.97
22.48 36.79
30.10 14.92
17.36 35.60
83.92 9.99
42.88 76.77
54.18 43.77
45.43 52.07
2.69 28.40
5.09 51.42
14.98 7.40
3.40 34.46
22.77 8.17
21.68 23.23
84.15 63.57
33.83 10.15
39.28 34.90
35.79 75.31
85.94 4.99
20.03 66.51
21.83 17.08
16.00 1.54
35.99 5.94
25.98 22.95
76.03 12.15
38.88 61.08
48.18 46.17
98.24 1.20
2.04 18.63
32.21 3.09
23.22 71.04
11.79 6.72
17.12 8.98
6.23 76.13
22.55 49.62
28.78 20.06
17.77 41.47
49.05 4.20
12.48 74.26
15.95 53.91
24.16 7.32
15.56 15.73
44.09 13.18
39.58 19.91
28.33 20.36
65.42 32.20
