# nJobs | nMachines
150 2
# Job Weights
15
73
65
14
71
66
61
77
31
61
50
22
3
70
96
9
87
76
9
21
1
86
54
12
64
50
86
72
22
64
58
5
44
7
11
32
16
3
66
95
39
31
31
2
87
20
92
37
94
24
98
41
63
46
69
33
89
63
75
85
93
35
3
2
91
85
94
99
84
51
86
98
21
58
59
45
43
39
31
77
17
80
62
28
30
51
29
55
17
74
93
36
10
100
60
43
20
21
11
63
72
40
96
49
96
62
26
66
93
42
10
7
65
28
98
73
74
15
33
91
67
41
48
99
27
47
25
38
96
14
71
96
70
42
53
5
34
77
61
72
96
13
34
19
48
89
76
65
51
32
# P_bar : m1 | m2
12 32
16 35
17 24
41 11
15 25
42 14
44 22
26 22
35 33
42 45
38 19
47 27
21 34
20 13
40 25
20 12
30 25
31 23
29 44
34 26
37 35
17 37
27 38
43 32
13 45
10 30
47 40
18 36
31 10
24 42
47 49
15 31
22 31
25 21
11 31
12 13
23 25
29 46
36 27
30 14
17 27
49 16
15 45
13 50
32 32
36 11
18 11
10 42
30 25
43 24
27 41
21 15
17 35
11 12
45 35
22 34
25 13
26 45
39 36
31 44
27 17
33 37
20 47
15 20
10 19
19 35
45 26
13 20
23 21
29 35
10 42
49 20
17 34
27 37
34 35
20 21
23 39
47 40
21 22
34 11
47 19
24 19
50 36
13 44
49 13
36 16
30 46
45 10
14 33
22 45
17 38
43 48
27 47
36 26
48 25
18 43
19 30
14 33
10 12
38 45
19 41
39 29
22 20
21 25
41 33
38 46
30 17
29 18
46 27
14 10
29 37
34 11
11 12
41 13
38 39
14 12
26 47
15 28
48 36
17 35
38 12
28 21
12 43
23 13
49 42
45 12
36 15
17 38
28 41
45 30
21 11
22 39
37 12
36 17
28 17
26 33
33 26
41 43
44 38
20 19
48 29
42 18
42 13
14 31
36 29
17 33
35 43
11 45
23 33
19 45
# P_hat : m1 | m2
8.17 22.32
2.29 7.77
13.93 38.80
25.52 20.85
20.31 3.62
50.89 26.74
32.08 22.99
11.33 13.18
69.16 5.07
38.14 45.06
52.31 30.19
13.21 38.18
20.39 3.42
1.10 1.90
40.44 20.14
38.56 7.09
23.05 11.62
2.42 12.93
1.80 70.71
26.38 48.32
11.84 28.36
0.79 67.05
40.84 24.43
39.43 30.49
7.52 20.34
18.00 38.43
10.92 78.32
34.41 43.45
19.47 7.16
42.64 54.42
56.68 12.05
24.80 55.10
43.30 31.19
14.42 18.87
21.14 36.32
9.35 16.24
17.73 3.59
19.74 62.80
38.98 13.06
9.25 19.99
18.83 44.42
53.09 25.73
22.86 49.73
21.67 52.02
28.19 9.14
21.77 17.06
9.34 5.97
3.89 41.72
3.46 14.21
29.45 6.42
14.59 51.62
40.59 1.63
18.96 52.41
7.64 7.62
52.24 0.01
6.12 34.76
22.20 1.22
32.56 24.86
38.13 50.90
24.91 5.52
53.67 28.54
58.10 0.28
24.94 23.20
17.08 29.64
12.41 12.02
7.65 7.13
35.56 18.73
1.03 10.82
21.88 35.39
31.50 21.93
4.55 66.27
94.47 35.67
30.92 29.50
39.00 67.34
36.27 26.41
34.80 40.49
6.01 6.96
74.31 54.96
5.24 21.73
54.01 8.53
25.92 24.04
42.10 26.75
94.40 0.31
3.87 14.69
45.34 18.54
70.63 21.32
29.00 88.88
77.72 15.22
16.48 62.75
16.51 63.23
9.72 22.65
17.48 10.12
41.14 73.49
27.83 33.50
49.08 2.41
17.72 30.96
21.94 57.41
24.24 33.03
19.61 10.39
30.98 41.19
31.45 17.13
59.63 21.39
25.24 14.79
40.15 2.62
16.44 50.66
8.30 38.32
51.24 27.95
25.47 30.61
77.92 11.45
25.01 13.15
3.62 34.95
60.08 19.36
9.86 5.18
41.86 17.62
47.62 47.40
25.94 7.09
0.99 12.84
14.31 36.49
66.02 53.18
24.57 22.09
52.63 15.48
7.53 16.60
7.19 61.34
16.50 5.18
78.83 74.78
25.09 6.90
15.17 11.03
32.55 4.41
0.50 9.14
89.80 30.95
28.43 5.89
36.45 65.17
21.80 0.35
1.03 12.89
41.32 11.47
43.38 1.28
48.87 6.47
11.71 35.57
66.30 37.46
30.76 15.36
63.22 30.79
64.35 21.42
71.06 0.26
17.18 28.77
6.38 55.88
16.58 34.26
5.44 58.27
8.97 28.07
18.73 51.08
2.51 69.56
