# nJobs | nMachines
150 2
# Job Weights
99
52
10
62
88
97
95
51
88
48
13
41
35
40
39
16
58
19
89
53
43
66
98
69
78
19
98
75
44
21
89
14
43
27
1
36
99
7
28
8
37
100
25
48
68
29
85
24
39
16
28
2
5
2
74
92
81
19
52
42
82
4
15
39
52
26
4
84
30
51
23
55
19
75
93
35
44
4
44
25
6
75
9
2
51
100
42
15
87
67
86
72
82
87
96
40
43
59
28
48
100
49
18
80
75
5
96
43
42
67
4
61
51
63
35
1
68
5
96
57
68
65
26
7
51
55
31
25
16
51
20
25
16
4
16
11
39
58
89
57
53
69
22
80
44
21
29
80
3
82
# P_bar : m1 | m2
24 28
30 42
12 44
13 25
29 25
45 49
12 44
11 19
38 23
25 45
41 45
45 22
10 23
44 15
38 43
17 47
42 26
43 29
43 32
15 10
12 43
35 20
38 17
11 15
40 11
39 40
11 34
19 44
24 18
10 42
14 50
13 45
25 27
29 27
34 35
48 47
17 23
38 40
17 37
29 50
44 40
36 44
38 18
50 26
10 30
37 45
49 19
41 26
20 21
28 16
15 11
42 29
12 39
13 39
47 25
25 14
25 29
30 28
50 13
11 30
49 37
38 47
35 34
25 26
14 15
25 43
19 38
21 16
25 13
33 14
22 22
50 48
22 33
23 33
20 35
34 37
35 33
39 19
31 10
23 45
17 35
42 20
38 24
19 38
23 10
38 31
42 24
46 10
15 45
11 44
43 12
17 38
10 30
18 40
17 23
22 48
19 39
46 46
25 41
43 46
39 30
42 18
46 23
46 14
46 32
20 33
11 32
33 30
36 13
25 10
11 23
21 49
30 43
41 45
16 31
28 40
42 47
49 13
13 48
14 15
13 18
28 37
22 15
43 14
33 28
18 23
36 36
32 27
44 39
20 49
49 15
44 25
27 11
14 40
48 43
49 14
43 45
42 42
12 42
20 41
26 12
31 32
33 45
34 48
33 37
47 35
39 10
48 13
47 12
47 25
# P_hat : m1 | m2
81.60 87.85
23.55 100.56
6.03 72.89
50.10 95.79
12.53 54.11
86.13 118.60
28.11 38.81
23.82 47.55
13.08 52.59
5.70 33.27
17.30 10.73
105.41 53.18
21.77 70.26
41.14 31.40
96.94 39.00
55.76 125.31
6.99 8.33
85.68 51.25
118.56 20.91
15.14 7.38
14.77 34.79
85.91 30.94
136.49 3.48
35.64 23.87
93.30 22.52
113.91 77.33
16.05 52.06
48.71 147.69
44.75 10.46
7.60 84.96
39.30 12.41
28.94 12.81
35.86 61.98
105.72 61.13
2.85 122.92
60.63 104.88
3.87 88.30
116.51 7.79
47.74 14.51
38.44 8.81
118.92 29.64
57.01 95.26
114.95 46.48
90.84 4.74
16.49 113.52
138.34 151.59
49.17 22.54
19.75 8.03
46.76 14.27
108.56 8.12
22.67 5.42
10.42 60.15
16.29 38.35
26.31 55.87
30.44 98.95
65.81 38.32
99.77 110.08
54.21 15.97
70.95 19.87
17.63 66.57
22.57 11.36
134.26 0.79
58.08 91.18
38.73 66.75
36.94 24.65
44.20 84.22
49.27 63.15
5.16 1.54
81.37 17.44
124.15 9.92
57.09 8.66
190.91 183.69
13.33 79.12
43.92 96.18
48.14 44.15
79.12 58.19
56.20 31.27
52.74 7.37
15.73 7.16
36.04 143.55
11.06 94.86
123.37 43.75
31.74 45.61
4.45 140.21
50.82 2.91
90.47 34.79
146.48 33.59
106.16 31.30
20.73 178.65
35.33 42.36
92.93 41.97
5.39 126.25
22.63 26.96
65.38 63.89
26.95 37.69
26.08 187.82
10.90 28.22
27.87 147.05
43.28 54.81
102.46 134.48
12.58 50.40
157.85 41.64
138.94 76.60
107.94 45.03
152.43 110.90
6.41 7.87
20.98 88.58
83.17 16.80
119.33 21.62
78.35 21.94
12.19 37.05
79.03 101.84
14.92 171.40
143.52 24.34
62.14 83.76
19.84 63.36
121.31 25.01
7.90 8.25
21.08 182.26
28.91 52.78
30.19 65.31
104.82 146.75
59.16 12.50
82.78 19.90
106.88 74.95
68.44 44.51
3.18 60.25
125.76 38.64
15.16 92.63
65.15 112.82
54.95 9.69
23.26 47.17
47.50 24.35
36.06 91.25
73.14 36.14
10.69 41.57
103.11 4.54
151.60 59.61
18.39 131.08
17.31 92.48
46.03 12.54
6.00 88.95
108.30 102.13
112.38 152.88
77.62 108.78
66.38 85.42
124.77 19.53
106.50 6.93
155.28 12.54
118.71 41.91
