# nJobs | nMachines
150 2
# Job Weights
90
61
89
29
61
82
43
87
44
1
94
19
79
89
3
8
8
42
86
62
84
68
66
3
55
100
52
37
66
69
89
40
66
66
49
20
85
92
15
29
26
83
50
88
44
25
49
24
100
33
4
85
86
66
2
87
43
44
69
44
36
72
14
22
38
29
91
95
85
96
8
92
2
48
72
80
15
82
36
84
38
72
72
77
26
26
91
95
93
85
100
89
47
59
40
6
45
36
2
92
55
1
86
8
55
80
36
37
47
73
58
17
10
55
36
44
55
22
12
32
30
13
1
32
15
84
44
21
9
5
30
40
40
86
85
30
97
83
49
13
46
55
97
4
64
20
39
48
21
34
# P_bar : m1 | m2
10 28
14 22
38 48
21 18
40 27
31 44
20 44
45 20
25 29
21 22
33 21
15 47
25 31
12 24
17 34
43 45
48 22
31 11
46 20
40 41
45 42
32 46
40 12
34 35
39 45
37 30
21 33
14 34
10 45
38 41
36 34
13 41
22 39
28 45
10 12
37 15
47 33
29 33
12 27
43 31
20 21
17 33
34 49
42 14
33 17
39 14
19 32
38 20
43 46
25 28
23 49
28 29
29 25
42 40
49 12
29 31
35 48
28 43
10 23
45 28
18 32
19 22
26 18
29 18
17 10
16 35
31 11
16 38
14 39
20 26
35 30
19 40
34 49
27 35
30 46
46 25
49 46
34 27
18 44
10 14
14 14
45 27
47 38
40 25
28 49
46 39
46 36
33 11
45 23
24 35
36 22
16 21
49 12
30 39
16 11
36 14
25 16
43 49
20 43
45 37
15 29
10 10
10 44
39 47
20 50
39 29
29 36
38 15
27 45
46 32
24 44
32 12
41 11
40 32
46 37
10 28
44 27
17 40
44 43
41 29
32 39
23 14
33 24
26 37
30 48
10 30
24 39
34 27
15 30
30 37
38 46
25 20
20 49
22 31
40 40
29 34
34 20
20 31
14 22
46 18
26 45
25 21
24 30
32 22
21 20
23 47
11 34
11 19
16 14
32 16
# P_hat : m1 | m2
2.00 5.60
2.80 4.40
7.60 9.60
4.20 3.60
8.00 5.40
6.20 8.80
4.00 8.80
9.00 4.00
5.00 5.80
4.20 4.40
6.60 4.20
3.00 9.40
5.00 6.20
2.40 4.80
3.40 6.80
8.60 9.00
9.60 4.40
6.20 2.20
9.20 4.00
8.00 8.20
9.00 8.40
6.40 9.20
8.00 2.40
6.80 7.00
7.80 9.00
7.40 6.00
4.20 6.60
2.80 6.80
2.00 9.00
7.60 8.20
7.20 6.80
2.60 8.20
4.40 7.80
5.60 9.00
2.00 2.40
7.40 3.00
9.40 6.60
5.80 6.60
2.40 5.40
8.60 6.20
4.00 4.20
3.40 6.60
6.80 9.80
8.40 2.80
6.60 3.40
7.80 2.80
3.80 6.40
7.60 4.00
8.60 9.20
5.00 5.60
4.60 9.80
5.60 5.80
5.80 5.00
8.40 8.00
9.80 2.40
5.80 6.20
7.00 9.60
5.60 8.60
2.00 4.60
9.00 5.60
3.60 6.40
3.80 4.40
5.20 3.60
5.80 3.60
3.40 2.00
3.20 7.00
6.20 2.20
3.20 7.60
2.80 7.80
4.00 5.20
7.00 6.00
3.80 8.00
6.80 9.80
5.40 7.00
6.00 9.20
9.20 5.00
9.80 9.20
6.80 5.40
3.60 8.80
2.00 2.80
2.80 2.80
9.00 5.40
9.40 7.60
8.00 5.00
5.60 9.80
9.20 7.80
9.20 7.20
6.60 2.20
9.00 4.60
4.80 7.00
7.20 4.40
3.20 4.20
9.80 2.40
6.00 7.80
3.20 2.20
7.20 2.80
5.00 3.20
8.60 9.80
4.00 8.60
9.00 7.40
3.00 5.80
2.00 2.00
2.00 8.80
7.80 9.40
4.00 10.00
7.80 5.80
5.80 7.20
7.60 3.00
5.40 9.00
9.20 6.40
4.80 8.80
6.40 2.40
8.20 2.20
8.00 6.40
9.20 7.40
2.00 5.60
8.80 5.40
3.40 8.00
8.80 8.60
8.20 5.80
6.40 7.80
4.60 2.80
6.60 4.80
5.20 7.40
6.00 9.60
2.00 6.00
4.80 7.80
6.80 5.40
3.00 6.00
6.00 7.40
7.60 9.20
5.00 4.00
4.00 9.80
4.40 6.20
8.00 8.00
5.80 6.80
6.80 4.00
4.00 6.20
2.80 4.40
9.20 3.60
5.20 9.00
5.00 4.20
4.80 6.00
6.40 4.40
4.20 4.00
4.60 9.40
2.20 6.80
2.20 3.80
3.20 2.80
6.40 3.20
