# nJobs | nMachines
150 2
# Job Weights
26
60
50
88
100
35
56
71
17
12
69
12
86
68
47
63
4
24
100
10
69
31
67
17
55
53
28
79
66
20
54
90
36
28
36
1
36
2
27
61
100
6
20
21
64
74
56
54
64
58
55
50
71
58
60
51
91
95
76
73
96
23
99
68
95
78
83
100
66
90
52
89
53
13
75
19
1
60
16
18
78
39
15
84
85
34
15
84
42
88
11
82
41
23
13
42
71
87
16
48
47
8
96
77
83
80
99
76
14
75
15
4
19
4
77
84
78
29
99
79
12
34
10
21
14
61
33
64
81
1
81
32
41
24
24
83
73
97
5
17
14
61
69
20
77
10
25
69
79
60
# P_bar : m1 | m2
16 12
22 20
50 16
31 28
41 40
22 11
26 30
29 39
27 25
19 18
20 20
20 34
47 23
16 22
33 26
26 25
40 40
22 38
31 44
17 23
13 11
37 20
19 40
44 41
38 47
14 43
43 18
15 35
13 12
16 47
35 48
48 39
38 25
22 31
30 19
45 35
22 47
19 17
19 38
18 18
32 24
18 42
13 37
40 39
26 23
34 12
27 13
50 32
13 10
29 34
38 16
21 37
43 35
28 36
13 35
16 31
43 29
34 21
44 28
45 40
29 34
23 26
18 30
41 27
31 12
38 26
47 28
22 46
27 44
33 17
31 35
34 22
46 24
11 13
48 22
32 41
27 39
10 23
16 41
44 11
15 25
39 11
11 39
17 48
32 35
34 48
19 39
37 26
36 35
17 38
19 45
17 50
46 50
11 43
31 25
49 20
34 19
50 22
48 35
26 34
14 29
25 40
11 45
42 38
31 16
25 17
37 36
24 40
13 14
35 31
36 38
18 13
12 21
43 36
32 34
39 41
33 22
28 14
39 46
39 22
30 26
41 23
15 14
10 31
39 14
40 40
41 12
49 39
23 33
19 17
43 12
18 32
46 24
19 15
14 33
26 29
11 12
23 34
35 34
23 11
12 32
16 29
22 36
45 30
34 34
12 35
39 23
17 17
34 23
45 36
# P_hat : m1 | m2
48.53 41.62
2.16 46.29
4.42 28.07
40.13 81.23
80.14 77.87
67.80 38.43
71.06 108.08
51.72 65.79
29.55 27.68
75.78 42.65
34.09 72.99
36.11 28.65
30.76 57.31
50.87 55.58
91.57 76.24
22.96 13.16
13.18 114.53
59.88 138.17
81.16 31.62
18.58 21.85
49.44 42.74
22.36 14.48
32.86 136.70
166.08 80.73
63.80 46.48
35.76 149.77
68.39 32.06
16.45 72.07
51.17 17.24
26.20 111.47
125.17 31.40
44.15 61.01
32.39 96.94
2.74 32.01
78.20 49.91
66.33 45.53
76.06 145.41
35.96 8.90
73.58 147.41
13.36 32.67
111.18 22.66
55.91 12.35
40.09 25.12
135.17 81.08
79.15 31.00
85.17 39.79
14.17 22.41
6.51 31.84
47.88 24.69
71.53 96.12
121.07 10.69
40.45 24.81
20.18 5.13
14.02 106.04
35.65 92.93
27.54 58.85
34.49 97.92
66.86 67.68
11.30 65.56
104.75 138.92
31.20 27.99
73.38 11.64
22.35 32.37
74.66 6.17
1.44 25.50
11.01 97.41
73.79 4.41
42.23 22.47
64.80 79.59
38.50 63.50
86.18 44.26
116.98 44.64
143.49 3.99
1.74 7.71
92.26 86.82
13.43 158.28
26.14 0.77
39.47 87.57
9.12 104.82
87.80 38.19
37.09 45.47
109.58 22.69
24.62 76.26
0.66 128.04
41.79 19.55
70.41 5.75
6.68 48.04
51.89 73.29
4.78 28.26
5.34 102.36
30.17 174.58
9.02 18.78
104.43 134.52
30.34 76.33
99.27 86.81
39.23 14.17
22.78 52.64
20.91 73.75
122.19 132.25
73.47 92.92
1.77 57.67
93.62 98.86
2.29 156.40
90.94 86.73
87.92 1.94
87.10 63.30
105.68 99.29
76.97 108.24
17.65 12.08
114.08 81.70
11.54 59.87
64.43 33.86
26.28 8.95
140.58 94.73
57.90 135.92
100.40 7.91
69.49 85.99
81.94 22.79
12.73 160.22
9.41 68.85
29.65 58.97
26.17 67.94
52.31 49.20
8.77 50.11
152.23 18.31
53.90 106.81
29.87 38.78
154.78 118.92
60.60 105.31
37.86 29.62
95.52 39.26
51.78 15.39
42.04 52.27
75.72 0.35
54.59 42.85
67.63 42.51
8.78 19.02
62.58 94.58
10.11 52.84
2.82 19.74
12.37 30.41
29.61 43.30
76.41 32.73
130.89 8.78
101.01 82.07
20.42 93.55
53.97 56.99
25.23 31.52
134.32 34.94
7.22 124.32
