# nJobs | nMachines
150 2
# Job Weights
93
59
43
64
75
73
93
1
13
71
63
81
7
93
77
61
57
51
60
27
92
28
86
85
33
69
81
31
23
91
69
62
95
51
21
45
70
89
22
77
57
4
14
94
96
18
76
16
86
22
52
57
7
78
23
27
23
4
94
36
30
32
7
57
22
15
38
91
43
99
97
15
62
95
7
67
24
28
62
93
50
17
86
56
17
85
47
89
82
88
14
24
35
79
82
64
69
98
38
88
87
23
71
56
100
91
85
72
89
79
86
17
19
17
29
23
38
68
42
46
51
37
60
86
78
8
19
99
32
88
14
13
84
87
97
63
18
54
17
9
46
89
98
26
93
98
6
88
15
74
# P_bar : m1 | m2
36 16
29 37
21 21
43 50
38 42
34 40
27 16
42 39
49 28
45 32
15 44
39 12
45 19
41 17
22 43
23 34
49 50
14 44
30 21
37 41
32 30
38 49
43 17
22 44
25 18
44 31
35 42
28 13
34 38
16 36
29 47
24 47
35 35
33 45
16 38
39 28
25 30
17 15
47 19
21 44
25 45
29 26
37 30
33 10
20 22
35 39
31 16
36 24
17 44
43 17
20 48
16 37
27 22
43 20
12 31
25 10
17 46
36 46
20 19
26 15
24 39
20 19
22 18
29 24
35 43
31 46
42 18
29 19
30 43
15 48
36 16
31 46
33 15
49 27
27 20
33 44
47 12
11 34
39 35
26 28
30 14
18 39
42 37
27 15
46 23
29 28
13 16
46 13
46 47
42 12
17 36
50 37
31 45
36 48
39 45
20 25
47 40
16 11
21 27
11 30
28 32
48 41
42 27
49 26
10 47
22 32
36 28
43 24
23 10
34 11
18 23
18 10
30 13
28 48
26 28
35 36
33 36
25 27
20 44
32 43
21 19
30 19
46 34
31 40
47 44
16 21
19 21
35 26
25 48
47 14
19 35
43 50
15 13
30 39
10 13
36 26
35 24
13 16
11 47
44 46
30 13
26 41
41 47
17 38
19 30
17 48
49 38
29 16
34 45
40 31
# P_hat : m1 | m2
14.09 6.73
6.42 18.44
5.10 4.52
16.73 8.01
7.26 19.04
7.53 3.82
5.08 4.92
7.71 7.91
12.89 0.58
18.20 5.56
2.71 5.84
10.22 4.12
15.09 9.01
5.52 2.28
3.05 17.45
10.73 0.94
17.73 13.45
4.04 1.55
9.72 9.81
0.54 15.71
9.89 9.87
9.68 20.19
11.73 5.50
3.95 21.32
1.02 6.43
4.25 14.33
16.64 10.86
5.72 0.76
7.93 10.04
0.42 2.28
0.54 13.92
8.61 11.34
9.42 10.90
8.39 0.23
1.94 3.70
14.52 6.88
2.10 14.26
1.61 2.88
10.83 4.03
3.01 15.72
3.09 13.59
9.36 3.89
12.04 6.16
13.60 1.09
4.18 10.63
1.28 2.55
4.24 2.97
17.64 0.31
5.07 4.88
15.26 6.63
0.07 4.83
4.15 1.48
0.51 5.22
12.24 0.10
5.52 1.31
12.11 4.04
4.59 17.74
8.25 21.05
9.45 8.12
8.76 5.12
0.78 1.02
4.66 7.44
2.64 7.61
6.81 9.59
7.97 10.93
9.02 5.36
7.49 7.61
2.38 6.91
7.56 21.09
6.23 3.74
11.95 1.81
5.24 4.87
15.44 5.94
22.35 2.52
2.83 0.67
0.65 21.97
17.42 0.15
4.55 14.20
18.87 6.39
11.57 11.78
9.01 3.88
4.77 17.58
0.58 17.13
3.33 0.07
10.57 0.87
9.11 3.51
3.62 5.35
17.08 5.77
6.43 10.81
11.86 3.64
0.75 3.39
10.34 14.89
11.63 21.76
12.48 6.45
19.32 11.13
2.78 1.08
11.71 11.18
2.64 2.77
4.63 1.95
4.71 6.63
9.58 5.35
21.18 10.70
4.27 7.91
21.40 0.11
0.30 17.88
9.77 11.41
5.92 5.13
6.76 0.64
5.89 3.77
15.99 5.25
0.43 2.76
3.17 1.62
12.85 1.19
5.54 13.85
2.59 2.17
7.43 6.41
6.36 12.55
11.44 7.56
7.62 8.50
8.08 9.04
10.38 5.34
6.98 0.06
1.34 1.33
4.07 17.63
10.25 1.71
1.26 7.42
9.00 9.66
13.42 3.52
3.35 8.89
13.88 3.98
6.85 15.43
20.24 23.55
6.61 4.81
7.73 1.69
3.87 4.35
10.12 5.33
9.67 5.65
0.75 0.39
0.69 4.49
11.65 18.18
4.03 2.95
0.27 6.18
14.82 9.02
0.28 16.23
5.66 11.23
4.58 6.54
23.74 2.23
7.02 2.02
1.08 20.72
11.03 9.01
