# nJobs | nMachines
150 2
# Job Weights
93
59
43
64
75
73
93
1
13
71
63
81
7
93
77
61
57
51
60
27
92
28
86
85
33
69
81
31
23
91
69
62
95
51
21
45
70
89
22
77
57
4
14
94
96
18
76
16
86
22
52
57
7
78
23
27
23
4
94
36
30
32
7
57
22
15
38
91
43
99
97
15
62
95
7
67
24
28
62
93
50
17
86
56
17
85
47
89
82
88
14
24
35
79
82
64
69
98
38
88
87
23
71
56
100
91
85
72
89
79
86
17
19
17
29
23
38
68
42
46
51
37
60
86
78
8
19
99
32
88
14
13
84
87
97
63
18
54
17
9
46
89
98
26
93
98
6
88
15
74
# P_bar : m1 | m2
36 16
29 37
21 21
43 50
38 42
34 40
27 16
42 39
49 28
45 32
15 44
39 12
45 19
41 17
22 43
23 34
49 50
14 44
30 21
37 41
32 30
38 49
43 17
22 44
25 18
44 31
35 42
28 13
34 38
16 36
29 47
24 47
35 35
33 45
16 38
39 28
25 30
17 15
47 19
21 44
25 45
29 26
37 30
33 10
20 22
35 39
31 16
36 24
17 44
43 17
20 48
16 37
27 22
43 20
12 31
25 10
17 46
36 46
20 19
26 15
24 39
20 19
22 18
29 24
35 43
31 46
42 18
29 19
30 43
15 48
36 16
31 46
33 15
49 27
27 20
33 44
47 12
11 34
39 35
26 28
30 14
18 39
42 37
27 15
46 23
29 28
13 16
46 13
46 47
42 12
17 36
50 37
31 45
36 48
39 45
20 25
47 40
16 11
21 27
11 30
28 32
48 41
42 27
49 26
10 47
22 32
36 28
43 24
23 10
34 11
18 23
18 10
30 13
28 48
26 28
35 36
33 36
25 27
20 44
32 43
21 19
30 19
46 34
31 40
47 44
16 21
19 21
35 26
25 48
47 14
19 35
43 50
15 13
30 39
10 13
36 26
35 24
13 16
11 47
44 46
30 13
26 41
41 47
17 38
19 30
17 48
49 38
29 16
34 45
40 31
# P_hat : m1 | m2
53.14 21.08
15.72 6.25
43.55 41.69
19.37 108.89
141.97 28.30
24.97 121.67
27.30 63.04
68.31 147.54
75.10 22.08
143.04 112.05
27.38 123.99
26.64 21.78
48.10 41.09
83.49 57.77
12.98 82.58
56.27 50.76
110.89 98.65
40.02 101.93
112.52 15.88
135.01 147.75
121.10 80.90
37.20 124.12
22.63 6.77
26.60 106.33
89.51 8.71
171.08 9.76
120.31 88.59
12.32 20.94
128.85 89.50
27.09 12.85
1.08 81.02
42.47 32.86
6.45 138.19
71.79 101.01
21.67 104.49
73.86 36.45
61.32 11.37
59.08 58.55
124.44 21.76
36.46 74.59
81.94 116.98
105.05 2.57
17.72 97.23
70.22 21.46
22.76 24.48
6.59 9.61
82.90 10.40
124.24 85.92
11.08 120.74
139.74 16.99
68.27 12.60
58.52 102.21
28.65 50.37
155.48 32.36
15.39 45.09
55.23 8.67
3.43 123.21
6.32 178.60
57.63 13.35
46.23 35.83
24.60 66.17
15.23 33.95
58.96 18.30
0.05 79.21
112.82 83.46
9.83 99.99
32.17 21.94
44.80 13.82
58.18 14.78
21.30 137.11
46.18 12.56
119.53 126.97
84.69 23.42
4.59 44.90
46.46 37.53
115.50 64.72
56.67 4.83
4.16 42.11
118.31 92.92
63.03 74.57
68.44 16.03
3.86 71.78
23.60 28.63
67.24 12.62
38.24 2.12
58.47 100.44
28.33 13.49
52.17 11.83
174.51 52.57
141.53 6.12
49.12 92.05
15.60 11.12
13.16 24.16
70.96 123.79
25.07 61.14
78.26 70.79
29.80 89.19
31.20 11.26
30.59 70.29
28.13 13.95
14.45 68.66
82.62 71.69
46.15 28.93
174.00 62.82
1.62 163.81
80.41 127.86
119.95 68.07
51.18 38.85
72.61 9.01
4.25 11.31
69.61 44.11
37.91 14.69
36.39 47.52
40.61 70.71
6.91 41.83
138.51 55.23
5.19 120.47
65.49 70.29
35.42 108.09
121.46 57.47
20.66 62.16
63.85 2.92
88.75 118.43
87.16 82.04
12.79 70.09
12.40 41.76
16.31 56.06
103.34 1.33
18.91 167.34
107.82 25.02
16.36 48.02
148.20 27.65
56.53 22.85
62.22 77.43
14.09 20.99
33.70 70.58
6.97 40.41
13.96 61.53
28.79 112.66
93.92 148.58
113.28 5.69
41.21 65.16
113.79 63.33
33.27 86.56
38.96 103.33
18.21 15.04
89.17 11.03
54.61 54.42
96.10 38.31
150.50 82.93
