# nJobs | nMachines
150 2
# Job Weights
90
61
89
29
61
82
43
87
44
1
94
19
79
89
3
8
8
42
86
62
84
68
66
3
55
100
52
37
66
69
89
40
66
66
49
20
85
92
15
29
26
83
50
88
44
25
49
24
100
33
4
85
86
66
2
87
43
44
69
44
36
72
14
22
38
29
91
95
85
96
8
92
2
48
72
80
15
82
36
84
38
72
72
77
26
26
91
95
93
85
100
89
47
59
40
6
45
36
2
92
55
1
86
8
55
80
36
37
47
73
58
17
10
55
36
44
55
22
12
32
30
13
1
32
15
84
44
21
9
5
30
40
40
86
85
30
97
83
49
13
46
55
97
4
64
20
39
48
21
34
# P_bar : m1 | m2
10 28
14 22
38 48
21 18
40 27
31 44
20 44
45 20
25 29
21 22
33 21
15 47
25 31
12 24
17 34
43 45
48 22
31 11
46 20
40 41
45 42
32 46
40 12
34 35
39 45
37 30
21 33
14 34
10 45
38 41
36 34
13 41
22 39
28 45
10 12
37 15
47 33
29 33
12 27
43 31
20 21
17 33
34 49
42 14
33 17
39 14
19 32
38 20
43 46
25 28
23 49
28 29
29 25
42 40
49 12
29 31
35 48
28 43
10 23
45 28
18 32
19 22
26 18
29 18
17 10
16 35
31 11
16 38
14 39
20 26
35 30
19 40
34 49
27 35
30 46
46 25
49 46
34 27
18 44
10 14
14 14
45 27
47 38
40 25
28 49
46 39
46 36
33 11
45 23
24 35
36 22
16 21
49 12
30 39
16 11
36 14
25 16
43 49
20 43
45 37
15 29
10 10
10 44
39 47
20 50
39 29
29 36
38 15
27 45
46 32
24 44
32 12
41 11
40 32
46 37
10 28
44 27
17 40
44 43
41 29
32 39
23 14
33 24
26 37
30 48
10 30
24 39
34 27
15 30
30 37
38 46
25 20
20 49
22 31
40 40
29 34
34 20
20 31
14 22
46 18
26 45
25 21
24 30
32 22
21 20
23 47
11 34
11 19
16 14
32 16
# P_hat : m1 | m2
0.62 5.53
0.49 0.56
17.28 9.65
2.00 6.06
16.43 6.08
8.44 16.48
0.78 7.85
21.50 6.35
3.09 2.70
9.03 8.24
2.79 5.73
6.40 4.80
0.17 4.52
3.07 8.98
6.54 8.20
20.10 4.86
21.82 10.64
12.70 3.93
20.43 9.57
3.98 8.76
6.39 9.98
4.62 20.65
7.54 3.15
6.69 12.38
10.62 5.67
2.96 6.70
7.26 2.04
1.17 3.50
1.55 0.02
9.56 0.80
14.34 16.61
4.81 4.97
7.10 12.93
2.18 18.88
2.74 3.30
1.62 1.15
8.87 12.01
6.00 9.90
0.24 9.87
5.89 11.93
9.56 10.24
8.11 9.46
5.99 8.37
0.91 4.54
2.96 0.58
7.65 6.28
9.00 1.91
2.68 3.28
16.42 18.76
1.36 8.36
11.28 9.64
5.34 6.86
11.24 10.68
7.19 6.80
15.38 5.22
2.78 1.37
2.56 18.64
13.13 18.22
4.59 2.09
19.97 6.02
5.63 2.65
7.68 7.77
0.90 4.82
4.85 5.72
2.67 0.98
5.09 3.71
5.52 0.23
1.19 6.12
4.18 10.92
8.14 11.15
6.69 10.00
1.26 8.71
3.34 23.35
3.21 12.59
4.50 21.39
14.78 6.59
14.72 5.95
11.83 0.71
3.26 15.97
4.12 0.85
1.43 2.12
10.55 7.19
18.82 10.72
3.60 7.51
1.54 4.07
20.32 7.40
7.89 11.11
11.28 5.33
0.57 8.37
8.28 16.15
5.69 8.38
0.45 6.21
14.94 1.15
3.61 13.00
3.09 3.43
1.45 4.22
1.84 3.92
6.41 12.95
0.90 7.19
20.49 9.61
0.05 2.86
2.42 4.03
0.62 4.09
6.00 2.00
9.26 10.91
3.15 9.55
14.00 7.88
3.91 2.08
10.01 12.56
12.57 5.55
10.61 20.52
8.86 5.54
10.96 2.76
3.91 5.25
3.82 13.64
4.58 0.51
7.21 6.41
3.16 6.73
16.72 19.79
6.95 0.17
15.23 10.78
8.49 5.18
9.86 5.82
11.45 1.58
0.74 23.34
1.29 7.77
5.58 11.98
3.86 3.19
5.58 7.25
13.79 7.94
8.05 1.72
4.28 1.06
9.62 20.52
4.89 3.72
9.78 3.90
5.10 8.58
15.46 7.69
5.69 0.96
5.34 6.34
18.67 1.07
4.44 0.82
5.42 0.55
10.18 12.51
5.81 1.30
8.34 0.45
10.82 10.29
3.43 14.35
4.08 2.49
6.44 2.95
13.52 0.32
