# nJobs | nMachines
150 2
# Job Weights
26
60
50
88
100
35
56
71
17
12
69
12
86
68
47
63
4
24
100
10
69
31
67
17
55
53
28
79
66
20
54
90
36
28
36
1
36
2
27
61
100
6
20
21
64
74
56
54
64
58
55
50
71
58
60
51
91
95
76
73
96
23
99
68
95
78
83
100
66
90
52
89
53
13
75
19
1
60
16
18
78
39
15
84
85
34
15
84
42
88
11
82
41
23
13
42
71
87
16
48
47
8
96
77
83
80
99
76
14
75
15
4
19
4
77
84
78
29
99
79
12
34
10
21
14
61
33
64
81
1
81
32
41
24
24
83
73
97
5
17
14
61
69
20
77
10
25
69
79
60
# P_bar : m1 | m2
16 12
22 20
50 16
31 28
41 40
22 11
26 30
29 39
27 25
19 18
20 20
20 34
47 23
16 22
33 26
26 25
40 40
22 38
31 44
17 23
13 11
37 20
19 40
44 41
38 47
14 43
43 18
15 35
13 12
16 47
35 48
48 39
38 25
22 31
30 19
45 35
22 47
19 17
19 38
18 18
32 24
18 42
13 37
40 39
26 23
34 12
27 13
50 32
13 10
29 34
38 16
21 37
43 35
28 36
13 35
16 31
43 29
34 21
44 28
45 40
29 34
23 26
18 30
41 27
31 12
38 26
47 28
22 46
27 44
33 17
31 35
34 22
46 24
11 13
48 22
32 41
27 39
10 23
16 41
44 11
15 25
39 11
11 39
17 48
32 35
34 48
19 39
37 26
36 35
17 38
19 45
17 50
46 50
11 43
31 25
49 20
34 19
50 22
48 35
26 34
14 29
25 40
11 45
42 38
31 16
25 17
37 36
24 40
13 14
35 31
36 38
18 13
12 21
43 36
32 34
39 41
33 22
28 14
39 46
39 22
30 26
41 23
15 14
10 31
39 14
40 40
41 12
49 39
23 33
19 17
43 12
18 32
46 24
19 15
14 33
26 29
11 12
23 34
35 34
23 11
12 32
16 29
22 36
45 30
34 34
12 35
39 23
17 17
34 23
45 36
# P_hat : m1 | m2
1.80 3.27
6.27 1.44
10.98 0.70
5.57 4.11
1.92 11.83
1.03 0.80
0.45 6.05
7.54 8.91
4.87 1.78
4.04 3.93
0.12 2.21
5.82 6.45
11.74 4.37
1.02 3.54
1.80 0.70
1.43 6.26
3.65 3.85
3.46 2.13
4.02 0.54
1.49 4.08
2.39 2.24
1.55 0.10
1.67 6.15
4.84 2.79
5.20 9.10
3.30 2.25
2.58 3.73
2.31 4.06
2.31 3.37
0.22 1.94
6.38 4.91
2.46 1.33
0.74 6.94
6.26 8.16
8.69 1.47
10.91 6.93
2.01 11.52
0.56 2.83
3.90 6.04
2.38 1.31
1.17 0.67
2.67 11.30
0.13 9.99
10.91 7.41
2.02 2.34
6.76 1.26
2.52 2.83
7.80 8.61
2.13 2.66
1.61 7.95
11.05 3.08
4.88 0.93
12.12 1.70
7.52 9.70
2.33 6.37
4.42 0.09
1.14 0.88
2.00 4.18
0.60 0.04
4.39 1.93
3.38 5.60
1.87 5.40
4.48 5.87
4.39 1.82
2.61 2.56
6.19 1.85
1.99 2.73
5.29 10.30
0.60 8.58
9.77 4.33
7.18 6.90
2.03 3.75
0.08 0.67
2.69 1.43
10.18 1.75
7.00 3.00
6.25 11.38
0.22 2.71
1.72 10.97
1.53 2.08
3.88 5.96
7.29 1.66
1.09 6.75
0.32 7.09
2.99 2.05
3.32 10.40
4.16 3.29
7.08 0.19
9.58 6.78
2.41 2.02
0.68 12.70
3.64 14.31
10.50 13.72
1.85 4.78
7.17 0.12
7.26 5.57
5.33 2.44
6.41 6.38
0.37 10.12
0.84 8.70
0.13 2.56
4.77 4.62
1.04 11.49
6.41 3.61
8.44 0.81
1.87 2.84
4.56 10.11
5.44 8.35
0.89 2.39
0.81 0.90
3.13 7.01
0.87 3.86
3.35 0.88
10.42 5.60
6.08 8.95
10.20 9.11
7.96 4.60
1.57 2.95
10.44 4.96
6.31 1.94
7.27 6.31
11.02 5.59
1.43 3.64
0.33 8.49
2.67 2.15
5.13 6.02
10.06 2.87
12.65 7.60
0.05 6.95
2.91 4.06
5.38 3.20
1.20 3.24
1.65 2.70
1.92 0.42
3.96 5.72
2.52 0.31
1.71 1.68
4.85 5.53
3.82 2.92
6.71 1.95
3.46 0.29
1.21 0.32
3.28 8.88
4.06 3.24
2.91 1.30
0.13 5.48
7.13 5.31
2.56 1.10
0.53 4.30
3.76 0.92
