# nJobs | nMachines
150 2
# Job Weights
90
61
89
29
61
82
43
87
44
1
94
19
79
89
3
8
8
42
86
62
84
68
66
3
55
100
52
37
66
69
89
40
66
66
49
20
85
92
15
29
26
83
50
88
44
25
49
24
100
33
4
85
86
66
2
87
43
44
69
44
36
72
14
22
38
29
91
95
85
96
8
92
2
48
72
80
15
82
36
84
38
72
72
77
26
26
91
95
93
85
100
89
47
59
40
6
45
36
2
92
55
1
86
8
55
80
36
37
47
73
58
17
10
55
36
44
55
22
12
32
30
13
1
32
15
84
44
21
9
5
30
40
40
86
85
30
97
83
49
13
46
55
97
4
64
20
39
48
21
34
# P_bar : m1 | m2
10 28
14 22
38 48
21 18
40 27
31 44
20 44
45 20
25 29
21 22
33 21
15 47
25 31
12 24
17 34
43 45
48 22
31 11
46 20
40 41
45 42
32 46
40 12
34 35
39 45
37 30
21 33
14 34
10 45
38 41
36 34
13 41
22 39
28 45
10 12
37 15
47 33
29 33
12 27
43 31
20 21
17 33
34 49
42 14
33 17
39 14
19 32
38 20
43 46
25 28
23 49
28 29
29 25
42 40
49 12
29 31
35 48
28 43
10 23
45 28
18 32
19 22
26 18
29 18
17 10
16 35
31 11
16 38
14 39
20 26
35 30
19 40
34 49
27 35
30 46
46 25
49 46
34 27
18 44
10 14
14 14
45 27
47 38
40 25
28 49
46 39
46 36
33 11
45 23
24 35
36 22
16 21
49 12
30 39
16 11
36 14
25 16
43 49
20 43
45 37
15 29
10 10
10 44
39 47
20 50
39 29
29 36
38 15
27 45
46 32
24 44
32 12
41 11
40 32
46 37
10 28
44 27
17 40
44 43
41 29
32 39
23 14
33 24
26 37
30 48
10 30
24 39
34 27
15 30
30 37
38 46
25 20
20 49
22 31
40 40
29 34
34 20
20 31
14 22
46 18
26 45
25 21
24 30
32 22
21 20
23 47
11 34
11 19
16 14
32 16
# P_hat : m1 | m2
4.49 10.81
8.09 21.27
21.69 33.46
6.98 1.50
12.62 23.30
3.31 21.14
7.34 3.03
4.48 10.99
19.16 12.10
20.29 19.31
32.01 4.28
12.98 38.84
15.02 17.29
8.41 1.31
4.85 33.04
27.12 23.07
21.87 6.40
14.94 5.16
34.86 17.16
11.28 12.50
14.31 8.09
29.59 5.94
2.25 3.57
16.51 27.30
35.60 21.22
22.58 6.82
11.47 5.48
3.50 11.31
3.43 42.30
32.38 14.06
20.13 33.60
6.69 19.89
2.19 6.99
0.45 40.10
9.64 5.52
13.95 10.65
28.35 32.46
2.31 1.66
8.20 2.61
40.10 22.33
11.51 5.92
2.14 6.08
19.78 1.93
32.19 0.31
13.41 13.17
34.31 1.88
12.32 14.97
34.17 12.12
26.81 19.70
3.28 0.76
7.12 38.39
5.65 0.30
26.36 19.05
31.94 35.73
33.14 5.19
8.73 16.60
6.44 22.90
21.18 16.74
4.74 20.41
10.16 25.03
11.10 10.75
0.77 13.53
8.48 16.68
13.59 17.32
2.52 5.09
15.75 15.85
6.48 3.07
2.09 36.44
2.85 5.57
15.38 15.08
14.89 8.48
10.74 11.16
0.71 19.84
0.93 34.96
13.37 2.53
37.57 14.46
43.38 3.80
2.95 4.17
9.69 19.34
9.13 7.15
5.43 3.62
37.33 8.54
6.28 3.30
37.42 7.58
21.04 47.36
43.30 36.84
31.12 12.06
11.99 6.28
42.22 20.92
6.61 0.22
11.96 17.84
11.21 19.92
37.50 1.10
27.88 6.30
3.28 10.57
28.73 7.53
18.46 0.23
2.74 12.62
7.74 19.35
12.72 25.64
4.57 21.26
9.83 9.95
6.43 12.65
27.99 25.30
19.53 26.67
14.71 11.76
23.25 6.09
16.51 14.66
23.48 38.40
8.31 15.95
22.74 26.54
7.00 2.73
13.38 5.98
30.25 22.24
18.11 19.06
6.08 27.73
19.56 16.51
12.62 14.84
10.05 33.20
2.40 4.94
9.60 15.00
10.91 4.86
5.54 10.36
9.22 28.93
12.00 23.24
0.57 23.82
14.00 22.48
30.07 9.24
2.28 24.30
17.93 8.82
25.26 10.32
10.48 10.09
14.02 12.78
9.04 0.28
20.19 25.93
0.21 17.38
23.52 8.91
13.23 29.98
0.54 12.57
16.94 15.54
25.45 6.28
10.52 11.95
12.05 26.04
29.12 12.83
15.06 14.36
13.39 17.49
8.78 3.14
9.51 8.70
7.31 5.52
15.20 13.87
