# nJobs | nMachines
150 2
# Job Weights
99
52
10
62
88
97
95
51
88
48
13
41
35
40
39
16
58
19
89
53
43
66
98
69
78
19
98
75
44
21
89
14
43
27
1
36
99
7
28
8
37
100
25
48
68
29
85
24
39
16
28
2
5
2
74
92
81
19
52
42
82
4
15
39
52
26
4
84
30
51
23
55
19
75
93
35
44
4
44
25
6
75
9
2
51
100
42
15
87
67
86
72
82
87
96
40
43
59
28
48
100
49
18
80
75
5
96
43
42
67
4
61
51
63
35
1
68
5
96
57
68
65
26
7
51
55
31
25
16
51
20
25
16
4
16
11
39
58
89
57
53
69
22
80
44
21
29
80
3
82
# P_bar : m1 | m2
24 28
30 42
12 44
13 25
29 25
45 49
12 44
11 19
38 23
25 45
41 45
45 22
10 23
44 15
38 43
17 47
42 26
43 29
43 32
15 10
12 43
35 20
38 17
11 15
40 11
39 40
11 34
19 44
24 18
10 42
14 50
13 45
25 27
29 27
34 35
48 47
17 23
38 40
17 37
29 50
44 40
36 44
38 18
50 26
10 30
37 45
49 19
41 26
20 21
28 16
15 11
42 29
12 39
13 39
47 25
25 14
25 29
30 28
50 13
11 30
49 37
38 47
35 34
25 26
14 15
25 43
19 38
21 16
25 13
33 14
22 22
50 48
22 33
23 33
20 35
34 37
35 33
39 19
31 10
23 45
17 35
42 20
38 24
19 38
23 10
38 31
42 24
46 10
15 45
11 44
43 12
17 38
10 30
18 40
17 23
22 48
19 39
46 46
25 41
43 46
39 30
42 18
46 23
46 14
46 32
20 33
11 32
33 30
36 13
25 10
11 23
21 49
30 43
41 45
16 31
28 40
42 47
49 13
13 48
14 15
13 18
28 37
22 15
43 14
33 28
18 23
36 36
32 27
44 39
20 49
49 15
44 25
27 11
14 40
48 43
49 14
43 45
42 42
12 42
20 41
26 12
31 32
33 45
34 48
33 37
47 35
39 10
48 13
47 12
47 25
# P_hat : m1 | m2
12.00 14.00
15.00 21.00
6.00 22.00
6.50 12.50
14.50 12.50
22.50 24.50
6.00 22.00
5.50 9.50
19.00 11.50
12.50 22.50
20.50 22.50
22.50 11.00
5.00 11.50
22.00 7.50
19.00 21.50
8.50 23.50
21.00 13.00
21.50 14.50
21.50 16.00
7.50 5.00
6.00 21.50
17.50 10.00
19.00 8.50
5.50 7.50
20.00 5.50
19.50 20.00
5.50 17.00
9.50 22.00
12.00 9.00
5.00 21.00
7.00 25.00
6.50 22.50
12.50 13.50
14.50 13.50
17.00 17.50
24.00 23.50
8.50 11.50
19.00 20.00
8.50 18.50
14.50 25.00
22.00 20.00
18.00 22.00
19.00 9.00
25.00 13.00
5.00 15.00
18.50 22.50
24.50 9.50
20.50 13.00
10.00 10.50
14.00 8.00
7.50 5.50
21.00 14.50
6.00 19.50
6.50 19.50
23.50 12.50
12.50 7.00
12.50 14.50
15.00 14.00
25.00 6.50
5.50 15.00
24.50 18.50
19.00 23.50
17.50 17.00
12.50 13.00
7.00 7.50
12.50 21.50
9.50 19.00
10.50 8.00
12.50 6.50
16.50 7.00
11.00 11.00
25.00 24.00
11.00 16.50
11.50 16.50
10.00 17.50
17.00 18.50
17.50 16.50
19.50 9.50
15.50 5.00
11.50 22.50
8.50 17.50
21.00 10.00
19.00 12.00
9.50 19.00
11.50 5.00
19.00 15.50
21.00 12.00
23.00 5.00
7.50 22.50
5.50 22.00
21.50 6.00
8.50 19.00
5.00 15.00
9.00 20.00
8.50 11.50
11.00 24.00
9.50 19.50
23.00 23.00
12.50 20.50
21.50 23.00
19.50 15.00
21.00 9.00
23.00 11.50
23.00 7.00
23.00 16.00
10.00 16.50
5.50 16.00
16.50 15.00
18.00 6.50
12.50 5.00
5.50 11.50
10.50 24.50
15.00 21.50
20.50 22.50
8.00 15.50
14.00 20.00
21.00 23.50
24.50 6.50
6.50 24.00
7.00 7.50
6.50 9.00
14.00 18.50
11.00 7.50
21.50 7.00
16.50 14.00
9.00 11.50
18.00 18.00
16.00 13.50
22.00 19.50
10.00 24.50
24.50 7.50
22.00 12.50
13.50 5.50
7.00 20.00
24.00 21.50
24.50 7.00
21.50 22.50
21.00 21.00
6.00 21.00
10.00 20.50
13.00 6.00
15.50 16.00
16.50 22.50
17.00 24.00
16.50 18.50
23.50 17.50
19.50 5.00
24.00 6.50
23.50 6.00
23.50 12.50
