# nJobs | nMachines
150 2
# Job Weights
26
60
50
88
100
35
56
71
17
12
69
12
86
68
47
63
4
24
100
10
69
31
67
17
55
53
28
79
66
20
54
90
36
28
36
1
36
2
27
61
100
6
20
21
64
74
56
54
64
58
55
50
71
58
60
51
91
95
76
73
96
23
99
68
95
78
83
100
66
90
52
89
53
13
75
19
1
60
16
18
78
39
15
84
85
34
15
84
42
88
11
82
41
23
13
42
71
87
16
48
47
8
96
77
83
80
99
76
14
75
15
4
19
4
77
84
78
29
99
79
12
34
10
21
14
61
33
64
81
1
81
32
41
24
24
83
73
97
5
17
14
61
69
20
77
10
25
69
79
60
# P_bar : m1 | m2
16 12
22 20
50 16
31 28
41 40
22 11
26 30
29 39
27 25
19 18
20 20
20 34
47 23
16 22
33 26
26 25
40 40
22 38
31 44
17 23
13 11
37 20
19 40
44 41
38 47
14 43
43 18
15 35
13 12
16 47
35 48
48 39
38 25
22 31
30 19
45 35
22 47
19 17
19 38
18 18
32 24
18 42
13 37
40 39
26 23
34 12
27 13
50 32
13 10
29 34
38 16
21 37
43 35
28 36
13 35
16 31
43 29
34 21
44 28
45 40
29 34
23 26
18 30
41 27
31 12
38 26
47 28
22 46
27 44
33 17
31 35
34 22
46 24
11 13
48 22
32 41
27 39
10 23
16 41
44 11
15 25
39 11
11 39
17 48
32 35
34 48
19 39
37 26
36 35
17 38
19 45
17 50
46 50
11 43
31 25
49 20
34 19
50 22
48 35
26 34
14 29
25 40
11 45
42 38
31 16
25 17
37 36
24 40
13 14
35 31
36 38
18 13
12 21
43 36
32 34
39 41
33 22
28 14
39 46
39 22
30 26
41 23
15 14
10 31
39 14
40 40
41 12
49 39
23 33
19 17
43 12
18 32
46 24
19 15
14 33
26 29
11 12
23 34
35 34
23 11
12 32
16 29
22 36
45 30
34 34
12 35
39 23
17 17
34 23
45 36
# P_hat : m1 | m2
0.41 4.66
5.84 5.58
13.52 3.39
9.88 12.69
14.88 2.22
10.73 2.71
6.71 0.17
4.68 9.14
10.74 0.70
2.57 1.07
4.39 1.18
0.78 11.04
0.60 8.58
7.70 6.42
13.79 12.51
9.05 4.69
8.18 5.71
1.91 16.50
2.42 4.92
2.13 11.08
3.57 0.07
13.22 9.70
6.27 0.86
6.16 18.27
18.14 12.40
5.17 21.35
11.92 0.66
4.59 9.69
2.73 5.82
1.98 12.29
6.23 15.11
18.19 13.57
0.27 5.68
1.28 9.73
0.69 5.55
0.92 15.77
9.41 1.07
6.68 2.39
4.50 18.06
0.88 8.01
7.87 5.47
4.26 13.02
1.13 5.13
8.68 3.67
5.18 5.33
10.47 2.12
8.57 3.79
1.13 1.24
2.43 4.87
9.07 16.77
9.56 5.59
8.99 9.92
14.16 5.42
2.28 14.65
0.46 11.98
5.14 2.52
0.57 13.21
9.96 8.64
20.69 13.30
12.95 14.51
5.63 10.43
7.40 5.44
4.12 13.99
11.19 11.69
14.59 0.27
7.34 0.34
22.59 5.27
9.96 18.64
2.64 21.72
1.14 1.28
1.56 10.40
0.31 4.19
2.17 11.64
3.76 5.47
1.71 9.22
5.10 9.61
11.41 8.09
0.12 3.14
6.52 1.16
6.20 4.76
0.89 10.16
13.59 5.50
3.46 19.43
7.46 13.33
11.76 13.46
13.66 22.67
2.68 16.57
3.28 3.22
13.51 7.88
6.86 2.45
9.41 21.47
3.51 15.15
8.56 5.72
4.27 14.44
5.28 7.73
22.80 3.58
14.59 1.08
10.72 7.39
18.02 9.11
9.81 13.13
0.72 7.54
11.28 17.04
2.78 12.42
17.36 10.66
4.96 7.01
11.19 3.43
7.20 2.41
0.13 0.58
5.88 5.29
1.60 9.61
5.75 13.38
8.55 1.38
5.70 1.43
12.33 0.26
10.11 5.96
8.74 12.09
4.84 4.31
4.60 3.06
13.11 20.80
14.67 3.83
11.87 6.68
16.19 9.01
0.68 2.78
2.47 9.64
1.12 6.04
10.99 18.99
9.05 0.88
21.75 18.07
4.04 8.12
1.11 2.20
3.07 2.75
6.85 15.68
14.22 5.91
0.96 2.47
0.59 10.45
9.11 3.48
0.40 0.46
9.45 2.19
12.36 2.18
0.94 0.84
0.51 2.22
7.89 9.29
4.12 3.27
8.34 5.19
13.82 15.25
5.68 8.29
19.23 7.68
6.40 1.46
6.40 2.21
1.88 0.74
