# nJobs | nMachines
150 2
# Job Weights
68
56
81
79
26
14
95
7
93
15
95
63
18
39
20
83
95
86
37
43
5
77
44
95
3
90
13
16
19
42
68
55
68
41
83
64
69
94
95
82
31
23
28
8
57
68
61
71
67
31
13
93
66
37
83
83
73
29
96
36
95
99
33
56
65
20
62
13
50
3
97
70
19
49
64
32
4
22
82
28
18
99
45
57
24
46
50
86
54
86
72
88
67
7
27
81
69
83
60
52
81
46
4
80
78
2
45
22
71
10
96
24
86
35
70
10
68
43
38
3
56
99
67
27
91
99
81
62
14
5
55
38
27
30
36
43
73
94
47
48
19
61
44
25
6
42
62
5
40
74
# P_bar : m1 | m2
24 17
26 16
32 32
14 39
12 50
37 44
21 40
41 24
22 49
19 49
15 45
14 24
26 16
12 12
39 31
36 42
14 20
42 11
14 18
11 33
26 38
37 48
30 10
36 27
16 10
45 25
16 13
26 39
17 25
38 28
25 36
33 39
18 17
15 30
30 35
48 31
10 37
25 18
24 49
42 34
46 48
35 34
26 34
21 11
45 39
41 30
25 43
43 24
28 38
30 34
45 36
30 47
15 31
22 25
48 28
48 50
23 25
36 22
18 27
42 29
17 16
27 48
37 35
47 16
40 26
20 31
43 35
14 41
11 40
19 21
49 40
31 27
26 48
29 19
32 14
40 44
47 37
13 40
36 10
21 20
50 45
11 35
33 16
50 40
49 38
20 48
34 29
46 22
50 14
45 23
44 30
40 37
44 13
30 50
22 22
12 27
14 31
40 27
44 26
14 15
21 38
39 32
32 40
10 41
12 21
45 37
13 46
14 11
42 16
35 49
13 23
17 12
13 39
32 33
45 43
18 46
22 48
21 27
15 10
42 32
34 40
43 31
43 50
10 42
37 31
42 11
13 19
26 21
46 40
49 47
29 22
45 37
27 31
45 11
14 15
41 13
35 41
23 21
11 46
26 24
23 41
30 43
42 34
19 42
32 39
40 26
47 18
25 39
11 30
36 12
# P_hat : m1 | m2
7.07 6.13
23.53 23.17
56.40 51.98
11.79 52.97
20.15 60.69
43.68 49.70
8.06 68.87
47.65 39.44
22.26 11.98
15.15 83.16
3.59 37.27
11.67 12.18
3.78 27.83
2.37 10.37
32.44 50.12
21.99 22.13
25.92 0.16
31.56 10.90
21.22 3.61
11.67 49.79
36.61 20.98
19.25 42.59
56.51 1.74
38.17 15.48
26.60 15.63
32.85 7.58
3.21 16.83
35.03 71.56
0.26 33.99
36.12 45.42
9.64 7.85
41.41 19.56
35.26 30.41
13.93 42.91
49.05 44.77
48.75 41.15
9.92 30.65
46.52 1.60
42.72 76.88
66.01 46.15
27.26 45.39
38.15 61.18
11.64 22.86
18.64 6.48
43.58 68.08
68.19 47.82
44.80 44.29
35.66 6.28
0.99 16.35
51.71 44.62
15.69 27.72
37.31 78.63
0.75 58.90
17.58 40.28
94.65 21.14
9.67 78.87
19.49 17.57
22.11 7.35
32.58 1.80
73.02 22.37
8.08 28.91
4.38 22.94
46.41 14.46
31.62 31.03
53.77 1.30
1.28 48.72
11.47 22.50
19.22 3.07
4.67 73.42
32.59 5.86
5.74 44.14
13.36 14.80
51.93 6.26
25.12 1.90
44.99 3.24
14.61 6.28
57.33 56.28
18.88 38.85
22.64 6.86
34.81 16.73
60.34 83.61
8.56 63.75
36.80 22.90
57.68 70.77
16.22 24.29
16.11 36.59
23.35 35.60
36.88 27.44
76.11 13.49
43.43 18.43
82.75 59.17
23.49 60.76
36.58 11.31
47.22 72.73
24.03 11.86
13.13 5.41
1.49 21.85
31.89 21.76
23.82 0.86
27.98 24.44
12.95 27.30
68.99 37.15
43.28 5.92
6.82 14.35
13.04 37.37
75.65 45.04
22.97 87.43
4.49 21.97
28.52 11.90
23.47 29.28
1.09 39.48
20.34 23.97
22.23 49.11
24.42 52.48
66.60 67.23
22.60 32.69
16.53 55.13
5.92 44.99
21.28 13.76
71.78 1.35
46.64 26.94
1.54 8.96
18.60 23.30
1.39 76.06
42.21 2.29
63.54 4.84
2.88 11.76
43.59 25.91
51.11 42.73
67.62 20.52
56.34 7.23
7.53 17.52
48.67 31.16
11.35 5.97
11.00 28.43
69.82 12.06
63.44 4.82
23.29 30.63
13.07 30.25
36.82 31.37
38.31 22.93
7.29 49.08
68.05 52.51
18.29 77.95
28.84 20.37
33.91 17.41
47.87 16.71
47.25 72.32
12.06 54.08
68.63 2.16
