# nJobs | nMachines
150 2
# Job Weights
63
54
32
2
18
99
3
73
100
55
20
3
63
96
67
57
62
94
60
46
1
19
96
83
74
53
31
59
55
62
62
1
32
74
66
63
69
7
81
38
82
10
38
62
91
7
48
70
86
46
100
67
57
74
93
74
98
40
79
80
22
16
14
45
71
74
82
30
7
93
60
88
15
24
28
93
51
18
28
71
85
67
10
42
59
68
38
61
58
30
95
52
54
96
34
64
47
42
55
13
87
33
38
40
84
73
30
22
70
62
87
24
59
57
81
5
47
56
6
29
64
53
63
17
41
12
76
95
45
82
84
64
97
44
58
43
84
45
8
73
31
22
39
30
27
69
81
68
13
22
# P_bar : m1 | m2
20 36
49 42
17 44
42 28
32 15
15 49
46 26
47 18
36 23
47 34
25 47
32 45
50 39
36 37
44 11
38 21
50 45
44 36
44 31
45 18
13 31
17 36
26 10
25 45
43 22
30 32
12 30
50 23
10 45
46 27
20 31
36 18
19 49
11 43
40 44
22 24
19 44
31 31
13 38
43 42
33 29
31 12
27 48
16 36
24 25
18 35
20 31
27 28
12 48
39 49
20 39
26 14
33 31
48 32
29 12
43 34
21 12
33 32
27 37
11 15
25 27
21 30
26 32
40 18
12 19
47 22
46 13
43 45
17 30
50 18
17 32
15 12
43 38
12 16
10 11
46 19
48 33
33 48
21 11
32 43
25 36
27 42
14 37
27 16
40 11
10 40
44 32
47 16
33 25
16 34
17 19
20 33
30 46
22 29
32 23
13 44
39 26
41 50
28 18
27 36
28 46
15 10
13 25
31 49
29 33
41 22
50 27
49 46
49 40
30 22
45 37
46 49
20 16
22 14
28 21
23 18
50 15
21 32
34 18
36 41
10 13
37 21
30 37
15 15
43 48
49 22
48 18
39 50
40 49
15 13
38 24
43 44
34 22
15 32
14 15
17 50
17 18
24 22
43 47
16 24
13 40
20 47
30 49
39 48
28 19
17 27
42 46
49 38
13 23
17 42
# P_hat : m1 | m2
41.70 83.28
33.73 115.79
20.77 18.81
54.01 91.96
20.43 26.13
12.31 14.18
145.09 81.76
31.43 27.14
4.10 9.23
118.32 86.19
97.60 165.46
42.40 159.80
23.73 149.40
82.14 128.42
159.52 0.09
119.18 31.94
124.50 147.34
55.45 52.74
95.37 74.59
16.42 43.65
35.31 45.26
49.31 130.24
100.36 20.13
26.04 83.66
3.17 87.78
65.47 63.17
33.93 21.41
158.08 47.20
7.75 146.52
48.16 83.90
41.01 97.78
47.61 50.98
65.40 49.83
20.85 148.28
127.93 157.25
51.09 18.64
58.75 22.96
41.25 120.98
43.23 131.99
47.23 150.06
72.09 102.82
26.54 26.00
51.36 124.11
20.36 78.53
25.60 5.12
69.62 104.37
12.81 62.66
85.03 72.54
47.24 96.51
3.10 96.40
55.92 26.80
26.30 15.61
5.34 19.70
77.35 25.05
108.49 46.70
2.02 20.82
49.38 12.92
66.18 75.60
94.33 90.31
3.70 9.24
68.15 85.72
57.13 94.22
69.58 30.38
150.77 20.78
39.51 71.29
7.89 72.66
86.68 36.29
68.45 14.80
21.09 50.19
90.27 40.27
26.13 23.99
25.94 21.51
168.43 91.36
4.25 20.95
36.89 34.36
88.36 63.87
119.76 42.72
109.58 161.02
30.28 4.56
55.09 144.09
40.95 22.00
40.47 13.93
51.83 94.98
89.52 30.20
17.44 39.95
4.32 58.11
75.31 36.76
18.55 32.05
81.72 45.59
9.20 46.84
35.52 52.72
0.58 100.26
37.99 156.95
59.59 112.85
61.96 24.53
50.87 126.03
136.36 41.00
58.89 135.42
5.09 34.27
91.33 143.10
102.06 134.12
49.24 38.10
6.65 83.50
123.74 176.97
30.00 107.50
118.77 40.41
181.61 27.19
46.19 68.14
178.02 3.24
37.14 46.11
175.75 74.75
51.75 102.95
76.27 62.34
4.71 51.04
79.44 13.58
48.95 26.56
95.58 25.44
18.77 46.15
95.96 57.49
27.48 85.94
22.11 29.75
37.48 71.65
114.67 119.28
1.72 7.93
34.35 137.07
47.49 38.32
79.50 21.21
36.31 10.00
78.62 95.50
52.35 18.48
108.23 24.15
99.75 122.26
12.10 67.71
41.64 31.33
9.32 2.97
53.47 169.75
17.00 0.72
40.04 82.47
60.28 117.99
54.96 30.90
6.58 39.44
45.25 1.69
17.05 46.15
109.95 26.44
101.37 46.52
29.55 17.99
82.00 97.27
181.77 89.70
27.09 27.42
33.16 5.89
