# nJobs | nMachines
150 2
# Job Weights
99
52
10
62
88
97
95
51
88
48
13
41
35
40
39
16
58
19
89
53
43
66
98
69
78
19
98
75
44
21
89
14
43
27
1
36
99
7
28
8
37
100
25
48
68
29
85
24
39
16
28
2
5
2
74
92
81
19
52
42
82
4
15
39
52
26
4
84
30
51
23
55
19
75
93
35
44
4
44
25
6
75
9
2
51
100
42
15
87
67
86
72
82
87
96
40
43
59
28
48
100
49
18
80
75
5
96
43
42
67
4
61
51
63
35
1
68
5
96
57
68
65
26
7
51
55
31
25
16
51
20
25
16
4
16
11
39
58
89
57
53
69
22
80
44
21
29
80
3
82
# P_bar : m1 | m2
24 28
30 42
12 44
13 25
29 25
45 49
12 44
11 19
38 23
25 45
41 45
45 22
10 23
44 15
38 43
17 47
42 26
43 29
43 32
15 10
12 43
35 20
38 17
11 15
40 11
39 40
11 34
19 44
24 18
10 42
14 50
13 45
25 27
29 27
34 35
48 47
17 23
38 40
17 37
29 50
44 40
36 44
38 18
50 26
10 30
37 45
49 19
41 26
20 21
28 16
15 11
42 29
12 39
13 39
47 25
25 14
25 29
30 28
50 13
11 30
49 37
38 47
35 34
25 26
14 15
25 43
19 38
21 16
25 13
33 14
22 22
50 48
22 33
23 33
20 35
34 37
35 33
39 19
31 10
23 45
17 35
42 20
38 24
19 38
23 10
38 31
42 24
46 10
15 45
11 44
43 12
17 38
10 30
18 40
17 23
22 48
19 39
46 46
25 41
43 46
39 30
42 18
46 23
46 14
46 32
20 33
11 32
33 30
36 13
25 10
11 23
21 49
30 43
41 45
16 31
28 40
42 47
49 13
13 48
14 15
13 18
28 37
22 15
43 14
33 28
18 23
36 36
32 27
44 39
20 49
49 15
44 25
27 11
14 40
48 43
49 14
43 45
42 42
12 42
20 41
26 12
31 32
33 45
34 48
33 37
47 35
39 10
48 13
47 12
47 25
# P_hat : m1 | m2
20.70 52.33
22.74 57.88
21.96 72.45
6.53 27.81
48.96 38.98
43.56 1.59
12.34 72.02
6.79 1.53
43.55 40.94
16.26 89.28
3.22 26.47
24.48 9.25
0.13 35.21
86.10 7.59
73.40 74.44
13.44 9.67
61.18 6.55
29.74 56.79
57.71 43.13
24.16 16.94
22.72 27.89
28.01 27.06
59.53 20.20
5.85 18.09
79.23 15.02
2.01 46.03
13.28 29.18
25.06 24.28
33.03 27.67
2.41 19.01
26.28 69.24
4.71 21.00
31.14 33.77
12.92 40.34
20.89 15.31
52.46 5.63
14.18 6.02
12.18 48.48
5.81 62.86
24.25 4.50
66.64 58.73
64.65 30.04
6.39 17.23
39.31 48.30
2.00 19.92
1.23 41.88
64.85 0.52
49.40 4.24
6.52 10.86
13.09 0.89
0.71 13.89
70.14 24.73
23.39 42.76
3.52 13.62
21.76 14.80
43.42 18.59
46.32 55.99
25.18 2.82
5.06 23.15
0.87 34.61
56.25 41.73
29.86 47.03
2.01 4.72
29.16 4.67
0.32 18.03
39.37 29.32
11.64 69.71
1.69 13.01
29.42 3.73
26.25 20.01
42.85 12.91
54.42 50.45
12.11 46.06
32.63 59.42
10.86 55.45
61.49 50.05
26.23 44.86
42.89 35.95
3.14 5.92
19.60 0.10
28.30 19.04
67.67 8.72
17.05 31.77
8.59 48.16
37.60 11.87
70.71 1.01
8.01 34.98
41.41 6.47
10.12 59.86
19.16 48.98
7.18 8.23
7.18 10.23
15.05 5.67
1.85 66.52
16.75 42.25
19.45 62.38
12.71 8.07
36.30 36.99
26.50 59.77
13.88 71.74
44.62 7.09
67.66 0.00
69.93 32.76
14.16 9.98
13.73 16.29
10.73 0.85
7.94 34.58
26.96 51.07
48.94 24.90
2.83 11.31
0.76 23.67
16.46 8.34
41.83 47.20
15.86 34.20
20.53 37.64
14.55 31.10
74.43 22.59
87.78 2.47
7.73 30.23
6.44 2.90
10.69 6.37
13.47 73.06
29.58 13.32
71.04 14.89
44.42 48.92
29.68 45.80
28.58 41.96
10.00 43.87
64.94 25.50
14.42 29.96
65.78 12.08
23.82 33.63
4.39 15.01
27.79 25.22
15.00 11.46
96.87 17.71
84.05 11.55
66.68 48.59
15.83 58.25
23.11 57.45
45.04 18.08
17.95 55.86
30.87 45.00
42.12 70.10
27.14 45.82
40.18 13.06
25.76 0.51
54.17 7.40
79.95 10.63
18.94 30.86
