# nJobs | nMachines
150 2
# Job Weights
1
13
87
76
37
71
92
58
74
50
100
30
83
32
42
8
92
96
11
28
11
75
65
36
38
28
73
24
31
26
61
48
36
49
23
16
68
21
70
91
2
47
83
39
43
69
47
85
52
83
76
20
10
1
77
42
57
71
29
61
18
4
91
78
41
39
30
80
15
23
23
25
47
2
3
17
20
23
27
32
13
60
18
67
34
45
74
29
45
12
31
67
59
64
37
88
94
83
23
8
99
87
59
74
76
4
50
71
74
70
59
60
60
21
69
48
74
58
13
69
2
42
61
29
95
2
24
97
92
26
50
32
34
7
74
67
90
57
2
99
38
94
78
34
68
84
89
19
47
69
# P_bar : m1 | m2
41 27
26 26
16 26
22 29
25 15
10 44
39 25
36 49
23 26
46 11
16 39
47 17
13 18
44 10
35 40
14 21
10 32
43 20
21 39
47 44
46 35
21 50
42 38
24 26
23 13
30 11
42 40
42 32
23 27
17 14
35 15
12 35
19 36
10 10
15 35
36 20
21 36
31 21
31 50
50 16
46 26
46 30
32 38
49 48
33 26
11 20
32 24
30 20
21 17
38 39
42 49
18 39
38 10
42 40
49 30
20 26
40 33
38 43
35 22
24 49
20 13
44 26
48 13
42 26
36 12
26 12
30 29
36 28
43 41
47 14
16 21
15 30
12 18
22 49
17 22
14 26
23 42
45 12
25 44
31 31
23 36
27 26
26 42
19 40
47 31
31 42
16 23
45 49
35 23
48 37
27 21
36 15
22 21
14 28
27 14
33 16
41 35
44 39
40 30
34 15
39 18
10 43
14 33
50 26
38 25
32 19
35 41
39 20
19 38
24 29
41 19
15 12
13 15
30 39
42 12
33 19
33 17
33 47
16 44
22 38
12 17
46 37
11 16
23 50
36 33
16 36
10 29
36 15
42 39
13 38
44 42
23 46
20 18
16 26
29 43
46 41
13 49
30 34
50 41
41 39
36 48
46 16
45 10
45 27
10 22
50 34
19 11
21 11
17 27
31 23
# P_hat : m1 | m2
8.05 3.48
0.62 3.80
1.16 1.08
5.11 5.86
3.97 2.68
2.78 3.89
5.02 0.10
9.39 1.14
3.10 3.06
13.51 0.51
4.61 4.41
4.64 3.20
3.46 2.96
11.19 0.69
2.21 4.13
2.62 3.87
0.22 8.26
10.79 4.52
1.10 6.47
1.00 4.78
5.52 3.83
3.63 13.19
10.77 0.45
7.01 7.71
3.03 2.59
0.54 2.25
9.44 0.46
7.12 5.81
3.09 3.93
1.58 0.44
5.28 1.25
1.22 9.35
4.31 5.94
1.63 1.24
3.95 0.76
5.87 4.28
1.50 7.59
7.92 3.87
5.18 7.65
3.10 2.08
8.60 4.63
4.94 2.10
8.11 10.73
6.66 8.48
7.19 2.43
0.32 2.70
3.80 5.80
8.85 0.97
5.09 1.49
1.82 7.95
3.50 4.64
1.78 9.27
7.41 0.39
9.54 9.15
11.02 0.62
3.06 0.10
9.73 8.89
4.98 7.50
1.30 2.32
4.06 3.42
5.71 2.41
10.47 3.97
8.33 3.87
8.15 7.67
10.05 2.29
3.34 1.59
2.98 4.27
10.55 5.73
11.14 1.25
4.55 1.38
2.23 0.47
1.87 0.66
0.54 1.06
6.32 7.13
2.06 5.18
3.68 3.79
1.31 4.23
7.40 0.30
0.18 7.26
7.11 2.52
4.01 6.64
5.07 7.62
0.40 1.40
1.20 2.55
1.05 4.40
2.69 12.20
3.01 5.33
7.64 13.20
6.43 2.30
7.91 11.01
2.21 0.65
2.64 0.24
0.90 5.39
3.57 7.79
4.99 0.38
1.85 0.54
2.18 0.35
11.52 1.22
8.91 1.88
6.73 4.37
4.76 3.61
0.79 10.04
4.11 7.68
11.96 4.17
3.44 5.98
8.14 3.40
7.97 3.87
3.48 3.37
2.43 6.08
1.34 7.16
1.37 5.60
3.25 1.48
1.04 3.44
7.38 1.17
12.54 2.80
0.76 2.12
4.68 0.20
7.94 5.12
3.79 8.06
5.02 1.36
1.26 4.71
6.26 0.86
1.96 4.46
6.72 10.61
3.54 3.26
4.43 4.22
0.81 6.45
10.68 2.71
8.45 7.86
1.81 4.44
8.10 6.15
1.88 13.66
1.65 1.16
0.55 3.26
0.99 3.76
4.80 9.41
2.98 11.23
5.47 2.98
1.54 1.00
10.48 0.13
6.49 6.16
13.26 1.97
9.05 2.97
2.36 3.81
1.42 1.69
9.73 9.09
0.16 1.62
0.09 1.98
0.66 0.77
2.34 2.64
