# nJobs | nMachines
150 2
# Job Weights
93
59
43
64
75
73
93
1
13
71
63
81
7
93
77
61
57
51
60
27
92
28
86
85
33
69
81
31
23
91
69
62
95
51
21
45
70
89
22
77
57
4
14
94
96
18
76
16
86
22
52
57
7
78
23
27
23
4
94
36
30
32
7
57
22
15
38
91
43
99
97
15
62
95
7
67
24
28
62
93
50
17
86
56
17
85
47
89
82
88
14
24
35
79
82
64
69
98
38
88
87
23
71
56
100
91
85
72
89
79
86
17
19
17
29
23
38
68
42
46
51
37
60
86
78
8
19
99
32
88
14
13
84
87
97
63
18
54
17
9
46
89
98
26
93
98
6
88
15
74
# P_bar : m1 | m2
36 16
29 37
21 21
43 50
38 42
34 40
27 16
42 39
49 28
45 32
15 44
39 12
45 19
41 17
22 43
23 34
49 50
14 44
30 21
37 41
32 30
38 49
43 17
22 44
25 18
44 31
35 42
28 13
34 38
16 36
29 47
24 47
35 35
33 45
16 38
39 28
25 30
17 15
47 19
21 44
25 45
29 26
37 30
33 10
20 22
35 39
31 16
36 24
17 44
43 17
20 48
16 37
27 22
43 20
12 31
25 10
17 46
36 46
20 19
26 15
24 39
20 19
22 18
29 24
35 43
31 46
42 18
29 19
30 43
15 48
36 16
31 46
33 15
49 27
27 20
33 44
47 12
11 34
39 35
26 28
30 14
18 39
42 37
27 15
46 23
29 28
13 16
46 13
46 47
42 12
17 36
50 37
31 45
36 48
39 45
20 25
47 40
16 11
21 27
11 30
28 32
48 41
42 27
49 26
10 47
22 32
36 28
43 24
23 10
34 11
18 23
18 10
30 13
28 48
26 28
35 36
33 36
25 27
20 44
32 43
21 19
30 19
46 34
31 40
47 44
16 21
19 21
35 26
25 48
47 14
19 35
43 50
15 13
30 39
10 13
36 26
35 24
13 16
11 47
44 46
30 13
26 41
41 47
17 38
19 30
17 48
49 38
29 16
34 45
40 31
# P_hat : m1 | m2
7.20 3.20
5.80 7.40
4.20 4.20
8.60 10.00
7.60 8.40
6.80 8.00
5.40 3.20
8.40 7.80
9.80 5.60
9.00 6.40
3.00 8.80
7.80 2.40
9.00 3.80
8.20 3.40
4.40 8.60
4.60 6.80
9.80 10.00
2.80 8.80
6.00 4.20
7.40 8.20
6.40 6.00
7.60 9.80
8.60 3.40
4.40 8.80
5.00 3.60
8.80 6.20
7.00 8.40
5.60 2.60
6.80 7.60
3.20 7.20
5.80 9.40
4.80 9.40
7.00 7.00
6.60 9.00
3.20 7.60
7.80 5.60
5.00 6.00
3.40 3.00
9.40 3.80
4.20 8.80
5.00 9.00
5.80 5.20
7.40 6.00
6.60 2.00
4.00 4.40
7.00 7.80
6.20 3.20
7.20 4.80
3.40 8.80
8.60 3.40
4.00 9.60
3.20 7.40
5.40 4.40
8.60 4.00
2.40 6.20
5.00 2.00
3.40 9.20
7.20 9.20
4.00 3.80
5.20 3.00
4.80 7.80
4.00 3.80
4.40 3.60
5.80 4.80
7.00 8.60
6.20 9.20
8.40 3.60
5.80 3.80
6.00 8.60
3.00 9.60
7.20 3.20
6.20 9.20
6.60 3.00
9.80 5.40
5.40 4.00
6.60 8.80
9.40 2.40
2.20 6.80
7.80 7.00
5.20 5.60
6.00 2.80
3.60 7.80
8.40 7.40
5.40 3.00
9.20 4.60
5.80 5.60
2.60 3.20
9.20 2.60
9.20 9.40
8.40 2.40
3.40 7.20
10.00 7.40
6.20 9.00
7.20 9.60
7.80 9.00
4.00 5.00
9.40 8.00
3.20 2.20
4.20 5.40
2.20 6.00
5.60 6.40
9.60 8.20
8.40 5.40
9.80 5.20
2.00 9.40
4.40 6.40
7.20 5.60
8.60 4.80
4.60 2.00
6.80 2.20
3.60 4.60
3.60 2.00
6.00 2.60
5.60 9.60
5.20 5.60
7.00 7.20
6.60 7.20
5.00 5.40
4.00 8.80
6.40 8.60
4.20 3.80
6.00 3.80
9.20 6.80
6.20 8.00
9.40 8.80
3.20 4.20
3.80 4.20
7.00 5.20
5.00 9.60
9.40 2.80
3.80 7.00
8.60 10.00
3.00 2.60
6.00 7.80
2.00 2.60
7.20 5.20
7.00 4.80
2.60 3.20
2.20 9.40
8.80 9.20
6.00 2.60
5.20 8.20
8.20 9.40
3.40 7.60
3.80 6.00
3.40 9.60
9.80 7.60
5.80 3.20
6.80 9.00
8.00 6.20
