# nJobs | nMachines
150 2
# Job Weights
22
56
29
28
6
54
73
36
81
86
66
80
44
46
72
82
43
29
30
56
19
36
33
24
61
23
13
73
38
79
30
56
6
26
28
16
72
93
65
81
97
57
9
42
30
41
74
64
44
9
78
72
78
28
71
100
27
48
12
51
55
65
83
88
41
48
42
70
22
65
12
6
31
70
49
42
14
93
60
15
39
43
21
58
83
41
38
28
43
41
5
15
27
46
13
1
60
75
45
59
92
44
57
40
4
47
90
39
6
44
29
76
9
81
74
83
55
4
71
95
56
13
93
45
99
52
88
6
9
62
32
57
56
73
98
76
70
86
85
66
83
71
80
20
65
35
27
10
61
100
# P_bar : m1 | m2
32 43
35 28
29 19
34 12
22 15
42 49
41 46
15 19
46 22
45 21
21 27
37 26
40 27
40 47
47 21
23 27
28 33
11 26
44 15
22 19
45 48
38 21
49 42
10 12
37 29
48 36
21 38
33 19
43 24
14 15
34 13
21 35
23 43
43 42
18 43
23 39
49 44
15 25
44 39
27 21
19 24
47 28
29 40
44 39
27 11
21 48
37 27
25 50
42 47
15 25
36 25
30 16
44 23
49 46
38 12
32 35
39 38
35 30
38 26
20 46
44 45
20 31
39 46
18 12
32 15
27 13
38 26
29 46
43 41
24 34
25 33
24 26
22 20
15 42
21 48
23 24
25 17
23 22
43 27
14 10
19 36
27 47
29 41
37 45
17 27
38 29
19 26
33 37
18 36
43 27
13 48
26 27
25 17
12 42
34 25
19 39
34 30
16 13
34 46
22 39
23 29
39 37
16 16
40 14
37 27
24 37
31 31
32 14
18 10
22 37
18 33
29 35
25 39
48 50
20 29
24 41
36 11
27 28
33 41
17 50
48 50
37 10
31 13
36 49
21 38
18 45
24 17
33 48
26 17
21 13
15 38
34 48
31 12
12 18
28 37
49 24
23 39
50 10
31 32
24 20
10 18
17 22
20 41
49 27
28 37
14 14
28 14
34 43
27 28
19 33
# P_hat : m1 | m2
118.77 158.26
115.97 52.67
37.47 2.20
32.27 33.11
23.11 28.91
84.74 24.37
122.02 39.43
30.19 4.90
12.47 50.54
130.24 52.25
67.70 54.62
42.85 84.98
106.26 92.99
68.25 115.74
167.15 1.07
77.76 75.08
58.85 55.18
30.43 58.82
155.47 38.94
43.62 26.62
56.39 176.08
114.56 11.25
43.13 112.81
15.54 0.21
128.13 107.26
139.09 16.20
33.92 14.42
28.35 25.31
61.23 35.86
15.91 12.86
23.95 30.43
62.44 62.01
23.19 5.88
78.12 53.70
27.78 139.39
90.35 107.59
76.65 127.58
4.80 69.81
15.81 48.51
63.80 8.37
45.55 26.16
78.73 93.16
50.09 156.88
9.49 77.04
55.79 0.43
42.40 26.89
22.13 34.78
10.38 115.72
20.76 14.12
6.06 94.34
87.80 36.51
23.58 58.41
44.25 71.81
34.02 139.00
145.59 29.12
109.39 87.75
35.96 96.98
45.86 75.45
31.90 57.59
39.35 181.50
3.45 131.81
53.71 96.34
81.61 160.53
64.70 10.35
21.04 5.03
86.84 25.11
120.38 53.46
14.75 152.57
68.55 72.78
16.33 77.64
25.47 69.57
25.27 3.97
48.95 49.22
24.68 139.11
79.61 30.24
11.63 57.06
97.37 40.37
21.22 14.45
132.93 13.33
18.98 39.20
10.87 56.70
92.65 42.76
35.83 28.10
97.51 120.17
38.52 65.82
71.71 74.65
37.68 9.15
96.66 132.24
6.32 56.05
114.93 33.84
46.58 88.77
6.01 42.13
14.07 58.72
34.40 156.12
59.47 30.35
30.67 134.77
18.63 93.78
32.43 48.40
17.21 45.22
41.94 90.01
70.25 31.85
40.29 121.97
30.77 0.34
158.72 31.63
101.62 36.63
80.77 47.76
51.44 79.97
98.29 47.68
2.92 24.37
10.82 126.27
14.62 34.93
46.63 72.73
84.57 70.28
66.48 2.33
52.37 64.59
68.09 108.49
84.41 26.04
38.58 82.46
76.17 93.70
23.27 13.35
16.10 23.29
146.93 23.86
15.77 14.30
10.42 15.61
73.80 65.30
21.73 99.78
62.43 22.35
43.43 138.32
40.71 43.78
22.02 17.31
20.58 114.74
55.86 124.55
89.33 30.60
24.55 39.85
105.68 1.69
8.21 66.86
46.28 58.66
116.84 37.70
114.10 104.70
4.72 47.02
22.94 18.16
58.05 17.93
19.35 55.82
171.75 51.47
2.13 43.82
41.02 28.84
104.51 9.26
89.38 168.17
47.42 12.09
3.41 123.02
