# nJobs | nMachines
150 2
# Job Weights
52
61
41
73
48
87
21
20
98
7
3
56
68
83
78
35
18
46
2
68
11
58
50
14
66
56
19
5
49
74
41
92
39
63
56
32
87
12
84
64
64
13
43
35
6
42
1
92
97
65
49
32
14
17
90
80
11
19
3
30
98
67
34
5
41
8
46
54
37
14
95
8
28
97
61
23
13
87
68
6
12
56
19
12
18
66
93
51
41
56
69
12
95
62
25
44
16
16
7
34
94
65
76
45
79
68
69
31
91
34
8
53
59
43
60
20
61
42
71
16
74
68
49
81
15
26
15
85
6
45
94
19
71
24
11
26
68
41
59
73
28
34
17
66
12
52
91
44
14
88
# P_bar : m1 | m2
20 14
16 40
35 25
38 24
43 44
34 10
46 14
38 44
12 48
41 15
26 19
28 14
21 47
15 42
18 27
18 23
40 22
40 48
12 29
33 45
46 30
37 30
30 46
30 18
25 18
38 35
13 22
26 29
26 32
46 28
40 18
29 41
19 43
33 41
24 39
10 41
35 42
14 14
17 28
49 25
32 39
17 26
41 35
37 37
11 47
44 27
42 16
28 34
10 50
46 45
48 48
37 23
27 36
24 43
15 26
35 18
27 21
14 15
39 41
41 21
33 47
30 23
42 11
10 29
26 12
16 48
44 28
50 29
42 48
13 41
15 39
37 15
44 34
35 38
36 40
11 32
33 24
39 46
42 13
41 37
41 17
17 46
33 47
17 42
18 26
21 23
28 43
18 22
39 20
15 11
45 47
34 26
29 49
35 50
23 45
18 17
31 28
11 44
16 26
20 31
17 39
17 49
47 29
10 29
47 42
24 22
17 11
24 26
45 23
34 39
29 26
30 33
13 43
11 48
19 27
10 32
23 28
23 21
44 49
39 13
25 35
19 43
49 23
48 42
22 50
23 21
45 16
36 15
46 15
43 35
46 44
50 27
17 13
33 14
15 45
39 20
14 13
13 50
13 26
44 27
27 25
41 11
34 46
28 41
29 19
22 26
42 50
33 26
25 50
50 25
# P_hat : m1 | m2
8.95 6.98
0.09 15.07
16.90 12.13
9.00 9.45
17.16 21.19
2.16 3.54
9.11 0.56
5.16 8.84
1.75 15.52
2.53 2.63
10.47 2.60
0.13 4.04
3.28 21.94
1.31 0.73
5.30 10.38
2.29 8.31
5.18 10.60
9.77 22.34
3.92 11.05
2.00 11.71
4.04 3.06
4.57 8.18
14.61 17.60
5.96 8.06
7.49 7.11
4.59 3.42
3.19 6.60
0.96 4.82
0.45 0.15
10.78 2.80
7.97 1.02
1.98 17.28
6.53 5.56
16.38 5.84
4.75 18.72
3.12 7.77
16.85 0.20
5.82 1.99
3.94 1.67
18.07 1.29
2.05 1.51
4.35 7.71
5.72 3.31
2.98 6.68
2.34 20.26
2.88 5.73
14.68 7.33
6.39 8.46
2.66 9.97
3.37 16.88
3.35 1.76
10.79 1.03
13.30 11.74
1.16 10.47
2.14 10.28
15.22 8.25
0.98 4.08
6.13 4.47
10.22 10.26
8.37 10.31
5.11 19.53
4.46 10.48
6.42 1.40
4.42 11.20
9.41 1.59
5.36 5.01
17.57 13.22
6.43 0.28
12.98 23.17
2.99 3.06
5.87 15.98
5.72 2.07
14.15 5.96
15.44 4.12
7.24 11.71
0.37 5.57
8.51 7.89
6.75 0.36
14.12 0.42
19.50 1.84
9.95 3.56
3.96 18.74
10.80 20.87
0.88 5.14
2.28 7.47
9.65 8.84
9.38 6.21
0.12 4.50
3.99 5.24
5.12 0.74
17.20 0.61
14.28 1.99
4.24 15.36
16.29 1.84
6.36 4.27
6.27 2.87
9.25 1.09
0.68 4.22
7.70 11.85
1.23 0.30
2.17 12.74
6.92 9.42
14.54 9.75
4.19 8.54
12.12 4.69
4.52 9.32
7.84 2.71
0.44 10.69
19.26 4.67
3.92 19.20
12.31 10.02
2.09 15.94
3.77 11.06
4.88 11.37
4.50 10.20
3.73 14.08
9.25 13.50
8.47 3.41
20.36 19.57
8.71 1.37
2.16 9.55
0.45 3.87
6.04 4.00
3.44 19.56
6.14 3.65
2.13 6.64
0.88 4.74
0.65 0.91
19.13 2.44
12.72 9.85
8.24 4.12
22.36 10.81
0.60 6.32
16.18 1.50
4.62 4.21
3.58 4.55
4.75 4.86
4.96 7.04
2.79 0.26
18.96 7.31
2.03 11.96
5.72 2.15
1.59 9.66
2.95 19.86
3.46 6.60
10.09 9.35
1.64 14.07
7.05 12.67
6.65 17.22
22.47 11.19
