# nJobs | nMachines
150 2
# Job Weights
1
13
87
76
37
71
92
58
74
50
100
30
83
32
42
8
92
96
11
28
11
75
65
36
38
28
73
24
31
26
61
48
36
49
23
16
68
21
70
91
2
47
83
39
43
69
47
85
52
83
76
20
10
1
77
42
57
71
29
61
18
4
91
78
41
39
30
80
15
23
23
25
47
2
3
17
20
23
27
32
13
60
18
67
34
45
74
29
45
12
31
67
59
64
37
88
94
83
23
8
99
87
59
74
76
4
50
71
74
70
59
60
60
21
69
48
74
58
13
69
2
42
61
29
95
2
24
97
92
26
50
32
34
7
74
67
90
57
2
99
38
94
78
34
68
84
89
19
47
69
# P_bar : m1 | m2
41 27
26 26
16 26
22 29
25 15
10 44
39 25
36 49
23 26
46 11
16 39
47 17
13 18
44 10
35 40
14 21
10 32
43 20
21 39
47 44
46 35
21 50
42 38
24 26
23 13
30 11
42 40
42 32
23 27
17 14
35 15
12 35
19 36
10 10
15 35
36 20
21 36
31 21
31 50
50 16
46 26
46 30
32 38
49 48
33 26
11 20
32 24
30 20
21 17
38 39
42 49
18 39
38 10
42 40
49 30
20 26
40 33
38 43
35 22
24 49
20 13
44 26
48 13
42 26
36 12
26 12
30 29
36 28
43 41
47 14
16 21
15 30
12 18
22 49
17 22
14 26
23 42
45 12
25 44
31 31
23 36
27 26
26 42
19 40
47 31
31 42
16 23
45 49
35 23
48 37
27 21
36 15
22 21
14 28
27 14
33 16
41 35
44 39
40 30
34 15
39 18
10 43
14 33
50 26
38 25
32 19
35 41
39 20
19 38
24 29
41 19
15 12
13 15
30 39
42 12
33 19
33 17
33 47
16 44
22 38
12 17
46 37
11 16
23 50
36 33
16 36
10 29
36 15
42 39
13 38
44 42
23 46
20 18
16 26
29 43
46 41
13 49
30 34
50 41
41 39
36 48
46 16
45 10
45 27
10 22
50 34
19 11
21 11
17 27
31 23
# P_hat : m1 | m2
16.40 10.80
10.40 10.40
6.40 10.40
8.80 11.60
10.00 6.00
4.00 17.60
15.60 10.00
14.40 19.60
9.20 10.40
18.40 4.40
6.40 15.60
18.80 6.80
5.20 7.20
17.60 4.00
14.00 16.00
5.60 8.40
4.00 12.80
17.20 8.00
8.40 15.60
18.80 17.60
18.40 14.00
8.40 20.00
16.80 15.20
9.60 10.40
9.20 5.20
12.00 4.40
16.80 16.00
16.80 12.80
9.20 10.80
6.80 5.60
14.00 6.00
4.80 14.00
7.60 14.40
4.00 4.00
6.00 14.00
14.40 8.00
8.40 14.40
12.40 8.40
12.40 20.00
20.00 6.40
18.40 10.40
18.40 12.00
12.80 15.20
19.60 19.20
13.20 10.40
4.40 8.00
12.80 9.60
12.00 8.00
8.40 6.80
15.20 15.60
16.80 19.60
7.20 15.60
15.20 4.00
16.80 16.00
19.60 12.00
8.00 10.40
16.00 13.20
15.20 17.20
14.00 8.80
9.60 19.60
8.00 5.20
17.60 10.40
19.20 5.20
16.80 10.40
14.40 4.80
10.40 4.80
12.00 11.60
14.40 11.20
17.20 16.40
18.80 5.60
6.40 8.40
6.00 12.00
4.80 7.20
8.80 19.60
6.80 8.80
5.60 10.40
9.20 16.80
18.00 4.80
10.00 17.60
12.40 12.40
9.20 14.40
10.80 10.40
10.40 16.80
7.60 16.00
18.80 12.40
12.40 16.80
6.40 9.20
18.00 19.60
14.00 9.20
19.20 14.80
10.80 8.40
14.40 6.00
8.80 8.40
5.60 11.20
10.80 5.60
13.20 6.40
16.40 14.00
17.60 15.60
16.00 12.00
13.60 6.00
15.60 7.20
4.00 17.20
5.60 13.20
20.00 10.40
15.20 10.00
12.80 7.60
14.00 16.40
15.60 8.00
7.60 15.20
9.60 11.60
16.40 7.60
6.00 4.80
5.20 6.00
12.00 15.60
16.80 4.80
13.20 7.60
13.20 6.80
13.20 18.80
6.40 17.60
8.80 15.20
4.80 6.80
18.40 14.80
4.40 6.40
9.20 20.00
14.40 13.20
6.40 14.40
4.00 11.60
14.40 6.00
16.80 15.60
5.20 15.20
17.60 16.80
9.20 18.40
8.00 7.20
6.40 10.40
11.60 17.20
18.40 16.40
5.20 19.60
12.00 13.60
20.00 16.40
16.40 15.60
14.40 19.20
18.40 6.40
18.00 4.00
18.00 10.80
4.00 8.80
20.00 13.60
7.60 4.40
8.40 4.40
6.80 10.80
12.40 9.20
