# nJobs | nMachines
150 2
# Job Weights
52
61
41
73
48
87
21
20
98
7
3
56
68
83
78
35
18
46
2
68
11
58
50
14
66
56
19
5
49
74
41
92
39
63
56
32
87
12
84
64
64
13
43
35
6
42
1
92
97
65
49
32
14
17
90
80
11
19
3
30
98
67
34
5
41
8
46
54
37
14
95
8
28
97
61
23
13
87
68
6
12
56
19
12
18
66
93
51
41
56
69
12
95
62
25
44
16
16
7
34
94
65
76
45
79
68
69
31
91
34
8
53
59
43
60
20
61
42
71
16
74
68
49
81
15
26
15
85
6
45
94
19
71
24
11
26
68
41
59
73
28
34
17
66
12
52
91
44
14
88
# P_bar : m1 | m2
20 14
16 40
35 25
38 24
43 44
34 10
46 14
38 44
12 48
41 15
26 19
28 14
21 47
15 42
18 27
18 23
40 22
40 48
12 29
33 45
46 30
37 30
30 46
30 18
25 18
38 35
13 22
26 29
26 32
46 28
40 18
29 41
19 43
33 41
24 39
10 41
35 42
14 14
17 28
49 25
32 39
17 26
41 35
37 37
11 47
44 27
42 16
28 34
10 50
46 45
48 48
37 23
27 36
24 43
15 26
35 18
27 21
14 15
39 41
41 21
33 47
30 23
42 11
10 29
26 12
16 48
44 28
50 29
42 48
13 41
15 39
37 15
44 34
35 38
36 40
11 32
33 24
39 46
42 13
41 37
41 17
17 46
33 47
17 42
18 26
21 23
28 43
18 22
39 20
15 11
45 47
34 26
29 49
35 50
23 45
18 17
31 28
11 44
16 26
20 31
17 39
17 49
47 29
10 29
47 42
24 22
17 11
24 26
45 23
34 39
29 26
30 33
13 43
11 48
19 27
10 32
23 28
23 21
44 49
39 13
25 35
19 43
49 23
48 42
22 50
23 21
45 16
36 15
46 15
43 35
46 44
50 27
17 13
33 14
15 45
39 20
14 13
13 50
13 26
44 27
27 25
41 11
34 46
28 41
29 19
22 26
42 50
33 26
25 50
50 25
# P_hat : m1 | m2
4.00 2.80
3.20 8.00
7.00 5.00
7.60 4.80
8.60 8.80
6.80 2.00
9.20 2.80
7.60 8.80
2.40 9.60
8.20 3.00
5.20 3.80
5.60 2.80
4.20 9.40
3.00 8.40
3.60 5.40
3.60 4.60
8.00 4.40
8.00 9.60
2.40 5.80
6.60 9.00
9.20 6.00
7.40 6.00
6.00 9.20
6.00 3.60
5.00 3.60
7.60 7.00
2.60 4.40
5.20 5.80
5.20 6.40
9.20 5.60
8.00 3.60
5.80 8.20
3.80 8.60
6.60 8.20
4.80 7.80
2.00 8.20
7.00 8.40
2.80 2.80
3.40 5.60
9.80 5.00
6.40 7.80
3.40 5.20
8.20 7.00
7.40 7.40
2.20 9.40
8.80 5.40
8.40 3.20
5.60 6.80
2.00 10.00
9.20 9.00
9.60 9.60
7.40 4.60
5.40 7.20
4.80 8.60
3.00 5.20
7.00 3.60
5.40 4.20
2.80 3.00
7.80 8.20
8.20 4.20
6.60 9.40
6.00 4.60
8.40 2.20
2.00 5.80
5.20 2.40
3.20 9.60
8.80 5.60
10.00 5.80
8.40 9.60
2.60 8.20
3.00 7.80
7.40 3.00
8.80 6.80
7.00 7.60
7.20 8.00
2.20 6.40
6.60 4.80
7.80 9.20
8.40 2.60
8.20 7.40
8.20 3.40
3.40 9.20
6.60 9.40
3.40 8.40
3.60 5.20
4.20 4.60
5.60 8.60
3.60 4.40
7.80 4.00
3.00 2.20
9.00 9.40
6.80 5.20
5.80 9.80
7.00 10.00
4.60 9.00
3.60 3.40
6.20 5.60
2.20 8.80
3.20 5.20
4.00 6.20
3.40 7.80
3.40 9.80
9.40 5.80
2.00 5.80
9.40 8.40
4.80 4.40
3.40 2.20
4.80 5.20
9.00 4.60
6.80 7.80
5.80 5.20
6.00 6.60
2.60 8.60
2.20 9.60
3.80 5.40
2.00 6.40
4.60 5.60
4.60 4.20
8.80 9.80
7.80 2.60
5.00 7.00
3.80 8.60
9.80 4.60
9.60 8.40
4.40 10.00
4.60 4.20
9.00 3.20
7.20 3.00
9.20 3.00
8.60 7.00
9.20 8.80
10.00 5.40
3.40 2.60
6.60 2.80
3.00 9.00
7.80 4.00
2.80 2.60
2.60 10.00
2.60 5.20
8.80 5.40
5.40 5.00
8.20 2.20
6.80 9.20
5.60 8.20
5.80 3.80
4.40 5.20
8.40 10.00
6.60 5.20
5.00 10.00
10.00 5.00
