# nJobs | nMachines
150 2
# Job Weights
52
61
41
73
48
87
21
20
98
7
3
56
68
83
78
35
18
46
2
68
11
58
50
14
66
56
19
5
49
74
41
92
39
63
56
32
87
12
84
64
64
13
43
35
6
42
1
92
97
65
49
32
14
17
90
80
11
19
3
30
98
67
34
5
41
8
46
54
37
14
95
8
28
97
61
23
13
87
68
6
12
56
19
12
18
66
93
51
41
56
69
12
95
62
25
44
16
16
7
34
94
65
76
45
79
68
69
31
91
34
8
53
59
43
60
20
61
42
71
16
74
68
49
81
15
26
15
85
6
45
94
19
71
24
11
26
68
41
59
73
28
34
17
66
12
52
91
44
14
88
# P_bar : m1 | m2
20 14
16 40
35 25
38 24
43 44
34 10
46 14
38 44
12 48
41 15
26 19
28 14
21 47
15 42
18 27
18 23
40 22
40 48
12 29
33 45
46 30
37 30
30 46
30 18
25 18
38 35
13 22
26 29
26 32
46 28
40 18
29 41
19 43
33 41
24 39
10 41
35 42
14 14
17 28
49 25
32 39
17 26
41 35
37 37
11 47
44 27
42 16
28 34
10 50
46 45
48 48
37 23
27 36
24 43
15 26
35 18
27 21
14 15
39 41
41 21
33 47
30 23
42 11
10 29
26 12
16 48
44 28
50 29
42 48
13 41
15 39
37 15
44 34
35 38
36 40
11 32
33 24
39 46
42 13
41 37
41 17
17 46
33 47
17 42
18 26
21 23
28 43
18 22
39 20
15 11
45 47
34 26
29 49
35 50
23 45
18 17
31 28
11 44
16 26
20 31
17 39
17 49
47 29
10 29
47 42
24 22
17 11
24 26
45 23
34 39
29 26
30 33
13 43
11 48
19 27
10 32
23 28
23 21
44 49
39 13
25 35
19 43
49 23
48 42
22 50
23 21
45 16
36 15
46 15
43 35
46 44
50 27
17 13
33 14
15 45
39 20
14 13
13 50
13 26
44 27
27 25
41 11
34 46
28 41
29 19
22 26
42 50
33 26
25 50
50 25
# P_hat : m1 | m2
79.56 46.79
0.77 116.78
75.73 74.93
87.20 18.83
157.24 82.43
68.82 34.47
100.04 28.23
71.69 120.29
12.91 112.88
9.19 50.54
42.50 21.63
5.89 32.23
46.24 23.17
18.44 115.96
38.42 79.05
9.67 3.94
149.22 59.47
143.12 79.62
9.12 14.40
45.33 75.58
112.88 23.31
14.16 49.87
42.55 70.72
30.13 53.16
91.55 55.74
129.58 84.98
30.15 2.00
54.12 108.00
96.80 87.84
171.57 3.83
155.09 58.96
14.54 32.84
12.20 99.63
89.33 76.53
51.98 65.49
0.74 145.91
8.68 73.48
49.73 4.22
59.08 106.02
70.03 92.05
114.05 106.77
40.37 48.66
132.17 13.00
63.26 117.03
4.99 14.19
76.34 7.41
76.83 34.39
61.71 21.78
4.22 1.55
182.42 76.16
46.87 26.35
29.39 14.77
56.89 11.08
51.57 35.28
26.39 74.41
108.06 58.24
55.80 38.01
34.14 30.39
112.90 5.36
4.10 5.82
75.33 48.42
106.10 50.04
2.92 32.54
16.21 70.18
96.33 18.82
22.60 22.72
80.74 87.45
196.31 42.20
33.49 141.32
3.39 84.13
51.57 115.23
128.53 54.44
83.09 125.26
71.99 81.34
120.36 81.84
32.50 34.01
35.00 89.84
2.64 84.26
80.59 6.63
140.86 64.04
146.92 8.64
65.02 92.47
116.10 105.52
39.44 56.74
32.01 7.45
65.09 86.80
82.86 133.02
38.75 73.82
13.62 29.35
55.56 33.48
82.01 91.25
49.41 20.91
73.03 24.39
94.34 69.01
19.38 24.76
60.26 67.88
35.95 5.51
8.21 77.64
26.01 47.02
58.44 37.28
65.65 89.13
55.03 29.40
176.79 90.93
5.62 38.56
13.38 99.35
53.54 62.98
19.74 39.12
79.49 86.92
120.96 55.96
132.02 60.59
29.56 52.33
58.29 101.47
26.06 150.94
10.52 19.93
44.85 41.56
17.73 99.34
41.10 48.34
33.37 27.91
2.98 80.62
81.45 31.35
33.52 139.97
0.10 84.79
60.36 19.18
53.50 27.36
34.62 8.47
12.13 46.94
91.38 34.85
99.71 12.31
115.95 41.72
138.25 103.75
83.17 45.60
103.82 37.16
55.11 51.50
56.46 20.96
42.10 136.94
67.80 36.22
23.39 41.25
39.53 153.80
9.09 69.45
59.59 92.32
24.21 93.92
58.89 25.52
31.33 43.69
64.89 65.38
92.59 57.63
69.22 67.69
61.24 35.56
130.52 5.33
59.39 136.59
79.88 25.11
