# nJobs | nMachines
150 2
# Job Weights
99
52
10
62
88
97
95
51
88
48
13
41
35
40
39
16
58
19
89
53
43
66
98
69
78
19
98
75
44
21
89
14
43
27
1
36
99
7
28
8
37
100
25
48
68
29
85
24
39
16
28
2
5
2
74
92
81
19
52
42
82
4
15
39
52
26
4
84
30
51
23
55
19
75
93
35
44
4
44
25
6
75
9
2
51
100
42
15
87
67
86
72
82
87
96
40
43
59
28
48
100
49
18
80
75
5
96
43
42
67
4
61
51
63
35
1
68
5
96
57
68
65
26
7
51
55
31
25
16
51
20
25
16
4
16
11
39
58
89
57
53
69
22
80
44
21
29
80
3
82
# P_bar : m1 | m2
24 28
30 42
12 44
13 25
29 25
45 49
12 44
11 19
38 23
25 45
41 45
45 22
10 23
44 15
38 43
17 47
42 26
43 29
43 32
15 10
12 43
35 20
38 17
11 15
40 11
39 40
11 34
19 44
24 18
10 42
14 50
13 45
25 27
29 27
34 35
48 47
17 23
38 40
17 37
29 50
44 40
36 44
38 18
50 26
10 30
37 45
49 19
41 26
20 21
28 16
15 11
42 29
12 39
13 39
47 25
25 14
25 29
30 28
50 13
11 30
49 37
38 47
35 34
25 26
14 15
25 43
19 38
21 16
25 13
33 14
22 22
50 48
22 33
23 33
20 35
34 37
35 33
39 19
31 10
23 45
17 35
42 20
38 24
19 38
23 10
38 31
42 24
46 10
15 45
11 44
43 12
17 38
10 30
18 40
17 23
22 48
19 39
46 46
25 41
43 46
39 30
42 18
46 23
46 14
46 32
20 33
11 32
33 30
36 13
25 10
11 23
21 49
30 43
41 45
16 31
28 40
42 47
49 13
13 48
14 15
13 18
28 37
22 15
43 14
33 28
18 23
36 36
32 27
44 39
20 49
49 15
44 25
27 11
14 40
48 43
49 14
43 45
42 42
12 42
20 41
26 12
31 32
33 45
34 48
33 37
47 35
39 10
48 13
47 12
47 25
# P_hat : m1 | m2
2.40 2.80
3.00 4.20
1.20 4.40
1.30 2.50
2.90 2.50
4.50 4.90
1.20 4.40
1.10 1.90
3.80 2.30
2.50 4.50
4.10 4.50
4.50 2.20
1.00 2.30
4.40 1.50
3.80 4.30
1.70 4.70
4.20 2.60
4.30 2.90
4.30 3.20
1.50 1.00
1.20 4.30
3.50 2.00
3.80 1.70
1.10 1.50
4.00 1.10
3.90 4.00
1.10 3.40
1.90 4.40
2.40 1.80
1.00 4.20
1.40 5.00
1.30 4.50
2.50 2.70
2.90 2.70
3.40 3.50
4.80 4.70
1.70 2.30
3.80 4.00
1.70 3.70
2.90 5.00
4.40 4.00
3.60 4.40
3.80 1.80
5.00 2.60
1.00 3.00
3.70 4.50
4.90 1.90
4.10 2.60
2.00 2.10
2.80 1.60
1.50 1.10
4.20 2.90
1.20 3.90
1.30 3.90
4.70 2.50
2.50 1.40
2.50 2.90
3.00 2.80
5.00 1.30
1.10 3.00
4.90 3.70
3.80 4.70
3.50 3.40
2.50 2.60
1.40 1.50
2.50 4.30
1.90 3.80
2.10 1.60
2.50 1.30
3.30 1.40
2.20 2.20
5.00 4.80
2.20 3.30
2.30 3.30
2.00 3.50
3.40 3.70
3.50 3.30
3.90 1.90
3.10 1.00
2.30 4.50
1.70 3.50
4.20 2.00
3.80 2.40
1.90 3.80
2.30 1.00
3.80 3.10
4.20 2.40
4.60 1.00
1.50 4.50
1.10 4.40
4.30 1.20
1.70 3.80
1.00 3.00
1.80 4.00
1.70 2.30
2.20 4.80
1.90 3.90
4.60 4.60
2.50 4.10
4.30 4.60
3.90 3.00
4.20 1.80
4.60 2.30
4.60 1.40
4.60 3.20
2.00 3.30
1.10 3.20
3.30 3.00
3.60 1.30
2.50 1.00
1.10 2.30
2.10 4.90
3.00 4.30
4.10 4.50
1.60 3.10
2.80 4.00
4.20 4.70
4.90 1.30
1.30 4.80
1.40 1.50
1.30 1.80
2.80 3.70
2.20 1.50
4.30 1.40
3.30 2.80
1.80 2.30
3.60 3.60
3.20 2.70
4.40 3.90
2.00 4.90
4.90 1.50
4.40 2.50
2.70 1.10
1.40 4.00
4.80 4.30
4.90 1.40
4.30 4.50
4.20 4.20
1.20 4.20
2.00 4.10
2.60 1.20
3.10 3.20
3.30 4.50
3.40 4.80
3.30 3.70
4.70 3.50
3.90 1.00
4.80 1.30
4.70 1.20
4.70 2.50
