# nJobs | nMachines
150 2
# Job Weights
68
56
81
79
26
14
95
7
93
15
95
63
18
39
20
83
95
86
37
43
5
77
44
95
3
90
13
16
19
42
68
55
68
41
83
64
69
94
95
82
31
23
28
8
57
68
61
71
67
31
13
93
66
37
83
83
73
29
96
36
95
99
33
56
65
20
62
13
50
3
97
70
19
49
64
32
4
22
82
28
18
99
45
57
24
46
50
86
54
86
72
88
67
7
27
81
69
83
60
52
81
46
4
80
78
2
45
22
71
10
96
24
86
35
70
10
68
43
38
3
56
99
67
27
91
99
81
62
14
5
55
38
27
30
36
43
73
94
47
48
19
61
44
25
6
42
62
5
40
74
# P_bar : m1 | m2
24 17
26 16
32 32
14 39
12 50
37 44
21 40
41 24
22 49
19 49
15 45
14 24
26 16
12 12
39 31
36 42
14 20
42 11
14 18
11 33
26 38
37 48
30 10
36 27
16 10
45 25
16 13
26 39
17 25
38 28
25 36
33 39
18 17
15 30
30 35
48 31
10 37
25 18
24 49
42 34
46 48
35 34
26 34
21 11
45 39
41 30
25 43
43 24
28 38
30 34
45 36
30 47
15 31
22 25
48 28
48 50
23 25
36 22
18 27
42 29
17 16
27 48
37 35
47 16
40 26
20 31
43 35
14 41
11 40
19 21
49 40
31 27
26 48
29 19
32 14
40 44
47 37
13 40
36 10
21 20
50 45
11 35
33 16
50 40
49 38
20 48
34 29
46 22
50 14
45 23
44 30
40 37
44 13
30 50
22 22
12 27
14 31
40 27
44 26
14 15
21 38
39 32
32 40
10 41
12 21
45 37
13 46
14 11
42 16
35 49
13 23
17 12
13 39
32 33
45 43
18 46
22 48
21 27
15 10
42 32
34 40
43 31
43 50
10 42
37 31
42 11
13 19
26 21
46 40
49 47
29 22
45 37
27 31
45 11
14 15
41 13
35 41
23 21
11 46
26 24
23 41
30 43
42 34
19 42
32 39
40 26
47 18
25 39
11 30
36 12
# P_hat : m1 | m2
0.27 4.78
0.21 3.97
7.10 8.11
1.34 6.66
2.87 5.74
4.79 12.34
2.85 5.19
6.31 3.88
4.71 6.56
1.56 8.30
0.55 6.35
2.34 0.35
2.55 4.23
1.59 1.60
7.57 5.48
5.34 1.75
2.61 0.02
6.86 0.81
3.11 3.80
2.33 0.98
4.17 10.36
7.54 3.10
7.86 0.61
4.67 1.47
1.98 0.04
10.32 5.79
2.80 3.41
0.55 7.19
4.55 1.41
0.35 2.40
5.61 5.14
7.51 11.17
5.15 1.26
0.24 6.58
5.37 4.61
6.16 2.77
0.99 5.06
0.68 0.38
4.05 11.74
6.04 2.48
1.44 10.45
6.43 0.70
5.76 9.74
4.83 0.64
12.22 10.33
5.04 7.29
7.15 12.49
11.16 3.44
2.49 8.29
1.43 3.78
5.88 1.99
3.62 6.25
2.59 1.54
3.85 7.37
10.80 0.81
7.34 8.84
0.72 4.70
9.27 3.55
1.67 5.36
12.24 1.01
0.60 2.66
7.76 4.14
1.01 9.87
3.26 3.66
0.56 7.59
4.23 0.35
10.97 2.99
1.82 2.40
3.06 0.13
3.36 1.53
9.26 8.15
7.86 1.87
2.32 7.33
3.08 5.06
8.70 2.91
10.81 5.21
13.77 4.13
3.52 5.47
1.38 0.53
5.19 3.80
6.15 4.92
3.27 8.95
4.68 3.63
8.31 7.33
7.79 4.15
1.93 3.02
0.77 6.75
12.36 3.21
12.04 0.94
1.88 1.35
10.25 1.49
7.51 8.63
5.40 0.89
2.29 7.90
5.67 2.98
2.52 4.69
2.30 8.16
7.31 7.03
1.20 3.52
1.99 0.07
1.22 4.86
2.44 5.82
6.35 6.69
2.73 8.01
1.45 0.97
2.80 7.18
2.53 2.52
3.66 2.48
9.43 1.63
9.12 10.44
2.09 0.33
3.83 1.47
0.55 8.25
3.34 2.25
5.26 10.26
2.76 8.70
6.13 8.46
5.51 2.86
0.61 1.45
2.18 5.73
3.65 5.67
3.75 6.49
7.93 6.51
2.71 2.55
10.68 1.99
8.24 0.02
3.27 1.72
4.10 4.72
2.87 9.53
7.71 2.85
4.83 6.33
10.02 5.58
1.78 8.53
4.97 2.33
1.53 3.25
11.80 0.33
4.66 2.71
5.21 0.06
2.48 9.88
2.07 2.48
3.95 9.68
8.05 4.37
5.99 8.36
5.39 1.65
2.06 2.03
0.89 2.66
12.57 2.21
6.36 4.08
3.28 6.87
7.34 0.35
