# nJobs | nMachines
10 10
# Job Weights
91
26
94
12
91
98
58
26
9
11
# P_bar : m1 | m2 | m3 | m4 | m5 | m6 | m7 | m8 | m9 | m10
48 37 50 20 46 32 21 38 26 23
22 15 35 17 47 12 29 37 27 42
13 26 25 48 31 13 17 30 27 25
50 33 28 10 19 39 50 46 24 50
31 50 30 46 17 50 19 18 34 30
16 36 15 49 23 40 41 41 23 33
19 23 35 15 32 49 22 11 45 36
39 37 38 41 11 17 34 37 14 18
30 21 13 45 13 18 23 35 23 28
47 31 37 33 27 27 37 42 14 10
# P_hat : m1 | m2 | m3 | m4 | m5 | m6 | m7 | m8 | m9 | m10
7.74 20.50 58.06 11.21 40.72 50.20 2.50 15.37 3.23 8.52
41.34 28.23 65.52 4.49 4.55 14.37 35.05 28.62 3.84 45.47
19.63 6.47 33.61 42.23 50.87 10.77 25.97 3.07 30.99 32.28
58.66 57.76 26.95 12.88 31.40 74.72 52.34 36.60 27.17 4.56
51.36 97.09 48.58 35.05 19.99 54.11 8.62 18.42 59.71 56.76
2.57 12.76 28.52 5.35 16.24 48.41 54.65 39.63 25.66 55.58
18.12 33.22 1.54 17.98 51.19 21.61 3.52 8.42 86.38 21.36
49.15 2.98 74.67 74.00 12.20 21.27 30.04 62.10 1.36 2.78
49.72 17.03 2.24 34.49 21.47 20.58 7.51 10.17 4.51 9.51
73.65 32.01 60.26 14.28 34.10 9.98 13.65 42.48 1.23 2.54
