# nJobs | nMachines
10 10
# Job Weights
33
24
52
35
10
79
72
93
82
61
# P_bar : m1 | m2 | m3 | m4 | m5 | m6 | m7 | m8 | m9 | m10
29 31 34 34 12 42 36 37 20 36
33 14 38 22 27 13 19 22 18 36
32 50 33 36 22 19 16 21 23 32
23 22 36 48 41 25 43 31 31 37
10 30 28 35 16 20 28 18 10 14
19 28 34 25 22 22 29 48 45 37
10 17 39 12 33 40 48 18 48 33
25 44 31 33 16 38 44 31 14 48
18 20 41 32 35 17 35 14 28 38
19 39 25 42 24 14 46 42 18 36
# P_hat : m1 | m2 | m3 | m4 | m5 | m6 | m7 | m8 | m9 | m10
28.01 4.71 4.84 10.41 9.93 22.48 16.36 17.00 0.77 5.41
14.27 0.86 4.61 13.73 19.81 2.80 16.04 17.27 16.23 26.55
9.98 39.04 10.01 18.97 16.92 0.23 1.57 18.73 10.61 16.39
11.64 10.12 3.64 20.45 0.45 6.03 20.99 29.62 19.75 25.17
4.40 1.74 19.38 4.57 6.66 19.52 4.20 14.16 6.59 0.58
2.01 27.86 2.12 22.17 10.59 17.63 9.42 15.14 40.28 3.14
6.41 0.98 19.87 5.40 0.63 38.38 35.39 12.39 30.56 23.64
5.40 30.58 30.90 6.42 4.16 18.54 20.94 13.57 8.60 3.46
11.15 19.67 33.37 11.77 26.61 1.87 13.16 3.57 1.87 2.71
12.35 9.33 15.38 17.39 3.29 7.67 18.15 35.32 9.33 0.44
