# nJobs | nMachines
10 10
# Job Weights
6
88
65
40
16
80
57
82
41
10
# P_bar : m1 | m2 | m3 | m4 | m5 | m6 | m7 | m8 | m9 | m10
39 36 49 23 27 35 17 30 32 12
30 11 23 16 13 27 18 16 45 36
24 29 10 31 28 35 26 23 28 38
36 41 46 46 46 32 40 42 35 49
47 11 25 36 11 17 42 45 29 50
19 36 35 45 23 31 44 39 29 29
34 36 13 37 49 44 45 15 25 30
37 38 29 13 13 18 20 26 20 44
35 29 26 42 48 13 27 20 18 12
14 24 16 47 44 30 29 39 30 10
# P_hat : m1 | m2 | m3 | m4 | m5 | m6 | m7 | m8 | m9 | m10
17.84 2.53 19.69 1.87 11.06 5.87 5.53 10.29 4.88 1.56
8.00 1.11 5.81 0.10 3.52 2.35 5.59 0.56 4.78 16.33
1.90 2.67 4.84 8.68 9.94 12.46 4.58 2.01 0.46 12.74
12.53 18.33 9.61 12.13 7.23 13.22 16.83 17.97 5.32 13.73
18.64 3.60 12.30 12.95 2.59 0.86 9.90 5.11 9.47 2.77
3.01 2.74 11.69 20.03 9.45 3.72 21.54 16.32 13.61 6.48
14.57 7.93 4.13 1.47 11.25 3.12 14.27 2.09 10.89 6.91
16.76 11.69 2.41 4.75 2.33 3.13 1.26 8.36 7.66 19.02
4.85 1.21 11.47 3.94 11.86 2.93 9.13 6.94 7.10 3.28
6.88 10.59 3.42 20.17 18.22 11.23 4.71 10.00 9.97 1.90
