# nJobs | nMachines
10 10
# Job Weights
85
36
79
29
48
63
56
17
94
14
# P_bar : m1 | m2 | m3 | m4 | m5 | m6 | m7 | m8 | m9 | m10
50 46 31 49 28 13 35 11 30 30
45 30 29 40 15 19 40 42 20 26
13 19 22 21 32 31 11 25 37 13
11 10 19 10 16 19 49 24 47 10
17 39 25 17 47 31 17 37 13 37
37 25 30 19 31 42 28 16 21 31
21 26 47 44 34 47 14 15 38 30
46 42 21 41 45 37 37 48 40 39
37 35 17 35 36 32 29 33 26 32
30 44 38 10 35 12 43 24 13 17
# P_hat : m1 | m2 | m3 | m4 | m5 | m6 | m7 | m8 | m9 | m10
0.79 6.66 12.52 10.23 13.47 5.90 6.44 3.73 5.12 1.40
14.32 2.42 12.99 4.44 1.89 2.28 12.65 0.35 1.13 11.66
2.04 8.83 3.50 1.26 7.96 2.25 3.48 6.40 17.11 5.85
2.80 4.04 1.05 1.69 2.41 4.65 13.13 2.72 20.62 3.17
7.71 12.35 2.85 8.01 6.69 15.28 0.77 11.94 1.68 6.27
4.61 10.89 6.41 3.07 0.57 5.08 11.69 1.39 6.93 5.41
4.31 10.45 19.22 11.41 10.36 15.80 2.25 5.18 15.53 10.89
17.38 3.92 9.04 14.41 11.31 14.09 3.45 9.28 11.10 17.49
4.23 15.62 0.06 6.36 0.93 3.80 0.59 15.46 6.89 14.19
1.15 11.87 9.70 4.86 4.88 4.37 12.70 1.65 1.57 6.63
