# nJobs | nMachines
10 10
# Job Weights
97
16
9
18
17
2
39
59
47
40
# P_bar : m1 | m2 | m3 | m4 | m5 | m6 | m7 | m8 | m9 | m10
22 22 32 21 37 17 13 29 12 26
48 41 35 32 46 31 33 48 15 39
13 11 45 28 36 25 45 16 24 45
25 17 18 31 48 17 11 29 29 11
48 17 26 21 49 18 11 10 30 45
11 41 47 33 38 24 14 40 26 42
16 34 20 15 16 17 30 13 23 44
18 37 33 34 11 11 27 17 13 23
18 41 43 11 38 14 48 36 18 13
15 30 15 46 32 30 20 50 47 26
# P_hat : m1 | m2 | m3 | m4 | m5 | m6 | m7 | m8 | m9 | m10
1.55 6.28 10.76 7.88 4.41 6.54 3.31 3.44 4.50 10.75
13.70 2.93 3.86 2.43 20.89 6.17 8.27 1.19 0.94 10.23
1.20 2.06 4.91 6.42 8.43 10.34 1.13 5.80 9.27 17.44
3.48 6.78 7.87 5.44 11.19 1.45 0.19 1.62 3.44 1.29
5.25 3.12 3.25 0.98 18.63 0.27 3.03 3.04 10.16 7.76
1.01 1.78 6.19 8.02 2.94 2.45 3.07 5.62 7.36 0.63
6.61 9.47 0.01 6.91 3.90 2.89 12.59 1.13 10.69 21.15
2.57 15.63 14.37 0.68 2.36 2.81 2.17 3.23 2.52 7.68
8.34 16.32 17.04 1.60 11.34 4.31 0.60 14.43 0.60 6.07
7.27 2.63 4.70 4.77 15.99 13.66 4.49 9.80 0.45 3.45
