# nJobs | nMachines
10 10
# Job Weights
72
91
88
18
56
45
35
39
68
97
# P_bar : m1 | m2 | m3 | m4 | m5 | m6 | m7 | m8 | m9 | m10
29 39 28 44 11 43 25 48 13 10
17 10 49 24 27 20 34 21 38 18
48 43 37 27 19 40 15 39 29 32
35 16 32 47 16 31 36 29 10 14
23 12 42 31 44 45 11 44 15 49
14 39 18 49 37 37 14 34 33 34
34 24 26 19 34 44 27 24 49 16
43 22 48 28 48 40 44 32 39 10
46 10 48 31 31 24 42 10 20 20
43 31 44 13 37 37 35 43 31 33
# P_hat : m1 | m2 | m3 | m4 | m5 | m6 | m7 | m8 | m9 | m10
1.34 12.43 3.79 17.71 2.04 13.55 5.55 15.72 0.72 1.54
6.36 1.21 6.07 9.88 12.43 2.48 0.37 2.73 5.49 8.22
21.95 15.35 1.16 12.59 5.55 14.11 2.26 3.11 4.49 15.25
7.60 0.73 7.34 12.79 4.31 6.63 9.05 2.33 1.25 2.29
2.98 1.20 15.39 3.10 5.91 9.96 0.31 1.55 3.86 8.68
3.04 17.11 5.46 15.11 6.82 12.01 3.44 3.16 8.84 8.60
12.30 8.86 8.75 7.06 15.22 20.60 12.52 7.97 8.74 7.53
0.19 0.15 1.95 10.33 16.00 1.28 2.32 14.11 6.90 4.38
13.56 1.24 22.84 8.08 12.20 9.90 16.05 4.07 8.29 1.03
13.19 3.32 18.45 0.44 8.41 5.41 7.17 14.73 12.23 6.48
