# nJobs | nMachines
10 10
# Job Weights
89
72
8
90
66
12
67
56
9
92
# P_bar : m1 | m2 | m3 | m4 | m5 | m6 | m7 | m8 | m9 | m10
47 14 28 34 30 45 14 18 16 31
44 11 44 50 20 16 17 28 37 50
18 23 49 19 30 49 25 34 37 25
19 34 35 43 40 16 41 45 43 40
32 36 20 30 35 44 41 19 21 27
46 24 40 14 22 19 22 33 18 31
13 23 44 38 25 17 30 38 50 33
12 46 13 16 31 46 13 10 33 41
30 46 26 13 33 38 41 34 39 26
48 38 27 12 35 49 49 11 21 14
# P_hat : m1 | m2 | m3 | m4 | m5 | m6 | m7 | m8 | m9 | m10
23.50 7.00 14.00 17.00 15.00 22.50 7.00 9.00 8.00 15.50
22.00 5.50 22.00 25.00 10.00 8.00 8.50 14.00 18.50 25.00
9.00 11.50 24.50 9.50 15.00 24.50 12.50 17.00 18.50 12.50
9.50 17.00 17.50 21.50 20.00 8.00 20.50 22.50 21.50 20.00
16.00 18.00 10.00 15.00 17.50 22.00 20.50 9.50 10.50 13.50
23.00 12.00 20.00 7.00 11.00 9.50 11.00 16.50 9.00 15.50
6.50 11.50 22.00 19.00 12.50 8.50 15.00 19.00 25.00 16.50
6.00 23.00 6.50 8.00 15.50 23.00 6.50 5.00 16.50 20.50
15.00 23.00 13.00 6.50 16.50 19.00 20.50 17.00 19.50 13.00
24.00 19.00 13.50 6.00 17.50 24.50 24.50 5.50 10.50 7.00
