# nJobs | nMachines
10 10
# Job Weights
79
34
31
2
44
12
10
37
66
17
# P_bar : m1 | m2 | m3 | m4 | m5 | m6 | m7 | m8 | m9 | m10
13 29 20 30 29 41 17 10 12 34
35 16 11 29 45 44 21 43 22 19
31 28 14 40 33 48 38 27 45 14
16 13 20 21 40 49 40 29 32 45
48 26 45 40 43 49 32 10 41 25
33 38 26 24 12 41 30 46 23 40
13 44 42 50 32 17 47 29 17 49
39 21 42 23 34 42 49 44 46 43
47 29 18 13 16 18 14 31 44 32
22 18 10 16 46 48 13 40 41 43
# P_hat : m1 | m2 | m3 | m4 | m5 | m6 | m7 | m8 | m9 | m10
3.22 9.79 11.37 47.79 55.43 80.46 21.26 7.64 4.90 21.49
4.94 27.33 6.36 42.89 85.83 33.58 33.95 11.38 20.64 2.12
56.38 0.74 10.56 51.64 23.25 74.42 5.25 10.62 72.08 17.07
6.08 13.31 15.73 6.54 3.45 33.57 26.78 13.77 11.53 21.67
78.84 40.01 49.01 43.76 15.40 61.51 20.08 6.00 9.01 19.34
35.95 71.04 8.31 4.20 9.41 15.75 38.14 59.14 40.65 6.45
2.02 80.01 58.06 37.74 60.66 4.96 33.46 34.85 11.66 14.42
74.52 34.42 14.08 19.02 9.60 78.80 14.55 61.26 62.92 25.63
23.21 51.52 11.17 1.04 24.43 33.04 16.70 22.48 2.23 5.74
37.82 7.17 10.07 8.77 10.00 85.20 21.17 65.92 56.58 78.33
