# nJobs | nMachines
10 10
# Job Weights
56
100
37
19
45
41
83
78
64
97
# P_bar : m1 | m2 | m3 | m4 | m5 | m6 | m7 | m8 | m9 | m10
40 40 48 37 21 12 48 43 10 48
18 42 28 28 20 29 34 43 20 30
25 23 11 43 14 23 47 38 35 45
32 38 35 31 17 18 36 23 36 26
25 50 36 33 12 49 43 15 45 35
39 29 17 29 17 40 45 25 15 24
21 46 35 35 16 14 27 50 40 11
30 28 23 20 38 48 48 45 49 36
30 13 44 24 35 21 32 28 42 15
16 12 44 15 46 15 38 48 23 15
# P_hat : m1 | m2 | m3 | m4 | m5 | m6 | m7 | m8 | m9 | m10
4.00 4.00 4.80 3.70 2.10 1.20 4.80 4.30 1.00 4.80
1.80 4.20 2.80 2.80 2.00 2.90 3.40 4.30 2.00 3.00
2.50 2.30 1.10 4.30 1.40 2.30 4.70 3.80 3.50 4.50
3.20 3.80 3.50 3.10 1.70 1.80 3.60 2.30 3.60 2.60
2.50 5.00 3.60 3.30 1.20 4.90 4.30 1.50 4.50 3.50
3.90 2.90 1.70 2.90 1.70 4.00 4.50 2.50 1.50 2.40
2.10 4.60 3.50 3.50 1.60 1.40 2.70 5.00 4.00 1.10
3.00 2.80 2.30 2.00 3.80 4.80 4.80 4.50 4.90 3.60
3.00 1.30 4.40 2.40 3.50 2.10 3.20 2.80 4.20 1.50
1.60 1.20 4.40 1.50 4.60 1.50 3.80 4.80 2.30 1.50
