# nJobs | nMachines
10 10
# Job Weights
36
16
66
43
45
31
96
69
6
41
# P_bar : m1 | m2 | m3 | m4 | m5 | m6 | m7 | m8 | m9 | m10
26 47 12 34 46 44 39 17 28 26
18 15 10 24 24 50 34 24 34 28
23 45 15 36 19 11 31 10 27 43
41 15 43 43 42 33 19 32 41 28
10 45 43 47 43 50 11 48 34 34
11 50 23 44 44 39 45 10 12 32
41 43 40 48 39 12 38 41 16 15
28 50 43 37 28 16 40 10 30 30
13 28 41 10 27 41 43 20 33 31
50 15 13 12 37 16 40 38 16 15
# P_hat : m1 | m2 | m3 | m4 | m5 | m6 | m7 | m8 | m9 | m10
5.20 9.40 2.40 6.80 9.20 8.80 7.80 3.40 5.60 5.20
3.60 3.00 2.00 4.80 4.80 10.00 6.80 4.80 6.80 5.60
4.60 9.00 3.00 7.20 3.80 2.20 6.20 2.00 5.40 8.60
8.20 3.00 8.60 8.60 8.40 6.60 3.80 6.40 8.20 5.60
2.00 9.00 8.60 9.40 8.60 10.00 2.20 9.60 6.80 6.80
2.20 10.00 4.60 8.80 8.80 7.80 9.00 2.00 2.40 6.40
8.20 8.60 8.00 9.60 7.80 2.40 7.60 8.20 3.20 3.00
5.60 10.00 8.60 7.40 5.60 3.20 8.00 2.00 6.00 6.00
2.60 5.60 8.20 2.00 5.40 8.20 8.60 4.00 6.60 6.20
10.00 3.00 2.60 2.40 7.40 3.20 8.00 7.60 3.20 3.00
