# nJobs | nMachines
15 5
# Job Weights
55
94
98
13
91
42
26
54
19
76
85
72
62
43
32
# P_bar : m1 | m2 | m3 | m4 | m5
16 35 41 47 33
43 38 48 15 35
20 49 14 14 23
11 36 29 22 35
30 49 43 12 49
15 45 39 15 18
41 49 30 25 14
50 47 23 11 19
30 32 21 28 17
38 30 15 36 42
24 14 46 29 23
43 21 49 15 21
45 31 35 11 10
46 20 24 27 35
45 20 50 47 46
# P_hat : m1 | m2 | m3 | m4 | m5
1.68 13.89 35.71 11.61 21.46
10.41 5.04 34.28 2.39 6.98
19.73 27.81 11.22 12.20 15.65
1.57 24.82 9.84 4.82 2.53
14.97 39.23 35.04 11.71 1.50
9.27 9.01 3.12 5.05 4.64
28.80 8.21 26.84 4.55 6.48
27.98 4.91 12.59 8.69 16.50
0.29 20.37 17.16 18.44 12.36
12.41 21.19 6.78 17.94 31.19
12.43 0.44 29.60 16.11 9.79
3.78 19.66 25.79 10.79 7.26
15.78 1.61 25.61 2.51 3.71
1.53 10.83 1.96 26.90 34.57
3.54 14.18 3.02 45.82 1.85
