# nJobs | nMachines
15 5
# Job Weights
47
32
6
31
82
97
33
57
82
46
51
39
19
58
74
# P_bar : m1 | m2 | m3 | m4 | m5
46 37 22 45 40
15 35 10 46 45
10 44 35 34 41
34 42 20 46 27
50 25 14 34 40
42 29 31 18 10
25 30 15 15 26
47 47 35 18 34
35 38 30 16 27
27 39 35 15 11
35 47 50 49 19
22 31 20 27 32
50 47 42 17 39
10 36 39 26 38
30 29 28 41 27
# P_hat : m1 | m2 | m3 | m4 | m5
10.74 3.59 5.32 10.32 4.67
3.42 9.43 2.57 8.61 3.09
0.56 11.72 10.48 7.78 7.34
0.90 4.10 1.45 0.54 7.52
10.48 6.76 0.17 8.54 11.15
4.64 8.67 3.82 3.35 1.03
3.24 7.43 0.59 2.54 4.12
0.44 11.91 0.24 3.37 2.16
2.73 2.84 3.24 4.15 8.06
0.27 6.75 8.23 2.64 3.24
9.23 0.95 8.49 8.54 3.70
1.61 0.88 1.88 8.02 7.72
8.36 14.08 8.24 3.86 8.37
0.12 3.53 2.71 3.45 6.76
6.00 6.51 0.12 8.70 0.43
