# nJobs | nMachines
15 5
# Job Weights
3
40
88
50
40
96
12
56
65
86
19
91
17
76
49
# P_bar : m1 | m2 | m3 | m4 | m5
26 11 30 14 34
24 34 44 18 31
15 16 46 10 32
27 13 33 33 32
30 11 14 31 14
32 21 34 22 11
10 43 27 34 26
45 25 19 49 30
47 24 21 28 45
23 29 13 37 30
21 31 20 28 45
34 21 39 29 21
32 18 44 50 27
13 21 41 18 12
34 42 31 47 14
# P_hat : m1 | m2 | m3 | m4 | m5
4.23 0.33 1.82 2.92 8.21
4.25 4.10 12.65 0.02 2.51
2.29 3.84 5.08 1.86 7.92
2.41 0.80 3.24 3.52 4.78
5.09 1.83 0.63 7.39 0.32
6.61 4.62 3.12 0.61 0.19
2.62 7.95 7.10 6.00 2.61
8.59 1.41 5.68 7.07 7.06
10.73 2.56 2.32 5.40 9.55
1.10 6.82 1.75 0.72 7.10
2.91 5.15 4.33 4.87 6.98
0.10 0.03 10.37 4.88 2.77
2.37 4.11 7.83 8.41 1.19
2.83 0.22 4.82 3.26 1.18
10.12 9.40 3.84 9.54 1.82
