# nJobs | nMachines
15 5
# Job Weights
3
40
88
50
40
96
12
56
65
86
19
91
17
76
49
# P_bar : m1 | m2 | m3 | m4 | m5
26 11 30 14 34
24 34 44 18 31
15 16 46 10 32
27 13 33 33 32
30 11 14 31 14
32 21 34 22 11
10 43 27 34 26
45 25 19 49 30
47 24 21 28 45
23 29 13 37 30
21 31 20 28 45
34 21 39 29 21
32 18 44 50 27
13 21 41 18 12
34 42 31 47 14
# P_hat : m1 | m2 | m3 | m4 | m5
2.60 1.10 3.00 1.40 3.40
2.40 3.40 4.40 1.80 3.10
1.50 1.60 4.60 1.00 3.20
2.70 1.30 3.30 3.30 3.20
3.00 1.10 1.40 3.10 1.40
3.20 2.10 3.40 2.20 1.10
1.00 4.30 2.70 3.40 2.60
4.50 2.50 1.90 4.90 3.00
4.70 2.40 2.10 2.80 4.50
2.30 2.90 1.30 3.70 3.00
2.10 3.10 2.00 2.80 4.50
3.40 2.10 3.90 2.90 2.10
3.20 1.80 4.40 5.00 2.70
1.30 2.10 4.10 1.80 1.20
3.40 4.20 3.10 4.70 1.40
