# nJobs | nMachines
15 5
# Job Weights
48
3
16
50
38
8
95
49
44
48
85
91
29
54
85
# P_bar : m1 | m2 | m3 | m4 | m5
33 50 12 38 11
24 47 19 44 39
41 40 31 12 50
23 26 23 35 21
37 27 30 26 47
45 17 33 28 14
10 39 40 41 22
16 36 21 46 20
26 11 18 39 31
19 31 46 25 49
44 13 28 14 27
26 10 20 48 36
42 42 49 24 28
15 28 46 48 28
12 26 16 40 41
# P_hat : m1 | m2 | m3 | m4 | m5
6.60 10.00 2.40 7.60 2.20
4.80 9.40 3.80 8.80 7.80
8.20 8.00 6.20 2.40 10.00
4.60 5.20 4.60 7.00 4.20
7.40 5.40 6.00 5.20 9.40
9.00 3.40 6.60 5.60 2.80
2.00 7.80 8.00 8.20 4.40
3.20 7.20 4.20 9.20 4.00
5.20 2.20 3.60 7.80 6.20
3.80 6.20 9.20 5.00 9.80
8.80 2.60 5.60 2.80 5.40
5.20 2.00 4.00 9.60 7.20
8.40 8.40 9.80 4.80 5.60
3.00 5.60 9.20 9.60 5.60
2.40 5.20 3.20 8.00 8.20
