# nJobs | nMachines
15 5
# Job Weights
22
68
18
7
15
2
74
51
63
48
97
67
59
6
59
# P_bar : m1 | m2 | m3 | m4 | m5
40 19 44 32 20
12 37 49 13 31
13 11 36 11 10
40 41 44 43 46
26 15 32 11 18
28 12 21 26 11
26 10 17 42 25
17 31 22 40 18
44 40 46 46 49
12 49 17 10 11
20 12 28 37 19
47 43 33 19 27
10 47 37 37 24
22 26 43 50 10
37 15 12 18 33
# P_hat : m1 | m2 | m3 | m4 | m5
16.00 7.60 17.60 12.80 8.00
4.80 14.80 19.60 5.20 12.40
5.20 4.40 14.40 4.40 4.00
16.00 16.40 17.60 17.20 18.40
10.40 6.00 12.80 4.40 7.20
11.20 4.80 8.40 10.40 4.40
10.40 4.00 6.80 16.80 10.00
6.80 12.40 8.80 16.00 7.20
17.60 16.00 18.40 18.40 19.60
4.80 19.60 6.80 4.00 4.40
8.00 4.80 11.20 14.80 7.60
18.80 17.20 13.20 7.60 10.80
4.00 18.80 14.80 14.80 9.60
8.80 10.40 17.20 20.00 4.00
14.80 6.00 4.80 7.20 13.20
