# nJobs | nMachines
15 5
# Job Weights
25
22
93
2
63
22
60
91
90
98
62
67
55
17
65
# P_bar : m1 | m2 | m3 | m4 | m5
47 15 16 37 28
27 14 33 26 10
22 45 13 18 37
21 27 34 42 16
46 49 47 39 24
46 26 37 49 17
42 45 37 38 25
36 43 25 42 43
19 21 22 38 15
26 21 34 23 12
26 26 30 15 19
25 49 45 21 37
45 46 48 45 13
49 47 37 45 21
40 47 14 45 15
# P_hat : m1 | m2 | m3 | m4 | m5
18.80 6.00 6.40 14.80 11.20
10.80 5.60 13.20 10.40 4.00
8.80 18.00 5.20 7.20 14.80
8.40 10.80 13.60 16.80 6.40
18.40 19.60 18.80 15.60 9.60
18.40 10.40 14.80 19.60 6.80
16.80 18.00 14.80 15.20 10.00
14.40 17.20 10.00 16.80 17.20
7.60 8.40 8.80 15.20 6.00
10.40 8.40 13.60 9.20 4.80
10.40 10.40 12.00 6.00 7.60
10.00 19.60 18.00 8.40 14.80
18.00 18.40 19.20 18.00 5.20
19.60 18.80 14.80 18.00 8.40
16.00 18.80 5.60 18.00 6.00
