# nJobs | nMachines
15 5
# Job Weights
25
22
93
2
63
22
60
91
90
98
62
67
55
17
65
# P_bar : m1 | m2 | m3 | m4 | m5
47 15 16 37 28
27 14 33 26 10
22 45 13 18 37
21 27 34 42 16
46 49 47 39 24
46 26 37 49 17
42 45 37 38 25
36 43 25 42 43
19 21 22 38 15
26 21 34 23 12
26 26 30 15 19
25 49 45 21 37
45 46 48 45 13
49 47 37 45 21
40 47 14 45 15
# P_hat : m1 | m2 | m3 | m4 | m5
20.34 10.68 15.64 34.27 25.75
1.19 13.74 24.99 5.95 9.93
3.65 25.63 2.10 11.42 1.66
9.36 7.01 16.21 9.33 12.18
9.62 21.41 33.76 12.55 8.92
2.30 15.43 9.15 41.55 6.67
35.43 3.29 23.70 27.70 18.86
35.32 26.76 16.67 4.01 39.49
15.07 20.60 3.58 16.29 14.26
22.20 3.99 19.21 0.67 6.93
6.29 20.61 23.15 7.21 6.79
24.02 44.49 22.45 13.91 29.14
8.86 43.41 0.58 5.33 3.26
46.62 45.13 0.33 13.00 11.85
39.79 24.51 5.00 17.90 5.38
