# nJobs | nMachines
15 5
# Job Weights
92
84
23
96
2
6
17
92
11
58
48
76
38
9
66
# P_bar : m1 | m2 | m3 | m4 | m5
43 13 33 25 28
20 22 16 39 44
28 40 38 37 22
24 31 48 12 25
48 40 11 13 28
28 23 14 34 28
31 40 10 13 30
23 38 23 15 50
27 18 27 47 31
13 37 16 14 43
15 24 21 10 19
50 40 33 17 50
40 38 47 47 27
36 13 48 12 37
49 44 47 23 32
# P_hat : m1 | m2 | m3 | m4 | m5
39.06 10.86 11.26 8.73 15.36
4.79 7.06 1.82 28.31 30.44
4.06 7.46 35.14 33.19 14.34
11.75 1.26 42.11 10.65 5.61
47.31 23.64 2.84 10.14 19.94
6.78 15.58 9.24 21.83 6.64
20.84 0.66 8.17 1.09 9.76
17.52 19.46 12.77 2.42 37.32
6.42 4.08 14.30 42.23 20.14
9.47 23.87 3.87 8.49 36.52
5.52 4.18 1.96 0.09 12.49
31.62 27.64 29.61 1.73 28.42
25.34 14.70 42.32 31.18 2.53
19.29 12.18 30.39 0.06 13.61
4.42 6.05 15.93 3.70 8.49
