# nJobs | nMachines
15 5
# Job Weights
56
38
34
49
26
56
80
60
50
82
57
16
98
94
50
# P_bar : m1 | m2 | m3 | m4 | m5
18 17 14 17 29
41 28 21 44 22
20 14 20 21 15
45 48 33 42 33
44 47 39 21 22
45 34 47 11 50
29 34 15 43 29
29 47 34 42 23
29 36 24 37 11
18 13 41 40 39
49 25 29 27 48
37 46 10 24 11
32 21 31 43 44
16 41 30 19 10
34 26 34 35 22
# P_hat : m1 | m2 | m3 | m4 | m5
3.60 3.40 2.80 3.40 5.80
8.20 5.60 4.20 8.80 4.40
4.00 2.80 4.00 4.20 3.00
9.00 9.60 6.60 8.40 6.60
8.80 9.40 7.80 4.20 4.40
9.00 6.80 9.40 2.20 10.00
5.80 6.80 3.00 8.60 5.80
5.80 9.40 6.80 8.40 4.60
5.80 7.20 4.80 7.40 2.20
3.60 2.60 8.20 8.00 7.80
9.80 5.00 5.80 5.40 9.60
7.40 9.20 2.00 4.80 2.20
6.40 4.20 6.20 8.60 8.80
3.20 8.20 6.00 3.80 2.00
6.80 5.20 6.80 7.00 4.40
