# nJobs | nMachines
15 5
# Job Weights
22
68
18
7
15
2
74
51
63
48
97
67
59
6
59
# P_bar : m1 | m2 | m3 | m4 | m5
40 19 44 32 20
12 37 49 13 31
13 11 36 11 10
40 41 44 43 46
26 15 32 11 18
28 12 21 26 11
26 10 17 42 25
17 31 22 40 18
44 40 46 46 49
12 49 17 10 11
20 12 28 37 19
47 43 33 19 27
10 47 37 37 24
22 26 43 50 10
37 15 12 18 33
# P_hat : m1 | m2 | m3 | m4 | m5
4.00 1.90 4.40 3.20 2.00
1.20 3.70 4.90 1.30 3.10
1.30 1.10 3.60 1.10 1.00
4.00 4.10 4.40 4.30 4.60
2.60 1.50 3.20 1.10 1.80
2.80 1.20 2.10 2.60 1.10
2.60 1.00 1.70 4.20 2.50
1.70 3.10 2.20 4.00 1.80
4.40 4.00 4.60 4.60 4.90
1.20 4.90 1.70 1.00 1.10
2.00 1.20 2.80 3.70 1.90
4.70 4.30 3.30 1.90 2.70
1.00 4.70 3.70 3.70 2.40
2.20 2.60 4.30 5.00 1.00
3.70 1.50 1.20 1.80 3.30
