# nJobs | nMachines
15 5
# Job Weights
25
22
93
2
63
22
60
91
90
98
62
67
55
17
65
# P_bar : m1 | m2 | m3 | m4 | m5
47 15 16 37 28
27 14 33 26 10
22 45 13 18 37
21 27 34 42 16
46 49 47 39 24
46 26 37 49 17
42 45 37 38 25
36 43 25 42 43
19 21 22 38 15
26 21 34 23 12
26 26 30 15 19
25 49 45 21 37
45 46 48 45 13
49 47 37 45 21
40 47 14 45 15
# P_hat : m1 | m2 | m3 | m4 | m5
169.56 15.92 44.45 56.32 108.31
87.12 33.69 96.23 16.96 2.07
86.67 53.38 44.81 56.61 74.71
63.36 77.16 37.27 123.39 45.98
72.35 148.77 151.73 59.96 82.81
108.68 10.66 28.90 4.94 12.19
111.05 92.49 51.11 127.53 80.00
11.30 87.53 33.56 1.92 95.07
41.38 31.02 86.11 106.96 23.79
73.77 78.37 116.49 89.26 6.32
17.40 86.06 84.14 26.26 65.76
78.06 136.65 130.87 19.74 23.28
105.08 131.44 107.92 126.88 16.11
186.64 86.80 140.17 147.08 24.36
6.79 173.15 27.79 98.36 52.28
