# nJobs | nMachines
15 5
# Job Weights
93
9
79
46
63
37
27
32
49
46
73
80
74
89
5
# P_bar : m1 | m2 | m3 | m4 | m5
16 16 21 10 24
30 29 24 11 34
33 17 40 36 42
48 24 18 20 32
33 31 13 41 32
19 11 34 25 47
35 17 50 47 11
25 15 37 39 20
19 48 31 14 12
18 40 26 42 22
42 18 37 27 12
50 35 28 42 46
21 30 32 34 20
10 30 32 11 43
23 37 25 32 23
# P_hat : m1 | m2 | m3 | m4 | m5
4.80 4.80 6.30 3.00 7.20
9.00 8.70 7.20 3.30 10.20
9.90 5.10 12.00 10.80 12.60
14.40 7.20 5.40 6.00 9.60
9.90 9.30 3.90 12.30 9.60
5.70 3.30 10.20 7.50 14.10
10.50 5.10 15.00 14.10 3.30
7.50 4.50 11.10 11.70 6.00
5.70 14.40 9.30 4.20 3.60
5.40 12.00 7.80 12.60 6.60
12.60 5.40 11.10 8.10 3.60
15.00 10.50 8.40 12.60 13.80
6.30 9.00 9.60 10.20 6.00
3.00 9.00 9.60 3.30 12.90
6.90 11.10 7.50 9.60 6.90
