# nJobs | nMachines
15 5
# Job Weights
47
32
6
31
82
97
33
57
82
46
51
39
19
58
74
# P_bar : m1 | m2 | m3 | m4 | m5
46 37 22 45 40
15 35 10 46 45
10 44 35 34 41
34 42 20 46 27
50 25 14 34 40
42 29 31 18 10
25 30 15 15 26
47 47 35 18 34
35 38 30 16 27
27 39 35 15 11
35 47 50 49 19
22 31 20 27 32
50 47 42 17 39
10 36 39 26 38
30 29 28 41 27
# P_hat : m1 | m2 | m3 | m4 | m5
4.60 3.70 2.20 4.50 4.00
1.50 3.50 1.00 4.60 4.50
1.00 4.40 3.50 3.40 4.10
3.40 4.20 2.00 4.60 2.70
5.00 2.50 1.40 3.40 4.00
4.20 2.90 3.10 1.80 1.00
2.50 3.00 1.50 1.50 2.60
4.70 4.70 3.50 1.80 3.40
3.50 3.80 3.00 1.60 2.70
2.70 3.90 3.50 1.50 1.10
3.50 4.70 5.00 4.90 1.90
2.20 3.10 2.00 2.70 3.20
5.00 4.70 4.20 1.70 3.90
1.00 3.60 3.90 2.60 3.80
3.00 2.90 2.80 4.10 2.70
