# nJobs | nMachines
15 5
# Job Weights
56
38
34
49
26
56
80
60
50
82
57
16
98
94
50
# P_bar : m1 | m2 | m3 | m4 | m5
18 17 14 17 29
41 28 21 44 22
20 14 20 21 15
45 48 33 42 33
44 47 39 21 22
45 34 47 11 50
29 34 15 43 29
29 47 34 42 23
29 36 24 37 11
18 13 41 40 39
49 25 29 27 48
37 46 10 24 11
32 21 31 43 44
16 41 30 19 10
34 26 34 35 22
# P_hat : m1 | m2 | m3 | m4 | m5
31.32 9.72 3.06 23.55 48.38
10.71 11.38 35.87 11.83 32.58
31.62 21.33 17.57 12.57 4.29
11.23 37.11 55.90 30.13 49.73
69.89 48.06 69.66 33.79 33.83
24.82 33.48 5.87 6.13 65.85
50.87 39.25 26.50 18.12 44.43
54.75 81.36 30.49 80.43 38.91
8.63 70.61 24.50 0.66 13.50
16.66 10.60 51.38 79.83 6.91
96.14 41.38 53.73 36.55 46.81
35.77 70.34 0.38 39.77 1.71
55.27 24.09 29.56 25.34 35.86
18.84 78.40 41.26 0.54 8.14
25.52 10.42 49.14 51.65 2.90
