# nJobs | nMachines
15 5
# Job Weights
92
84
23
96
2
6
17
92
11
58
48
76
38
9
66
# P_bar : m1 | m2 | m3 | m4 | m5
43 13 33 25 28
20 22 16 39 44
28 40 38 37 22
24 31 48 12 25
48 40 11 13 28
28 23 14 34 28
31 40 10 13 30
23 38 23 15 50
27 18 27 47 31
13 37 16 14 43
15 24 21 10 19
50 40 33 17 50
40 38 47 47 27
36 13 48 12 37
49 44 47 23 32
# P_hat : m1 | m2 | m3 | m4 | m5
8.89 36.19 46.99 61.59 43.48
42.51 35.99 48.50 99.07 113.22
60.55 27.73 2.19 6.70 40.33
61.19 19.40 22.29 17.98 54.56
139.41 40.04 2.02 32.54 105.44
109.30 50.53 2.28 68.43 43.24
64.02 114.34 34.22 44.54 115.34
29.71 100.35 64.74 39.52 181.07
85.88 20.16 51.21 30.63 24.28
14.08 141.32 6.26 3.95 11.93
26.34 70.84 41.30 25.70 7.66
15.69 88.70 62.50 1.80 3.64
4.06 92.98 32.56 110.13 10.20
138.62 21.82 83.30 45.13 101.09
163.85 43.60 74.92 52.94 9.11
