# nJobs | nMachines
15 5
# Job Weights
48
3
16
50
38
8
95
49
44
48
85
91
29
54
85
# P_bar : m1 | m2 | m3 | m4 | m5
33 50 12 38 11
24 47 19 44 39
41 40 31 12 50
23 26 23 35 21
37 27 30 26 47
45 17 33 28 14
10 39 40 41 22
16 36 21 46 20
26 11 18 39 31
19 31 46 25 49
44 13 28 14 27
26 10 20 48 36
42 42 49 24 28
15 28 46 48 28
12 26 16 40 41
# P_hat : m1 | m2 | m3 | m4 | m5
16.50 25.00 6.00 19.00 5.50
12.00 23.50 9.50 22.00 19.50
20.50 20.00 15.50 6.00 25.00
11.50 13.00 11.50 17.50 10.50
18.50 13.50 15.00 13.00 23.50
22.50 8.50 16.50 14.00 7.00
5.00 19.50 20.00 20.50 11.00
8.00 18.00 10.50 23.00 10.00
13.00 5.50 9.00 19.50 15.50
9.50 15.50 23.00 12.50 24.50
22.00 6.50 14.00 7.00 13.50
13.00 5.00 10.00 24.00 18.00
21.00 21.00 24.50 12.00 14.00
7.50 14.00 23.00 24.00 14.00
6.00 13.00 8.00 20.00 20.50
