# nJobs | nMachines
15 5
# Job Weights
25
22
93
2
63
22
60
91
90
98
62
67
55
17
65
# P_bar : m1 | m2 | m3 | m4 | m5
47 15 16 37 28
27 14 33 26 10
22 45 13 18 37
21 27 34 42 16
46 49 47 39 24
46 26 37 49 17
42 45 37 38 25
36 43 25 42 43
19 21 22 38 15
26 21 34 23 12
26 26 30 15 19
25 49 45 21 37
45 46 48 45 13
49 47 37 45 21
40 47 14 45 15
# P_hat : m1 | m2 | m3 | m4 | m5
23.50 7.50 8.00 18.50 14.00
13.50 7.00 16.50 13.00 5.00
11.00 22.50 6.50 9.00 18.50
10.50 13.50 17.00 21.00 8.00
23.00 24.50 23.50 19.50 12.00
23.00 13.00 18.50 24.50 8.50
21.00 22.50 18.50 19.00 12.50
18.00 21.50 12.50 21.00 21.50
9.50 10.50 11.00 19.00 7.50
13.00 10.50 17.00 11.50 6.00
13.00 13.00 15.00 7.50 9.50
12.50 24.50 22.50 10.50 18.50
22.50 23.00 24.00 22.50 6.50
24.50 23.50 18.50 22.50 10.50
20.00 23.50 7.00 22.50 7.50
