# nJobs | nMachines
15 5
# Job Weights
48
3
16
50
38
8
95
49
44
48
85
91
29
54
85
# P_bar : m1 | m2 | m3 | m4 | m5
33 50 12 38 11
24 47 19 44 39
41 40 31 12 50
23 26 23 35 21
37 27 30 26 47
45 17 33 28 14
10 39 40 41 22
16 36 21 46 20
26 11 18 39 31
19 31 46 25 49
44 13 28 14 27
26 10 20 48 36
42 42 49 24 28
15 28 46 48 28
12 26 16 40 41
# P_hat : m1 | m2 | m3 | m4 | m5
3.30 5.00 1.20 3.80 1.10
2.40 4.70 1.90 4.40 3.90
4.10 4.00 3.10 1.20 5.00
2.30 2.60 2.30 3.50 2.10
3.70 2.70 3.00 2.60 4.70
4.50 1.70 3.30 2.80 1.40
1.00 3.90 4.00 4.10 2.20
1.60 3.60 2.10 4.60 2.00
2.60 1.10 1.80 3.90 3.10
1.90 3.10 4.60 2.50 4.90
4.40 1.30 2.80 1.40 2.70
2.60 1.00 2.00 4.80 3.60
4.20 4.20 4.90 2.40 2.80
1.50 2.80 4.60 4.80 2.80
1.20 2.60 1.60 4.00 4.10
