# nJobs | nMachines
15 5
# Job Weights
3
40
88
50
40
96
12
56
65
86
19
91
17
76
49
# P_bar : m1 | m2 | m3 | m4 | m5
26 11 30 14 34
24 34 44 18 31
15 16 46 10 32
27 13 33 33 32
30 11 14 31 14
32 21 34 22 11
10 43 27 34 26
45 25 19 49 30
47 24 21 28 45
23 29 13 37 30
21 31 20 28 45
34 21 39 29 21
32 18 44 50 27
13 21 41 18 12
34 42 31 47 14
# P_hat : m1 | m2 | m3 | m4 | m5
7.80 3.30 9.00 4.20 10.20
7.20 10.20 13.20 5.40 9.30
4.50 4.80 13.80 3.00 9.60
8.10 3.90 9.90 9.90 9.60
9.00 3.30 4.20 9.30 4.20
9.60 6.30 10.20 6.60 3.30
3.00 12.90 8.10 10.20 7.80
13.50 7.50 5.70 14.70 9.00
14.10 7.20 6.30 8.40 13.50
6.90 8.70 3.90 11.10 9.00
6.30 9.30 6.00 8.40 13.50
10.20 6.30 11.70 8.70 6.30
9.60 5.40 13.20 15.00 8.10
3.90 6.30 12.30 5.40 3.60
10.20 12.60 9.30 14.10 4.20
