# nJobs | nMachines
15 5
# Job Weights
47
32
6
31
82
97
33
57
82
46
51
39
19
58
74
# P_bar : m1 | m2 | m3 | m4 | m5
46 37 22 45 40
15 35 10 46 45
10 44 35 34 41
34 42 20 46 27
50 25 14 34 40
42 29 31 18 10
25 30 15 15 26
47 47 35 18 34
35 38 30 16 27
27 39 35 15 11
35 47 50 49 19
22 31 20 27 32
50 47 42 17 39
10 36 39 26 38
30 29 28 41 27
# P_hat : m1 | m2 | m3 | m4 | m5
18.40 14.80 8.80 18.00 16.00
6.00 14.00 4.00 18.40 18.00
4.00 17.60 14.00 13.60 16.40
13.60 16.80 8.00 18.40 10.80
20.00 10.00 5.60 13.60 16.00
16.80 11.60 12.40 7.20 4.00
10.00 12.00 6.00 6.00 10.40
18.80 18.80 14.00 7.20 13.60
14.00 15.20 12.00 6.40 10.80
10.80 15.60 14.00 6.00 4.40
14.00 18.80 20.00 19.60 7.60
8.80 12.40 8.00 10.80 12.80
20.00 18.80 16.80 6.80 15.60
4.00 14.40 15.60 10.40 15.20
12.00 11.60 11.20 16.40 10.80
