# nJobs | nMachines
15 5
# Job Weights
13
99
2
98
37
38
46
47
11
47
74
44
4
7
92
# P_bar : m1 | m2 | m3 | m4 | m5
18 14 45 39 25
13 49 48 27 28
12 43 47 30 42
36 46 50 22 41
46 11 49 26 36
16 42 40 25 25
19 12 19 24 28
20 14 25 38 43
31 39 46 10 48
26 26 44 15 29
27 16 27 17 47
27 27 31 16 31
29 26 31 26 24
45 12 12 48 50
18 22 47 50 10
# P_hat : m1 | m2 | m3 | m4 | m5
0.63 2.39 9.37 10.20 7.39
3.67 11.21 7.82 7.55 7.05
2.26 11.31 3.55 5.09 1.57
3.62 4.72 5.19 4.60 11.33
1.92 2.71 2.67 7.20 9.39
3.81 1.39 10.90 5.30 3.89
3.53 3.05 3.33 1.10 4.97
3.20 0.54 3.01 6.57 5.15
8.31 4.65 6.38 1.82 0.79
6.15 6.22 12.50 1.91 2.92
1.23 0.72 1.24 3.76 11.32
2.52 1.86 5.45 4.48 0.04
2.16 5.63 4.70 7.22 2.40
10.04 2.59 2.20 6.49 5.97
0.18 4.23 0.26 1.70 1.61
