# nJobs | nMachines
15 5
# Job Weights
92
84
23
96
2
6
17
92
11
58
48
76
38
9
66
# P_bar : m1 | m2 | m3 | m4 | m5
43 13 33 25 28
20 22 16 39 44
28 40 38 37 22
24 31 48 12 25
48 40 11 13 28
28 23 14 34 28
31 40 10 13 30
23 38 23 15 50
27 18 27 47 31
13 37 16 14 43
15 24 21 10 19
50 40 33 17 50
40 38 47 47 27
36 13 48 12 37
49 44 47 23 32
# P_hat : m1 | m2 | m3 | m4 | m5
20.98 24.45 36.75 40.47 2.01
38.92 41.97 29.96 63.19 40.97
22.01 73.19 52.90 64.16 23.88
42.82 22.95 54.73 21.92 14.33
60.59 1.24 2.14 13.29 33.09
44.51 42.70 17.22 34.10 1.71
31.16 34.25 19.80 20.76 2.24
26.54 73.47 6.44 19.50 82.26
26.60 34.69 27.99 65.98 22.33
5.08 63.12 28.08 22.28 10.93
21.67 14.13 31.11 17.80 19.85
28.08 30.81 46.00 11.49 77.00
1.95 64.69 66.03 35.30 11.65
46.47 8.24 34.51 2.26 46.09
17.36 14.92 27.60 26.60 5.46
