# nJobs | nMachines
15 5
# Job Weights
55
94
98
13
91
42
26
54
19
76
85
72
62
43
32
# P_bar : m1 | m2 | m3 | m4 | m5
16 35 41 47 33
43 38 48 15 35
20 49 14 14 23
11 36 29 22 35
30 49 43 12 49
15 45 39 15 18
41 49 30 25 14
50 47 23 11 19
30 32 21 28 17
38 30 15 36 42
24 14 46 29 23
43 21 49 15 21
45 31 35 11 10
46 20 24 27 35
45 20 50 47 46
# P_hat : m1 | m2 | m3 | m4 | m5
27.75 9.21 13.41 77.92 13.59
49.77 54.40 37.54 12.93 7.83
17.54 89.09 27.14 6.96 12.41
15.96 12.94 14.97 27.15 4.00
29.20 23.28 56.48 16.96 52.05
26.20 87.43 25.36 5.01 33.72
73.86 17.74 46.41 8.38 1.10
42.17 80.31 6.02 0.81 4.64
16.61 31.51 40.73 41.24 15.37
45.02 14.83 13.61 47.79 78.45
43.79 24.38 21.72 27.53 14.54
18.12 18.70 7.20 25.33 21.30
56.07 31.92 11.88 17.72 0.83
58.10 14.37 24.95 31.61 10.38
65.98 23.72 33.70 81.62 90.77
