# nJobs | nMachines
15 5
# Job Weights
93
9
79
46
63
37
27
32
49
46
73
80
74
89
5
# P_bar : m1 | m2 | m3 | m4 | m5
16 16 21 10 24
30 29 24 11 34
33 17 40 36 42
48 24 18 20 32
33 31 13 41 32
19 11 34 25 47
35 17 50 47 11
25 15 37 39 20
19 48 31 14 12
18 40 26 42 22
42 18 37 27 12
50 35 28 42 46
21 30 32 34 20
10 30 32 11 43
23 37 25 32 23
# P_hat : m1 | m2 | m3 | m4 | m5
3.20 3.20 4.20 2.00 4.80
6.00 5.80 4.80 2.20 6.80
6.60 3.40 8.00 7.20 8.40
9.60 4.80 3.60 4.00 6.40
6.60 6.20 2.60 8.20 6.40
3.80 2.20 6.80 5.00 9.40
7.00 3.40 10.00 9.40 2.20
5.00 3.00 7.40 7.80 4.00
3.80 9.60 6.20 2.80 2.40
3.60 8.00 5.20 8.40 4.40
8.40 3.60 7.40 5.40 2.40
10.00 7.00 5.60 8.40 9.20
4.20 6.00 6.40 6.80 4.00
2.00 6.00 6.40 2.20 8.60
4.60 7.40 5.00 6.40 4.60
