# nJobs | nMachines
15 5
# Job Weights
56
38
34
49
26
56
80
60
50
82
57
16
98
94
50
# P_bar : m1 | m2 | m3 | m4 | m5
18 17 14 17 29
41 28 21 44 22
20 14 20 21 15
45 48 33 42 33
44 47 39 21 22
45 34 47 11 50
29 34 15 43 29
29 47 34 42 23
29 36 24 37 11
18 13 41 40 39
49 25 29 27 48
37 46 10 24 11
32 21 31 43 44
16 41 30 19 10
34 26 34 35 22
# P_hat : m1 | m2 | m3 | m4 | m5
8.60 6.39 0.84 5.54 8.44
16.83 0.99 9.48 18.60 4.08
0.02 0.56 0.66 7.27 4.51
14.32 8.51 8.81 9.03 11.64
1.12 22.13 2.77 7.07 7.57
5.80 11.37 0.28 1.51 9.36
0.86 11.54 3.17 6.59 2.42
8.76 8.51 5.02 16.57 4.95
9.96 10.69 5.83 8.26 0.78
1.03 0.07 11.83 15.97 17.36
9.40 7.95 0.63 11.10 8.30
8.44 21.01 0.62 10.29 0.85
5.90 6.43 8.66 19.71 0.56
0.97 17.91 5.15 4.09 3.23
7.12 9.41 12.40 5.58 7.01
