# nJobs | nMachines
15 5
# Job Weights
47
32
6
31
82
97
33
57
82
46
51
39
19
58
74
# P_bar : m1 | m2 | m3 | m4 | m5
46 37 22 45 40
15 35 10 46 45
10 44 35 34 41
34 42 20 46 27
50 25 14 34 40
42 29 31 18 10
25 30 15 15 26
47 47 35 18 34
35 38 30 16 27
27 39 35 15 11
35 47 50 49 19
22 31 20 27 32
50 47 42 17 39
10 36 39 26 38
30 29 28 41 27
# P_hat : m1 | m2 | m3 | m4 | m5
12.99 6.44 33.01 13.90 40.79
17.13 38.97 3.04 44.83 45.11
3.71 74.37 32.08 29.24 4.12
18.95 66.86 14.05 54.92 1.89
21.87 8.76 2.63 67.97 44.09
15.36 39.02 30.14 27.70 8.76
41.29 13.23 27.62 11.94 43.64
26.86 20.51 2.80 29.79 10.93
64.90 66.43 17.49 5.46 1.35
52.38 19.47 14.53 0.91 9.88
39.99 24.75 23.81 20.04 9.02
6.29 0.04 36.34 18.38 3.18
37.45 81.84 39.32 17.36 56.52
15.95 57.07 36.37 31.99 8.48
22.04 36.39 42.59 74.67 32.85
