# nJobs | nMachines
15 5
# Job Weights
3
40
88
50
40
96
12
56
65
86
19
91
17
76
49
# P_bar : m1 | m2 | m3 | m4 | m5
26 11 30 14 34
24 34 44 18 31
15 16 46 10 32
27 13 33 33 32
30 11 14 31 14
32 21 34 22 11
10 43 27 34 26
45 25 19 49 30
47 24 21 28 45
23 29 13 37 30
21 31 20 28 45
34 21 39 29 21
32 18 44 50 27
13 21 41 18 12
34 42 31 47 14
# P_hat : m1 | m2 | m3 | m4 | m5
6.76 9.36 20.07 10.59 16.93
17.54 19.08 20.34 9.35 3.27
14.72 8.37 18.94 2.05 21.02
6.93 1.49 21.48 28.97 26.31
19.63 9.46 7.64 27.27 5.33
6.34 15.18 2.12 19.15 8.53
5.65 2.91 13.84 8.12 25.08
20.88 17.70 15.32 22.11 6.11
45.68 13.04 9.64 27.58 23.55
14.00 2.37 0.68 28.56 8.61
7.34 14.21 15.73 0.76 35.68
3.88 10.18 7.85 1.89 12.13
4.84 2.98 11.38 23.20 17.13
2.93 19.86 6.75 16.37 9.57
8.53 35.70 10.24 25.32 5.54
