# nJobs | nMachines
15 5
# Job Weights
92
84
23
96
2
6
17
92
11
58
48
76
38
9
66
# P_bar : m1 | m2 | m3 | m4 | m5
43 13 33 25 28
20 22 16 39 44
28 40 38 37 22
24 31 48 12 25
48 40 11 13 28
28 23 14 34 28
31 40 10 13 30
23 38 23 15 50
27 18 27 47 31
13 37 16 14 43
15 24 21 10 19
50 40 33 17 50
40 38 47 47 27
36 13 48 12 37
49 44 47 23 32
# P_hat : m1 | m2 | m3 | m4 | m5
8.60 2.60 6.60 5.00 5.60
4.00 4.40 3.20 7.80 8.80
5.60 8.00 7.60 7.40 4.40
4.80 6.20 9.60 2.40 5.00
9.60 8.00 2.20 2.60 5.60
5.60 4.60 2.80 6.80 5.60
6.20 8.00 2.00 2.60 6.00
4.60 7.60 4.60 3.00 10.00
5.40 3.60 5.40 9.40 6.20
2.60 7.40 3.20 2.80 8.60
3.00 4.80 4.20 2.00 3.80
10.00 8.00 6.60 3.40 10.00
8.00 7.60 9.40 9.40 5.40
7.20 2.60 9.60 2.40 7.40
9.80 8.80 9.40 4.60 6.40
