# nJobs | nMachines
15 5
# Job Weights
56
38
34
49
26
56
80
60
50
82
57
16
98
94
50
# P_bar : m1 | m2 | m3 | m4 | m5
18 17 14 17 29
41 28 21 44 22
20 14 20 21 15
45 48 33 42 33
44 47 39 21 22
45 34 47 11 50
29 34 15 43 29
29 47 34 42 23
29 36 24 37 11
18 13 41 40 39
49 25 29 27 48
37 46 10 24 11
32 21 31 43 44
16 41 30 19 10
34 26 34 35 22
# P_hat : m1 | m2 | m3 | m4 | m5
5.40 5.10 4.20 5.10 8.70
12.30 8.40 6.30 13.20 6.60
6.00 4.20 6.00 6.30 4.50
13.50 14.40 9.90 12.60 9.90
13.20 14.10 11.70 6.30 6.60
13.50 10.20 14.10 3.30 15.00
8.70 10.20 4.50 12.90 8.70
8.70 14.10 10.20 12.60 6.90
8.70 10.80 7.20 11.10 3.30
5.40 3.90 12.30 12.00 11.70
14.70 7.50 8.70 8.10 14.40
11.10 13.80 3.00 7.20 3.30
9.60 6.30 9.30 12.90 13.20
4.80 12.30 9.00 5.70 3.00
10.20 7.80 10.20 10.50 6.60
