# nJobs | nMachines
15 5
# Job Weights
93
9
79
46
63
37
27
32
49
46
73
80
74
89
5
# P_bar : m1 | m2 | m3 | m4 | m5
16 16 21 10 24
30 29 24 11 34
33 17 40 36 42
48 24 18 20 32
33 31 13 41 32
19 11 34 25 47
35 17 50 47 11
25 15 37 39 20
19 48 31 14 12
18 40 26 42 22
42 18 37 27 12
50 35 28 42 46
21 30 32 34 20
10 30 32 11 43
23 37 25 32 23
# P_hat : m1 | m2 | m3 | m4 | m5
7.50 15.26 8.47 5.14 5.76
12.44 17.58 3.22 8.62 2.58
9.02 3.89 1.15 14.28 5.41
2.71 16.12 13.59 12.44 4.10
28.54 19.16 8.06 35.36 4.86
15.45 3.94 23.94 23.74 6.52
34.99 1.93 10.65 6.91 7.05
24.92 10.07 5.05 36.14 3.64
10.55 24.97 0.45 6.89 4.15
13.84 30.89 9.12 10.85 19.73
39.68 9.36 21.83 12.40 5.69
42.48 29.83 10.98 41.16 30.71
5.19 16.56 14.00 16.75 3.45
4.51 16.83 28.93 3.62 8.27
2.97 32.44 8.71 20.27 0.94
