# nJobs | nMachines
15 5
# Job Weights
13
99
2
98
37
38
46
47
11
47
74
44
4
7
92
# P_bar : m1 | m2 | m3 | m4 | m5
18 14 45 39 25
13 49 48 27 28
12 43 47 30 42
36 46 50 22 41
46 11 49 26 36
16 42 40 25 25
19 12 19 24 28
20 14 25 38 43
31 39 46 10 48
26 26 44 15 29
27 16 27 17 47
27 27 31 16 31
29 26 31 26 24
45 12 12 48 50
18 22 47 50 10
# P_hat : m1 | m2 | m3 | m4 | m5
3.74 6.11 6.27 0.43 2.07
0.34 14.43 40.08 3.70 16.89
2.18 40.78 46.27 27.00 10.30
20.99 35.13 26.28 19.23 15.96
19.39 1.54 8.41 15.53 10.39
14.28 36.48 10.89 15.01 8.89
15.53 5.85 0.35 15.96 20.13
6.84 12.52 22.86 6.66 12.78
8.04 31.19 5.42 9.14 27.19
9.87 11.06 25.37 6.28 13.81
15.94 0.36 7.40 6.51 31.19
7.24 7.25 17.18 8.30 29.04
18.10 14.08 20.19 1.22 17.58
18.42 7.60 9.96 7.98 10.75
9.94 5.67 9.70 36.90 0.31
