# nJobs | nMachines
15 5
# Job Weights
13
99
2
98
37
38
46
47
11
47
74
44
4
7
92
# P_bar : m1 | m2 | m3 | m4 | m5
18 14 45 39 25
13 49 48 27 28
12 43 47 30 42
36 46 50 22 41
46 11 49 26 36
16 42 40 25 25
19 12 19 24 28
20 14 25 38 43
31 39 46 10 48
26 26 44 15 29
27 16 27 17 47
27 27 31 16 31
29 26 31 26 24
45 12 12 48 50
18 22 47 50 10
# P_hat : m1 | m2 | m3 | m4 | m5
7.20 5.60 18.00 15.60 10.00
5.20 19.60 19.20 10.80 11.20
4.80 17.20 18.80 12.00 16.80
14.40 18.40 20.00 8.80 16.40
18.40 4.40 19.60 10.40 14.40
6.40 16.80 16.00 10.00 10.00
7.60 4.80 7.60 9.60 11.20
8.00 5.60 10.00 15.20 17.20
12.40 15.60 18.40 4.00 19.20
10.40 10.40 17.60 6.00 11.60
10.80 6.40 10.80 6.80 18.80
10.80 10.80 12.40 6.40 12.40
11.60 10.40 12.40 10.40 9.60
18.00 4.80 4.80 19.20 20.00
7.20 8.80 18.80 20.00 4.00
