# nJobs | nMachines
15 5
# Job Weights
55
94
98
13
91
42
26
54
19
76
85
72
62
43
32
# P_bar : m1 | m2 | m3 | m4 | m5
16 35 41 47 33
43 38 48 15 35
20 49 14 14 23
11 36 29 22 35
30 49 43 12 49
15 45 39 15 18
41 49 30 25 14
50 47 23 11 19
30 32 21 28 17
38 30 15 36 42
24 14 46 29 23
43 21 49 15 21
45 31 35 11 10
46 20 24 27 35
45 20 50 47 46
# P_hat : m1 | m2 | m3 | m4 | m5
6.40 14.00 16.40 18.80 13.20
17.20 15.20 19.20 6.00 14.00
8.00 19.60 5.60 5.60 9.20
4.40 14.40 11.60 8.80 14.00
12.00 19.60 17.20 4.80 19.60
6.00 18.00 15.60 6.00 7.20
16.40 19.60 12.00 10.00 5.60
20.00 18.80 9.20 4.40 7.60
12.00 12.80 8.40 11.20 6.80
15.20 12.00 6.00 14.40 16.80
9.60 5.60 18.40 11.60 9.20
17.20 8.40 19.60 6.00 8.40
18.00 12.40 14.00 4.40 4.00
18.40 8.00 9.60 10.80 14.00
18.00 8.00 20.00 18.80 18.40
