# nJobs | nMachines
15 5
# Job Weights
22
68
18
7
15
2
74
51
63
48
97
67
59
6
59
# P_bar : m1 | m2 | m3 | m4 | m5
40 19 44 32 20
12 37 49 13 31
13 11 36 11 10
40 41 44 43 46
26 15 32 11 18
28 12 21 26 11
26 10 17 42 25
17 31 22 40 18
44 40 46 46 49
12 49 17 10 11
20 12 28 37 19
47 43 33 19 27
10 47 37 37 24
22 26 43 50 10
37 15 12 18 33
# P_hat : m1 | m2 | m3 | m4 | m5
17.32 4.28 9.56 4.33 6.17
5.68 17.72 17.72 1.61 11.51
0.69 2.19 0.16 0.34 3.69
3.10 17.22 12.97 9.87 11.99
12.28 1.41 9.81 4.03 0.62
10.31 4.03 6.70 7.89 2.04
11.48 4.89 2.06 14.13 11.51
1.72 1.58 7.85 1.62 5.26
12.93 0.17 2.10 21.88 13.19
4.21 10.62 1.69 4.19 1.48
6.80 0.56 12.28 14.89 3.50
9.59 16.09 12.19 7.82 12.09
0.08 21.49 0.25 17.26 8.00
6.41 5.64 5.34 13.61 3.94
4.68 1.94 1.29 1.80 7.50
