# nJobs | nMachines
15 5
# Job Weights
93
9
79
46
63
37
27
32
49
46
73
80
74
89
5
# P_bar : m1 | m2 | m3 | m4 | m5
16 16 21 10 24
30 29 24 11 34
33 17 40 36 42
48 24 18 20 32
33 31 13 41 32
19 11 34 25 47
35 17 50 47 11
25 15 37 39 20
19 48 31 14 12
18 40 26 42 22
42 18 37 27 12
50 35 28 42 46
21 30 32 34 20
10 30 32 11 43
23 37 25 32 23
# P_hat : m1 | m2 | m3 | m4 | m5
6.22 3.00 6.61 1.77 7.36
8.38 4.14 8.35 3.21 7.11
7.00 7.38 9.09 1.40 19.59
21.75 2.68 5.65 9.74 13.86
1.83 14.93 3.80 20.22 0.72
4.68 0.07 15.32 8.73 0.62
0.20 8.24 1.14 12.60 2.07
5.86 0.32 5.20 6.04 8.11
0.53 21.39 14.73 5.70 5.92
1.07 10.55 11.57 14.38 1.65
2.47 8.94 8.43 2.20 3.56
16.23 1.29 8.68 19.13 8.76
7.83 8.31 4.44 13.98 9.70
2.92 14.54 3.01 5.22 18.11
11.06 9.68 5.80 11.61 9.64
