# nJobs | nMachines
15 5
# Job Weights
13
99
2
98
37
38
46
47
11
47
74
44
4
7
92
# P_bar : m1 | m2 | m3 | m4 | m5
18 14 45 39 25
13 49 48 27 28
12 43 47 30 42
36 46 50 22 41
46 11 49 26 36
16 42 40 25 25
19 12 19 24 28
20 14 25 38 43
31 39 46 10 48
26 26 44 15 29
27 16 27 17 47
27 27 31 16 31
29 26 31 26 24
45 12 12 48 50
18 22 47 50 10
# P_hat : m1 | m2 | m3 | m4 | m5
8.28 0.09 4.29 7.28 2.23
2.25 16.26 0.88 3.66 9.14
2.08 3.83 11.09 9.66 5.00
13.28 22.10 14.12 4.50 2.04
10.40 0.82 1.61 0.33 4.38
1.80 8.71 15.51 1.95 9.03
4.30 0.51 4.31 8.59 11.98
1.41 6.98 6.55 12.52 17.85
2.73 9.79 10.14 0.14 9.53
6.48 7.74 8.82 1.66 9.69
5.66 0.54 7.56 1.96 4.82
12.35 10.12 2.41 5.38 4.54
5.25 2.73 2.82 0.26 10.76
13.06 5.39 5.17 2.50 0.33
5.69 2.26 22.23 20.00 0.43
