# nJobs | nMachines
15 5
# Job Weights
25
22
93
2
63
22
60
91
90
98
62
67
55
17
65
# P_bar : m1 | m2 | m3 | m4 | m5
47 15 16 37 28
27 14 33 26 10
22 45 13 18 37
21 27 34 42 16
46 49 47 39 24
46 26 37 49 17
42 45 37 38 25
36 43 25 42 43
19 21 22 38 15
26 21 34 23 12
26 26 30 15 19
25 49 45 21 37
45 46 48 45 13
49 47 37 45 21
40 47 14 45 15
# P_hat : m1 | m2 | m3 | m4 | m5
12.25 2.25 5.98 14.45 2.06
13.18 4.53 7.82 7.52 0.04
1.38 21.92 0.38 1.32 11.67
0.18 11.44 16.28 17.03 3.58
17.71 0.58 22.15 12.40 1.61
18.56 11.68 14.53 9.51 8.14
2.52 17.62 18.34 12.81 6.62
4.78 16.78 6.81 5.46 5.20
0.17 4.81 10.59 6.56 3.75
3.81 4.18 1.29 10.55 4.08
10.05 3.94 5.49 2.18 0.72
6.47 1.61 5.07 4.93 5.08
7.83 5.25 4.70 20.03 5.25
9.11 5.80 2.60 15.92 4.83
0.03 11.38 4.36 1.40 4.10
