# nJobs | nMachines
15 5
# Job Weights
3
40
88
50
40
96
12
56
65
86
19
91
17
76
49
# P_bar : m1 | m2 | m3 | m4 | m5
26 11 30 14 34
24 34 44 18 31
15 16 46 10 32
27 13 33 33 32
30 11 14 31 14
32 21 34 22 11
10 43 27 34 26
45 25 19 49 30
47 24 21 28 45
23 29 13 37 30
21 31 20 28 45
34 21 39 29 21
32 18 44 50 27
13 21 41 18 12
34 42 31 47 14
# P_hat : m1 | m2 | m3 | m4 | m5
5.20 2.20 6.00 2.80 6.80
4.80 6.80 8.80 3.60 6.20
3.00 3.20 9.20 2.00 6.40
5.40 2.60 6.60 6.60 6.40
6.00 2.20 2.80 6.20 2.80
6.40 4.20 6.80 4.40 2.20
2.00 8.60 5.40 6.80 5.20
9.00 5.00 3.80 9.80 6.00
9.40 4.80 4.20 5.60 9.00
4.60 5.80 2.60 7.40 6.00
4.20 6.20 4.00 5.60 9.00
6.80 4.20 7.80 5.80 4.20
6.40 3.60 8.80 10.00 5.40
2.60 4.20 8.20 3.60 2.40
6.80 8.40 6.20 9.40 2.80
