# nJobs | nMachines
15 5
# Job Weights
13
99
2
98
37
38
46
47
11
47
74
44
4
7
92
# P_bar : m1 | m2 | m3 | m4 | m5
18 14 45 39 25
13 49 48 27 28
12 43 47 30 42
36 46 50 22 41
46 11 49 26 36
16 42 40 25 25
19 12 19 24 28
20 14 25 38 43
31 39 46 10 48
26 26 44 15 29
27 16 27 17 47
27 27 31 16 31
29 26 31 26 24
45 12 12 48 50
18 22 47 50 10
# P_hat : m1 | m2 | m3 | m4 | m5
1.80 1.40 4.50 3.90 2.50
1.30 4.90 4.80 2.70 2.80
1.20 4.30 4.70 3.00 4.20
3.60 4.60 5.00 2.20 4.10
4.60 1.10 4.90 2.60 3.60
1.60 4.20 4.00 2.50 2.50
1.90 1.20 1.90 2.40 2.80
2.00 1.40 2.50 3.80 4.30
3.10 3.90 4.60 1.00 4.80
2.60 2.60 4.40 1.50 2.90
2.70 1.60 2.70 1.70 4.70
2.70 2.70 3.10 1.60 3.10
2.90 2.60 3.10 2.60 2.40
4.50 1.20 1.20 4.80 5.00
1.80 2.20 4.70 5.00 1.00
