# nJobs | nMachines
15 5
# Job Weights
13
99
2
98
37
38
46
47
11
47
74
44
4
7
92
# P_bar : m1 | m2 | m3 | m4 | m5
18 14 45 39 25
13 49 48 27 28
12 43 47 30 42
36 46 50 22 41
46 11 49 26 36
16 42 40 25 25
19 12 19 24 28
20 14 25 38 43
31 39 46 10 48
26 26 44 15 29
27 16 27 17 47
27 27 31 16 31
29 26 31 26 24
45 12 12 48 50
18 22 47 50 10
# P_hat : m1 | m2 | m3 | m4 | m5
62.98 41.30 141.54 27.54 81.58
27.50 46.80 17.17 23.81 25.14
45.08 19.00 78.51 22.37 37.60
115.02 65.25 175.82 68.60 88.06
183.62 12.64 185.17 36.41 85.38
22.45 49.78 74.78 5.78 58.01
58.31 11.21 46.62 93.03 10.25
32.15 2.36 16.70 134.34 150.92
59.50 2.79 182.38 37.11 51.00
65.26 102.72 40.77 59.69 15.02
94.36 27.38 101.82 11.82 167.08
106.28 41.51 80.56 25.36 118.50
89.12 70.68 75.36 78.86 82.76
75.20 10.48 24.61 133.64 161.90
30.34 83.60 43.37 30.78 26.21
