# nJobs | nMachines
15 5
# Job Weights
93
9
79
46
63
37
27
32
49
46
73
80
74
89
5
# P_bar : m1 | m2 | m3 | m4 | m5
16 16 21 10 24
30 29 24 11 34
33 17 40 36 42
48 24 18 20 32
33 31 13 41 32
19 11 34 25 47
35 17 50 47 11
25 15 37 39 20
19 48 31 14 12
18 40 26 42 22
42 18 37 27 12
50 35 28 42 46
21 30 32 34 20
10 30 32 11 43
23 37 25 32 23
# P_hat : m1 | m2 | m3 | m4 | m5
5.41 29.47 29.96 17.81 17.09
16.72 3.54 42.97 13.06 67.08
11.68 9.41 40.93 48.90 50.89
8.52 38.70 19.16 31.57 15.18
7.96 46.39 2.79 40.87 6.51
17.51 4.06 30.42 4.35 14.37
14.44 7.12 53.26 50.49 5.41
18.21 11.11 17.94 45.77 6.43
19.13 46.51 16.69 20.87 4.48
24.85 49.46 19.62 36.26 12.54
3.30 13.28 1.49 6.89 4.16
79.94 32.38 18.04 23.84 82.50
26.37 44.85 13.53 24.69 3.21
1.64 2.20 20.96 14.21 45.11
40.18 18.68 5.99 36.53 18.88
