# nJobs | nMachines
15 5
# Job Weights
55
94
98
13
91
42
26
54
19
76
85
72
62
43
32
# P_bar : m1 | m2 | m3 | m4 | m5
16 35 41 47 33
43 38 48 15 35
20 49 14 14 23
11 36 29 22 35
30 49 43 12 49
15 45 39 15 18
41 49 30 25 14
50 47 23 11 19
30 32 21 28 17
38 30 15 36 42
24 14 46 29 23
43 21 49 15 21
45 31 35 11 10
46 20 24 27 35
45 20 50 47 46
# P_hat : m1 | m2 | m3 | m4 | m5
4.80 10.50 12.30 14.10 9.90
12.90 11.40 14.40 4.50 10.50
6.00 14.70 4.20 4.20 6.90
3.30 10.80 8.70 6.60 10.50
9.00 14.70 12.90 3.60 14.70
4.50 13.50 11.70 4.50 5.40
12.30 14.70 9.00 7.50 4.20
15.00 14.10 6.90 3.30 5.70
9.00 9.60 6.30 8.40 5.10
11.40 9.00 4.50 10.80 12.60
7.20 4.20 13.80 8.70 6.90
12.90 6.30 14.70 4.50 6.30
13.50 9.30 10.50 3.30 3.00
13.80 6.00 7.20 8.10 10.50
13.50 6.00 15.00 14.10 13.80
