# nJobs | nMachines
15 5
# Job Weights
13
99
2
98
37
38
46
47
11
47
74
44
4
7
92
# P_bar : m1 | m2 | m3 | m4 | m5
18 14 45 39 25
13 49 48 27 28
12 43 47 30 42
36 46 50 22 41
46 11 49 26 36
16 42 40 25 25
19 12 19 24 28
20 14 25 38 43
31 39 46 10 48
26 26 44 15 29
27 16 27 17 47
27 27 31 16 31
29 26 31 26 24
45 12 12 48 50
18 22 47 50 10
# P_hat : m1 | m2 | m3 | m4 | m5
5.40 4.20 13.50 11.70 7.50
3.90 14.70 14.40 8.10 8.40
3.60 12.90 14.10 9.00 12.60
10.80 13.80 15.00 6.60 12.30
13.80 3.30 14.70 7.80 10.80
4.80 12.60 12.00 7.50 7.50
5.70 3.60 5.70 7.20 8.40
6.00 4.20 7.50 11.40 12.90
9.30 11.70 13.80 3.00 14.40
7.80 7.80 13.20 4.50 8.70
8.10 4.80 8.10 5.10 14.10
8.10 8.10 9.30 4.80 9.30
8.70 7.80 9.30 7.80 7.20
13.50 3.60 3.60 14.40 15.00
5.40 6.60 14.10 15.00 3.00
