# nJobs | nMachines
15 5
# Job Weights
47
32
6
31
82
97
33
57
82
46
51
39
19
58
74
# P_bar : m1 | m2 | m3 | m4 | m5
46 37 22 45 40
15 35 10 46 45
10 44 35 34 41
34 42 20 46 27
50 25 14 34 40
42 29 31 18 10
25 30 15 15 26
47 47 35 18 34
35 38 30 16 27
27 39 35 15 11
35 47 50 49 19
22 31 20 27 32
50 47 42 17 39
10 36 39 26 38
30 29 28 41 27
# P_hat : m1 | m2 | m3 | m4 | m5
6.77 7.79 13.73 14.12 13.13
14.60 28.32 2.74 24.75 20.43
7.59 6.46 17.07 28.56 31.26
32.90 14.39 1.65 45.51 3.40
21.99 21.62 6.43 30.24 7.86
11.69 4.49 9.50 6.69 9.51
19.96 2.48 12.34 2.93 4.56
15.33 22.77 1.99 8.81 19.30
10.48 11.49 12.56 11.87 15.64
6.28 21.97 16.05 7.39 5.39
4.54 37.78 36.25 23.68 12.25
5.64 4.25 11.49 22.63 7.35
17.77 27.29 28.02 6.14 21.55
6.74 18.20 30.30 22.35 14.14
1.88 4.18 24.14 16.68 17.87
