# nJobs | nMachines
15 5
# Job Weights
93
9
79
46
63
37
27
32
49
46
73
80
74
89
5
# P_bar : m1 | m2 | m3 | m4 | m5
16 16 21 10 24
30 29 24 11 34
33 17 40 36 42
48 24 18 20 32
33 31 13 41 32
19 11 34 25 47
35 17 50 47 11
25 15 37 39 20
19 48 31 14 12
18 40 26 42 22
42 18 37 27 12
50 35 28 42 46
21 30 32 34 20
10 30 32 11 43
23 37 25 32 23
# P_hat : m1 | m2 | m3 | m4 | m5
8.00 8.00 10.50 5.00 12.00
15.00 14.50 12.00 5.50 17.00
16.50 8.50 20.00 18.00 21.00
24.00 12.00 9.00 10.00 16.00
16.50 15.50 6.50 20.50 16.00
9.50 5.50 17.00 12.50 23.50
17.50 8.50 25.00 23.50 5.50
12.50 7.50 18.50 19.50 10.00
9.50 24.00 15.50 7.00 6.00
9.00 20.00 13.00 21.00 11.00
21.00 9.00 18.50 13.50 6.00
25.00 17.50 14.00 21.00 23.00
10.50 15.00 16.00 17.00 10.00
5.00 15.00 16.00 5.50 21.50
11.50 18.50 12.50 16.00 11.50
