# nJobs | nMachines
15 5
# Job Weights
92
84
23
96
2
6
17
92
11
58
48
76
38
9
66
# P_bar : m1 | m2 | m3 | m4 | m5
43 13 33 25 28
20 22 16 39 44
28 40 38 37 22
24 31 48 12 25
48 40 11 13 28
28 23 14 34 28
31 40 10 13 30
23 38 23 15 50
27 18 27 47 31
13 37 16 14 43
15 24 21 10 19
50 40 33 17 50
40 38 47 47 27
36 13 48 12 37
49 44 47 23 32
# P_hat : m1 | m2 | m3 | m4 | m5
17.20 5.20 13.20 10.00 11.20
8.00 8.80 6.40 15.60 17.60
11.20 16.00 15.20 14.80 8.80
9.60 12.40 19.20 4.80 10.00
19.20 16.00 4.40 5.20 11.20
11.20 9.20 5.60 13.60 11.20
12.40 16.00 4.00 5.20 12.00
9.20 15.20 9.20 6.00 20.00
10.80 7.20 10.80 18.80 12.40
5.20 14.80 6.40 5.60 17.20
6.00 9.60 8.40 4.00 7.60
20.00 16.00 13.20 6.80 20.00
16.00 15.20 18.80 18.80 10.80
14.40 5.20 19.20 4.80 14.80
19.60 17.60 18.80 9.20 12.80
