# nJobs | nMachines
15 5
# Job Weights
22
68
18
7
15
2
74
51
63
48
97
67
59
6
59
# P_bar : m1 | m2 | m3 | m4 | m5
40 19 44 32 20
12 37 49 13 31
13 11 36 11 10
40 41 44 43 46
26 15 32 11 18
28 12 21 26 11
26 10 17 42 25
17 31 22 40 18
44 40 46 46 49
12 49 17 10 11
20 12 28 37 19
47 43 33 19 27
10 47 37 37 24
22 26 43 50 10
37 15 12 18 33
# P_hat : m1 | m2 | m3 | m4 | m5
25.21 9.33 4.86 16.18 3.21
2.98 34.30 14.17 12.23 20.88
9.17 1.16 11.15 9.64 1.79
17.10 31.34 11.00 4.41 31.92
11.51 6.15 16.48 4.32 4.13
18.18 7.86 11.25 14.39 1.29
24.34 2.60 6.07 21.13 4.13
1.09 4.94 7.78 7.75 0.04
36.29 6.42 38.11 39.51 35.22
3.51 3.45 13.42 6.77 8.06
8.88 2.23 8.62 31.00 9.78
1.03 28.56 30.16 16.32 4.36
3.01 41.44 35.25 27.69 2.01
11.06 21.17 14.05 21.96 0.19
2.08 10.28 4.25 10.99 5.47
