# nJobs | nMachines
15 5
# Job Weights
13
99
2
98
37
38
46
47
11
47
74
44
4
7
92
# P_bar : m1 | m2 | m3 | m4 | m5
18 14 45 39 25
13 49 48 27 28
12 43 47 30 42
36 46 50 22 41
46 11 49 26 36
16 42 40 25 25
19 12 19 24 28
20 14 25 38 43
31 39 46 10 48
26 26 44 15 29
27 16 27 17 47
27 27 31 16 31
29 26 31 26 24
45 12 12 48 50
18 22 47 50 10
# P_hat : m1 | m2 | m3 | m4 | m5
9.44 22.38 59.29 54.40 34.81
15.47 68.08 66.46 16.06 19.03
1.23 23.40 79.82 55.46 60.88
35.74 54.30 24.97 42.73 5.36
54.91 7.94 47.96 49.10 22.70
10.70 7.69 17.70 23.71 26.97
29.29 22.02 37.53 41.38 44.28
4.26 3.83 47.20 64.19 27.41
4.66 74.12 3.63 6.38 60.09
37.87 23.19 62.09 24.87 51.39
26.76 5.92 49.96 1.26 57.89
37.17 29.26 11.20 19.08 14.44
25.22 45.39 35.21 11.96 1.17
22.18 17.57 21.97 11.57 87.01
29.49 35.49 3.19 7.70 0.43
