# nJobs | nMachines
15 5
# Job Weights
22
68
18
7
15
2
74
51
63
48
97
67
59
6
59
# P_bar : m1 | m2 | m3 | m4 | m5
40 19 44 32 20
12 37 49 13 31
13 11 36 11 10
40 41 44 43 46
26 15 32 11 18
28 12 21 26 11
26 10 17 42 25
17 31 22 40 18
44 40 46 46 49
12 49 17 10 11
20 12 28 37 19
47 43 33 19 27
10 47 37 37 24
22 26 43 50 10
37 15 12 18 33
# P_hat : m1 | m2 | m3 | m4 | m5
71.27 15.80 12.57 16.21 3.03
5.80 31.74 67.82 0.26 24.05
9.21 11.90 14.85 15.92 16.07
8.43 57.11 34.48 46.07 82.96
11.56 21.06 57.32 18.39 7.33
29.08 4.12 8.58 42.71 1.47
31.60 10.00 17.27 70.84 43.87
8.34 25.54 18.45 38.81 14.02
5.08 69.64 1.67 30.69 53.09
9.38 61.88 26.95 15.83 21.30
9.37 12.78 3.87 33.40 2.53
20.64 9.92 31.30 6.97 35.01
19.20 56.93 41.49 63.27 3.56
27.12 6.09 54.04 88.26 7.51
41.21 10.12 16.53 16.79 53.05
