# nJobs | nMachines
15 5
# Job Weights
48
3
16
50
38
8
95
49
44
48
85
91
29
54
85
# P_bar : m1 | m2 | m3 | m4 | m5
33 50 12 38 11
24 47 19 44 39
41 40 31 12 50
23 26 23 35 21
37 27 30 26 47
45 17 33 28 14
10 39 40 41 22
16 36 21 46 20
26 11 18 39 31
19 31 46 25 49
44 13 28 14 27
26 10 20 48 36
42 42 49 24 28
15 28 46 48 28
12 26 16 40 41
# P_hat : m1 | m2 | m3 | m4 | m5
13.20 20.00 4.80 15.20 4.40
9.60 18.80 7.60 17.60 15.60
16.40 16.00 12.40 4.80 20.00
9.20 10.40 9.20 14.00 8.40
14.80 10.80 12.00 10.40 18.80
18.00 6.80 13.20 11.20 5.60
4.00 15.60 16.00 16.40 8.80
6.40 14.40 8.40 18.40 8.00
10.40 4.40 7.20 15.60 12.40
7.60 12.40 18.40 10.00 19.60
17.60 5.20 11.20 5.60 10.80
10.40 4.00 8.00 19.20 14.40
16.80 16.80 19.60 9.60 11.20
6.00 11.20 18.40 19.20 11.20
4.80 10.40 6.40 16.00 16.40
