# nJobs | nMachines
15 5
# Job Weights
22
68
18
7
15
2
74
51
63
48
97
67
59
6
59
# P_bar : m1 | m2 | m3 | m4 | m5
40 19 44 32 20
12 37 49 13 31
13 11 36 11 10
40 41 44 43 46
26 15 32 11 18
28 12 21 26 11
26 10 17 42 25
17 31 22 40 18
44 40 46 46 49
12 49 17 10 11
20 12 28 37 19
47 43 33 19 27
10 47 37 37 24
22 26 43 50 10
37 15 12 18 33
# P_hat : m1 | m2 | m3 | m4 | m5
12.00 5.70 13.20 9.60 6.00
3.60 11.10 14.70 3.90 9.30
3.90 3.30 10.80 3.30 3.00
12.00 12.30 13.20 12.90 13.80
7.80 4.50 9.60 3.30 5.40
8.40 3.60 6.30 7.80 3.30
7.80 3.00 5.10 12.60 7.50
5.10 9.30 6.60 12.00 5.40
13.20 12.00 13.80 13.80 14.70
3.60 14.70 5.10 3.00 3.30
6.00 3.60 8.40 11.10 5.70
14.10 12.90 9.90 5.70 8.10
3.00 14.10 11.10 11.10 7.20
6.60 7.80 12.90 15.00 3.00
11.10 4.50 3.60 5.40 9.90
