# nJobs | nMachines
15 5
# Job Weights
55
94
98
13
91
42
26
54
19
76
85
72
62
43
32
# P_bar : m1 | m2 | m3 | m4 | m5
16 35 41 47 33
43 38 48 15 35
20 49 14 14 23
11 36 29 22 35
30 49 43 12 49
15 45 39 15 18
41 49 30 25 14
50 47 23 11 19
30 32 21 28 17
38 30 15 36 42
24 14 46 29 23
43 21 49 15 21
45 31 35 11 10
46 20 24 27 35
45 20 50 47 46
# P_hat : m1 | m2 | m3 | m4 | m5
6.07 3.86 18.33 14.72 4.44
0.53 1.57 5.52 0.98 13.96
0.22 16.67 1.49 0.23 3.57
1.78 11.78 0.45 10.13 7.97
7.33 6.69 14.01 3.70 0.28
5.78 21.39 7.19 5.97 0.65
14.01 3.70 12.97 6.02 2.75
11.15 10.16 5.44 0.65 4.56
4.10 15.10 10.17 1.75 5.10
18.95 6.30 1.39 12.34 6.12
5.11 4.47 19.98 6.24 7.99
9.70 4.17 19.03 1.50 9.03
3.68 4.25 13.49 2.70 3.90
18.28 9.84 10.14 0.87 0.69
15.61 4.09 19.03 13.68 11.05
