# nJobs | nMachines
15 5
# Job Weights
92
84
23
96
2
6
17
92
11
58
48
76
38
9
66
# P_bar : m1 | m2 | m3 | m4 | m5
43 13 33 25 28
20 22 16 39 44
28 40 38 37 22
24 31 48 12 25
48 40 11 13 28
28 23 14 34 28
31 40 10 13 30
23 38 23 15 50
27 18 27 47 31
13 37 16 14 43
15 24 21 10 19
50 40 33 17 50
40 38 47 47 27
36 13 48 12 37
49 44 47 23 32
# P_hat : m1 | m2 | m3 | m4 | m5
4.30 1.30 3.30 2.50 2.80
2.00 2.20 1.60 3.90 4.40
2.80 4.00 3.80 3.70 2.20
2.40 3.10 4.80 1.20 2.50
4.80 4.00 1.10 1.30 2.80
2.80 2.30 1.40 3.40 2.80
3.10 4.00 1.00 1.30 3.00
2.30 3.80 2.30 1.50 5.00
2.70 1.80 2.70 4.70 3.10
1.30 3.70 1.60 1.40 4.30
1.50 2.40 2.10 1.00 1.90
5.00 4.00 3.30 1.70 5.00
4.00 3.80 4.70 4.70 2.70
3.60 1.30 4.80 1.20 3.70
4.90 4.40 4.70 2.30 3.20
