# nJobs | nMachines
15 5
# Job Weights
48
3
16
50
38
8
95
49
44
48
85
91
29
54
85
# P_bar : m1 | m2 | m3 | m4 | m5
33 50 12 38 11
24 47 19 44 39
41 40 31 12 50
23 26 23 35 21
37 27 30 26 47
45 17 33 28 14
10 39 40 41 22
16 36 21 46 20
26 11 18 39 31
19 31 46 25 49
44 13 28 14 27
26 10 20 48 36
42 42 49 24 28
15 28 46 48 28
12 26 16 40 41
# P_hat : m1 | m2 | m3 | m4 | m5
1.58 17.31 3.11 8.84 1.29
0.28 23.29 0.64 1.32 7.79
13.16 2.57 12.41 3.37 3.81
6.98 1.35 2.69 16.76 10.42
10.11 9.78 8.10 2.28 21.78
5.22 4.92 14.52 9.66 3.78
1.95 5.35 13.02 4.12 9.26
4.76 1.43 5.60 12.32 5.21
6.46 0.47 2.92 1.89 9.67
9.38 13.86 7.66 5.63 2.18
3.00 1.25 9.37 5.29 10.20
9.04 1.62 9.94 8.34 2.30
8.49 4.76 16.22 7.98 11.56
3.21 4.97 12.83 19.09 10.95
4.31 0.90 5.85 18.54 14.53
