# nJobs | nMachines
15 5
# Job Weights
3
40
88
50
40
96
12
56
65
86
19
91
17
76
49
# P_bar : m1 | m2 | m3 | m4 | m5
26 11 30 14 34
24 34 44 18 31
15 16 46 10 32
27 13 33 33 32
30 11 14 31 14
32 21 34 22 11
10 43 27 34 26
45 25 19 49 30
47 24 21 28 45
23 29 13 37 30
21 31 20 28 45
34 21 39 29 21
32 18 44 50 27
13 21 41 18 12
34 42 31 47 14
# P_hat : m1 | m2 | m3 | m4 | m5
10.40 4.40 12.00 5.60 13.60
9.60 13.60 17.60 7.20 12.40
6.00 6.40 18.40 4.00 12.80
10.80 5.20 13.20 13.20 12.80
12.00 4.40 5.60 12.40 5.60
12.80 8.40 13.60 8.80 4.40
4.00 17.20 10.80 13.60 10.40
18.00 10.00 7.60 19.60 12.00
18.80 9.60 8.40 11.20 18.00
9.20 11.60 5.20 14.80 12.00
8.40 12.40 8.00 11.20 18.00
13.60 8.40 15.60 11.60 8.40
12.80 7.20 17.60 20.00 10.80
5.20 8.40 16.40 7.20 4.80
13.60 16.80 12.40 18.80 5.60
