# nJobs | nMachines
15 5
# Job Weights
93
9
79
46
63
37
27
32
49
46
73
80
74
89
5
# P_bar : m1 | m2 | m3 | m4 | m5
16 16 21 10 24
30 29 24 11 34
33 17 40 36 42
48 24 18 20 32
33 31 13 41 32
19 11 34 25 47
35 17 50 47 11
25 15 37 39 20
19 48 31 14 12
18 40 26 42 22
42 18 37 27 12
50 35 28 42 46
21 30 32 34 20
10 30 32 11 43
23 37 25 32 23
# P_hat : m1 | m2 | m3 | m4 | m5
62.87 20.72 83.16 37.53 84.21
13.44 49.35 30.95 7.97 53.37
52.52 34.52 129.58 9.58 137.19
186.14 23.27 18.33 59.29 56.21
114.25 14.24 35.44 94.21 48.25
62.10 26.87 103.39 84.18 86.98
36.11 19.63 119.13 26.28 13.26
17.09 34.87 69.79 124.06 59.81
50.82 29.64 51.07 11.29 24.13
66.92 76.98 36.28 27.49 20.43
93.54 38.35 137.57 17.74 43.18
114.32 7.26 93.03 136.85 70.64
23.52 40.39 123.52 90.47 43.48
30.78 16.13 15.91 23.01 155.91
17.21 9.38 73.09 45.93 57.43
