# nJobs | nMachines
15 5
# Job Weights
55
94
98
13
91
42
26
54
19
76
85
72
62
43
32
# P_bar : m1 | m2 | m3 | m4 | m5
16 35 41 47 33
43 38 48 15 35
20 49 14 14 23
11 36 29 22 35
30 49 43 12 49
15 45 39 15 18
41 49 30 25 14
50 47 23 11 19
30 32 21 28 17
38 30 15 36 42
24 14 46 29 23
43 21 49 15 21
45 31 35 11 10
46 20 24 27 35
45 20 50 47 46
# P_hat : m1 | m2 | m3 | m4 | m5
61.77 135.79 152.68 106.60 48.37
0.85 14.27 132.39 44.31 55.46
76.14 131.83 37.88 49.20 63.98
28.12 63.90 25.02 35.56 54.40
104.15 170.16 113.33 15.70 87.94
27.28 31.89 61.44 40.06 17.10
84.56 135.75 78.15 80.78 20.90
97.77 157.57 9.81 33.54 17.27
80.02 120.91 55.26 89.36 4.98
21.23 81.99 59.96 62.72 101.38
2.88 27.84 8.87 94.87 61.48
52.96 51.90 191.53 7.21 52.04
126.84 107.74 56.97 23.96 18.54
37.14 45.65 83.59 0.62 53.17
121.22 2.43 156.48 61.02 158.85
