# nJobs | nMachines
15 5
# Job Weights
48
3
16
50
38
8
95
49
44
48
85
91
29
54
85
# P_bar : m1 | m2 | m3 | m4 | m5
33 50 12 38 11
24 47 19 44 39
41 40 31 12 50
23 26 23 35 21
37 27 30 26 47
45 17 33 28 14
10 39 40 41 22
16 36 21 46 20
26 11 18 39 31
19 31 46 25 49
44 13 28 14 27
26 10 20 48 36
42 42 49 24 28
15 28 46 48 28
12 26 16 40 41
# P_hat : m1 | m2 | m3 | m4 | m5
1.19 42.57 4.15 2.59 1.67
7.28 9.80 18.54 1.14 2.39
10.79 37.22 19.87 1.62 39.04
8.28 3.03 18.92 33.71 9.66
3.24 22.07 3.98 14.29 2.73
42.16 6.47 28.45 27.04 13.93
5.54 34.24 36.91 17.73 1.27
4.89 31.25 10.23 14.34 13.90
10.32 8.87 10.91 19.74 30.49
8.50 24.49 35.18 10.99 11.72
26.43 3.96 4.90 1.48 3.84
13.41 0.81 10.05 30.76 4.37
38.61 16.93 19.53 5.18 8.49
7.45 4.86 6.73 29.74 2.83
11.91 18.07 5.88 26.01 28.38
