# nJobs | nMachines
15 5
# Job Weights
47
32
6
31
82
97
33
57
82
46
51
39
19
58
74
# P_bar : m1 | m2 | m3 | m4 | m5
46 37 22 45 40
15 35 10 46 45
10 44 35 34 41
34 42 20 46 27
50 25 14 34 40
42 29 31 18 10
25 30 15 15 26
47 47 35 18 34
35 38 30 16 27
27 39 35 15 11
35 47 50 49 19
22 31 20 27 32
50 47 42 17 39
10 36 39 26 38
30 29 28 41 27
# P_hat : m1 | m2 | m3 | m4 | m5
13.80 11.10 6.60 13.50 12.00
4.50 10.50 3.00 13.80 13.50
3.00 13.20 10.50 10.20 12.30
10.20 12.60 6.00 13.80 8.10
15.00 7.50 4.20 10.20 12.00
12.60 8.70 9.30 5.40 3.00
7.50 9.00 4.50 4.50 7.80
14.10 14.10 10.50 5.40 10.20
10.50 11.40 9.00 4.80 8.10
8.10 11.70 10.50 4.50 3.30
10.50 14.10 15.00 14.70 5.70
6.60 9.30 6.00 8.10 9.60
15.00 14.10 12.60 5.10 11.70
3.00 10.80 11.70 7.80 11.40
9.00 8.70 8.40 12.30 8.10
