# nJobs | nMachines
15 5
# Job Weights
93
9
79
46
63
37
27
32
49
46
73
80
74
89
5
# P_bar : m1 | m2 | m3 | m4 | m5
16 16 21 10 24
30 29 24 11 34
33 17 40 36 42
48 24 18 20 32
33 31 13 41 32
19 11 34 25 47
35 17 50 47 11
25 15 37 39 20
19 48 31 14 12
18 40 26 42 22
42 18 37 27 12
50 35 28 42 46
21 30 32 34 20
10 30 32 11 43
23 37 25 32 23
# P_hat : m1 | m2 | m3 | m4 | m5
1.60 1.60 2.10 1.00 2.40
3.00 2.90 2.40 1.10 3.40
3.30 1.70 4.00 3.60 4.20
4.80 2.40 1.80 2.00 3.20
3.30 3.10 1.30 4.10 3.20
1.90 1.10 3.40 2.50 4.70
3.50 1.70 5.00 4.70 1.10
2.50 1.50 3.70 3.90 2.00
1.90 4.80 3.10 1.40 1.20
1.80 4.00 2.60 4.20 2.20
4.20 1.80 3.70 2.70 1.20
5.00 3.50 2.80 4.20 4.60
2.10 3.00 3.20 3.40 2.00
1.00 3.00 3.20 1.10 4.30
2.30 3.70 2.50 3.20 2.30
