# nJobs | nMachines
15 5
# Job Weights
3
40
88
50
40
96
12
56
65
86
19
91
17
76
49
# P_bar : m1 | m2 | m3 | m4 | m5
26 11 30 14 34
24 34 44 18 31
15 16 46 10 32
27 13 33 33 32
30 11 14 31 14
32 21 34 22 11
10 43 27 34 26
45 25 19 49 30
47 24 21 28 45
23 29 13 37 30
21 31 20 28 45
34 21 39 29 21
32 18 44 50 27
13 21 41 18 12
34 42 31 47 14
# P_hat : m1 | m2 | m3 | m4 | m5
87.05 11.45 110.17 39.41 80.68
26.81 123.38 49.29 38.93 110.65
38.57 42.93 157.93 3.86 23.72
74.97 29.14 38.57 31.93 10.11
61.52 4.88 51.00 1.54 13.41
39.08 37.55 102.54 41.25 34.96
8.51 79.18 86.93 40.97 3.61
5.97 86.46 1.37 117.28 69.94
57.14 52.48 80.88 33.29 179.18
60.09 44.13 37.79 44.39 102.68
78.82 121.12 24.38 83.24 93.86
118.48 9.30 129.39 5.58 5.35
98.06 30.42 49.55 180.58 89.79
41.00 3.53 143.13 61.36 28.75
90.44 124.30 13.96 125.55 6.44
