# nJobs | nMachines
15 5
# Job Weights
47
32
6
31
82
97
33
57
82
46
51
39
19
58
74
# P_bar : m1 | m2 | m3 | m4 | m5
46 37 22 45 40
15 35 10 46 45
10 44 35 34 41
34 42 20 46 27
50 25 14 34 40
42 29 31 18 10
25 30 15 15 26
47 47 35 18 34
35 38 30 16 27
27 39 35 15 11
35 47 50 49 19
22 31 20 27 32
50 47 42 17 39
10 36 39 26 38
30 29 28 41 27
# P_hat : m1 | m2 | m3 | m4 | m5
10.46 13.05 1.69 4.75 6.71
5.06 7.97 2.86 19.85 1.51
3.39 14.69 4.85 15.06 19.99
6.34 17.58 9.21 4.52 11.03
23.54 2.12 4.08 12.54 17.05
3.51 0.28 9.19 2.58 4.69
6.25 11.69 2.66 6.02 1.11
16.24 14.33 0.91 8.98 6.56
12.20 13.29 0.48 0.24 0.96
8.76 16.34 7.41 6.73 1.16
4.82 18.87 2.11 15.25 2.18
1.72 14.89 6.07 13.14 7.51
15.90 12.59 18.50 3.95 5.24
3.00 8.79 17.22 11.02 1.92
2.69 5.83 9.23 1.28 2.26
