# nJobs | nMachines
15 5
# Job Weights
22
68
18
7
15
2
74
51
63
48
97
67
59
6
59
# P_bar : m1 | m2 | m3 | m4 | m5
40 19 44 32 20
12 37 49 13 31
13 11 36 11 10
40 41 44 43 46
26 15 32 11 18
28 12 21 26 11
26 10 17 42 25
17 31 22 40 18
44 40 46 46 49
12 49 17 10 11
20 12 28 37 19
47 43 33 19 27
10 47 37 37 24
22 26 43 50 10
37 15 12 18 33
# P_hat : m1 | m2 | m3 | m4 | m5
20.00 9.50 22.00 16.00 10.00
6.00 18.50 24.50 6.50 15.50
6.50 5.50 18.00 5.50 5.00
20.00 20.50 22.00 21.50 23.00
13.00 7.50 16.00 5.50 9.00
14.00 6.00 10.50 13.00 5.50
13.00 5.00 8.50 21.00 12.50
8.50 15.50 11.00 20.00 9.00
22.00 20.00 23.00 23.00 24.50
6.00 24.50 8.50 5.00 5.50
10.00 6.00 14.00 18.50 9.50
23.50 21.50 16.50 9.50 13.50
5.00 23.50 18.50 18.50 12.00
11.00 13.00 21.50 25.00 5.00
18.50 7.50 6.00 9.00 16.50
