# nJobs | nMachines
15 5
# Job Weights
56
38
34
49
26
56
80
60
50
82
57
16
98
94
50
# P_bar : m1 | m2 | m3 | m4 | m5
18 17 14 17 29
41 28 21 44 22
20 14 20 21 15
45 48 33 42 33
44 47 39 21 22
45 34 47 11 50
29 34 15 43 29
29 47 34 42 23
29 36 24 37 11
18 13 41 40 39
49 25 29 27 48
37 46 10 24 11
32 21 31 43 44
16 41 30 19 10
34 26 34 35 22
# P_hat : m1 | m2 | m3 | m4 | m5
7.20 6.80 5.60 6.80 11.60
16.40 11.20 8.40 17.60 8.80
8.00 5.60 8.00 8.40 6.00
18.00 19.20 13.20 16.80 13.20
17.60 18.80 15.60 8.40 8.80
18.00 13.60 18.80 4.40 20.00
11.60 13.60 6.00 17.20 11.60
11.60 18.80 13.60 16.80 9.20
11.60 14.40 9.60 14.80 4.40
7.20 5.20 16.40 16.00 15.60
19.60 10.00 11.60 10.80 19.20
14.80 18.40 4.00 9.60 4.40
12.80 8.40 12.40 17.20 17.60
6.40 16.40 12.00 7.60 4.00
13.60 10.40 13.60 14.00 8.80
