# nJobs | nMachines
15 5
# Job Weights
25
22
93
2
63
22
60
91
90
98
62
67
55
17
65
# P_bar : m1 | m2 | m3 | m4 | m5
47 15 16 37 28
27 14 33 26 10
22 45 13 18 37
21 27 34 42 16
46 49 47 39 24
46 26 37 49 17
42 45 37 38 25
36 43 25 42 43
19 21 22 38 15
26 21 34 23 12
26 26 30 15 19
25 49 45 21 37
45 46 48 45 13
49 47 37 45 21
40 47 14 45 15
# P_hat : m1 | m2 | m3 | m4 | m5
9.40 3.00 3.20 7.40 5.60
5.40 2.80 6.60 5.20 2.00
4.40 9.00 2.60 3.60 7.40
4.20 5.40 6.80 8.40 3.20
9.20 9.80 9.40 7.80 4.80
9.20 5.20 7.40 9.80 3.40
8.40 9.00 7.40 7.60 5.00
7.20 8.60 5.00 8.40 8.60
3.80 4.20 4.40 7.60 3.00
5.20 4.20 6.80 4.60 2.40
5.20 5.20 6.00 3.00 3.80
5.00 9.80 9.00 4.20 7.40
9.00 9.20 9.60 9.00 2.60
9.80 9.40 7.40 9.00 4.20
8.00 9.40 2.80 9.00 3.00
