# nJobs | nMachines
15 5
# Job Weights
93
9
79
46
63
37
27
32
49
46
73
80
74
89
5
# P_bar : m1 | m2 | m3 | m4 | m5
16 16 21 10 24
30 29 24 11 34
33 17 40 36 42
48 24 18 20 32
33 31 13 41 32
19 11 34 25 47
35 17 50 47 11
25 15 37 39 20
19 48 31 14 12
18 40 26 42 22
42 18 37 27 12
50 35 28 42 46
21 30 32 34 20
10 30 32 11 43
23 37 25 32 23
# P_hat : m1 | m2 | m3 | m4 | m5
6.40 6.40 8.40 4.00 9.60
12.00 11.60 9.60 4.40 13.60
13.20 6.80 16.00 14.40 16.80
19.20 9.60 7.20 8.00 12.80
13.20 12.40 5.20 16.40 12.80
7.60 4.40 13.60 10.00 18.80
14.00 6.80 20.00 18.80 4.40
10.00 6.00 14.80 15.60 8.00
7.60 19.20 12.40 5.60 4.80
7.20 16.00 10.40 16.80 8.80
16.80 7.20 14.80 10.80 4.80
20.00 14.00 11.20 16.80 18.40
8.40 12.00 12.80 13.60 8.00
4.00 12.00 12.80 4.40 17.20
9.20 14.80 10.00 12.80 9.20
