# nJobs | nMachines
15 5
# Job Weights
92
84
23
96
2
6
17
92
11
58
48
76
38
9
66
# P_bar : m1 | m2 | m3 | m4 | m5
43 13 33 25 28
20 22 16 39 44
28 40 38 37 22
24 31 48 12 25
48 40 11 13 28
28 23 14 34 28
31 40 10 13 30
23 38 23 15 50
27 18 27 47 31
13 37 16 14 43
15 24 21 10 19
50 40 33 17 50
40 38 47 47 27
36 13 48 12 37
49 44 47 23 32
# P_hat : m1 | m2 | m3 | m4 | m5
4.83 0.72 6.01 4.97 3.26
5.70 2.01 0.82 3.65 3.58
6.15 6.30 0.74 5.77 5.47
4.31 4.02 13.66 1.97 2.68
2.25 3.49 3.19 0.72 2.36
1.31 4.22 3.40 9.89 4.56
0.54 1.67 0.91 3.02 1.27
5.98 3.33 0.67 4.23 12.03
4.87 1.98 5.54 12.62 0.69
2.76 5.06 2.11 2.51 12.73
0.09 5.65 0.77 2.77 4.40
14.55 2.40 4.90 0.45 2.98
9.99 5.86 0.48 2.76 0.04
2.29 2.31 13.09 0.16 9.05
2.67 0.61 3.65 2.24 6.79
