# nJobs | nMachines
15 5
# Job Weights
13
99
2
98
37
38
46
47
11
47
74
44
4
7
92
# P_bar : m1 | m2 | m3 | m4 | m5
18 14 45 39 25
13 49 48 27 28
12 43 47 30 42
36 46 50 22 41
46 11 49 26 36
16 42 40 25 25
19 12 19 24 28
20 14 25 38 43
31 39 46 10 48
26 26 44 15 29
27 16 27 17 47
27 27 31 16 31
29 26 31 26 24
45 12 12 48 50
18 22 47 50 10
# P_hat : m1 | m2 | m3 | m4 | m5
3.60 2.80 9.00 7.80 5.00
2.60 9.80 9.60 5.40 5.60
2.40 8.60 9.40 6.00 8.40
7.20 9.20 10.00 4.40 8.20
9.20 2.20 9.80 5.20 7.20
3.20 8.40 8.00 5.00 5.00
3.80 2.40 3.80 4.80 5.60
4.00 2.80 5.00 7.60 8.60
6.20 7.80 9.20 2.00 9.60
5.20 5.20 8.80 3.00 5.80
5.40 3.20 5.40 3.40 9.40
5.40 5.40 6.20 3.20 6.20
5.80 5.20 6.20 5.20 4.80
9.00 2.40 2.40 9.60 10.00
3.60 4.40 9.40 10.00 2.00
