# nJobs | nMachines
15 5
# Job Weights
56
38
34
49
26
56
80
60
50
82
57
16
98
94
50
# P_bar : m1 | m2 | m3 | m4 | m5
18 17 14 17 29
41 28 21 44 22
20 14 20 21 15
45 48 33 42 33
44 47 39 21 22
45 34 47 11 50
29 34 15 43 29
29 47 34 42 23
29 36 24 37 11
18 13 41 40 39
49 25 29 27 48
37 46 10 24 11
32 21 31 43 44
16 41 30 19 10
34 26 34 35 22
# P_hat : m1 | m2 | m3 | m4 | m5
6.13 16.39 8.44 5.14 28.82
2.94 10.76 17.36 11.41 19.37
8.19 0.55 19.68 4.09 9.35
14.00 1.49 9.52 2.42 18.79
29.79 18.24 37.48 7.19 13.65
27.26 5.44 18.31 2.97 10.07
10.57 0.79 5.78 41.56 11.46
6.32 35.54 11.57 23.42 0.91
28.65 16.51 12.99 12.85 5.23
8.17 3.76 6.32 23.22 21.18
33.73 22.50 16.06 3.76 10.93
5.20 5.34 5.42 10.66 10.60
15.54 20.07 23.62 26.93 40.02
0.44 12.87 25.01 9.29 7.22
17.19 23.10 14.98 14.06 11.73
