# nJobs | nMachines
15 5
# Job Weights
47
32
6
31
82
97
33
57
82
46
51
39
19
58
74
# P_bar : m1 | m2 | m3 | m4 | m5
46 37 22 45 40
15 35 10 46 45
10 44 35 34 41
34 42 20 46 27
50 25 14 34 40
42 29 31 18 10
25 30 15 15 26
47 47 35 18 34
35 38 30 16 27
27 39 35 15 11
35 47 50 49 19
22 31 20 27 32
50 47 42 17 39
10 36 39 26 38
30 29 28 41 27
# P_hat : m1 | m2 | m3 | m4 | m5
23.00 18.50 11.00 22.50 20.00
7.50 17.50 5.00 23.00 22.50
5.00 22.00 17.50 17.00 20.50
17.00 21.00 10.00 23.00 13.50
25.00 12.50 7.00 17.00 20.00
21.00 14.50 15.50 9.00 5.00
12.50 15.00 7.50 7.50 13.00
23.50 23.50 17.50 9.00 17.00
17.50 19.00 15.00 8.00 13.50
13.50 19.50 17.50 7.50 5.50
17.50 23.50 25.00 24.50 9.50
11.00 15.50 10.00 13.50 16.00
25.00 23.50 21.00 8.50 19.50
5.00 18.00 19.50 13.00 19.00
15.00 14.50 14.00 20.50 13.50
