# nJobs | nMachines
15 5
# Job Weights
25
22
93
2
63
22
60
91
90
98
62
67
55
17
65
# P_bar : m1 | m2 | m3 | m4 | m5
47 15 16 37 28
27 14 33 26 10
22 45 13 18 37
21 27 34 42 16
46 49 47 39 24
46 26 37 49 17
42 45 37 38 25
36 43 25 42 43
19 21 22 38 15
26 21 34 23 12
26 26 30 15 19
25 49 45 21 37
45 46 48 45 13
49 47 37 45 21
40 47 14 45 15
# P_hat : m1 | m2 | m3 | m4 | m5
4.70 1.50 1.60 3.70 2.80
2.70 1.40 3.30 2.60 1.00
2.20 4.50 1.30 1.80 3.70
2.10 2.70 3.40 4.20 1.60
4.60 4.90 4.70 3.90 2.40
4.60 2.60 3.70 4.90 1.70
4.20 4.50 3.70 3.80 2.50
3.60 4.30 2.50 4.20 4.30
1.90 2.10 2.20 3.80 1.50
2.60 2.10 3.40 2.30 1.20
2.60 2.60 3.00 1.50 1.90
2.50 4.90 4.50 2.10 3.70
4.50 4.60 4.80 4.50 1.30
4.90 4.70 3.70 4.50 2.10
4.00 4.70 1.40 4.50 1.50
