# nJobs | nMachines
15 5
# Job Weights
3
40
88
50
40
96
12
56
65
86
19
91
17
76
49
# P_bar : m1 | m2 | m3 | m4 | m5
26 11 30 14 34
24 34 44 18 31
15 16 46 10 32
27 13 33 33 32
30 11 14 31 14
32 21 34 22 11
10 43 27 34 26
45 25 19 49 30
47 24 21 28 45
23 29 13 37 30
21 31 20 28 45
34 21 39 29 21
32 18 44 50 27
13 21 41 18 12
34 42 31 47 14
# P_hat : m1 | m2 | m3 | m4 | m5
13.00 5.50 15.00 7.00 17.00
12.00 17.00 22.00 9.00 15.50
7.50 8.00 23.00 5.00 16.00
13.50 6.50 16.50 16.50 16.00
15.00 5.50 7.00 15.50 7.00
16.00 10.50 17.00 11.00 5.50
5.00 21.50 13.50 17.00 13.00
22.50 12.50 9.50 24.50 15.00
23.50 12.00 10.50 14.00 22.50
11.50 14.50 6.50 18.50 15.00
10.50 15.50 10.00 14.00 22.50
17.00 10.50 19.50 14.50 10.50
16.00 9.00 22.00 25.00 13.50
6.50 10.50 20.50 9.00 6.00
17.00 21.00 15.50 23.50 7.00
