# nJobs | nMachines
15 5
# Job Weights
56
38
34
49
26
56
80
60
50
82
57
16
98
94
50
# P_bar : m1 | m2 | m3 | m4 | m5
18 17 14 17 29
41 28 21 44 22
20 14 20 21 15
45 48 33 42 33
44 47 39 21 22
45 34 47 11 50
29 34 15 43 29
29 47 34 42 23
29 36 24 37 11
18 13 41 40 39
49 25 29 27 48
37 46 10 24 11
32 21 31 43 44
16 41 30 19 10
34 26 34 35 22
# P_hat : m1 | m2 | m3 | m4 | m5
9.00 8.50 7.00 8.50 14.50
20.50 14.00 10.50 22.00 11.00
10.00 7.00 10.00 10.50 7.50
22.50 24.00 16.50 21.00 16.50
22.00 23.50 19.50 10.50 11.00
22.50 17.00 23.50 5.50 25.00
14.50 17.00 7.50 21.50 14.50
14.50 23.50 17.00 21.00 11.50
14.50 18.00 12.00 18.50 5.50
9.00 6.50 20.50 20.00 19.50
24.50 12.50 14.50 13.50 24.00
18.50 23.00 5.00 12.00 5.50
16.00 10.50 15.50 21.50 22.00
8.00 20.50 15.00 9.50 5.00
17.00 13.00 17.00 17.50 11.00
