# nJobs | nMachines
15 5
# Job Weights
55
94
98
13
91
42
26
54
19
76
85
72
62
43
32
# P_bar : m1 | m2 | m3 | m4 | m5
16 35 41 47 33
43 38 48 15 35
20 49 14 14 23
11 36 29 22 35
30 49 43 12 49
15 45 39 15 18
41 49 30 25 14
50 47 23 11 19
30 32 21 28 17
38 30 15 36 42
24 14 46 29 23
43 21 49 15 21
45 31 35 11 10
46 20 24 27 35
45 20 50 47 46
# P_hat : m1 | m2 | m3 | m4 | m5
8.00 17.50 20.50 23.50 16.50
21.50 19.00 24.00 7.50 17.50
10.00 24.50 7.00 7.00 11.50
5.50 18.00 14.50 11.00 17.50
15.00 24.50 21.50 6.00 24.50
7.50 22.50 19.50 7.50 9.00
20.50 24.50 15.00 12.50 7.00
25.00 23.50 11.50 5.50 9.50
15.00 16.00 10.50 14.00 8.50
19.00 15.00 7.50 18.00 21.00
12.00 7.00 23.00 14.50 11.50
21.50 10.50 24.50 7.50 10.50
22.50 15.50 17.50 5.50 5.00
23.00 10.00 12.00 13.50 17.50
22.50 10.00 25.00 23.50 23.00
