# nJobs | nMachines
15 5
# Job Weights
55
94
98
13
91
42
26
54
19
76
85
72
62
43
32
# P_bar : m1 | m2 | m3 | m4 | m5
16 35 41 47 33
43 38 48 15 35
20 49 14 14 23
11 36 29 22 35
30 49 43 12 49
15 45 39 15 18
41 49 30 25 14
50 47 23 11 19
30 32 21 28 17
38 30 15 36 42
24 14 46 29 23
43 21 49 15 21
45 31 35 11 10
46 20 24 27 35
45 20 50 47 46
# P_hat : m1 | m2 | m3 | m4 | m5
1.60 3.50 4.10 4.70 3.30
4.30 3.80 4.80 1.50 3.50
2.00 4.90 1.40 1.40 2.30
1.10 3.60 2.90 2.20 3.50
3.00 4.90 4.30 1.20 4.90
1.50 4.50 3.90 1.50 1.80
4.10 4.90 3.00 2.50 1.40
5.00 4.70 2.30 1.10 1.90
3.00 3.20 2.10 2.80 1.70
3.80 3.00 1.50 3.60 4.20
2.40 1.40 4.60 2.90 2.30
4.30 2.10 4.90 1.50 2.10
4.50 3.10 3.50 1.10 1.00
4.60 2.00 2.40 2.70 3.50
4.50 2.00 5.00 4.70 4.60
