# nJobs | nMachines
15 5
# Job Weights
92
84
23
96
2
6
17
92
11
58
48
76
38
9
66
# P_bar : m1 | m2 | m3 | m4 | m5
43 13 33 25 28
20 22 16 39 44
28 40 38 37 22
24 31 48 12 25
48 40 11 13 28
28 23 14 34 28
31 40 10 13 30
23 38 23 15 50
27 18 27 47 31
13 37 16 14 43
15 24 21 10 19
50 40 33 17 50
40 38 47 47 27
36 13 48 12 37
49 44 47 23 32
# P_hat : m1 | m2 | m3 | m4 | m5
12.90 3.90 9.90 7.50 8.40
6.00 6.60 4.80 11.70 13.20
8.40 12.00 11.40 11.10 6.60
7.20 9.30 14.40 3.60 7.50
14.40 12.00 3.30 3.90 8.40
8.40 6.90 4.20 10.20 8.40
9.30 12.00 3.00 3.90 9.00
6.90 11.40 6.90 4.50 15.00
8.10 5.40 8.10 14.10 9.30
3.90 11.10 4.80 4.20 12.90
4.50 7.20 6.30 3.00 5.70
15.00 12.00 9.90 5.10 15.00
12.00 11.40 14.10 14.10 8.10
10.80 3.90 14.40 3.60 11.10
14.70 13.20 14.10 6.90 9.60
