# nJobs | nMachines
15 5
# Job Weights
47
32
6
31
82
97
33
57
82
46
51
39
19
58
74
# P_bar : m1 | m2 | m3 | m4 | m5
46 37 22 45 40
15 35 10 46 45
10 44 35 34 41
34 42 20 46 27
50 25 14 34 40
42 29 31 18 10
25 30 15 15 26
47 47 35 18 34
35 38 30 16 27
27 39 35 15 11
35 47 50 49 19
22 31 20 27 32
50 47 42 17 39
10 36 39 26 38
30 29 28 41 27
# P_hat : m1 | m2 | m3 | m4 | m5
51.71 122.38 77.87 61.81 75.35
10.41 73.46 29.56 153.56 119.14
15.19 136.44 38.85 127.23 123.19
109.00 39.38 22.53 34.17 81.42
78.42 34.51 53.95 50.66 92.46
126.13 3.49 1.28 66.86 36.17
12.55 115.38 42.96 3.71 85.01
145.28 125.56 98.87 6.65 102.96
33.17 141.85 74.72 10.42 6.01
73.16 41.42 138.62 35.71 0.30
79.21 114.96 62.38 29.49 16.15
81.76 84.13 27.20 104.55 84.93
77.46 59.70 13.26 30.38 64.15
2.65 122.13 69.08 52.16 61.17
2.30 109.87 29.24 40.45 95.54
