# nJobs | nMachines
15 5
# Job Weights
55
94
98
13
91
42
26
54
19
76
85
72
62
43
32
# P_bar : m1 | m2 | m3 | m4 | m5
16 35 41 47 33
43 38 48 15 35
20 49 14 14 23
11 36 29 22 35
30 49 43 12 49
15 45 39 15 18
41 49 30 25 14
50 47 23 11 19
30 32 21 28 17
38 30 15 36 42
24 14 46 29 23
43 21 49 15 21
45 31 35 11 10
46 20 24 27 35
45 20 50 47 46
# P_hat : m1 | m2 | m3 | m4 | m5
3.20 7.00 8.20 9.40 6.60
8.60 7.60 9.60 3.00 7.00
4.00 9.80 2.80 2.80 4.60
2.20 7.20 5.80 4.40 7.00
6.00 9.80 8.60 2.40 9.80
3.00 9.00 7.80 3.00 3.60
8.20 9.80 6.00 5.00 2.80
10.00 9.40 4.60 2.20 3.80
6.00 6.40 4.20 5.60 3.40
7.60 6.00 3.00 7.20 8.40
4.80 2.80 9.20 5.80 4.60
8.60 4.20 9.80 3.00 4.20
9.00 6.20 7.00 2.20 2.00
9.20 4.00 4.80 5.40 7.00
9.00 4.00 10.00 9.40 9.20
