# nJobs | nMachines
15 5
# Job Weights
48
3
16
50
38
8
95
49
44
48
85
91
29
54
85
# P_bar : m1 | m2 | m3 | m4 | m5
33 50 12 38 11
24 47 19 44 39
41 40 31 12 50
23 26 23 35 21
37 27 30 26 47
45 17 33 28 14
10 39 40 41 22
16 36 21 46 20
26 11 18 39 31
19 31 46 25 49
44 13 28 14 27
26 10 20 48 36
42 42 49 24 28
15 28 46 48 28
12 26 16 40 41
# P_hat : m1 | m2 | m3 | m4 | m5
4.11 82.75 19.24 34.92 19.69
24.45 68.96 36.46 69.08 49.66
81.73 61.54 30.25 21.41 61.39
37.44 0.57 5.05 66.87 2.80
45.53 22.47 32.88 40.92 48.73
27.56 16.37 29.99 17.66 4.20
12.48 1.50 67.55 56.43 32.45
16.87 18.71 4.12 40.26 20.49
22.16 16.73 17.58 19.86 42.17
4.97 8.50 13.80 42.04 4.08
78.02 13.92 18.18 1.08 4.58
23.39 4.30 29.49 86.57 51.58
16.35 1.02 46.65 22.15 4.04
11.03 13.51 34.58 61.17 3.99
9.94 50.75 12.62 52.75 0.99
