# nJobs | nMachines
15 5
# Job Weights
25
22
93
2
63
22
60
91
90
98
62
67
55
17
65
# P_bar : m1 | m2 | m3 | m4 | m5
47 15 16 37 28
27 14 33 26 10
22 45 13 18 37
21 27 34 42 16
46 49 47 39 24
46 26 37 49 17
42 45 37 38 25
36 43 25 42 43
19 21 22 38 15
26 21 34 23 12
26 26 30 15 19
25 49 45 21 37
45 46 48 45 13
49 47 37 45 21
40 47 14 45 15
# P_hat : m1 | m2 | m3 | m4 | m5
61.72 17.40 10.61 64.82 12.90
12.98 14.47 56.43 28.03 0.03
8.43 68.29 5.38 10.17 53.97
38.57 15.25 4.84 35.72 30.94
9.37 34.60 6.49 2.93 10.77
46.55 46.49 69.62 12.53 22.54
18.55 85.18 37.51 58.18 37.09
2.80 76.76 20.47 0.00 72.96
1.37 17.62 35.68 31.66 12.68
9.11 32.78 56.84 24.04 7.27
45.07 24.77 19.93 1.64 12.36
14.12 48.76 62.43 40.87 52.73
85.54 18.83 74.03 20.35 21.24
57.00 55.57 48.44 27.38 7.63
34.93 17.50 4.24 27.35 11.13
