# nJobs | nMachines
10 5
# Job Weights
96
52
5
16
42
43
54
22
87
68
# P_bar : m1 | m2 | m3 | m4 | m5
42 32 49 36 33
46 32 47 43 23
12 23 16 25 39
47 15 29 41 19
40 32 22 28 36
32 26 16 19 44
33 17 35 28 23
11 35 42 38 43
46 44 42 50 15
41 37 31 36 10
# P_hat : m1 | m2 | m3 | m4 | m5
11.28 1.15 8.04 4.31 2.13
12.55 7.06 12.72 4.22 0.46
1.13 3.67 1.65 0.08 6.96
9.74 1.30 6.38 10.17 4.21
3.26 4.73 4.35 6.73 0.35
1.83 2.34 4.47 0.60 8.70
1.83 3.04 8.62 4.85 3.67
1.13 4.56 7.14 5.29 1.33
5.93 2.17 8.28 1.78 0.78
10.22 1.29 8.35 10.59 1.70
