# nJobs | nMachines
10 5
# Job Weights
1
35
27
61
49
51
91
68
72
75
# P_bar : m1 | m2 | m3 | m4 | m5
44 47 30 26 49
40 15 40 44 47
13 26 42 44 19
12 36 21 47 36
16 13 20 30 11
42 33 44 42 21
11 34 31 14 27
38 43 32 21 14
15 10 10 15 42
45 30 26 20 25
# P_hat : m1 | m2 | m3 | m4 | m5
7.67 18.67 6.08 1.60 20.15
2.22 5.30 18.12 19.55 18.89
5.25 0.65 6.75 11.07 5.25
5.69 1.31 5.00 10.56 9.36
0.58 2.62 2.26 8.79 0.79
20.06 4.87 14.09 13.12 8.14
2.87 3.95 15.17 0.50 3.66
5.69 6.04 9.66 7.17 3.48
0.58 4.02 1.79 1.81 5.97
11.26 13.94 8.42 7.14 1.67
