# nJobs | nMachines
10 5
# Job Weights
55
89
66
22
77
33
99
22
38
3
# P_bar : m1 | m2 | m3 | m4 | m5
25 15 13 28 32
28 50 24 36 26
15 46 40 23 36
24 16 18 19 28
14 20 15 10 23
30 36 28 20 10
28 48 28 19 19
32 41 41 49 30
23 29 36 44 41
21 26 16 12 34
# P_hat : m1 | m2 | m3 | m4 | m5
5.37 11.94 2.84 10.31 10.34
11.90 13.60 14.29 15.56 23.35
13.62 31.85 10.59 0.72 31.97
12.17 4.22 11.92 4.93 9.11
2.63 18.78 12.22 0.34 20.72
2.31 22.91 21.78 17.58 9.96
19.49 15.58 21.30 4.62 15.68
12.25 11.05 7.70 27.31 25.35
18.90 5.54 3.18 1.72 10.21
13.85 18.06 11.18 8.00 19.61
