# nJobs | nMachines
10 5
# Job Weights
50
40
13
1
36
39
60
48
52
60
# P_bar : m1 | m2 | m3 | m4 | m5
46 10 21 28 17
37 21 32 34 18
19 37 45 14 31
16 14 16 27 36
25 46 11 37 17
24 33 41 28 34
34 25 38 17 37
43 13 25 48 25
35 34 13 41 12
11 23 45 40 42
# P_hat : m1 | m2 | m3 | m4 | m5
72.69 21.83 39.91 109.46 66.33
7.59 17.14 114.94 32.96 41.30
30.54 43.20 94.51 37.15 42.36
43.12 41.92 45.27 90.62 93.38
45.04 88.80 11.10 81.50 4.65
71.90 28.52 73.26 17.15 122.05
48.55 96.73 18.76 49.51 17.67
109.18 37.19 20.60 115.25 32.78
26.10 130.17 0.05 119.93 39.16
32.97 39.29 7.07 123.16 100.35
