# nJobs | nMachines
10 5
# Job Weights
50
40
13
1
36
39
60
48
52
60
# P_bar : m1 | m2 | m3 | m4 | m5
46 10 21 28 17
37 21 32 34 18
19 37 45 14 31
16 14 16 27 36
25 46 11 37 17
24 33 41 28 34
34 25 38 17 37
43 13 25 48 25
35 34 13 41 12
11 23 45 40 42
# P_hat : m1 | m2 | m3 | m4 | m5
45.14 6.25 8.02 5.71 5.37
14.12 16.97 4.23 15.95 1.00
14.73 2.55 8.85 11.21 18.90
5.48 4.69 3.80 4.86 8.67
15.69 14.43 3.30 4.06 6.58
4.61 20.98 26.35 24.74 2.74
4.96 8.90 22.84 5.83 5.45
40.34 1.93 17.40 32.83 7.45
32.12 20.28 4.71 1.04 1.08
9.76 18.73 37.08 27.60 38.25
