# nJobs | nMachines
10 5
# Job Weights
45
70
97
19
90
93
96
27
12
94
# P_bar : m1 | m2 | m3 | m4 | m5
32 34 47 34 35
22 35 27 34 14
14 31 43 36 21
20 29 41 39 22
46 42 13 10 30
14 22 48 22 31
11 44 49 40 30
14 40 38 21 19
47 31 36 39 14
44 48 33 49 39
# P_hat : m1 | m2 | m3 | m4 | m5
9.60 10.20 14.10 10.20 10.50
6.60 10.50 8.10 10.20 4.20
4.20 9.30 12.90 10.80 6.30
6.00 8.70 12.30 11.70 6.60
13.80 12.60 3.90 3.00 9.00
4.20 6.60 14.40 6.60 9.30
3.30 13.20 14.70 12.00 9.00
4.20 12.00 11.40 6.30 5.70
14.10 9.30 10.80 11.70 4.20
13.20 14.40 9.90 14.70 11.70
