# nJobs | nMachines
10 5
# Job Weights
86
51
66
27
80
15
94
29
11
81
# P_bar : m1 | m2 | m3 | m4 | m5
23 13 49 20 30
18 40 25 16 44
41 27 23 48 39
10 49 20 22 48
16 39 19 41 36
26 34 28 50 45
11 25 29 40 33
50 16 38 19 19
21 22 17 18 26
39 44 28 21 28
# P_hat : m1 | m2 | m3 | m4 | m5
4.14 0.68 12.67 1.61 1.55
2.77 5.66 4.33 0.95 6.84
3.54 0.74 6.15 3.55 2.50
0.02 9.20 3.58 2.02 4.08
2.38 6.44 4.62 6.83 4.32
2.23 4.16 3.61 8.82 10.96
2.42 3.91 6.52 5.12 0.14
0.36 4.30 10.41 3.51 3.70
3.68 1.30 2.92 0.44 5.22
11.02 0.30 1.52 0.55 6.71
