# nJobs | nMachines
10 5
# Job Weights
55
89
66
22
77
33
99
22
38
3
# P_bar : m1 | m2 | m3 | m4 | m5
25 15 13 28 32
28 50 24 36 26
15 46 40 23 36
24 16 18 19 28
14 20 15 10 23
30 36 28 20 10
28 48 28 19 19
32 41 41 49 30
23 29 36 44 41
21 26 16 12 34
# P_hat : m1 | m2 | m3 | m4 | m5
45.48 16.52 1.00 17.21 10.82
75.58 31.24 74.79 82.46 63.11
40.65 117.01 97.55 25.49 126.86
35.82 38.36 50.37 70.02 98.89
52.73 14.35 50.29 23.33 60.63
20.08 101.54 89.91 47.43 8.45
56.04 87.39 107.62 26.97 65.59
88.43 109.51 87.89 10.19 106.33
64.14 97.13 70.34 5.59 32.25
54.49 17.65 25.72 20.32 100.29
