# nJobs | nMachines
10 5
# Job Weights
50
40
13
1
36
39
60
48
52
60
# P_bar : m1 | m2 | m3 | m4 | m5
46 10 21 28 17
37 21 32 34 18
19 37 45 14 31
16 14 16 27 36
25 46 11 37 17
24 33 41 28 34
34 25 38 17 37
43 13 25 48 25
35 34 13 41 12
11 23 45 40 42
# P_hat : m1 | m2 | m3 | m4 | m5
4.71 1.45 0.04 0.57 0.54
4.93 6.22 3.87 1.91 5.15
3.85 8.38 3.17 2.33 0.56
2.44 1.04 3.93 2.36 3.21
6.46 7.43 1.11 4.63 1.52
6.24 9.82 10.18 3.17 3.27
0.10 6.43 0.01 4.47 1.82
10.04 0.38 2.31 13.04 5.87
4.84 7.20 0.94 6.06 0.44
3.26 2.38 3.15 3.96 8.00
