# nJobs | nMachines
10 5
# Job Weights
96
52
5
16
42
43
54
22
87
68
# P_bar : m1 | m2 | m3 | m4 | m5
42 32 49 36 33
46 32 47 43 23
12 23 16 25 39
47 15 29 41 19
40 32 22 28 36
32 26 16 19 44
33 17 35 28 23
11 35 42 38 43
46 44 42 50 15
41 37 31 36 10
# P_hat : m1 | m2 | m3 | m4 | m5
17.54 26.07 19.37 18.09 24.83
5.35 19.58 8.54 31.45 12.22
7.35 8.59 2.51 23.95 26.42
44.11 3.83 23.99 9.04 8.14
26.47 3.39 0.92 24.81 26.33
2.46 9.23 6.71 17.75 36.28
11.70 7.02 5.89 25.66 3.37
6.06 23.65 36.93 24.15 35.82
18.55 28.96 23.40 31.49 8.10
34.18 2.59 7.17 14.52 8.45
