# nJobs | nMachines
10 5
# Job Weights
96
52
5
16
42
43
54
22
87
68
# P_bar : m1 | m2 | m3 | m4 | m5
42 32 49 36 33
46 32 47 43 23
12 23 16 25 39
47 15 29 41 19
40 32 22 28 36
32 26 16 19 44
33 17 35 28 23
11 35 42 38 43
46 44 42 50 15
41 37 31 36 10
# P_hat : m1 | m2 | m3 | m4 | m5
21.00 16.00 24.50 18.00 16.50
23.00 16.00 23.50 21.50 11.50
6.00 11.50 8.00 12.50 19.50
23.50 7.50 14.50 20.50 9.50
20.00 16.00 11.00 14.00 18.00
16.00 13.00 8.00 9.50 22.00
16.50 8.50 17.50 14.00 11.50
5.50 17.50 21.00 19.00 21.50
23.00 22.00 21.00 25.00 7.50
20.50 18.50 15.50 18.00 5.00
