# nJobs | nMachines
10 5
# Job Weights
55
89
66
22
77
33
99
22
38
3
# P_bar : m1 | m2 | m3 | m4 | m5
25 15 13 28 32
28 50 24 36 26
15 46 40 23 36
24 16 18 19 28
14 20 15 10 23
30 36 28 20 10
28 48 28 19 19
32 41 41 49 30
23 29 36 44 41
21 26 16 12 34
# P_hat : m1 | m2 | m3 | m4 | m5
10.00 6.00 5.20 11.20 12.80
11.20 20.00 9.60 14.40 10.40
6.00 18.40 16.00 9.20 14.40
9.60 6.40 7.20 7.60 11.20
5.60 8.00 6.00 4.00 9.20
12.00 14.40 11.20 8.00 4.00
11.20 19.20 11.20 7.60 7.60
12.80 16.40 16.40 19.60 12.00
9.20 11.60 14.40 17.60 16.40
8.40 10.40 6.40 4.80 13.60
