# nJobs | nMachines
10 5
# Job Weights
37
10
34
9
42
91
37
59
66
78
# P_bar : m1 | m2 | m3 | m4 | m5
20 44 17 37 29
30 47 20 23 50
11 47 46 26 13
41 20 27 30 15
21 12 18 12 25
27 34 48 42 48
42 14 14 30 12
35 35 10 26 20
12 10 30 36 41
37 12 40 46 20
# P_hat : m1 | m2 | m3 | m4 | m5
8.00 17.60 6.80 14.80 11.60
12.00 18.80 8.00 9.20 20.00
4.40 18.80 18.40 10.40 5.20
16.40 8.00 10.80 12.00 6.00
8.40 4.80 7.20 4.80 10.00
10.80 13.60 19.20 16.80 19.20
16.80 5.60 5.60 12.00 4.80
14.00 14.00 4.00 10.40 8.00
4.80 4.00 12.00 14.40 16.40
14.80 4.80 16.00 18.40 8.00
