# nJobs | nMachines
10 5
# Job Weights
45
70
97
19
90
93
96
27
12
94
# P_bar : m1 | m2 | m3 | m4 | m5
32 34 47 34 35
22 35 27 34 14
14 31 43 36 21
20 29 41 39 22
46 42 13 10 30
14 22 48 22 31
11 44 49 40 30
14 40 38 21 19
47 31 36 39 14
44 48 33 49 39
# P_hat : m1 | m2 | m3 | m4 | m5
16.00 17.00 23.50 17.00 17.50
11.00 17.50 13.50 17.00 7.00
7.00 15.50 21.50 18.00 10.50
10.00 14.50 20.50 19.50 11.00
23.00 21.00 6.50 5.00 15.00
7.00 11.00 24.00 11.00 15.50
5.50 22.00 24.50 20.00 15.00
7.00 20.00 19.00 10.50 9.50
23.50 15.50 18.00 19.50 7.00
22.00 24.00 16.50 24.50 19.50
