# nJobs | nMachines
10 5
# Job Weights
4
11
26
5
78
99
69
57
19
12
# P_bar : m1 | m2 | m3 | m4 | m5
18 18 31 36 37
24 27 14 16 43
45 34 24 47 47
22 17 45 39 50
31 10 40 17 27
13 33 18 40 35
26 18 13 30 43
31 33 14 37 45
14 12 40 10 31
27 23 29 43 21
# P_hat : m1 | m2 | m3 | m4 | m5
8.41 2.65 5.03 12.46 13.58
8.27 2.84 4.74 1.87 7.34
18.52 13.01 7.13 14.70 11.25
6.12 2.15 13.57 14.57 23.22
12.08 4.33 13.65 1.86 4.48
0.11 1.70 5.18 1.20 8.14
10.64 1.13 2.79 1.96 0.29
0.62 16.16 1.93 11.21 1.84
6.23 4.04 15.37 4.25 4.01
13.39 9.74 3.28 0.97 0.29
