# nJobs | nMachines
10 5
# Job Weights
26
35
72
1
2
6
64
5
89
51
# P_bar : m1 | m2 | m3 | m4 | m5
13 39 32 45 50
25 27 22 45 13
49 15 43 19 49
41 45 36 17 37
29 22 32 42 21
47 24 32 38 38
49 29 41 38 38
11 48 26 40 42
23 46 41 32 11
18 21 41 50 43
# P_hat : m1 | m2 | m3 | m4 | m5
1.30 3.90 3.20 4.50 5.00
2.50 2.70 2.20 4.50 1.30
4.90 1.50 4.30 1.90 4.90
4.10 4.50 3.60 1.70 3.70
2.90 2.20 3.20 4.20 2.10
4.70 2.40 3.20 3.80 3.80
4.90 2.90 4.10 3.80 3.80
1.10 4.80 2.60 4.00 4.20
2.30 4.60 4.10 3.20 1.10
1.80 2.10 4.10 5.00 4.30
