# nJobs | nMachines
10 5
# Job Weights
4
11
26
5
78
99
69
57
19
12
# P_bar : m1 | m2 | m3 | m4 | m5
18 18 31 36 37
24 27 14 16 43
45 34 24 47 47
22 17 45 39 50
31 10 40 17 27
13 33 18 40 35
26 18 13 30 43
31 33 14 37 45
14 12 40 10 31
27 23 29 43 21
# P_hat : m1 | m2 | m3 | m4 | m5
11.36 10.15 9.09 9.79 12.68
10.23 13.51 7.36 3.49 5.79
24.67 2.36 16.75 31.11 4.44
3.84 1.53 40.51 24.71 41.58
9.17 6.01 31.69 10.09 24.80
8.63 11.25 12.17 0.65 22.74
25.10 16.51 8.84 21.86 4.45
1.56 13.42 13.24 11.97 18.09
12.47 1.72 11.83 6.65 22.60
15.58 16.44 0.03 23.93 16.38
