# nJobs | nMachines
10 5
# Job Weights
1
35
27
61
49
51
91
68
72
75
# P_bar : m1 | m2 | m3 | m4 | m5
44 47 30 26 49
40 15 40 44 47
13 26 42 44 19
12 36 21 47 36
16 13 20 30 11
42 33 44 42 21
11 34 31 14 27
38 43 32 21 14
15 10 10 15 42
45 30 26 20 25
# P_hat : m1 | m2 | m3 | m4 | m5
18.38 44.39 38.69 13.91 52.03
29.50 26.40 31.61 73.52 55.94
9.62 11.22 59.91 1.29 0.38
1.26 48.80 8.37 35.63 33.41
24.56 15.80 35.61 20.24 21.20
34.99 19.49 25.29 1.62 21.80
18.09 9.29 22.80 3.48 36.59
64.63 56.04 3.72 17.37 8.73
6.36 14.77 2.23 14.79 65.02
59.16 18.94 26.82 16.17 38.65
