# nJobs | nMachines
10 5
# Job Weights
18
43
21
60
73
32
2
15
78
87
# P_bar : m1 | m2 | m3 | m4 | m5
31 47 32 28 43
33 31 29 13 32
45 28 34 40 10
38 21 30 39 13
45 42 14 23 27
23 20 27 29 27
28 46 34 25 28
28 48 40 33 19
15 35 35 17 27
34 40 38 18 30
# P_hat : m1 | m2 | m3 | m4 | m5
2.87 29.97 8.67 22.54 15.96
24.70 7.50 7.18 10.70 29.46
41.15 19.99 2.13 37.31 5.84
16.49 1.92 13.77 21.23 7.00
11.64 8.37 10.26 4.61 7.26
9.99 17.55 16.38 17.89 9.95
20.26 33.98 22.88 18.57 25.07
0.25 0.66 3.25 24.35 12.66
8.84 8.69 33.30 8.86 21.26
20.85 8.58 31.86 1.23 13.63
