# nJobs | nMachines
10 5
# Job Weights
86
51
66
27
80
15
94
29
11
81
# P_bar : m1 | m2 | m3 | m4 | m5
23 13 49 20 30
18 40 25 16 44
41 27 23 48 39
10 49 20 22 48
16 39 19 41 36
26 34 28 50 45
11 25 29 40 33
50 16 38 19 19
21 22 17 18 26
39 44 28 21 28
# P_hat : m1 | m2 | m3 | m4 | m5
4.57 4.41 42.00 2.40 28.37
14.10 2.50 19.12 4.99 13.77
37.28 13.13 3.37 38.52 33.48
3.70 5.34 13.81 18.95 6.32
12.02 9.69 17.96 5.63 25.38
23.32 10.78 19.11 47.62 33.39
9.31 20.22 9.62 13.15 22.36
9.14 14.01 19.02 12.58 4.79
20.08 6.65 10.98 13.53 22.70
14.69 37.78 14.30 17.05 4.73
