# nJobs | nMachines
10 5
# Job Weights
45
70
97
19
90
93
96
27
12
94
# P_bar : m1 | m2 | m3 | m4 | m5
32 34 47 34 35
22 35 27 34 14
14 31 43 36 21
20 29 41 39 22
46 42 13 10 30
14 22 48 22 31
11 44 49 40 30
14 40 38 21 19
47 31 36 39 14
44 48 33 49 39
# P_hat : m1 | m2 | m3 | m4 | m5
78.27 1.40 64.56 20.46 126.61
59.71 100.25 90.13 131.66 45.77
17.78 87.57 160.90 64.33 63.59
67.85 72.23 30.46 78.24 4.89
174.28 166.34 19.37 9.87 0.83
49.55 27.45 178.30 41.44 26.34
32.52 59.84 12.11 105.91 79.62
15.54 12.63 14.04 63.10 31.25
52.94 54.91 23.44 117.60 22.53
169.55 50.12 78.57 113.27 138.00
