# nJobs | nMachines
10 5
# Job Weights
45
70
97
19
90
93
96
27
12
94
# P_bar : m1 | m2 | m3 | m4 | m5
32 34 47 34 35
22 35 27 34 14
14 31 43 36 21
20 29 41 39 22
46 42 13 10 30
14 22 48 22 31
11 44 49 40 30
14 40 38 21 19
47 31 36 39 14
44 48 33 49 39
# P_hat : m1 | m2 | m3 | m4 | m5
12.86 5.21 7.38 8.21 16.65
1.51 14.39 7.26 14.25 1.23
4.06 0.88 18.06 6.51 5.96
5.06 6.07 20.28 16.77 6.37
3.31 9.63 5.78 2.03 7.34
4.37 7.98 8.92 3.61 9.99
1.51 12.63 4.78 9.08 3.45
3.41 13.34 9.30 8.01 5.25
1.93 12.04 13.35 2.46 2.61
10.11 20.69 8.13 4.81 12.90
