# nJobs | nMachines
10 5
# Job Weights
4
11
26
5
78
99
69
57
19
12
# P_bar : m1 | m2 | m3 | m4 | m5
18 18 31 36 37
24 27 14 16 43
45 34 24 47 47
22 17 45 39 50
31 10 40 17 27
13 33 18 40 35
26 18 13 30 43
31 33 14 37 45
14 12 40 10 31
27 23 29 43 21
# P_hat : m1 | m2 | m3 | m4 | m5
1.80 1.80 3.10 3.60 3.70
2.40 2.70 1.40 1.60 4.30
4.50 3.40 2.40 4.70 4.70
2.20 1.70 4.50 3.90 5.00
3.10 1.00 4.00 1.70 2.70
1.30 3.30 1.80 4.00 3.50
2.60 1.80 1.30 3.00 4.30
3.10 3.30 1.40 3.70 4.50
1.40 1.20 4.00 1.00 3.10
2.70 2.30 2.90 4.30 2.10
