# nJobs | nMachines
10 5
# Job Weights
96
52
5
16
42
43
54
22
87
68
# P_bar : m1 | m2 | m3 | m4 | m5
42 32 49 36 33
46 32 47 43 23
12 23 16 25 39
47 15 29 41 19
40 32 22 28 36
32 26 16 19 44
33 17 35 28 23
11 35 42 38 43
46 44 42 50 15
41 37 31 36 10
# P_hat : m1 | m2 | m3 | m4 | m5
3.98 73.47 190.86 119.86 11.03
153.63 50.29 102.31 138.57 19.42
46.79 2.64 17.62 22.43 117.39
25.47 35.00 82.29 37.08 3.90
37.04 1.45 23.89 91.54 70.93
111.16 81.89 57.87 70.71 77.81
122.29 20.84 52.46 10.68 30.76
18.46 5.64 92.38 68.41 67.87
9.31 103.55 8.50 67.49 31.80
6.46 58.86 52.84 125.38 6.45
