# nJobs | nMachines
10 5
# Job Weights
37
10
34
9
42
91
37
59
66
78
# P_bar : m1 | m2 | m3 | m4 | m5
20 44 17 37 29
30 47 20 23 50
11 47 46 26 13
41 20 27 30 15
21 12 18 12 25
27 34 48 42 48
42 14 14 30 12
35 35 10 26 20
12 10 30 36 41
37 12 40 46 20
# P_hat : m1 | m2 | m3 | m4 | m5
15.69 2.62 3.44 2.30 5.37
17.96 28.40 7.73 1.64 27.06
4.56 35.89 2.35 14.92 8.39
39.28 10.47 10.74 16.98 0.68
11.36 2.72 9.21 10.54 23.65
16.34 22.66 23.20 23.43 40.42
9.26 1.12 5.36 28.79 3.56
21.90 15.46 8.39 1.27 1.54
6.86 1.63 4.36 3.53 6.97
6.84 2.21 20.23 2.03 2.54
