# nJobs | nMachines
10 5
# Job Weights
86
51
66
27
80
15
94
29
11
81
# P_bar : m1 | m2 | m3 | m4 | m5
23 13 49 20 30
18 40 25 16 44
41 27 23 48 39
10 49 20 22 48
16 39 19 41 36
26 34 28 50 45
11 25 29 40 33
50 16 38 19 19
21 22 17 18 26
39 44 28 21 28
# P_hat : m1 | m2 | m3 | m4 | m5
6.90 3.90 14.70 6.00 9.00
5.40 12.00 7.50 4.80 13.20
12.30 8.10 6.90 14.40 11.70
3.00 14.70 6.00 6.60 14.40
4.80 11.70 5.70 12.30 10.80
7.80 10.20 8.40 15.00 13.50
3.30 7.50 8.70 12.00 9.90
15.00 4.80 11.40 5.70 5.70
6.30 6.60 5.10 5.40 7.80
11.70 13.20 8.40 6.30 8.40
