# nJobs | nMachines
10 5
# Job Weights
45
70
97
19
90
93
96
27
12
94
# P_bar : m1 | m2 | m3 | m4 | m5
32 34 47 34 35
22 35 27 34 14
14 31 43 36 21
20 29 41 39 22
46 42 13 10 30
14 22 48 22 31
11 44 49 40 30
14 40 38 21 19
47 31 36 39 14
44 48 33 49 39
# P_hat : m1 | m2 | m3 | m4 | m5
49.24 34.67 22.32 51.05 57.88
17.51 35.09 2.68 8.53 14.69
23.17 3.12 62.32 55.64 32.56
6.83 2.02 9.15 18.48 10.31
2.80 46.30 15.82 13.55 20.71
5.72 19.28 26.98 24.89 1.87
7.49 73.85 17.00 74.33 57.69
14.30 12.85 28.86 16.27 25.38
57.82 1.55 57.70 5.16 26.13
80.13 43.11 25.88 1.88 20.71
