# nJobs | nMachines
10 5
# Job Weights
45
70
97
19
90
93
96
27
12
94
# P_bar : m1 | m2 | m3 | m4 | m5
32 34 47 34 35
22 35 27 34 14
14 31 43 36 21
20 29 41 39 22
46 42 13 10 30
14 22 48 22 31
11 44 49 40 30
14 40 38 21 19
47 31 36 39 14
44 48 33 49 39
# P_hat : m1 | m2 | m3 | m4 | m5
4.52 19.42 31.62 25.51 8.34
12.56 5.01 5.95 5.17 12.72
2.59 11.61 9.38 16.50 9.83
5.57 23.13 35.84 13.70 10.26
10.06 15.43 3.25 0.94 22.82
2.56 1.91 12.64 10.69 4.79
9.08 24.50 0.03 36.83 14.62
4.00 33.80 33.09 0.84 8.17
43.57 24.67 28.53 11.37 8.36
42.68 8.41 20.70 10.17 38.98
