# nJobs | nMachines
10 5
# Job Weights
37
10
34
9
42
91
37
59
66
78
# P_bar : m1 | m2 | m3 | m4 | m5
20 44 17 37 29
30 47 20 23 50
11 47 46 26 13
41 20 27 30 15
21 12 18 12 25
27 34 48 42 48
42 14 14 30 12
35 35 10 26 20
12 10 30 36 41
37 12 40 46 20
# P_hat : m1 | m2 | m3 | m4 | m5
4.93 6.75 3.35 50.14 50.71
31.11 0.39 38.27 25.16 83.06
5.41 63.02 55.14 24.70 5.84
29.37 25.67 39.35 55.35 11.98
41.56 9.86 11.35 1.75 20.48
36.95 33.30 37.74 23.57 93.91
79.71 11.63 6.63 21.00 4.34
9.98 1.68 1.94 40.69 31.97
9.17 6.71 10.74 71.46 27.40
41.05 4.25 63.80 22.14 29.23
