# nJobs | nMachines
10 5
# Job Weights
86
51
66
27
80
15
94
29
11
81
# P_bar : m1 | m2 | m3 | m4 | m5
23 13 49 20 30
18 40 25 16 44
41 27 23 48 39
10 49 20 22 48
16 39 19 41 36
26 34 28 50 45
11 25 29 40 33
50 16 38 19 19
21 22 17 18 26
39 44 28 21 28
# P_hat : m1 | m2 | m3 | m4 | m5
2.47 13.29 35.57 10.82 22.15
25.83 48.35 43.96 7.96 31.43
38.99 24.89 33.37 90.44 26.84
16.98 81.21 4.50 13.12 49.97
12.27 64.71 15.50 63.59 31.73
8.75 48.24 49.64 39.31 79.19
18.40 5.27 2.74 11.14 33.36
54.89 26.84 73.07 0.41 19.29
7.95 29.52 23.09 19.59 7.20
56.19 61.34 35.36 40.98 55.03
