# nJobs | nMachines
10 5
# Job Weights
18
43
21
60
73
32
2
15
78
87
# P_bar : m1 | m2 | m3 | m4 | m5
31 47 32 28 43
33 31 29 13 32
45 28 34 40 10
38 21 30 39 13
45 42 14 23 27
23 20 27 29 27
28 46 34 25 28
28 48 40 33 19
15 35 35 17 27
34 40 38 18 30
# P_hat : m1 | m2 | m3 | m4 | m5
6.26 7.74 2.74 1.67 2.31
7.89 2.67 3.77 1.63 9.32
3.38 2.58 6.99 9.01 0.34
7.12 2.22 2.99 1.19 1.57
7.72 7.83 0.24 1.92 5.98
5.75 2.00 3.03 2.40 5.71
7.61 10.11 9.63 3.24 3.55
0.10 5.83 7.70 9.71 1.98
3.03 0.72 7.05 0.34 3.22
0.53 9.41 7.21 2.80 2.38
