# nJobs | nMachines
10 5
# Job Weights
45
70
97
19
90
93
96
27
12
94
# P_bar : m1 | m2 | m3 | m4 | m5
32 34 47 34 35
22 35 27 34 14
14 31 43 36 21
20 29 41 39 22
46 42 13 10 30
14 22 48 22 31
11 44 49 40 30
14 40 38 21 19
47 31 36 39 14
44 48 33 49 39
# P_hat : m1 | m2 | m3 | m4 | m5
12.80 13.60 18.80 13.60 14.00
8.80 14.00 10.80 13.60 5.60
5.60 12.40 17.20 14.40 8.40
8.00 11.60 16.40 15.60 8.80
18.40 16.80 5.20 4.00 12.00
5.60 8.80 19.20 8.80 12.40
4.40 17.60 19.60 16.00 12.00
5.60 16.00 15.20 8.40 7.60
18.80 12.40 14.40 15.60 5.60
17.60 19.20 13.20 19.60 15.60
