# nJobs | nMachines
10 5
# Job Weights
1
35
27
61
49
51
91
68
72
75
# P_bar : m1 | m2 | m3 | m4 | m5
44 47 30 26 49
40 15 40 44 47
13 26 42 44 19
12 36 21 47 36
16 13 20 30 11
42 33 44 42 21
11 34 31 14 27
38 43 32 21 14
15 10 10 15 42
45 30 26 20 25
# P_hat : m1 | m2 | m3 | m4 | m5
8.80 9.40 6.00 5.20 9.80
8.00 3.00 8.00 8.80 9.40
2.60 5.20 8.40 8.80 3.80
2.40 7.20 4.20 9.40 7.20
3.20 2.60 4.00 6.00 2.20
8.40 6.60 8.80 8.40 4.20
2.20 6.80 6.20 2.80 5.40
7.60 8.60 6.40 4.20 2.80
3.00 2.00 2.00 3.00 8.40
9.00 6.00 5.20 4.00 5.00
