# nJobs | nMachines
10 5
# Job Weights
1
35
27
61
49
51
91
68
72
75
# P_bar : m1 | m2 | m3 | m4 | m5
44 47 30 26 49
40 15 40 44 47
13 26 42 44 19
12 36 21 47 36
16 13 20 30 11
42 33 44 42 21
11 34 31 14 27
38 43 32 21 14
15 10 10 15 42
45 30 26 20 25
# P_hat : m1 | m2 | m3 | m4 | m5
22.00 23.50 15.00 13.00 24.50
20.00 7.50 20.00 22.00 23.50
6.50 13.00 21.00 22.00 9.50
6.00 18.00 10.50 23.50 18.00
8.00 6.50 10.00 15.00 5.50
21.00 16.50 22.00 21.00 10.50
5.50 17.00 15.50 7.00 13.50
19.00 21.50 16.00 10.50 7.00
7.50 5.00 5.00 7.50 21.00
22.50 15.00 13.00 10.00 12.50
