# nJobs | nMachines
10 5
# Job Weights
55
89
66
22
77
33
99
22
38
3
# P_bar : m1 | m2 | m3 | m4 | m5
25 15 13 28 32
28 50 24 36 26
15 46 40 23 36
24 16 18 19 28
14 20 15 10 23
30 36 28 20 10
28 48 28 19 19
32 41 41 49 30
23 29 36 44 41
21 26 16 12 34
# P_hat : m1 | m2 | m3 | m4 | m5
7.50 4.50 3.90 8.40 9.60
8.40 15.00 7.20 10.80 7.80
4.50 13.80 12.00 6.90 10.80
7.20 4.80 5.40 5.70 8.40
4.20 6.00 4.50 3.00 6.90
9.00 10.80 8.40 6.00 3.00
8.40 14.40 8.40 5.70 5.70
9.60 12.30 12.30 14.70 9.00
6.90 8.70 10.80 13.20 12.30
6.30 7.80 4.80 3.60 10.20
