# nJobs | nMachines
10 5
# Job Weights
96
52
5
16
42
43
54
22
87
68
# P_bar : m1 | m2 | m3 | m4 | m5
42 32 49 36 33
46 32 47 43 23
12 23 16 25 39
47 15 29 41 19
40 32 22 28 36
32 26 16 19 44
33 17 35 28 23
11 35 42 38 43
46 44 42 50 15
41 37 31 36 10
# P_hat : m1 | m2 | m3 | m4 | m5
6.22 11.07 8.60 6.86 8.77
21.58 7.33 8.52 17.38 0.38
4.91 2.60 6.45 10.30 9.27
23.11 4.60 4.76 7.88 3.87
5.19 4.05 2.30 6.43 2.90
15.52 7.51 0.68 2.88 14.44
7.12 3.05 8.17 13.06 11.17
1.91 14.41 10.12 2.25 12.09
1.16 18.06 17.66 23.34 5.36
1.08 8.83 3.43 12.31 0.34
