# nJobs | nMachines
10 5
# Job Weights
18
43
21
60
73
32
2
15
78
87
# P_bar : m1 | m2 | m3 | m4 | m5
31 47 32 28 43
33 31 29 13 32
45 28 34 40 10
38 21 30 39 13
45 42 14 23 27
23 20 27 29 27
28 46 34 25 28
28 48 40 33 19
15 35 35 17 27
34 40 38 18 30
# P_hat : m1 | m2 | m3 | m4 | m5
3.18 6.99 11.31 10.31 9.68
7.97 1.43 8.85 5.74 15.32
6.04 8.39 5.32 4.05 2.00
5.46 6.55 4.07 11.46 5.46
14.78 13.62 4.18 8.06 2.55
11.14 2.67 11.69 9.86 9.08
8.45 0.35 16.09 5.10 13.68
1.08 23.16 2.12 0.25 0.97
0.57 4.39 2.71 4.95 0.11
16.17 13.52 17.95 2.28 6.50
