# nJobs | nMachines
10 5
# Job Weights
4
11
26
5
78
99
69
57
19
12
# P_bar : m1 | m2 | m3 | m4 | m5
18 18 31 36 37
24 27 14 16 43
45 34 24 47 47
22 17 45 39 50
31 10 40 17 27
13 33 18 40 35
26 18 13 30 43
31 33 14 37 45
14 12 40 10 31
27 23 29 43 21
# P_hat : m1 | m2 | m3 | m4 | m5
5.40 5.40 9.30 10.80 11.10
7.20 8.10 4.20 4.80 12.90
13.50 10.20 7.20 14.10 14.10
6.60 5.10 13.50 11.70 15.00
9.30 3.00 12.00 5.10 8.10
3.90 9.90 5.40 12.00 10.50
7.80 5.40 3.90 9.00 12.90
9.30 9.90 4.20 11.10 13.50
4.20 3.60 12.00 3.00 9.30
8.10 6.90 8.70 12.90 6.30
