# nJobs | nMachines
10 5
# Job Weights
55
89
66
22
77
33
99
22
38
3
# P_bar : m1 | m2 | m3 | m4 | m5
25 15 13 28 32
28 50 24 36 26
15 46 40 23 36
24 16 18 19 28
14 20 15 10 23
30 36 28 20 10
28 48 28 19 19
32 41 41 49 30
23 29 36 44 41
21 26 16 12 34
# P_hat : m1 | m2 | m3 | m4 | m5
3.36 12.34 19.87 32.53 21.88
5.32 13.01 29.94 71.33 27.44
29.97 2.06 60.98 34.81 15.24
15.68 11.53 1.40 16.81 55.76
20.95 31.35 25.11 14.15 45.13
48.40 40.77 34.69 15.57 12.99
48.05 30.03 31.55 8.70 30.57
63.85 53.66 51.22 58.49 42.91
11.11 13.46 62.24 81.68 48.64
1.69 0.75 18.78 22.30 3.63
