# nJobs | nMachines
10 5
# Job Weights
37
10
34
9
42
91
37
59
66
78
# P_bar : m1 | m2 | m3 | m4 | m5
20 44 17 37 29
30 47 20 23 50
11 47 46 26 13
41 20 27 30 15
21 12 18 12 25
27 34 48 42 48
42 14 14 30 12
35 35 10 26 20
12 10 30 36 41
37 12 40 46 20
# P_hat : m1 | m2 | m3 | m4 | m5
33.60 70.88 61.68 23.90 30.29
69.40 97.69 79.32 43.40 138.99
36.63 187.35 38.33 57.56 29.50
131.88 10.82 38.39 68.43 47.77
72.78 32.42 48.18 10.09 73.50
6.44 53.86 92.89 124.70 117.14
116.26 7.45 23.43 3.02 23.43
19.60 22.22 14.31 36.90 10.65
19.96 37.97 71.25 112.35 42.86
81.19 42.22 92.09 103.76 33.53
