# nJobs | nMachines
10 5
# Job Weights
45
70
97
19
90
93
96
27
12
94
# P_bar : m1 | m2 | m3 | m4 | m5
32 34 47 34 35
22 35 27 34 14
14 31 43 36 21
20 29 41 39 22
46 42 13 10 30
14 22 48 22 31
11 44 49 40 30
14 40 38 21 19
47 31 36 39 14
44 48 33 49 39
# P_hat : m1 | m2 | m3 | m4 | m5
2.75 3.42 3.23 2.84 2.21
5.30 0.70 3.80 8.14 3.40
4.19 9.07 3.46 3.52 0.93
0.18 7.11 1.24 3.50 2.26
12.38 10.74 0.65 0.70 7.78
2.62 6.19 2.12 0.86 1.44
3.21 1.12 14.30 3.08 0.74
1.95 4.63 8.66 2.24 2.76
11.95 0.66 10.45 7.89 1.27
0.82 3.04 4.35 0.92 6.59
