# nJobs | nMachines
10 5
# Job Weights
1
35
27
61
49
51
91
68
72
75
# P_bar : m1 | m2 | m3 | m4 | m5
44 47 30 26 49
40 15 40 44 47
13 26 42 44 19
12 36 21 47 36
16 13 20 30 11
42 33 44 42 21
11 34 31 14 27
38 43 32 21 14
15 10 10 15 42
45 30 26 20 25
# P_hat : m1 | m2 | m3 | m4 | m5
17.60 18.80 12.00 10.40 19.60
16.00 6.00 16.00 17.60 18.80
5.20 10.40 16.80 17.60 7.60
4.80 14.40 8.40 18.80 14.40
6.40 5.20 8.00 12.00 4.40
16.80 13.20 17.60 16.80 8.40
4.40 13.60 12.40 5.60 10.80
15.20 17.20 12.80 8.40 5.60
6.00 4.00 4.00 6.00 16.80
18.00 12.00 10.40 8.00 10.00
