# nJobs | nMachines
10 5
# Job Weights
4
11
26
5
78
99
69
57
19
12
# P_bar : m1 | m2 | m3 | m4 | m5
18 18 31 36 37
24 27 14 16 43
45 34 24 47 47
22 17 45 39 50
31 10 40 17 27
13 33 18 40 35
26 18 13 30 43
31 33 14 37 45
14 12 40 10 31
27 23 29 43 21
# P_hat : m1 | m2 | m3 | m4 | m5
3.60 3.60 6.20 7.20 7.40
4.80 5.40 2.80 3.20 8.60
9.00 6.80 4.80 9.40 9.40
4.40 3.40 9.00 7.80 10.00
6.20 2.00 8.00 3.40 5.40
2.60 6.60 3.60 8.00 7.00
5.20 3.60 2.60 6.00 8.60
6.20 6.60 2.80 7.40 9.00
2.80 2.40 8.00 2.00 6.20
5.40 4.60 5.80 8.60 4.20
