# nJobs | nMachines
10 5
# Job Weights
45
70
97
19
90
93
96
27
12
94
# P_bar : m1 | m2 | m3 | m4 | m5
32 34 47 34 35
22 35 27 34 14
14 31 43 36 21
20 29 41 39 22
46 42 13 10 30
14 22 48 22 31
11 44 49 40 30
14 40 38 21 19
47 31 36 39 14
44 48 33 49 39
# P_hat : m1 | m2 | m3 | m4 | m5
3.20 3.40 4.70 3.40 3.50
2.20 3.50 2.70 3.40 1.40
1.40 3.10 4.30 3.60 2.10
2.00 2.90 4.10 3.90 2.20
4.60 4.20 1.30 1.00 3.00
1.40 2.20 4.80 2.20 3.10
1.10 4.40 4.90 4.00 3.00
1.40 4.00 3.80 2.10 1.90
4.70 3.10 3.60 3.90 1.40
4.40 4.80 3.30 4.90 3.90
