# nJobs | nMachines
10 5
# Job Weights
55
89
66
22
77
33
99
22
38
3
# P_bar : m1 | m2 | m3 | m4 | m5
25 15 13 28 32
28 50 24 36 26
15 46 40 23 36
24 16 18 19 28
14 20 15 10 23
30 36 28 20 10
28 48 28 19 19
32 41 41 49 30
23 29 36 44 41
21 26 16 12 34
# P_hat : m1 | m2 | m3 | m4 | m5
5.42 5.42 3.56 8.69 14.23
13.96 16.42 0.80 13.36 7.52
4.19 16.30 15.33 1.95 11.38
3.85 0.07 5.25 1.85 2.19
1.54 2.18 5.86 4.45 5.45
5.26 11.91 10.52 7.50 3.58
5.22 11.62 11.24 8.63 2.57
1.10 0.11 10.62 18.59 3.03
4.25 11.67 2.53 13.14 6.43
4.87 10.05 5.37 3.92 4.11
