# nJobs | nMachines
10 5
# Job Weights
50
40
13
1
36
39
60
48
52
60
# P_bar : m1 | m2 | m3 | m4 | m5
46 10 21 28 17
37 21 32 34 18
19 37 45 14 31
16 14 16 27 36
25 46 11 37 17
24 33 41 28 34
34 25 38 17 37
43 13 25 48 25
35 34 13 41 12
11 23 45 40 42
# P_hat : m1 | m2 | m3 | m4 | m5
13.80 3.00 6.30 8.40 5.10
11.10 6.30 9.60 10.20 5.40
5.70 11.10 13.50 4.20 9.30
4.80 4.20 4.80 8.10 10.80
7.50 13.80 3.30 11.10 5.10
7.20 9.90 12.30 8.40 10.20
10.20 7.50 11.40 5.10 11.10
12.90 3.90 7.50 14.40 7.50
10.50 10.20 3.90 12.30 3.60
3.30 6.90 13.50 12.00 12.60
