# nJobs | nMachines
10 5
# Job Weights
1
35
27
61
49
51
91
68
72
75
# P_bar : m1 | m2 | m3 | m4 | m5
44 47 30 26 49
40 15 40 44 47
13 26 42 44 19
12 36 21 47 36
16 13 20 30 11
42 33 44 42 21
11 34 31 14 27
38 43 32 21 14
15 10 10 15 42
45 30 26 20 25
# P_hat : m1 | m2 | m3 | m4 | m5
27.70 39.45 23.67 16.45 14.60
2.17 0.06 35.67 30.97 4.95
9.73 6.42 18.22 0.19 14.85
3.81 26.67 19.11 7.85 23.19
0.00 4.11 7.55 21.39 0.53
21.47 3.36 42.42 27.99 7.56
0.52 12.25 2.77 13.52 25.83
10.49 11.63 21.98 15.98 7.01
10.60 8.43 4.94 14.26 18.17
2.82 9.40 10.08 14.05 11.44
