# nJobs | nMachines
10 5
# Job Weights
86
51
66
27
80
15
94
29
11
81
# P_bar : m1 | m2 | m3 | m4 | m5
23 13 49 20 30
18 40 25 16 44
41 27 23 48 39
10 49 20 22 48
16 39 19 41 36
26 34 28 50 45
11 25 29 40 33
50 16 38 19 19
21 22 17 18 26
39 44 28 21 28
# P_hat : m1 | m2 | m3 | m4 | m5
10.73 4.68 12.25 9.35 8.63
0.18 5.74 8.44 2.43 4.55
3.15 11.88 2.75 18.77 9.84
4.43 1.21 7.58 8.42 7.49
3.67 4.51 7.22 14.18 7.69
7.34 15.26 4.38 24.14 14.52
3.65 3.20 5.95 7.87 12.30
16.98 1.77 3.98 1.24 2.21
9.78 1.52 8.30 6.05 5.27
19.44 18.90 9.04 7.66 3.77
