# nJobs | nMachines
10 5
# Job Weights
86
51
66
27
80
15
94
29
11
81
# P_bar : m1 | m2 | m3 | m4 | m5
23 13 49 20 30
18 40 25 16 44
41 27 23 48 39
10 49 20 22 48
16 39 19 41 36
26 34 28 50 45
11 25 29 40 33
50 16 38 19 19
21 22 17 18 26
39 44 28 21 28
# P_hat : m1 | m2 | m3 | m4 | m5
23.00 21.79 67.62 9.63 86.25
5.28 73.28 5.47 4.33 19.47
108.76 27.72 18.79 139.01 5.55
23.81 147.41 33.50 81.74 190.91
26.57 80.01 16.69 70.61 33.51
43.91 43.64 0.03 23.83 9.69
34.54 59.61 106.14 81.98 25.06
39.14 63.73 128.27 26.51 2.96
68.90 38.30 50.48 26.99 40.75
101.20 162.04 18.80 52.19 89.87
