# nJobs | nMachines
10 5
# Job Weights
4
11
26
5
78
99
69
57
19
12
# P_bar : m1 | m2 | m3 | m4 | m5
18 18 31 36 37
24 27 14 16 43
45 34 24 47 47
22 17 45 39 50
31 10 40 17 27
13 33 18 40 35
26 18 13 30 43
31 33 14 37 45
14 12 40 10 31
27 23 29 43 21
# P_hat : m1 | m2 | m3 | m4 | m5
7.20 7.20 12.40 14.40 14.80
9.60 10.80 5.60 6.40 17.20
18.00 13.60 9.60 18.80 18.80
8.80 6.80 18.00 15.60 20.00
12.40 4.00 16.00 6.80 10.80
5.20 13.20 7.20 16.00 14.00
10.40 7.20 5.20 12.00 17.20
12.40 13.20 5.60 14.80 18.00
5.60 4.80 16.00 4.00 12.40
10.80 9.20 11.60 17.20 8.40
