# nJobs | nMachines
10 5
# Job Weights
96
52
5
16
42
43
54
22
87
68
# P_bar : m1 | m2 | m3 | m4 | m5
42 32 49 36 33
46 32 47 43 23
12 23 16 25 39
47 15 29 41 19
40 32 22 28 36
32 26 16 19 44
33 17 35 28 23
11 35 42 38 43
46 44 42 50 15
41 37 31 36 10
# P_hat : m1 | m2 | m3 | m4 | m5
4.20 3.20 4.90 3.60 3.30
4.60 3.20 4.70 4.30 2.30
1.20 2.30 1.60 2.50 3.90
4.70 1.50 2.90 4.10 1.90
4.00 3.20 2.20 2.80 3.60
3.20 2.60 1.60 1.90 4.40
3.30 1.70 3.50 2.80 2.30
1.10 3.50 4.20 3.80 4.30
4.60 4.40 4.20 5.00 1.50
4.10 3.70 3.10 3.60 1.00
