# nJobs | nMachines
10 5
# Job Weights
4
11
26
5
78
99
69
57
19
12
# P_bar : m1 | m2 | m3 | m4 | m5
18 18 31 36 37
24 27 14 16 43
45 34 24 47 47
22 17 45 39 50
31 10 40 17 27
13 33 18 40 35
26 18 13 30 43
31 33 14 37 45
14 12 40 10 31
27 23 29 43 21
# P_hat : m1 | m2 | m3 | m4 | m5
3.09 0.19 3.83 7.25 9.61
5.80 3.17 1.01 1.30 3.73
10.26 7.11 4.84 1.15 6.59
1.02 0.99 11.15 11.61 9.29
1.39 1.92 8.08 0.80 3.33
1.05 2.57 4.45 11.86 4.49
2.82 4.78 1.55 8.80 4.26
3.80 8.87 0.66 8.81 7.62
2.85 1.07 8.86 1.98 7.91
0.46 1.59 3.14 7.45 1.27
