# nJobs | nMachines
10 5
# Job Weights
26
35
72
1
2
6
64
5
89
51
# P_bar : m1 | m2 | m3 | m4 | m5
13 39 32 45 50
25 27 22 45 13
49 15 43 19 49
41 45 36 17 37
29 22 32 42 21
47 24 32 38 38
49 29 41 38 38
11 48 26 40 42
23 46 41 32 11
18 21 41 50 43
# P_hat : m1 | m2 | m3 | m4 | m5
5.15 4.82 14.82 10.82 9.81
11.35 8.65 2.52 14.90 4.90
23.12 5.00 13.64 1.13 22.50
19.68 3.66 4.00 2.46 17.59
7.56 6.22 5.15 8.35 6.06
22.97 9.26 13.57 17.47 6.79
18.55 7.23 14.94 18.87 14.96
0.89 0.29 1.24 0.90 5.27
5.48 0.21 8.79 12.18 3.10
6.46 3.75 0.60 9.29 7.71
