# nJobs | nMachines
10 5
# Job Weights
26
35
72
1
2
6
64
5
89
51
# P_bar : m1 | m2 | m3 | m4 | m5
13 39 32 45 50
25 27 22 45 13
49 15 43 19 49
41 45 36 17 37
29 22 32 42 21
47 24 32 38 38
49 29 41 38 38
11 48 26 40 42
23 46 41 32 11
18 21 41 50 43
# P_hat : m1 | m2 | m3 | m4 | m5
1.51 1.72 0.73 0.67 10.68
5.06 0.06 1.81 11.39 3.83
3.82 2.84 10.41 5.59 8.37
4.25 6.04 4.96 4.05 2.88
7.98 0.89 5.25 10.76 2.75
4.10 6.90 4.16 2.76 6.77
6.91 4.61 0.54 10.95 0.83
2.94 3.48 1.29 2.36 7.84
4.88 6.91 5.48 9.13 3.24
0.34 4.28 2.57 14.92 2.45
