# nJobs | nMachines
10 5
# Job Weights
26
35
72
1
2
6
64
5
89
51
# P_bar : m1 | m2 | m3 | m4 | m5
13 39 32 45 50
25 27 22 45 13
49 15 43 19 49
41 45 36 17 37
29 22 32 42 21
47 24 32 38 38
49 29 41 38 38
11 48 26 40 42
23 46 41 32 11
18 21 41 50 43
# P_hat : m1 | m2 | m3 | m4 | m5
3.32 17.97 20.82 53.16 26.53
38.28 0.08 31.36 59.49 15.64
0.00 21.88 70.24 2.98 29.06
34.16 87.02 13.08 18.51 52.87
30.31 9.87 23.74 59.58 31.88
5.14 31.83 57.72 12.72 7.79
95.36 43.03 66.15 59.33 39.05
4.97 81.45 51.21 46.70 42.75
13.99 38.88 61.85 60.94 8.12
10.94 12.72 32.24 4.24 80.23
