# nJobs | nMachines
10 5
# Job Weights
4
11
26
5
78
99
69
57
19
12
# P_bar : m1 | m2 | m3 | m4 | m5
18 18 31 36 37
24 27 14 16 43
45 34 24 47 47
22 17 45 39 50
31 10 40 17 27
13 33 18 40 35
26 18 13 30 43
31 33 14 37 45
14 12 40 10 31
27 23 29 43 21
# P_hat : m1 | m2 | m3 | m4 | m5
4.26 18.52 10.97 28.99 55.76
0.00 4.59 27.65 21.52 75.07
64.09 37.32 21.32 64.13 47.00
15.69 12.92 47.87 24.59 73.02
15.78 12.14 69.89 4.53 33.44
0.34 25.66 35.84 50.59 13.06
28.10 8.65 15.15 7.70 2.21
52.77 6.27 22.75 42.81 25.61
26.81 7.56 26.16 13.87 27.47
30.55 4.45 17.73 60.25 25.92
