# nJobs | nMachines
10 5
# Job Weights
55
89
66
22
77
33
99
22
38
3
# P_bar : m1 | m2 | m3 | m4 | m5
25 15 13 28 32
28 50 24 36 26
15 46 40 23 36
24 16 18 19 28
14 20 15 10 23
30 36 28 20 10
28 48 28 19 19
32 41 41 49 30
23 29 36 44 41
21 26 16 12 34
# P_hat : m1 | m2 | m3 | m4 | m5
2.50 1.50 1.30 2.80 3.20
2.80 5.00 2.40 3.60 2.60
1.50 4.60 4.00 2.30 3.60
2.40 1.60 1.80 1.90 2.80
1.40 2.00 1.50 1.00 2.30
3.00 3.60 2.80 2.00 1.00
2.80 4.80 2.80 1.90 1.90
3.20 4.10 4.10 4.90 3.00
2.30 2.90 3.60 4.40 4.10
2.10 2.60 1.60 1.20 3.40
