# nJobs | nMachines
10 5
# Job Weights
4
11
26
5
78
99
69
57
19
12
# P_bar : m1 | m2 | m3 | m4 | m5
18 18 31 36 37
24 27 14 16 43
45 34 24 47 47
22 17 45 39 50
31 10 40 17 27
13 33 18 40 35
26 18 13 30 43
31 33 14 37 45
14 12 40 10 31
27 23 29 43 21
# P_hat : m1 | m2 | m3 | m4 | m5
9.00 9.00 15.50 18.00 18.50
12.00 13.50 7.00 8.00 21.50
22.50 17.00 12.00 23.50 23.50
11.00 8.50 22.50 19.50 25.00
15.50 5.00 20.00 8.50 13.50
6.50 16.50 9.00 20.00 17.50
13.00 9.00 6.50 15.00 21.50
15.50 16.50 7.00 18.50 22.50
7.00 6.00 20.00 5.00 15.50
13.50 11.50 14.50 21.50 10.50
