# nJobs | nMachines
10 5
# Job Weights
18
43
21
60
73
32
2
15
78
87
# P_bar : m1 | m2 | m3 | m4 | m5
31 47 32 28 43
33 31 29 13 32
45 28 34 40 10
38 21 30 39 13
45 42 14 23 27
23 20 27 29 27
28 46 34 25 28
28 48 40 33 19
15 35 35 17 27
34 40 38 18 30
# P_hat : m1 | m2 | m3 | m4 | m5
39.08 41.73 41.93 6.18 26.47
16.39 1.36 15.09 7.52 58.48
63.49 16.86 10.85 24.78 19.06
32.50 21.11 9.63 19.50 8.50
39.83 4.72 1.97 23.69 19.14
29.87 19.64 10.02 31.06 27.30
52.43 85.29 45.17 17.84 52.70
3.58 10.12 70.54 23.35 33.30
24.74 53.51 56.99 28.17 5.54
19.88 32.77 52.07 28.41 23.56
