# nJobs | nMachines
10 5
# Job Weights
18
43
21
60
73
32
2
15
78
87
# P_bar : m1 | m2 | m3 | m4 | m5
31 47 32 28 43
33 31 29 13 32
45 28 34 40 10
38 21 30 39 13
45 42 14 23 27
23 20 27 29 27
28 46 34 25 28
28 48 40 33 19
15 35 35 17 27
34 40 38 18 30
# P_hat : m1 | m2 | m3 | m4 | m5
3.10 4.70 3.20 2.80 4.30
3.30 3.10 2.90 1.30 3.20
4.50 2.80 3.40 4.00 1.00
3.80 2.10 3.00 3.90 1.30
4.50 4.20 1.40 2.30 2.70
2.30 2.00 2.70 2.90 2.70
2.80 4.60 3.40 2.50 2.80
2.80 4.80 4.00 3.30 1.90
1.50 3.50 3.50 1.70 2.70
3.40 4.00 3.80 1.80 3.00
