# nJobs | nMachines
10 5
# Job Weights
86
51
66
27
80
15
94
29
11
81
# P_bar : m1 | m2 | m3 | m4 | m5
23 13 49 20 30
18 40 25 16 44
41 27 23 48 39
10 49 20 22 48
16 39 19 41 36
26 34 28 50 45
11 25 29 40 33
50 16 38 19 19
21 22 17 18 26
39 44 28 21 28
# P_hat : m1 | m2 | m3 | m4 | m5
2.30 1.30 4.90 2.00 3.00
1.80 4.00 2.50 1.60 4.40
4.10 2.70 2.30 4.80 3.90
1.00 4.90 2.00 2.20 4.80
1.60 3.90 1.90 4.10 3.60
2.60 3.40 2.80 5.00 4.50
1.10 2.50 2.90 4.00 3.30
5.00 1.60 3.80 1.90 1.90
2.10 2.20 1.70 1.80 2.60
3.90 4.40 2.80 2.10 2.80
