# nJobs | nMachines
10 5
# Job Weights
37
10
34
9
42
91
37
59
66
78
# P_bar : m1 | m2 | m3 | m4 | m5
20 44 17 37 29
30 47 20 23 50
11 47 46 26 13
41 20 27 30 15
21 12 18 12 25
27 34 48 42 48
42 14 14 30 12
35 35 10 26 20
12 10 30 36 41
37 12 40 46 20
# P_hat : m1 | m2 | m3 | m4 | m5
2.27 1.52 3.31 1.81 4.70
0.56 12.45 5.73 5.07 1.19
1.12 5.85 2.09 1.63 2.21
6.22 2.32 3.87 0.53 4.09
1.02 2.37 3.25 1.99 2.97
5.33 4.51 8.38 7.50 4.27
12.57 2.72 1.69 7.85 0.52
4.74 0.65 1.01 4.50 0.91
1.28 2.44 1.14 3.73 5.32
4.45 3.39 4.70 11.08 3.57
