# nJobs | nMachines
10 5
# Job Weights
55
89
66
22
77
33
99
22
38
3
# P_bar : m1 | m2 | m3 | m4 | m5
25 15 13 28 32
28 50 24 36 26
15 46 40 23 36
24 16 18 19 28
14 20 15 10 23
30 36 28 20 10
28 48 28 19 19
32 41 41 49 30
23 29 36 44 41
21 26 16 12 34
# P_hat : m1 | m2 | m3 | m4 | m5
12.50 7.50 6.50 14.00 16.00
14.00 25.00 12.00 18.00 13.00
7.50 23.00 20.00 11.50 18.00
12.00 8.00 9.00 9.50 14.00
7.00 10.00 7.50 5.00 11.50
15.00 18.00 14.00 10.00 5.00
14.00 24.00 14.00 9.50 9.50
16.00 20.50 20.50 24.50 15.00
11.50 14.50 18.00 22.00 20.50
10.50 13.00 8.00 6.00 17.00
