# nJobs | nMachines
10 5
# Job Weights
96
52
5
16
42
43
54
22
87
68
# P_bar : m1 | m2 | m3 | m4 | m5
42 32 49 36 33
46 32 47 43 23
12 23 16 25 39
47 15 29 41 19
40 32 22 28 36
32 26 16 19 44
33 17 35 28 23
11 35 42 38 43
46 44 42 50 15
41 37 31 36 10
# P_hat : m1 | m2 | m3 | m4 | m5
36.23 2.51 92.78 67.57 49.98
34.87 17.41 37.62 15.58 41.31
21.96 0.29 25.07 31.14 6.56
23.61 29.35 15.42 18.26 14.94
67.54 61.81 43.57 17.20 7.22
30.98 20.55 0.82 20.77 1.46
33.93 24.76 42.25 23.36 30.44
6.79 24.21 55.40 12.18 51.81
52.72 59.06 57.80 17.09 4.89
26.67 59.60 7.46 30.11 4.68
