# nJobs | nMachines
10 5
# Job Weights
55
89
66
22
77
33
99
22
38
3
# P_bar : m1 | m2 | m3 | m4 | m5
25 15 13 28 32
28 50 24 36 26
15 46 40 23 36
24 16 18 19 28
14 20 15 10 23
30 36 28 20 10
28 48 28 19 19
32 41 41 49 30
23 29 36 44 41
21 26 16 12 34
# P_hat : m1 | m2 | m3 | m4 | m5
3.99 0.92 0.99 3.79 0.64
0.97 7.62 0.07 1.98 6.84
2.73 5.79 8.68 5.90 4.21
0.84 0.09 2.89 5.03 4.55
1.42 4.76 3.76 1.40 6.68
1.29 0.75 6.90 0.45 0.20
5.81 6.83 7.08 2.21 3.70
1.98 6.90 5.97 11.81 0.67
2.70 5.47 3.60 11.90 4.62
5.64 5.37 3.80 0.73 8.20
