# nJobs | nMachines
10 5
# Job Weights
50
40
13
1
36
39
60
48
52
60
# P_bar : m1 | m2 | m3 | m4 | m5
46 10 21 28 17
37 21 32 34 18
19 37 45 14 31
16 14 16 27 36
25 46 11 37 17
24 33 41 28 34
34 25 38 17 37
43 13 25 48 25
35 34 13 41 12
11 23 45 40 42
# P_hat : m1 | m2 | m3 | m4 | m5
0.56 17.69 39.99 23.73 11.62
35.81 23.27 47.23 23.27 15.61
4.68 39.56 53.77 26.92 52.61
9.85 5.47 28.19 24.02 26.15
46.30 15.29 1.09 36.19 26.99
7.76 60.49 21.08 19.69 63.99
65.68 16.39 35.34 30.92 46.12
17.70 9.67 11.35 54.62 37.08
51.91 51.67 19.34 62.50 19.32
12.03 15.59 82.73 64.94 70.98
