# nJobs | nMachines
10 5
# Job Weights
86
51
66
27
80
15
94
29
11
81
# P_bar : m1 | m2 | m3 | m4 | m5
23 13 49 20 30
18 40 25 16 44
41 27 23 48 39
10 49 20 22 48
16 39 19 41 36
26 34 28 50 45
11 25 29 40 33
50 16 38 19 19
21 22 17 18 26
39 44 28 21 28
# P_hat : m1 | m2 | m3 | m4 | m5
9.20 5.20 19.60 8.00 12.00
7.20 16.00 10.00 6.40 17.60
16.40 10.80 9.20 19.20 15.60
4.00 19.60 8.00 8.80 19.20
6.40 15.60 7.60 16.40 14.40
10.40 13.60 11.20 20.00 18.00
4.40 10.00 11.60 16.00 13.20
20.00 6.40 15.20 7.60 7.60
8.40 8.80 6.80 7.20 10.40
15.60 17.60 11.20 8.40 11.20
