# nJobs | nMachines
10 5
# Job Weights
26
35
72
1
2
6
64
5
89
51
# P_bar : m1 | m2 | m3 | m4 | m5
13 39 32 45 50
25 27 22 45 13
49 15 43 19 49
41 45 36 17 37
29 22 32 42 21
47 24 32 38 38
49 29 41 38 38
11 48 26 40 42
23 46 41 32 11
18 21 41 50 43
# P_hat : m1 | m2 | m3 | m4 | m5
5.20 15.60 12.80 18.00 20.00
10.00 10.80 8.80 18.00 5.20
19.60 6.00 17.20 7.60 19.60
16.40 18.00 14.40 6.80 14.80
11.60 8.80 12.80 16.80 8.40
18.80 9.60 12.80 15.20 15.20
19.60 11.60 16.40 15.20 15.20
4.40 19.20 10.40 16.00 16.80
9.20 18.40 16.40 12.80 4.40
7.20 8.40 16.40 20.00 17.20
