# nJobs | nMachines
10 5
# Job Weights
50
40
13
1
36
39
60
48
52
60
# P_bar : m1 | m2 | m3 | m4 | m5
46 10 21 28 17
37 21 32 34 18
19 37 45 14 31
16 14 16 27 36
25 46 11 37 17
24 33 41 28 34
34 25 38 17 37
43 13 25 48 25
35 34 13 41 12
11 23 45 40 42
# P_hat : m1 | m2 | m3 | m4 | m5
18.40 4.00 8.40 11.20 6.80
14.80 8.40 12.80 13.60 7.20
7.60 14.80 18.00 5.60 12.40
6.40 5.60 6.40 10.80 14.40
10.00 18.40 4.40 14.80 6.80
9.60 13.20 16.40 11.20 13.60
13.60 10.00 15.20 6.80 14.80
17.20 5.20 10.00 19.20 10.00
14.00 13.60 5.20 16.40 4.80
4.40 9.20 18.00 16.00 16.80
