# nJobs | nMachines
10 5
# Job Weights
18
43
21
60
73
32
2
15
78
87
# P_bar : m1 | m2 | m3 | m4 | m5
31 47 32 28 43
33 31 29 13 32
45 28 34 40 10
38 21 30 39 13
45 42 14 23 27
23 20 27 29 27
28 46 34 25 28
28 48 40 33 19
15 35 35 17 27
34 40 38 18 30
# P_hat : m1 | m2 | m3 | m4 | m5
12.40 18.80 12.80 11.20 17.20
13.20 12.40 11.60 5.20 12.80
18.00 11.20 13.60 16.00 4.00
15.20 8.40 12.00 15.60 5.20
18.00 16.80 5.60 9.20 10.80
9.20 8.00 10.80 11.60 10.80
11.20 18.40 13.60 10.00 11.20
11.20 19.20 16.00 13.20 7.60
6.00 14.00 14.00 6.80 10.80
13.60 16.00 15.20 7.20 12.00
