# nJobs | nMachines
100 2
# Job Weights
83
63
72
16
51
49
78
28
7
41
79
36
5
20
73
63
96
72
34
6
71
54
8
79
94
16
71
69
73
25
81
5
84
69
82
23
9
87
65
62
33
97
5
52
97
49
31
99
24
38
54
44
23
40
17
55
51
99
79
45
43
63
91
10
23
8
43
99
28
41
20
42
12
74
59
57
29
81
68
85
81
74
5
46
66
15
13
20
78
52
18
54
98
90
8
95
41
23
79
52
# P_bar : m1 | m2
25 32
16 12
37 28
34 17
36 29
14 37
40 17
38 37
49 20
49 15
15 16
41 42
31 15
43 14
17 42
39 17
44 44
15 36
10 34
10 44
45 42
40 34
37 15
24 49
23 15
18 47
38 44
36 36
24 13
14 27
33 23
43 41
47 21
38 22
27 23
49 47
39 29
27 12
46 26
31 38
48 49
40 22
49 50
36 42
23 32
13 13
11 27
38 28
18 24
39 40
16 24
37 49
43 49
12 31
20 39
12 22
35 26
44 43
35 38
36 44
42 37
31 45
27 44
27 23
43 46
44 22
25 17
37 37
23 12
26 16
34 43
19 26
42 32
31 35
27 50
42 35
37 11
12 19
35 17
24 32
27 18
28 49
25 25
41 47
45 13
46 39
42 19
31 42
23 46
33 31
15 44
32 11
25 32
11 22
30 10
14 30
19 49
41 27
28 21
10 39
# P_hat : m1 | m2
2.95 4.31
2.27 2.08
9.49 4.80
3.47 1.70
9.39 2.75
0.37 1.18
9.32 1.87
9.66 1.10
2.67 4.60
6.33 4.35
0.74 4.66
8.69 10.90
4.98 2.70
8.20 2.94
1.00 3.59
2.48 3.22
0.55 6.01
1.45 5.21
1.68 7.73
2.57 3.72
9.00 4.01
5.22 9.43
10.58 0.25
5.18 7.14
6.42 4.11
2.85 8.61
2.95 7.21
0.57 2.70
5.23 1.34
0.51 6.90
3.00 3.86
6.87 6.33
7.96 0.63
6.85 0.11
1.35 6.65
5.58 5.32
7.22 5.25
7.86 0.29
10.04 5.33
8.58 10.63
10.98 8.46
7.10 0.83
2.82 8.73
7.20 9.66
4.30 3.90
2.35 3.43
1.62 5.25
6.03 7.55
1.81 4.49
6.08 1.58
0.95 2.23
8.94 2.97
2.40 13.36
0.31 7.07
2.62 7.91
2.37 1.99
4.60 1.44
3.65 9.76
5.86 5.41
3.75 2.98
11.75 6.84
8.58 0.54
4.07 4.31
2.66 3.23
9.51 2.04
0.48 6.50
3.56 1.07
3.73 1.45
6.35 0.73
0.09 3.69
5.64 5.49
4.22 4.41
6.11 0.20
0.79 0.36
7.88 6.69
6.53 8.57
6.82 2.92
0.85 0.49
5.08 2.75
3.09 8.77
0.61 2.10
0.89 12.19
6.28 1.00
2.95 13.19
2.63 2.93
6.97 11.01
9.69 3.86
0.58 4.58
3.98 12.95
1.18 2.56
0.16 4.38
0.51 2.31
6.26 7.35
0.39 6.13
0.41 0.61
1.84 7.18
4.81 10.86
3.23 0.52
3.54 2.44
0.12 3.31
