# nJobs | nMachines
100 2
# Job Weights
96
8
62
35
17
27
47
17
68
89
48
40
62
15
36
32
81
68
13
97
50
47
98
80
51
73
36
4
13
60
49
68
92
20
56
73
9
67
48
77
84
15
13
41
19
6
37
68
91
34
57
96
45
62
62
10
82
86
15
8
25
16
75
11
75
83
90
68
1
32
36
90
49
3
10
94
73
62
49
98
74
38
77
79
9
74
96
95
61
19
63
87
96
35
53
1
79
89
74
18
# P_bar : m1 | m2
22 45
29 17
48 44
45 44
25 44
26 47
45 37
48 42
18 30
25 46
14 46
43 12
18 49
19 11
37 25
27 21
10 37
26 30
27 29
41 10
10 49
25 30
36 28
46 50
50 17
18 43
38 25
46 36
42 30
13 40
44 42
17 42
22 21
15 45
17 46
44 23
20 17
25 24
37 24
10 14
32 41
38 48
22 46
29 50
23 43
48 24
28 20
28 48
27 18
21 39
20 11
24 21
45 29
33 17
15 49
40 12
25 49
43 28
33 45
28 37
21 35
46 46
42 23
42 17
17 26
21 12
42 45
42 31
14 21
48 20
23 42
43 49
32 49
26 20
14 37
10 25
38 13
42 50
13 28
12 18
44 20
21 36
47 16
10 46
42 28
19 36
29 20
21 10
34 21
50 46
32 33
34 12
16 38
22 49
35 10
27 43
19 29
20 42
43 37
14 23
# P_hat : m1 | m2
6.60 13.50
8.70 5.10
14.40 13.20
13.50 13.20
7.50 13.20
7.80 14.10
13.50 11.10
14.40 12.60
5.40 9.00
7.50 13.80
4.20 13.80
12.90 3.60
5.40 14.70
5.70 3.30
11.10 7.50
8.10 6.30
3.00 11.10
7.80 9.00
8.10 8.70
12.30 3.00
3.00 14.70
7.50 9.00
10.80 8.40
13.80 15.00
15.00 5.10
5.40 12.90
11.40 7.50
13.80 10.80
12.60 9.00
3.90 12.00
13.20 12.60
5.10 12.60
6.60 6.30
4.50 13.50
5.10 13.80
13.20 6.90
6.00 5.10
7.50 7.20
11.10 7.20
3.00 4.20
9.60 12.30
11.40 14.40
6.60 13.80
8.70 15.00
6.90 12.90
14.40 7.20
8.40 6.00
8.40 14.40
8.10 5.40
6.30 11.70
6.00 3.30
7.20 6.30
13.50 8.70
9.90 5.10
4.50 14.70
12.00 3.60
7.50 14.70
12.90 8.40
9.90 13.50
8.40 11.10
6.30 10.50
13.80 13.80
12.60 6.90
12.60 5.10
5.10 7.80
6.30 3.60
12.60 13.50
12.60 9.30
4.20 6.30
14.40 6.00
6.90 12.60
12.90 14.70
9.60 14.70
7.80 6.00
4.20 11.10
3.00 7.50
11.40 3.90
12.60 15.00
3.90 8.40
3.60 5.40
13.20 6.00
6.30 10.80
14.10 4.80
3.00 13.80
12.60 8.40
5.70 10.80
8.70 6.00
6.30 3.00
10.20 6.30
15.00 13.80
9.60 9.90
10.20 3.60
4.80 11.40
6.60 14.70
10.50 3.00
8.10 12.90
5.70 8.70
6.00 12.60
12.90 11.10
4.20 6.90
