# nJobs | nMachines
100 2
# Job Weights
83
63
72
16
51
49
78
28
7
41
79
36
5
20
73
63
96
72
34
6
71
54
8
79
94
16
71
69
73
25
81
5
84
69
82
23
9
87
65
62
33
97
5
52
97
49
31
99
24
38
54
44
23
40
17
55
51
99
79
45
43
63
91
10
23
8
43
99
28
41
20
42
12
74
59
57
29
81
68
85
81
74
5
46
66
15
13
20
78
52
18
54
98
90
8
95
41
23
79
52
# P_bar : m1 | m2
25 32
16 12
37 28
34 17
36 29
14 37
40 17
38 37
49 20
49 15
15 16
41 42
31 15
43 14
17 42
39 17
44 44
15 36
10 34
10 44
45 42
40 34
37 15
24 49
23 15
18 47
38 44
36 36
24 13
14 27
33 23
43 41
47 21
38 22
27 23
49 47
39 29
27 12
46 26
31 38
48 49
40 22
49 50
36 42
23 32
13 13
11 27
38 28
18 24
39 40
16 24
37 49
43 49
12 31
20 39
12 22
35 26
44 43
35 38
36 44
42 37
31 45
27 44
27 23
43 46
44 22
25 17
37 37
23 12
26 16
34 43
19 26
42 32
31 35
27 50
42 35
37 11
12 19
35 17
24 32
27 18
28 49
25 25
41 47
45 13
46 39
42 19
31 42
23 46
33 31
15 44
32 11
25 32
11 22
30 10
14 30
19 49
41 27
28 21
10 39
# P_hat : m1 | m2
2.50 3.20
1.60 1.20
3.70 2.80
3.40 1.70
3.60 2.90
1.40 3.70
4.00 1.70
3.80 3.70
4.90 2.00
4.90 1.50
1.50 1.60
4.10 4.20
3.10 1.50
4.30 1.40
1.70 4.20
3.90 1.70
4.40 4.40
1.50 3.60
1.00 3.40
1.00 4.40
4.50 4.20
4.00 3.40
3.70 1.50
2.40 4.90
2.30 1.50
1.80 4.70
3.80 4.40
3.60 3.60
2.40 1.30
1.40 2.70
3.30 2.30
4.30 4.10
4.70 2.10
3.80 2.20
2.70 2.30
4.90 4.70
3.90 2.90
2.70 1.20
4.60 2.60
3.10 3.80
4.80 4.90
4.00 2.20
4.90 5.00
3.60 4.20
2.30 3.20
1.30 1.30
1.10 2.70
3.80 2.80
1.80 2.40
3.90 4.00
1.60 2.40
3.70 4.90
4.30 4.90
1.20 3.10
2.00 3.90
1.20 2.20
3.50 2.60
4.40 4.30
3.50 3.80
3.60 4.40
4.20 3.70
3.10 4.50
2.70 4.40
2.70 2.30
4.30 4.60
4.40 2.20
2.50 1.70
3.70 3.70
2.30 1.20
2.60 1.60
3.40 4.30
1.90 2.60
4.20 3.20
3.10 3.50
2.70 5.00
4.20 3.50
3.70 1.10
1.20 1.90
3.50 1.70
2.40 3.20
2.70 1.80
2.80 4.90
2.50 2.50
4.10 4.70
4.50 1.30
4.60 3.90
4.20 1.90
3.10 4.20
2.30 4.60
3.30 3.10
1.50 4.40
3.20 1.10
2.50 3.20
1.10 2.20
3.00 1.00
1.40 3.00
1.90 4.90
4.10 2.70
2.80 2.10
1.00 3.90
