# nJobs | nMachines
100 2
# Job Weights
92
65
66
65
73
46
55
33
56
34
9
12
10
64
58
9
95
86
76
17
81
63
42
55
76
40
36
5
6
72
15
42
16
68
67
15
21
17
28
8
1
7
56
45
28
59
59
63
4
68
31
54
32
7
92
32
97
30
82
60
64
70
36
2
69
10
17
78
15
66
67
73
42
41
60
80
74
94
29
50
97
16
60
75
96
63
41
39
95
6
37
76
96
70
85
9
97
71
1
75
# P_bar : m1 | m2
12 21
43 20
42 30
16 14
13 10
24 42
49 35
44 47
19 23
10 37
18 39
13 19
50 44
28 46
30 28
29 32
36 30
38 37
30 18
14 43
35 27
49 29
50 33
16 44
28 13
10 32
47 24
36 11
25 21
22 14
11 25
20 11
37 35
25 16
22 42
19 40
24 40
28 47
35 14
31 17
45 12
48 47
36 37
11 40
50 17
26 36
37 10
42 23
41 47
20 48
41 35
35 44
38 49
49 45
44 29
30 32
45 21
50 21
50 10
28 47
29 41
21 12
48 12
23 15
14 13
28 46
34 50
36 17
33 32
29 39
39 42
45 38
27 15
18 44
36 36
29 18
12 40
21 33
25 15
21 21
28 20
44 30
29 13
10 12
29 23
38 32
21 15
42 31
11 28
26 29
23 37
44 28
28 13
32 12
33 38
27 42
50 50
15 49
13 11
35 45
# P_hat : m1 | m2
1.48 12.59
22.30 10.27
10.33 8.65
5.73 0.09
12.86 4.96
16.42 12.00
46.50 25.71
6.27 1.13
7.26 13.45
5.55 34.83
1.38 6.80
0.05 8.96
33.52 4.02
17.97 28.78
12.32 15.41
14.20 13.04
14.96 15.64
0.91 33.17
10.06 3.53
2.48 0.97
3.44 23.26
46.88 16.74
29.97 29.39
11.66 26.27
8.83 10.53
3.93 13.75
11.14 18.00
3.49 10.04
4.48 12.01
17.55 2.53
7.45 6.72
10.94 2.19
17.58 8.64
23.06 4.90
1.60 23.32
5.33 23.52
8.40 17.06
21.91 28.92
34.74 1.14
7.46 1.49
39.34 2.06
39.87 24.35
8.09 7.92
4.39 11.33
20.48 6.81
25.43 29.23
6.69 0.14
33.56 14.94
13.70 31.44
14.62 38.34
17.22 32.65
20.24 0.89
31.64 7.54
39.40 39.88
38.12 13.30
1.79 18.07
31.14 13.92
7.00 14.26
20.79 9.32
15.36 46.86
11.68 29.53
10.91 3.45
47.83 10.56
3.11 0.74
9.46 3.00
11.09 41.28
4.52 12.81
5.71 3.75
31.33 4.42
25.51 33.51
35.37 21.00
44.62 25.65
5.62 3.59
6.40 33.35
24.09 27.36
14.03 5.63
5.02 16.43
7.51 6.92
14.84 14.65
12.09 13.56
4.52 18.69
20.76 9.10
16.05 10.16
5.70 9.19
6.09 15.91
28.21 30.90
0.53 5.90
14.90 4.05
8.58 18.81
14.66 21.15
6.01 21.28
30.58 5.79
15.89 6.56
25.48 3.75
24.26 16.24
16.47 27.10
24.41 37.26
2.00 11.38
3.40 4.46
14.67 12.11
