# nJobs | nMachines
100 2
# Job Weights
53
94
66
84
100
11
58
13
91
76
42
56
90
73
27
95
16
98
85
77
97
32
38
78
59
31
35
59
6
9
75
100
15
24
22
42
83
36
41
10
71
76
80
57
34
51
51
89
4
51
97
16
42
97
100
96
50
59
44
53
45
77
23
95
37
63
78
83
49
28
47
31
55
95
73
35
39
1
6
73
40
21
34
47
1
61
80
75
43
47
35
38
81
7
58
17
27
59
40
67
# P_bar : m1 | m2
36 36
44 37
42 30
37 25
39 21
33 10
33 12
33 18
45 35
35 44
11 40
35 37
47 20
41 48
46 17
41 20
27 44
20 14
31 50
41 20
49 10
48 20
32 26
47 24
36 50
41 21
16 41
12 40
41 33
18 31
11 23
38 43
27 14
50 41
50 10
15 37
32 44
42 10
47 32
44 47
40 44
17 38
46 22
48 31
31 44
36 41
22 42
39 48
28 25
36 13
17 42
25 10
31 43
12 40
34 11
47 28
39 41
25 45
20 32
50 10
32 23
25 49
13 35
10 20
43 46
36 14
16 28
27 45
29 28
29 33
31 24
50 37
36 40
36 15
22 32
19 23
37 42
31 11
43 38
12 32
26 24
15 33
50 50
27 47
31 38
31 20
36 44
16 28
16 16
11 33
15 21
11 41
20 24
49 34
50 46
36 41
32 46
13 45
42 24
44 11
# P_hat : m1 | m2
38.41 41.13
52.48 55.16
30.75 22.74
59.73 15.14
40.82 19.29
7.71 16.36
8.52 22.32
35.43 19.62
84.29 46.30
21.58 79.49
19.13 7.88
53.49 17.17
23.29 28.36
2.98 79.08
9.37 29.14
59.74 16.60
10.78 7.86
14.85 12.26
31.11 23.07
59.49 11.65
11.10 15.45
39.01 3.02
31.04 43.03
50.84 20.53
58.92 59.61
14.08 3.77
25.85 27.66
16.63 7.18
45.58 63.46
25.18 50.05
9.06 21.14
10.52 19.23
35.95 26.14
52.47 28.26
63.94 3.22
10.14 41.67
58.04 83.05
49.34 0.08
8.03 15.24
39.58 88.21
60.51 15.06
27.00 8.61
45.50 25.09
85.90 53.43
16.60 41.99
29.56 81.55
39.54 57.05
69.91 7.11
38.40 49.64
61.85 10.61
3.02 24.14
43.25 11.16
19.88 26.17
4.28 6.92
16.28 0.03
39.29 25.18
19.59 68.62
16.03 51.51
5.40 63.95
29.62 5.74
36.63 12.90
22.09 15.66
9.01 11.48
14.93 11.41
76.84 72.94
54.49 25.36
10.62 54.60
40.20 20.91
8.81 49.35
7.56 21.66
21.43 5.42
80.77 64.38
17.74 50.89
4.55 4.94
5.80 27.51
32.63 13.21
46.90 61.89
15.70 9.98
47.76 75.19
12.66 3.50
34.08 17.04
7.00 31.81
86.44 50.31
16.71 29.70
43.04 55.42
1.00 34.99
26.83 82.61
11.25 45.09
17.39 27.22
1.60 36.34
23.70 34.69
4.79 24.89
27.08 19.13
78.71 21.55
56.19 43.00
53.34 23.42
42.36 88.47
9.24 28.16
67.94 4.71
25.93 11.59
