# nJobs | nMachines
100 2
# Job Weights
58
41
68
36
56
77
62
91
2
89
13
100
21
82
75
97
70
93
66
47
27
87
84
44
40
5
61
49
69
14
39
52
86
74
2
91
78
75
94
65
59
75
58
75
41
5
98
30
50
48
4
2
57
20
24
98
13
56
43
64
50
51
99
91
38
86
44
97
7
94
12
29
49
90
31
93
36
9
88
20
59
47
30
96
82
57
88
1
9
12
3
51
72
17
21
71
73
26
73
48
# P_bar : m1 | m2
48 46
20 39
19 34
39 25
37 37
32 17
42 20
21 15
30 23
40 12
44 37
17 49
11 34
14 19
45 26
25 40
32 24
50 26
20 32
48 11
36 29
28 22
12 22
22 33
18 19
12 23
46 19
32 17
24 20
41 46
13 48
46 31
32 24
44 22
40 42
20 16
44 34
17 25
15 45
49 35
20 25
29 36
13 35
33 43
19 45
34 13
30 28
45 17
20 19
16 39
13 26
46 26
35 25
15 29
14 10
17 44
21 23
36 13
24 23
14 32
42 26
46 18
18 48
22 44
31 38
10 33
38 20
22 32
42 28
29 23
50 42
15 49
23 10
15 27
36 40
21 21
35 20
38 22
20 27
33 42
39 44
23 28
13 18
20 33
41 48
17 22
48 15
21 44
12 38
16 13
49 14
30 12
47 18
47 14
42 41
19 31
40 18
41 35
41 50
44 33
# P_hat : m1 | m2
2.67 0.80
3.25 11.34
4.98 9.01
8.57 6.96
8.95 11.04
6.32 0.89
8.72 2.38
5.35 3.41
2.25 4.80
5.87 0.55
2.92 9.06
5.04 3.30
3.12 2.28
0.17 3.06
9.53 4.62
6.94 6.96
1.73 0.66
8.52 6.84
5.49 2.55
0.49 0.43
7.53 7.73
2.50 6.31
3.33 5.69
6.41 8.01
5.10 3.73
1.71 3.80
11.90 0.50
8.11 2.08
2.30 2.24
10.20 3.58
0.14 10.42
8.23 4.61
2.21 0.58
1.59 1.45
0.92 8.61
4.18 0.37
4.49 8.68
3.70 3.71
0.29 6.49
4.63 6.22
3.24 6.19
6.88 3.76
1.24 7.12
6.20 7.30
5.05 3.60
6.28 3.43
2.10 6.70
0.33 3.36
5.22 4.85
0.10 10.15
3.41 5.53
7.30 6.53
9.86 5.23
3.59 5.92
4.19 1.86
1.79 9.94
4.83 1.09
4.34 3.44
3.46 6.02
2.64 0.28
11.01 6.44
13.58 0.70
4.15 4.83
2.76 9.81
3.92 1.83
2.21 8.10
2.72 4.99
0.73 4.87
4.47 0.05
2.50 1.98
4.44 7.77
1.05 14.42
0.29 1.90
0.08 2.10
10.67 7.61
2.69 3.40
4.04 4.68
7.75 0.71
1.31 6.16
9.40 6.82
9.20 12.71
0.62 2.87
1.63 3.42
5.27 9.23
11.62 1.48
2.38 6.19
8.83 3.10
1.05 0.90
3.57 3.43
1.11 2.76
13.86 0.28
5.85 2.10
8.57 1.87
7.23 2.61
2.91 0.56
1.01 8.11
2.65 5.26
2.29 10.17
9.59 11.24
4.62 1.29
