# nJobs | nMachines
100 2
# Job Weights
96
8
62
35
17
27
47
17
68
89
48
40
62
15
36
32
81
68
13
97
50
47
98
80
51
73
36
4
13
60
49
68
92
20
56
73
9
67
48
77
84
15
13
41
19
6
37
68
91
34
57
96
45
62
62
10
82
86
15
8
25
16
75
11
75
83
90
68
1
32
36
90
49
3
10
94
73
62
49
98
74
38
77
79
9
74
96
95
61
19
63
87
96
35
53
1
79
89
74
18
# P_bar : m1 | m2
22 45
29 17
48 44
45 44
25 44
26 47
45 37
48 42
18 30
25 46
14 46
43 12
18 49
19 11
37 25
27 21
10 37
26 30
27 29
41 10
10 49
25 30
36 28
46 50
50 17
18 43
38 25
46 36
42 30
13 40
44 42
17 42
22 21
15 45
17 46
44 23
20 17
25 24
37 24
10 14
32 41
38 48
22 46
29 50
23 43
48 24
28 20
28 48
27 18
21 39
20 11
24 21
45 29
33 17
15 49
40 12
25 49
43 28
33 45
28 37
21 35
46 46
42 23
42 17
17 26
21 12
42 45
42 31
14 21
48 20
23 42
43 49
32 49
26 20
14 37
10 25
38 13
42 50
13 28
12 18
44 20
21 36
47 16
10 46
42 28
19 36
29 20
21 10
34 21
50 46
32 33
34 12
16 38
22 49
35 10
27 43
19 29
20 42
43 37
14 23
# P_hat : m1 | m2
29.39 89.70
10.25 25.53
55.70 56.74
81.36 31.27
16.01 4.33
34.85 2.92
16.91 41.01
59.98 64.01
12.11 32.24
10.56 77.35
8.77 3.08
15.38 8.80
32.47 23.23
15.09 9.84
18.15 3.62
24.21 40.07
6.41 16.52
38.71 55.34
52.45 24.70
35.92 19.71
17.22 54.30
28.29 55.85
11.32 0.30
63.54 74.82
51.34 30.70
23.42 12.02
67.62 4.81
40.52 30.57
75.70 56.02
19.52 43.39
43.00 44.31
20.51 11.85
14.33 0.03
29.51 72.91
22.69 8.06
3.86 29.16
13.06 31.10
31.17 10.02
4.17 31.93
0.48 2.20
28.80 49.51
25.28 15.74
19.29 67.71
15.24 30.12
7.58 39.85
66.16 28.77
28.82 6.85
11.21 71.20
17.26 10.90
24.86 51.67
2.89 3.48
7.08 28.90
6.59 7.43
53.61 14.46
22.57 24.23
60.27 17.96
35.82 25.68
57.57 49.38
31.48 80.26
35.97 14.54
1.61 42.97
57.17 8.07
65.34 18.01
42.03 24.25
12.16 34.29
11.65 14.99
54.00 25.43
58.20 23.44
24.39 4.32
32.86 28.76
35.41 42.33
48.28 69.46
56.50 24.40
27.45 12.98
14.49 24.73
11.56 1.29
56.95 8.87
81.03 80.33
1.91 50.25
1.28 18.66
82.50 18.22
22.25 2.22
57.80 28.13
9.65 1.20
7.87 52.91
29.19 35.22
43.34 13.68
13.09 18.48
20.82 1.02
83.78 53.49
4.63 36.23
59.92 5.26
8.21 32.60
26.09 63.92
65.52 14.54
36.62 0.06
15.75 54.34
27.58 13.82
29.58 17.28
7.76 12.12
