# nJobs | nMachines
100 2
# Job Weights
30
30
29
77
74
59
45
37
28
100
7
43
100
69
56
98
62
22
96
53
84
95
13
60
7
97
79
36
24
6
76
60
7
68
51
29
1
93
93
69
15
13
69
43
92
38
26
90
70
45
56
97
74
39
96
5
95
94
73
11
36
11
62
1
40
63
4
82
21
45
1
58
96
44
16
42
11
40
22
1
93
98
65
84
23
99
2
71
45
21
1
49
58
32
58
25
73
87
14
70
# P_bar : m1 | m2
25 22
37 48
50 15
15 23
48 35
12 28
15 12
38 12
37 22
49 22
46 47
21 10
23 29
41 45
31 47
24 23
27 50
27 45
39 49
49 35
10 30
11 46
27 36
42 36
19 21
26 26
26 39
27 37
21 37
46 27
27 31
36 32
24 13
19 47
16 36
44 18
41 35
34 37
23 29
38 14
21 27
39 43
15 24
41 47
21 35
19 16
34 17
28 14
28 38
47 47
13 44
45 16
22 43
25 14
14 16
46 17
46 34
35 38
48 30
29 22
39 24
41 20
39 48
48 44
38 25
13 22
27 19
23 37
22 27
44 18
50 16
17 38
42 10
33 42
38 38
13 37
30 26
24 30
34 39
31 35
29 15
13 17
11 23
48 12
48 13
15 36
20 46
38 39
15 24
46 34
23 30
23 47
14 36
32 25
11 25
48 33
41 21
15 24
45 34
32 45
# P_hat : m1 | m2
2.58 15.36
33.39 25.73
25.26 4.64
12.40 18.72
15.36 23.97
10.75 4.55
5.84 10.93
0.41 9.87
33.50 20.90
4.47 15.97
14.69 28.83
19.95 4.18
21.86 27.05
23.51 38.97
19.59 2.13
10.76 0.61
7.92 18.82
8.87 36.47
26.23 48.38
36.87 5.26
7.92 17.82
8.69 17.52
2.46 34.92
20.77 30.32
1.09 17.60
14.29 12.19
11.48 16.18
23.97 10.12
7.37 2.09
5.39 23.35
3.86 25.20
27.41 31.99
14.84 12.96
1.92 26.11
1.35 27.68
30.84 17.01
2.98 29.74
27.94 9.15
16.24 13.07
3.09 1.81
1.78 25.76
38.48 26.07
5.61 5.49
15.20 31.57
17.07 21.63
18.00 5.73
33.52 1.93
21.09 9.40
10.54 19.77
3.92 36.30
10.10 22.89
25.13 13.63
9.33 23.73
22.66 7.85
1.56 14.03
22.66 6.86
0.52 4.56
16.40 1.09
2.70 22.65
3.45 13.65
4.58 16.90
26.62 4.26
29.10 6.55
28.00 0.64
36.56 8.76
4.87 12.98
7.71 7.45
19.98 16.19
4.92 24.41
42.38 6.27
0.61 8.22
16.49 29.78
1.81 3.97
29.41 26.13
20.05 32.77
12.91 35.13
2.21 3.82
13.29 27.80
32.96 19.19
16.22 9.04
18.25 6.89
9.04 16.66
5.00 11.33
30.12 3.95
28.05 8.23
13.52 8.65
0.91 3.49
10.68 5.03
14.26 3.07
40.95 5.16
10.48 4.16
14.26 30.12
3.88 6.55
6.02 8.64
5.10 22.42
16.96 15.64
23.93 14.02
1.17 4.14
43.85 6.54
31.56 1.84
