# nJobs | nMachines
100 2
# Job Weights
99
80
49
88
39
98
68
2
45
40
25
16
22
63
66
17
5
67
31
55
88
3
18
100
20
99
70
59
81
6
33
44
61
21
37
67
27
85
27
63
2
51
14
98
19
59
86
1
93
4
99
17
35
58
93
74
81
40
71
9
14
74
75
42
71
100
92
67
27
24
27
81
97
32
82
4
69
55
99
47
69
45
24
16
22
76
33
53
96
49
39
96
81
39
90
82
38
79
43
61
# P_bar : m1 | m2
16 17
21 11
20 41
23 46
16 44
50 24
14 11
43 49
17 41
16 24
12 29
34 17
32 39
12 50
21 43
34 48
21 34
29 17
12 41
19 44
12 23
27 48
39 45
14 31
23 38
21 28
44 11
26 42
35 26
46 32
35 35
35 31
42 20
46 50
18 11
30 17
36 28
10 15
22 22
46 47
25 45
37 35
44 43
45 27
31 44
34 16
41 14
47 16
36 31
34 26
49 48
23 28
25 10
26 18
23 21
32 15
33 46
44 35
46 35
45 40
31 32
40 25
18 18
11 27
22 19
28 12
39 40
18 28
20 23
12 13
20 36
41 23
36 40
10 50
44 14
31 33
24 33
36 29
27 39
43 12
42 32
15 22
41 32
48 12
42 12
18 24
32 16
33 44
45 44
19 41
33 49
21 47
23 19
28 26
47 24
25 50
36 13
12 11
32 29
34 24
# P_hat : m1 | m2
8.00 8.50
10.50 5.50
10.00 20.50
11.50 23.00
8.00 22.00
25.00 12.00
7.00 5.50
21.50 24.50
8.50 20.50
8.00 12.00
6.00 14.50
17.00 8.50
16.00 19.50
6.00 25.00
10.50 21.50
17.00 24.00
10.50 17.00
14.50 8.50
6.00 20.50
9.50 22.00
6.00 11.50
13.50 24.00
19.50 22.50
7.00 15.50
11.50 19.00
10.50 14.00
22.00 5.50
13.00 21.00
17.50 13.00
23.00 16.00
17.50 17.50
17.50 15.50
21.00 10.00
23.00 25.00
9.00 5.50
15.00 8.50
18.00 14.00
5.00 7.50
11.00 11.00
23.00 23.50
12.50 22.50
18.50 17.50
22.00 21.50
22.50 13.50
15.50 22.00
17.00 8.00
20.50 7.00
23.50 8.00
18.00 15.50
17.00 13.00
24.50 24.00
11.50 14.00
12.50 5.00
13.00 9.00
11.50 10.50
16.00 7.50
16.50 23.00
22.00 17.50
23.00 17.50
22.50 20.00
15.50 16.00
20.00 12.50
9.00 9.00
5.50 13.50
11.00 9.50
14.00 6.00
19.50 20.00
9.00 14.00
10.00 11.50
6.00 6.50
10.00 18.00
20.50 11.50
18.00 20.00
5.00 25.00
22.00 7.00
15.50 16.50
12.00 16.50
18.00 14.50
13.50 19.50
21.50 6.00
21.00 16.00
7.50 11.00
20.50 16.00
24.00 6.00
21.00 6.00
9.00 12.00
16.00 8.00
16.50 22.00
22.50 22.00
9.50 20.50
16.50 24.50
10.50 23.50
11.50 9.50
14.00 13.00
23.50 12.00
12.50 25.00
18.00 6.50
6.00 5.50
16.00 14.50
17.00 12.00
