# nJobs | nMachines
100 2
# Job Weights
4
21
92
80
22
11
53
66
55
94
34
25
93
10
89
60
12
64
58
57
27
76
91
84
34
73
73
28
26
23
89
44
65
18
30
8
58
48
27
88
93
100
7
28
93
84
10
9
26
33
16
45
55
15
42
63
96
70
37
89
55
9
54
98
4
19
21
78
59
84
14
90
63
24
32
31
37
84
38
37
31
4
60
92
67
47
80
43
86
89
60
58
7
8
8
87
63
34
85
80
# P_bar : m1 | m2
31 23
11 21
50 24
32 20
19 11
43 27
50 19
10 39
46 33
28 40
20 23
33 14
17 21
22 47
46 33
23 45
37 19
17 18
29 24
26 28
25 11
11 41
48 18
17 39
42 16
38 14
29 11
35 47
41 12
41 34
33 48
38 24
37 42
38 20
19 36
50 36
35 21
43 25
18 39
26 33
43 21
40 42
28 17
10 33
12 45
37 33
40 46
49 46
27 35
48 30
20 32
34 23
44 26
35 17
25 17
38 37
13 41
26 39
39 33
37 34
40 10
24 10
11 45
19 25
22 41
12 38
32 20
42 14
27 26
36 38
15 48
19 32
20 44
17 29
40 45
41 39
49 16
48 43
13 16
46 49
21 35
10 19
16 49
24 39
25 37
48 14
13 18
33 45
33 16
27 21
14 37
42 41
28 28
23 30
34 47
33 47
43 13
32 18
15 38
28 14
# P_hat : m1 | m2
8.50 3.98
1.73 4.99
10.87 2.34
4.19 4.30
3.59 0.45
4.39 2.36
4.52 0.82
1.73 9.49
6.87 2.20
4.87 8.61
1.72 6.51
3.63 2.22
0.43 3.40
0.35 6.50
3.50 3.23
0.51 6.42
1.15 3.44
4.15 5.32
0.34 6.75
5.14 7.24
2.04 2.93
2.88 5.75
6.98 3.55
1.56 10.47
6.52 1.89
4.35 4.04
4.91 1.37
1.20 8.48
12.26 2.56
5.23 9.70
3.45 3.52
8.10 5.37
4.04 6.56
9.50 1.61
2.59 8.39
10.79 5.96
1.13 4.16
10.91 2.42
3.97 5.63
1.65 6.11
1.87 2.55
3.80 2.50
8.20 4.90
0.77 5.06
1.64 9.91
0.33 4.07
4.77 4.90
8.40 5.62
7.72 4.30
7.44 4.90
4.91 5.22
5.58 3.43
0.54 1.05
3.31 2.53
4.32 0.86
10.84 1.40
3.35 11.47
1.78 7.08
2.58 6.53
2.23 4.10
11.07 2.73
6.14 1.91
2.56 10.38
2.24 2.76
3.33 11.81
1.67 9.35
2.43 5.12
6.36 0.72
0.25 2.11
1.42 3.26
3.99 3.90
4.28 8.21
2.54 0.42
2.64 0.66
4.44 3.70
9.11 2.34
11.53 1.11
10.99 10.29
2.82 2.70
2.82 0.08
2.13 4.51
1.41 2.32
1.59 1.67
5.44 7.91
2.47 7.79
1.99 3.03
1.56 3.93
9.70 0.00
2.24 4.58
4.96 5.13
1.82 10.03
0.89 0.19
4.10 7.84
4.84 7.29
5.23 11.80
8.63 1.32
3.73 2.88
0.83 5.18
4.21 7.74
3.18 2.40
