# nJobs | nMachines
100 2
# Job Weights
92
65
66
65
73
46
55
33
56
34
9
12
10
64
58
9
95
86
76
17
81
63
42
55
76
40
36
5
6
72
15
42
16
68
67
15
21
17
28
8
1
7
56
45
28
59
59
63
4
68
31
54
32
7
92
32
97
30
82
60
64
70
36
2
69
10
17
78
15
66
67
73
42
41
60
80
74
94
29
50
97
16
60
75
96
63
41
39
95
6
37
76
96
70
85
9
97
71
1
75
# P_bar : m1 | m2
12 21
43 20
42 30
16 14
13 10
24 42
49 35
44 47
19 23
10 37
18 39
13 19
50 44
28 46
30 28
29 32
36 30
38 37
30 18
14 43
35 27
49 29
50 33
16 44
28 13
10 32
47 24
36 11
25 21
22 14
11 25
20 11
37 35
25 16
22 42
19 40
24 40
28 47
35 14
31 17
45 12
48 47
36 37
11 40
50 17
26 36
37 10
42 23
41 47
20 48
41 35
35 44
38 49
49 45
44 29
30 32
45 21
50 21
50 10
28 47
29 41
21 12
48 12
23 15
14 13
28 46
34 50
36 17
33 32
29 39
39 42
45 38
27 15
18 44
36 36
29 18
12 40
21 33
25 15
21 21
28 20
44 30
29 13
10 12
29 23
38 32
21 15
42 31
11 28
26 29
23 37
44 28
28 13
32 12
33 38
27 42
50 50
15 49
13 11
35 45
# P_hat : m1 | m2
5.94 0.51
12.13 38.71
152.78 14.79
12.17 17.23
42.71 37.04
52.28 27.16
15.26 135.22
168.16 38.69
18.77 68.22
34.39 80.91
12.15 137.98
44.41 42.10
2.65 94.08
57.32 35.96
92.33 18.62
108.44 117.31
130.93 39.34
124.58 55.07
106.58 54.71
11.16 58.28
39.79 102.82
56.64 85.60
75.41 78.86
25.17 155.04
60.99 2.58
6.40 32.90
129.95 44.64
24.13 9.99
31.03 62.49
44.29 51.48
35.04 42.38
59.16 15.05
95.54 134.62
15.58 28.47
48.14 82.16
6.65 56.26
36.23 145.53
46.31 106.96
5.57 42.68
33.97 55.20
172.02 16.41
183.10 81.53
50.74 125.57
1.90 58.12
35.82 53.99
40.79 135.50
140.27 24.93
23.72 68.23
125.22 151.36
8.69 162.25
160.93 55.31
53.43 9.02
117.84 78.77
67.15 121.28
110.47 52.24
23.04 95.87
26.28 29.99
187.61 53.32
183.53 7.46
99.40 140.88
72.55 89.49
67.89 9.80
13.26 14.01
30.80 44.92
17.57 25.10
71.19 39.75
48.41 193.45
21.38 48.63
78.73 122.51
94.47 66.63
59.61 79.82
23.81 136.49
21.24 31.50
17.10 124.48
43.19 36.31
74.56 32.16
28.85 19.75
58.47 27.19
36.25 0.06
69.22 3.30
22.86 78.18
82.55 29.08
92.91 34.49
7.21 40.28
12.74 50.66
134.32 19.60
28.81 43.69
114.89 74.43
1.12 81.90
71.76 89.29
29.08 144.36
9.81 64.24
68.30 17.77
30.82 31.13
51.06 10.40
8.70 150.76
29.43 23.88
17.88 64.26
4.67 35.89
127.52 107.52
