# nJobs | nMachines
100 2
# Job Weights
99
80
49
88
39
98
68
2
45
40
25
16
22
63
66
17
5
67
31
55
88
3
18
100
20
99
70
59
81
6
33
44
61
21
37
67
27
85
27
63
2
51
14
98
19
59
86
1
93
4
99
17
35
58
93
74
81
40
71
9
14
74
75
42
71
100
92
67
27
24
27
81
97
32
82
4
69
55
99
47
69
45
24
16
22
76
33
53
96
49
39
96
81
39
90
82
38
79
43
61
# P_bar : m1 | m2
16 17
21 11
20 41
23 46
16 44
50 24
14 11
43 49
17 41
16 24
12 29
34 17
32 39
12 50
21 43
34 48
21 34
29 17
12 41
19 44
12 23
27 48
39 45
14 31
23 38
21 28
44 11
26 42
35 26
46 32
35 35
35 31
42 20
46 50
18 11
30 17
36 28
10 15
22 22
46 47
25 45
37 35
44 43
45 27
31 44
34 16
41 14
47 16
36 31
34 26
49 48
23 28
25 10
26 18
23 21
32 15
33 46
44 35
46 35
45 40
31 32
40 25
18 18
11 27
22 19
28 12
39 40
18 28
20 23
12 13
20 36
41 23
36 40
10 50
44 14
31 33
24 33
36 29
27 39
43 12
42 32
15 22
41 32
48 12
42 12
18 24
32 16
33 44
45 44
19 41
33 49
21 47
23 19
28 26
47 24
25 50
36 13
12 11
32 29
34 24
# P_hat : m1 | m2
1.60 1.70
2.10 1.10
2.00 4.10
2.30 4.60
1.60 4.40
5.00 2.40
1.40 1.10
4.30 4.90
1.70 4.10
1.60 2.40
1.20 2.90
3.40 1.70
3.20 3.90
1.20 5.00
2.10 4.30
3.40 4.80
2.10 3.40
2.90 1.70
1.20 4.10
1.90 4.40
1.20 2.30
2.70 4.80
3.90 4.50
1.40 3.10
2.30 3.80
2.10 2.80
4.40 1.10
2.60 4.20
3.50 2.60
4.60 3.20
3.50 3.50
3.50 3.10
4.20 2.00
4.60 5.00
1.80 1.10
3.00 1.70
3.60 2.80
1.00 1.50
2.20 2.20
4.60 4.70
2.50 4.50
3.70 3.50
4.40 4.30
4.50 2.70
3.10 4.40
3.40 1.60
4.10 1.40
4.70 1.60
3.60 3.10
3.40 2.60
4.90 4.80
2.30 2.80
2.50 1.00
2.60 1.80
2.30 2.10
3.20 1.50
3.30 4.60
4.40 3.50
4.60 3.50
4.50 4.00
3.10 3.20
4.00 2.50
1.80 1.80
1.10 2.70
2.20 1.90
2.80 1.20
3.90 4.00
1.80 2.80
2.00 2.30
1.20 1.30
2.00 3.60
4.10 2.30
3.60 4.00
1.00 5.00
4.40 1.40
3.10 3.30
2.40 3.30
3.60 2.90
2.70 3.90
4.30 1.20
4.20 3.20
1.50 2.20
4.10 3.20
4.80 1.20
4.20 1.20
1.80 2.40
3.20 1.60
3.30 4.40
4.50 4.40
1.90 4.10
3.30 4.90
2.10 4.70
2.30 1.90
2.80 2.60
4.70 2.40
2.50 5.00
3.60 1.30
1.20 1.10
3.20 2.90
3.40 2.40
