# nJobs | nMachines
100 2
# Job Weights
92
65
66
65
73
46
55
33
56
34
9
12
10
64
58
9
95
86
76
17
81
63
42
55
76
40
36
5
6
72
15
42
16
68
67
15
21
17
28
8
1
7
56
45
28
59
59
63
4
68
31
54
32
7
92
32
97
30
82
60
64
70
36
2
69
10
17
78
15
66
67
73
42
41
60
80
74
94
29
50
97
16
60
75
96
63
41
39
95
6
37
76
96
70
85
9
97
71
1
75
# P_bar : m1 | m2
12 21
43 20
42 30
16 14
13 10
24 42
49 35
44 47
19 23
10 37
18 39
13 19
50 44
28 46
30 28
29 32
36 30
38 37
30 18
14 43
35 27
49 29
50 33
16 44
28 13
10 32
47 24
36 11
25 21
22 14
11 25
20 11
37 35
25 16
22 42
19 40
24 40
28 47
35 14
31 17
45 12
48 47
36 37
11 40
50 17
26 36
37 10
42 23
41 47
20 48
41 35
35 44
38 49
49 45
44 29
30 32
45 21
50 21
50 10
28 47
29 41
21 12
48 12
23 15
14 13
28 46
34 50
36 17
33 32
29 39
39 42
45 38
27 15
18 44
36 36
29 18
12 40
21 33
25 15
21 21
28 20
44 30
29 13
10 12
29 23
38 32
21 15
42 31
11 28
26 29
23 37
44 28
28 13
32 12
33 38
27 42
50 50
15 49
13 11
35 45
# P_hat : m1 | m2
5.10 0.85
4.22 9.40
2.64 11.33
7.71 4.11
0.70 4.14
5.74 1.68
14.35 8.34
11.91 14.81
0.82 9.53
0.29 14.49
0.95 5.40
3.81 8.94
13.61 2.74
3.27 20.13
9.57 13.59
11.89 2.83
0.75 10.83
9.46 0.75
10.34 3.65
1.77 11.10
5.39 7.84
15.03 13.57
22.45 11.09
6.48 10.59
8.16 5.26
3.65 15.21
8.57 0.26
11.54 5.40
5.83 0.90
2.09 5.70
3.86 3.50
5.56 0.73
6.63 7.70
11.39 5.15
0.23 8.00
3.00 1.09
0.68 11.99
10.73 21.21
12.29 2.68
5.14 1.84
15.20 2.66
9.50 1.14
13.61 15.18
2.50 16.53
10.31 5.00
12.15 6.36
4.64 4.00
2.53 6.38
11.98 19.41
9.69 15.16
7.75 13.73
1.09 13.17
6.45 10.15
12.40 21.55
3.56 7.85
9.87 9.68
22.45 2.32
11.29 6.57
8.87 2.86
5.61 4.34
1.67 1.22
9.27 3.63
9.96 4.58
4.45 3.93
4.62 1.47
6.19 15.33
11.02 2.00
1.11 3.76
13.43 2.61
13.64 3.60
12.65 4.25
21.48 7.35
2.04 0.38
4.30 8.75
10.83 9.21
8.44 4.35
2.41 7.66
3.55 13.85
1.59 1.09
4.11 5.31
2.28 0.62
16.16 1.07
3.03 3.73
0.29 3.40
8.01 10.10
11.31 8.93
9.16 7.20
12.12 0.75
1.90 1.37
10.44 0.64
6.21 3.43
1.74 7.58
7.92 4.20
14.53 0.27
6.54 17.97
4.00 17.69
3.59 7.42
1.14 1.89
2.81 0.93
10.42 2.86
