# nJobs | nMachines
100 2
# Job Weights
30
30
29
77
74
59
45
37
28
100
7
43
100
69
56
98
62
22
96
53
84
95
13
60
7
97
79
36
24
6
76
60
7
68
51
29
1
93
93
69
15
13
69
43
92
38
26
90
70
45
56
97
74
39
96
5
95
94
73
11
36
11
62
1
40
63
4
82
21
45
1
58
96
44
16
42
11
40
22
1
93
98
65
84
23
99
2
71
45
21
1
49
58
32
58
25
73
87
14
70
# P_bar : m1 | m2
25 22
37 48
50 15
15 23
48 35
12 28
15 12
38 12
37 22
49 22
46 47
21 10
23 29
41 45
31 47
24 23
27 50
27 45
39 49
49 35
10 30
11 46
27 36
42 36
19 21
26 26
26 39
27 37
21 37
46 27
27 31
36 32
24 13
19 47
16 36
44 18
41 35
34 37
23 29
38 14
21 27
39 43
15 24
41 47
21 35
19 16
34 17
28 14
28 38
47 47
13 44
45 16
22 43
25 14
14 16
46 17
46 34
35 38
48 30
29 22
39 24
41 20
39 48
48 44
38 25
13 22
27 19
23 37
22 27
44 18
50 16
17 38
42 10
33 42
38 38
13 37
30 26
24 30
34 39
31 35
29 15
13 17
11 23
48 12
48 13
15 36
20 46
38 39
15 24
46 34
23 30
23 47
14 36
32 25
11 25
48 33
41 21
15 24
45 34
32 45
# P_hat : m1 | m2
2.81 0.21
10.55 9.16
10.98 1.41
2.69 3.51
2.25 9.53
0.56 2.09
0.26 1.48
9.87 2.72
6.67 1.51
10.41 0.51
0.28 4.09
6.11 0.48
5.74 8.09
2.61 10.91
1.69 8.93
1.32 6.01
2.46 12.06
4.25 2.52
5.05 13.12
4.28 5.66
1.84 7.27
0.46 12.37
2.37 3.43
4.62 1.19
2.60 1.44
6.12 3.33
1.56 9.57
4.17 9.55
3.73 0.08
0.64 4.14
4.92 3.88
1.84 2.13
0.47 0.47
5.41 4.76
4.64 10.18
10.67 1.75
3.75 5.45
1.00 7.80
4.72 3.16
5.02 4.08
0.77 7.80
5.79 3.25
0.15 3.58
11.18 4.24
1.63 2.99
3.78 0.18
3.18 3.11
4.37 2.11
4.59 0.59
2.61 3.93
3.78 11.99
10.46 1.15
6.20 1.87
6.71 2.06
2.51 4.73
12.72 1.23
1.22 6.86
2.06 8.68
0.65 2.14
2.83 4.81
4.55 2.65
3.34 3.79
9.70 9.12
5.14 7.07
3.20 0.68
2.12 5.51
1.14 1.83
5.54 2.07
0.49 0.33
13.03 3.19
11.58 3.25
1.01 0.19
0.07 1.54
8.07 2.85
8.06 7.35
2.84 1.94
6.94 5.39
0.53 3.48
3.66 10.96
1.08 1.44
7.51 1.53
2.43 0.58
1.09 6.38
0.92 3.16
4.48 1.01
1.46 7.13
4.38 11.28
7.27 6.50
3.99 3.81
6.52 2.47
0.83 0.84
4.92 12.65
3.20 9.72
5.39 4.75
2.54 2.54
7.11 3.46
6.43 4.57
1.92 6.46
0.34 9.05
1.04 10.53
