# nJobs | nMachines
100 2
# Job Weights
99
80
49
88
39
98
68
2
45
40
25
16
22
63
66
17
5
67
31
55
88
3
18
100
20
99
70
59
81
6
33
44
61
21
37
67
27
85
27
63
2
51
14
98
19
59
86
1
93
4
99
17
35
58
93
74
81
40
71
9
14
74
75
42
71
100
92
67
27
24
27
81
97
32
82
4
69
55
99
47
69
45
24
16
22
76
33
53
96
49
39
96
81
39
90
82
38
79
43
61
# P_bar : m1 | m2
16 17
21 11
20 41
23 46
16 44
50 24
14 11
43 49
17 41
16 24
12 29
34 17
32 39
12 50
21 43
34 48
21 34
29 17
12 41
19 44
12 23
27 48
39 45
14 31
23 38
21 28
44 11
26 42
35 26
46 32
35 35
35 31
42 20
46 50
18 11
30 17
36 28
10 15
22 22
46 47
25 45
37 35
44 43
45 27
31 44
34 16
41 14
47 16
36 31
34 26
49 48
23 28
25 10
26 18
23 21
32 15
33 46
44 35
46 35
45 40
31 32
40 25
18 18
11 27
22 19
28 12
39 40
18 28
20 23
12 13
20 36
41 23
36 40
10 50
44 14
31 33
24 33
36 29
27 39
43 12
42 32
15 22
41 32
48 12
42 12
18 24
32 16
33 44
45 44
19 41
33 49
21 47
23 19
28 26
47 24
25 50
36 13
12 11
32 29
34 24
# P_hat : m1 | m2
3.20 3.40
4.20 2.20
4.00 8.20
4.60 9.20
3.20 8.80
10.00 4.80
2.80 2.20
8.60 9.80
3.40 8.20
3.20 4.80
2.40 5.80
6.80 3.40
6.40 7.80
2.40 10.00
4.20 8.60
6.80 9.60
4.20 6.80
5.80 3.40
2.40 8.20
3.80 8.80
2.40 4.60
5.40 9.60
7.80 9.00
2.80 6.20
4.60 7.60
4.20 5.60
8.80 2.20
5.20 8.40
7.00 5.20
9.20 6.40
7.00 7.00
7.00 6.20
8.40 4.00
9.20 10.00
3.60 2.20
6.00 3.40
7.20 5.60
2.00 3.00
4.40 4.40
9.20 9.40
5.00 9.00
7.40 7.00
8.80 8.60
9.00 5.40
6.20 8.80
6.80 3.20
8.20 2.80
9.40 3.20
7.20 6.20
6.80 5.20
9.80 9.60
4.60 5.60
5.00 2.00
5.20 3.60
4.60 4.20
6.40 3.00
6.60 9.20
8.80 7.00
9.20 7.00
9.00 8.00
6.20 6.40
8.00 5.00
3.60 3.60
2.20 5.40
4.40 3.80
5.60 2.40
7.80 8.00
3.60 5.60
4.00 4.60
2.40 2.60
4.00 7.20
8.20 4.60
7.20 8.00
2.00 10.00
8.80 2.80
6.20 6.60
4.80 6.60
7.20 5.80
5.40 7.80
8.60 2.40
8.40 6.40
3.00 4.40
8.20 6.40
9.60 2.40
8.40 2.40
3.60 4.80
6.40 3.20
6.60 8.80
9.00 8.80
3.80 8.20
6.60 9.80
4.20 9.40
4.60 3.80
5.60 5.20
9.40 4.80
5.00 10.00
7.20 2.60
2.40 2.20
6.40 5.80
6.80 4.80
