# nJobs | nMachines
100 2
# Job Weights
83
63
72
16
51
49
78
28
7
41
79
36
5
20
73
63
96
72
34
6
71
54
8
79
94
16
71
69
73
25
81
5
84
69
82
23
9
87
65
62
33
97
5
52
97
49
31
99
24
38
54
44
23
40
17
55
51
99
79
45
43
63
91
10
23
8
43
99
28
41
20
42
12
74
59
57
29
81
68
85
81
74
5
46
66
15
13
20
78
52
18
54
98
90
8
95
41
23
79
52
# P_bar : m1 | m2
25 32
16 12
37 28
34 17
36 29
14 37
40 17
38 37
49 20
49 15
15 16
41 42
31 15
43 14
17 42
39 17
44 44
15 36
10 34
10 44
45 42
40 34
37 15
24 49
23 15
18 47
38 44
36 36
24 13
14 27
33 23
43 41
47 21
38 22
27 23
49 47
39 29
27 12
46 26
31 38
48 49
40 22
49 50
36 42
23 32
13 13
11 27
38 28
18 24
39 40
16 24
37 49
43 49
12 31
20 39
12 22
35 26
44 43
35 38
36 44
42 37
31 45
27 44
27 23
43 46
44 22
25 17
37 37
23 12
26 16
34 43
19 26
42 32
31 35
27 50
42 35
37 11
12 19
35 17
24 32
27 18
28 49
25 25
41 47
45 13
46 39
42 19
31 42
23 46
33 31
15 44
32 11
25 32
11 22
30 10
14 30
19 49
41 27
28 21
10 39
# P_hat : m1 | m2
3.81 12.54
7.86 0.06
11.89 10.67
12.20 7.59
17.58 6.28
2.64 9.91
16.04 4.05
8.26 7.20
21.30 8.87
4.43 6.70
7.11 2.69
4.48 12.92
5.06 6.95
16.26 6.73
3.35 10.69
11.86 3.85
9.78 6.13
5.57 17.26
1.14 2.43
0.29 12.76
6.75 5.93
9.49 4.74
3.11 3.04
4.26 24.47
4.60 0.41
0.52 13.60
11.08 1.82
15.92 2.78
1.82 2.86
4.18 6.89
10.97 2.98
9.02 6.49
16.48 0.91
7.80 3.34
6.81 11.12
0.18 22.20
13.49 4.86
8.93 3.43
0.88 11.82
5.71 0.12
23.50 19.86
8.41 10.43
12.30 2.28
16.38 3.39
8.25 15.37
3.78 3.49
4.39 0.19
16.42 3.61
4.11 5.40
9.26 13.86
3.09 8.80
17.88 24.39
14.99 7.04
0.50 8.34
8.63 10.40
2.88 4.46
1.20 2.20
12.09 21.02
7.30 16.21
15.80 10.96
4.28 11.16
12.81 5.11
7.53 11.96
0.74 7.99
20.89 11.85
11.28 10.89
3.64 5.20
8.68 6.86
9.87 4.63
3.96 1.36
3.28 8.27
1.23 4.51
6.26 6.91
12.09 13.68
6.37 12.10
4.78 13.90
3.07 3.17
2.00 3.25
16.45 6.88
4.12 3.81
13.34 2.02
6.79 12.36
2.24 3.26
18.27 0.21
10.36 4.21
16.32 9.97
20.66 4.23
0.78 20.31
1.11 13.14
11.89 13.38
2.11 3.07
2.95 3.13
0.49 13.89
0.12 6.41
11.62 3.59
0.94 5.58
4.44 2.27
12.42 6.18
6.00 4.14
0.14 16.91
