# nJobs | nMachines
100 2
# Job Weights
95
9
36
92
70
12
64
29
80
4
7
71
4
30
32
60
14
78
80
68
15
80
54
2
79
10
95
57
49
13
24
18
26
32
75
37
27
70
95
5
49
16
3
63
14
73
92
41
70
43
30
40
64
62
81
47
53
98
53
1
86
53
89
99
42
26
88
77
51
49
29
75
76
2
53
74
16
84
43
46
96
92
5
76
42
46
52
74
13
74
100
70
97
43
17
41
75
10
86
26
# P_bar : m1 | m2
20 18
10 47
48 37
24 34
35 47
49 30
36 41
49 40
42 27
44 43
41 21
23 49
39 21
48 31
39 50
26 50
25 17
32 28
11 21
37 20
19 18
28 49
13 21
13 35
17 35
35 17
44 28
28 40
18 19
46 31
43 36
35 15
31 28
49 15
15 17
11 38
35 49
25 41
35 16
21 13
31 10
34 22
19 33
42 29
14 21
26 14
27 14
36 18
37 28
16 36
35 28
34 41
28 25
27 12
11 19
15 35
30 42
33 17
25 36
35 33
25 45
32 20
43 39
39 43
19 13
40 18
49 11
41 29
49 50
12 36
17 24
29 47
24 30
13 25
40 34
30 35
30 39
18 34
23 38
23 38
20 33
17 41
35 40
20 50
46 44
34 10
45 17
29 42
44 15
28 16
41 19
20 25
29 13
11 28
24 18
20 41
18 34
38 48
13 25
10 35
# P_hat : m1 | m2
61.09 26.29
10.33 171.57
92.31 115.52
95.23 102.74
96.13 114.06
164.91 75.21
59.74 104.63
150.50 100.60
6.81 59.80
21.63 169.66
33.30 61.51
36.98 152.28
131.94 73.29
66.48 26.74
102.12 16.76
73.77 96.58
58.62 34.96
45.73 92.87
25.39 37.28
50.66 45.67
6.37 37.95
111.19 7.49
6.61 51.68
3.76 115.93
59.74 22.05
42.26 40.41
114.45 66.48
36.85 26.27
28.18 9.38
48.23 121.53
59.00 56.70
57.50 13.65
89.33 19.19
100.26 40.06
56.61 41.44
1.84 97.82
70.43 17.25
58.42 146.54
128.83 24.91
4.13 16.30
71.11 18.49
116.09 34.33
18.39 113.99
147.22 107.79
1.07 25.49
76.18 48.38
100.78 43.77
94.64 67.02
64.98 27.52
2.87 83.08
128.82 30.75
63.96 135.15
3.25 0.53
74.50 27.11
21.20 25.78
7.46 45.18
25.71 108.34
8.51 57.90
57.43 87.72
87.08 112.62
50.57 47.63
104.59 41.56
148.09 70.28
96.04 2.00
0.97 28.95
111.24 47.63
81.93 26.04
92.75 85.41
127.22 114.27
16.81 9.61
62.36 11.18
15.54 112.14
64.47 33.00
0.23 7.96
147.94 58.43
13.50 77.61
11.39 51.28
23.98 97.98
34.37 97.85
19.72 50.59
46.81 99.64
30.12 106.39
4.78 101.99
25.57 110.69
149.12 2.00
93.80 27.86
130.48 25.57
80.98 158.36
54.73 49.08
11.16 37.61
44.68 19.17
66.54 20.37
113.73 17.70
21.73 53.38
0.93 21.32
11.20 84.45
23.19 22.49
87.94 187.72
3.90 10.79
37.73 130.47
