# nJobs | nMachines
100 2
# Job Weights
99
80
49
88
39
98
68
2
45
40
25
16
22
63
66
17
5
67
31
55
88
3
18
100
20
99
70
59
81
6
33
44
61
21
37
67
27
85
27
63
2
51
14
98
19
59
86
1
93
4
99
17
35
58
93
74
81
40
71
9
14
74
75
42
71
100
92
67
27
24
27
81
97
32
82
4
69
55
99
47
69
45
24
16
22
76
33
53
96
49
39
96
81
39
90
82
38
79
43
61
# P_bar : m1 | m2
16 17
21 11
20 41
23 46
16 44
50 24
14 11
43 49
17 41
16 24
12 29
34 17
32 39
12 50
21 43
34 48
21 34
29 17
12 41
19 44
12 23
27 48
39 45
14 31
23 38
21 28
44 11
26 42
35 26
46 32
35 35
35 31
42 20
46 50
18 11
30 17
36 28
10 15
22 22
46 47
25 45
37 35
44 43
45 27
31 44
34 16
41 14
47 16
36 31
34 26
49 48
23 28
25 10
26 18
23 21
32 15
33 46
44 35
46 35
45 40
31 32
40 25
18 18
11 27
22 19
28 12
39 40
18 28
20 23
12 13
20 36
41 23
36 40
10 50
44 14
31 33
24 33
36 29
27 39
43 12
42 32
15 22
41 32
48 12
42 12
18 24
32 16
33 44
45 44
19 41
33 49
21 47
23 19
28 26
47 24
25 50
36 13
12 11
32 29
34 24
# P_hat : m1 | m2
4.43 3.68
5.28 5.48
1.94 11.46
9.88 7.39
5.42 4.84
20.95 4.21
6.01 2.05
16.09 1.68
3.73 7.58
4.88 5.57
0.96 10.48
11.45 5.58
2.87 13.82
4.16 0.21
2.41 4.68
2.00 15.88
1.74 8.23
0.03 0.05
4.31 16.49
6.96 17.00
3.09 6.31
2.18 1.60
1.63 17.25
0.13 9.05
1.91 14.86
9.35 10.52
5.31 4.42
4.61 10.88
1.84 1.82
5.11 10.74
9.09 10.86
10.64 11.50
5.15 1.70
1.33 4.87
3.52 4.90
3.51 6.37
3.95 12.72
4.80 5.69
6.78 6.57
12.81 15.37
5.20 20.01
7.94 10.13
11.90 13.60
15.67 2.11
10.88 10.43
2.92 5.73
10.25 1.90
9.68 1.62
15.67 4.86
10.73 3.14
13.05 5.16
1.33 5.95
7.57 4.54
1.52 4.56
3.88 1.97
2.29 0.58
11.42 16.01
4.54 6.70
9.01 14.38
20.15 13.19
3.17 12.74
10.16 3.40
3.77 6.23
0.10 3.56
8.72 8.92
0.97 3.82
9.25 6.49
5.05 3.77
6.28 2.20
4.13 4.52
2.53 3.94
0.20 6.85
13.02 5.29
2.68 16.55
18.39 5.70
12.73 12.84
10.12 12.55
8.73 2.72
4.50 1.72
17.02 4.19
9.48 5.89
1.38 4.76
17.53 0.50
21.18 1.56
9.79 0.20
0.68 10.55
6.21 1.95
13.26 12.26
20.29 0.86
1.93 13.67
1.11 7.91
9.21 21.10
4.48 8.44
7.58 4.23
22.75 10.81
0.83 24.90
11.67 5.37
0.44 4.65
6.01 3.61
13.66 6.92
