# nJobs | nMachines
100 2
# Job Weights
95
9
36
92
70
12
64
29
80
4
7
71
4
30
32
60
14
78
80
68
15
80
54
2
79
10
95
57
49
13
24
18
26
32
75
37
27
70
95
5
49
16
3
63
14
73
92
41
70
43
30
40
64
62
81
47
53
98
53
1
86
53
89
99
42
26
88
77
51
49
29
75
76
2
53
74
16
84
43
46
96
92
5
76
42
46
52
74
13
74
100
70
97
43
17
41
75
10
86
26
# P_bar : m1 | m2
20 18
10 47
48 37
24 34
35 47
49 30
36 41
49 40
42 27
44 43
41 21
23 49
39 21
48 31
39 50
26 50
25 17
32 28
11 21
37 20
19 18
28 49
13 21
13 35
17 35
35 17
44 28
28 40
18 19
46 31
43 36
35 15
31 28
49 15
15 17
11 38
35 49
25 41
35 16
21 13
31 10
34 22
19 33
42 29
14 21
26 14
27 14
36 18
37 28
16 36
35 28
34 41
28 25
27 12
11 19
15 35
30 42
33 17
25 36
35 33
25 45
32 20
43 39
39 43
19 13
40 18
49 11
41 29
49 50
12 36
17 24
29 47
24 30
13 25
40 34
30 35
30 39
18 34
23 38
23 38
20 33
17 41
35 40
20 50
46 44
34 10
45 17
29 42
44 15
28 16
41 19
20 25
29 13
11 28
24 18
20 41
18 34
38 48
13 25
10 35
# P_hat : m1 | m2
16.73 33.40
14.28 77.87
82.68 23.90
7.42 16.13
31.61 24.69
39.99 30.27
49.50 61.01
24.49 40.26
53.78 3.66
77.22 62.23
34.29 33.85
41.91 28.37
77.47 27.89
10.18 26.45
18.18 88.91
49.42 84.52
47.92 17.86
6.25 38.72
0.33 37.10
11.92 19.83
37.85 11.28
10.08 73.86
13.07 9.24
22.06 27.20
0.69 60.60
42.31 24.63
24.38 22.61
48.29 17.18
10.20 13.53
63.18 17.61
57.98 12.68
15.50 22.30
2.16 14.12
40.11 13.63
8.68 13.12
17.80 74.64
56.03 38.33
22.85 6.56
42.46 2.87
25.38 15.36
51.28 11.99
28.90 18.43
10.47 28.50
22.26 3.13
15.01 21.69
23.36 14.13
23.77 4.19
6.56 3.74
53.18 6.92
6.84 7.27
13.79 34.14
28.07 16.11
12.76 12.57
31.53 4.17
8.17 36.40
13.47 59.82
32.23 19.36
13.43 11.14
7.79 15.11
61.63 32.46
21.69 1.76
26.37 26.85
3.06 40.81
38.84 77.28
21.06 4.27
44.71 28.95
69.29 17.42
14.55 7.38
24.72 39.86
19.46 12.25
32.20 12.23
7.88 24.75
23.89 33.37
5.57 20.57
4.81 64.45
19.53 8.85
8.62 75.95
25.56 15.68
24.55 58.74
6.62 25.76
0.37 9.44
27.48 70.35
12.33 24.71
24.25 65.89
31.00 49.85
39.81 9.44
28.41 16.86
5.04 61.51
19.62 2.63
10.53 21.38
35.10 34.04
26.33 2.89
15.30 3.66
0.27 40.13
24.91 15.74
24.23 33.09
34.66 9.31
44.80 48.65
12.25 6.33
11.47 33.36
