# nJobs | nMachines
100 2
# Job Weights
53
94
66
84
100
11
58
13
91
76
42
56
90
73
27
95
16
98
85
77
97
32
38
78
59
31
35
59
6
9
75
100
15
24
22
42
83
36
41
10
71
76
80
57
34
51
51
89
4
51
97
16
42
97
100
96
50
59
44
53
45
77
23
95
37
63
78
83
49
28
47
31
55
95
73
35
39
1
6
73
40
21
34
47
1
61
80
75
43
47
35
38
81
7
58
17
27
59
40
67
# P_bar : m1 | m2
36 36
44 37
42 30
37 25
39 21
33 10
33 12
33 18
45 35
35 44
11 40
35 37
47 20
41 48
46 17
41 20
27 44
20 14
31 50
41 20
49 10
48 20
32 26
47 24
36 50
41 21
16 41
12 40
41 33
18 31
11 23
38 43
27 14
50 41
50 10
15 37
32 44
42 10
47 32
44 47
40 44
17 38
46 22
48 31
31 44
36 41
22 42
39 48
28 25
36 13
17 42
25 10
31 43
12 40
34 11
47 28
39 41
25 45
20 32
50 10
32 23
25 49
13 35
10 20
43 46
36 14
16 28
27 45
29 28
29 33
31 24
50 37
36 40
36 15
22 32
19 23
37 42
31 11
43 38
12 32
26 24
15 33
50 50
27 47
31 38
31 20
36 44
16 28
16 16
11 33
15 21
11 41
20 24
49 34
50 46
36 41
32 46
13 45
42 24
44 11
# P_hat : m1 | m2
7.00 3.81
2.28 8.02
10.99 2.87
6.81 6.79
1.84 0.80
9.53 0.54
5.13 1.77
0.72 0.44
8.46 2.06
2.66 12.46
2.65 11.72
8.59 4.18
13.80 5.54
6.17 7.85
6.28 1.38
9.27 4.21
1.07 8.70
3.28 4.15
5.08 3.98
1.10 4.03
6.14 0.16
12.29 0.68
8.22 0.03
1.40 7.20
0.98 12.03
3.23 4.96
4.20 6.27
0.46 3.60
8.86 1.50
0.55 2.65
2.06 2.59
4.06 9.76
6.39 2.27
3.51 0.95
9.59 0.05
1.06 1.14
6.85 5.42
11.01 2.80
1.79 6.12
11.44 11.31
7.12 6.16
0.65 4.12
5.90 0.72
2.32 8.15
6.51 10.34
8.20 2.07
0.70 6.45
5.92 7.02
6.84 4.69
10.11 3.69
2.62 7.31
7.13 1.62
4.98 0.65
1.42 0.75
8.65 0.62
6.95 0.27
5.52 9.14
3.68 9.76
5.08 1.31
12.48 2.51
3.87 1.07
2.50 4.43
1.92 2.61
1.72 2.23
3.07 3.51
8.57 2.05
2.34 3.42
2.71 13.32
0.93 0.47
2.08 1.41
8.83 0.38
4.58 6.95
1.82 0.65
4.98 3.76
2.03 4.91
0.20 3.64
3.59 7.08
5.06 0.56
7.12 2.25
1.28 3.06
3.49 4.27
4.34 2.08
5.66 1.74
2.09 13.68
2.26 0.25
4.26 4.82
8.20 10.40
0.99 2.50
3.40 0.65
0.07 1.44
1.89 4.39
2.56 7.91
2.03 5.64
8.29 9.56
3.07 9.55
8.01 1.92
0.50 3.36
3.32 11.37
2.50 1.51
11.54 0.24
