# nJobs | nMachines
100 2
# Job Weights
4
21
92
80
22
11
53
66
55
94
34
25
93
10
89
60
12
64
58
57
27
76
91
84
34
73
73
28
26
23
89
44
65
18
30
8
58
48
27
88
93
100
7
28
93
84
10
9
26
33
16
45
55
15
42
63
96
70
37
89
55
9
54
98
4
19
21
78
59
84
14
90
63
24
32
31
37
84
38
37
31
4
60
92
67
47
80
43
86
89
60
58
7
8
8
87
63
34
85
80
# P_bar : m1 | m2
31 23
11 21
50 24
32 20
19 11
43 27
50 19
10 39
46 33
28 40
20 23
33 14
17 21
22 47
46 33
23 45
37 19
17 18
29 24
26 28
25 11
11 41
48 18
17 39
42 16
38 14
29 11
35 47
41 12
41 34
33 48
38 24
37 42
38 20
19 36
50 36
35 21
43 25
18 39
26 33
43 21
40 42
28 17
10 33
12 45
37 33
40 46
49 46
27 35
48 30
20 32
34 23
44 26
35 17
25 17
38 37
13 41
26 39
39 33
37 34
40 10
24 10
11 45
19 25
22 41
12 38
32 20
42 14
27 26
36 38
15 48
19 32
20 44
17 29
40 45
41 39
49 16
48 43
13 16
46 49
21 35
10 19
16 49
24 39
25 37
48 14
13 18
33 45
33 16
27 21
14 37
42 41
28 28
23 30
34 47
33 47
43 13
32 18
15 38
28 14
# P_hat : m1 | m2
14.66 3.05
2.44 5.20
14.98 10.16
7.62 5.05
8.86 4.11
1.64 1.88
12.53 2.40
3.43 14.27
18.21 2.72
8.16 7.03
9.09 3.05
15.54 2.45
0.55 7.44
4.43 8.64
0.54 9.16
3.79 2.25
9.93 7.65
7.74 3.33
12.28 7.78
1.66 10.16
1.16 1.15
3.24 18.14
12.77 5.55
2.26 8.36
18.89 1.46
17.62 6.60
5.84 4.15
15.58 4.89
7.87 2.03
15.10 13.76
7.85 16.70
2.33 9.19
17.17 9.27
8.63 7.16
6.98 6.96
9.18 3.80
0.33 6.64
2.16 12.20
4.47 6.06
8.97 7.61
7.20 7.08
13.91 11.37
9.78 7.17
3.52 12.57
2.96 1.31
16.93 16.47
9.78 17.31
11.03 19.87
2.69 11.40
7.38 12.84
0.42 1.80
10.77 4.00
5.47 11.39
5.32 1.71
9.64 0.67
6.22 14.58
1.57 17.13
2.20 3.17
15.11 14.10
2.40 11.68
9.08 2.60
6.08 4.15
3.78 9.43
6.02 2.42
8.92 5.84
0.27 9.60
4.74 5.31
5.88 5.64
1.97 10.29
5.21 11.05
2.32 18.74
4.96 3.07
6.64 1.10
3.24 12.67
14.39 1.70
6.89 4.81
7.11 5.56
12.99 8.80
0.15 7.01
1.84 7.30
4.39 0.21
4.71 2.86
5.77 14.16
1.06 7.33
10.58 9.90
17.58 6.14
3.97 8.21
13.53 5.98
6.67 3.70
2.99 5.77
3.58 17.56
11.53 20.47
7.54 3.30
6.50 10.90
16.13 8.88
14.89 0.19
18.83 0.06
12.82 4.15
7.08 9.28
1.38 0.16
