# nJobs | nMachines
100 2
# Job Weights
58
41
68
36
56
77
62
91
2
89
13
100
21
82
75
97
70
93
66
47
27
87
84
44
40
5
61
49
69
14
39
52
86
74
2
91
78
75
94
65
59
75
58
75
41
5
98
30
50
48
4
2
57
20
24
98
13
56
43
64
50
51
99
91
38
86
44
97
7
94
12
29
49
90
31
93
36
9
88
20
59
47
30
96
82
57
88
1
9
12
3
51
72
17
21
71
73
26
73
48
# P_bar : m1 | m2
48 46
20 39
19 34
39 25
37 37
32 17
42 20
21 15
30 23
40 12
44 37
17 49
11 34
14 19
45 26
25 40
32 24
50 26
20 32
48 11
36 29
28 22
12 22
22 33
18 19
12 23
46 19
32 17
24 20
41 46
13 48
46 31
32 24
44 22
40 42
20 16
44 34
17 25
15 45
49 35
20 25
29 36
13 35
33 43
19 45
34 13
30 28
45 17
20 19
16 39
13 26
46 26
35 25
15 29
14 10
17 44
21 23
36 13
24 23
14 32
42 26
46 18
18 48
22 44
31 38
10 33
38 20
22 32
42 28
29 23
50 42
15 49
23 10
15 27
36 40
21 21
35 20
38 22
20 27
33 42
39 44
23 28
13 18
20 33
41 48
17 22
48 15
21 44
12 38
16 13
49 14
30 12
47 18
47 14
42 41
19 31
40 18
41 35
41 50
44 33
# P_hat : m1 | m2
18.42 88.86
12.93 33.73
8.61 21.20
27.69 25.31
5.14 32.52
33.22 3.59
5.68 25.63
33.61 6.48
14.02 28.50
43.20 15.60
77.45 11.25
22.13 6.01
11.73 53.09
9.08 17.47
29.97 3.02
33.47 79.59
63.62 2.77
66.18 36.14
22.31 62.96
70.14 5.26
33.49 8.25
3.37 5.34
13.50 13.34
42.14 6.67
6.31 26.30
16.56 2.87
18.49 19.36
34.29 33.89
4.64 32.56
36.93 56.60
19.66 29.40
31.98 38.68
42.55 25.30
70.00 18.75
74.17 10.98
9.39 28.37
35.14 30.59
5.18 9.73
29.77 33.10
90.85 28.99
21.60 41.38
48.84 52.82
13.54 53.85
41.16 0.95
3.39 37.45
51.36 12.51
7.66 1.07
74.35 8.83
31.28 28.89
22.68 10.69
0.94 27.84
27.89 11.19
18.42 0.61
10.80 13.99
2.45 19.52
31.86 70.54
23.26 44.14
22.00 12.68
19.06 5.05
12.52 35.07
50.45 23.63
47.44 30.40
33.10 9.42
21.87 42.97
61.51 11.40
17.03 21.43
15.85 29.49
40.95 30.47
9.77 21.05
47.41 18.15
38.06 38.59
26.34 76.93
39.93 17.84
24.18 51.59
56.88 62.95
12.80 13.25
5.66 27.53
30.63 19.25
6.94 13.75
45.87 70.63
27.00 3.38
44.88 50.50
16.67 16.61
32.90 42.06
10.87 63.30
29.31 39.39
88.58 19.10
20.46 54.03
14.55 5.07
24.47 13.48
17.13 4.20
30.15 17.70
37.47 18.44
13.76 19.05
30.87 3.42
2.59 5.26
2.06 25.79
11.08 5.05
78.98 7.13
48.36 0.80
