# nJobs | nMachines
100 2
# Job Weights
53
94
66
84
100
11
58
13
91
76
42
56
90
73
27
95
16
98
85
77
97
32
38
78
59
31
35
59
6
9
75
100
15
24
22
42
83
36
41
10
71
76
80
57
34
51
51
89
4
51
97
16
42
97
100
96
50
59
44
53
45
77
23
95
37
63
78
83
49
28
47
31
55
95
73
35
39
1
6
73
40
21
34
47
1
61
80
75
43
47
35
38
81
7
58
17
27
59
40
67
# P_bar : m1 | m2
36 36
44 37
42 30
37 25
39 21
33 10
33 12
33 18
45 35
35 44
11 40
35 37
47 20
41 48
46 17
41 20
27 44
20 14
31 50
41 20
49 10
48 20
32 26
47 24
36 50
41 21
16 41
12 40
41 33
18 31
11 23
38 43
27 14
50 41
50 10
15 37
32 44
42 10
47 32
44 47
40 44
17 38
46 22
48 31
31 44
36 41
22 42
39 48
28 25
36 13
17 42
25 10
31 43
12 40
34 11
47 28
39 41
25 45
20 32
50 10
32 23
25 49
13 35
10 20
43 46
36 14
16 28
27 45
29 28
29 33
31 24
50 37
36 40
36 15
22 32
19 23
37 42
31 11
43 38
12 32
26 24
15 33
50 50
27 47
31 38
31 20
36 44
16 28
16 16
11 33
15 21
11 41
20 24
49 34
50 46
36 41
32 46
13 45
42 24
44 11
# P_hat : m1 | m2
7.20 7.20
8.80 7.40
8.40 6.00
7.40 5.00
7.80 4.20
6.60 2.00
6.60 2.40
6.60 3.60
9.00 7.00
7.00 8.80
2.20 8.00
7.00 7.40
9.40 4.00
8.20 9.60
9.20 3.40
8.20 4.00
5.40 8.80
4.00 2.80
6.20 10.00
8.20 4.00
9.80 2.00
9.60 4.00
6.40 5.20
9.40 4.80
7.20 10.00
8.20 4.20
3.20 8.20
2.40 8.00
8.20 6.60
3.60 6.20
2.20 4.60
7.60 8.60
5.40 2.80
10.00 8.20
10.00 2.00
3.00 7.40
6.40 8.80
8.40 2.00
9.40 6.40
8.80 9.40
8.00 8.80
3.40 7.60
9.20 4.40
9.60 6.20
6.20 8.80
7.20 8.20
4.40 8.40
7.80 9.60
5.60 5.00
7.20 2.60
3.40 8.40
5.00 2.00
6.20 8.60
2.40 8.00
6.80 2.20
9.40 5.60
7.80 8.20
5.00 9.00
4.00 6.40
10.00 2.00
6.40 4.60
5.00 9.80
2.60 7.00
2.00 4.00
8.60 9.20
7.20 2.80
3.20 5.60
5.40 9.00
5.80 5.60
5.80 6.60
6.20 4.80
10.00 7.40
7.20 8.00
7.20 3.00
4.40 6.40
3.80 4.60
7.40 8.40
6.20 2.20
8.60 7.60
2.40 6.40
5.20 4.80
3.00 6.60
10.00 10.00
5.40 9.40
6.20 7.60
6.20 4.00
7.20 8.80
3.20 5.60
3.20 3.20
2.20 6.60
3.00 4.20
2.20 8.20
4.00 4.80
9.80 6.80
10.00 9.20
7.20 8.20
6.40 9.20
2.60 9.00
8.40 4.80
8.80 2.20
