# nJobs | nMachines
100 2
# Job Weights
13
29
41
44
2
49
96
90
54
77
30
84
64
7
43
61
17
19
40
55
22
81
1
28
69
39
68
28
34
47
90
53
63
38
93
50
26
13
89
9
73
80
39
19
46
28
15
47
67
34
90
91
42
63
93
1
32
27
84
90
37
35
98
70
61
38
72
96
44
89
74
17
76
5
91
52
58
93
42
48
14
24
15
2
66
51
58
48
30
29
95
1
85
73
28
49
96
86
96
80
# P_bar : m1 | m2
28 24
49 27
12 46
25 29
37 16
42 16
22 36
28 11
22 30
14 49
50 42
17 34
12 40
41 49
19 19
23 43
22 35
24 27
32 41
27 14
45 32
46 25
40 26
13 34
10 39
39 46
10 16
34 41
34 41
33 12
13 29
25 39
21 10
37 36
33 28
39 10
44 24
12 14
23 27
37 18
43 47
48 32
12 29
46 50
46 12
16 15
47 17
44 46
46 21
50 12
26 29
46 40
26 33
39 26
19 35
40 33
48 29
39 23
26 20
43 22
50 39
24 11
24 39
47 12
17 32
15 25
21 22
41 47
44 32
11 50
33 41
14 28
19 20
44 17
22 47
25 49
26 24
39 22
12 24
10 14
40 24
42 45
30 22
31 23
49 10
49 17
30 34
44 44
10 30
43 40
14 41
45 23
20 47
34 15
39 20
47 13
36 35
24 31
25 40
32 49
# P_hat : m1 | m2
14.00 12.00
24.50 13.50
6.00 23.00
12.50 14.50
18.50 8.00
21.00 8.00
11.00 18.00
14.00 5.50
11.00 15.00
7.00 24.50
25.00 21.00
8.50 17.00
6.00 20.00
20.50 24.50
9.50 9.50
11.50 21.50
11.00 17.50
12.00 13.50
16.00 20.50
13.50 7.00
22.50 16.00
23.00 12.50
20.00 13.00
6.50 17.00
5.00 19.50
19.50 23.00
5.00 8.00
17.00 20.50
17.00 20.50
16.50 6.00
6.50 14.50
12.50 19.50
10.50 5.00
18.50 18.00
16.50 14.00
19.50 5.00
22.00 12.00
6.00 7.00
11.50 13.50
18.50 9.00
21.50 23.50
24.00 16.00
6.00 14.50
23.00 25.00
23.00 6.00
8.00 7.50
23.50 8.50
22.00 23.00
23.00 10.50
25.00 6.00
13.00 14.50
23.00 20.00
13.00 16.50
19.50 13.00
9.50 17.50
20.00 16.50
24.00 14.50
19.50 11.50
13.00 10.00
21.50 11.00
25.00 19.50
12.00 5.50
12.00 19.50
23.50 6.00
8.50 16.00
7.50 12.50
10.50 11.00
20.50 23.50
22.00 16.00
5.50 25.00
16.50 20.50
7.00 14.00
9.50 10.00
22.00 8.50
11.00 23.50
12.50 24.50
13.00 12.00
19.50 11.00
6.00 12.00
5.00 7.00
20.00 12.00
21.00 22.50
15.00 11.00
15.50 11.50
24.50 5.00
24.50 8.50
15.00 17.00
22.00 22.00
5.00 15.00
21.50 20.00
7.00 20.50
22.50 11.50
10.00 23.50
17.00 7.50
19.50 10.00
23.50 6.50
18.00 17.50
12.00 15.50
12.50 20.00
16.00 24.50
