# nJobs | nMachines
100 2
# Job Weights
96
8
62
35
17
27
47
17
68
89
48
40
62
15
36
32
81
68
13
97
50
47
98
80
51
73
36
4
13
60
49
68
92
20
56
73
9
67
48
77
84
15
13
41
19
6
37
68
91
34
57
96
45
62
62
10
82
86
15
8
25
16
75
11
75
83
90
68
1
32
36
90
49
3
10
94
73
62
49
98
74
38
77
79
9
74
96
95
61
19
63
87
96
35
53
1
79
89
74
18
# P_bar : m1 | m2
22 45
29 17
48 44
45 44
25 44
26 47
45 37
48 42
18 30
25 46
14 46
43 12
18 49
19 11
37 25
27 21
10 37
26 30
27 29
41 10
10 49
25 30
36 28
46 50
50 17
18 43
38 25
46 36
42 30
13 40
44 42
17 42
22 21
15 45
17 46
44 23
20 17
25 24
37 24
10 14
32 41
38 48
22 46
29 50
23 43
48 24
28 20
28 48
27 18
21 39
20 11
24 21
45 29
33 17
15 49
40 12
25 49
43 28
33 45
28 37
21 35
46 46
42 23
42 17
17 26
21 12
42 45
42 31
14 21
48 20
23 42
43 49
32 49
26 20
14 37
10 25
38 13
42 50
13 28
12 18
44 20
21 36
47 16
10 46
42 28
19 36
29 20
21 10
34 21
50 46
32 33
34 12
16 38
22 49
35 10
27 43
19 29
20 42
43 37
14 23
# P_hat : m1 | m2
4.06 2.90
1.96 3.66
12.44 6.04
2.53 19.53
11.67 0.89
2.39 21.47
5.69 15.41
9.76 6.25
3.45 11.84
9.93 0.72
3.19 22.24
3.67 3.16
2.40 7.43
4.84 1.99
2.73 0.83
8.26 10.39
2.83 0.73
9.29 9.82
12.66 6.42
18.70 4.74
4.73 6.03
3.06 7.98
2.37 6.75
6.95 17.57
22.38 0.58
8.75 4.17
16.33 2.68
2.53 13.29
19.90 2.84
2.75 11.47
0.20 4.52
3.76 18.09
0.51 9.89
4.08 11.67
2.88 8.10
10.42 2.69
6.13 0.42
10.86 3.22
12.25 7.85
2.17 3.74
13.11 19.35
17.21 9.51
1.32 15.96
7.71 12.23
3.27 11.02
1.13 3.21
9.36 4.55
12.08 11.30
2.20 6.36
8.53 18.34
8.53 1.81
10.97 0.44
5.97 7.20
14.92 4.63
2.40 4.13
11.05 4.56
0.63 24.13
0.94 13.24
11.89 4.43
6.22 16.19
2.69 12.33
4.38 10.44
14.07 6.22
0.01 7.22
6.85 6.24
0.83 2.24
4.02 11.10
8.11 8.98
3.39 1.99
8.52 9.01
3.69 14.16
20.72 15.52
10.27 2.44
0.30 6.04
3.01 2.24
4.38 0.98
5.73 3.43
1.99 10.07
4.93 8.24
3.64 0.80
12.55 4.31
0.56 3.15
3.30 7.90
3.11 12.91
4.36 9.62
4.79 5.86
7.90 0.95
2.98 4.88
16.12 3.01
21.06 9.75
11.56 10.72
1.33 0.15
0.85 15.39
5.42 13.15
2.81 1.39
13.21 1.32
1.51 2.36
4.87 18.80
7.83 12.69
4.48 2.87
