# nJobs | nMachines
100 2
# Job Weights
58
41
68
36
56
77
62
91
2
89
13
100
21
82
75
97
70
93
66
47
27
87
84
44
40
5
61
49
69
14
39
52
86
74
2
91
78
75
94
65
59
75
58
75
41
5
98
30
50
48
4
2
57
20
24
98
13
56
43
64
50
51
99
91
38
86
44
97
7
94
12
29
49
90
31
93
36
9
88
20
59
47
30
96
82
57
88
1
9
12
3
51
72
17
21
71
73
26
73
48
# P_bar : m1 | m2
48 46
20 39
19 34
39 25
37 37
32 17
42 20
21 15
30 23
40 12
44 37
17 49
11 34
14 19
45 26
25 40
32 24
50 26
20 32
48 11
36 29
28 22
12 22
22 33
18 19
12 23
46 19
32 17
24 20
41 46
13 48
46 31
32 24
44 22
40 42
20 16
44 34
17 25
15 45
49 35
20 25
29 36
13 35
33 43
19 45
34 13
30 28
45 17
20 19
16 39
13 26
46 26
35 25
15 29
14 10
17 44
21 23
36 13
24 23
14 32
42 26
46 18
18 48
22 44
31 38
10 33
38 20
22 32
42 28
29 23
50 42
15 49
23 10
15 27
36 40
21 21
35 20
38 22
20 27
33 42
39 44
23 28
13 18
20 33
41 48
17 22
48 15
21 44
12 38
16 13
49 14
30 12
47 18
47 14
42 41
19 31
40 18
41 35
41 50
44 33
# P_hat : m1 | m2
4.80 4.60
2.00 3.90
1.90 3.40
3.90 2.50
3.70 3.70
3.20 1.70
4.20 2.00
2.10 1.50
3.00 2.30
4.00 1.20
4.40 3.70
1.70 4.90
1.10 3.40
1.40 1.90
4.50 2.60
2.50 4.00
3.20 2.40
5.00 2.60
2.00 3.20
4.80 1.10
3.60 2.90
2.80 2.20
1.20 2.20
2.20 3.30
1.80 1.90
1.20 2.30
4.60 1.90
3.20 1.70
2.40 2.00
4.10 4.60
1.30 4.80
4.60 3.10
3.20 2.40
4.40 2.20
4.00 4.20
2.00 1.60
4.40 3.40
1.70 2.50
1.50 4.50
4.90 3.50
2.00 2.50
2.90 3.60
1.30 3.50
3.30 4.30
1.90 4.50
3.40 1.30
3.00 2.80
4.50 1.70
2.00 1.90
1.60 3.90
1.30 2.60
4.60 2.60
3.50 2.50
1.50 2.90
1.40 1.00
1.70 4.40
2.10 2.30
3.60 1.30
2.40 2.30
1.40 3.20
4.20 2.60
4.60 1.80
1.80 4.80
2.20 4.40
3.10 3.80
1.00 3.30
3.80 2.00
2.20 3.20
4.20 2.80
2.90 2.30
5.00 4.20
1.50 4.90
2.30 1.00
1.50 2.70
3.60 4.00
2.10 2.10
3.50 2.00
3.80 2.20
2.00 2.70
3.30 4.20
3.90 4.40
2.30 2.80
1.30 1.80
2.00 3.30
4.10 4.80
1.70 2.20
4.80 1.50
2.10 4.40
1.20 3.80
1.60 1.30
4.90 1.40
3.00 1.20
4.70 1.80
4.70 1.40
4.20 4.10
1.90 3.10
4.00 1.80
4.10 3.50
4.10 5.00
4.40 3.30
