# nJobs | nMachines
100 2
# Job Weights
13
29
41
44
2
49
96
90
54
77
30
84
64
7
43
61
17
19
40
55
22
81
1
28
69
39
68
28
34
47
90
53
63
38
93
50
26
13
89
9
73
80
39
19
46
28
15
47
67
34
90
91
42
63
93
1
32
27
84
90
37
35
98
70
61
38
72
96
44
89
74
17
76
5
91
52
58
93
42
48
14
24
15
2
66
51
58
48
30
29
95
1
85
73
28
49
96
86
96
80
# P_bar : m1 | m2
28 24
49 27
12 46
25 29
37 16
42 16
22 36
28 11
22 30
14 49
50 42
17 34
12 40
41 49
19 19
23 43
22 35
24 27
32 41
27 14
45 32
46 25
40 26
13 34
10 39
39 46
10 16
34 41
34 41
33 12
13 29
25 39
21 10
37 36
33 28
39 10
44 24
12 14
23 27
37 18
43 47
48 32
12 29
46 50
46 12
16 15
47 17
44 46
46 21
50 12
26 29
46 40
26 33
39 26
19 35
40 33
48 29
39 23
26 20
43 22
50 39
24 11
24 39
47 12
17 32
15 25
21 22
41 47
44 32
11 50
33 41
14 28
19 20
44 17
22 47
25 49
26 24
39 22
12 24
10 14
40 24
42 45
30 22
31 23
49 10
49 17
30 34
44 44
10 30
43 40
14 41
45 23
20 47
34 15
39 20
47 13
36 35
24 31
25 40
32 49
# P_hat : m1 | m2
13.68 9.63
2.71 7.72
2.54 11.79
0.53 4.26
13.69 7.45
19.28 3.18
3.08 1.57
12.02 3.39
3.21 1.71
6.38 8.46
18.85 10.66
6.84 14.86
0.11 9.87
19.74 17.21
6.90 9.43
3.50 2.83
9.12 4.81
3.38 5.33
13.96 8.65
1.52 2.88
15.83 14.52
12.44 8.93
1.93 7.90
1.57 5.26
0.06 16.06
9.14 21.97
1.51 6.57
10.17 0.03
5.05 13.05
4.95 0.31
4.83 3.74
0.60 1.16
9.48 3.02
15.77 12.36
11.02 1.60
11.57 1.92
19.63 5.47
1.11 2.58
0.91 1.63
4.43 3.77
17.08 17.65
0.83 1.14
3.50 1.16
22.90 8.87
19.68 5.65
4.17 5.01
1.50 5.77
18.29 8.32
13.78 6.23
2.87 0.06
1.22 9.22
20.92 18.27
8.70 10.11
16.17 11.36
8.35 12.67
11.44 1.99
12.42 13.09
8.39 0.76
4.12 5.34
9.34 1.56
19.35 0.23
7.22 2.32
10.71 5.75
10.42 2.92
5.16 9.24
4.73 0.55
6.21 1.35
14.40 13.13
5.22 5.49
2.82 18.23
1.72 13.37
2.69 11.84
4.63 6.92
14.35 3.65
10.46 15.81
7.51 6.75
9.67 3.68
9.87 8.68
3.80 5.36
0.35 5.59
5.09 9.87
7.60 19.30
7.09 10.08
0.71 4.96
3.43 1.59
6.78 4.95
14.57 6.31
7.29 13.22
2.41 10.58
4.22 13.77
4.28 7.68
6.32 1.92
2.07 10.12
8.78 1.07
0.11 8.90
0.18 2.25
3.94 2.70
0.44 0.39
1.35 12.92
5.42 15.60
