# nJobs | nMachines
100 2
# Job Weights
92
65
66
65
73
46
55
33
56
34
9
12
10
64
58
9
95
86
76
17
81
63
42
55
76
40
36
5
6
72
15
42
16
68
67
15
21
17
28
8
1
7
56
45
28
59
59
63
4
68
31
54
32
7
92
32
97
30
82
60
64
70
36
2
69
10
17
78
15
66
67
73
42
41
60
80
74
94
29
50
97
16
60
75
96
63
41
39
95
6
37
76
96
70
85
9
97
71
1
75
# P_bar : m1 | m2
12 21
43 20
42 30
16 14
13 10
24 42
49 35
44 47
19 23
10 37
18 39
13 19
50 44
28 46
30 28
29 32
36 30
38 37
30 18
14 43
35 27
49 29
50 33
16 44
28 13
10 32
47 24
36 11
25 21
22 14
11 25
20 11
37 35
25 16
22 42
19 40
24 40
28 47
35 14
31 17
45 12
48 47
36 37
11 40
50 17
26 36
37 10
42 23
41 47
20 48
41 35
35 44
38 49
49 45
44 29
30 32
45 21
50 21
50 10
28 47
29 41
21 12
48 12
23 15
14 13
28 46
34 50
36 17
33 32
29 39
39 42
45 38
27 15
18 44
36 36
29 18
12 40
21 33
25 15
21 21
28 20
44 30
29 13
10 12
29 23
38 32
21 15
42 31
11 28
26 29
23 37
44 28
28 13
32 12
33 38
27 42
50 50
15 49
13 11
35 45
# P_hat : m1 | m2
4.77 10.50
67.37 2.93
76.38 39.79
11.85 16.67
19.53 8.30
43.06 35.46
82.92 54.95
16.09 18.40
36.34 37.73
7.53 48.01
12.21 32.68
1.62 17.41
48.62 22.58
6.10 69.19
14.91 28.72
18.38 20.53
58.24 35.76
66.54 73.68
18.15 15.67
24.04 79.18
60.01 18.63
74.94 3.17
14.67 13.48
22.09 36.85
52.92 5.71
13.65 0.01
31.17 43.92
36.04 18.57
32.29 31.18
22.47 4.70
2.64 6.02
12.48 1.49
59.38 50.68
43.07 29.72
6.04 36.17
36.19 9.53
15.78 40.99
37.09 32.79
52.63 10.50
50.34 21.13
85.12 17.25
30.04 10.40
61.81 2.63
2.90 79.55
70.50 7.91
38.58 3.88
50.15 3.80
21.19 1.79
71.59 36.83
6.75 77.03
4.40 23.89
50.22 39.09
36.14 66.21
83.21 45.80
33.74 49.96
10.10 55.43
75.28 0.42
54.89 32.68
18.92 9.21
40.34 92.95
29.64 39.63
25.38 23.69
44.25 18.11
38.12 7.46
23.23 14.00
39.73 91.28
7.17 85.75
60.40 3.31
44.29 45.21
40.43 26.96
28.31 0.59
79.14 30.66
39.17 7.04
4.05 72.06
29.36 24.29
51.41 29.79
1.13 0.05
40.38 20.32
33.96 7.23
26.52 9.81
15.15 2.73
21.89 11.23
54.64 14.44
5.97 6.99
44.98 19.20
29.88 24.12
5.85 26.28
0.90 56.13
11.97 27.61
50.74 19.15
16.98 7.90
31.43 53.39
19.27 1.57
33.31 7.14
29.08 22.65
47.52 26.91
50.55 16.43
15.23 76.75
3.60 2.69
68.79 57.14
