# nJobs | nMachines
100 2
# Job Weights
95
9
36
92
70
12
64
29
80
4
7
71
4
30
32
60
14
78
80
68
15
80
54
2
79
10
95
57
49
13
24
18
26
32
75
37
27
70
95
5
49
16
3
63
14
73
92
41
70
43
30
40
64
62
81
47
53
98
53
1
86
53
89
99
42
26
88
77
51
49
29
75
76
2
53
74
16
84
43
46
96
92
5
76
42
46
52
74
13
74
100
70
97
43
17
41
75
10
86
26
# P_bar : m1 | m2
20 18
10 47
48 37
24 34
35 47
49 30
36 41
49 40
42 27
44 43
41 21
23 49
39 21
48 31
39 50
26 50
25 17
32 28
11 21
37 20
19 18
28 49
13 21
13 35
17 35
35 17
44 28
28 40
18 19
46 31
43 36
35 15
31 28
49 15
15 17
11 38
35 49
25 41
35 16
21 13
31 10
34 22
19 33
42 29
14 21
26 14
27 14
36 18
37 28
16 36
35 28
34 41
28 25
27 12
11 19
15 35
30 42
33 17
25 36
35 33
25 45
32 20
43 39
39 43
19 13
40 18
49 11
41 29
49 50
12 36
17 24
29 47
24 30
13 25
40 34
30 35
30 39
18 34
23 38
23 38
20 33
17 41
35 40
20 50
46 44
34 10
45 17
29 42
44 15
28 16
41 19
20 25
29 13
11 28
24 18
20 41
18 34
38 48
13 25
10 35
# P_hat : m1 | m2
4.32 4.41
2.06 13.93
1.38 4.32
6.64 0.48
5.97 11.30
5.35 5.44
8.17 2.44
3.78 5.94
8.74 6.01
0.52 9.94
10.32 3.15
3.09 4.49
7.45 6.13
3.19 6.17
7.92 6.12
6.02 4.21
3.55 3.73
5.93 2.03
1.51 1.08
9.92 3.18
2.84 1.57
7.07 9.24
3.13 0.74
1.60 6.88
1.17 2.97
4.26 0.00
10.91 1.07
1.91 11.20
2.83 4.94
11.12 2.17
4.56 8.41
6.74 2.74
2.28 8.16
1.61 1.68
3.57 3.48
0.33 0.72
2.85 5.82
6.41 11.85
3.64 2.59
6.13 1.12
9.11 0.36
2.74 4.64
0.23 6.38
8.88 3.25
1.89 5.99
0.79 0.09
5.73 1.28
0.34 4.97
9.66 2.70
0.67 2.72
1.34 4.49
1.79 10.13
8.07 0.77
5.61 3.39
2.64 4.53
1.79 1.90
3.03 8.97
2.32 1.96
3.60 4.34
5.79 7.75
4.74 13.00
2.47 0.76
12.24 4.92
1.99 6.20
5.50 1.47
0.18 1.96
7.07 0.17
4.10 5.96
6.60 6.54
2.05 2.10
2.22 5.88
3.61 11.32
5.28 4.38
2.67 2.24
10.00 6.51
2.25 3.03
5.49 2.76
3.16 7.45
2.55 0.46
3.35 1.08
1.88 0.07
0.72 1.88
2.24 0.83
0.63 14.94
9.43 3.81
6.74 0.45
12.83 1.23
6.35 11.80
0.69 2.34
7.43 1.75
10.61 4.98
2.66 2.96
5.10 1.31
3.22 1.74
3.83 2.04
5.43 3.90
0.45 6.91
2.18 4.17
1.72 4.33
1.75 0.69
