# nJobs | nMachines
100 2
# Job Weights
96
8
62
35
17
27
47
17
68
89
48
40
62
15
36
32
81
68
13
97
50
47
98
80
51
73
36
4
13
60
49
68
92
20
56
73
9
67
48
77
84
15
13
41
19
6
37
68
91
34
57
96
45
62
62
10
82
86
15
8
25
16
75
11
75
83
90
68
1
32
36
90
49
3
10
94
73
62
49
98
74
38
77
79
9
74
96
95
61
19
63
87
96
35
53
1
79
89
74
18
# P_bar : m1 | m2
22 45
29 17
48 44
45 44
25 44
26 47
45 37
48 42
18 30
25 46
14 46
43 12
18 49
19 11
37 25
27 21
10 37
26 30
27 29
41 10
10 49
25 30
36 28
46 50
50 17
18 43
38 25
46 36
42 30
13 40
44 42
17 42
22 21
15 45
17 46
44 23
20 17
25 24
37 24
10 14
32 41
38 48
22 46
29 50
23 43
48 24
28 20
28 48
27 18
21 39
20 11
24 21
45 29
33 17
15 49
40 12
25 49
43 28
33 45
28 37
21 35
46 46
42 23
42 17
17 26
21 12
42 45
42 31
14 21
48 20
23 42
43 49
32 49
26 20
14 37
10 25
38 13
42 50
13 28
12 18
44 20
21 36
47 16
10 46
42 28
19 36
29 20
21 10
34 21
50 46
32 33
34 12
16 38
22 49
35 10
27 43
19 29
20 42
43 37
14 23
# P_hat : m1 | m2
4.40 9.00
5.80 3.40
9.60 8.80
9.00 8.80
5.00 8.80
5.20 9.40
9.00 7.40
9.60 8.40
3.60 6.00
5.00 9.20
2.80 9.20
8.60 2.40
3.60 9.80
3.80 2.20
7.40 5.00
5.40 4.20
2.00 7.40
5.20 6.00
5.40 5.80
8.20 2.00
2.00 9.80
5.00 6.00
7.20 5.60
9.20 10.00
10.00 3.40
3.60 8.60
7.60 5.00
9.20 7.20
8.40 6.00
2.60 8.00
8.80 8.40
3.40 8.40
4.40 4.20
3.00 9.00
3.40 9.20
8.80 4.60
4.00 3.40
5.00 4.80
7.40 4.80
2.00 2.80
6.40 8.20
7.60 9.60
4.40 9.20
5.80 10.00
4.60 8.60
9.60 4.80
5.60 4.00
5.60 9.60
5.40 3.60
4.20 7.80
4.00 2.20
4.80 4.20
9.00 5.80
6.60 3.40
3.00 9.80
8.00 2.40
5.00 9.80
8.60 5.60
6.60 9.00
5.60 7.40
4.20 7.00
9.20 9.20
8.40 4.60
8.40 3.40
3.40 5.20
4.20 2.40
8.40 9.00
8.40 6.20
2.80 4.20
9.60 4.00
4.60 8.40
8.60 9.80
6.40 9.80
5.20 4.00
2.80 7.40
2.00 5.00
7.60 2.60
8.40 10.00
2.60 5.60
2.40 3.60
8.80 4.00
4.20 7.20
9.40 3.20
2.00 9.20
8.40 5.60
3.80 7.20
5.80 4.00
4.20 2.00
6.80 4.20
10.00 9.20
6.40 6.60
6.80 2.40
3.20 7.60
4.40 9.80
7.00 2.00
5.40 8.60
3.80 5.80
4.00 8.40
8.60 7.40
2.80 4.60
