# nJobs | nMachines
100 2
# Job Weights
96
8
62
35
17
27
47
17
68
89
48
40
62
15
36
32
81
68
13
97
50
47
98
80
51
73
36
4
13
60
49
68
92
20
56
73
9
67
48
77
84
15
13
41
19
6
37
68
91
34
57
96
45
62
62
10
82
86
15
8
25
16
75
11
75
83
90
68
1
32
36
90
49
3
10
94
73
62
49
98
74
38
77
79
9
74
96
95
61
19
63
87
96
35
53
1
79
89
74
18
# P_bar : m1 | m2
22 45
29 17
48 44
45 44
25 44
26 47
45 37
48 42
18 30
25 46
14 46
43 12
18 49
19 11
37 25
27 21
10 37
26 30
27 29
41 10
10 49
25 30
36 28
46 50
50 17
18 43
38 25
46 36
42 30
13 40
44 42
17 42
22 21
15 45
17 46
44 23
20 17
25 24
37 24
10 14
32 41
38 48
22 46
29 50
23 43
48 24
28 20
28 48
27 18
21 39
20 11
24 21
45 29
33 17
15 49
40 12
25 49
43 28
33 45
28 37
21 35
46 46
42 23
42 17
17 26
21 12
42 45
42 31
14 21
48 20
23 42
43 49
32 49
26 20
14 37
10 25
38 13
42 50
13 28
12 18
44 20
21 36
47 16
10 46
42 28
19 36
29 20
21 10
34 21
50 46
32 33
34 12
16 38
22 49
35 10
27 43
19 29
20 42
43 37
14 23
# P_hat : m1 | m2
1.44 24.43
20.03 14.16
27.48 5.50
18.20 5.71
9.09 24.50
5.64 44.48
30.13 15.35
46.59 13.73
3.16 18.20
14.93 42.80
5.94 38.50
19.21 11.95
4.57 1.11
15.68 1.24
17.95 15.24
14.67 17.23
3.05 10.55
4.73 7.18
2.32 22.82
29.28 0.56
1.96 18.10
17.25 15.17
14.05 15.69
19.13 36.43
23.46 6.03
6.62 26.35
3.82 14.63
14.24 19.71
27.88 19.21
8.66 10.38
12.59 3.56
7.82 5.01
4.26 4.72
3.16 22.51
0.39 38.66
39.46 16.13
4.21 13.41
5.69 8.42
10.35 9.71
1.27 5.51
20.46 7.87
2.86 2.94
2.95 27.18
18.70 49.46
7.81 7.17
33.98 1.12
15.61 15.59
7.17 12.12
17.57 14.93
2.44 27.45
10.73 10.40
10.49 8.59
12.05 19.20
19.93 7.90
13.07 30.90
39.96 5.40
15.19 9.24
17.40 14.22
7.43 23.79
7.20 29.99
10.07 25.74
16.89 30.53
38.38 2.61
15.47 12.25
6.35 13.01
8.05 10.73
35.14 41.39
27.33 1.71
8.60 17.23
16.04 0.75
18.81 15.42
1.65 26.57
27.87 7.26
13.33 14.93
5.58 0.31
4.97 4.21
25.36 7.55
0.54 35.72
11.33 25.67
5.36 12.70
15.09 13.44
2.90 14.20
20.65 0.02
4.96 5.53
16.95 14.97
12.89 24.30
12.21 8.35
20.19 7.31
20.38 10.96
40.37 3.41
3.50 6.34
13.51 10.08
5.39 27.55
12.53 43.84
30.14 1.18
2.12 42.58
1.38 6.07
17.01 0.49
9.15 36.90
9.36 6.46
