# nJobs | nMachines
100 2
# Job Weights
99
80
49
88
39
98
68
2
45
40
25
16
22
63
66
17
5
67
31
55
88
3
18
100
20
99
70
59
81
6
33
44
61
21
37
67
27
85
27
63
2
51
14
98
19
59
86
1
93
4
99
17
35
58
93
74
81
40
71
9
14
74
75
42
71
100
92
67
27
24
27
81
97
32
82
4
69
55
99
47
69
45
24
16
22
76
33
53
96
49
39
96
81
39
90
82
38
79
43
61
# P_bar : m1 | m2
16 17
21 11
20 41
23 46
16 44
50 24
14 11
43 49
17 41
16 24
12 29
34 17
32 39
12 50
21 43
34 48
21 34
29 17
12 41
19 44
12 23
27 48
39 45
14 31
23 38
21 28
44 11
26 42
35 26
46 32
35 35
35 31
42 20
46 50
18 11
30 17
36 28
10 15
22 22
46 47
25 45
37 35
44 43
45 27
31 44
34 16
41 14
47 16
36 31
34 26
49 48
23 28
25 10
26 18
23 21
32 15
33 46
44 35
46 35
45 40
31 32
40 25
18 18
11 27
22 19
28 12
39 40
18 28
20 23
12 13
20 36
41 23
36 40
10 50
44 14
31 33
24 33
36 29
27 39
43 12
42 32
15 22
41 32
48 12
42 12
18 24
32 16
33 44
45 44
19 41
33 49
21 47
23 19
28 26
47 24
25 50
36 13
12 11
32 29
34 24
# P_hat : m1 | m2
18.97 29.33
78.82 16.68
65.50 150.07
90.49 46.22
16.62 148.58
193.94 46.47
24.15 22.62
59.77 60.46
3.42 93.98
3.38 31.22
33.22 4.56
62.28 18.50
28.99 1.00
29.47 195.67
21.24 166.11
78.56 75.87
30.17 99.06
95.53 23.51
39.39 110.06
36.28 141.76
16.84 87.10
39.16 76.84
125.69 140.99
18.38 32.98
19.23 150.53
7.11 2.89
82.14 26.56
50.14 110.80
117.73 71.56
40.71 15.41
53.34 131.39
113.18 22.47
138.37 49.82
70.77 44.54
33.06 13.52
36.39 37.16
134.29 46.73
4.75 9.61
82.17 15.04
125.83 78.61
53.16 136.31
4.83 125.72
83.70 14.47
73.39 42.46
19.99 17.64
89.27 1.06
159.27 37.06
105.69 38.56
102.92 20.21
9.31 24.32
81.86 4.55
10.70 93.51
61.28 38.99
97.60 9.75
60.88 19.44
9.83 52.10
46.82 170.47
96.92 58.75
74.19 7.09
150.06 6.30
101.02 73.47
97.89 39.29
26.89 2.06
11.23 62.99
9.32 0.86
39.75 37.79
64.45 49.03
48.66 4.51
52.65 54.13
3.37 20.68
31.62 140.23
29.81 50.07
22.58 44.04
33.09 141.89
7.38 15.20
51.98 119.36
16.15 49.46
126.62 63.78
60.16 7.89
39.80 20.45
84.41 106.54
43.89 70.90
157.13 28.71
42.33 10.85
148.88 39.23
67.27 89.32
117.30 6.10
83.87 79.21
113.37 59.39
30.64 142.79
99.32 16.37
44.63 39.69
62.32 57.19
47.99 5.33
137.52 47.28
82.45 88.42
21.09 17.39
39.98 17.36
69.16 61.47
114.87 15.49
