# nJobs | nMachines
100 2
# Job Weights
53
94
66
84
100
11
58
13
91
76
42
56
90
73
27
95
16
98
85
77
97
32
38
78
59
31
35
59
6
9
75
100
15
24
22
42
83
36
41
10
71
76
80
57
34
51
51
89
4
51
97
16
42
97
100
96
50
59
44
53
45
77
23
95
37
63
78
83
49
28
47
31
55
95
73
35
39
1
6
73
40
21
34
47
1
61
80
75
43
47
35
38
81
7
58
17
27
59
40
67
# P_bar : m1 | m2
36 36
44 37
42 30
37 25
39 21
33 10
33 12
33 18
45 35
35 44
11 40
35 37
47 20
41 48
46 17
41 20
27 44
20 14
31 50
41 20
49 10
48 20
32 26
47 24
36 50
41 21
16 41
12 40
41 33
18 31
11 23
38 43
27 14
50 41
50 10
15 37
32 44
42 10
47 32
44 47
40 44
17 38
46 22
48 31
31 44
36 41
22 42
39 48
28 25
36 13
17 42
25 10
31 43
12 40
34 11
47 28
39 41
25 45
20 32
50 10
32 23
25 49
13 35
10 20
43 46
36 14
16 28
27 45
29 28
29 33
31 24
50 37
36 40
36 15
22 32
19 23
37 42
31 11
43 38
12 32
26 24
15 33
50 50
27 47
31 38
31 20
36 44
16 28
16 16
11 33
15 21
11 41
20 24
49 34
50 46
36 41
32 46
13 45
42 24
44 11
# P_hat : m1 | m2
8.22 33.08
19.46 29.54
36.86 4.53
68.72 64.34
67.59 22.05
105.56 2.09
97.61 11.09
56.27 57.74
60.07 119.21
44.31 85.02
34.06 66.57
7.29 144.72
2.41 16.05
130.47 41.35
87.79 19.85
21.46 13.82
25.44 66.77
74.60 51.01
106.58 123.07
116.40 32.96
94.52 37.38
99.90 3.88
124.83 21.87
181.56 54.33
31.00 123.11
133.02 3.32
12.62 66.10
10.25 103.86
110.88 92.15
29.16 79.13
40.99 29.49
13.53 16.09
55.24 23.92
183.70 21.12
180.82 37.90
9.39 70.33
46.93 55.84
104.01 30.65
29.97 63.74
170.37 58.29
146.36 142.91
11.35 131.81
22.29 59.22
16.40 5.82
112.77 99.67
27.88 125.18
36.63 22.93
70.02 43.90
67.09 88.25
10.33 1.05
15.42 126.46
93.15 18.95
112.64 76.84
37.50 1.14
2.64 36.05
61.48 40.30
97.96 88.69
27.52 121.91
72.77 89.94
126.78 38.24
9.20 48.88
90.90 78.35
49.80 133.52
3.11 51.37
91.57 54.86
43.68 7.08
25.14 94.37
19.40 65.19
67.06 73.97
111.13 62.15
62.38 19.10
16.58 89.05
89.28 9.71
48.99 24.80
75.32 69.97
33.04 40.12
28.54 125.78
23.70 36.43
132.23 117.23
12.75 4.97
79.79 18.64
12.35 70.83
64.34 186.96
50.27 156.97
116.96 128.07
115.53 24.26
29.79 75.58
22.93 52.72
9.56 10.07
22.44 4.10
27.63 79.54
39.63 39.48
74.40 23.04
75.18 11.34
98.35 170.85
129.06 95.08
103.26 122.73
0.19 164.08
53.77 33.18
74.23 27.35
