# nJobs | nMachines
100 2
# Job Weights
92
65
66
65
73
46
55
33
56
34
9
12
10
64
58
9
95
86
76
17
81
63
42
55
76
40
36
5
6
72
15
42
16
68
67
15
21
17
28
8
1
7
56
45
28
59
59
63
4
68
31
54
32
7
92
32
97
30
82
60
64
70
36
2
69
10
17
78
15
66
67
73
42
41
60
80
74
94
29
50
97
16
60
75
96
63
41
39
95
6
37
76
96
70
85
9
97
71
1
75
# P_bar : m1 | m2
12 21
43 20
42 30
16 14
13 10
24 42
49 35
44 47
19 23
10 37
18 39
13 19
50 44
28 46
30 28
29 32
36 30
38 37
30 18
14 43
35 27
49 29
50 33
16 44
28 13
10 32
47 24
36 11
25 21
22 14
11 25
20 11
37 35
25 16
22 42
19 40
24 40
28 47
35 14
31 17
45 12
48 47
36 37
11 40
50 17
26 36
37 10
42 23
41 47
20 48
41 35
35 44
38 49
49 45
44 29
30 32
45 21
50 21
50 10
28 47
29 41
21 12
48 12
23 15
14 13
28 46
34 50
36 17
33 32
29 39
39 42
45 38
27 15
18 44
36 36
29 18
12 40
21 33
25 15
21 21
28 20
44 30
29 13
10 12
29 23
38 32
21 15
42 31
11 28
26 29
23 37
44 28
28 13
32 12
33 38
27 42
50 50
15 49
13 11
35 45
# P_hat : m1 | m2
2.40 4.20
8.60 4.00
8.40 6.00
3.20 2.80
2.60 2.00
4.80 8.40
9.80 7.00
8.80 9.40
3.80 4.60
2.00 7.40
3.60 7.80
2.60 3.80
10.00 8.80
5.60 9.20
6.00 5.60
5.80 6.40
7.20 6.00
7.60 7.40
6.00 3.60
2.80 8.60
7.00 5.40
9.80 5.80
10.00 6.60
3.20 8.80
5.60 2.60
2.00 6.40
9.40 4.80
7.20 2.20
5.00 4.20
4.40 2.80
2.20 5.00
4.00 2.20
7.40 7.00
5.00 3.20
4.40 8.40
3.80 8.00
4.80 8.00
5.60 9.40
7.00 2.80
6.20 3.40
9.00 2.40
9.60 9.40
7.20 7.40
2.20 8.00
10.00 3.40
5.20 7.20
7.40 2.00
8.40 4.60
8.20 9.40
4.00 9.60
8.20 7.00
7.00 8.80
7.60 9.80
9.80 9.00
8.80 5.80
6.00 6.40
9.00 4.20
10.00 4.20
10.00 2.00
5.60 9.40
5.80 8.20
4.20 2.40
9.60 2.40
4.60 3.00
2.80 2.60
5.60 9.20
6.80 10.00
7.20 3.40
6.60 6.40
5.80 7.80
7.80 8.40
9.00 7.60
5.40 3.00
3.60 8.80
7.20 7.20
5.80 3.60
2.40 8.00
4.20 6.60
5.00 3.00
4.20 4.20
5.60 4.00
8.80 6.00
5.80 2.60
2.00 2.40
5.80 4.60
7.60 6.40
4.20 3.00
8.40 6.20
2.20 5.60
5.20 5.80
4.60 7.40
8.80 5.60
5.60 2.60
6.40 2.40
6.60 7.60
5.40 8.40
10.00 10.00
3.00 9.80
2.60 2.20
7.00 9.00
