# nJobs | nMachines
100 2
# Job Weights
96
8
62
35
17
27
47
17
68
89
48
40
62
15
36
32
81
68
13
97
50
47
98
80
51
73
36
4
13
60
49
68
92
20
56
73
9
67
48
77
84
15
13
41
19
6
37
68
91
34
57
96
45
62
62
10
82
86
15
8
25
16
75
11
75
83
90
68
1
32
36
90
49
3
10
94
73
62
49
98
74
38
77
79
9
74
96
95
61
19
63
87
96
35
53
1
79
89
74
18
# P_bar : m1 | m2
22 45
29 17
48 44
45 44
25 44
26 47
45 37
48 42
18 30
25 46
14 46
43 12
18 49
19 11
37 25
27 21
10 37
26 30
27 29
41 10
10 49
25 30
36 28
46 50
50 17
18 43
38 25
46 36
42 30
13 40
44 42
17 42
22 21
15 45
17 46
44 23
20 17
25 24
37 24
10 14
32 41
38 48
22 46
29 50
23 43
48 24
28 20
28 48
27 18
21 39
20 11
24 21
45 29
33 17
15 49
40 12
25 49
43 28
33 45
28 37
21 35
46 46
42 23
42 17
17 26
21 12
42 45
42 31
14 21
48 20
23 42
43 49
32 49
26 20
14 37
10 25
38 13
42 50
13 28
12 18
44 20
21 36
47 16
10 46
42 28
19 36
29 20
21 10
34 21
50 46
32 33
34 12
16 38
22 49
35 10
27 43
19 29
20 42
43 37
14 23
# P_hat : m1 | m2
3.33 103.86
14.27 15.04
189.38 47.37
56.74 141.35
11.53 7.77
11.13 186.51
129.50 19.29
164.08 133.74
18.50 47.37
2.09 90.57
12.49 162.04
9.72 19.82
7.44 105.35
32.79 2.17
34.03 0.23
55.72 20.56
10.14 100.73
97.82 14.55
97.84 13.20
92.96 16.44
14.18 126.98
38.11 85.45
59.31 19.99
133.87 15.92
90.33 63.95
61.68 44.83
143.50 85.33
61.81 124.34
94.20 92.70
4.94 27.01
35.28 138.06
28.12 129.23
18.15 50.12
52.59 60.70
10.76 48.30
80.20 11.21
48.46 34.66
69.19 56.19
56.69 34.50
34.76 26.62
72.74 59.62
66.81 123.07
5.92 165.83
53.90 32.78
75.51 65.60
117.99 13.52
93.20 50.00
55.33 139.94
12.79 67.10
1.15 43.50
24.26 41.81
67.01 5.31
142.25 69.95
39.04 3.89
29.74 175.18
67.38 25.43
41.05 131.19
39.79 93.14
18.00 27.06
22.03 5.71
4.65 123.04
36.46 57.95
1.55 11.87
105.38 31.86
21.51 62.22
81.74 1.49
32.54 49.48
58.10 4.07
20.04 35.31
1.62 71.61
77.21 165.09
5.50 124.86
120.34 31.68
92.78 72.47
29.99 76.40
21.74 15.37
99.37 47.93
65.02 151.49
33.66 81.95
2.15 51.06
9.51 16.03
38.41 30.38
103.33 44.05
35.51 40.43
17.58 49.13
62.52 112.61
24.37 62.72
33.10 18.13
43.06 66.54
80.03 154.31
19.26 86.43
68.49 10.96
51.31 41.65
38.85 61.71
68.69 4.67
91.67 46.98
53.66 24.30
39.24 76.50
44.32 134.45
49.56 9.61
