# nJobs | nMachines
100 2
# Job Weights
30
30
29
77
74
59
45
37
28
100
7
43
100
69
56
98
62
22
96
53
84
95
13
60
7
97
79
36
24
6
76
60
7
68
51
29
1
93
93
69
15
13
69
43
92
38
26
90
70
45
56
97
74
39
96
5
95
94
73
11
36
11
62
1
40
63
4
82
21
45
1
58
96
44
16
42
11
40
22
1
93
98
65
84
23
99
2
71
45
21
1
49
58
32
58
25
73
87
14
70
# P_bar : m1 | m2
25 22
37 48
50 15
15 23
48 35
12 28
15 12
38 12
37 22
49 22
46 47
21 10
23 29
41 45
31 47
24 23
27 50
27 45
39 49
49 35
10 30
11 46
27 36
42 36
19 21
26 26
26 39
27 37
21 37
46 27
27 31
36 32
24 13
19 47
16 36
44 18
41 35
34 37
23 29
38 14
21 27
39 43
15 24
41 47
21 35
19 16
34 17
28 14
28 38
47 47
13 44
45 16
22 43
25 14
14 16
46 17
46 34
35 38
48 30
29 22
39 24
41 20
39 48
48 44
38 25
13 22
27 19
23 37
22 27
44 18
50 16
17 38
42 10
33 42
38 38
13 37
30 26
24 30
34 39
31 35
29 15
13 17
11 23
48 12
48 13
15 36
20 46
38 39
15 24
46 34
23 30
23 47
14 36
32 25
11 25
48 33
41 21
15 24
45 34
32 45
# P_hat : m1 | m2
8.45 23.43
20.62 4.98
17.70 10.10
2.66 6.18
11.58 4.44
11.06 55.44
6.19 7.74
27.68 19.44
37.25 11.20
67.66 29.99
3.62 71.46
33.58 11.91
28.88 27.35
6.70 37.07
54.16 32.79
44.20 42.76
3.30 83.06
14.95 86.85
62.88 12.18
73.33 51.16
3.69 56.30
4.61 16.67
20.01 4.79
40.70 53.36
23.49 24.13
19.18 43.78
24.05 10.90
40.36 58.85
1.54 14.92
23.22 8.84
38.52 10.18
64.45 52.13
24.56 17.30
20.22 49.17
3.43 25.84
39.37 31.58
43.67 27.47
16.49 60.43
12.39 25.47
28.67 10.55
0.84 24.98
25.12 25.92
6.34 35.89
26.85 47.26
5.03 16.25
33.84 28.79
40.36 13.05
38.03 15.22
44.19 68.89
46.85 58.68
2.26 10.29
48.34 30.07
25.82 53.98
37.27 9.38
12.09 4.46
11.74 27.00
26.11 42.16
25.42 40.54
62.01 53.63
33.11 34.70
27.78 7.28
80.89 12.47
47.25 23.85
22.77 65.47
7.74 1.68
3.97 25.08
13.28 28.97
7.39 64.88
8.21 18.47
25.09 29.57
17.34 3.54
30.49 64.33
6.74 2.55
34.62 33.37
31.19 60.59
25.54 11.09
6.72 11.92
19.10 43.34
65.92 56.16
53.66 44.88
47.39 20.82
6.71 18.45
3.76 11.58
64.19 8.30
89.22 4.72
16.70 65.41
22.86 53.67
21.28 31.27
23.08 22.18
17.21 64.42
14.89 9.20
19.57 55.11
14.21 36.42
15.51 30.57
2.53 0.91
58.62 57.56
23.67 39.15
17.44 27.13
13.89 47.37
30.79 83.02
