# nJobs | nMachines
100 2
# Job Weights
99
80
49
88
39
98
68
2
45
40
25
16
22
63
66
17
5
67
31
55
88
3
18
100
20
99
70
59
81
6
33
44
61
21
37
67
27
85
27
63
2
51
14
98
19
59
86
1
93
4
99
17
35
58
93
74
81
40
71
9
14
74
75
42
71
100
92
67
27
24
27
81
97
32
82
4
69
55
99
47
69
45
24
16
22
76
33
53
96
49
39
96
81
39
90
82
38
79
43
61
# P_bar : m1 | m2
16 17
21 11
20 41
23 46
16 44
50 24
14 11
43 49
17 41
16 24
12 29
34 17
32 39
12 50
21 43
34 48
21 34
29 17
12 41
19 44
12 23
27 48
39 45
14 31
23 38
21 28
44 11
26 42
35 26
46 32
35 35
35 31
42 20
46 50
18 11
30 17
36 28
10 15
22 22
46 47
25 45
37 35
44 43
45 27
31 44
34 16
41 14
47 16
36 31
34 26
49 48
23 28
25 10
26 18
23 21
32 15
33 46
44 35
46 35
45 40
31 32
40 25
18 18
11 27
22 19
28 12
39 40
18 28
20 23
12 13
20 36
41 23
36 40
10 50
44 14
31 33
24 33
36 29
27 39
43 12
42 32
15 22
41 32
48 12
42 12
18 24
32 16
33 44
45 44
19 41
33 49
21 47
23 19
28 26
47 24
25 50
36 13
12 11
32 29
34 24
# P_hat : m1 | m2
4.52 20.79
23.98 14.93
7.41 26.04
12.82 78.03
7.00 83.35
18.28 42.47
23.12 16.26
24.57 27.19
31.52 23.09
31.04 46.24
13.71 0.60
9.72 24.35
23.97 55.09
19.15 62.27
15.43 85.15
5.92 29.94
23.38 23.12
49.02 2.68
19.10 36.31
6.65 22.97
16.15 15.80
11.91 80.12
17.02 84.19
24.47 11.52
11.48 28.31
11.06 52.00
0.06 1.36
45.27 7.76
55.48 8.47
57.71 38.09
52.52 10.53
10.64 60.02
38.50 17.87
32.31 50.15
3.38 5.43
29.17 16.01
66.29 37.07
0.80 22.54
12.82 33.17
19.09 54.32
11.91 81.39
67.22 57.22
41.19 65.11
41.97 3.00
47.16 0.61
10.51 6.80
39.96 18.58
40.42 13.16
42.98 24.95
67.97 46.00
75.41 85.97
18.30 50.91
41.38 6.28
8.88 24.88
1.40 11.41
13.08 5.72
22.47 16.99
44.93 23.95
56.59 30.10
81.95 66.48
31.61 7.67
40.10 36.75
1.81 19.13
0.77 15.55
24.25 18.73
24.54 7.20
65.46 47.69
5.78 24.30
1.00 7.56
10.78 3.03
9.50 39.36
4.07 41.51
52.17 27.52
2.23 73.30
53.53 18.44
17.43 61.48
8.33 54.18
27.34 32.86
43.28 51.25
33.72 21.56
63.06 25.57
3.76 14.38
63.37 0.69
22.75 19.84
56.90 19.22
20.37 5.01
59.47 18.46
25.56 40.83
5.95 10.45
0.73 80.41
54.57 21.04
22.04 6.32
35.66 22.60
13.13 38.42
32.44 1.56
1.51 65.87
69.23 13.84
16.03 2.27
59.73 10.01
18.05 27.26
