# nJobs | nMachines
100 2
# Job Weights
96
8
62
35
17
27
47
17
68
89
48
40
62
15
36
32
81
68
13
97
50
47
98
80
51
73
36
4
13
60
49
68
92
20
56
73
9
67
48
77
84
15
13
41
19
6
37
68
91
34
57
96
45
62
62
10
82
86
15
8
25
16
75
11
75
83
90
68
1
32
36
90
49
3
10
94
73
62
49
98
74
38
77
79
9
74
96
95
61
19
63
87
96
35
53
1
79
89
74
18
# P_bar : m1 | m2
22 45
29 17
48 44
45 44
25 44
26 47
45 37
48 42
18 30
25 46
14 46
43 12
18 49
19 11
37 25
27 21
10 37
26 30
27 29
41 10
10 49
25 30
36 28
46 50
50 17
18 43
38 25
46 36
42 30
13 40
44 42
17 42
22 21
15 45
17 46
44 23
20 17
25 24
37 24
10 14
32 41
38 48
22 46
29 50
23 43
48 24
28 20
28 48
27 18
21 39
20 11
24 21
45 29
33 17
15 49
40 12
25 49
43 28
33 45
28 37
21 35
46 46
42 23
42 17
17 26
21 12
42 45
42 31
14 21
48 20
23 42
43 49
32 49
26 20
14 37
10 25
38 13
42 50
13 28
12 18
44 20
21 36
47 16
10 46
42 28
19 36
29 20
21 10
34 21
50 46
32 33
34 12
16 38
22 49
35 10
27 43
19 29
20 42
43 37
14 23
# P_hat : m1 | m2
0.26 0.12
1.62 1.03
11.97 12.66
10.35 8.10
2.63 3.45
2.94 0.94
7.20 0.31
0.00 3.08
1.30 7.93
1.56 5.74
1.05 9.94
10.40 3.31
1.51 6.00
1.09 0.63
5.60 3.88
7.01 5.72
0.72 8.93
0.61 0.59
2.89 6.03
9.20 1.72
1.65 13.34
6.13 1.10
10.36 4.49
10.94 13.19
9.06 2.09
2.66 6.22
0.46 0.53
13.58 3.00
4.83 2.92
0.59 11.34
8.80 3.56
1.45 5.81
3.87 4.23
2.64 2.19
2.27 6.71
11.04 5.10
1.59 4.42
3.36 4.51
5.97 4.82
1.99 0.53
7.53 11.63
4.50 1.91
4.26 10.69
1.31 3.97
6.44 12.04
5.52 5.18
6.13 4.52
0.17 3.15
1.66 2.39
3.07 7.23
5.27 2.54
3.80 0.65
12.55 8.37
4.79 4.54
2.21 3.97
1.44 2.96
6.02 7.62
3.19 3.88
8.91 4.24
7.65 6.45
5.94 7.66
7.18 5.67
8.53 4.34
9.81 3.57
0.67 5.55
3.79 0.19
0.43 11.61
6.27 4.26
0.65 1.65
2.63 1.45
2.52 6.09
5.58 13.04
5.98 5.56
0.58 4.50
2.12 1.07
0.55 3.57
6.54 3.87
8.03 11.56
2.17 1.77
2.66 2.71
4.43 1.40
4.82 4.42
6.10 3.74
1.45 10.64
8.17 1.92
0.10 9.96
5.69 3.56
3.90 1.14
3.16 3.16
1.29 8.35
0.87 5.54
9.42 1.75
3.31 5.76
0.84 2.59
3.75 2.44
4.80 6.99
4.76 1.14
0.26 9.65
3.05 10.35
3.74 6.54
