# nJobs | nMachines
100 2
# Job Weights
53
94
66
84
100
11
58
13
91
76
42
56
90
73
27
95
16
98
85
77
97
32
38
78
59
31
35
59
6
9
75
100
15
24
22
42
83
36
41
10
71
76
80
57
34
51
51
89
4
51
97
16
42
97
100
96
50
59
44
53
45
77
23
95
37
63
78
83
49
28
47
31
55
95
73
35
39
1
6
73
40
21
34
47
1
61
80
75
43
47
35
38
81
7
58
17
27
59
40
67
# P_bar : m1 | m2
36 36
44 37
42 30
37 25
39 21
33 10
33 12
33 18
45 35
35 44
11 40
35 37
47 20
41 48
46 17
41 20
27 44
20 14
31 50
41 20
49 10
48 20
32 26
47 24
36 50
41 21
16 41
12 40
41 33
18 31
11 23
38 43
27 14
50 41
50 10
15 37
32 44
42 10
47 32
44 47
40 44
17 38
46 22
48 31
31 44
36 41
22 42
39 48
28 25
36 13
17 42
25 10
31 43
12 40
34 11
47 28
39 41
25 45
20 32
50 10
32 23
25 49
13 35
10 20
43 46
36 14
16 28
27 45
29 28
29 33
31 24
50 37
36 40
36 15
22 32
19 23
37 42
31 11
43 38
12 32
26 24
15 33
50 50
27 47
31 38
31 20
36 44
16 28
16 16
11 33
15 21
11 41
20 24
49 34
50 46
36 41
32 46
13 45
42 24
44 11
# P_hat : m1 | m2
24.63 7.24
38.83 2.96
8.55 14.23
32.31 0.25
2.33 1.78
29.32 8.08
10.86 9.26
10.38 16.47
23.04 29.91
32.92 30.06
0.53 2.09
12.33 28.97
40.26 16.91
16.24 38.36
9.16 8.64
17.42 4.66
10.41 37.19
18.31 10.18
23.62 49.04
20.71 3.11
48.43 2.26
22.33 4.24
1.86 20.61
12.33 4.49
15.70 3.33
6.43 20.97
15.16 1.02
9.20 33.41
11.00 12.06
10.63 26.09
7.94 12.76
35.77 38.77
23.80 12.97
25.76 0.37
38.73 0.75
8.43 9.26
17.69 29.45
4.82 8.88
5.93 14.72
23.30 28.53
10.75 8.29
0.36 30.59
33.25 21.28
1.56 8.33
18.45 21.77
19.41 3.53
21.31 23.48
18.88 24.13
1.78 3.61
19.86 5.75
14.30 14.03
24.92 5.22
13.34 25.18
3.84 0.34
30.83 8.37
8.99 19.96
24.00 15.02
10.14 2.38
0.82 24.16
17.36 9.55
8.49 5.52
17.15 15.85
12.33 6.43
2.68 11.54
34.89 7.12
1.99 4.99
8.61 19.52
1.90 25.21
27.09 10.82
22.22 13.87
20.40 13.49
41.19 0.22
23.31 3.14
34.88 13.22
15.71 2.49
17.57 16.26
19.13 38.64
3.63 2.98
22.71 14.08
1.52 18.21
15.40 21.16
7.24 31.08
31.13 36.98
0.27 4.07
6.04 25.43
15.23 8.21
34.22 20.71
6.14 1.38
6.79 3.06
7.86 26.09
9.06 9.53
3.29 12.37
8.22 9.22
10.67 29.05
48.30 34.45
4.70 11.16
11.90 5.41
0.34 11.34
9.31 22.10
34.34 6.40
