# nJobs | nMachines
100 2
# Job Weights
30
30
29
77
74
59
45
37
28
100
7
43
100
69
56
98
62
22
96
53
84
95
13
60
7
97
79
36
24
6
76
60
7
68
51
29
1
93
93
69
15
13
69
43
92
38
26
90
70
45
56
97
74
39
96
5
95
94
73
11
36
11
62
1
40
63
4
82
21
45
1
58
96
44
16
42
11
40
22
1
93
98
65
84
23
99
2
71
45
21
1
49
58
32
58
25
73
87
14
70
# P_bar : m1 | m2
25 22
37 48
50 15
15 23
48 35
12 28
15 12
38 12
37 22
49 22
46 47
21 10
23 29
41 45
31 47
24 23
27 50
27 45
39 49
49 35
10 30
11 46
27 36
42 36
19 21
26 26
26 39
27 37
21 37
46 27
27 31
36 32
24 13
19 47
16 36
44 18
41 35
34 37
23 29
38 14
21 27
39 43
15 24
41 47
21 35
19 16
34 17
28 14
28 38
47 47
13 44
45 16
22 43
25 14
14 16
46 17
46 34
35 38
48 30
29 22
39 24
41 20
39 48
48 44
38 25
13 22
27 19
23 37
22 27
44 18
50 16
17 38
42 10
33 42
38 38
13 37
30 26
24 30
34 39
31 35
29 15
13 17
11 23
48 12
48 13
15 36
20 46
38 39
15 24
46 34
23 30
23 47
14 36
32 25
11 25
48 33
41 21
15 24
45 34
32 45
# P_hat : m1 | m2
10.00 8.80
14.80 19.20
20.00 6.00
6.00 9.20
19.20 14.00
4.80 11.20
6.00 4.80
15.20 4.80
14.80 8.80
19.60 8.80
18.40 18.80
8.40 4.00
9.20 11.60
16.40 18.00
12.40 18.80
9.60 9.20
10.80 20.00
10.80 18.00
15.60 19.60
19.60 14.00
4.00 12.00
4.40 18.40
10.80 14.40
16.80 14.40
7.60 8.40
10.40 10.40
10.40 15.60
10.80 14.80
8.40 14.80
18.40 10.80
10.80 12.40
14.40 12.80
9.60 5.20
7.60 18.80
6.40 14.40
17.60 7.20
16.40 14.00
13.60 14.80
9.20 11.60
15.20 5.60
8.40 10.80
15.60 17.20
6.00 9.60
16.40 18.80
8.40 14.00
7.60 6.40
13.60 6.80
11.20 5.60
11.20 15.20
18.80 18.80
5.20 17.60
18.00 6.40
8.80 17.20
10.00 5.60
5.60 6.40
18.40 6.80
18.40 13.60
14.00 15.20
19.20 12.00
11.60 8.80
15.60 9.60
16.40 8.00
15.60 19.20
19.20 17.60
15.20 10.00
5.20 8.80
10.80 7.60
9.20 14.80
8.80 10.80
17.60 7.20
20.00 6.40
6.80 15.20
16.80 4.00
13.20 16.80
15.20 15.20
5.20 14.80
12.00 10.40
9.60 12.00
13.60 15.60
12.40 14.00
11.60 6.00
5.20 6.80
4.40 9.20
19.20 4.80
19.20 5.20
6.00 14.40
8.00 18.40
15.20 15.60
6.00 9.60
18.40 13.60
9.20 12.00
9.20 18.80
5.60 14.40
12.80 10.00
4.40 10.00
19.20 13.20
16.40 8.40
6.00 9.60
18.00 13.60
12.80 18.00
