# nJobs | nMachines
100 2
# Job Weights
95
9
36
92
70
12
64
29
80
4
7
71
4
30
32
60
14
78
80
68
15
80
54
2
79
10
95
57
49
13
24
18
26
32
75
37
27
70
95
5
49
16
3
63
14
73
92
41
70
43
30
40
64
62
81
47
53
98
53
1
86
53
89
99
42
26
88
77
51
49
29
75
76
2
53
74
16
84
43
46
96
92
5
76
42
46
52
74
13
74
100
70
97
43
17
41
75
10
86
26
# P_bar : m1 | m2
20 18
10 47
48 37
24 34
35 47
49 30
36 41
49 40
42 27
44 43
41 21
23 49
39 21
48 31
39 50
26 50
25 17
32 28
11 21
37 20
19 18
28 49
13 21
13 35
17 35
35 17
44 28
28 40
18 19
46 31
43 36
35 15
31 28
49 15
15 17
11 38
35 49
25 41
35 16
21 13
31 10
34 22
19 33
42 29
14 21
26 14
27 14
36 18
37 28
16 36
35 28
34 41
28 25
27 12
11 19
15 35
30 42
33 17
25 36
35 33
25 45
32 20
43 39
39 43
19 13
40 18
49 11
41 29
49 50
12 36
17 24
29 47
24 30
13 25
40 34
30 35
30 39
18 34
23 38
23 38
20 33
17 41
35 40
20 50
46 44
34 10
45 17
29 42
44 15
28 16
41 19
20 25
29 13
11 28
24 18
20 41
18 34
38 48
13 25
10 35
# P_hat : m1 | m2
9.98 7.64
9.32 14.54
28.00 10.38
12.92 33.06
15.91 7.21
10.26 22.00
0.13 0.02
11.83 23.85
21.41 24.73
16.72 12.38
18.39 3.90
22.55 31.93
13.66 14.96
21.70 21.33
5.21 15.97
1.25 12.61
19.39 16.25
18.26 25.85
8.37 9.60
5.54 16.92
10.86 8.14
7.10 20.80
2.96 3.29
0.15 14.92
2.22 18.81
10.82 0.38
5.14 12.44
27.60 31.25
5.56 12.92
5.99 19.69
8.56 32.74
20.57 0.27
1.99 15.60
42.26 11.81
14.42 9.20
2.71 12.31
15.75 6.68
0.55 36.39
22.42 7.53
8.69 11.42
8.37 5.86
7.03 14.83
12.43 26.54
17.48 19.12
2.52 8.36
17.92 7.19
15.26 11.24
30.91 6.73
4.35 10.87
12.57 3.44
23.57 25.61
3.91 3.73
19.45 16.21
11.92 4.96
10.39 7.71
2.12 23.78
19.29 2.82
12.61 10.09
23.92 27.79
11.55 27.33
24.05 7.67
28.85 17.95
11.63 25.59
31.34 37.92
18.92 6.31
10.11 9.76
21.40 10.11
21.33 26.10
14.45 22.41
0.18 9.88
3.74 9.44
8.18 18.22
10.65 8.61
2.22 6.71
34.93 29.28
21.15 2.45
2.56 26.43
11.70 5.88
15.03 13.09
21.99 2.34
0.06 8.91
4.21 31.51
32.47 35.40
18.64 11.08
33.15 20.40
26.04 4.70
4.12 14.85
14.90 32.04
10.19 7.70
5.07 10.73
33.22 16.10
2.70 0.24
13.59 5.24
10.32 25.40
4.46 13.33
19.56 22.26
17.90 18.01
21.11 16.69
2.21 13.01
3.16 22.94
