# nJobs | nMachines
100 2
# Job Weights
13
29
41
44
2
49
96
90
54
77
30
84
64
7
43
61
17
19
40
55
22
81
1
28
69
39
68
28
34
47
90
53
63
38
93
50
26
13
89
9
73
80
39
19
46
28
15
47
67
34
90
91
42
63
93
1
32
27
84
90
37
35
98
70
61
38
72
96
44
89
74
17
76
5
91
52
58
93
42
48
14
24
15
2
66
51
58
48
30
29
95
1
85
73
28
49
96
86
96
80
# P_bar : m1 | m2
28 24
49 27
12 46
25 29
37 16
42 16
22 36
28 11
22 30
14 49
50 42
17 34
12 40
41 49
19 19
23 43
22 35
24 27
32 41
27 14
45 32
46 25
40 26
13 34
10 39
39 46
10 16
34 41
34 41
33 12
13 29
25 39
21 10
37 36
33 28
39 10
44 24
12 14
23 27
37 18
43 47
48 32
12 29
46 50
46 12
16 15
47 17
44 46
46 21
50 12
26 29
46 40
26 33
39 26
19 35
40 33
48 29
39 23
26 20
43 22
50 39
24 11
24 39
47 12
17 32
15 25
21 22
41 47
44 32
11 50
33 41
14 28
19 20
44 17
22 47
25 49
26 24
39 22
12 24
10 14
40 24
42 45
30 22
31 23
49 10
49 17
30 34
44 44
10 30
43 40
14 41
45 23
20 47
34 15
39 20
47 13
36 35
24 31
25 40
32 49
# P_hat : m1 | m2
9.54 19.86
3.51 20.64
4.92 26.38
7.78 27.73
25.05 3.21
25.44 1.75
8.02 30.74
6.10 4.83
21.74 25.41
6.36 43.76
34.41 2.62
2.39 30.04
5.83 17.93
1.13 25.01
9.60 11.91
22.17 39.83
8.45 0.67
0.94 12.87
0.99 28.20
10.48 10.12
7.20 22.16
1.07 3.36
30.25 7.78
5.96 12.20
2.89 31.37
35.10 12.82
1.16 3.37
32.50 39.26
10.67 0.36
29.32 11.97
7.84 19.63
20.67 32.31
20.66 2.95
10.67 0.52
31.72 20.66
15.19 8.34
16.96 17.77
4.08 2.00
12.45 20.34
5.70 13.84
23.81 30.95
26.00 24.52
9.14 24.53
38.35 30.68
20.26 1.06
4.84 7.31
12.19 1.32
8.56 18.75
2.65 8.55
17.12 0.79
7.03 10.12
44.46 4.44
14.50 26.67
13.54 24.64
11.03 2.53
5.57 31.52
21.31 15.15
24.42 6.89
12.71 1.54
17.28 11.01
49.69 30.99
21.13 7.78
14.96 1.96
26.76 0.87
10.55 12.89
3.02 7.38
8.30 5.11
1.62 13.21
20.92 25.71
5.97 46.46
7.52 16.61
13.50 25.37
17.28 6.43
31.77 8.10
11.73 10.62
21.75 31.38
3.40 23.50
30.83 13.28
1.50 8.59
7.94 9.07
11.03 2.95
36.84 39.99
28.32 11.07
4.61 10.34
22.67 5.86
48.07 10.62
14.50 2.44
38.00 30.04
5.89 7.26
16.14 28.56
4.00 33.72
9.15 18.49
15.24 25.97
13.14 7.80
19.94 2.86
23.14 10.08
20.78 9.50
20.77 15.40
24.52 11.37
13.04 6.56
