# nJobs | nMachines
100 2
# Job Weights
4
21
92
80
22
11
53
66
55
94
34
25
93
10
89
60
12
64
58
57
27
76
91
84
34
73
73
28
26
23
89
44
65
18
30
8
58
48
27
88
93
100
7
28
93
84
10
9
26
33
16
45
55
15
42
63
96
70
37
89
55
9
54
98
4
19
21
78
59
84
14
90
63
24
32
31
37
84
38
37
31
4
60
92
67
47
80
43
86
89
60
58
7
8
8
87
63
34
85
80
# P_bar : m1 | m2
31 23
11 21
50 24
32 20
19 11
43 27
50 19
10 39
46 33
28 40
20 23
33 14
17 21
22 47
46 33
23 45
37 19
17 18
29 24
26 28
25 11
11 41
48 18
17 39
42 16
38 14
29 11
35 47
41 12
41 34
33 48
38 24
37 42
38 20
19 36
50 36
35 21
43 25
18 39
26 33
43 21
40 42
28 17
10 33
12 45
37 33
40 46
49 46
27 35
48 30
20 32
34 23
44 26
35 17
25 17
38 37
13 41
26 39
39 33
37 34
40 10
24 10
11 45
19 25
22 41
12 38
32 20
42 14
27 26
36 38
15 48
19 32
20 44
17 29
40 45
41 39
49 16
48 43
13 16
46 49
21 35
10 19
16 49
24 39
25 37
48 14
13 18
33 45
33 16
27 21
14 37
42 41
28 28
23 30
34 47
33 47
43 13
32 18
15 38
28 14
# P_hat : m1 | m2
1.19 35.91
16.99 9.03
17.09 34.35
2.81 32.00
24.84 7.61
66.56 9.32
81.38 0.10
9.87 35.17
18.89 23.26
41.28 44.39
27.99 8.65
16.25 24.07
30.72 10.83
4.59 21.28
90.41 31.73
39.57 44.90
50.90 8.17
31.92 9.79
41.89 8.15
9.90 40.23
22.11 16.94
1.57 37.91
37.41 25.71
25.21 57.40
32.46 4.42
25.10 27.05
34.53 18.06
61.05 19.22
3.90 4.47
31.61 8.54
10.44 13.28
52.85 35.91
7.82 39.45
50.53 31.32
10.87 53.73
19.89 43.53
65.54 28.83
1.59 0.92
15.76 24.32
1.12 42.10
41.59 0.39
40.08 2.77
18.01 28.96
2.64 45.15
9.03 23.88
49.75 45.41
62.59 72.91
52.01 28.23
31.85 2.52
19.26 55.97
11.49 22.09
11.01 4.90
21.94 25.58
15.74 26.13
25.97 7.54
42.76 19.94
24.57 19.90
10.17 77.35
50.05 13.03
60.48 39.14
44.82 18.51
12.24 2.94
5.78 87.38
1.49 47.37
13.44 72.53
17.87 16.31
3.04 25.36
18.42 21.30
38.14 51.27
56.35 13.71
13.66 73.54
26.53 21.68
15.52 15.46
5.44 24.44
31.85 71.45
47.56 36.26
92.91 17.20
6.60 85.58
13.19 12.77
30.26 60.31
21.35 25.57
0.48 14.93
10.02 68.17
39.35 73.16
27.70 40.13
43.26 21.52
7.42 3.21
19.67 19.00
25.28 16.07
45.12 0.84
27.08 18.71
36.85 42.43
22.03 0.84
38.94 15.87
29.03 48.32
36.43 53.88
19.86 24.07
47.58 23.23
15.96 31.52
45.31 26.05
