# nJobs | nMachines
100 2
# Job Weights
58
41
68
36
56
77
62
91
2
89
13
100
21
82
75
97
70
93
66
47
27
87
84
44
40
5
61
49
69
14
39
52
86
74
2
91
78
75
94
65
59
75
58
75
41
5
98
30
50
48
4
2
57
20
24
98
13
56
43
64
50
51
99
91
38
86
44
97
7
94
12
29
49
90
31
93
36
9
88
20
59
47
30
96
82
57
88
1
9
12
3
51
72
17
21
71
73
26
73
48
# P_bar : m1 | m2
48 46
20 39
19 34
39 25
37 37
32 17
42 20
21 15
30 23
40 12
44 37
17 49
11 34
14 19
45 26
25 40
32 24
50 26
20 32
48 11
36 29
28 22
12 22
22 33
18 19
12 23
46 19
32 17
24 20
41 46
13 48
46 31
32 24
44 22
40 42
20 16
44 34
17 25
15 45
49 35
20 25
29 36
13 35
33 43
19 45
34 13
30 28
45 17
20 19
16 39
13 26
46 26
35 25
15 29
14 10
17 44
21 23
36 13
24 23
14 32
42 26
46 18
18 48
22 44
31 38
10 33
38 20
22 32
42 28
29 23
50 42
15 49
23 10
15 27
36 40
21 21
35 20
38 22
20 27
33 42
39 44
23 28
13 18
20 33
41 48
17 22
48 15
21 44
12 38
16 13
49 14
30 12
47 18
47 14
42 41
19 31
40 18
41 35
41 50
44 33
# P_hat : m1 | m2
14.40 13.80
6.00 11.70
5.70 10.20
11.70 7.50
11.10 11.10
9.60 5.10
12.60 6.00
6.30 4.50
9.00 6.90
12.00 3.60
13.20 11.10
5.10 14.70
3.30 10.20
4.20 5.70
13.50 7.80
7.50 12.00
9.60 7.20
15.00 7.80
6.00 9.60
14.40 3.30
10.80 8.70
8.40 6.60
3.60 6.60
6.60 9.90
5.40 5.70
3.60 6.90
13.80 5.70
9.60 5.10
7.20 6.00
12.30 13.80
3.90 14.40
13.80 9.30
9.60 7.20
13.20 6.60
12.00 12.60
6.00 4.80
13.20 10.20
5.10 7.50
4.50 13.50
14.70 10.50
6.00 7.50
8.70 10.80
3.90 10.50
9.90 12.90
5.70 13.50
10.20 3.90
9.00 8.40
13.50 5.10
6.00 5.70
4.80 11.70
3.90 7.80
13.80 7.80
10.50 7.50
4.50 8.70
4.20 3.00
5.10 13.20
6.30 6.90
10.80 3.90
7.20 6.90
4.20 9.60
12.60 7.80
13.80 5.40
5.40 14.40
6.60 13.20
9.30 11.40
3.00 9.90
11.40 6.00
6.60 9.60
12.60 8.40
8.70 6.90
15.00 12.60
4.50 14.70
6.90 3.00
4.50 8.10
10.80 12.00
6.30 6.30
10.50 6.00
11.40 6.60
6.00 8.10
9.90 12.60
11.70 13.20
6.90 8.40
3.90 5.40
6.00 9.90
12.30 14.40
5.10 6.60
14.40 4.50
6.30 13.20
3.60 11.40
4.80 3.90
14.70 4.20
9.00 3.60
14.10 5.40
14.10 4.20
12.60 12.30
5.70 9.30
12.00 5.40
12.30 10.50
12.30 15.00
13.20 9.90
