# nJobs | nMachines
100 2
# Job Weights
58
41
68
36
56
77
62
91
2
89
13
100
21
82
75
97
70
93
66
47
27
87
84
44
40
5
61
49
69
14
39
52
86
74
2
91
78
75
94
65
59
75
58
75
41
5
98
30
50
48
4
2
57
20
24
98
13
56
43
64
50
51
99
91
38
86
44
97
7
94
12
29
49
90
31
93
36
9
88
20
59
47
30
96
82
57
88
1
9
12
3
51
72
17
21
71
73
26
73
48
# P_bar : m1 | m2
48 46
20 39
19 34
39 25
37 37
32 17
42 20
21 15
30 23
40 12
44 37
17 49
11 34
14 19
45 26
25 40
32 24
50 26
20 32
48 11
36 29
28 22
12 22
22 33
18 19
12 23
46 19
32 17
24 20
41 46
13 48
46 31
32 24
44 22
40 42
20 16
44 34
17 25
15 45
49 35
20 25
29 36
13 35
33 43
19 45
34 13
30 28
45 17
20 19
16 39
13 26
46 26
35 25
15 29
14 10
17 44
21 23
36 13
24 23
14 32
42 26
46 18
18 48
22 44
31 38
10 33
38 20
22 32
42 28
29 23
50 42
15 49
23 10
15 27
36 40
21 21
35 20
38 22
20 27
33 42
39 44
23 28
13 18
20 33
41 48
17 22
48 15
21 44
12 38
16 13
49 14
30 12
47 18
47 14
42 41
19 31
40 18
41 35
41 50
44 33
# P_hat : m1 | m2
8.02 23.88
3.35 18.69
0.70 0.87
28.72 8.53
24.56 14.07
15.19 6.78
35.46 11.60
16.92 8.00
17.56 13.98
34.73 9.18
9.06 30.08
1.90 35.19
2.97 32.49
0.80 0.35
23.90 5.09
23.42 0.30
1.26 15.54
6.11 23.35
9.04 7.79
44.83 10.20
11.38 1.75
14.20 20.56
0.50 7.74
3.26 3.35
17.76 9.23
11.58 5.91
0.23 5.41
30.46 5.22
15.34 16.06
35.58 24.80
5.91 14.94
23.72 18.92
15.64 17.19
29.34 6.00
5.59 17.37
0.60 1.95
13.55 6.16
11.98 17.03
3.03 8.16
33.00 18.38
19.40 17.73
2.72 3.85
8.74 19.86
14.64 11.03
16.49 43.33
6.02 6.29
20.78 22.57
37.72 9.35
18.89 0.82
10.93 24.69
6.46 24.74
28.42 15.64
30.41 20.48
8.56 25.64
0.43 2.28
15.83 9.33
14.48 14.05
24.35 5.34
5.18 19.32
9.22 28.80
16.54 9.19
29.96 4.26
1.92 37.47
14.47 12.09
30.98 31.26
0.48 13.98
37.13 13.35
8.95 3.06
36.57 17.47
22.69 10.39
28.35 24.64
11.08 8.23
20.21 7.37
6.06 23.30
11.77 8.67
14.02 2.01
28.27 0.47
28.97 14.12
15.96 16.39
14.37 22.96
31.90 10.21
2.76 10.95
7.08 10.70
0.12 16.39
13.31 47.41
6.23 3.00
19.02 10.43
14.60 17.79
4.66 16.27
7.18 9.33
11.64 9.69
11.20 11.90
10.68 2.31
3.44 1.46
25.34 29.70
12.70 17.93
24.78 4.93
19.00 2.78
15.57 4.28
37.99 29.51
