# nJobs | nMachines
100 2
# Job Weights
58
41
68
36
56
77
62
91
2
89
13
100
21
82
75
97
70
93
66
47
27
87
84
44
40
5
61
49
69
14
39
52
86
74
2
91
78
75
94
65
59
75
58
75
41
5
98
30
50
48
4
2
57
20
24
98
13
56
43
64
50
51
99
91
38
86
44
97
7
94
12
29
49
90
31
93
36
9
88
20
59
47
30
96
82
57
88
1
9
12
3
51
72
17
21
71
73
26
73
48
# P_bar : m1 | m2
48 46
20 39
19 34
39 25
37 37
32 17
42 20
21 15
30 23
40 12
44 37
17 49
11 34
14 19
45 26
25 40
32 24
50 26
20 32
48 11
36 29
28 22
12 22
22 33
18 19
12 23
46 19
32 17
24 20
41 46
13 48
46 31
32 24
44 22
40 42
20 16
44 34
17 25
15 45
49 35
20 25
29 36
13 35
33 43
19 45
34 13
30 28
45 17
20 19
16 39
13 26
46 26
35 25
15 29
14 10
17 44
21 23
36 13
24 23
14 32
42 26
46 18
18 48
22 44
31 38
10 33
38 20
22 32
42 28
29 23
50 42
15 49
23 10
15 27
36 40
21 21
35 20
38 22
20 27
33 42
39 44
23 28
13 18
20 33
41 48
17 22
48 15
21 44
12 38
16 13
49 14
30 12
47 18
47 14
42 41
19 31
40 18
41 35
41 50
44 33
# P_hat : m1 | m2
18.20 0.73
0.25 18.26
0.21 0.88
6.31 6.77
9.04 13.12
12.33 7.40
14.35 7.14
4.68 6.01
4.10 3.90
19.94 4.89
9.38 1.48
3.84 21.92
0.90 9.31
5.56 7.76
15.61 5.88
2.76 12.87
1.32 6.32
17.01 9.51
6.55 1.31
6.56 0.33
17.12 3.58
2.11 1.75
2.59 9.59
10.38 3.62
3.78 9.27
3.83 3.87
9.14 1.73
4.39 6.71
11.81 6.59
8.39 11.46
5.81 13.33
5.29 11.15
3.41 2.74
0.68 10.96
13.03 20.47
3.69 5.20
19.02 3.39
4.02 8.50
7.26 1.62
4.55 0.54
8.69 3.22
11.26 8.33
5.01 15.19
13.94 15.63
7.23 16.71
10.65 2.77
1.97 4.84
0.73 3.15
9.21 9.38
4.93 0.78
5.18 11.27
11.08 7.52
2.05 5.48
0.94 10.52
4.80 2.43
3.66 19.22
2.11 10.36
8.85 2.74
0.77 3.18
4.07 9.48
5.65 11.86
18.34 1.90
2.79 14.95
5.01 13.89
0.18 13.93
0.36 2.17
7.46 7.16
5.28 14.54
12.60 2.52
4.23 2.73
17.37 20.40
6.45 4.43
8.97 4.27
0.30 6.65
8.65 4.94
1.10 9.14
4.24 4.45
18.75 5.66
1.42 4.85
8.23 12.45
12.05 3.60
8.08 5.48
3.64 8.72
0.10 4.26
6.69 15.76
4.40 3.58
2.11 5.80
3.68 2.88
0.20 18.43
0.63 2.95
9.72 1.65
1.99 0.44
13.34 1.53
16.20 3.64
16.81 6.91
1.90 12.85
3.35 3.88
2.14 4.35
13.05 15.43
15.54 11.66
