# nJobs | nMachines
100 2
# Job Weights
58
41
68
36
56
77
62
91
2
89
13
100
21
82
75
97
70
93
66
47
27
87
84
44
40
5
61
49
69
14
39
52
86
74
2
91
78
75
94
65
59
75
58
75
41
5
98
30
50
48
4
2
57
20
24
98
13
56
43
64
50
51
99
91
38
86
44
97
7
94
12
29
49
90
31
93
36
9
88
20
59
47
30
96
82
57
88
1
9
12
3
51
72
17
21
71
73
26
73
48
# P_bar : m1 | m2
48 46
20 39
19 34
39 25
37 37
32 17
42 20
21 15
30 23
40 12
44 37
17 49
11 34
14 19
45 26
25 40
32 24
50 26
20 32
48 11
36 29
28 22
12 22
22 33
18 19
12 23
46 19
32 17
24 20
41 46
13 48
46 31
32 24
44 22
40 42
20 16
44 34
17 25
15 45
49 35
20 25
29 36
13 35
33 43
19 45
34 13
30 28
45 17
20 19
16 39
13 26
46 26
35 25
15 29
14 10
17 44
21 23
36 13
24 23
14 32
42 26
46 18
18 48
22 44
31 38
10 33
38 20
22 32
42 28
29 23
50 42
15 49
23 10
15 27
36 40
21 21
35 20
38 22
20 27
33 42
39 44
23 28
13 18
20 33
41 48
17 22
48 15
21 44
12 38
16 13
49 14
30 12
47 18
47 14
42 41
19 31
40 18
41 35
41 50
44 33
# P_hat : m1 | m2
183.65 101.98
59.00 0.82
26.85 103.49
46.26 3.53
51.76 110.37
99.16 13.77
111.11 76.65
15.56 22.08
20.89 30.08
15.74 7.15
116.21 45.23
51.98 171.82
11.66 135.50
1.17 27.99
14.79 46.66
96.79 115.53
37.82 85.07
153.84 61.68
49.97 50.12
73.33 18.16
29.62 80.69
13.60 0.28
29.52 54.52
68.17 46.93
46.36 60.36
25.45 8.56
7.72 44.70
123.97 32.71
76.68 51.39
48.02 11.93
50.96 111.36
110.75 69.62
74.55 53.82
131.66 53.11
129.88 113.65
52.52 51.52
22.54 36.70
23.00 82.50
55.69 89.69
44.02 10.79
29.77 5.86
50.12 48.13
22.85 109.89
80.91 121.72
71.67 141.95
32.73 26.90
14.58 49.30
35.54 10.03
70.95 24.94
41.33 67.71
14.87 9.21
150.13 22.94
120.59 59.82
50.79 85.34
51.46 39.93
17.15 164.23
63.42 59.12
66.32 21.90
80.83 58.53
40.80 100.56
130.44 12.31
120.73 29.51
12.77 161.24
47.96 67.55
122.10 86.92
37.50 77.59
6.56 14.76
14.50 46.37
22.13 37.47
84.21 2.41
163.56 4.06
12.81 163.01
46.54 10.92
50.44 55.95
105.52 47.80
45.55 79.02
82.65 20.74
77.27 37.81
23.80 94.25
74.58 141.44
107.47 32.75
80.35 89.90
33.09 32.99
60.89 63.75
26.25 25.63
31.39 7.09
1.79 43.68
20.72 87.38
34.87 66.40
63.48 37.93
19.44 42.87
48.18 7.63
150.41 43.94
38.36 7.58
93.25 123.23
55.71 81.46
98.56 68.88
30.84 9.65
58.28 11.41
137.95 37.25
