# nJobs | nMachines
100 2
# Job Weights
95
9
36
92
70
12
64
29
80
4
7
71
4
30
32
60
14
78
80
68
15
80
54
2
79
10
95
57
49
13
24
18
26
32
75
37
27
70
95
5
49
16
3
63
14
73
92
41
70
43
30
40
64
62
81
47
53
98
53
1
86
53
89
99
42
26
88
77
51
49
29
75
76
2
53
74
16
84
43
46
96
92
5
76
42
46
52
74
13
74
100
70
97
43
17
41
75
10
86
26
# P_bar : m1 | m2
20 18
10 47
48 37
24 34
35 47
49 30
36 41
49 40
42 27
44 43
41 21
23 49
39 21
48 31
39 50
26 50
25 17
32 28
11 21
37 20
19 18
28 49
13 21
13 35
17 35
35 17
44 28
28 40
18 19
46 31
43 36
35 15
31 28
49 15
15 17
11 38
35 49
25 41
35 16
21 13
31 10
34 22
19 33
42 29
14 21
26 14
27 14
36 18
37 28
16 36
35 28
34 41
28 25
27 12
11 19
15 35
30 42
33 17
25 36
35 33
25 45
32 20
43 39
39 43
19 13
40 18
49 11
41 29
49 50
12 36
17 24
29 47
24 30
13 25
40 34
30 35
30 39
18 34
23 38
23 38
20 33
17 41
35 40
20 50
46 44
34 10
45 17
29 42
44 15
28 16
41 19
20 25
29 13
11 28
24 18
20 41
18 34
38 48
13 25
10 35
# P_hat : m1 | m2
1.91 7.09
2.04 6.09
22.49 13.11
4.53 3.65
11.62 0.95
6.25 3.02
2.29 3.66
1.43 6.75
6.41 5.65
3.47 10.93
3.57 5.01
8.75 6.63
0.31 0.31
13.39 9.38
7.40 9.89
6.59 7.47
7.04 7.37
5.01 10.45
1.62 9.01
13.57 4.95
8.28 1.18
2.70 17.06
0.63 2.16
5.84 7.72
2.97 1.14
9.65 7.02
7.91 1.76
1.76 18.06
5.30 8.21
12.08 7.20
4.36 13.40
7.91 4.65
12.35 11.24
14.47 3.24
0.73 6.68
3.01 8.79
12.30 23.05
9.91 9.97
11.01 3.70
1.60 5.10
11.01 4.11
11.51 6.10
0.23 2.97
8.65 6.78
2.33 10.16
8.70 5.27
2.92 5.68
10.64 0.30
16.89 6.55
6.38 11.64
16.13 11.62
16.63 1.01
0.15 10.66
8.41 3.29
2.27 1.87
6.45 5.55
3.78 5.92
16.19 4.51
7.67 0.93
13.89 2.62
1.07 18.29
2.94 1.33
16.31 4.55
0.43 9.75
7.76 3.36
0.28 6.87
16.10 2.46
7.48 11.45
14.98 15.46
4.18 2.04
2.91 1.88
1.57 10.27
0.84 5.95
3.83 9.29
10.41 9.87
11.13 6.79
7.65 3.33
3.80 3.86
4.58 10.93
0.30 8.05
3.36 8.50
8.30 3.50
15.29 13.26
3.29 21.31
13.52 5.67
14.40 2.46
9.93 8.29
0.26 7.00
1.64 4.46
7.15 0.72
19.87 5.76
6.93 1.12
1.03 6.24
1.04 10.02
9.26 7.09
8.41 14.43
5.56 10.03
12.24 10.80
0.18 10.73
4.14 16.74
