# nJobs | nMachines
100 2
# Job Weights
13
29
41
44
2
49
96
90
54
77
30
84
64
7
43
61
17
19
40
55
22
81
1
28
69
39
68
28
34
47
90
53
63
38
93
50
26
13
89
9
73
80
39
19
46
28
15
47
67
34
90
91
42
63
93
1
32
27
84
90
37
35
98
70
61
38
72
96
44
89
74
17
76
5
91
52
58
93
42
48
14
24
15
2
66
51
58
48
30
29
95
1
85
73
28
49
96
86
96
80
# P_bar : m1 | m2
28 24
49 27
12 46
25 29
37 16
42 16
22 36
28 11
22 30
14 49
50 42
17 34
12 40
41 49
19 19
23 43
22 35
24 27
32 41
27 14
45 32
46 25
40 26
13 34
10 39
39 46
10 16
34 41
34 41
33 12
13 29
25 39
21 10
37 36
33 28
39 10
44 24
12 14
23 27
37 18
43 47
48 32
12 29
46 50
46 12
16 15
47 17
44 46
46 21
50 12
26 29
46 40
26 33
39 26
19 35
40 33
48 29
39 23
26 20
43 22
50 39
24 11
24 39
47 12
17 32
15 25
21 22
41 47
44 32
11 50
33 41
14 28
19 20
44 17
22 47
25 49
26 24
39 22
12 24
10 14
40 24
42 45
30 22
31 23
49 10
49 17
30 34
44 44
10 30
43 40
14 41
45 23
20 47
34 15
39 20
47 13
36 35
24 31
25 40
32 49
# P_hat : m1 | m2
2.20 6.59
3.63 4.32
3.26 2.18
1.87 6.05
3.02 3.81
9.57 1.52
2.97 9.26
6.52 2.99
0.43 2.49
2.05 14.46
0.50 1.77
0.32 2.06
3.26 2.21
1.71 13.14
3.03 3.73
2.84 1.96
2.29 4.62
6.48 4.98
0.21 1.03
5.38 3.71
13.01 7.71
7.73 3.79
11.24 7.54
0.20 4.26
1.26 11.51
3.04 9.22
2.19 3.05
10.01 2.04
2.62 10.85
6.48 1.54
0.77 1.41
4.24 0.15
2.92 1.68
10.79 5.70
6.02 6.04
4.09 2.67
1.51 0.57
0.54 3.07
1.55 1.52
2.79 4.63
10.97 11.55
8.08 5.19
1.88 6.18
1.58 4.72
11.87 1.70
3.47 3.70
0.95 2.34
9.34 4.94
7.50 3.11
1.23 2.98
3.57 2.92
6.69 2.09
1.29 7.05
11.06 6.44
4.84 1.06
8.03 2.37
6.66 1.24
4.82 2.40
5.08 2.70
7.04 4.94
0.93 7.62
3.69 2.05
5.81 4.12
6.48 3.03
0.26 4.52
3.54 7.34
1.27 4.19
3.18 1.78
2.17 6.49
1.09 4.88
7.49 8.44
2.18 0.58
1.17 1.05
11.59 4.36
5.81 3.20
6.53 12.30
1.86 2.01
5.28 4.24
3.55 5.00
2.32 2.15
0.33 2.20
0.82 2.87
4.18 0.22
8.46 2.10
7.92 1.96
7.32 4.79
0.95 8.89
8.67 10.11
2.47 7.10
4.91 7.98
3.26 3.20
13.02 6.26
1.22 9.46
5.34 2.52
3.36 0.67
11.18 1.74
6.24 4.83
4.57 8.04
5.98 6.56
3.80 5.59
