# nJobs | nMachines
100 2
# Job Weights
99
80
49
88
39
98
68
2
45
40
25
16
22
63
66
17
5
67
31
55
88
3
18
100
20
99
70
59
81
6
33
44
61
21
37
67
27
85
27
63
2
51
14
98
19
59
86
1
93
4
99
17
35
58
93
74
81
40
71
9
14
74
75
42
71
100
92
67
27
24
27
81
97
32
82
4
69
55
99
47
69
45
24
16
22
76
33
53
96
49
39
96
81
39
90
82
38
79
43
61
# P_bar : m1 | m2
16 17
21 11
20 41
23 46
16 44
50 24
14 11
43 49
17 41
16 24
12 29
34 17
32 39
12 50
21 43
34 48
21 34
29 17
12 41
19 44
12 23
27 48
39 45
14 31
23 38
21 28
44 11
26 42
35 26
46 32
35 35
35 31
42 20
46 50
18 11
30 17
36 28
10 15
22 22
46 47
25 45
37 35
44 43
45 27
31 44
34 16
41 14
47 16
36 31
34 26
49 48
23 28
25 10
26 18
23 21
32 15
33 46
44 35
46 35
45 40
31 32
40 25
18 18
11 27
22 19
28 12
39 40
18 28
20 23
12 13
20 36
41 23
36 40
10 50
44 14
31 33
24 33
36 29
27 39
43 12
42 32
15 22
41 32
48 12
42 12
18 24
32 16
33 44
45 44
19 41
33 49
21 47
23 19
28 26
47 24
25 50
36 13
12 11
32 29
34 24
# P_hat : m1 | m2
3.23 0.47
5.02 2.47
1.50 11.25
4.31 5.99
2.74 3.41
12.49 3.13
3.81 2.39
0.16 0.13
3.44 7.25
0.25 4.42
1.98 5.55
2.93 1.23
2.95 8.35
1.27 1.37
3.91 2.57
3.41 12.64
4.62 7.53
3.52 0.07
0.25 3.06
4.47 2.83
1.03 1.87
3.51 3.56
8.02 0.84
1.40 4.27
0.39 8.35
2.36 5.10
12.47 2.22
5.01 1.02
7.05 7.42
8.73 8.05
2.09 8.45
4.39 7.65
9.46 5.60
1.40 8.16
1.50 0.66
2.49 3.15
4.67 6.24
2.94 3.32
0.45 3.44
7.16 0.97
1.35 5.01
10.77 9.67
1.50 7.54
5.45 4.36
6.86 3.55
7.19 1.77
5.20 3.76
4.89 3.20
4.29 7.32
2.70 3.54
3.02 9.08
3.33 2.09
2.01 2.12
2.24 2.31
4.53 2.79
9.30 2.92
5.98 12.92
1.02 0.67
1.04 8.66
12.84 3.51
2.76 4.26
1.10 0.16
3.23 1.63
2.06 4.07
4.28 0.32
2.25 1.77
0.18 11.13
5.21 0.89
1.51 5.27
2.43 1.60
4.24 7.08
7.50 1.80
3.38 1.91
0.81 2.41
7.89 0.30
8.05 1.84
6.82 6.58
1.14 7.67
1.25 9.53
12.19 2.47
9.28 1.06
3.97 1.91
2.49 2.97
8.46 0.90
8.83 1.85
3.67 3.86
3.92 1.71
0.15 4.67
7.87 10.94
1.44 9.71
4.46 4.52
6.03 12.88
2.75 5.43
7.05 2.55
2.66 2.55
5.04 7.58
10.55 3.67
0.37 2.89
0.08 0.89
4.42 2.83
