# nJobs | nMachines
100 2
# Job Weights
83
63
72
16
51
49
78
28
7
41
79
36
5
20
73
63
96
72
34
6
71
54
8
79
94
16
71
69
73
25
81
5
84
69
82
23
9
87
65
62
33
97
5
52
97
49
31
99
24
38
54
44
23
40
17
55
51
99
79
45
43
63
91
10
23
8
43
99
28
41
20
42
12
74
59
57
29
81
68
85
81
74
5
46
66
15
13
20
78
52
18
54
98
90
8
95
41
23
79
52
# P_bar : m1 | m2
25 32
16 12
37 28
34 17
36 29
14 37
40 17
38 37
49 20
49 15
15 16
41 42
31 15
43 14
17 42
39 17
44 44
15 36
10 34
10 44
45 42
40 34
37 15
24 49
23 15
18 47
38 44
36 36
24 13
14 27
33 23
43 41
47 21
38 22
27 23
49 47
39 29
27 12
46 26
31 38
48 49
40 22
49 50
36 42
23 32
13 13
11 27
38 28
18 24
39 40
16 24
37 49
43 49
12 31
20 39
12 22
35 26
44 43
35 38
36 44
42 37
31 45
27 44
27 23
43 46
44 22
25 17
37 37
23 12
26 16
34 43
19 26
42 32
31 35
27 50
42 35
37 11
12 19
35 17
24 32
27 18
28 49
25 25
41 47
45 13
46 39
42 19
31 42
23 46
33 31
15 44
32 11
25 32
11 22
30 10
14 30
19 49
41 27
28 21
10 39
# P_hat : m1 | m2
13.41 18.87
10.10 8.51
9.27 31.62
44.57 8.58
2.87 53.09
16.74 19.66
69.58 30.46
67.70 7.66
44.01 26.26
45.01 27.21
2.31 5.40
55.00 81.34
50.92 13.59
21.04 26.48
14.32 56.85
65.43 10.25
77.19 16.57
7.30 21.87
11.01 6.33
3.85 12.66
9.17 8.79
72.89 28.76
60.72 23.87
36.48 13.86
2.24 3.91
30.37 60.48
33.29 17.35
24.65 7.03
26.23 4.34
2.56 49.88
49.94 37.79
50.09 29.03
17.54 27.54
14.31 23.64
9.95 31.15
5.59 64.17
45.85 36.47
45.38 6.39
1.61 2.03
3.04 34.62
54.99 87.32
65.56 25.06
32.02 83.24
25.17 83.30
27.43 10.47
7.13 17.99
0.59 36.41
55.88 54.88
22.52 47.31
45.30 54.93
23.73 11.69
49.97 78.26
17.71 10.49
8.46 48.40
5.04 71.00
3.12 16.84
47.33 32.79
75.56 36.99
67.39 33.27
45.24 27.31
15.46 56.40
6.55 84.26
43.89 82.79
31.25 8.04
53.17 80.48
68.77 32.45
35.16 8.60
61.75 4.98
2.59 6.43
38.87 29.19
57.86 54.45
10.87 37.49
53.80 16.46
19.48 50.36
51.73 2.81
2.81 26.27
42.90 13.79
4.00 5.55
49.86 27.98
8.44 15.04
12.71 23.48
27.68 39.71
45.74 29.80
17.36 10.10
12.98 0.44
69.83 70.95
42.05 10.25
56.53 68.85
6.74 91.94
42.63 13.11
6.99 23.34
10.03 14.58
34.17 61.79
13.06 40.30
45.29 10.06
8.66 47.71
17.02 13.30
33.25 52.78
55.11 40.50
5.84 12.77
