# nJobs | nMachines
100 2
# Job Weights
30
30
29
77
74
59
45
37
28
100
7
43
100
69
56
98
62
22
96
53
84
95
13
60
7
97
79
36
24
6
76
60
7
68
51
29
1
93
93
69
15
13
69
43
92
38
26
90
70
45
56
97
74
39
96
5
95
94
73
11
36
11
62
1
40
63
4
82
21
45
1
58
96
44
16
42
11
40
22
1
93
98
65
84
23
99
2
71
45
21
1
49
58
32
58
25
73
87
14
70
# P_bar : m1 | m2
25 22
37 48
50 15
15 23
48 35
12 28
15 12
38 12
37 22
49 22
46 47
21 10
23 29
41 45
31 47
24 23
27 50
27 45
39 49
49 35
10 30
11 46
27 36
42 36
19 21
26 26
26 39
27 37
21 37
46 27
27 31
36 32
24 13
19 47
16 36
44 18
41 35
34 37
23 29
38 14
21 27
39 43
15 24
41 47
21 35
19 16
34 17
28 14
28 38
47 47
13 44
45 16
22 43
25 14
14 16
46 17
46 34
35 38
48 30
29 22
39 24
41 20
39 48
48 44
38 25
13 22
27 19
23 37
22 27
44 18
50 16
17 38
42 10
33 42
38 38
13 37
30 26
24 30
34 39
31 35
29 15
13 17
11 23
48 12
48 13
15 36
20 46
38 39
15 24
46 34
23 30
23 47
14 36
32 25
11 25
48 33
41 21
15 24
45 34
32 45
# P_hat : m1 | m2
8.03 0.57
1.56 12.75
4.04 4.05
6.74 7.33
14.55 12.71
0.06 13.66
0.76 3.10
12.61 1.94
0.09 8.75
3.94 2.98
12.62 10.32
7.26 0.39
7.50 0.37
4.60 21.66
11.04 19.65
2.85 8.00
4.39 10.22
10.08 3.90
12.67 3.83
20.81 4.38
3.29 8.24
3.13 16.44
1.26 11.88
7.72 5.04
2.52 10.03
3.17 9.59
12.65 10.81
5.31 11.32
9.37 7.76
14.52 3.34
10.73 5.52
9.05 12.13
6.92 0.09
4.68 2.73
1.56 0.83
15.89 0.37
5.76 14.97
0.41 13.02
7.42 6.88
3.37 0.68
9.87 6.64
18.60 10.18
6.86 2.08
7.59 10.20
0.16 6.97
8.82 4.93
7.28 5.40
13.53 0.32
13.49 7.12
20.05 14.71
1.91 11.07
8.66 6.85
9.36 14.16
3.96 1.14
1.19 0.56
12.81 5.46
21.53 0.45
12.18 11.13
13.68 14.10
1.41 6.33
11.99 4.66
20.30 6.43
2.73 11.00
12.44 12.00
16.67 11.77
4.81 4.25
9.41 9.13
8.08 16.75
3.95 2.64
6.46 0.62
20.23 0.81
6.89 0.35
18.21 0.47
15.07 14.34
9.72 1.35
3.26 5.90
11.97 10.98
7.80 0.35
11.93 15.88
12.33 4.93
12.91 0.89
2.20 5.92
2.07 7.23
2.26 5.26
13.88 4.78
0.27 14.46
4.66 6.49
10.31 3.46
2.15 9.01
13.59 13.72
0.35 14.86
0.43 9.70
5.76 6.70
5.76 9.71
0.70 4.26
12.53 15.36
15.78 9.01
1.62 5.15
14.02 12.76
1.37 16.98
