# nJobs | nMachines
100 2
# Job Weights
92
65
66
65
73
46
55
33
56
34
9
12
10
64
58
9
95
86
76
17
81
63
42
55
76
40
36
5
6
72
15
42
16
68
67
15
21
17
28
8
1
7
56
45
28
59
59
63
4
68
31
54
32
7
92
32
97
30
82
60
64
70
36
2
69
10
17
78
15
66
67
73
42
41
60
80
74
94
29
50
97
16
60
75
96
63
41
39
95
6
37
76
96
70
85
9
97
71
1
75
# P_bar : m1 | m2
12 21
43 20
42 30
16 14
13 10
24 42
49 35
44 47
19 23
10 37
18 39
13 19
50 44
28 46
30 28
29 32
36 30
38 37
30 18
14 43
35 27
49 29
50 33
16 44
28 13
10 32
47 24
36 11
25 21
22 14
11 25
20 11
37 35
25 16
22 42
19 40
24 40
28 47
35 14
31 17
45 12
48 47
36 37
11 40
50 17
26 36
37 10
42 23
41 47
20 48
41 35
35 44
38 49
49 45
44 29
30 32
45 21
50 21
50 10
28 47
29 41
21 12
48 12
23 15
14 13
28 46
34 50
36 17
33 32
29 39
39 42
45 38
27 15
18 44
36 36
29 18
12 40
21 33
25 15
21 21
28 20
44 30
29 13
10 12
29 23
38 32
21 15
42 31
11 28
26 29
23 37
44 28
28 13
32 12
33 38
27 42
50 50
15 49
13 11
35 45
# P_hat : m1 | m2
2.06 3.98
10.39 2.56
9.58 4.93
0.74 0.73
0.58 0.89
1.93 8.36
5.31 10.14
5.39 0.71
3.87 6.14
0.17 6.40
0.19 6.60
1.53 2.85
10.46 0.92
1.62 1.24
5.77 5.05
2.26 3.27
9.57 8.26
10.21 4.51
2.68 0.77
0.97 9.22
4.32 2.38
3.54 4.57
10.09 6.91
3.97 11.88
5.65 3.09
2.47 6.49
5.60 4.89
1.69 3.12
5.53 1.86
2.38 0.00
2.22 2.04
1.62 0.72
0.90 6.95
7.44 3.04
1.03 7.48
5.63 0.19
7.04 8.75
6.67 4.56
6.92 2.79
5.37 2.84
11.69 1.23
4.17 1.90
5.05 1.05
2.04 9.98
6.17 4.68
3.33 7.02
3.67 0.31
7.11 2.77
10.46 10.28
1.21 11.23
11.49 1.24
7.24 0.00
9.39 10.47
8.18 4.81
10.29 2.21
0.15 0.12
11.05 3.40
0.60 5.36
13.35 2.87
8.33 7.98
2.56 6.33
1.33 0.31
11.02 1.98
1.75 1.71
3.64 2.37
0.86 5.36
1.28 3.60
10.57 0.48
6.67 3.02
7.37 1.13
3.79 2.23
9.13 11.26
4.81 2.00
3.26 7.02
7.37 9.44
5.01 5.38
1.54 6.99
1.74 8.04
5.76 1.47
1.43 1.93
5.82 2.42
3.08 6.05
5.44 2.66
2.24 1.13
1.90 0.92
0.68 6.07
0.83 0.58
7.64 5.38
2.80 5.82
0.35 6.10
5.07 8.36
4.51 7.33
4.02 1.95
8.92 2.63
3.29 7.06
3.77 2.35
0.21 0.39
0.37 4.18
1.01 1.46
0.29 8.33
