# nJobs | nMachines
100 2
# Job Weights
13
29
41
44
2
49
96
90
54
77
30
84
64
7
43
61
17
19
40
55
22
81
1
28
69
39
68
28
34
47
90
53
63
38
93
50
26
13
89
9
73
80
39
19
46
28
15
47
67
34
90
91
42
63
93
1
32
27
84
90
37
35
98
70
61
38
72
96
44
89
74
17
76
5
91
52
58
93
42
48
14
24
15
2
66
51
58
48
30
29
95
1
85
73
28
49
96
86
96
80
# P_bar : m1 | m2
28 24
49 27
12 46
25 29
37 16
42 16
22 36
28 11
22 30
14 49
50 42
17 34
12 40
41 49
19 19
23 43
22 35
24 27
32 41
27 14
45 32
46 25
40 26
13 34
10 39
39 46
10 16
34 41
34 41
33 12
13 29
25 39
21 10
37 36
33 28
39 10
44 24
12 14
23 27
37 18
43 47
48 32
12 29
46 50
46 12
16 15
47 17
44 46
46 21
50 12
26 29
46 40
26 33
39 26
19 35
40 33
48 29
39 23
26 20
43 22
50 39
24 11
24 39
47 12
17 32
15 25
21 22
41 47
44 32
11 50
33 41
14 28
19 20
44 17
22 47
25 49
26 24
39 22
12 24
10 14
40 24
42 45
30 22
31 23
49 10
49 17
30 34
44 44
10 30
43 40
14 41
45 23
20 47
34 15
39 20
47 13
36 35
24 31
25 40
32 49
# P_hat : m1 | m2
35.26 25.02
5.32 52.70
17.97 11.55
15.88 0.98
0.01 24.65
42.93 25.83
2.06 8.65
15.47 5.84
31.11 1.05
1.76 28.74
83.93 64.94
0.13 35.22
5.92 27.85
60.75 36.43
12.02 0.05
4.69 25.78
15.85 45.25
12.98 52.61
53.93 69.46
16.92 0.66
71.00 57.51
82.05 39.16
34.71 40.58
23.66 31.14
7.55 31.04
75.20 27.87
1.79 2.10
46.72 18.72
33.58 20.22
25.58 11.62
16.45 43.35
35.19 36.96
0.18 1.16
12.35 68.96
47.06 52.79
51.98 15.70
85.01 47.58
18.26 15.25
43.74 51.99
51.99 2.72
25.63 34.37
10.12 14.42
18.76 11.36
59.26 14.08
4.43 14.94
11.52 23.44
89.94 19.66
44.04 13.52
39.81 34.07
45.77 15.26
10.86 22.51
33.92 53.93
19.23 17.15
4.08 17.95
29.17 64.22
33.32 19.17
78.93 27.26
66.33 40.95
11.02 28.31
56.53 2.74
47.23 11.49
42.25 0.17
10.36 49.21
63.71 10.74
20.66 8.59
8.86 47.90
5.74 23.31
53.43 22.74
65.00 32.04
6.94 67.96
42.56 6.25
11.06 15.38
27.10 32.28
17.53 15.63
39.17 51.38
14.37 42.42
19.12 2.11
4.53 7.29
2.68 21.39
10.32 5.86
21.41 2.40
70.18 75.93
0.88 43.17
23.50 36.48
33.06 17.08
1.89 8.23
7.46 65.32
36.40 17.33
9.86 57.09
34.77 79.59
14.87 58.36
53.56 45.13
0.40 53.54
31.56 7.79
75.15 17.48
48.79 15.43
48.78 5.12
14.97 38.59
38.70 78.49
49.47 18.63
