# nJobs | nMachines
100 2
# Job Weights
83
63
72
16
51
49
78
28
7
41
79
36
5
20
73
63
96
72
34
6
71
54
8
79
94
16
71
69
73
25
81
5
84
69
82
23
9
87
65
62
33
97
5
52
97
49
31
99
24
38
54
44
23
40
17
55
51
99
79
45
43
63
91
10
23
8
43
99
28
41
20
42
12
74
59
57
29
81
68
85
81
74
5
46
66
15
13
20
78
52
18
54
98
90
8
95
41
23
79
52
# P_bar : m1 | m2
25 32
16 12
37 28
34 17
36 29
14 37
40 17
38 37
49 20
49 15
15 16
41 42
31 15
43 14
17 42
39 17
44 44
15 36
10 34
10 44
45 42
40 34
37 15
24 49
23 15
18 47
38 44
36 36
24 13
14 27
33 23
43 41
47 21
38 22
27 23
49 47
39 29
27 12
46 26
31 38
48 49
40 22
49 50
36 42
23 32
13 13
11 27
38 28
18 24
39 40
16 24
37 49
43 49
12 31
20 39
12 22
35 26
44 43
35 38
36 44
42 37
31 45
27 44
27 23
43 46
44 22
25 17
37 37
23 12
26 16
34 43
19 26
42 32
31 35
27 50
42 35
37 11
12 19
35 17
24 32
27 18
28 49
25 25
41 47
45 13
46 39
42 19
31 42
23 46
33 31
15 44
32 11
25 32
11 22
30 10
14 30
19 49
41 27
28 21
10 39
# P_hat : m1 | m2
6.10 16.60
15.47 0.61
35.45 6.52
8.42 8.36
12.53 9.00
12.54 6.73
38.66 8.57
16.85 11.94
15.73 5.16
25.78 6.96
10.32 2.13
11.21 38.97
22.83 13.02
2.22 9.91
0.84 4.46
15.07 13.19
15.55 35.55
4.73 27.64
4.91 3.87
3.21 28.33
8.65 35.04
12.38 19.63
36.07 9.70
9.87 22.46
10.23 7.93
10.38 1.62
37.37 28.11
8.70 2.93
16.35 5.66
10.02 7.90
20.04 12.54
3.81 5.47
31.81 14.52
2.44 17.49
16.10 3.76
36.24 4.90
8.23 4.22
22.72 10.53
1.40 13.73
26.16 17.76
22.10 5.23
8.70 14.29
6.56 43.40
34.32 34.78
1.67 20.03
2.59 0.98
3.83 3.03
23.57 1.38
9.81 6.18
4.90 5.43
4.64 6.24
8.83 18.87
9.18 46.21
4.93 18.92
14.08 32.56
2.61 15.63
12.83 2.93
17.20 31.64
34.18 10.45
34.37 28.12
33.61 12.62
7.49 44.90
1.84 11.60
8.56 6.42
11.47 42.81
22.26 0.54
19.44 11.84
31.76 26.84
19.43 10.04
9.35 15.59
23.37 41.95
5.94 1.70
2.56 26.30
21.75 22.62
0.27 32.37
17.19 4.49
12.19 7.15
8.32 18.67
26.82 15.50
7.30 14.05
21.91 0.72
8.23 17.75
11.16 20.66
29.81 32.97
31.18 5.97
45.42 2.15
9.46 8.11
20.53 19.70
14.02 42.71
30.20 19.87
2.35 13.71
24.06 5.78
14.21 2.11
3.02 21.40
14.23 3.60
4.67 14.34
11.01 17.41
36.45 18.43
15.94 13.91
6.32 27.90
