# nJobs | nMachines
100 2
# Job Weights
92
65
66
65
73
46
55
33
56
34
9
12
10
64
58
9
95
86
76
17
81
63
42
55
76
40
36
5
6
72
15
42
16
68
67
15
21
17
28
8
1
7
56
45
28
59
59
63
4
68
31
54
32
7
92
32
97
30
82
60
64
70
36
2
69
10
17
78
15
66
67
73
42
41
60
80
74
94
29
50
97
16
60
75
96
63
41
39
95
6
37
76
96
70
85
9
97
71
1
75
# P_bar : m1 | m2
12 21
43 20
42 30
16 14
13 10
24 42
49 35
44 47
19 23
10 37
18 39
13 19
50 44
28 46
30 28
29 32
36 30
38 37
30 18
14 43
35 27
49 29
50 33
16 44
28 13
10 32
47 24
36 11
25 21
22 14
11 25
20 11
37 35
25 16
22 42
19 40
24 40
28 47
35 14
31 17
45 12
48 47
36 37
11 40
50 17
26 36
37 10
42 23
41 47
20 48
41 35
35 44
38 49
49 45
44 29
30 32
45 21
50 21
50 10
28 47
29 41
21 12
48 12
23 15
14 13
28 46
34 50
36 17
33 32
29 39
39 42
45 38
27 15
18 44
36 36
29 18
12 40
21 33
25 15
21 21
28 20
44 30
29 13
10 12
29 23
38 32
21 15
42 31
11 28
26 29
23 37
44 28
28 13
32 12
33 38
27 42
50 50
15 49
13 11
35 45
# P_hat : m1 | m2
1.20 2.10
4.30 2.00
4.20 3.00
1.60 1.40
1.30 1.00
2.40 4.20
4.90 3.50
4.40 4.70
1.90 2.30
1.00 3.70
1.80 3.90
1.30 1.90
5.00 4.40
2.80 4.60
3.00 2.80
2.90 3.20
3.60 3.00
3.80 3.70
3.00 1.80
1.40 4.30
3.50 2.70
4.90 2.90
5.00 3.30
1.60 4.40
2.80 1.30
1.00 3.20
4.70 2.40
3.60 1.10
2.50 2.10
2.20 1.40
1.10 2.50
2.00 1.10
3.70 3.50
2.50 1.60
2.20 4.20
1.90 4.00
2.40 4.00
2.80 4.70
3.50 1.40
3.10 1.70
4.50 1.20
4.80 4.70
3.60 3.70
1.10 4.00
5.00 1.70
2.60 3.60
3.70 1.00
4.20 2.30
4.10 4.70
2.00 4.80
4.10 3.50
3.50 4.40
3.80 4.90
4.90 4.50
4.40 2.90
3.00 3.20
4.50 2.10
5.00 2.10
5.00 1.00
2.80 4.70
2.90 4.10
2.10 1.20
4.80 1.20
2.30 1.50
1.40 1.30
2.80 4.60
3.40 5.00
3.60 1.70
3.30 3.20
2.90 3.90
3.90 4.20
4.50 3.80
2.70 1.50
1.80 4.40
3.60 3.60
2.90 1.80
1.20 4.00
2.10 3.30
2.50 1.50
2.10 2.10
2.80 2.00
4.40 3.00
2.90 1.30
1.00 1.20
2.90 2.30
3.80 3.20
2.10 1.50
4.20 3.10
1.10 2.80
2.60 2.90
2.30 3.70
4.40 2.80
2.80 1.30
3.20 1.20
3.30 3.80
2.70 4.20
5.00 5.00
1.50 4.90
1.30 1.10
3.50 4.50
