# nJobs | nMachines
20 2
# Job Weights
66
21
51
87
75
71
74
54
27
98
94
89
99
100
57
94
39
85
58
40
# P_bar : m1 | m2
32 26
20 24
10 36
49 30
45 15
39 46
41 50
50 17
16 17
31 17
46 11
28 27
27 20
35 21
41 45
31 30
14 43
17 32
31 28
22 18
# P_hat : m1 | m2
105.70 100.15
10.31 32.82
13.40 91.10
145.73 111.84
28.94 6.15
127.60 172.45
136.47 137.58
101.49 4.61
0.41 20.47
35.59 48.16
113.51 2.96
109.89 62.87
68.24 27.67
36.37 52.16
103.98 8.23
66.96 104.58
43.67 167.44
7.27 124.02
94.37 83.96
47.63 9.37
