# nJobs | nMachines
20 2
# Job Weights
75
26
96
5
68
80
18
8
39
20
79
9
5
47
1
48
55
96
82
30
# P_bar : m1 | m2
39 15
50 14
30 18
31 34
40 26
44 50
31 20
35 36
12 33
37 24
45 36
49 44
25 50
49 29
38 47
37 37
49 35
44 41
27 14
49 16
# P_hat : m1 | m2
57.37 20.46
126.46 6.35
76.02 66.58
66.44 119.32
14.45 26.83
147.01 132.00
39.78 65.38
26.11 79.95
1.96 69.91
87.45 23.22
121.96 13.41
3.25 157.91
51.21 180.08
44.39 73.44
98.07 63.74
25.81 51.68
135.42 101.63
68.07 147.13
101.17 49.68
26.95 49.91
