# nJobs | nMachines
20 2
# Job Weights
16
3
12
87
13
45
51
31
43
15
36
62
30
81
87
65
12
48
60
94
# P_bar : m1 | m2
10 43
37 42
42 47
13 47
33 47
33 11
47 32
35 33
26 44
12 22
47 16
25 33
11 30
13 20
19 29
25 33
35 47
11 21
36 20
11 11
# P_hat : m1 | m2
6.07 119.36
46.13 91.18
41.75 47.34
38.69 64.99
4.43 34.14
75.23 39.97
143.34 74.67
122.75 52.91
35.58 81.31
39.42 83.36
20.80 9.81
84.65 77.38
5.61 60.71
20.66 48.92
60.59 2.10
14.99 115.12
32.10 175.24
31.78 47.47
103.69 55.73
28.21 40.59
