# nJobs | nMachines
20 2
# Job Weights
15
68
91
81
98
72
88
91
42
41
64
25
54
81
78
20
82
86
75
42
# P_bar : m1 | m2
21 15
20 16
11 13
20 16
32 48
33 32
10 45
30 48
25 43
50 27
20 35
39 39
33 47
37 24
16 31
30 40
30 13
26 46
48 19
23 34
# P_hat : m1 | m2
59.14 27.55
17.04 62.72
6.00 25.62
1.16 21.04
44.88 121.61
77.87 30.74
15.69 13.66
52.50 24.74
90.42 22.02
69.65 16.41
41.12 19.44
122.25 99.98
52.34 34.19
92.07 33.18
55.19 111.20
113.94 75.83
17.65 34.71
96.37 31.71
94.49 14.61
23.76 5.56
