# nJobs | nMachines
20 2
# Job Weights
16
35
74
40
82
57
16
3
57
48
86
60
77
93
73
2
20
51
4
45
# P_bar : m1 | m2
46 35
27 25
48 46
12 40
45 32
32 25
31 23
43 26
27 27
38 29
35 19
42 42
37 19
11 26
45 40
19 38
40 11
20 44
26 18
17 37
# P_hat : m1 | m2
167.87 22.89
22.75 39.11
119.61 178.37
30.31 41.30
131.96 84.06
16.84 32.52
88.76 71.16
156.35 13.61
19.41 104.74
36.11 52.64
136.00 17.94
30.40 12.35
126.45 12.90
21.66 54.06
44.50 53.92
66.18 125.99
71.25 18.96
41.19 43.77
37.36 44.43
40.32 104.60
