# nJobs | nMachines
20 2
# Job Weights
29
95
22
68
55
57
66
7
57
68
59
9
14
14
33
75
97
83
11
75
# P_bar : m1 | m2
36 23
24 50
47 21
23 47
35 47
11 19
38 11
49 13
49 25
31 43
25 41
39 22
49 40
29 46
15 28
46 48
50 19
47 38
18 21
46 13
# P_hat : m1 | m2
11.92 30.75
57.90 154.18
46.13 8.95
35.82 14.13
40.42 136.90
15.65 37.66
109.29 30.29
58.24 22.61
111.02 24.64
59.03 140.89
66.37 131.10
146.15 61.13
143.58 43.54
24.93 108.60
1.87 40.43
48.26 17.58
119.02 69.72
9.67 20.80
35.74 79.82
109.82 23.19
