# nJobs | nMachines
50 2
# Job Weights
90
92
9
45
74
47
29
60
2
42
6
67
74
73
9
82
53
7
14
1
91
41
76
10
70
84
48
31
68
23
37
93
32
78
75
42
8
27
17
84
75
37
50
26
82
67
70
2
16
96
# P_bar : m1 | m2
15 32
12 11
40 38
21 46
36 10
15 23
30 36
17 32
22 40
20 35
24 10
12 31
36 11
13 19
35 12
40 38
27 31
41 28
44 47
33 45
18 36
43 27
19 28
39 19
11 31
19 13
30 25
49 27
16 34
37 26
37 25
25 19
14 45
43 29
16 25
21 47
34 38
42 14
42 11
19 13
42 22
42 15
11 13
16 26
34 46
40 18
29 21
36 35
10 23
18 23
# P_hat : m1 | m2
7.99 3.74
0.62 10.34
13.46 23.85
2.82 15.41
2.28 1.39
14.85 18.26
9.67 22.32
13.77 17.07
5.60 35.76
13.63 27.60
18.25 1.52
7.15 9.66
16.98 2.73
5.35 14.13
12.21 0.40
37.18 21.66
22.43 23.64
39.57 24.55
5.47 16.08
24.12 36.96
16.89 3.98
7.79 22.85
1.26 3.57
28.90 7.55
6.32 24.72
15.99 1.95
4.19 5.73
38.97 19.50
3.23 24.48
6.06 16.67
6.08 17.35
20.36 10.31
9.31 11.33
22.49 10.03
5.74 4.54
18.42 42.70
13.34 22.17
34.30 5.61
18.44 5.08
7.16 12.31
19.43 3.37
12.66 8.79
8.22 6.58
8.04 15.90
7.90 0.83
35.98 15.70
11.13 19.57
19.57 19.78
9.06 16.02
11.24 21.22
