# nJobs | nMachines
50 2
# Job Weights
11
56
48
26
10
20
5
81
40
17
12
66
73
12
68
45
60
1
98
36
62
2
63
67
12
79
13
2
22
66
3
46
82
34
54
15
96
20
55
58
9
72
23
71
82
40
65
85
31
87
# P_bar : m1 | m2
20 49
47 10
38 46
22 20
42 14
15 12
33 34
16 21
38 49
34 43
25 50
31 40
36 26
27 36
18 16
12 33
43 42
46 10
31 19
15 42
46 12
11 42
18 12
22 11
16 25
48 16
40 47
44 46
45 29
37 20
33 24
26 38
25 28
38 19
27 13
10 15
46 26
18 20
48 23
45 23
45 31
37 40
22 37
29 32
45 47
25 34
13 41
47 36
24 12
25 44
# P_hat : m1 | m2
8.25 152.32
169.68 22.34
76.80 78.06
72.73 72.51
53.77 6.23
53.73 23.65
51.37 1.54
0.69 39.37
137.62 11.04
12.41 20.44
31.93 23.51
117.81 103.87
136.89 77.59
61.93 84.01
45.49 61.58
21.53 49.48
50.43 48.00
60.47 34.74
83.39 16.99
45.14 161.82
145.65 0.58
34.74 162.94
6.57 2.07
43.51 39.21
3.68 52.77
105.51 63.55
70.64 13.87
156.24 101.91
63.16 112.44
17.33 41.85
18.87 60.42
79.20 105.75
61.82 50.91
15.37 47.69
9.08 30.38
28.04 54.07
13.39 4.73
59.17 22.48
135.60 87.44
14.64 81.90
15.27 56.50
146.02 99.22
32.94 41.05
42.99 24.08
146.30 87.18
94.72 48.06
51.27 95.72
141.64 11.19
36.12 46.77
8.35 173.57
