# nJobs | nMachines
50 2
# Job Weights
78
97
76
45
9
8
49
27
87
12
37
41
10
56
18
44
15
24
8
34
76
21
75
92
85
25
68
43
100
91
99
92
33
21
42
97
53
63
98
31
72
80
4
32
87
58
39
21
29
17
# P_bar : m1 | m2
24 47
12 15
15 10
44 38
12 26
20 41
24 39
44 24
25 33
38 21
50 42
28 36
27 28
30 45
18 23
44 37
25 46
49 16
29 49
19 19
11 12
10 11
10 17
12 48
24 35
37 17
28 18
44 47
21 31
42 11
38 40
33 20
34 28
40 31
41 15
48 11
42 40
23 26
48 14
43 44
25 17
44 15
45 28
44 14
49 18
15 30
46 49
15 49
35 44
49 44
# P_hat : m1 | m2
4.80 9.40
2.40 3.00
3.00 2.00
8.80 7.60
2.40 5.20
4.00 8.20
4.80 7.80
8.80 4.80
5.00 6.60
7.60 4.20
10.00 8.40
5.60 7.20
5.40 5.60
6.00 9.00
3.60 4.60
8.80 7.40
5.00 9.20
9.80 3.20
5.80 9.80
3.80 3.80
2.20 2.40
2.00 2.20
2.00 3.40
2.40 9.60
4.80 7.00
7.40 3.40
5.60 3.60
8.80 9.40
4.20 6.20
8.40 2.20
7.60 8.00
6.60 4.00
6.80 5.60
8.00 6.20
8.20 3.00
9.60 2.20
8.40 8.00
4.60 5.20
9.60 2.80
8.60 8.80
5.00 3.40
8.80 3.00
9.00 5.60
8.80 2.80
9.80 3.60
3.00 6.00
9.20 9.80
3.00 9.80
7.00 8.80
9.80 8.80
