# nJobs | nMachines
50 2
# Job Weights
27
38
12
68
92
20
21
35
98
96
38
8
28
43
40
100
62
56
9
96
20
97
61
14
59
17
67
38
26
58
57
2
3
96
78
83
26
74
3
95
93
39
39
21
91
58
40
28
30
14
# P_bar : m1 | m2
23 36
12 19
32 43
47 32
12 44
27 43
27 32
45 33
34 17
11 21
39 21
10 48
24 26
15 19
42 40
15 36
24 45
49 28
11 31
46 20
28 24
50 12
24 46
35 25
45 35
21 27
37 15
19 46
46 34
16 31
36 28
29 34
28 17
37 10
28 37
47 37
14 34
30 10
40 24
27 34
10 26
40 20
35 40
35 45
10 21
12 18
45 17
24 17
44 17
38 31
# P_hat : m1 | m2
12.73 19.17
6.04 2.19
6.20 26.04
40.36 3.75
8.12 14.84
22.62 6.14
23.19 22.15
33.68 6.81
14.93 6.66
6.72 18.81
6.25 4.29
6.74 24.37
4.30 10.90
10.41 0.34
9.64 31.71
1.76 2.49
3.97 21.34
0.10 15.70
7.91 19.48
33.69 13.77
14.42 6.08
8.07 0.12
2.01 33.28
0.67 13.39
7.46 29.26
18.71 22.18
8.94 12.65
6.73 22.31
4.85 11.34
3.56 24.54
18.69 12.64
17.62 6.24
6.87 14.53
2.14 8.83
10.95 17.25
11.01 2.80
3.07 13.19
28.80 8.04
24.65 21.64
15.04 6.92
4.16 1.74
17.16 17.55
18.93 15.58
24.38 24.38
7.02 20.33
2.06 1.20
22.51 11.02
9.89 1.26
38.30 6.38
23.99 24.92
