# nJobs | nMachines
50 2
# Job Weights
27
38
12
68
92
20
21
35
98
96
38
8
28
43
40
100
62
56
9
96
20
97
61
14
59
17
67
38
26
58
57
2
3
96
78
83
26
74
3
95
93
39
39
21
91
58
40
28
30
14
# P_bar : m1 | m2
23 36
12 19
32 43
47 32
12 44
27 43
27 32
45 33
34 17
11 21
39 21
10 48
24 26
15 19
42 40
15 36
24 45
49 28
11 31
46 20
28 24
50 12
24 46
35 25
45 35
21 27
37 15
19 46
46 34
16 31
36 28
29 34
28 17
37 10
28 37
47 37
14 34
30 10
40 24
27 34
10 26
40 20
35 40
35 45
10 21
12 18
45 17
24 17
44 17
38 31
# P_hat : m1 | m2
1.07 11.34
4.49 2.36
14.63 15.17
10.20 6.84
1.55 9.74
5.86 13.96
9.77 14.98
0.20 1.06
10.02 7.01
3.37 3.07
12.43 4.66
1.21 0.53
8.57 3.91
0.69 4.77
4.18 1.12
6.58 8.84
8.86 20.86
0.34 1.48
1.37 11.85
4.93 4.10
3.79 7.86
6.19 1.56
0.75 3.67
8.03 2.01
16.49 1.23
6.37 2.51
12.45 4.98
0.77 20.28
21.88 13.84
6.71 10.62
14.49 1.55
11.93 4.92
13.06 2.63
10.07 1.25
2.80 9.53
14.49 9.91
5.20 6.07
11.07 1.77
10.43 9.94
0.92 13.42
1.86 4.00
18.42 9.14
10.23 19.06
9.42 7.35
1.34 3.72
2.21 4.55
20.15 8.00
8.00 7.45
17.32 0.87
8.63 6.09
