# nJobs | nMachines
50 2
# Job Weights
3
89
66
45
96
20
10
82
20
24
85
3
64
83
70
32
16
94
4
4
84
60
15
33
23
33
73
9
15
80
93
27
25
29
27
48
33
99
4
82
97
55
57
48
85
66
3
76
21
88
# P_bar : m1 | m2
20 16
31 26
32 24
43 20
48 18
45 48
10 42
45 38
11 10
45 50
29 26
15 42
22 34
48 18
20 43
26 18
46 43
33 17
42 45
34 14
22 32
36 23
26 28
44 22
28 37
47 34
32 25
27 24
45 24
35 37
11 30
45 10
46 23
16 48
25 39
21 31
18 31
45 44
18 30
39 25
25 25
12 17
13 11
40 39
28 48
15 39
50 49
10 30
42 23
38 38
# P_hat : m1 | m2
34.50 1.52
47.00 86.83
117.13 93.57
43.20 10.84
162.09 16.67
87.12 166.73
20.56 155.65
55.52 63.78
25.21 2.02
58.54 7.88
4.56 59.69
16.32 66.01
0.56 3.90
187.84 41.99
77.26 1.94
41.10 56.69
134.02 52.71
45.65 2.74
112.74 105.90
109.54 22.27
83.31 124.65
57.63 50.07
81.46 30.83
46.80 62.43
110.92 40.18
4.84 122.98
77.25 37.47
71.23 52.79
123.85 4.86
16.85 63.07
41.30 99.88
32.61 32.23
114.59 20.64
14.25 43.41
30.72 127.50
45.90 115.37
30.04 11.82
28.84 79.21
12.31 40.49
65.23 87.07
75.73 8.35
43.10 14.36
4.37 33.11
62.90 8.00
11.23 94.57
1.00 68.97
132.34 65.54
24.10 47.35
27.39 48.75
35.54 24.53
