# nJobs | nMachines
50 2
# Job Weights
60
74
28
73
39
62
63
89
8
44
21
74
88
94
43
69
24
58
1
93
12
48
60
53
81
39
49
90
52
76
30
52
84
23
90
3
88
86
37
93
51
89
76
61
45
22
29
3
12
84
# P_bar : m1 | m2
23 33
26 45
23 12
20 26
31 50
47 21
42 49
25 31
33 22
27 20
48 21
45 30
43 32
32 39
42 38
36 12
31 17
22 31
18 22
22 36
36 37
21 41
46 48
31 11
42 39
13 45
22 20
22 34
17 13
37 14
40 27
38 23
10 11
50 11
37 25
16 25
32 32
39 16
11 38
38 19
36 49
10 31
39 18
23 32
25 21
31 49
18 13
33 33
31 19
30 35
# P_hat : m1 | m2
9.20 13.20
10.40 18.00
9.20 4.80
8.00 10.40
12.40 20.00
18.80 8.40
16.80 19.60
10.00 12.40
13.20 8.80
10.80 8.00
19.20 8.40
18.00 12.00
17.20 12.80
12.80 15.60
16.80 15.20
14.40 4.80
12.40 6.80
8.80 12.40
7.20 8.80
8.80 14.40
14.40 14.80
8.40 16.40
18.40 19.20
12.40 4.40
16.80 15.60
5.20 18.00
8.80 8.00
8.80 13.60
6.80 5.20
14.80 5.60
16.00 10.80
15.20 9.20
4.00 4.40
20.00 4.40
14.80 10.00
6.40 10.00
12.80 12.80
15.60 6.40
4.40 15.20
15.20 7.60
14.40 19.60
4.00 12.40
15.60 7.20
9.20 12.80
10.00 8.40
12.40 19.60
7.20 5.20
13.20 13.20
12.40 7.60
12.00 14.00
