# nJobs | nMachines
50 2
# Job Weights
4
28
100
42
50
74
62
13
46
17
91
78
17
32
51
26
71
46
85
52
33
69
30
76
23
26
2
51
24
65
99
72
68
52
44
43
43
16
46
14
51
64
12
62
41
69
79
46
10
68
# P_bar : m1 | m2
30 17
15 41
32 18
24 39
42 43
30 18
27 40
15 32
20 37
21 10
25 47
31 30
30 17
11 29
39 38
49 22
20 40
20 21
49 32
10 31
21 31
41 20
48 13
22 29
38 46
20 33
12 28
41 44
19 32
14 36
34 12
45 43
33 21
15 34
23 20
49 50
13 21
33 28
48 30
44 36
21 12
17 44
49 11
29 12
41 15
26 27
31 24
33 48
15 20
39 43
# P_hat : m1 | m2
9.00 5.10
4.50 12.30
9.60 5.40
7.20 11.70
12.60 12.90
9.00 5.40
8.10 12.00
4.50 9.60
6.00 11.10
6.30 3.00
7.50 14.10
9.30 9.00
9.00 5.10
3.30 8.70
11.70 11.40
14.70 6.60
6.00 12.00
6.00 6.30
14.70 9.60
3.00 9.30
6.30 9.30
12.30 6.00
14.40 3.90
6.60 8.70
11.40 13.80
6.00 9.90
3.60 8.40
12.30 13.20
5.70 9.60
4.20 10.80
10.20 3.60
13.50 12.90
9.90 6.30
4.50 10.20
6.90 6.00
14.70 15.00
3.90 6.30
9.90 8.40
14.40 9.00
13.20 10.80
6.30 3.60
5.10 13.20
14.70 3.30
8.70 3.60
12.30 4.50
7.80 8.10
9.30 7.20
9.90 14.40
4.50 6.00
11.70 12.90
