# nJobs | nMachines
50 2
# Job Weights
27
38
12
68
92
20
21
35
98
96
38
8
28
43
40
100
62
56
9
96
20
97
61
14
59
17
67
38
26
58
57
2
3
96
78
83
26
74
3
95
93
39
39
21
91
58
40
28
30
14
# P_bar : m1 | m2
23 36
12 19
32 43
47 32
12 44
27 43
27 32
45 33
34 17
11 21
39 21
10 48
24 26
15 19
42 40
15 36
24 45
49 28
11 31
46 20
28 24
50 12
24 46
35 25
45 35
21 27
37 15
19 46
46 34
16 31
36 28
29 34
28 17
37 10
28 37
47 37
14 34
30 10
40 24
27 34
10 26
40 20
35 40
35 45
10 21
12 18
45 17
24 17
44 17
38 31
# P_hat : m1 | m2
4.60 7.20
2.40 3.80
6.40 8.60
9.40 6.40
2.40 8.80
5.40 8.60
5.40 6.40
9.00 6.60
6.80 3.40
2.20 4.20
7.80 4.20
2.00 9.60
4.80 5.20
3.00 3.80
8.40 8.00
3.00 7.20
4.80 9.00
9.80 5.60
2.20 6.20
9.20 4.00
5.60 4.80
10.00 2.40
4.80 9.20
7.00 5.00
9.00 7.00
4.20 5.40
7.40 3.00
3.80 9.20
9.20 6.80
3.20 6.20
7.20 5.60
5.80 6.80
5.60 3.40
7.40 2.00
5.60 7.40
9.40 7.40
2.80 6.80
6.00 2.00
8.00 4.80
5.40 6.80
2.00 5.20
8.00 4.00
7.00 8.00
7.00 9.00
2.00 4.20
2.40 3.60
9.00 3.40
4.80 3.40
8.80 3.40
7.60 6.20
