# nJobs | nMachines
50 2
# Job Weights
27
38
12
68
92
20
21
35
98
96
38
8
28
43
40
100
62
56
9
96
20
97
61
14
59
17
67
38
26
58
57
2
3
96
78
83
26
74
3
95
93
39
39
21
91
58
40
28
30
14
# P_bar : m1 | m2
23 36
12 19
32 43
47 32
12 44
27 43
27 32
45 33
34 17
11 21
39 21
10 48
24 26
15 19
42 40
15 36
24 45
49 28
11 31
46 20
28 24
50 12
24 46
35 25
45 35
21 27
37 15
19 46
46 34
16 31
36 28
29 34
28 17
37 10
28 37
47 37
14 34
30 10
40 24
27 34
10 26
40 20
35 40
35 45
10 21
12 18
45 17
24 17
44 17
38 31
# P_hat : m1 | m2
4.64 2.22
2.87 2.75
2.40 3.46
8.81 2.76
2.06 8.67
6.75 12.49
7.34 5.79
0.16 0.76
6.88 0.39
0.17 5.99
6.42 1.87
0.86 1.33
2.21 4.67
1.59 3.55
7.83 7.78
1.50 2.89
5.28 0.20
5.95 8.11
0.23 2.33
10.82 4.06
2.40 5.09
6.49 2.20
4.94 4.32
3.49 2.03
0.76 6.28
2.36 7.02
10.48 4.26
3.66 1.46
9.27 1.58
3.03 8.79
2.15 6.19
3.64 9.01
6.31 1.03
1.13 1.76
2.33 7.78
3.90 7.55
1.81 4.16
8.82 0.05
0.81 4.20
4.20 2.58
0.54 3.51
11.65 5.75
1.19 4.79
4.24 11.34
2.21 1.19
2.54 3.63
5.71 4.98
2.49 0.52
5.25 0.04
3.01 4.03
