# nJobs | nMachines
50 2
# Job Weights
4
28
100
42
50
74
62
13
46
17
91
78
17
32
51
26
71
46
85
52
33
69
30
76
23
26
2
51
24
65
99
72
68
52
44
43
43
16
46
14
51
64
12
62
41
69
79
46
10
68
# P_bar : m1 | m2
30 17
15 41
32 18
24 39
42 43
30 18
27 40
15 32
20 37
21 10
25 47
31 30
30 17
11 29
39 38
49 22
20 40
20 21
49 32
10 31
21 31
41 20
48 13
22 29
38 46
20 33
12 28
41 44
19 32
14 36
34 12
45 43
33 21
15 34
23 20
49 50
13 21
33 28
48 30
44 36
21 12
17 44
49 11
29 12
41 15
26 27
31 24
33 48
15 20
39 43
# P_hat : m1 | m2
5.39 4.76
2.31 0.25
2.77 0.83
0.05 10.37
6.25 5.91
2.57 3.05
5.95 7.96
0.11 6.52
3.51 10.34
5.93 2.99
1.31 10.15
4.39 2.58
0.82 4.49
2.06 0.43
6.44 2.63
5.99 5.92
3.13 3.07
5.38 1.39
2.89 1.33
0.07 7.99
5.43 4.65
7.10 4.05
12.83 0.93
3.94 6.59
9.24 10.49
2.58 3.09
2.70 3.45
11.23 2.77
3.26 9.37
0.76 6.97
2.74 3.36
2.68 3.91
2.44 4.93
1.38 7.81
3.83 4.15
8.64 14.48
1.66 2.48
6.09 1.10
1.17 6.05
1.16 7.88
1.08 2.07
2.64 2.73
3.15 1.66
2.46 1.12
4.92 1.92
6.33 5.23
0.13 5.37
6.43 3.34
3.01 2.43
9.34 3.47
