# nJobs | nMachines
50 2
# Job Weights
11
56
48
26
10
20
5
81
40
17
12
66
73
12
68
45
60
1
98
36
62
2
63
67
12
79
13
2
22
66
3
46
82
34
54
15
96
20
55
58
9
72
23
71
82
40
65
85
31
87
# P_bar : m1 | m2
20 49
47 10
38 46
22 20
42 14
15 12
33 34
16 21
38 49
34 43
25 50
31 40
36 26
27 36
18 16
12 33
43 42
46 10
31 19
15 42
46 12
11 42
18 12
22 11
16 25
48 16
40 47
44 46
45 29
37 20
33 24
26 38
25 28
38 19
27 13
10 15
46 26
18 20
48 23
45 23
45 31
37 40
22 37
29 32
45 47
25 34
13 41
47 36
24 12
25 44
# P_hat : m1 | m2
2.00 4.90
4.70 1.00
3.80 4.60
2.20 2.00
4.20 1.40
1.50 1.20
3.30 3.40
1.60 2.10
3.80 4.90
3.40 4.30
2.50 5.00
3.10 4.00
3.60 2.60
2.70 3.60
1.80 1.60
1.20 3.30
4.30 4.20
4.60 1.00
3.10 1.90
1.50 4.20
4.60 1.20
1.10 4.20
1.80 1.20
2.20 1.10
1.60 2.50
4.80 1.60
4.00 4.70
4.40 4.60
4.50 2.90
3.70 2.00
3.30 2.40
2.60 3.80
2.50 2.80
3.80 1.90
2.70 1.30
1.00 1.50
4.60 2.60
1.80 2.00
4.80 2.30
4.50 2.30
4.50 3.10
3.70 4.00
2.20 3.70
2.90 3.20
4.50 4.70
2.50 3.40
1.30 4.10
4.70 3.60
2.40 1.20
2.50 4.40
