# nJobs | nMachines
50 2
# Job Weights
85
100
40
32
70
90
41
1
38
71
82
11
68
48
55
16
56
33
31
23
41
96
21
60
13
91
69
98
71
29
22
96
41
5
5
4
86
7
71
4
91
87
14
18
85
36
33
49
3
70
# P_bar : m1 | m2
10 33
38 26
18 13
50 37
43 14
36 16
24 14
13 18
32 48
41 17
33 48
43 22
31 11
15 45
45 11
21 23
32 11
37 15
20 13
27 15
37 13
20 18
26 43
42 14
46 31
47 12
31 27
17 49
13 12
15 21
28 31
32 43
17 35
23 43
35 48
15 27
16 45
30 17
24 44
30 30
30 20
41 25
23 42
42 12
31 39
25 22
45 19
19 17
10 14
32 10
# P_hat : m1 | m2
0.96 0.60
6.14 3.94
2.04 1.71
8.87 6.66
1.49 0.61
9.34 7.50
0.81 3.88
5.20 2.75
3.74 9.53
11.07 3.80
14.52 14.41
13.99 5.67
8.26 5.06
2.43 11.18
7.49 5.46
7.03 9.79
15.91 1.15
12.24 6.98
5.58 0.76
9.86 6.13
8.61 2.47
0.60 7.90
7.31 18.66
20.11 5.64
4.03 12.25
16.22 1.83
3.11 1.09
4.55 9.87
0.63 1.04
3.38 7.30
10.59 5.36
5.56 20.98
5.65 11.22
9.15 17.68
16.23 3.18
1.76 11.64
3.19 20.76
2.29 4.14
11.91 13.34
13.91 11.47
8.10 1.75
17.26 6.28
5.99 8.37
13.10 0.88
1.38 7.17
9.44 0.75
2.87 0.25
7.85 1.15
3.91 6.74
11.34 2.75
