# nJobs | nMachines
50 2
# Job Weights
11
56
48
26
10
20
5
81
40
17
12
66
73
12
68
45
60
1
98
36
62
2
63
67
12
79
13
2
22
66
3
46
82
34
54
15
96
20
55
58
9
72
23
71
82
40
65
85
31
87
# P_bar : m1 | m2
20 49
47 10
38 46
22 20
42 14
15 12
33 34
16 21
38 49
34 43
25 50
31 40
36 26
27 36
18 16
12 33
43 42
46 10
31 19
15 42
46 12
11 42
18 12
22 11
16 25
48 16
40 47
44 46
45 29
37 20
33 24
26 38
25 28
38 19
27 13
10 15
46 26
18 20
48 23
45 23
45 31
37 40
22 37
29 32
45 47
25 34
13 41
47 36
24 12
25 44
# P_hat : m1 | m2
0.31 22.25
14.96 1.20
5.97 3.33
5.59 4.89
19.06 6.90
1.87 1.45
6.77 11.43
6.04 8.00
4.35 5.82
1.31 15.66
3.62 9.19
2.50 12.65
16.73 8.24
10.91 9.64
5.70 0.72
5.23 13.78
17.28 6.74
4.29 0.93
13.83 0.39
4.05 12.41
18.57 4.07
4.93 0.35
2.86 3.07
1.21 1.25
1.82 8.06
10.25 1.39
16.36 16.24
18.94 8.89
0.16 13.58
9.45 1.38
6.89 4.09
2.89 2.16
1.50 12.95
6.41 8.33
12.73 1.68
1.62 4.95
11.93 10.62
6.33 5.55
8.73 6.09
21.87 2.78
21.66 1.44
4.66 17.94
5.47 16.66
4.36 10.13
6.41 7.97
0.46 5.94
3.96 14.88
11.81 16.15
0.62 5.32
3.48 17.16
