# nJobs | nMachines
50 2
# Job Weights
4
28
100
42
50
74
62
13
46
17
91
78
17
32
51
26
71
46
85
52
33
69
30
76
23
26
2
51
24
65
99
72
68
52
44
43
43
16
46
14
51
64
12
62
41
69
79
46
10
68
# P_bar : m1 | m2
30 17
15 41
32 18
24 39
42 43
30 18
27 40
15 32
20 37
21 10
25 47
31 30
30 17
11 29
39 38
49 22
20 40
20 21
49 32
10 31
21 31
41 20
48 13
22 29
38 46
20 33
12 28
41 44
19 32
14 36
34 12
45 43
33 21
15 34
23 20
49 50
13 21
33 28
48 30
44 36
21 12
17 44
49 11
29 12
41 15
26 27
31 24
33 48
15 20
39 43
# P_hat : m1 | m2
6.00 3.40
3.00 8.20
6.40 3.60
4.80 7.80
8.40 8.60
6.00 3.60
5.40 8.00
3.00 6.40
4.00 7.40
4.20 2.00
5.00 9.40
6.20 6.00
6.00 3.40
2.20 5.80
7.80 7.60
9.80 4.40
4.00 8.00
4.00 4.20
9.80 6.40
2.00 6.20
4.20 6.20
8.20 4.00
9.60 2.60
4.40 5.80
7.60 9.20
4.00 6.60
2.40 5.60
8.20 8.80
3.80 6.40
2.80 7.20
6.80 2.40
9.00 8.60
6.60 4.20
3.00 6.80
4.60 4.00
9.80 10.00
2.60 4.20
6.60 5.60
9.60 6.00
8.80 7.20
4.20 2.40
3.40 8.80
9.80 2.20
5.80 2.40
8.20 3.00
5.20 5.40
6.20 4.80
6.60 9.60
3.00 4.00
7.80 8.60
