# nJobs | nMachines
50 2
# Job Weights
60
74
28
73
39
62
63
89
8
44
21
74
88
94
43
69
24
58
1
93
12
48
60
53
81
39
49
90
52
76
30
52
84
23
90
3
88
86
37
93
51
89
76
61
45
22
29
3
12
84
# P_bar : m1 | m2
23 33
26 45
23 12
20 26
31 50
47 21
42 49
25 31
33 22
27 20
48 21
45 30
43 32
32 39
42 38
36 12
31 17
22 31
18 22
22 36
36 37
21 41
46 48
31 11
42 39
13 45
22 20
22 34
17 13
37 14
40 27
38 23
10 11
50 11
37 25
16 25
32 32
39 16
11 38
38 19
36 49
10 31
39 18
23 32
25 21
31 49
18 13
33 33
31 19
30 35
# P_hat : m1 | m2
11.76 109.23
79.62 125.50
0.00 34.29
33.33 48.02
64.79 184.20
10.27 58.35
163.48 142.88
22.61 106.85
40.15 24.12
32.83 64.57
44.24 16.40
0.27 41.44
125.45 42.96
123.76 152.65
37.68 130.19
95.48 33.66
92.00 49.44
74.66 69.70
30.43 83.34
26.66 71.46
46.84 56.32
59.86 26.74
150.29 150.95
22.52 32.32
62.32 59.96
46.90 4.53
70.99 67.12
86.67 1.55
51.29 36.59
58.19 54.33
94.50 47.27
100.47 21.62
3.14 31.01
108.90 35.95
104.98 54.64
10.71 96.70
99.92 6.61
91.07 32.31
41.90 109.20
6.45 65.56
38.21 35.13
24.06 99.20
46.26 39.79
65.73 50.76
75.90 11.06
12.71 169.60
37.00 8.18
67.17 40.89
45.79 22.04
111.95 122.00
