# nJobs | nMachines
50 2
# Job Weights
60
74
28
73
39
62
63
89
8
44
21
74
88
94
43
69
24
58
1
93
12
48
60
53
81
39
49
90
52
76
30
52
84
23
90
3
88
86
37
93
51
89
76
61
45
22
29
3
12
84
# P_bar : m1 | m2
23 33
26 45
23 12
20 26
31 50
47 21
42 49
25 31
33 22
27 20
48 21
45 30
43 32
32 39
42 38
36 12
31 17
22 31
18 22
22 36
36 37
21 41
46 48
31 11
42 39
13 45
22 20
22 34
17 13
37 14
40 27
38 23
10 11
50 11
37 25
16 25
32 32
39 16
11 38
38 19
36 49
10 31
39 18
23 32
25 21
31 49
18 13
33 33
31 19
30 35
# P_hat : m1 | m2
36.46 43.34
47.21 21.64
43.41 4.60
38.41 47.75
32.33 10.18
91.87 21.25
63.61 21.64
8.08 2.41
31.48 1.58
38.79 7.01
23.74 36.40
57.66 16.95
57.33 60.83
10.41 45.37
47.47 33.18
55.56 13.92
30.93 17.57
0.53 47.04
0.33 12.43
15.71 25.42
66.69 66.16
9.60 77.61
58.36 85.69
13.77 9.23
27.02 60.87
22.05 42.87
32.07 19.90
4.20 13.92
14.58 15.37
2.16 5.21
38.47 17.90
50.34 39.33
2.37 4.56
28.89 1.57
29.44 3.45
29.42 47.04
63.57 32.44
3.50 13.10
16.74 61.63
28.25 31.76
28.26 32.55
15.09 43.00
71.64 27.76
43.74 41.90
28.86 6.37
22.14 85.84
28.35 14.02
16.57 18.64
34.97 16.16
21.51 2.63
