# nJobs | nMachines
50 2
# Job Weights
13
51
98
71
73
35
48
26
96
65
86
97
46
85
9
44
54
78
75
91
55
21
28
4
65
53
96
5
45
34
41
31
29
95
9
94
28
59
63
35
61
87
14
31
62
19
66
56
31
14
# P_bar : m1 | m2
18 47
24 28
41 30
19 11
26 46
29 14
49 22
32 14
20 36
28 19
47 18
36 47
32 30
38 35
50 33
19 29
49 36
30 35
38 23
36 12
46 46
10 48
47 34
27 29
46 47
30 23
16 41
49 47
49 13
29 40
48 15
28 27
10 17
18 14
27 23
42 15
32 26
15 42
12 19
35 46
22 16
36 40
23 37
35 41
20 34
38 11
42 30
39 48
28 31
41 23
# P_hat : m1 | m2
13.65 37.44
0.59 13.48
0.91 3.52
6.15 1.38
12.70 31.54
22.34 6.02
33.48 4.41
14.27 6.88
5.47 2.31
27.92 11.06
20.03 4.84
16.25 37.49
5.24 9.31
30.20 15.93
34.68 0.38
4.19 2.10
4.04 14.13
20.41 16.80
24.87 13.80
9.84 3.50
43.74 31.97
1.51 41.29
20.32 26.51
25.48 1.15
19.31 22.58
19.16 2.41
6.36 9.92
13.44 46.37
48.21 1.85
11.87 19.96
42.92 9.27
6.44 18.97
2.13 9.51
0.56 0.14
17.60 7.51
15.48 7.77
27.66 2.28
7.10 14.73
11.62 0.63
6.49 3.61
19.11 6.35
27.96 5.31
17.73 21.00
29.57 28.27
15.22 27.22
23.80 2.20
5.51 5.02
1.27 5.02
25.78 19.73
25.28 16.25
