# nJobs | nMachines
50 2
# Job Weights
78
97
76
45
9
8
49
27
87
12
37
41
10
56
18
44
15
24
8
34
76
21
75
92
85
25
68
43
100
91
99
92
33
21
42
97
53
63
98
31
72
80
4
32
87
58
39
21
29
17
# P_bar : m1 | m2
24 47
12 15
15 10
44 38
12 26
20 41
24 39
44 24
25 33
38 21
50 42
28 36
27 28
30 45
18 23
44 37
25 46
49 16
29 49
19 19
11 12
10 11
10 17
12 48
24 35
37 17
28 18
44 47
21 31
42 11
38 40
33 20
34 28
40 31
41 15
48 11
42 40
23 26
48 14
43 44
25 17
44 15
45 28
44 14
49 18
15 30
46 49
15 49
35 44
49 44
# P_hat : m1 | m2
11.84 78.96
24.89 34.70
14.75 33.30
63.03 122.23
47.50 90.11
54.75 9.78
91.10 107.96
25.09 13.44
38.21 54.89
84.32 46.08
15.35 67.66
0.47 74.82
72.41 111.61
77.02 24.34
29.58 62.14
86.18 58.61
41.54 24.47
4.70 10.16
38.90 186.06
13.46 66.85
4.33 43.54
38.27 43.63
23.97 14.17
34.98 68.24
30.27 93.69
58.19 32.90
26.54 30.12
17.07 67.27
15.04 73.63
133.98 25.33
102.99 25.83
72.19 37.74
64.61 61.99
147.59 70.72
11.93 12.61
53.88 32.66
58.79 4.03
71.98 36.90
190.56 43.69
41.40 99.25
87.43 17.76
146.19 41.70
40.44 63.55
70.28 44.59
80.30 52.92
58.69 73.21
33.28 95.68
47.95 26.10
46.79 45.99
143.25 73.76
