# nJobs | nMachines
50 2
# Job Weights
4
28
100
42
50
74
62
13
46
17
91
78
17
32
51
26
71
46
85
52
33
69
30
76
23
26
2
51
24
65
99
72
68
52
44
43
43
16
46
14
51
64
12
62
41
69
79
46
10
68
# P_bar : m1 | m2
30 17
15 41
32 18
24 39
42 43
30 18
27 40
15 32
20 37
21 10
25 47
31 30
30 17
11 29
39 38
49 22
20 40
20 21
49 32
10 31
21 31
41 20
48 13
22 29
38 46
20 33
12 28
41 44
19 32
14 36
34 12
45 43
33 21
15 34
23 20
49 50
13 21
33 28
48 30
44 36
21 12
17 44
49 11
29 12
41 15
26 27
31 24
33 48
15 20
39 43
# P_hat : m1 | m2
7.43 33.36
2.12 31.29
58.20 27.91
9.13 26.72
68.99 53.98
32.68 6.91
4.20 11.68
28.66 60.04
9.88 67.91
36.11 17.75
8.44 58.79
52.94 48.50
0.79 2.35
11.26 19.42
60.02 23.84
91.61 27.97
36.37 28.48
32.78 6.24
87.04 38.17
3.98 50.49
11.94 23.69
23.70 5.29
36.20 5.11
17.31 13.77
41.39 27.59
6.40 42.42
16.59 33.65
13.74 61.26
11.79 23.20
14.09 59.33
54.16 4.90
66.55 40.34
42.61 33.64
4.67 12.25
25.16 4.39
8.57 88.37
9.81 14.40
27.29 38.30
3.82 1.52
24.11 49.68
40.14 7.59
32.42 4.91
34.53 13.42
2.50 5.78
14.69 11.60
20.40 4.35
58.76 7.06
9.32 28.61
22.91 3.59
8.48 78.33
