# nJobs | nMachines
50 2
# Job Weights
78
97
76
45
9
8
49
27
87
12
37
41
10
56
18
44
15
24
8
34
76
21
75
92
85
25
68
43
100
91
99
92
33
21
42
97
53
63
98
31
72
80
4
32
87
58
39
21
29
17
# P_bar : m1 | m2
24 47
12 15
15 10
44 38
12 26
20 41
24 39
44 24
25 33
38 21
50 42
28 36
27 28
30 45
18 23
44 37
25 46
49 16
29 49
19 19
11 12
10 11
10 17
12 48
24 35
37 17
28 18
44 47
21 31
42 11
38 40
33 20
34 28
40 31
41 15
48 11
42 40
23 26
48 14
43 44
25 17
44 15
45 28
44 14
49 18
15 30
46 49
15 49
35 44
49 44
# P_hat : m1 | m2
3.87 73.73
22.55 17.96
22.65 8.28
51.62 72.80
19.88 28.14
3.21 49.62
22.89 17.20
55.45 30.03
41.43 37.73
59.54 7.76
27.71 5.01
52.69 43.51
6.71 42.77
52.51 47.11
34.95 10.43
15.59 49.32
36.10 7.37
3.95 14.14
23.51 16.01
19.62 7.01
12.77 4.86
18.72 8.51
13.45 1.74
11.55 38.19
38.86 35.82
70.34 16.43
1.24 13.78
86.46 78.88
3.62 9.01
68.41 11.13
21.31 4.96
8.72 2.85
29.91 32.14
51.52 35.09
31.24 26.34
5.24 12.27
50.35 76.78
41.51 2.53
36.79 2.74
18.60 3.88
22.13 6.30
4.26 16.24
73.84 36.15
72.72 1.28
57.62 34.05
10.59 50.53
73.58 29.07
16.64 7.56
57.82 14.95
61.88 11.17
