# nJobs | nMachines
50 2
# Job Weights
85
100
40
32
70
90
41
1
38
71
82
11
68
48
55
16
56
33
31
23
41
96
21
60
13
91
69
98
71
29
22
96
41
5
5
4
86
7
71
4
91
87
14
18
85
36
33
49
3
70
# P_bar : m1 | m2
10 33
38 26
18 13
50 37
43 14
36 16
24 14
13 18
32 48
41 17
33 48
43 22
31 11
15 45
45 11
21 23
32 11
37 15
20 13
27 15
37 13
20 18
26 43
42 14
46 31
47 12
31 27
17 49
13 12
15 21
28 31
32 43
17 35
23 43
35 48
15 27
16 45
30 17
24 44
30 30
30 20
41 25
23 42
42 12
31 39
25 22
45 19
19 17
10 14
32 10
# P_hat : m1 | m2
3.00 9.90
11.40 7.80
5.40 3.90
15.00 11.10
12.90 4.20
10.80 4.80
7.20 4.20
3.90 5.40
9.60 14.40
12.30 5.10
9.90 14.40
12.90 6.60
9.30 3.30
4.50 13.50
13.50 3.30
6.30 6.90
9.60 3.30
11.10 4.50
6.00 3.90
8.10 4.50
11.10 3.90
6.00 5.40
7.80 12.90
12.60 4.20
13.80 9.30
14.10 3.60
9.30 8.10
5.10 14.70
3.90 3.60
4.50 6.30
8.40 9.30
9.60 12.90
5.10 10.50
6.90 12.90
10.50 14.40
4.50 8.10
4.80 13.50
9.00 5.10
7.20 13.20
9.00 9.00
9.00 6.00
12.30 7.50
6.90 12.60
12.60 3.60
9.30 11.70
7.50 6.60
13.50 5.70
5.70 5.10
3.00 4.20
9.60 3.00
