# nJobs | nMachines
50 2
# Job Weights
85
100
40
32
70
90
41
1
38
71
82
11
68
48
55
16
56
33
31
23
41
96
21
60
13
91
69
98
71
29
22
96
41
5
5
4
86
7
71
4
91
87
14
18
85
36
33
49
3
70
# P_bar : m1 | m2
10 33
38 26
18 13
50 37
43 14
36 16
24 14
13 18
32 48
41 17
33 48
43 22
31 11
15 45
45 11
21 23
32 11
37 15
20 13
27 15
37 13
20 18
26 43
42 14
46 31
47 12
31 27
17 49
13 12
15 21
28 31
32 43
17 35
23 43
35 48
15 27
16 45
30 17
24 44
30 30
30 20
41 25
23 42
42 12
31 39
25 22
45 19
19 17
10 14
32 10
# P_hat : m1 | m2
19.13 18.87
56.05 42.43
12.72 22.40
29.65 62.64
30.07 25.73
55.78 8.07
31.75 21.14
4.82 16.58
11.14 80.83
8.07 24.77
43.58 74.54
65.74 28.87
16.43 3.90
0.63 49.05
7.40 21.66
40.65 43.12
18.91 0.95
56.92 4.94
24.99 3.42
20.62 21.78
15.22 21.26
4.86 7.69
31.98 43.50
65.07 23.54
59.24 45.43
49.85 13.01
2.60 31.88
32.93 49.82
20.77 7.14
8.78 23.73
54.88 42.71
38.52 75.11
19.80 44.54
34.41 65.46
56.82 15.37
19.69 24.92
4.10 0.84
20.30 8.39
44.55 63.93
13.48 59.51
22.33 3.97
35.43 20.07
20.21 67.21
51.49 4.90
58.47 43.30
12.03 32.26
10.94 23.41
7.50 6.39
17.74 9.95
41.33 15.68
