# nJobs | nMachines
50 2
# Job Weights
50
96
18
47
72
56
45
89
96
70
87
65
93
59
75
28
17
94
84
16
39
52
66
31
53
1
5
57
7
63
73
2
37
96
12
39
77
34
29
99
54
73
18
5
15
85
99
73
29
45
# P_bar : m1 | m2
38 32
32 28
41 14
37 23
38 12
38 11
32 44
23 24
36 17
30 24
47 14
43 24
22 39
39 27
20 17
30 31
30 22
47 42
14 24
26 13
25 41
38 13
20 50
48 22
39 16
48 19
21 20
41 46
31 11
18 19
16 28
35 19
30 46
19 36
40 12
34 10
46 40
34 36
43 18
17 39
23 35
30 39
42 11
38 34
42 35
37 47
47 28
36 18
40 30
21 46
# P_hat : m1 | m2
2.98 4.40
2.37 4.07
11.15 0.70
2.77 6.53
3.10 3.06
8.66 2.21
4.32 6.10
5.36 2.96
0.71 3.32
4.39 3.93
0.47 0.26
0.81 3.69
5.98 9.43
1.63 3.72
3.19 0.26
3.70 7.31
3.13 1.33
12.69 3.26
0.09 1.19
5.18 1.29
7.23 9.31
6.39 2.03
5.62 3.07
0.75 5.79
4.90 4.22
3.75 4.96
4.60 1.43
12.07 6.23
2.39 3.25
3.53 4.40
0.95 0.23
5.94 0.37
4.18 6.40
5.54 9.82
7.30 1.94
3.56 1.49
1.57 1.27
1.54 7.09
2.91 4.44
1.28 4.45
5.87 8.14
5.05 11.28
6.59 0.67
1.31 5.34
10.84 3.01
8.02 11.18
0.95 4.85
7.64 3.43
6.52 7.18
0.51 5.46
