# nJobs | nMachines
50 2
# Job Weights
13
51
98
71
73
35
48
26
96
65
86
97
46
85
9
44
54
78
75
91
55
21
28
4
65
53
96
5
45
34
41
31
29
95
9
94
28
59
63
35
61
87
14
31
62
19
66
56
31
14
# P_bar : m1 | m2
18 47
24 28
41 30
19 11
26 46
29 14
49 22
32 14
20 36
28 19
47 18
36 47
32 30
38 35
50 33
19 29
49 36
30 35
38 23
36 12
46 46
10 48
47 34
27 29
46 47
30 23
16 41
49 47
49 13
29 40
48 15
28 27
10 17
18 14
27 23
42 15
32 26
15 42
12 19
35 46
22 16
36 40
23 37
35 41
20 34
38 11
42 30
39 48
28 31
41 23
# P_hat : m1 | m2
1.00 12.33
3.90 4.44
10.74 8.45
4.17 2.64
6.29 13.77
5.73 1.47
10.18 5.06
8.15 1.69
1.50 5.18
4.11 3.58
3.12 4.72
10.67 13.88
9.06 6.91
0.45 4.39
10.58 4.17
5.27 6.42
2.65 2.58
5.11 1.16
10.44 2.45
0.37 1.03
9.62 4.09
0.89 3.36
13.03 0.43
7.87 0.16
13.03 13.93
4.27 2.95
4.14 4.73
12.41 9.58
4.69 0.85
7.21 11.40
0.53 3.54
5.01 0.72
0.69 2.13
0.65 3.69
0.62 6.52
8.77 2.10
3.26 4.78
3.26 2.10
0.24 5.65
3.31 3.20
3.56 4.53
8.54 7.80
2.20 6.75
6.57 6.31
5.32 2.35
7.02 0.58
2.94 1.98
0.29 2.68
7.31 7.25
0.26 2.42
