# nJobs | nMachines
50 2
# Job Weights
11
56
48
26
10
20
5
81
40
17
12
66
73
12
68
45
60
1
98
36
62
2
63
67
12
79
13
2
22
66
3
46
82
34
54
15
96
20
55
58
9
72
23
71
82
40
65
85
31
87
# P_bar : m1 | m2
20 49
47 10
38 46
22 20
42 14
15 12
33 34
16 21
38 49
34 43
25 50
31 40
36 26
27 36
18 16
12 33
43 42
46 10
31 19
15 42
46 12
11 42
18 12
22 11
16 25
48 16
40 47
44 46
45 29
37 20
33 24
26 38
25 28
38 19
27 13
10 15
46 26
18 20
48 23
45 23
45 31
37 40
22 37
29 32
45 47
25 34
13 41
47 36
24 12
25 44
# P_hat : m1 | m2
2.25 14.25
13.41 2.33
8.34 12.97
3.95 5.37
1.97 2.51
0.70 3.32
0.58 0.90
4.16 1.23
6.85 0.66
7.22 4.20
0.15 5.83
9.02 3.26
8.99 6.46
1.72 3.85
0.98 1.35
0.66 5.37
3.92 1.78
7.24 2.41
4.02 0.42
1.31 12.43
8.44 2.78
0.46 2.50
1.58 0.02
2.42 2.69
2.19 5.30
11.31 3.50
2.40 10.87
6.79 1.02
8.00 3.12
0.52 0.70
6.01 6.21
1.33 7.11
0.49 2.78
10.82 0.36
7.82 1.21
2.43 1.46
4.20 5.69
0.53 3.83
9.85 6.12
5.94 3.26
1.65 1.11
5.50 8.56
0.23 8.44
7.91 5.39
3.49 10.87
4.97 5.04
1.22 6.43
7.33 4.62
3.94 0.09
1.39 1.42
