# nJobs | nMachines
50 2
# Job Weights
90
92
9
45
74
47
29
60
2
42
6
67
74
73
9
82
53
7
14
1
91
41
76
10
70
84
48
31
68
23
37
93
32
78
75
42
8
27
17
84
75
37
50
26
82
67
70
2
16
96
# P_bar : m1 | m2
15 32
12 11
40 38
21 46
36 10
15 23
30 36
17 32
22 40
20 35
24 10
12 31
36 11
13 19
35 12
40 38
27 31
41 28
44 47
33 45
18 36
43 27
19 28
39 19
11 31
19 13
30 25
49 27
16 34
37 26
37 25
25 19
14 45
43 29
16 25
21 47
34 38
42 14
42 11
19 13
42 22
42 15
11 13
16 26
34 46
40 18
29 21
36 35
10 23
18 23
# P_hat : m1 | m2
7.50 16.00
6.00 5.50
20.00 19.00
10.50 23.00
18.00 5.00
7.50 11.50
15.00 18.00
8.50 16.00
11.00 20.00
10.00 17.50
12.00 5.00
6.00 15.50
18.00 5.50
6.50 9.50
17.50 6.00
20.00 19.00
13.50 15.50
20.50 14.00
22.00 23.50
16.50 22.50
9.00 18.00
21.50 13.50
9.50 14.00
19.50 9.50
5.50 15.50
9.50 6.50
15.00 12.50
24.50 13.50
8.00 17.00
18.50 13.00
18.50 12.50
12.50 9.50
7.00 22.50
21.50 14.50
8.00 12.50
10.50 23.50
17.00 19.00
21.00 7.00
21.00 5.50
9.50 6.50
21.00 11.00
21.00 7.50
5.50 6.50
8.00 13.00
17.00 23.00
20.00 9.00
14.50 10.50
18.00 17.50
5.00 11.50
9.00 11.50
