# nJobs | nMachines
50 2
# Job Weights
90
92
9
45
74
47
29
60
2
42
6
67
74
73
9
82
53
7
14
1
91
41
76
10
70
84
48
31
68
23
37
93
32
78
75
42
8
27
17
84
75
37
50
26
82
67
70
2
16
96
# P_bar : m1 | m2
15 32
12 11
40 38
21 46
36 10
15 23
30 36
17 32
22 40
20 35
24 10
12 31
36 11
13 19
35 12
40 38
27 31
41 28
44 47
33 45
18 36
43 27
19 28
39 19
11 31
19 13
30 25
49 27
16 34
37 26
37 25
25 19
14 45
43 29
16 25
21 47
34 38
42 14
42 11
19 13
42 22
42 15
11 13
16 26
34 46
40 18
29 21
36 35
10 23
18 23
# P_hat : m1 | m2
3.00 6.40
2.40 2.20
8.00 7.60
4.20 9.20
7.20 2.00
3.00 4.60
6.00 7.20
3.40 6.40
4.40 8.00
4.00 7.00
4.80 2.00
2.40 6.20
7.20 2.20
2.60 3.80
7.00 2.40
8.00 7.60
5.40 6.20
8.20 5.60
8.80 9.40
6.60 9.00
3.60 7.20
8.60 5.40
3.80 5.60
7.80 3.80
2.20 6.20
3.80 2.60
6.00 5.00
9.80 5.40
3.20 6.80
7.40 5.20
7.40 5.00
5.00 3.80
2.80 9.00
8.60 5.80
3.20 5.00
4.20 9.40
6.80 7.60
8.40 2.80
8.40 2.20
3.80 2.60
8.40 4.40
8.40 3.00
2.20 2.60
3.20 5.20
6.80 9.20
8.00 3.60
5.80 4.20
7.20 7.00
2.00 4.60
3.60 4.60
