# nJobs | nMachines
50 2
# Job Weights
4
28
100
42
50
74
62
13
46
17
91
78
17
32
51
26
71
46
85
52
33
69
30
76
23
26
2
51
24
65
99
72
68
52
44
43
43
16
46
14
51
64
12
62
41
69
79
46
10
68
# P_bar : m1 | m2
30 17
15 41
32 18
24 39
42 43
30 18
27 40
15 32
20 37
21 10
25 47
31 30
30 17
11 29
39 38
49 22
20 40
20 21
49 32
10 31
21 31
41 20
48 13
22 29
38 46
20 33
12 28
41 44
19 32
14 36
34 12
45 43
33 21
15 34
23 20
49 50
13 21
33 28
48 30
44 36
21 12
17 44
49 11
29 12
41 15
26 27
31 24
33 48
15 20
39 43
# P_hat : m1 | m2
2.98 0.46
5.88 14.71
14.55 4.28
4.44 16.56
15.78 8.24
13.45 1.51
11.42 16.73
1.37 8.78
9.56 3.50
3.96 3.60
4.24 12.01
0.97 9.06
7.29 3.92
0.60 12.02
4.85 15.76
7.77 7.80
8.09 2.11
8.75 8.81
7.41 10.74
4.29 10.80
9.00 5.63
15.68 8.79
3.52 4.71
7.59 1.63
17.96 9.38
6.83 14.63
1.99 0.66
10.26 21.15
6.13 10.87
3.57 11.36
2.04 1.62
7.02 5.35
13.24 9.89
6.46 5.07
1.58 7.76
23.33 9.83
2.14 1.46
10.93 0.15
18.04 8.16
17.86 17.56
9.93 2.21
2.66 7.86
21.03 1.89
1.91 3.12
14.45 3.30
9.65 11.88
10.50 6.07
4.16 12.19
6.55 1.38
3.29 21.13
