# nJobs | nMachines
50 2
# Job Weights
13
51
98
71
73
35
48
26
96
65
86
97
46
85
9
44
54
78
75
91
55
21
28
4
65
53
96
5
45
34
41
31
29
95
9
94
28
59
63
35
61
87
14
31
62
19
66
56
31
14
# P_bar : m1 | m2
18 47
24 28
41 30
19 11
26 46
29 14
49 22
32 14
20 36
28 19
47 18
36 47
32 30
38 35
50 33
19 29
49 36
30 35
38 23
36 12
46 46
10 48
47 34
27 29
46 47
30 23
16 41
49 47
49 13
29 40
48 15
28 27
10 17
18 14
27 23
42 15
32 26
15 42
12 19
35 46
22 16
36 40
23 37
35 41
20 34
38 11
42 30
39 48
28 31
41 23
# P_hat : m1 | m2
7.20 18.80
9.60 11.20
16.40 12.00
7.60 4.40
10.40 18.40
11.60 5.60
19.60 8.80
12.80 5.60
8.00 14.40
11.20 7.60
18.80 7.20
14.40 18.80
12.80 12.00
15.20 14.00
20.00 13.20
7.60 11.60
19.60 14.40
12.00 14.00
15.20 9.20
14.40 4.80
18.40 18.40
4.00 19.20
18.80 13.60
10.80 11.60
18.40 18.80
12.00 9.20
6.40 16.40
19.60 18.80
19.60 5.20
11.60 16.00
19.20 6.00
11.20 10.80
4.00 6.80
7.20 5.60
10.80 9.20
16.80 6.00
12.80 10.40
6.00 16.80
4.80 7.60
14.00 18.40
8.80 6.40
14.40 16.00
9.20 14.80
14.00 16.40
8.00 13.60
15.20 4.40
16.80 12.00
15.60 19.20
11.20 12.40
16.40 9.20
