# nJobs | nMachines
50 2
# Job Weights
27
38
12
68
92
20
21
35
98
96
38
8
28
43
40
100
62
56
9
96
20
97
61
14
59
17
67
38
26
58
57
2
3
96
78
83
26
74
3
95
93
39
39
21
91
58
40
28
30
14
# P_bar : m1 | m2
23 36
12 19
32 43
47 32
12 44
27 43
27 32
45 33
34 17
11 21
39 21
10 48
24 26
15 19
42 40
15 36
24 45
49 28
11 31
46 20
28 24
50 12
24 46
35 25
45 35
21 27
37 15
19 46
46 34
16 31
36 28
29 34
28 17
37 10
28 37
47 37
14 34
30 10
40 24
27 34
10 26
40 20
35 40
35 45
10 21
12 18
45 17
24 17
44 17
38 31
# P_hat : m1 | m2
19.94 15.47
23.93 16.14
35.78 78.07
30.19 32.45
5.28 16.54
18.93 6.62
20.12 44.55
6.18 25.26
25.13 27.94
10.21 27.70
56.37 33.44
13.13 26.11
34.02 36.00
0.25 10.03
18.28 75.13
19.85 45.82
23.23 29.21
0.52 15.09
17.70 11.84
71.10 27.79
30.71 10.50
6.65 14.29
36.79 24.35
40.86 33.10
70.38 57.05
31.57 42.01
59.42 22.83
19.68 17.27
12.91 6.01
21.48 43.33
44.67 20.63
43.05 29.40
9.51 1.06
14.43 5.19
49.86 2.49
70.50 65.06
25.43 16.55
45.52 11.15
47.77 1.87
35.32 45.35
17.78 16.80
46.30 35.92
44.27 71.05
10.95 29.28
9.48 37.84
17.19 35.86
24.38 28.06
9.71 28.73
27.62 8.47
18.35 35.76
