# nJobs | nMachines
50 2
# Job Weights
50
96
18
47
72
56
45
89
96
70
87
65
93
59
75
28
17
94
84
16
39
52
66
31
53
1
5
57
7
63
73
2
37
96
12
39
77
34
29
99
54
73
18
5
15
85
99
73
29
45
# P_bar : m1 | m2
38 32
32 28
41 14
37 23
38 12
38 11
32 44
23 24
36 17
30 24
47 14
43 24
22 39
39 27
20 17
30 31
30 22
47 42
14 24
26 13
25 41
38 13
20 50
48 22
39 16
48 19
21 20
41 46
31 11
18 19
16 28
35 19
30 46
19 36
40 12
34 10
46 40
34 36
43 18
17 39
23 35
30 39
42 11
38 34
42 35
37 47
47 28
36 18
40 30
21 46
# P_hat : m1 | m2
17.39 5.36
8.53 2.43
3.24 4.98
12.87 9.50
15.07 0.60
6.02 1.32
13.71 3.12
10.42 4.18
4.98 3.83
14.75 8.99
3.31 4.56
4.34 7.45
2.03 6.87
17.43 11.36
6.54 4.01
2.28 15.18
6.60 6.98
14.46 2.65
0.58 8.11
11.47 2.11
10.05 14.07
9.60 0.45
9.67 4.37
10.03 9.41
19.19 1.82
16.03 7.95
6.66 2.79
3.40 14.79
13.67 3.82
3.85 4.87
1.30 4.27
0.22 2.02
8.40 0.76
5.01 5.47
14.39 3.92
15.13 4.69
1.83 17.42
12.44 13.79
4.03 7.10
7.29 12.97
9.42 4.56
8.11 17.69
14.92 3.69
5.97 9.53
9.89 1.94
15.20 10.51
10.79 6.45
6.44 7.78
9.88 8.20
8.70 8.75
