# nJobs | nMachines
50 2
# Job Weights
85
100
40
32
70
90
41
1
38
71
82
11
68
48
55
16
56
33
31
23
41
96
21
60
13
91
69
98
71
29
22
96
41
5
5
4
86
7
71
4
91
87
14
18
85
36
33
49
3
70
# P_bar : m1 | m2
10 33
38 26
18 13
50 37
43 14
36 16
24 14
13 18
32 48
41 17
33 48
43 22
31 11
15 45
45 11
21 23
32 11
37 15
20 13
27 15
37 13
20 18
26 43
42 14
46 31
47 12
31 27
17 49
13 12
15 21
28 31
32 43
17 35
23 43
35 48
15 27
16 45
30 17
24 44
30 30
30 20
41 25
23 42
42 12
31 39
25 22
45 19
19 17
10 14
32 10
# P_hat : m1 | m2
9.66 17.67
16.43 5.60
5.61 0.16
25.31 8.92
18.90 13.66
3.80 12.82
15.38 13.43
2.81 8.78
19.83 5.27
26.66 9.32
5.02 21.81
2.64 18.58
24.20 1.08
6.90 21.97
2.62 1.65
20.89 7.47
1.85 8.11
25.72 7.14
19.67 4.89
6.46 5.92
5.26 5.97
2.43 14.13
7.89 38.36
4.24 13.37
31.84 24.39
2.93 3.78
15.79 18.58
16.94 21.44
10.58 3.06
9.23 17.66
8.58 1.19
19.96 38.78
8.96 16.15
9.80 27.40
4.57 31.65
13.30 24.17
7.20 28.65
5.84 10.44
8.83 2.93
12.42 15.55
24.83 3.00
30.08 18.44
17.69 21.51
0.46 8.16
12.90 1.63
12.03 1.87
0.86 13.61
4.94 1.23
7.60 1.00
4.39 0.12
