# nJobs | nMachines
50 2
# Job Weights
90
92
9
45
74
47
29
60
2
42
6
67
74
73
9
82
53
7
14
1
91
41
76
10
70
84
48
31
68
23
37
93
32
78
75
42
8
27
17
84
75
37
50
26
82
67
70
2
16
96
# P_bar : m1 | m2
15 32
12 11
40 38
21 46
36 10
15 23
30 36
17 32
22 40
20 35
24 10
12 31
36 11
13 19
35 12
40 38
27 31
41 28
44 47
33 45
18 36
43 27
19 28
39 19
11 31
19 13
30 25
49 27
16 34
37 26
37 25
25 19
14 45
43 29
16 25
21 47
34 38
42 14
42 11
19 13
42 22
42 15
11 13
16 26
34 46
40 18
29 21
36 35
10 23
18 23
# P_hat : m1 | m2
1.50 3.20
1.20 1.10
4.00 3.80
2.10 4.60
3.60 1.00
1.50 2.30
3.00 3.60
1.70 3.20
2.20 4.00
2.00 3.50
2.40 1.00
1.20 3.10
3.60 1.10
1.30 1.90
3.50 1.20
4.00 3.80
2.70 3.10
4.10 2.80
4.40 4.70
3.30 4.50
1.80 3.60
4.30 2.70
1.90 2.80
3.90 1.90
1.10 3.10
1.90 1.30
3.00 2.50
4.90 2.70
1.60 3.40
3.70 2.60
3.70 2.50
2.50 1.90
1.40 4.50
4.30 2.90
1.60 2.50
2.10 4.70
3.40 3.80
4.20 1.40
4.20 1.10
1.90 1.30
4.20 2.20
4.20 1.50
1.10 1.30
1.60 2.60
3.40 4.60
4.00 1.80
2.90 2.10
3.60 3.50
1.00 2.30
1.80 2.30
