# nJobs | nMachines
50 2
# Job Weights
11
56
48
26
10
20
5
81
40
17
12
66
73
12
68
45
60
1
98
36
62
2
63
67
12
79
13
2
22
66
3
46
82
34
54
15
96
20
55
58
9
72
23
71
82
40
65
85
31
87
# P_bar : m1 | m2
20 49
47 10
38 46
22 20
42 14
15 12
33 34
16 21
38 49
34 43
25 50
31 40
36 26
27 36
18 16
12 33
43 42
46 10
31 19
15 42
46 12
11 42
18 12
22 11
16 25
48 16
40 47
44 46
45 29
37 20
33 24
26 38
25 28
38 19
27 13
10 15
46 26
18 20
48 23
45 23
45 31
37 40
22 37
29 32
45 47
25 34
13 41
47 36
24 12
25 44
# P_hat : m1 | m2
12.84 14.43
3.95 3.85
6.14 39.15
19.77 6.34
25.47 2.37
0.14 6.68
3.35 31.83
10.62 14.62
0.19 27.93
5.47 4.18
13.72 30.75
21.45 39.60
23.47 3.64
6.06 18.66
12.82 14.04
2.85 24.45
13.99 29.27
34.34 7.02
20.14 6.83
12.74 12.33
30.25 9.71
6.25 34.02
1.69 10.40
8.09 10.05
4.24 12.78
11.71 8.02
38.92 37.52
17.30 29.90
40.14 20.36
23.35 15.92
26.23 21.36
13.07 12.84
14.42 10.52
18.72 1.79
5.27 7.52
7.22 0.54
12.92 12.11
0.44 10.85
30.98 6.59
7.97 13.59
42.32 0.95
35.30 1.49
20.13 30.44
10.73 11.53
0.70 5.97
23.21 17.76
5.57 31.57
45.43 7.77
23.13 7.47
21.33 3.76
