# nJobs | nMachines
50 2
# Job Weights
13
51
98
71
73
35
48
26
96
65
86
97
46
85
9
44
54
78
75
91
55
21
28
4
65
53
96
5
45
34
41
31
29
95
9
94
28
59
63
35
61
87
14
31
62
19
66
56
31
14
# P_bar : m1 | m2
18 47
24 28
41 30
19 11
26 46
29 14
49 22
32 14
20 36
28 19
47 18
36 47
32 30
38 35
50 33
19 29
49 36
30 35
38 23
36 12
46 46
10 48
47 34
27 29
46 47
30 23
16 41
49 47
49 13
29 40
48 15
28 27
10 17
18 14
27 23
42 15
32 26
15 42
12 19
35 46
22 16
36 40
23 37
35 41
20 34
38 11
42 30
39 48
28 31
41 23
# P_hat : m1 | m2
0.52 16.65
11.63 11.72
18.12 10.46
8.81 3.74
12.93 14.23
2.52 5.27
9.71 1.74
12.13 6.17
6.96 15.69
2.15 0.28
19.17 7.43
4.04 3.03
3.58 5.03
10.20 13.01
14.82 2.65
5.51 11.86
2.24 14.98
13.16 8.88
5.05 0.07
2.33 1.72
20.44 14.19
4.78 23.55
20.26 10.74
10.93 3.77
15.07 14.90
8.26 6.21
0.70 15.99
10.01 2.51
9.13 4.95
3.77 10.83
17.36 7.22
6.94 4.62
0.41 5.38
1.98 6.52
9.22 1.18
1.60 7.03
13.62 8.94
3.71 1.42
2.88 2.86
10.37 16.29
9.07 0.54
6.26 11.64
7.80 6.40
9.90 12.73
2.67 0.78
16.69 4.79
16.75 14.60
12.84 23.25
11.91 11.62
17.78 1.50
