# nJobs | nMachines
50 2
# Job Weights
78
97
76
45
9
8
49
27
87
12
37
41
10
56
18
44
15
24
8
34
76
21
75
92
85
25
68
43
100
91
99
92
33
21
42
97
53
63
98
31
72
80
4
32
87
58
39
21
29
17
# P_bar : m1 | m2
24 47
12 15
15 10
44 38
12 26
20 41
24 39
44 24
25 33
38 21
50 42
28 36
27 28
30 45
18 23
44 37
25 46
49 16
29 49
19 19
11 12
10 11
10 17
12 48
24 35
37 17
28 18
44 47
21 31
42 11
38 40
33 20
34 28
40 31
41 15
48 11
42 40
23 26
48 14
43 44
25 17
44 15
45 28
44 14
49 18
15 30
46 49
15 49
35 44
49 44
# P_hat : m1 | m2
7.58 2.78
2.56 0.00
4.11 3.56
3.84 6.78
1.78 3.31
6.64 0.26
11.58 10.54
1.11 10.21
11.13 15.80
10.96 5.94
14.10 10.80
7.00 1.53
0.94 7.68
1.35 8.55
5.41 6.98
7.50 7.19
11.47 5.53
9.96 0.76
2.08 7.72
6.79 0.92
1.61 1.06
2.63 5.43
3.49 3.77
5.40 12.76
9.51 15.29
12.51 8.46
9.51 5.24
20.81 19.09
3.11 5.07
0.02 1.68
5.17 8.05
3.60 6.73
11.25 9.55
12.67 4.89
12.17 1.00
0.39 3.48
15.30 2.57
3.72 7.52
15.96 4.85
11.97 15.41
4.28 6.40
2.96 6.55
2.12 7.00
18.29 5.11
22.50 5.57
4.87 2.80
2.38 0.63
3.02 6.97
12.76 9.75
19.11 13.58
