# nJobs | nMachines
50 2
# Job Weights
85
100
40
32
70
90
41
1
38
71
82
11
68
48
55
16
56
33
31
23
41
96
21
60
13
91
69
98
71
29
22
96
41
5
5
4
86
7
71
4
91
87
14
18
85
36
33
49
3
70
# P_bar : m1 | m2
10 33
38 26
18 13
50 37
43 14
36 16
24 14
13 18
32 48
41 17
33 48
43 22
31 11
15 45
45 11
21 23
32 11
37 15
20 13
27 15
37 13
20 18
26 43
42 14
46 31
47 12
31 27
17 49
13 12
15 21
28 31
32 43
17 35
23 43
35 48
15 27
16 45
30 17
24 44
30 30
30 20
41 25
23 42
42 12
31 39
25 22
45 19
19 17
10 14
32 10
# P_hat : m1 | m2
22.17 11.70
0.79 22.94
54.79 31.11
7.06 108.88
128.27 55.91
29.16 59.72
91.98 35.98
19.13 30.33
41.85 122.15
24.42 53.42
40.34 22.72
150.78 36.07
123.55 36.95
22.10 69.09
80.75 25.16
60.65 54.07
113.43 8.12
87.77 21.73
31.32 17.39
44.56 1.57
102.95 1.26
0.26 59.88
64.44 46.97
59.72 29.01
146.13 37.04
17.48 45.15
72.94 28.00
32.71 84.21
33.40 41.89
3.89 70.72
64.96 23.08
71.87 138.05
38.12 64.15
55.52 83.07
94.71 25.63
48.30 8.70
17.27 131.03
99.01 33.76
47.83 76.89
9.25 87.54
7.03 61.24
54.82 15.89
72.21 102.52
118.89 6.50
97.79 117.21
51.73 57.81
79.24 72.70
11.21 4.69
13.13 3.20
55.55 11.29
