# nJobs | nMachines
50 2
# Job Weights
60
74
28
73
39
62
63
89
8
44
21
74
88
94
43
69
24
58
1
93
12
48
60
53
81
39
49
90
52
76
30
52
84
23
90
3
88
86
37
93
51
89
76
61
45
22
29
3
12
84
# P_bar : m1 | m2
23 33
26 45
23 12
20 26
31 50
47 21
42 49
25 31
33 22
27 20
48 21
45 30
43 32
32 39
42 38
36 12
31 17
22 31
18 22
22 36
36 37
21 41
46 48
31 11
42 39
13 45
22 20
22 34
17 13
37 14
40 27
38 23
10 11
50 11
37 25
16 25
32 32
39 16
11 38
38 19
36 49
10 31
39 18
23 32
25 21
31 49
18 13
33 33
31 19
30 35
# P_hat : m1 | m2
4.60 6.60
5.20 9.00
4.60 2.40
4.00 5.20
6.20 10.00
9.40 4.20
8.40 9.80
5.00 6.20
6.60 4.40
5.40 4.00
9.60 4.20
9.00 6.00
8.60 6.40
6.40 7.80
8.40 7.60
7.20 2.40
6.20 3.40
4.40 6.20
3.60 4.40
4.40 7.20
7.20 7.40
4.20 8.20
9.20 9.60
6.20 2.20
8.40 7.80
2.60 9.00
4.40 4.00
4.40 6.80
3.40 2.60
7.40 2.80
8.00 5.40
7.60 4.60
2.00 2.20
10.00 2.20
7.40 5.00
3.20 5.00
6.40 6.40
7.80 3.20
2.20 7.60
7.60 3.80
7.20 9.80
2.00 6.20
7.80 3.60
4.60 6.40
5.00 4.20
6.20 9.80
3.60 2.60
6.60 6.60
6.20 3.80
6.00 7.00
