# nJobs | nMachines
50 2
# Job Weights
90
92
9
45
74
47
29
60
2
42
6
67
74
73
9
82
53
7
14
1
91
41
76
10
70
84
48
31
68
23
37
93
32
78
75
42
8
27
17
84
75
37
50
26
82
67
70
2
16
96
# P_bar : m1 | m2
15 32
12 11
40 38
21 46
36 10
15 23
30 36
17 32
22 40
20 35
24 10
12 31
36 11
13 19
35 12
40 38
27 31
41 28
44 47
33 45
18 36
43 27
19 28
39 19
11 31
19 13
30 25
49 27
16 34
37 26
37 25
25 19
14 45
43 29
16 25
21 47
34 38
42 14
42 11
19 13
42 22
42 15
11 13
16 26
34 46
40 18
29 21
36 35
10 23
18 23
# P_hat : m1 | m2
3.14 4.99
1.93 2.81
3.71 6.29
5.13 7.74
7.40 2.63
0.73 2.78
8.20 1.45
4.19 0.28
6.27 9.06
4.35 6.51
4.42 2.11
1.51 1.98
10.07 0.45
3.38 0.08
0.47 1.26
0.32 6.73
3.05 3.65
9.97 3.67
13.03 12.75
1.49 4.70
3.21 5.55
4.91 6.35
5.53 3.33
9.85 3.55
2.77 8.02
2.67 3.70
3.73 1.10
4.02 7.51
0.27 5.02
9.60 2.01
9.02 3.44
7.50 5.59
4.19 6.65
7.17 2.86
3.69 4.75
5.95 3.39
8.67 0.86
3.12 0.54
5.68 0.42
0.74 0.59
12.02 0.92
7.64 2.88
0.75 0.71
3.22 2.70
6.30 12.38
4.30 2.56
0.99 4.21
7.25 1.81
1.56 1.33
4.17 0.28
