# nJobs | nMachines
50 2
# Job Weights
27
38
12
68
92
20
21
35
98
96
38
8
28
43
40
100
62
56
9
96
20
97
61
14
59
17
67
38
26
58
57
2
3
96
78
83
26
74
3
95
93
39
39
21
91
58
40
28
30
14
# P_bar : m1 | m2
23 36
12 19
32 43
47 32
12 44
27 43
27 32
45 33
34 17
11 21
39 21
10 48
24 26
15 19
42 40
15 36
24 45
49 28
11 31
46 20
28 24
50 12
24 46
35 25
45 35
21 27
37 15
19 46
46 34
16 31
36 28
29 34
28 17
37 10
28 37
47 37
14 34
30 10
40 24
27 34
10 26
40 20
35 40
35 45
10 21
12 18
45 17
24 17
44 17
38 31
# P_hat : m1 | m2
6.19 65.49
4.56 51.28
127.86 116.54
61.41 47.76
35.91 165.74
87.12 28.79
92.67 64.05
179.57 91.20
32.84 47.41
1.78 54.49
64.15 23.12
5.20 29.99
2.15 66.14
21.63 45.55
131.67 28.70
33.97 101.54
30.03 81.93
128.25 74.79
10.21 103.83
2.65 13.58
85.61 1.84
124.75 37.40
73.18 112.18
5.45 69.96
150.68 117.34
52.04 86.70
83.38 57.66
47.47 98.61
159.06 66.44
37.56 49.83
83.66 17.21
114.92 77.87
84.75 18.84
65.46 36.85
79.23 86.31
73.18 87.74
12.82 48.27
71.62 2.08
148.51 3.05
100.35 57.57
13.68 8.79
84.43 48.55
29.63 140.96
139.39 158.92
39.24 55.36
31.18 15.21
144.79 58.68
68.65 60.25
104.40 13.37
8.11 91.44
