# nJobs | nMachines
50 2
# Job Weights
3
89
66
45
96
20
10
82
20
24
85
3
64
83
70
32
16
94
4
4
84
60
15
33
23
33
73
9
15
80
93
27
25
29
27
48
33
99
4
82
97
55
57
48
85
66
3
76
21
88
# P_bar : m1 | m2
20 16
31 26
32 24
43 20
48 18
45 48
10 42
45 38
11 10
45 50
29 26
15 42
22 34
48 18
20 43
26 18
46 43
33 17
42 45
34 14
22 32
36 23
26 28
44 22
28 37
47 34
32 25
27 24
45 24
35 37
11 30
45 10
46 23
16 48
25 39
21 31
18 31
45 44
18 30
39 25
25 25
12 17
13 11
40 39
28 48
15 39
50 49
10 30
42 23
38 38
# P_hat : m1 | m2
6.00 4.80
9.30 7.80
9.60 7.20
12.90 6.00
14.40 5.40
13.50 14.40
3.00 12.60
13.50 11.40
3.30 3.00
13.50 15.00
8.70 7.80
4.50 12.60
6.60 10.20
14.40 5.40
6.00 12.90
7.80 5.40
13.80 12.90
9.90 5.10
12.60 13.50
10.20 4.20
6.60 9.60
10.80 6.90
7.80 8.40
13.20 6.60
8.40 11.10
14.10 10.20
9.60 7.50
8.10 7.20
13.50 7.20
10.50 11.10
3.30 9.00
13.50 3.00
13.80 6.90
4.80 14.40
7.50 11.70
6.30 9.30
5.40 9.30
13.50 13.20
5.40 9.00
11.70 7.50
7.50 7.50
3.60 5.10
3.90 3.30
12.00 11.70
8.40 14.40
4.50 11.70
15.00 14.70
3.00 9.00
12.60 6.90
11.40 11.40
