# nJobs | nMachines
50 2
# Job Weights
13
51
98
71
73
35
48
26
96
65
86
97
46
85
9
44
54
78
75
91
55
21
28
4
65
53
96
5
45
34
41
31
29
95
9
94
28
59
63
35
61
87
14
31
62
19
66
56
31
14
# P_bar : m1 | m2
18 47
24 28
41 30
19 11
26 46
29 14
49 22
32 14
20 36
28 19
47 18
36 47
32 30
38 35
50 33
19 29
49 36
30 35
38 23
36 12
46 46
10 48
47 34
27 29
46 47
30 23
16 41
49 47
49 13
29 40
48 15
28 27
10 17
18 14
27 23
42 15
32 26
15 42
12 19
35 46
22 16
36 40
23 37
35 41
20 34
38 11
42 30
39 48
28 31
41 23
# P_hat : m1 | m2
3.60 9.40
4.80 5.60
8.20 6.00
3.80 2.20
5.20 9.20
5.80 2.80
9.80 4.40
6.40 2.80
4.00 7.20
5.60 3.80
9.40 3.60
7.20 9.40
6.40 6.00
7.60 7.00
10.00 6.60
3.80 5.80
9.80 7.20
6.00 7.00
7.60 4.60
7.20 2.40
9.20 9.20
2.00 9.60
9.40 6.80
5.40 5.80
9.20 9.40
6.00 4.60
3.20 8.20
9.80 9.40
9.80 2.60
5.80 8.00
9.60 3.00
5.60 5.40
2.00 3.40
3.60 2.80
5.40 4.60
8.40 3.00
6.40 5.20
3.00 8.40
2.40 3.80
7.00 9.20
4.40 3.20
7.20 8.00
4.60 7.40
7.00 8.20
4.00 6.80
7.60 2.20
8.40 6.00
7.80 9.60
5.60 6.20
8.20 4.60
