# nJobs | nMachines
50 2
# Job Weights
78
97
76
45
9
8
49
27
87
12
37
41
10
56
18
44
15
24
8
34
76
21
75
92
85
25
68
43
100
91
99
92
33
21
42
97
53
63
98
31
72
80
4
32
87
58
39
21
29
17
# P_bar : m1 | m2
24 47
12 15
15 10
44 38
12 26
20 41
24 39
44 24
25 33
38 21
50 42
28 36
27 28
30 45
18 23
44 37
25 46
49 16
29 49
19 19
11 12
10 11
10 17
12 48
24 35
37 17
28 18
44 47
21 31
42 11
38 40
33 20
34 28
40 31
41 15
48 11
42 40
23 26
48 14
43 44
25 17
44 15
45 28
44 14
49 18
15 30
46 49
15 49
35 44
49 44
# P_hat : m1 | m2
4.12 13.18
2.90 3.10
3.42 2.47
2.03 6.34
0.54 6.08
1.61 0.20
2.60 9.58
5.39 0.29
5.10 8.81
0.65 6.25
0.52 3.71
3.29 2.27
5.65 6.43
1.74 3.42
3.46 5.97
3.43 1.14
6.65 1.74
13.17 4.70
2.59 9.91
1.31 4.83
1.36 1.17
0.72 2.23
2.02 3.03
2.97 8.69
4.85 7.17
9.15 2.93
3.33 2.32
2.06 3.89
4.65 7.15
4.54 0.75
7.65 8.31
2.68 1.40
0.83 5.25
11.91 6.95
1.92 0.98
14.23 0.20
12.31 1.57
5.48 4.73
9.50 3.57
7.45 0.59
6.50 3.74
3.82 1.54
6.31 4.02
8.18 3.90
6.04 1.79
1.92 4.19
4.56 0.20
2.54 1.20
8.93 3.41
2.96 0.37
