# nJobs | nMachines
50 2
# Job Weights
50
96
18
47
72
56
45
89
96
70
87
65
93
59
75
28
17
94
84
16
39
52
66
31
53
1
5
57
7
63
73
2
37
96
12
39
77
34
29
99
54
73
18
5
15
85
99
73
29
45
# P_bar : m1 | m2
38 32
32 28
41 14
37 23
38 12
38 11
32 44
23 24
36 17
30 24
47 14
43 24
22 39
39 27
20 17
30 31
30 22
47 42
14 24
26 13
25 41
38 13
20 50
48 22
39 16
48 19
21 20
41 46
31 11
18 19
16 28
35 19
30 46
19 36
40 12
34 10
46 40
34 36
43 18
17 39
23 35
30 39
42 11
38 34
42 35
37 47
47 28
36 18
40 30
21 46
# P_hat : m1 | m2
51.77 34.59
9.18 108.24
67.18 31.23
46.06 31.95
102.92 27.86
92.08 6.12
46.67 78.15
20.05 60.12
142.28 33.25
54.48 38.57
129.40 55.66
24.18 84.51
42.73 97.25
4.30 61.49
40.44 42.20
115.68 24.96
46.10 34.77
7.33 6.63
1.73 45.65
40.35 28.24
16.00 37.35
3.55 50.13
60.50 181.89
88.04 63.55
45.12 34.14
172.82 66.12
9.76 10.45
156.77 145.45
38.93 5.49
63.97 60.36
38.59 30.89
115.74 66.66
118.08 173.70
21.92 21.43
153.78 22.21
52.97 39.24
70.93 77.35
46.29 124.35
93.12 42.39
10.48 58.55
50.94 40.01
65.00 31.70
128.00 33.52
126.71 52.57
73.99 71.58
44.75 92.56
48.75 64.66
28.03 62.32
9.22 117.69
28.77 75.00
