# nJobs | nMachines
50 2
# Job Weights
13
51
98
71
73
35
48
26
96
65
86
97
46
85
9
44
54
78
75
91
55
21
28
4
65
53
96
5
45
34
41
31
29
95
9
94
28
59
63
35
61
87
14
31
62
19
66
56
31
14
# P_bar : m1 | m2
18 47
24 28
41 30
19 11
26 46
29 14
49 22
32 14
20 36
28 19
47 18
36 47
32 30
38 35
50 33
19 29
49 36
30 35
38 23
36 12
46 46
10 48
47 34
27 29
46 47
30 23
16 41
49 47
49 13
29 40
48 15
28 27
10 17
18 14
27 23
42 15
32 26
15 42
12 19
35 46
22 16
36 40
23 37
35 41
20 34
38 11
42 30
39 48
28 31
41 23
# P_hat : m1 | m2
12.03 93.47
16.09 69.20
6.01 104.27
55.97 25.11
69.04 5.59
55.06 52.13
165.46 60.68
103.13 37.88
46.83 31.06
97.25 50.08
38.70 28.36
16.12 122.43
34.53 12.79
8.68 92.10
106.23 131.92
71.18 5.59
7.71 140.71
14.65 56.97
68.73 80.11
134.48 37.55
58.17 104.33
20.29 141.78
7.82 119.48
16.02 46.88
181.54 61.48
115.81 61.42
0.32 132.49
186.56 143.31
125.27 41.49
100.68 69.69
87.31 49.07
57.75 12.98
19.55 37.03
48.01 0.32
15.08 29.86
5.04 21.99
39.42 41.20
42.28 116.84
9.69 29.53
94.28 82.56
85.35 15.20
13.52 59.72
61.88 33.64
62.13 12.00
69.45 82.07
26.93 29.40
116.36 74.34
130.75 88.99
105.80 47.09
112.05 79.43
