# nJobs | nMachines
50 2
# Job Weights
78
97
76
45
9
8
49
27
87
12
37
41
10
56
18
44
15
24
8
34
76
21
75
92
85
25
68
43
100
91
99
92
33
21
42
97
53
63
98
31
72
80
4
32
87
58
39
21
29
17
# P_bar : m1 | m2
24 47
12 15
15 10
44 38
12 26
20 41
24 39
44 24
25 33
38 21
50 42
28 36
27 28
30 45
18 23
44 37
25 46
49 16
29 49
19 19
11 12
10 11
10 17
12 48
24 35
37 17
28 18
44 47
21 31
42 11
38 40
33 20
34 28
40 31
41 15
48 11
42 40
23 26
48 14
43 44
25 17
44 15
45 28
44 14
49 18
15 30
46 49
15 49
35 44
49 44
# P_hat : m1 | m2
20.40 17.76
2.35 0.93
1.88 3.39
42.39 19.23
1.30 4.21
9.57 26.98
14.05 38.91
23.82 10.84
2.15 11.71
2.17 8.41
5.27 4.84
16.40 31.80
14.70 11.62
7.01 17.43
11.48 15.17
36.08 16.36
1.04 29.82
24.41 0.98
19.99 39.87
4.79 17.87
3.39 7.79
6.14 10.50
8.98 2.57
9.72 22.92
14.00 21.06
27.02 9.89
10.22 7.23
28.20 15.89
9.79 3.93
7.98 4.31
26.67 6.51
18.36 14.69
12.19 5.85
36.45 1.82
0.86 8.29
15.16 6.55
2.39 34.88
17.63 15.00
33.70 4.84
14.25 35.33
16.89 9.18
17.42 1.19
34.03 15.84
19.98 12.71
20.20 7.13
14.02 8.89
11.54 7.03
1.81 7.42
20.46 19.04
47.50 26.21
