# nJobs | nMachines
50 2
# Job Weights
90
92
9
45
74
47
29
60
2
42
6
67
74
73
9
82
53
7
14
1
91
41
76
10
70
84
48
31
68
23
37
93
32
78
75
42
8
27
17
84
75
37
50
26
82
67
70
2
16
96
# P_bar : m1 | m2
15 32
12 11
40 38
21 46
36 10
15 23
30 36
17 32
22 40
20 35
24 10
12 31
36 11
13 19
35 12
40 38
27 31
41 28
44 47
33 45
18 36
43 27
19 28
39 19
11 31
19 13
30 25
49 27
16 34
37 26
37 25
25 19
14 45
43 29
16 25
21 47
34 38
42 14
42 11
19 13
42 22
42 15
11 13
16 26
34 46
40 18
29 21
36 35
10 23
18 23
# P_hat : m1 | m2
1.27 1.39
1.67 2.95
3.54 11.15
0.93 17.15
2.17 2.16
3.46 1.47
3.10 5.11
3.10 5.81
5.54 12.92
6.90 9.99
0.47 1.78
4.80 15.29
11.30 3.33
0.53 2.25
15.29 0.61
18.42 2.90
0.82 3.81
5.68 2.25
17.74 4.38
12.35 6.41
1.66 3.12
4.50 12.11
3.52 1.12
9.45 4.98
3.40 6.36
3.50 6.39
6.94 1.40
18.31 5.37
0.29 16.48
4.67 11.25
13.20 10.21
11.19 2.45
3.58 3.84
11.44 9.70
0.86 11.62
4.70 13.08
9.05 10.86
5.09 1.96
5.65 4.23
3.58 1.22
0.42 3.56
6.76 3.19
1.16 3.30
2.62 3.15
2.04 2.64
17.81 5.50
8.61 3.03
12.22 10.17
3.95 1.78
4.49 5.53
