# nJobs | nMachines
50 2
# Job Weights
3
89
66
45
96
20
10
82
20
24
85
3
64
83
70
32
16
94
4
4
84
60
15
33
23
33
73
9
15
80
93
27
25
29
27
48
33
99
4
82
97
55
57
48
85
66
3
76
21
88
# P_bar : m1 | m2
20 16
31 26
32 24
43 20
48 18
45 48
10 42
45 38
11 10
45 50
29 26
15 42
22 34
48 18
20 43
26 18
46 43
33 17
42 45
34 14
22 32
36 23
26 28
44 22
28 37
47 34
32 25
27 24
45 24
35 37
11 30
45 10
46 23
16 48
25 39
21 31
18 31
45 44
18 30
39 25
25 25
12 17
13 11
40 39
28 48
15 39
50 49
10 30
42 23
38 38
# P_hat : m1 | m2
2.00 1.60
3.10 2.60
3.20 2.40
4.30 2.00
4.80 1.80
4.50 4.80
1.00 4.20
4.50 3.80
1.10 1.00
4.50 5.00
2.90 2.60
1.50 4.20
2.20 3.40
4.80 1.80
2.00 4.30
2.60 1.80
4.60 4.30
3.30 1.70
4.20 4.50
3.40 1.40
2.20 3.20
3.60 2.30
2.60 2.80
4.40 2.20
2.80 3.70
4.70 3.40
3.20 2.50
2.70 2.40
4.50 2.40
3.50 3.70
1.10 3.00
4.50 1.00
4.60 2.30
1.60 4.80
2.50 3.90
2.10 3.10
1.80 3.10
4.50 4.40
1.80 3.00
3.90 2.50
2.50 2.50
1.20 1.70
1.30 1.10
4.00 3.90
2.80 4.80
1.50 3.90
5.00 4.90
1.00 3.00
4.20 2.30
3.80 3.80
