# nJobs | nMachines
50 2
# Job Weights
3
89
66
45
96
20
10
82
20
24
85
3
64
83
70
32
16
94
4
4
84
60
15
33
23
33
73
9
15
80
93
27
25
29
27
48
33
99
4
82
97
55
57
48
85
66
3
76
21
88
# P_bar : m1 | m2
20 16
31 26
32 24
43 20
48 18
45 48
10 42
45 38
11 10
45 50
29 26
15 42
22 34
48 18
20 43
26 18
46 43
33 17
42 45
34 14
22 32
36 23
26 28
44 22
28 37
47 34
32 25
27 24
45 24
35 37
11 30
45 10
46 23
16 48
25 39
21 31
18 31
45 44
18 30
39 25
25 25
12 17
13 11
40 39
28 48
15 39
50 49
10 30
42 23
38 38
# P_hat : m1 | m2
1.72 3.86
7.46 1.07
9.57 4.18
0.39 3.03
12.92 0.78
8.41 8.99
2.92 3.45
6.28 5.56
2.80 0.25
0.84 6.89
2.92 2.39
0.30 10.36
6.44 0.58
11.76 2.26
5.12 5.91
7.32 3.92
1.17 7.41
3.82 3.40
0.90 10.49
2.15 3.62
1.51 3.01
5.07 3.71
2.09 7.06
1.33 6.53
1.41 9.87
2.08 3.79
9.34 1.46
6.15 3.52
13.06 5.34
4.62 5.47
0.92 4.35
10.78 2.51
4.50 2.49
1.44 12.38
1.74 4.76
0.82 3.05
1.38 4.22
4.80 10.06
3.64 1.13
0.73 1.47
1.58 7.14
2.91 0.90
0.57 1.87
4.11 6.78
7.26 7.05
0.70 7.54
1.24 3.38
1.45 4.97
3.81 2.57
6.42 7.54
