# nJobs | nMachines
50 2
# Job Weights
13
51
98
71
73
35
48
26
96
65
86
97
46
85
9
44
54
78
75
91
55
21
28
4
65
53
96
5
45
34
41
31
29
95
9
94
28
59
63
35
61
87
14
31
62
19
66
56
31
14
# P_bar : m1 | m2
18 47
24 28
41 30
19 11
26 46
29 14
49 22
32 14
20 36
28 19
47 18
36 47
32 30
38 35
50 33
19 29
49 36
30 35
38 23
36 12
46 46
10 48
47 34
27 29
46 47
30 23
16 41
49 47
49 13
29 40
48 15
28 27
10 17
18 14
27 23
42 15
32 26
15 42
12 19
35 46
22 16
36 40
23 37
35 41
20 34
38 11
42 30
39 48
28 31
41 23
# P_hat : m1 | m2
1.14 81.50
44.94 32.41
4.26 26.32
20.57 15.96
36.87 44.77
50.52 24.46
69.98 39.63
51.31 11.81
13.58 19.93
45.63 22.51
7.53 32.85
64.43 19.80
35.05 37.38
62.11 44.21
45.23 48.39
24.46 7.63
51.59 51.54
43.90 63.63
6.20 8.27
4.35 5.70
22.73 89.37
3.19 17.37
81.95 58.10
11.84 28.55
89.78 23.24
20.21 40.05
5.83 36.52
77.39 48.39
64.55 9.34
28.90 47.44
53.31 4.91
40.28 21.12
4.57 32.96
35.87 7.23
52.64 30.21
54.63 9.76
12.77 40.22
20.41 10.99
1.73 36.85
2.15 41.75
11.34 7.55
33.31 5.88
39.94 12.56
50.90 42.62
29.71 22.92
32.34 18.24
29.06 25.85
28.94 23.88
55.31 38.26
3.29 32.51
