# nJobs | nMachines
50 2
# Job Weights
85
100
40
32
70
90
41
1
38
71
82
11
68
48
55
16
56
33
31
23
41
96
21
60
13
91
69
98
71
29
22
96
41
5
5
4
86
7
71
4
91
87
14
18
85
36
33
49
3
70
# P_bar : m1 | m2
10 33
38 26
18 13
50 37
43 14
36 16
24 14
13 18
32 48
41 17
33 48
43 22
31 11
15 45
45 11
21 23
32 11
37 15
20 13
27 15
37 13
20 18
26 43
42 14
46 31
47 12
31 27
17 49
13 12
15 21
28 31
32 43
17 35
23 43
35 48
15 27
16 45
30 17
24 44
30 30
30 20
41 25
23 42
42 12
31 39
25 22
45 19
19 17
10 14
32 10
# P_hat : m1 | m2
1.56 9.42
5.46 4.69
0.14 3.19
5.12 9.81
4.90 0.96
4.31 1.02
4.18 2.57
2.08 2.22
5.84 12.09
9.41 4.59
8.05 5.09
9.26 1.56
8.89 2.58
0.08 3.71
2.64 2.71
0.05 2.92
6.22 2.20
9.97 0.43
1.46 2.43
7.51 2.03
0.67 2.29
5.61 0.91
2.74 9.51
1.28 3.62
6.71 2.02
3.62 0.34
2.65 0.19
1.57 9.44
3.13 2.19
2.43 3.44
2.61 2.16
5.86 5.04
3.65 6.24
1.88 6.41
4.34 14.22
0.55 1.11
0.87 9.38
6.13 2.06
1.31 5.65
4.73 6.46
6.38 4.15
1.31 7.43
3.91 1.62
3.23 0.37
8.96 8.47
3.63 3.82
10.88 1.56
3.14 0.41
0.13 0.36
6.08 2.68
