# nJobs | nMachines
50 2
# Job Weights
60
74
28
73
39
62
63
89
8
44
21
74
88
94
43
69
24
58
1
93
12
48
60
53
81
39
49
90
52
76
30
52
84
23
90
3
88
86
37
93
51
89
76
61
45
22
29
3
12
84
# P_bar : m1 | m2
23 33
26 45
23 12
20 26
31 50
47 21
42 49
25 31
33 22
27 20
48 21
45 30
43 32
32 39
42 38
36 12
31 17
22 31
18 22
22 36
36 37
21 41
46 48
31 11
42 39
13 45
22 20
22 34
17 13
37 14
40 27
38 23
10 11
50 11
37 25
16 25
32 32
39 16
11 38
38 19
36 49
10 31
39 18
23 32
25 21
31 49
18 13
33 33
31 19
30 35
# P_hat : m1 | m2
11.50 16.50
13.00 22.50
11.50 6.00
10.00 13.00
15.50 25.00
23.50 10.50
21.00 24.50
12.50 15.50
16.50 11.00
13.50 10.00
24.00 10.50
22.50 15.00
21.50 16.00
16.00 19.50
21.00 19.00
18.00 6.00
15.50 8.50
11.00 15.50
9.00 11.00
11.00 18.00
18.00 18.50
10.50 20.50
23.00 24.00
15.50 5.50
21.00 19.50
6.50 22.50
11.00 10.00
11.00 17.00
8.50 6.50
18.50 7.00
20.00 13.50
19.00 11.50
5.00 5.50
25.00 5.50
18.50 12.50
8.00 12.50
16.00 16.00
19.50 8.00
5.50 19.00
19.00 9.50
18.00 24.50
5.00 15.50
19.50 9.00
11.50 16.00
12.50 10.50
15.50 24.50
9.00 6.50
16.50 16.50
15.50 9.50
15.00 17.50
