# nJobs | nMachines
50 2
# Job Weights
90
92
9
45
74
47
29
60
2
42
6
67
74
73
9
82
53
7
14
1
91
41
76
10
70
84
48
31
68
23
37
93
32
78
75
42
8
27
17
84
75
37
50
26
82
67
70
2
16
96
# P_bar : m1 | m2
15 32
12 11
40 38
21 46
36 10
15 23
30 36
17 32
22 40
20 35
24 10
12 31
36 11
13 19
35 12
40 38
27 31
41 28
44 47
33 45
18 36
43 27
19 28
39 19
11 31
19 13
30 25
49 27
16 34
37 26
37 25
25 19
14 45
43 29
16 25
21 47
34 38
42 14
42 11
19 13
42 22
42 15
11 13
16 26
34 46
40 18
29 21
36 35
10 23
18 23
# P_hat : m1 | m2
12.47 76.87
1.27 29.26
29.03 26.66
48.98 168.25
60.69 16.75
53.56 35.25
98.09 74.72
23.24 6.01
22.83 26.61
30.38 103.32
56.67 3.31
12.87 74.79
89.88 10.80
21.29 29.59
77.29 13.86
69.78 54.06
31.80 89.16
155.55 33.28
134.39 106.48
18.49 85.69
62.53 95.57
83.84 101.18
67.99 82.05
124.78 16.34
18.71 3.87
1.71 13.64
32.24 59.51
106.16 5.55
40.54 67.51
38.17 62.07
20.62 33.42
83.49 58.59
55.13 19.19
90.42 8.72
10.99 72.82
22.87 93.15
2.50 104.64
153.60 24.35
19.78 10.84
43.82 42.59
46.04 70.35
93.10 41.68
28.66 14.15
53.10 61.38
28.07 66.42
1.76 6.59
15.88 77.05
129.60 19.15
34.96 87.42
43.01 41.03
