# nJobs | nMachines
50 2
# Job Weights
4
28
100
42
50
74
62
13
46
17
91
78
17
32
51
26
71
46
85
52
33
69
30
76
23
26
2
51
24
65
99
72
68
52
44
43
43
16
46
14
51
64
12
62
41
69
79
46
10
68
# P_bar : m1 | m2
30 17
15 41
32 18
24 39
42 43
30 18
27 40
15 32
20 37
21 10
25 47
31 30
30 17
11 29
39 38
49 22
20 40
20 21
49 32
10 31
21 31
41 20
48 13
22 29
38 46
20 33
12 28
41 44
19 32
14 36
34 12
45 43
33 21
15 34
23 20
49 50
13 21
33 28
48 30
44 36
21 12
17 44
49 11
29 12
41 15
26 27
31 24
33 48
15 20
39 43
# P_hat : m1 | m2
0.73 26.86
29.03 8.41
15.78 28.94
29.54 105.11
155.58 77.46
19.40 53.93
104.31 57.12
12.35 81.25
59.33 27.59
45.92 29.97
88.45 102.59
68.70 24.49
64.15 19.85
8.60 86.84
25.93 73.36
179.63 19.01
26.23 154.76
29.77 60.07
148.93 122.51
13.55 52.96
79.97 58.91
121.02 71.84
114.71 27.30
77.52 82.04
7.54 46.40
20.57 58.97
22.32 13.83
37.22 36.25
56.54 0.12
51.48 5.65
57.63 46.91
61.58 41.68
126.92 55.72
26.69 114.12
44.99 44.05
68.92 30.63
47.30 61.16
75.10 67.23
146.34 87.75
142.88 110.84
28.72 46.82
29.49 100.95
166.30 15.03
42.14 31.13
130.21 4.11
97.86 96.92
77.28 11.46
97.89 62.95
48.31 65.26
131.83 102.74
