# nJobs | nMachines
50 2
# Job Weights
50
96
18
47
72
56
45
89
96
70
87
65
93
59
75
28
17
94
84
16
39
52
66
31
53
1
5
57
7
63
73
2
37
96
12
39
77
34
29
99
54
73
18
5
15
85
99
73
29
45
# P_bar : m1 | m2
38 32
32 28
41 14
37 23
38 12
38 11
32 44
23 24
36 17
30 24
47 14
43 24
22 39
39 27
20 17
30 31
30 22
47 42
14 24
26 13
25 41
38 13
20 50
48 22
39 16
48 19
21 20
41 46
31 11
18 19
16 28
35 19
30 46
19 36
40 12
34 10
46 40
34 36
43 18
17 39
23 35
30 39
42 11
38 34
42 35
37 47
47 28
36 18
40 30
21 46
# P_hat : m1 | m2
7.60 6.40
6.40 5.60
8.20 2.80
7.40 4.60
7.60 2.40
7.60 2.20
6.40 8.80
4.60 4.80
7.20 3.40
6.00 4.80
9.40 2.80
8.60 4.80
4.40 7.80
7.80 5.40
4.00 3.40
6.00 6.20
6.00 4.40
9.40 8.40
2.80 4.80
5.20 2.60
5.00 8.20
7.60 2.60
4.00 10.00
9.60 4.40
7.80 3.20
9.60 3.80
4.20 4.00
8.20 9.20
6.20 2.20
3.60 3.80
3.20 5.60
7.00 3.80
6.00 9.20
3.80 7.20
8.00 2.40
6.80 2.00
9.20 8.00
6.80 7.20
8.60 3.60
3.40 7.80
4.60 7.00
6.00 7.80
8.40 2.20
7.60 6.80
8.40 7.00
7.40 9.40
9.40 5.60
7.20 3.60
8.00 6.00
4.20 9.20
