# nJobs | nMachines
50 2
# Job Weights
11
56
48
26
10
20
5
81
40
17
12
66
73
12
68
45
60
1
98
36
62
2
63
67
12
79
13
2
22
66
3
46
82
34
54
15
96
20
55
58
9
72
23
71
82
40
65
85
31
87
# P_bar : m1 | m2
20 49
47 10
38 46
22 20
42 14
15 12
33 34
16 21
38 49
34 43
25 50
31 40
36 26
27 36
18 16
12 33
43 42
46 10
31 19
15 42
46 12
11 42
18 12
22 11
16 25
48 16
40 47
44 46
45 29
37 20
33 24
26 38
25 28
38 19
27 13
10 15
46 26
18 20
48 23
45 23
45 31
37 40
22 37
29 32
45 47
25 34
13 41
47 36
24 12
25 44
# P_hat : m1 | m2
4.00 9.80
9.40 2.00
7.60 9.20
4.40 4.00
8.40 2.80
3.00 2.40
6.60 6.80
3.20 4.20
7.60 9.80
6.80 8.60
5.00 10.00
6.20 8.00
7.20 5.20
5.40 7.20
3.60 3.20
2.40 6.60
8.60 8.40
9.20 2.00
6.20 3.80
3.00 8.40
9.20 2.40
2.20 8.40
3.60 2.40
4.40 2.20
3.20 5.00
9.60 3.20
8.00 9.40
8.80 9.20
9.00 5.80
7.40 4.00
6.60 4.80
5.20 7.60
5.00 5.60
7.60 3.80
5.40 2.60
2.00 3.00
9.20 5.20
3.60 4.00
9.60 4.60
9.00 4.60
9.00 6.20
7.40 8.00
4.40 7.40
5.80 6.40
9.00 9.40
5.00 6.80
2.60 8.20
9.40 7.20
4.80 2.40
5.00 8.80
