# nJobs | nMachines
50 2
# Job Weights
11
56
48
26
10
20
5
81
40
17
12
66
73
12
68
45
60
1
98
36
62
2
63
67
12
79
13
2
22
66
3
46
82
34
54
15
96
20
55
58
9
72
23
71
82
40
65
85
31
87
# P_bar : m1 | m2
20 49
47 10
38 46
22 20
42 14
15 12
33 34
16 21
38 49
34 43
25 50
31 40
36 26
27 36
18 16
12 33
43 42
46 10
31 19
15 42
46 12
11 42
18 12
22 11
16 25
48 16
40 47
44 46
45 29
37 20
33 24
26 38
25 28
38 19
27 13
10 15
46 26
18 20
48 23
45 23
45 31
37 40
22 37
29 32
45 47
25 34
13 41
47 36
24 12
25 44
# P_hat : m1 | m2
10.00 24.50
23.50 5.00
19.00 23.00
11.00 10.00
21.00 7.00
7.50 6.00
16.50 17.00
8.00 10.50
19.00 24.50
17.00 21.50
12.50 25.00
15.50 20.00
18.00 13.00
13.50 18.00
9.00 8.00
6.00 16.50
21.50 21.00
23.00 5.00
15.50 9.50
7.50 21.00
23.00 6.00
5.50 21.00
9.00 6.00
11.00 5.50
8.00 12.50
24.00 8.00
20.00 23.50
22.00 23.00
22.50 14.50
18.50 10.00
16.50 12.00
13.00 19.00
12.50 14.00
19.00 9.50
13.50 6.50
5.00 7.50
23.00 13.00
9.00 10.00
24.00 11.50
22.50 11.50
22.50 15.50
18.50 20.00
11.00 18.50
14.50 16.00
22.50 23.50
12.50 17.00
6.50 20.50
23.50 18.00
12.00 6.00
12.50 22.00
