# nJobs | nMachines
50 2
# Job Weights
3
89
66
45
96
20
10
82
20
24
85
3
64
83
70
32
16
94
4
4
84
60
15
33
23
33
73
9
15
80
93
27
25
29
27
48
33
99
4
82
97
55
57
48
85
66
3
76
21
88
# P_bar : m1 | m2
20 16
31 26
32 24
43 20
48 18
45 48
10 42
45 38
11 10
45 50
29 26
15 42
22 34
48 18
20 43
26 18
46 43
33 17
42 45
34 14
22 32
36 23
26 28
44 22
28 37
47 34
32 25
27 24
45 24
35 37
11 30
45 10
46 23
16 48
25 39
21 31
18 31
45 44
18 30
39 25
25 25
12 17
13 11
40 39
28 48
15 39
50 49
10 30
42 23
38 38
# P_hat : m1 | m2
11.85 13.37
58.18 6.05
52.40 29.41
84.59 37.54
24.93 23.82
87.28 7.37
8.62 29.79
31.28 41.85
1.11 8.06
4.75 83.36
40.14 42.36
13.74 51.39
9.97 25.40
58.94 9.19
10.11 9.11
30.04 12.78
33.05 35.53
54.35 22.98
68.94 59.23
32.46 1.96
15.44 25.30
26.10 8.36
41.90 8.78
28.88 36.40
11.71 3.10
7.96 28.50
29.87 8.41
26.04 42.21
75.68 26.74
15.49 17.12
8.38 30.15
72.76 14.63
75.77 44.07
12.31 21.16
22.96 69.12
12.74 57.93
33.57 56.82
10.68 55.92
33.61 37.79
53.34 20.16
26.58 37.62
0.78 18.06
12.37 14.90
32.62 33.42
9.03 70.22
19.69 64.31
97.12 14.35
11.24 49.98
60.04 24.85
5.20 64.19
