# nJobs | nMachines
50 2
# Job Weights
60
74
28
73
39
62
63
89
8
44
21
74
88
94
43
69
24
58
1
93
12
48
60
53
81
39
49
90
52
76
30
52
84
23
90
3
88
86
37
93
51
89
76
61
45
22
29
3
12
84
# P_bar : m1 | m2
23 33
26 45
23 12
20 26
31 50
47 21
42 49
25 31
33 22
27 20
48 21
45 30
43 32
32 39
42 38
36 12
31 17
22 31
18 22
22 36
36 37
21 41
46 48
31 11
42 39
13 45
22 20
22 34
17 13
37 14
40 27
38 23
10 11
50 11
37 25
16 25
32 32
39 16
11 38
38 19
36 49
10 31
39 18
23 32
25 21
31 49
18 13
33 33
31 19
30 35
# P_hat : m1 | m2
11.99 12.81
25.38 30.34
2.89 3.12
0.34 8.97
23.87 45.87
37.94 6.10
5.05 23.03
6.64 27.59
0.58 15.57
7.92 1.24
37.11 3.09
23.31 0.24
14.97 20.19
11.90 17.46
0.06 5.10
10.79 11.50
20.04 9.00
21.43 7.50
15.25 11.01
0.52 24.47
32.35 2.82
16.45 11.26
35.90 38.73
14.20 5.06
16.72 21.32
3.94 19.48
1.45 0.88
5.02 5.64
4.19 5.79
17.91 2.93
29.90 1.35
18.00 19.40
0.58 10.79
47.89 8.72
34.88 21.34
12.56 6.05
31.72 30.74
21.23 3.15
10.59 36.15
2.87 18.90
13.16 34.87
2.25 30.42
7.64 10.25
3.24 8.31
15.56 9.18
24.22 29.08
10.41 0.95
4.85 20.54
25.14 18.64
19.08 6.65
