# nJobs | nMachines
50 2
# Job Weights
3
89
66
45
96
20
10
82
20
24
85
3
64
83
70
32
16
94
4
4
84
60
15
33
23
33
73
9
15
80
93
27
25
29
27
48
33
99
4
82
97
55
57
48
85
66
3
76
21
88
# P_bar : m1 | m2
20 16
31 26
32 24
43 20
48 18
45 48
10 42
45 38
11 10
45 50
29 26
15 42
22 34
48 18
20 43
26 18
46 43
33 17
42 45
34 14
22 32
36 23
26 28
44 22
28 37
47 34
32 25
27 24
45 24
35 37
11 30
45 10
46 23
16 48
25 39
21 31
18 31
45 44
18 30
39 25
25 25
12 17
13 11
40 39
28 48
15 39
50 49
10 30
42 23
38 38
# P_hat : m1 | m2
10.00 8.00
15.50 13.00
16.00 12.00
21.50 10.00
24.00 9.00
22.50 24.00
5.00 21.00
22.50 19.00
5.50 5.00
22.50 25.00
14.50 13.00
7.50 21.00
11.00 17.00
24.00 9.00
10.00 21.50
13.00 9.00
23.00 21.50
16.50 8.50
21.00 22.50
17.00 7.00
11.00 16.00
18.00 11.50
13.00 14.00
22.00 11.00
14.00 18.50
23.50 17.00
16.00 12.50
13.50 12.00
22.50 12.00
17.50 18.50
5.50 15.00
22.50 5.00
23.00 11.50
8.00 24.00
12.50 19.50
10.50 15.50
9.00 15.50
22.50 22.00
9.00 15.00
19.50 12.50
12.50 12.50
6.00 8.50
6.50 5.50
20.00 19.50
14.00 24.00
7.50 19.50
25.00 24.50
5.00 15.00
21.00 11.50
19.00 19.00
