# nJobs | nMachines
50 2
# Job Weights
3
89
66
45
96
20
10
82
20
24
85
3
64
83
70
32
16
94
4
4
84
60
15
33
23
33
73
9
15
80
93
27
25
29
27
48
33
99
4
82
97
55
57
48
85
66
3
76
21
88
# P_bar : m1 | m2
20 16
31 26
32 24
43 20
48 18
45 48
10 42
45 38
11 10
45 50
29 26
15 42
22 34
48 18
20 43
26 18
46 43
33 17
42 45
34 14
22 32
36 23
26 28
44 22
28 37
47 34
32 25
27 24
45 24
35 37
11 30
45 10
46 23
16 48
25 39
21 31
18 31
45 44
18 30
39 25
25 25
12 17
13 11
40 39
28 48
15 39
50 49
10 30
42 23
38 38
# P_hat : m1 | m2
12.23 14.33
21.03 23.64
10.16 7.53
36.47 13.82
45.46 4.89
39.82 9.15
7.39 7.75
12.49 13.00
3.10 4.30
43.35 41.55
0.30 3.12
10.74 30.87
15.54 18.07
29.89 5.18
19.80 21.19
8.11 5.40
15.64 25.63
2.61 7.38
18.60 7.40
8.88 1.63
7.55 17.49
30.04 20.76
24.32 9.63
8.17 16.13
10.43 24.37
43.65 31.67
1.98 20.52
2.49 13.60
7.33 15.77
20.83 33.24
1.66 11.99
43.56 3.27
20.55 0.25
8.02 39.67
6.17 31.24
9.89 3.24
11.91 17.88
33.80 20.42
13.57 3.56
22.54 24.51
22.61 5.37
9.81 1.14
9.84 6.54
2.22 28.82
0.19 1.56
3.19 25.69
33.18 26.08
4.11 3.10
16.90 3.97
33.61 21.58
