# nJobs | nMachines
150 2
# Job Weights
99
52
10
62
88
97
95
51
88
48
13
41
35
40
39
16
58
19
89
53
43
66
98
69
78
19
98
75
44
21
89
14
43
27
1
36
99
7
28
8
37
100
25
48
68
29
85
24
39
16
28
2
5
2
74
92
81
19
52
42
82
4
15
39
52
26
4
84
30
51
23
55
19
75
93
35
44
4
44
25
6
75
9
2
51
100
42
15
87
67
86
72
82
87
96
40
43
59
28
48
100
49
18
80
75
5
96
43
42
67
4
61
51
63
35
1
68
5
96
57
68
65
26
7
51
55
31
25
16
51
20
25
16
4
16
11
39
58
89
57
53
69
22
80
44
21
29
80
3
82
# P_bar : m1 | m2
24 28
30 42
12 44
13 25
29 25
45 49
12 44
11 19
38 23
25 45
41 45
45 22
10 23
44 15
38 43
17 47
42 26
43 29
43 32
15 10
12 43
35 20
38 17
11 15
40 11
39 40
11 34
19 44
24 18
10 42
14 50
13 45
25 27
29 27
34 35
48 47
17 23
38 40
17 37
29 50
44 40
36 44
38 18
50 26
10 30
37 45
49 19
41 26
20 21
28 16
15 11
42 29
12 39
13 39
47 25
25 14
25 29
30 28
50 13
11 30
49 37
38 47
35 34
25 26
14 15
25 43
19 38
21 16
25 13
33 14
22 22
50 48
22 33
23 33
20 35
34 37
35 33
39 19
31 10
23 45
17 35
42 20
38 24
19 38
23 10
38 31
42 24
46 10
15 45
11 44
43 12
17 38
10 30
18 40
17 23
22 48
19 39
46 46
25 41
43 46
39 30
42 18
46 23
46 14
46 32
20 33
11 32
33 30
36 13
25 10
11 23
21 49
30 43
41 45
16 31
28 40
42 47
49 13
13 48
14 15
13 18
28 37
22 15
43 14
33 28
18 23
36 36
32 27
44 39
20 49
49 15
44 25
27 11
14 40
48 43
49 14
43 45
42 42
12 42
20 41
26 12
31 32
33 45
34 48
33 37
47 35
39 10
48 13
47 12
47 25
# P_hat : m1 | m2
7.20 8.40
9.00 12.60
3.60 13.20
3.90 7.50
8.70 7.50
13.50 14.70
3.60 13.20
3.30 5.70
11.40 6.90
7.50 13.50
12.30 13.50
13.50 6.60
3.00 6.90
13.20 4.50
11.40 12.90
5.10 14.10
12.60 7.80
12.90 8.70
12.90 9.60
4.50 3.00
3.60 12.90
10.50 6.00
11.40 5.10
3.30 4.50
12.00 3.30
11.70 12.00
3.30 10.20
5.70 13.20
7.20 5.40
3.00 12.60
4.20 15.00
3.90 13.50
7.50 8.10
8.70 8.10
10.20 10.50
14.40 14.10
5.10 6.90
11.40 12.00
5.10 11.10
8.70 15.00
13.20 12.00
10.80 13.20
11.40 5.40
15.00 7.80
3.00 9.00
11.10 13.50
14.70 5.70
12.30 7.80
6.00 6.30
8.40 4.80
4.50 3.30
12.60 8.70
3.60 11.70
3.90 11.70
14.10 7.50
7.50 4.20
7.50 8.70
9.00 8.40
15.00 3.90
3.30 9.00
14.70 11.10
11.40 14.10
10.50 10.20
7.50 7.80
4.20 4.50
7.50 12.90
5.70 11.40
6.30 4.80
7.50 3.90
9.90 4.20
6.60 6.60
15.00 14.40
6.60 9.90
6.90 9.90
6.00 10.50
10.20 11.10
10.50 9.90
11.70 5.70
9.30 3.00
6.90 13.50
5.10 10.50
12.60 6.00
11.40 7.20
5.70 11.40
6.90 3.00
11.40 9.30
12.60 7.20
13.80 3.00
4.50 13.50
3.30 13.20
12.90 3.60
5.10 11.40
3.00 9.00
5.40 12.00
5.10 6.90
6.60 14.40
5.70 11.70
13.80 13.80
7.50 12.30
12.90 13.80
11.70 9.00
12.60 5.40
13.80 6.90
13.80 4.20
13.80 9.60
6.00 9.90
3.30 9.60
9.90 9.00
10.80 3.90
7.50 3.00
3.30 6.90
6.30 14.70
9.00 12.90
12.30 13.50
4.80 9.30
8.40 12.00
12.60 14.10
14.70 3.90
3.90 14.40
4.20 4.50
3.90 5.40
8.40 11.10
6.60 4.50
12.90 4.20
9.90 8.40
5.40 6.90
10.80 10.80
9.60 8.10
13.20 11.70
6.00 14.70
14.70 4.50
13.20 7.50
8.10 3.30
4.20 12.00
14.40 12.90
14.70 4.20
12.90 13.50
12.60 12.60
3.60 12.60
6.00 12.30
7.80 3.60
9.30 9.60
9.90 13.50
10.20 14.40
9.90 11.10
14.10 10.50
11.70 3.00
14.40 3.90
14.10 3.60
14.10 7.50
