# nJobs | nMachines
150 2
# Job Weights
93
59
43
64
75
73
93
1
13
71
63
81
7
93
77
61
57
51
60
27
92
28
86
85
33
69
81
31
23
91
69
62
95
51
21
45
70
89
22
77
57
4
14
94
96
18
76
16
86
22
52
57
7
78
23
27
23
4
94
36
30
32
7
57
22
15
38
91
43
99
97
15
62
95
7
67
24
28
62
93
50
17
86
56
17
85
47
89
82
88
14
24
35
79
82
64
69
98
38
88
87
23
71
56
100
91
85
72
89
79
86
17
19
17
29
23
38
68
42
46
51
37
60
86
78
8
19
99
32
88
14
13
84
87
97
63
18
54
17
9
46
89
98
26
93
98
6
88
15
74
# P_bar : m1 | m2
36 16
29 37
21 21
43 50
38 42
34 40
27 16
42 39
49 28
45 32
15 44
39 12
45 19
41 17
22 43
23 34
49 50
14 44
30 21
37 41
32 30
38 49
43 17
22 44
25 18
44 31
35 42
28 13
34 38
16 36
29 47
24 47
35 35
33 45
16 38
39 28
25 30
17 15
47 19
21 44
25 45
29 26
37 30
33 10
20 22
35 39
31 16
36 24
17 44
43 17
20 48
16 37
27 22
43 20
12 31
25 10
17 46
36 46
20 19
26 15
24 39
20 19
22 18
29 24
35 43
31 46
42 18
29 19
30 43
15 48
36 16
31 46
33 15
49 27
27 20
33 44
47 12
11 34
39 35
26 28
30 14
18 39
42 37
27 15
46 23
29 28
13 16
46 13
46 47
42 12
17 36
50 37
31 45
36 48
39 45
20 25
47 40
16 11
21 27
11 30
28 32
48 41
42 27
49 26
10 47
22 32
36 28
43 24
23 10
34 11
18 23
18 10
30 13
28 48
26 28
35 36
33 36
25 27
20 44
32 43
21 19
30 19
46 34
31 40
47 44
16 21
19 21
35 26
25 48
47 14
19 35
43 50
15 13
30 39
10 13
36 26
35 24
13 16
11 47
44 46
30 13
26 41
41 47
17 38
19 30
17 48
49 38
29 16
34 45
40 31
# P_hat : m1 | m2
14.40 6.40
11.60 14.80
8.40 8.40
17.20 20.00
15.20 16.80
13.60 16.00
10.80 6.40
16.80 15.60
19.60 11.20
18.00 12.80
6.00 17.60
15.60 4.80
18.00 7.60
16.40 6.80
8.80 17.20
9.20 13.60
19.60 20.00
5.60 17.60
12.00 8.40
14.80 16.40
12.80 12.00
15.20 19.60
17.20 6.80
8.80 17.60
10.00 7.20
17.60 12.40
14.00 16.80
11.20 5.20
13.60 15.20
6.40 14.40
11.60 18.80
9.60 18.80
14.00 14.00
13.20 18.00
6.40 15.20
15.60 11.20
10.00 12.00
6.80 6.00
18.80 7.60
8.40 17.60
10.00 18.00
11.60 10.40
14.80 12.00
13.20 4.00
8.00 8.80
14.00 15.60
12.40 6.40
14.40 9.60
6.80 17.60
17.20 6.80
8.00 19.20
6.40 14.80
10.80 8.80
17.20 8.00
4.80 12.40
10.00 4.00
6.80 18.40
14.40 18.40
8.00 7.60
10.40 6.00
9.60 15.60
8.00 7.60
8.80 7.20
11.60 9.60
14.00 17.20
12.40 18.40
16.80 7.20
11.60 7.60
12.00 17.20
6.00 19.20
14.40 6.40
12.40 18.40
13.20 6.00
19.60 10.80
10.80 8.00
13.20 17.60
18.80 4.80
4.40 13.60
15.60 14.00
10.40 11.20
12.00 5.60
7.20 15.60
16.80 14.80
10.80 6.00
18.40 9.20
11.60 11.20
5.20 6.40
18.40 5.20
18.40 18.80
16.80 4.80
6.80 14.40
20.00 14.80
12.40 18.00
14.40 19.20
15.60 18.00
8.00 10.00
18.80 16.00
6.40 4.40
8.40 10.80
4.40 12.00
11.20 12.80
19.20 16.40
16.80 10.80
19.60 10.40
4.00 18.80
8.80 12.80
14.40 11.20
17.20 9.60
9.20 4.00
13.60 4.40
7.20 9.20
7.20 4.00
12.00 5.20
11.20 19.20
10.40 11.20
14.00 14.40
13.20 14.40
10.00 10.80
8.00 17.60
12.80 17.20
8.40 7.60
12.00 7.60
18.40 13.60
12.40 16.00
18.80 17.60
6.40 8.40
7.60 8.40
14.00 10.40
10.00 19.20
18.80 5.60
7.60 14.00
17.20 20.00
6.00 5.20
12.00 15.60
4.00 5.20
14.40 10.40
14.00 9.60
5.20 6.40
4.40 18.80
17.60 18.40
12.00 5.20
10.40 16.40
16.40 18.80
6.80 15.20
7.60 12.00
6.80 19.20
19.60 15.20
11.60 6.40
13.60 18.00
16.00 12.40
