# nJobs | nMachines
150 2
# Job Weights
15
73
65
14
71
66
61
77
31
61
50
22
3
70
96
9
87
76
9
21
1
86
54
12
64
50
86
72
22
64
58
5
44
7
11
32
16
3
66
95
39
31
31
2
87
20
92
37
94
24
98
41
63
46
69
33
89
63
75
85
93
35
3
2
91
85
94
99
84
51
86
98
21
58
59
45
43
39
31
77
17
80
62
28
30
51
29
55
17
74
93
36
10
100
60
43
20
21
11
63
72
40
96
49
96
62
26
66
93
42
10
7
65
28
98
73
74
15
33
91
67
41
48
99
27
47
25
38
96
14
71
96
70
42
53
5
34
77
61
72
96
13
34
19
48
89
76
65
51
32
# P_bar : m1 | m2
12 32
16 35
17 24
41 11
15 25
42 14
44 22
26 22
35 33
42 45
38 19
47 27
21 34
20 13
40 25
20 12
30 25
31 23
29 44
34 26
37 35
17 37
27 38
43 32
13 45
10 30
47 40
18 36
31 10
24 42
47 49
15 31
22 31
25 21
11 31
12 13
23 25
29 46
36 27
30 14
17 27
49 16
15 45
13 50
32 32
36 11
18 11
10 42
30 25
43 24
27 41
21 15
17 35
11 12
45 35
22 34
25 13
26 45
39 36
31 44
27 17
33 37
20 47
15 20
10 19
19 35
45 26
13 20
23 21
29 35
10 42
49 20
17 34
27 37
34 35
20 21
23 39
47 40
21 22
34 11
47 19
24 19
50 36
13 44
49 13
36 16
30 46
45 10
14 33
22 45
17 38
43 48
27 47
36 26
48 25
18 43
19 30
14 33
10 12
38 45
19 41
39 29
22 20
21 25
41 33
38 46
30 17
29 18
46 27
14 10
29 37
34 11
11 12
41 13
38 39
14 12
26 47
15 28
48 36
17 35
38 12
28 21
12 43
23 13
49 42
45 12
36 15
17 38
28 41
45 30
21 11
22 39
37 12
36 17
28 17
26 33
33 26
41 43
44 38
20 19
48 29
42 18
42 13
14 31
36 29
17 33
35 43
11 45
23 33
19 45
# P_hat : m1 | m2
1.20 3.20
1.60 3.50
1.70 2.40
4.10 1.10
1.50 2.50
4.20 1.40
4.40 2.20
2.60 2.20
3.50 3.30
4.20 4.50
3.80 1.90
4.70 2.70
2.10 3.40
2.00 1.30
4.00 2.50
2.00 1.20
3.00 2.50
3.10 2.30
2.90 4.40
3.40 2.60
3.70 3.50
1.70 3.70
2.70 3.80
4.30 3.20
1.30 4.50
1.00 3.00
4.70 4.00
1.80 3.60
3.10 1.00
2.40 4.20
4.70 4.90
1.50 3.10
2.20 3.10
2.50 2.10
1.10 3.10
1.20 1.30
2.30 2.50
2.90 4.60
3.60 2.70
3.00 1.40
1.70 2.70
4.90 1.60
1.50 4.50
1.30 5.00
3.20 3.20
3.60 1.10
1.80 1.10
1.00 4.20
3.00 2.50
4.30 2.40
2.70 4.10
2.10 1.50
1.70 3.50
1.10 1.20
4.50 3.50
2.20 3.40
2.50 1.30
2.60 4.50
3.90 3.60
3.10 4.40
2.70 1.70
3.30 3.70
2.00 4.70
1.50 2.00
1.00 1.90
1.90 3.50
4.50 2.60
1.30 2.00
2.30 2.10
2.90 3.50
1.00 4.20
4.90 2.00
1.70 3.40
2.70 3.70
3.40 3.50
2.00 2.10
2.30 3.90
4.70 4.00
2.10 2.20
3.40 1.10
4.70 1.90
2.40 1.90
5.00 3.60
1.30 4.40
4.90 1.30
3.60 1.60
3.00 4.60
4.50 1.00
1.40 3.30
2.20 4.50
1.70 3.80
4.30 4.80
2.70 4.70
3.60 2.60
4.80 2.50
1.80 4.30
1.90 3.00
1.40 3.30
1.00 1.20
3.80 4.50
1.90 4.10
3.90 2.90
2.20 2.00
2.10 2.50
4.10 3.30
3.80 4.60
3.00 1.70
2.90 1.80
4.60 2.70
1.40 1.00
2.90 3.70
3.40 1.10
1.10 1.20
4.10 1.30
3.80 3.90
1.40 1.20
2.60 4.70
1.50 2.80
4.80 3.60
1.70 3.50
3.80 1.20
2.80 2.10
1.20 4.30
2.30 1.30
4.90 4.20
4.50 1.20
3.60 1.50
1.70 3.80
2.80 4.10
4.50 3.00
2.10 1.10
2.20 3.90
3.70 1.20
3.60 1.70
2.80 1.70
2.60 3.30
3.30 2.60
4.10 4.30
4.40 3.80
2.00 1.90
4.80 2.90
4.20 1.80
4.20 1.30
1.40 3.10
3.60 2.90
1.70 3.30
3.50 4.30
1.10 4.50
2.30 3.30
1.90 4.50
