# nJobs | nMachines
150 2
# Job Weights
26
60
50
88
100
35
56
71
17
12
69
12
86
68
47
63
4
24
100
10
69
31
67
17
55
53
28
79
66
20
54
90
36
28
36
1
36
2
27
61
100
6
20
21
64
74
56
54
64
58
55
50
71
58
60
51
91
95
76
73
96
23
99
68
95
78
83
100
66
90
52
89
53
13
75
19
1
60
16
18
78
39
15
84
85
34
15
84
42
88
11
82
41
23
13
42
71
87
16
48
47
8
96
77
83
80
99
76
14
75
15
4
19
4
77
84
78
29
99
79
12
34
10
21
14
61
33
64
81
1
81
32
41
24
24
83
73
97
5
17
14
61
69
20
77
10
25
69
79
60
# P_bar : m1 | m2
16 12
22 20
50 16
31 28
41 40
22 11
26 30
29 39
27 25
19 18
20 20
20 34
47 23
16 22
33 26
26 25
40 40
22 38
31 44
17 23
13 11
37 20
19 40
44 41
38 47
14 43
43 18
15 35
13 12
16 47
35 48
48 39
38 25
22 31
30 19
45 35
22 47
19 17
19 38
18 18
32 24
18 42
13 37
40 39
26 23
34 12
27 13
50 32
13 10
29 34
38 16
21 37
43 35
28 36
13 35
16 31
43 29
34 21
44 28
45 40
29 34
23 26
18 30
41 27
31 12
38 26
47 28
22 46
27 44
33 17
31 35
34 22
46 24
11 13
48 22
32 41
27 39
10 23
16 41
44 11
15 25
39 11
11 39
17 48
32 35
34 48
19 39
37 26
36 35
17 38
19 45
17 50
46 50
11 43
31 25
49 20
34 19
50 22
48 35
26 34
14 29
25 40
11 45
42 38
31 16
25 17
37 36
24 40
13 14
35 31
36 38
18 13
12 21
43 36
32 34
39 41
33 22
28 14
39 46
39 22
30 26
41 23
15 14
10 31
39 14
40 40
41 12
49 39
23 33
19 17
43 12
18 32
46 24
19 15
14 33
26 29
11 12
23 34
35 34
23 11
12 32
16 29
22 36
45 30
34 34
12 35
39 23
17 17
34 23
45 36
# P_hat : m1 | m2
3.20 2.40
4.40 4.00
10.00 3.20
6.20 5.60
8.20 8.00
4.40 2.20
5.20 6.00
5.80 7.80
5.40 5.00
3.80 3.60
4.00 4.00
4.00 6.80
9.40 4.60
3.20 4.40
6.60 5.20
5.20 5.00
8.00 8.00
4.40 7.60
6.20 8.80
3.40 4.60
2.60 2.20
7.40 4.00
3.80 8.00
8.80 8.20
7.60 9.40
2.80 8.60
8.60 3.60
3.00 7.00
2.60 2.40
3.20 9.40
7.00 9.60
9.60 7.80
7.60 5.00
4.40 6.20
6.00 3.80
9.00 7.00
4.40 9.40
3.80 3.40
3.80 7.60
3.60 3.60
6.40 4.80
3.60 8.40
2.60 7.40
8.00 7.80
5.20 4.60
6.80 2.40
5.40 2.60
10.00 6.40
2.60 2.00
5.80 6.80
7.60 3.20
4.20 7.40
8.60 7.00
5.60 7.20
2.60 7.00
3.20 6.20
8.60 5.80
6.80 4.20
8.80 5.60
9.00 8.00
5.80 6.80
4.60 5.20
3.60 6.00
8.20 5.40
6.20 2.40
7.60 5.20
9.40 5.60
4.40 9.20
5.40 8.80
6.60 3.40
6.20 7.00
6.80 4.40
9.20 4.80
2.20 2.60
9.60 4.40
6.40 8.20
5.40 7.80
2.00 4.60
3.20 8.20
8.80 2.20
3.00 5.00
7.80 2.20
2.20 7.80
3.40 9.60
6.40 7.00
6.80 9.60
3.80 7.80
7.40 5.20
7.20 7.00
3.40 7.60
3.80 9.00
3.40 10.00
9.20 10.00
2.20 8.60
6.20 5.00
9.80 4.00
6.80 3.80
10.00 4.40
9.60 7.00
5.20 6.80
2.80 5.80
5.00 8.00
2.20 9.00
8.40 7.60
6.20 3.20
5.00 3.40
7.40 7.20
4.80 8.00
2.60 2.80
7.00 6.20
7.20 7.60
3.60 2.60
2.40 4.20
8.60 7.20
6.40 6.80
7.80 8.20
6.60 4.40
5.60 2.80
7.80 9.20
7.80 4.40
6.00 5.20
8.20 4.60
3.00 2.80
2.00 6.20
7.80 2.80
8.00 8.00
8.20 2.40
9.80 7.80
4.60 6.60
3.80 3.40
8.60 2.40
3.60 6.40
9.20 4.80
3.80 3.00
2.80 6.60
5.20 5.80
2.20 2.40
4.60 6.80
7.00 6.80
4.60 2.20
2.40 6.40
3.20 5.80
4.40 7.20
9.00 6.00
6.80 6.80
2.40 7.00
7.80 4.60
3.40 3.40
6.80 4.60
9.00 7.20
