# nJobs | nMachines
150 2
# Job Weights
68
56
81
79
26
14
95
7
93
15
95
63
18
39
20
83
95
86
37
43
5
77
44
95
3
90
13
16
19
42
68
55
68
41
83
64
69
94
95
82
31
23
28
8
57
68
61
71
67
31
13
93
66
37
83
83
73
29
96
36
95
99
33
56
65
20
62
13
50
3
97
70
19
49
64
32
4
22
82
28
18
99
45
57
24
46
50
86
54
86
72
88
67
7
27
81
69
83
60
52
81
46
4
80
78
2
45
22
71
10
96
24
86
35
70
10
68
43
38
3
56
99
67
27
91
99
81
62
14
5
55
38
27
30
36
43
73
94
47
48
19
61
44
25
6
42
62
5
40
74
# P_bar : m1 | m2
24 17
26 16
32 32
14 39
12 50
37 44
21 40
41 24
22 49
19 49
15 45
14 24
26 16
12 12
39 31
36 42
14 20
42 11
14 18
11 33
26 38
37 48
30 10
36 27
16 10
45 25
16 13
26 39
17 25
38 28
25 36
33 39
18 17
15 30
30 35
48 31
10 37
25 18
24 49
42 34
46 48
35 34
26 34
21 11
45 39
41 30
25 43
43 24
28 38
30 34
45 36
30 47
15 31
22 25
48 28
48 50
23 25
36 22
18 27
42 29
17 16
27 48
37 35
47 16
40 26
20 31
43 35
14 41
11 40
19 21
49 40
31 27
26 48
29 19
32 14
40 44
47 37
13 40
36 10
21 20
50 45
11 35
33 16
50 40
49 38
20 48
34 29
46 22
50 14
45 23
44 30
40 37
44 13
30 50
22 22
12 27
14 31
40 27
44 26
14 15
21 38
39 32
32 40
10 41
12 21
45 37
13 46
14 11
42 16
35 49
13 23
17 12
13 39
32 33
45 43
18 46
22 48
21 27
15 10
42 32
34 40
43 31
43 50
10 42
37 31
42 11
13 19
26 21
46 40
49 47
29 22
45 37
27 31
45 11
14 15
41 13
35 41
23 21
11 46
26 24
23 41
30 43
42 34
19 42
32 39
40 26
47 18
25 39
11 30
36 12
# P_hat : m1 | m2
12.00 8.50
13.00 8.00
16.00 16.00
7.00 19.50
6.00 25.00
18.50 22.00
10.50 20.00
20.50 12.00
11.00 24.50
9.50 24.50
7.50 22.50
7.00 12.00
13.00 8.00
6.00 6.00
19.50 15.50
18.00 21.00
7.00 10.00
21.00 5.50
7.00 9.00
5.50 16.50
13.00 19.00
18.50 24.00
15.00 5.00
18.00 13.50
8.00 5.00
22.50 12.50
8.00 6.50
13.00 19.50
8.50 12.50
19.00 14.00
12.50 18.00
16.50 19.50
9.00 8.50
7.50 15.00
15.00 17.50
24.00 15.50
5.00 18.50
12.50 9.00
12.00 24.50
21.00 17.00
23.00 24.00
17.50 17.00
13.00 17.00
10.50 5.50
22.50 19.50
20.50 15.00
12.50 21.50
21.50 12.00
14.00 19.00
15.00 17.00
22.50 18.00
15.00 23.50
7.50 15.50
11.00 12.50
24.00 14.00
24.00 25.00
11.50 12.50
18.00 11.00
9.00 13.50
21.00 14.50
8.50 8.00
13.50 24.00
18.50 17.50
23.50 8.00
20.00 13.00
10.00 15.50
21.50 17.50
7.00 20.50
5.50 20.00
9.50 10.50
24.50 20.00
15.50 13.50
13.00 24.00
14.50 9.50
16.00 7.00
20.00 22.00
23.50 18.50
6.50 20.00
18.00 5.00
10.50 10.00
25.00 22.50
5.50 17.50
16.50 8.00
25.00 20.00
24.50 19.00
10.00 24.00
17.00 14.50
23.00 11.00
25.00 7.00
22.50 11.50
22.00 15.00
20.00 18.50
22.00 6.50
15.00 25.00
11.00 11.00
6.00 13.50
7.00 15.50
20.00 13.50
22.00 13.00
7.00 7.50
10.50 19.00
19.50 16.00
16.00 20.00
5.00 20.50
6.00 10.50
22.50 18.50
6.50 23.00
7.00 5.50
21.00 8.00
17.50 24.50
6.50 11.50
8.50 6.00
6.50 19.50
16.00 16.50
22.50 21.50
9.00 23.00
11.00 24.00
10.50 13.50
7.50 5.00
21.00 16.00
17.00 20.00
21.50 15.50
21.50 25.00
5.00 21.00
18.50 15.50
21.00 5.50
6.50 9.50
13.00 10.50
23.00 20.00
24.50 23.50
14.50 11.00
22.50 18.50
13.50 15.50
22.50 5.50
7.00 7.50
20.50 6.50
17.50 20.50
11.50 10.50
5.50 23.00
13.00 12.00
11.50 20.50
15.00 21.50
21.00 17.00
9.50 21.00
16.00 19.50
20.00 13.00
23.50 9.00
12.50 19.50
5.50 15.00
18.00 6.00
