# nJobs | nMachines
150 2
# Job Weights
15
73
65
14
71
66
61
77
31
61
50
22
3
70
96
9
87
76
9
21
1
86
54
12
64
50
86
72
22
64
58
5
44
7
11
32
16
3
66
95
39
31
31
2
87
20
92
37
94
24
98
41
63
46
69
33
89
63
75
85
93
35
3
2
91
85
94
99
84
51
86
98
21
58
59
45
43
39
31
77
17
80
62
28
30
51
29
55
17
74
93
36
10
100
60
43
20
21
11
63
72
40
96
49
96
62
26
66
93
42
10
7
65
28
98
73
74
15
33
91
67
41
48
99
27
47
25
38
96
14
71
96
70
42
53
5
34
77
61
72
96
13
34
19
48
89
76
65
51
32
# P_bar : m1 | m2
12 32
16 35
17 24
41 11
15 25
42 14
44 22
26 22
35 33
42 45
38 19
47 27
21 34
20 13
40 25
20 12
30 25
31 23
29 44
34 26
37 35
17 37
27 38
43 32
13 45
10 30
47 40
18 36
31 10
24 42
47 49
15 31
22 31
25 21
11 31
12 13
23 25
29 46
36 27
30 14
17 27
49 16
15 45
13 50
32 32
36 11
18 11
10 42
30 25
43 24
27 41
21 15
17 35
11 12
45 35
22 34
25 13
26 45
39 36
31 44
27 17
33 37
20 47
15 20
10 19
19 35
45 26
13 20
23 21
29 35
10 42
49 20
17 34
27 37
34 35
20 21
23 39
47 40
21 22
34 11
47 19
24 19
50 36
13 44
49 13
36 16
30 46
45 10
14 33
22 45
17 38
43 48
27 47
36 26
48 25
18 43
19 30
14 33
10 12
38 45
19 41
39 29
22 20
21 25
41 33
38 46
30 17
29 18
46 27
14 10
29 37
34 11
11 12
41 13
38 39
14 12
26 47
15 28
48 36
17 35
38 12
28 21
12 43
23 13
49 42
45 12
36 15
17 38
28 41
45 30
21 11
22 39
37 12
36 17
28 17
26 33
33 26
41 43
44 38
20 19
48 29
42 18
42 13
14 31
36 29
17 33
35 43
11 45
23 33
19 45
# P_hat : m1 | m2
6.00 16.00
8.00 17.50
8.50 12.00
20.50 5.50
7.50 12.50
21.00 7.00
22.00 11.00
13.00 11.00
17.50 16.50
21.00 22.50
19.00 9.50
23.50 13.50
10.50 17.00
10.00 6.50
20.00 12.50
10.00 6.00
15.00 12.50
15.50 11.50
14.50 22.00
17.00 13.00
18.50 17.50
8.50 18.50
13.50 19.00
21.50 16.00
6.50 22.50
5.00 15.00
23.50 20.00
9.00 18.00
15.50 5.00
12.00 21.00
23.50 24.50
7.50 15.50
11.00 15.50
12.50 10.50
5.50 15.50
6.00 6.50
11.50 12.50
14.50 23.00
18.00 13.50
15.00 7.00
8.50 13.50
24.50 8.00
7.50 22.50
6.50 25.00
16.00 16.00
18.00 5.50
9.00 5.50
5.00 21.00
15.00 12.50
21.50 12.00
13.50 20.50
10.50 7.50
8.50 17.50
5.50 6.00
22.50 17.50
11.00 17.00
12.50 6.50
13.00 22.50
19.50 18.00
15.50 22.00
13.50 8.50
16.50 18.50
10.00 23.50
7.50 10.00
5.00 9.50
9.50 17.50
22.50 13.00
6.50 10.00
11.50 10.50
14.50 17.50
5.00 21.00
24.50 10.00
8.50 17.00
13.50 18.50
17.00 17.50
10.00 10.50
11.50 19.50
23.50 20.00
10.50 11.00
17.00 5.50
23.50 9.50
12.00 9.50
25.00 18.00
6.50 22.00
24.50 6.50
18.00 8.00
15.00 23.00
22.50 5.00
7.00 16.50
11.00 22.50
8.50 19.00
21.50 24.00
13.50 23.50
18.00 13.00
24.00 12.50
9.00 21.50
9.50 15.00
7.00 16.50
5.00 6.00
19.00 22.50
9.50 20.50
19.50 14.50
11.00 10.00
10.50 12.50
20.50 16.50
19.00 23.00
15.00 8.50
14.50 9.00
23.00 13.50
7.00 5.00
14.50 18.50
17.00 5.50
5.50 6.00
20.50 6.50
19.00 19.50
7.00 6.00
13.00 23.50
7.50 14.00
24.00 18.00
8.50 17.50
19.00 6.00
14.00 10.50
6.00 21.50
11.50 6.50
24.50 21.00
22.50 6.00
18.00 7.50
8.50 19.00
14.00 20.50
22.50 15.00
10.50 5.50
11.00 19.50
18.50 6.00
18.00 8.50
14.00 8.50
13.00 16.50
16.50 13.00
20.50 21.50
22.00 19.00
10.00 9.50
24.00 14.50
21.00 9.00
21.00 6.50
7.00 15.50
18.00 14.50
8.50 16.50
17.50 21.50
5.50 22.50
11.50 16.50
9.50 22.50
