# nJobs | nMachines
150 2
# Job Weights
22
56
29
28
6
54
73
36
81
86
66
80
44
46
72
82
43
29
30
56
19
36
33
24
61
23
13
73
38
79
30
56
6
26
28
16
72
93
65
81
97
57
9
42
30
41
74
64
44
9
78
72
78
28
71
100
27
48
12
51
55
65
83
88
41
48
42
70
22
65
12
6
31
70
49
42
14
93
60
15
39
43
21
58
83
41
38
28
43
41
5
15
27
46
13
1
60
75
45
59
92
44
57
40
4
47
90
39
6
44
29
76
9
81
74
83
55
4
71
95
56
13
93
45
99
52
88
6
9
62
32
57
56
73
98
76
70
86
85
66
83
71
80
20
65
35
27
10
61
100
# P_bar : m1 | m2
32 43
35 28
29 19
34 12
22 15
42 49
41 46
15 19
46 22
45 21
21 27
37 26
40 27
40 47
47 21
23 27
28 33
11 26
44 15
22 19
45 48
38 21
49 42
10 12
37 29
48 36
21 38
33 19
43 24
14 15
34 13
21 35
23 43
43 42
18 43
23 39
49 44
15 25
44 39
27 21
19 24
47 28
29 40
44 39
27 11
21 48
37 27
25 50
42 47
15 25
36 25
30 16
44 23
49 46
38 12
32 35
39 38
35 30
38 26
20 46
44 45
20 31
39 46
18 12
32 15
27 13
38 26
29 46
43 41
24 34
25 33
24 26
22 20
15 42
21 48
23 24
25 17
23 22
43 27
14 10
19 36
27 47
29 41
37 45
17 27
38 29
19 26
33 37
18 36
43 27
13 48
26 27
25 17
12 42
34 25
19 39
34 30
16 13
34 46
22 39
23 29
39 37
16 16
40 14
37 27
24 37
31 31
32 14
18 10
22 37
18 33
29 35
25 39
48 50
20 29
24 41
36 11
27 28
33 41
17 50
48 50
37 10
31 13
36 49
21 38
18 45
24 17
33 48
26 17
21 13
15 38
34 48
31 12
12 18
28 37
49 24
23 39
50 10
31 32
24 20
10 18
17 22
20 41
49 27
28 37
14 14
28 14
34 43
27 28
19 33
# P_hat : m1 | m2
3.20 4.30
3.50 2.80
2.90 1.90
3.40 1.20
2.20 1.50
4.20 4.90
4.10 4.60
1.50 1.90
4.60 2.20
4.50 2.10
2.10 2.70
3.70 2.60
4.00 2.70
4.00 4.70
4.70 2.10
2.30 2.70
2.80 3.30
1.10 2.60
4.40 1.50
2.20 1.90
4.50 4.80
3.80 2.10
4.90 4.20
1.00 1.20
3.70 2.90
4.80 3.60
2.10 3.80
3.30 1.90
4.30 2.40
1.40 1.50
3.40 1.30
2.10 3.50
2.30 4.30
4.30 4.20
1.80 4.30
2.30 3.90
4.90 4.40
1.50 2.50
4.40 3.90
2.70 2.10
1.90 2.40
4.70 2.80
2.90 4.00
4.40 3.90
2.70 1.10
2.10 4.80
3.70 2.70
2.50 5.00
4.20 4.70
1.50 2.50
3.60 2.50
3.00 1.60
4.40 2.30
4.90 4.60
3.80 1.20
3.20 3.50
3.90 3.80
3.50 3.00
3.80 2.60
2.00 4.60
4.40 4.50
2.00 3.10
3.90 4.60
1.80 1.20
3.20 1.50
2.70 1.30
3.80 2.60
2.90 4.60
4.30 4.10
2.40 3.40
2.50 3.30
2.40 2.60
2.20 2.00
1.50 4.20
2.10 4.80
2.30 2.40
2.50 1.70
2.30 2.20
4.30 2.70
1.40 1.00
1.90 3.60
2.70 4.70
2.90 4.10
3.70 4.50
1.70 2.70
3.80 2.90
1.90 2.60
3.30 3.70
1.80 3.60
4.30 2.70
1.30 4.80
2.60 2.70
2.50 1.70
1.20 4.20
3.40 2.50
1.90 3.90
3.40 3.00
1.60 1.30
3.40 4.60
2.20 3.90
2.30 2.90
3.90 3.70
1.60 1.60
4.00 1.40
3.70 2.70
2.40 3.70
3.10 3.10
3.20 1.40
1.80 1.00
2.20 3.70
1.80 3.30
2.90 3.50
2.50 3.90
4.80 5.00
2.00 2.90
2.40 4.10
3.60 1.10
2.70 2.80
3.30 4.10
1.70 5.00
4.80 5.00
3.70 1.00
3.10 1.30
3.60 4.90
2.10 3.80
1.80 4.50
2.40 1.70
3.30 4.80
2.60 1.70
2.10 1.30
1.50 3.80
3.40 4.80
3.10 1.20
1.20 1.80
2.80 3.70
4.90 2.40
2.30 3.90
5.00 1.00
3.10 3.20
2.40 2.00
1.00 1.80
1.70 2.20
2.00 4.10
4.90 2.70
2.80 3.70
1.40 1.40
2.80 1.40
3.40 4.30
2.70 2.80
1.90 3.30
