# nJobs | nMachines
150 2
# Job Weights
63
54
32
2
18
99
3
73
100
55
20
3
63
96
67
57
62
94
60
46
1
19
96
83
74
53
31
59
55
62
62
1
32
74
66
63
69
7
81
38
82
10
38
62
91
7
48
70
86
46
100
67
57
74
93
74
98
40
79
80
22
16
14
45
71
74
82
30
7
93
60
88
15
24
28
93
51
18
28
71
85
67
10
42
59
68
38
61
58
30
95
52
54
96
34
64
47
42
55
13
87
33
38
40
84
73
30
22
70
62
87
24
59
57
81
5
47
56
6
29
64
53
63
17
41
12
76
95
45
82
84
64
97
44
58
43
84
45
8
73
31
22
39
30
27
69
81
68
13
22
# P_bar : m1 | m2
20 36
49 42
17 44
42 28
32 15
15 49
46 26
47 18
36 23
47 34
25 47
32 45
50 39
36 37
44 11
38 21
50 45
44 36
44 31
45 18
13 31
17 36
26 10
25 45
43 22
30 32
12 30
50 23
10 45
46 27
20 31
36 18
19 49
11 43
40 44
22 24
19 44
31 31
13 38
43 42
33 29
31 12
27 48
16 36
24 25
18 35
20 31
27 28
12 48
39 49
20 39
26 14
33 31
48 32
29 12
43 34
21 12
33 32
27 37
11 15
25 27
21 30
26 32
40 18
12 19
47 22
46 13
43 45
17 30
50 18
17 32
15 12
43 38
12 16
10 11
46 19
48 33
33 48
21 11
32 43
25 36
27 42
14 37
27 16
40 11
10 40
44 32
47 16
33 25
16 34
17 19
20 33
30 46
22 29
32 23
13 44
39 26
41 50
28 18
27 36
28 46
15 10
13 25
31 49
29 33
41 22
50 27
49 46
49 40
30 22
45 37
46 49
20 16
22 14
28 21
23 18
50 15
21 32
34 18
36 41
10 13
37 21
30 37
15 15
43 48
49 22
48 18
39 50
40 49
15 13
38 24
43 44
34 22
15 32
14 15
17 50
17 18
24 22
43 47
16 24
13 40
20 47
30 49
39 48
28 19
17 27
42 46
49 38
13 23
17 42
# P_hat : m1 | m2
4.00 7.20
9.80 8.40
3.40 8.80
8.40 5.60
6.40 3.00
3.00 9.80
9.20 5.20
9.40 3.60
7.20 4.60
9.40 6.80
5.00 9.40
6.40 9.00
10.00 7.80
7.20 7.40
8.80 2.20
7.60 4.20
10.00 9.00
8.80 7.20
8.80 6.20
9.00 3.60
2.60 6.20
3.40 7.20
5.20 2.00
5.00 9.00
8.60 4.40
6.00 6.40
2.40 6.00
10.00 4.60
2.00 9.00
9.20 5.40
4.00 6.20
7.20 3.60
3.80 9.80
2.20 8.60
8.00 8.80
4.40 4.80
3.80 8.80
6.20 6.20
2.60 7.60
8.60 8.40
6.60 5.80
6.20 2.40
5.40 9.60
3.20 7.20
4.80 5.00
3.60 7.00
4.00 6.20
5.40 5.60
2.40 9.60
7.80 9.80
4.00 7.80
5.20 2.80
6.60 6.20
9.60 6.40
5.80 2.40
8.60 6.80
4.20 2.40
6.60 6.40
5.40 7.40
2.20 3.00
5.00 5.40
4.20 6.00
5.20 6.40
8.00 3.60
2.40 3.80
9.40 4.40
9.20 2.60
8.60 9.00
3.40 6.00
10.00 3.60
3.40 6.40
3.00 2.40
8.60 7.60
2.40 3.20
2.00 2.20
9.20 3.80
9.60 6.60
6.60 9.60
4.20 2.20
6.40 8.60
5.00 7.20
5.40 8.40
2.80 7.40
5.40 3.20
8.00 2.20
2.00 8.00
8.80 6.40
9.40 3.20
6.60 5.00
3.20 6.80
3.40 3.80
4.00 6.60
6.00 9.20
4.40 5.80
6.40 4.60
2.60 8.80
7.80 5.20
8.20 10.00
5.60 3.60
5.40 7.20
5.60 9.20
3.00 2.00
2.60 5.00
6.20 9.80
5.80 6.60
8.20 4.40
10.00 5.40
9.80 9.20
9.80 8.00
6.00 4.40
9.00 7.40
9.20 9.80
4.00 3.20
4.40 2.80
5.60 4.20
4.60 3.60
10.00 3.00
4.20 6.40
6.80 3.60
7.20 8.20
2.00 2.60
7.40 4.20
6.00 7.40
3.00 3.00
8.60 9.60
9.80 4.40
9.60 3.60
7.80 10.00
8.00 9.80
3.00 2.60
7.60 4.80
8.60 8.80
6.80 4.40
3.00 6.40
2.80 3.00
3.40 10.00
3.40 3.60
4.80 4.40
8.60 9.40
3.20 4.80
2.60 8.00
4.00 9.40
6.00 9.80
7.80 9.60
5.60 3.80
3.40 5.40
8.40 9.20
9.80 7.60
2.60 4.60
3.40 8.40
