# nJobs | nMachines
150 2
# Job Weights
63
54
32
2
18
99
3
73
100
55
20
3
63
96
67
57
62
94
60
46
1
19
96
83
74
53
31
59
55
62
62
1
32
74
66
63
69
7
81
38
82
10
38
62
91
7
48
70
86
46
100
67
57
74
93
74
98
40
79
80
22
16
14
45
71
74
82
30
7
93
60
88
15
24
28
93
51
18
28
71
85
67
10
42
59
68
38
61
58
30
95
52
54
96
34
64
47
42
55
13
87
33
38
40
84
73
30
22
70
62
87
24
59
57
81
5
47
56
6
29
64
53
63
17
41
12
76
95
45
82
84
64
97
44
58
43
84
45
8
73
31
22
39
30
27
69
81
68
13
22
# P_bar : m1 | m2
20 36
49 42
17 44
42 28
32 15
15 49
46 26
47 18
36 23
47 34
25 47
32 45
50 39
36 37
44 11
38 21
50 45
44 36
44 31
45 18
13 31
17 36
26 10
25 45
43 22
30 32
12 30
50 23
10 45
46 27
20 31
36 18
19 49
11 43
40 44
22 24
19 44
31 31
13 38
43 42
33 29
31 12
27 48
16 36
24 25
18 35
20 31
27 28
12 48
39 49
20 39
26 14
33 31
48 32
29 12
43 34
21 12
33 32
27 37
11 15
25 27
21 30
26 32
40 18
12 19
47 22
46 13
43 45
17 30
50 18
17 32
15 12
43 38
12 16
10 11
46 19
48 33
33 48
21 11
32 43
25 36
27 42
14 37
27 16
40 11
10 40
44 32
47 16
33 25
16 34
17 19
20 33
30 46
22 29
32 23
13 44
39 26
41 50
28 18
27 36
28 46
15 10
13 25
31 49
29 33
41 22
50 27
49 46
49 40
30 22
45 37
46 49
20 16
22 14
28 21
23 18
50 15
21 32
34 18
36 41
10 13
37 21
30 37
15 15
43 48
49 22
48 18
39 50
40 49
15 13
38 24
43 44
34 22
15 32
14 15
17 50
17 18
24 22
43 47
16 24
13 40
20 47
30 49
39 48
28 19
17 27
42 46
49 38
13 23
17 42
# P_hat : m1 | m2
10.00 18.00
24.50 21.00
8.50 22.00
21.00 14.00
16.00 7.50
7.50 24.50
23.00 13.00
23.50 9.00
18.00 11.50
23.50 17.00
12.50 23.50
16.00 22.50
25.00 19.50
18.00 18.50
22.00 5.50
19.00 10.50
25.00 22.50
22.00 18.00
22.00 15.50
22.50 9.00
6.50 15.50
8.50 18.00
13.00 5.00
12.50 22.50
21.50 11.00
15.00 16.00
6.00 15.00
25.00 11.50
5.00 22.50
23.00 13.50
10.00 15.50
18.00 9.00
9.50 24.50
5.50 21.50
20.00 22.00
11.00 12.00
9.50 22.00
15.50 15.50
6.50 19.00
21.50 21.00
16.50 14.50
15.50 6.00
13.50 24.00
8.00 18.00
12.00 12.50
9.00 17.50
10.00 15.50
13.50 14.00
6.00 24.00
19.50 24.50
10.00 19.50
13.00 7.00
16.50 15.50
24.00 16.00
14.50 6.00
21.50 17.00
10.50 6.00
16.50 16.00
13.50 18.50
5.50 7.50
12.50 13.50
10.50 15.00
13.00 16.00
20.00 9.00
6.00 9.50
23.50 11.00
23.00 6.50
21.50 22.50
8.50 15.00
25.00 9.00
8.50 16.00
7.50 6.00
21.50 19.00
6.00 8.00
5.00 5.50
23.00 9.50
24.00 16.50
16.50 24.00
10.50 5.50
16.00 21.50
12.50 18.00
13.50 21.00
7.00 18.50
13.50 8.00
20.00 5.50
5.00 20.00
22.00 16.00
23.50 8.00
16.50 12.50
8.00 17.00
8.50 9.50
10.00 16.50
15.00 23.00
11.00 14.50
16.00 11.50
6.50 22.00
19.50 13.00
20.50 25.00
14.00 9.00
13.50 18.00
14.00 23.00
7.50 5.00
6.50 12.50
15.50 24.50
14.50 16.50
20.50 11.00
25.00 13.50
24.50 23.00
24.50 20.00
15.00 11.00
22.50 18.50
23.00 24.50
10.00 8.00
11.00 7.00
14.00 10.50
11.50 9.00
25.00 7.50
10.50 16.00
17.00 9.00
18.00 20.50
5.00 6.50
18.50 10.50
15.00 18.50
7.50 7.50
21.50 24.00
24.50 11.00
24.00 9.00
19.50 25.00
20.00 24.50
7.50 6.50
19.00 12.00
21.50 22.00
17.00 11.00
7.50 16.00
7.00 7.50
8.50 25.00
8.50 9.00
12.00 11.00
21.50 23.50
8.00 12.00
6.50 20.00
10.00 23.50
15.00 24.50
19.50 24.00
14.00 9.50
8.50 13.50
21.00 23.00
24.50 19.00
6.50 11.50
8.50 21.00
