# nJobs | nMachines
50 2
# Job Weights
78
97
76
45
9
8
49
27
87
12
37
41
10
56
18
44
15
24
8
34
76
21
75
92
85
25
68
43
100
91
99
92
33
21
42
97
53
63
98
31
72
80
4
32
87
58
39
21
29
17
# P_bar : m1 | m2
24 47
12 15
15 10
44 38
12 26
20 41
24 39
44 24
25 33
38 21
50 42
28 36
27 28
30 45
18 23
44 37
25 46
49 16
29 49
19 19
11 12
10 11
10 17
12 48
24 35
37 17
28 18
44 47
21 31
42 11
38 40
33 20
34 28
40 31
41 15
48 11
42 40
23 26
48 14
43 44
25 17
44 15
45 28
44 14
49 18
15 30
46 49
15 49
35 44
49 44
# P_hat : m1 | m2
9.60 18.80
4.80 6.00
6.00 4.00
17.60 15.20
4.80 10.40
8.00 16.40
9.60 15.60
17.60 9.60
10.00 13.20
15.20 8.40
20.00 16.80
11.20 14.40
10.80 11.20
12.00 18.00
7.20 9.20
17.60 14.80
10.00 18.40
19.60 6.40
11.60 19.60
7.60 7.60
4.40 4.80
4.00 4.40
4.00 6.80
4.80 19.20
9.60 14.00
14.80 6.80
11.20 7.20
17.60 18.80
8.40 12.40
16.80 4.40
15.20 16.00
13.20 8.00
13.60 11.20
16.00 12.40
16.40 6.00
19.20 4.40
16.80 16.00
9.20 10.40
19.20 5.60
17.20 17.60
10.00 6.80
17.60 6.00
18.00 11.20
17.60 5.60
19.60 7.20
6.00 12.00
18.40 19.60
6.00 19.60
14.00 17.60
19.60 17.60
