# nJobs | nMachines
50 2
# Job Weights
27
38
12
68
92
20
21
35
98
96
38
8
28
43
40
100
62
56
9
96
20
97
61
14
59
17
67
38
26
58
57
2
3
96
78
83
26
74
3
95
93
39
39
21
91
58
40
28
30
14
# P_bar : m1 | m2
23 36
12 19
32 43
47 32
12 44
27 43
27 32
45 33
34 17
11 21
39 21
10 48
24 26
15 19
42 40
15 36
24 45
49 28
11 31
46 20
28 24
50 12
24 46
35 25
45 35
21 27
37 15
19 46
46 34
16 31
36 28
29 34
28 17
37 10
28 37
47 37
14 34
30 10
40 24
27 34
10 26
40 20
35 40
35 45
10 21
12 18
45 17
24 17
44 17
38 31
# P_hat : m1 | m2
6.90 10.80
3.60 5.70
9.60 12.90
14.10 9.60
3.60 13.20
8.10 12.90
8.10 9.60
13.50 9.90
10.20 5.10
3.30 6.30
11.70 6.30
3.00 14.40
7.20 7.80
4.50 5.70
12.60 12.00
4.50 10.80
7.20 13.50
14.70 8.40
3.30 9.30
13.80 6.00
8.40 7.20
15.00 3.60
7.20 13.80
10.50 7.50
13.50 10.50
6.30 8.10
11.10 4.50
5.70 13.80
13.80 10.20
4.80 9.30
10.80 8.40
8.70 10.20
8.40 5.10
11.10 3.00
8.40 11.10
14.10 11.10
4.20 10.20
9.00 3.00
12.00 7.20
8.10 10.20
3.00 7.80
12.00 6.00
10.50 12.00
10.50 13.50
3.00 6.30
3.60 5.40
13.50 5.10
7.20 5.10
13.20 5.10
11.40 9.30
