# nJobs | nMachines
50 2
# Job Weights
27
38
12
68
92
20
21
35
98
96
38
8
28
43
40
100
62
56
9
96
20
97
61
14
59
17
67
38
26
58
57
2
3
96
78
83
26
74
3
95
93
39
39
21
91
58
40
28
30
14
# P_bar : m1 | m2
23 36
12 19
32 43
47 32
12 44
27 43
27 32
45 33
34 17
11 21
39 21
10 48
24 26
15 19
42 40
15 36
24 45
49 28
11 31
46 20
28 24
50 12
24 46
35 25
45 35
21 27
37 15
19 46
46 34
16 31
36 28
29 34
28 17
37 10
28 37
47 37
14 34
30 10
40 24
27 34
10 26
40 20
35 40
35 45
10 21
12 18
45 17
24 17
44 17
38 31
# P_hat : m1 | m2
9.20 14.40
4.80 7.60
12.80 17.20
18.80 12.80
4.80 17.60
10.80 17.20
10.80 12.80
18.00 13.20
13.60 6.80
4.40 8.40
15.60 8.40
4.00 19.20
9.60 10.40
6.00 7.60
16.80 16.00
6.00 14.40
9.60 18.00
19.60 11.20
4.40 12.40
18.40 8.00
11.20 9.60
20.00 4.80
9.60 18.40
14.00 10.00
18.00 14.00
8.40 10.80
14.80 6.00
7.60 18.40
18.40 13.60
6.40 12.40
14.40 11.20
11.60 13.60
11.20 6.80
14.80 4.00
11.20 14.80
18.80 14.80
5.60 13.60
12.00 4.00
16.00 9.60
10.80 13.60
4.00 10.40
16.00 8.00
14.00 16.00
14.00 18.00
4.00 8.40
4.80 7.20
18.00 6.80
9.60 6.80
17.60 6.80
15.20 12.40
