# nJobs | nMachines
50 2
# Job Weights
13
51
98
71
73
35
48
26
96
65
86
97
46
85
9
44
54
78
75
91
55
21
28
4
65
53
96
5
45
34
41
31
29
95
9
94
28
59
63
35
61
87
14
31
62
19
66
56
31
14
# P_bar : m1 | m2
18 47
24 28
41 30
19 11
26 46
29 14
49 22
32 14
20 36
28 19
47 18
36 47
32 30
38 35
50 33
19 29
49 36
30 35
38 23
36 12
46 46
10 48
47 34
27 29
46 47
30 23
16 41
49 47
49 13
29 40
48 15
28 27
10 17
18 14
27 23
42 15
32 26
15 42
12 19
35 46
22 16
36 40
23 37
35 41
20 34
38 11
42 30
39 48
28 31
41 23
# P_hat : m1 | m2
5.40 14.10
7.20 8.40
12.30 9.00
5.70 3.30
7.80 13.80
8.70 4.20
14.70 6.60
9.60 4.20
6.00 10.80
8.40 5.70
14.10 5.40
10.80 14.10
9.60 9.00
11.40 10.50
15.00 9.90
5.70 8.70
14.70 10.80
9.00 10.50
11.40 6.90
10.80 3.60
13.80 13.80
3.00 14.40
14.10 10.20
8.10 8.70
13.80 14.10
9.00 6.90
4.80 12.30
14.70 14.10
14.70 3.90
8.70 12.00
14.40 4.50
8.40 8.10
3.00 5.10
5.40 4.20
8.10 6.90
12.60 4.50
9.60 7.80
4.50 12.60
3.60 5.70
10.50 13.80
6.60 4.80
10.80 12.00
6.90 11.10
10.50 12.30
6.00 10.20
11.40 3.30
12.60 9.00
11.70 14.40
8.40 9.30
12.30 6.90
