# nJobs | nMachines
50 2
# Job Weights
90
92
9
45
74
47
29
60
2
42
6
67
74
73
9
82
53
7
14
1
91
41
76
10
70
84
48
31
68
23
37
93
32
78
75
42
8
27
17
84
75
37
50
26
82
67
70
2
16
96
# P_bar : m1 | m2
15 32
12 11
40 38
21 46
36 10
15 23
30 36
17 32
22 40
20 35
24 10
12 31
36 11
13 19
35 12
40 38
27 31
41 28
44 47
33 45
18 36
43 27
19 28
39 19
11 31
19 13
30 25
49 27
16 34
37 26
37 25
25 19
14 45
43 29
16 25
21 47
34 38
42 14
42 11
19 13
42 22
42 15
11 13
16 26
34 46
40 18
29 21
36 35
10 23
18 23
# P_hat : m1 | m2
6.00 12.80
4.80 4.40
16.00 15.20
8.40 18.40
14.40 4.00
6.00 9.20
12.00 14.40
6.80 12.80
8.80 16.00
8.00 14.00
9.60 4.00
4.80 12.40
14.40 4.40
5.20 7.60
14.00 4.80
16.00 15.20
10.80 12.40
16.40 11.20
17.60 18.80
13.20 18.00
7.20 14.40
17.20 10.80
7.60 11.20
15.60 7.60
4.40 12.40
7.60 5.20
12.00 10.00
19.60 10.80
6.40 13.60
14.80 10.40
14.80 10.00
10.00 7.60
5.60 18.00
17.20 11.60
6.40 10.00
8.40 18.80
13.60 15.20
16.80 5.60
16.80 4.40
7.60 5.20
16.80 8.80
16.80 6.00
4.40 5.20
6.40 10.40
13.60 18.40
16.00 7.20
11.60 8.40
14.40 14.00
4.00 9.20
7.20 9.20
