# nJobs | nMachines
50 2
# Job Weights
50
96
18
47
72
56
45
89
96
70
87
65
93
59
75
28
17
94
84
16
39
52
66
31
53
1
5
57
7
63
73
2
37
96
12
39
77
34
29
99
54
73
18
5
15
85
99
73
29
45
# P_bar : m1 | m2
38 32
32 28
41 14
37 23
38 12
38 11
32 44
23 24
36 17
30 24
47 14
43 24
22 39
39 27
20 17
30 31
30 22
47 42
14 24
26 13
25 41
38 13
20 50
48 22
39 16
48 19
21 20
41 46
31 11
18 19
16 28
35 19
30 46
19 36
40 12
34 10
46 40
34 36
43 18
17 39
23 35
30 39
42 11
38 34
42 35
37 47
47 28
36 18
40 30
21 46
# P_hat : m1 | m2
19.00 16.00
16.00 14.00
20.50 7.00
18.50 11.50
19.00 6.00
19.00 5.50
16.00 22.00
11.50 12.00
18.00 8.50
15.00 12.00
23.50 7.00
21.50 12.00
11.00 19.50
19.50 13.50
10.00 8.50
15.00 15.50
15.00 11.00
23.50 21.00
7.00 12.00
13.00 6.50
12.50 20.50
19.00 6.50
10.00 25.00
24.00 11.00
19.50 8.00
24.00 9.50
10.50 10.00
20.50 23.00
15.50 5.50
9.00 9.50
8.00 14.00
17.50 9.50
15.00 23.00
9.50 18.00
20.00 6.00
17.00 5.00
23.00 20.00
17.00 18.00
21.50 9.00
8.50 19.50
11.50 17.50
15.00 19.50
21.00 5.50
19.00 17.00
21.00 17.50
18.50 23.50
23.50 14.00
18.00 9.00
20.00 15.00
10.50 23.00
