# nJobs | nMachines
50 2
# Job Weights
11
56
48
26
10
20
5
81
40
17
12
66
73
12
68
45
60
1
98
36
62
2
63
67
12
79
13
2
22
66
3
46
82
34
54
15
96
20
55
58
9
72
23
71
82
40
65
85
31
87
# P_bar : m1 | m2
20 49
47 10
38 46
22 20
42 14
15 12
33 34
16 21
38 49
34 43
25 50
31 40
36 26
27 36
18 16
12 33
43 42
46 10
31 19
15 42
46 12
11 42
18 12
22 11
16 25
48 16
40 47
44 46
45 29
37 20
33 24
26 38
25 28
38 19
27 13
10 15
46 26
18 20
48 23
45 23
45 31
37 40
22 37
29 32
45 47
25 34
13 41
47 36
24 12
25 44
# P_hat : m1 | m2
8.00 19.60
18.80 4.00
15.20 18.40
8.80 8.00
16.80 5.60
6.00 4.80
13.20 13.60
6.40 8.40
15.20 19.60
13.60 17.20
10.00 20.00
12.40 16.00
14.40 10.40
10.80 14.40
7.20 6.40
4.80 13.20
17.20 16.80
18.40 4.00
12.40 7.60
6.00 16.80
18.40 4.80
4.40 16.80
7.20 4.80
8.80 4.40
6.40 10.00
19.20 6.40
16.00 18.80
17.60 18.40
18.00 11.60
14.80 8.00
13.20 9.60
10.40 15.20
10.00 11.20
15.20 7.60
10.80 5.20
4.00 6.00
18.40 10.40
7.20 8.00
19.20 9.20
18.00 9.20
18.00 12.40
14.80 16.00
8.80 14.80
11.60 12.80
18.00 18.80
10.00 13.60
5.20 16.40
18.80 14.40
9.60 4.80
10.00 17.60
