# nJobs | nMachines
50 2
# Job Weights
60
74
28
73
39
62
63
89
8
44
21
74
88
94
43
69
24
58
1
93
12
48
60
53
81
39
49
90
52
76
30
52
84
23
90
3
88
86
37
93
51
89
76
61
45
22
29
3
12
84
# P_bar : m1 | m2
23 33
26 45
23 12
20 26
31 50
47 21
42 49
25 31
33 22
27 20
48 21
45 30
43 32
32 39
42 38
36 12
31 17
22 31
18 22
22 36
36 37
21 41
46 48
31 11
42 39
13 45
22 20
22 34
17 13
37 14
40 27
38 23
10 11
50 11
37 25
16 25
32 32
39 16
11 38
38 19
36 49
10 31
39 18
23 32
25 21
31 49
18 13
33 33
31 19
30 35
# P_hat : m1 | m2
6.90 9.90
7.80 13.50
6.90 3.60
6.00 7.80
9.30 15.00
14.10 6.30
12.60 14.70
7.50 9.30
9.90 6.60
8.10 6.00
14.40 6.30
13.50 9.00
12.90 9.60
9.60 11.70
12.60 11.40
10.80 3.60
9.30 5.10
6.60 9.30
5.40 6.60
6.60 10.80
10.80 11.10
6.30 12.30
13.80 14.40
9.30 3.30
12.60 11.70
3.90 13.50
6.60 6.00
6.60 10.20
5.10 3.90
11.10 4.20
12.00 8.10
11.40 6.90
3.00 3.30
15.00 3.30
11.10 7.50
4.80 7.50
9.60 9.60
11.70 4.80
3.30 11.40
11.40 5.70
10.80 14.70
3.00 9.30
11.70 5.40
6.90 9.60
7.50 6.30
9.30 14.70
5.40 3.90
9.90 9.90
9.30 5.70
9.00 10.50
