# nJobs | nMachines
50 2
# Job Weights
78
97
76
45
9
8
49
27
87
12
37
41
10
56
18
44
15
24
8
34
76
21
75
92
85
25
68
43
100
91
99
92
33
21
42
97
53
63
98
31
72
80
4
32
87
58
39
21
29
17
# P_bar : m1 | m2
24 47
12 15
15 10
44 38
12 26
20 41
24 39
44 24
25 33
38 21
50 42
28 36
27 28
30 45
18 23
44 37
25 46
49 16
29 49
19 19
11 12
10 11
10 17
12 48
24 35
37 17
28 18
44 47
21 31
42 11
38 40
33 20
34 28
40 31
41 15
48 11
42 40
23 26
48 14
43 44
25 17
44 15
45 28
44 14
49 18
15 30
46 49
15 49
35 44
49 44
# P_hat : m1 | m2
7.20 14.10
3.60 4.50
4.50 3.00
13.20 11.40
3.60 7.80
6.00 12.30
7.20 11.70
13.20 7.20
7.50 9.90
11.40 6.30
15.00 12.60
8.40 10.80
8.10 8.40
9.00 13.50
5.40 6.90
13.20 11.10
7.50 13.80
14.70 4.80
8.70 14.70
5.70 5.70
3.30 3.60
3.00 3.30
3.00 5.10
3.60 14.40
7.20 10.50
11.10 5.10
8.40 5.40
13.20 14.10
6.30 9.30
12.60 3.30
11.40 12.00
9.90 6.00
10.20 8.40
12.00 9.30
12.30 4.50
14.40 3.30
12.60 12.00
6.90 7.80
14.40 4.20
12.90 13.20
7.50 5.10
13.20 4.50
13.50 8.40
13.20 4.20
14.70 5.40
4.50 9.00
13.80 14.70
4.50 14.70
10.50 13.20
14.70 13.20
