# nJobs | nMachines
50 2
# Job Weights
4
28
100
42
50
74
62
13
46
17
91
78
17
32
51
26
71
46
85
52
33
69
30
76
23
26
2
51
24
65
99
72
68
52
44
43
43
16
46
14
51
64
12
62
41
69
79
46
10
68
# P_bar : m1 | m2
30 17
15 41
32 18
24 39
42 43
30 18
27 40
15 32
20 37
21 10
25 47
31 30
30 17
11 29
39 38
49 22
20 40
20 21
49 32
10 31
21 31
41 20
48 13
22 29
38 46
20 33
12 28
41 44
19 32
14 36
34 12
45 43
33 21
15 34
23 20
49 50
13 21
33 28
48 30
44 36
21 12
17 44
49 11
29 12
41 15
26 27
31 24
33 48
15 20
39 43
# P_hat : m1 | m2
12.00 6.80
6.00 16.40
12.80 7.20
9.60 15.60
16.80 17.20
12.00 7.20
10.80 16.00
6.00 12.80
8.00 14.80
8.40 4.00
10.00 18.80
12.40 12.00
12.00 6.80
4.40 11.60
15.60 15.20
19.60 8.80
8.00 16.00
8.00 8.40
19.60 12.80
4.00 12.40
8.40 12.40
16.40 8.00
19.20 5.20
8.80 11.60
15.20 18.40
8.00 13.20
4.80 11.20
16.40 17.60
7.60 12.80
5.60 14.40
13.60 4.80
18.00 17.20
13.20 8.40
6.00 13.60
9.20 8.00
19.60 20.00
5.20 8.40
13.20 11.20
19.20 12.00
17.60 14.40
8.40 4.80
6.80 17.60
19.60 4.40
11.60 4.80
16.40 6.00
10.40 10.80
12.40 9.60
13.20 19.20
6.00 8.00
15.60 17.20
