# nJobs | nMachines
50 2
# Job Weights
3
89
66
45
96
20
10
82
20
24
85
3
64
83
70
32
16
94
4
4
84
60
15
33
23
33
73
9
15
80
93
27
25
29
27
48
33
99
4
82
97
55
57
48
85
66
3
76
21
88
# P_bar : m1 | m2
20 16
31 26
32 24
43 20
48 18
45 48
10 42
45 38
11 10
45 50
29 26
15 42
22 34
48 18
20 43
26 18
46 43
33 17
42 45
34 14
22 32
36 23
26 28
44 22
28 37
47 34
32 25
27 24
45 24
35 37
11 30
45 10
46 23
16 48
25 39
21 31
18 31
45 44
18 30
39 25
25 25
12 17
13 11
40 39
28 48
15 39
50 49
10 30
42 23
38 38
# P_hat : m1 | m2
4.00 3.20
6.20 5.20
6.40 4.80
8.60 4.00
9.60 3.60
9.00 9.60
2.00 8.40
9.00 7.60
2.20 2.00
9.00 10.00
5.80 5.20
3.00 8.40
4.40 6.80
9.60 3.60
4.00 8.60
5.20 3.60
9.20 8.60
6.60 3.40
8.40 9.00
6.80 2.80
4.40 6.40
7.20 4.60
5.20 5.60
8.80 4.40
5.60 7.40
9.40 6.80
6.40 5.00
5.40 4.80
9.00 4.80
7.00 7.40
2.20 6.00
9.00 2.00
9.20 4.60
3.20 9.60
5.00 7.80
4.20 6.20
3.60 6.20
9.00 8.80
3.60 6.00
7.80 5.00
5.00 5.00
2.40 3.40
2.60 2.20
8.00 7.80
5.60 9.60
3.00 7.80
10.00 9.80
2.00 6.00
8.40 4.60
7.60 7.60
