# nJobs | nMachines
50 2
# Job Weights
3
89
66
45
96
20
10
82
20
24
85
3
64
83
70
32
16
94
4
4
84
60
15
33
23
33
73
9
15
80
93
27
25
29
27
48
33
99
4
82
97
55
57
48
85
66
3
76
21
88
# P_bar : m1 | m2
20 16
31 26
32 24
43 20
48 18
45 48
10 42
45 38
11 10
45 50
29 26
15 42
22 34
48 18
20 43
26 18
46 43
33 17
42 45
34 14
22 32
36 23
26 28
44 22
28 37
47 34
32 25
27 24
45 24
35 37
11 30
45 10
46 23
16 48
25 39
21 31
18 31
45 44
18 30
39 25
25 25
12 17
13 11
40 39
28 48
15 39
50 49
10 30
42 23
38 38
# P_hat : m1 | m2
8.00 6.40
12.40 10.40
12.80 9.60
17.20 8.00
19.20 7.20
18.00 19.20
4.00 16.80
18.00 15.20
4.40 4.00
18.00 20.00
11.60 10.40
6.00 16.80
8.80 13.60
19.20 7.20
8.00 17.20
10.40 7.20
18.40 17.20
13.20 6.80
16.80 18.00
13.60 5.60
8.80 12.80
14.40 9.20
10.40 11.20
17.60 8.80
11.20 14.80
18.80 13.60
12.80 10.00
10.80 9.60
18.00 9.60
14.00 14.80
4.40 12.00
18.00 4.00
18.40 9.20
6.40 19.20
10.00 15.60
8.40 12.40
7.20 12.40
18.00 17.60
7.20 12.00
15.60 10.00
10.00 10.00
4.80 6.80
5.20 4.40
16.00 15.60
11.20 19.20
6.00 15.60
20.00 19.60
4.00 12.00
16.80 9.20
15.20 15.20
