# nJobs | nMachines
50 2
# Job Weights
50
96
18
47
72
56
45
89
96
70
87
65
93
59
75
28
17
94
84
16
39
52
66
31
53
1
5
57
7
63
73
2
37
96
12
39
77
34
29
99
54
73
18
5
15
85
99
73
29
45
# P_bar : m1 | m2
38 32
32 28
41 14
37 23
38 12
38 11
32 44
23 24
36 17
30 24
47 14
43 24
22 39
39 27
20 17
30 31
30 22
47 42
14 24
26 13
25 41
38 13
20 50
48 22
39 16
48 19
21 20
41 46
31 11
18 19
16 28
35 19
30 46
19 36
40 12
34 10
46 40
34 36
43 18
17 39
23 35
30 39
42 11
38 34
42 35
37 47
47 28
36 18
40 30
21 46
# P_hat : m1 | m2
3.80 3.20
3.20 2.80
4.10 1.40
3.70 2.30
3.80 1.20
3.80 1.10
3.20 4.40
2.30 2.40
3.60 1.70
3.00 2.40
4.70 1.40
4.30 2.40
2.20 3.90
3.90 2.70
2.00 1.70
3.00 3.10
3.00 2.20
4.70 4.20
1.40 2.40
2.60 1.30
2.50 4.10
3.80 1.30
2.00 5.00
4.80 2.20
3.90 1.60
4.80 1.90
2.10 2.00
4.10 4.60
3.10 1.10
1.80 1.90
1.60 2.80
3.50 1.90
3.00 4.60
1.90 3.60
4.00 1.20
3.40 1.00
4.60 4.00
3.40 3.60
4.30 1.80
1.70 3.90
2.30 3.50
3.00 3.90
4.20 1.10
3.80 3.40
4.20 3.50
3.70 4.70
4.70 2.80
3.60 1.80
4.00 3.00
2.10 4.60
