# nJobs | nMachines
50 2
# Job Weights
85
100
40
32
70
90
41
1
38
71
82
11
68
48
55
16
56
33
31
23
41
96
21
60
13
91
69
98
71
29
22
96
41
5
5
4
86
7
71
4
91
87
14
18
85
36
33
49
3
70
# P_bar : m1 | m2
10 33
38 26
18 13
50 37
43 14
36 16
24 14
13 18
32 48
41 17
33 48
43 22
31 11
15 45
45 11
21 23
32 11
37 15
20 13
27 15
37 13
20 18
26 43
42 14
46 31
47 12
31 27
17 49
13 12
15 21
28 31
32 43
17 35
23 43
35 48
15 27
16 45
30 17
24 44
30 30
30 20
41 25
23 42
42 12
31 39
25 22
45 19
19 17
10 14
32 10
# P_hat : m1 | m2
2.00 6.60
7.60 5.20
3.60 2.60
10.00 7.40
8.60 2.80
7.20 3.20
4.80 2.80
2.60 3.60
6.40 9.60
8.20 3.40
6.60 9.60
8.60 4.40
6.20 2.20
3.00 9.00
9.00 2.20
4.20 4.60
6.40 2.20
7.40 3.00
4.00 2.60
5.40 3.00
7.40 2.60
4.00 3.60
5.20 8.60
8.40 2.80
9.20 6.20
9.40 2.40
6.20 5.40
3.40 9.80
2.60 2.40
3.00 4.20
5.60 6.20
6.40 8.60
3.40 7.00
4.60 8.60
7.00 9.60
3.00 5.40
3.20 9.00
6.00 3.40
4.80 8.80
6.00 6.00
6.00 4.00
8.20 5.00
4.60 8.40
8.40 2.40
6.20 7.80
5.00 4.40
9.00 3.80
3.80 3.40
2.00 2.80
6.40 2.00
