# nJobs | nMachines
50 2
# Job Weights
85
100
40
32
70
90
41
1
38
71
82
11
68
48
55
16
56
33
31
23
41
96
21
60
13
91
69
98
71
29
22
96
41
5
5
4
86
7
71
4
91
87
14
18
85
36
33
49
3
70
# P_bar : m1 | m2
10 33
38 26
18 13
50 37
43 14
36 16
24 14
13 18
32 48
41 17
33 48
43 22
31 11
15 45
45 11
21 23
32 11
37 15
20 13
27 15
37 13
20 18
26 43
42 14
46 31
47 12
31 27
17 49
13 12
15 21
28 31
32 43
17 35
23 43
35 48
15 27
16 45
30 17
24 44
30 30
30 20
41 25
23 42
42 12
31 39
25 22
45 19
19 17
10 14
32 10
# P_hat : m1 | m2
1.00 3.30
3.80 2.60
1.80 1.30
5.00 3.70
4.30 1.40
3.60 1.60
2.40 1.40
1.30 1.80
3.20 4.80
4.10 1.70
3.30 4.80
4.30 2.20
3.10 1.10
1.50 4.50
4.50 1.10
2.10 2.30
3.20 1.10
3.70 1.50
2.00 1.30
2.70 1.50
3.70 1.30
2.00 1.80
2.60 4.30
4.20 1.40
4.60 3.10
4.70 1.20
3.10 2.70
1.70 4.90
1.30 1.20
1.50 2.10
2.80 3.10
3.20 4.30
1.70 3.50
2.30 4.30
3.50 4.80
1.50 2.70
1.60 4.50
3.00 1.70
2.40 4.40
3.00 3.00
3.00 2.00
4.10 2.50
2.30 4.20
4.20 1.20
3.10 3.90
2.50 2.20
4.50 1.90
1.90 1.70
1.00 1.40
3.20 1.00
