# nJobs | nMachines
50 2
# Job Weights
13
51
98
71
73
35
48
26
96
65
86
97
46
85
9
44
54
78
75
91
55
21
28
4
65
53
96
5
45
34
41
31
29
95
9
94
28
59
63
35
61
87
14
31
62
19
66
56
31
14
# P_bar : m1 | m2
18 47
24 28
41 30
19 11
26 46
29 14
49 22
32 14
20 36
28 19
47 18
36 47
32 30
38 35
50 33
19 29
49 36
30 35
38 23
36 12
46 46
10 48
47 34
27 29
46 47
30 23
16 41
49 47
49 13
29 40
48 15
28 27
10 17
18 14
27 23
42 15
32 26
15 42
12 19
35 46
22 16
36 40
23 37
35 41
20 34
38 11
42 30
39 48
28 31
41 23
# P_hat : m1 | m2
9.00 23.50
12.00 14.00
20.50 15.00
9.50 5.50
13.00 23.00
14.50 7.00
24.50 11.00
16.00 7.00
10.00 18.00
14.00 9.50
23.50 9.00
18.00 23.50
16.00 15.00
19.00 17.50
25.00 16.50
9.50 14.50
24.50 18.00
15.00 17.50
19.00 11.50
18.00 6.00
23.00 23.00
5.00 24.00
23.50 17.00
13.50 14.50
23.00 23.50
15.00 11.50
8.00 20.50
24.50 23.50
24.50 6.50
14.50 20.00
24.00 7.50
14.00 13.50
5.00 8.50
9.00 7.00
13.50 11.50
21.00 7.50
16.00 13.00
7.50 21.00
6.00 9.50
17.50 23.00
11.00 8.00
18.00 20.00
11.50 18.50
17.50 20.50
10.00 17.00
19.00 5.50
21.00 15.00
19.50 24.00
14.00 15.50
20.50 11.50
