# nJobs | nMachines
50 2
# Job Weights
11
56
48
26
10
20
5
81
40
17
12
66
73
12
68
45
60
1
98
36
62
2
63
67
12
79
13
2
22
66
3
46
82
34
54
15
96
20
55
58
9
72
23
71
82
40
65
85
31
87
# P_bar : m1 | m2
20 49
47 10
38 46
22 20
42 14
15 12
33 34
16 21
38 49
34 43
25 50
31 40
36 26
27 36
18 16
12 33
43 42
46 10
31 19
15 42
46 12
11 42
18 12
22 11
16 25
48 16
40 47
44 46
45 29
37 20
33 24
26 38
25 28
38 19
27 13
10 15
46 26
18 20
48 23
45 23
45 31
37 40
22 37
29 32
45 47
25 34
13 41
47 36
24 12
25 44
# P_hat : m1 | m2
6.00 14.70
14.10 3.00
11.40 13.80
6.60 6.00
12.60 4.20
4.50 3.60
9.90 10.20
4.80 6.30
11.40 14.70
10.20 12.90
7.50 15.00
9.30 12.00
10.80 7.80
8.10 10.80
5.40 4.80
3.60 9.90
12.90 12.60
13.80 3.00
9.30 5.70
4.50 12.60
13.80 3.60
3.30 12.60
5.40 3.60
6.60 3.30
4.80 7.50
14.40 4.80
12.00 14.10
13.20 13.80
13.50 8.70
11.10 6.00
9.90 7.20
7.80 11.40
7.50 8.40
11.40 5.70
8.10 3.90
3.00 4.50
13.80 7.80
5.40 6.00
14.40 6.90
13.50 6.90
13.50 9.30
11.10 12.00
6.60 11.10
8.70 9.60
13.50 14.10
7.50 10.20
3.90 12.30
14.10 10.80
7.20 3.60
7.50 13.20
