# nJobs | nMachines
50 2
# Job Weights
78
97
76
45
9
8
49
27
87
12
37
41
10
56
18
44
15
24
8
34
76
21
75
92
85
25
68
43
100
91
99
92
33
21
42
97
53
63
98
31
72
80
4
32
87
58
39
21
29
17
# P_bar : m1 | m2
24 47
12 15
15 10
44 38
12 26
20 41
24 39
44 24
25 33
38 21
50 42
28 36
27 28
30 45
18 23
44 37
25 46
49 16
29 49
19 19
11 12
10 11
10 17
12 48
24 35
37 17
28 18
44 47
21 31
42 11
38 40
33 20
34 28
40 31
41 15
48 11
42 40
23 26
48 14
43 44
25 17
44 15
45 28
44 14
49 18
15 30
46 49
15 49
35 44
49 44
# P_hat : m1 | m2
2.40 4.70
1.20 1.50
1.50 1.00
4.40 3.80
1.20 2.60
2.00 4.10
2.40 3.90
4.40 2.40
2.50 3.30
3.80 2.10
5.00 4.20
2.80 3.60
2.70 2.80
3.00 4.50
1.80 2.30
4.40 3.70
2.50 4.60
4.90 1.60
2.90 4.90
1.90 1.90
1.10 1.20
1.00 1.10
1.00 1.70
1.20 4.80
2.40 3.50
3.70 1.70
2.80 1.80
4.40 4.70
2.10 3.10
4.20 1.10
3.80 4.00
3.30 2.00
3.40 2.80
4.00 3.10
4.10 1.50
4.80 1.10
4.20 4.00
2.30 2.60
4.80 1.40
4.30 4.40
2.50 1.70
4.40 1.50
4.50 2.80
4.40 1.40
4.90 1.80
1.50 3.00
4.60 4.90
1.50 4.90
3.50 4.40
4.90 4.40
