# nJobs | nMachines
50 2
# Job Weights
50
96
18
47
72
56
45
89
96
70
87
65
93
59
75
28
17
94
84
16
39
52
66
31
53
1
5
57
7
63
73
2
37
96
12
39
77
34
29
99
54
73
18
5
15
85
99
73
29
45
# P_bar : m1 | m2
38 32
32 28
41 14
37 23
38 12
38 11
32 44
23 24
36 17
30 24
47 14
43 24
22 39
39 27
20 17
30 31
30 22
47 42
14 24
26 13
25 41
38 13
20 50
48 22
39 16
48 19
21 20
41 46
31 11
18 19
16 28
35 19
30 46
19 36
40 12
34 10
46 40
34 36
43 18
17 39
23 35
30 39
42 11
38 34
42 35
37 47
47 28
36 18
40 30
21 46
# P_hat : m1 | m2
15.20 12.80
12.80 11.20
16.40 5.60
14.80 9.20
15.20 4.80
15.20 4.40
12.80 17.60
9.20 9.60
14.40 6.80
12.00 9.60
18.80 5.60
17.20 9.60
8.80 15.60
15.60 10.80
8.00 6.80
12.00 12.40
12.00 8.80
18.80 16.80
5.60 9.60
10.40 5.20
10.00 16.40
15.20 5.20
8.00 20.00
19.20 8.80
15.60 6.40
19.20 7.60
8.40 8.00
16.40 18.40
12.40 4.40
7.20 7.60
6.40 11.20
14.00 7.60
12.00 18.40
7.60 14.40
16.00 4.80
13.60 4.00
18.40 16.00
13.60 14.40
17.20 7.20
6.80 15.60
9.20 14.00
12.00 15.60
16.80 4.40
15.20 13.60
16.80 14.00
14.80 18.80
18.80 11.20
14.40 7.20
16.00 12.00
8.40 18.40
