# nJobs | nMachines
50 2
# Job Weights
13
51
98
71
73
35
48
26
96
65
86
97
46
85
9
44
54
78
75
91
55
21
28
4
65
53
96
5
45
34
41
31
29
95
9
94
28
59
63
35
61
87
14
31
62
19
66
56
31
14
# P_bar : m1 | m2
18 47
24 28
41 30
19 11
26 46
29 14
49 22
32 14
20 36
28 19
47 18
36 47
32 30
38 35
50 33
19 29
49 36
30 35
38 23
36 12
46 46
10 48
47 34
27 29
46 47
30 23
16 41
49 47
49 13
29 40
48 15
28 27
10 17
18 14
27 23
42 15
32 26
15 42
12 19
35 46
22 16
36 40
23 37
35 41
20 34
38 11
42 30
39 48
28 31
41 23
# P_hat : m1 | m2
1.80 4.70
2.40 2.80
4.10 3.00
1.90 1.10
2.60 4.60
2.90 1.40
4.90 2.20
3.20 1.40
2.00 3.60
2.80 1.90
4.70 1.80
3.60 4.70
3.20 3.00
3.80 3.50
5.00 3.30
1.90 2.90
4.90 3.60
3.00 3.50
3.80 2.30
3.60 1.20
4.60 4.60
1.00 4.80
4.70 3.40
2.70 2.90
4.60 4.70
3.00 2.30
1.60 4.10
4.90 4.70
4.90 1.30
2.90 4.00
4.80 1.50
2.80 2.70
1.00 1.70
1.80 1.40
2.70 2.30
4.20 1.50
3.20 2.60
1.50 4.20
1.20 1.90
3.50 4.60
2.20 1.60
3.60 4.00
2.30 3.70
3.50 4.10
2.00 3.40
3.80 1.10
4.20 3.00
3.90 4.80
2.80 3.10
4.10 2.30
