# nJobs | nMachines
20 5
# Job Weights
31
9
25
50
98
23
30
70
38
22
49
17
65
72
36
1
36
32
72
18
# P_bar : m1 | m2 | m3 | m4 | m5
15 28 77 1 45
64 4 36 59 73
64 43 57 95 59
48 93 15 49 63
9 1 81 90 54
91 81 82 78 98
27 77 98 3 39
34 69 97 69 75
42 52 12 99 33
3 28 35 41 8
11 28 84 73 86
54 77 70 28 41
27 42 27 99 41
30 53 37 13 22
9 46 59 59 43
15 49 42 47 34
88 15 57 8 80
55 43 16 92 16
50 65 11 87 37
57 41 34 62 94
# P_hat : m1 | m2 | m3 | m4 | m5
4.50 8.40 23.10 0.30 13.50
19.20 1.20 10.80 17.70 21.90
19.20 12.90 17.10 28.50 17.70
14.40 27.90 4.50 14.70 18.90
2.70 0.30 24.30 27.00 16.20
27.30 24.30 24.60 23.40 29.40
8.10 23.10 29.40 0.90 11.70
10.20 20.70 29.10 20.70 22.50
12.60 15.60 3.60 29.70 9.90
0.90 8.40 10.50 12.30 2.40
3.30 8.40 25.20 21.90 25.80
16.20 23.10 21.00 8.40 12.30
8.10 12.60 8.10 29.70 12.30
9.00 15.90 11.10 3.90 6.60
2.70 13.80 17.70 17.70 12.90
4.50 14.70 12.60 14.10 10.20
26.40 4.50 17.10 2.40 24.00
16.50 12.90 4.80 27.60 4.80
15.00 19.50 3.30 26.10 11.10
17.10 12.30 10.20 18.60 28.20
