# nJobs | nMachines
20 5
# Job Weights
77
14
86
20
71
63
81
63
11
43
35
46
63
97
44
51
51
100
33
16
# P_bar : m1 | m2 | m3 | m4 | m5
34 5 86 28 8
20 48 35 39 91
57 80 5 55 45
47 43 93 21 55
62 34 74 25 75
40 2 12 88 18
74 87 40 59 59
94 68 95 40 86
9 28 80 90 45
62 84 6 18 89
86 30 92 33 11
13 35 14 10 54
78 42 83 59 38
46 39 49 92 41
83 85 36 15 64
52 34 38 77 98
13 36 43 31 83
70 9 89 85 36
40 96 94 85 61
60 84 33 99 19
# P_hat : m1 | m2 | m3 | m4 | m5
10.20 1.50 25.80 8.40 2.40
6.00 14.40 10.50 11.70 27.30
17.10 24.00 1.50 16.50 13.50
14.10 12.90 27.90 6.30 16.50
18.60 10.20 22.20 7.50 22.50
12.00 0.60 3.60 26.40 5.40
22.20 26.10 12.00 17.70 17.70
28.20 20.40 28.50 12.00 25.80
2.70 8.40 24.00 27.00 13.50
18.60 25.20 1.80 5.40 26.70
25.80 9.00 27.60 9.90 3.30
3.90 10.50 4.20 3.00 16.20
23.40 12.60 24.90 17.70 11.40
13.80 11.70 14.70 27.60 12.30
24.90 25.50 10.80 4.50 19.20
15.60 10.20 11.40 23.10 29.40
3.90 10.80 12.90 9.30 24.90
21.00 2.70 26.70 25.50 10.80
12.00 28.80 28.20 25.50 18.30
18.00 25.20 9.90 29.70 5.70
