# nJobs | nMachines
20 5
# Job Weights
20
45
55
36
48
48
36
90
90
48
6
65
91
26
37
28
4
84
14
23
# P_bar : m1 | m2 | m3 | m4 | m5
77 39 14 11 83
94 31 21 2 13
9 46 15 36 84
57 18 10 30 46
29 93 85 89 20
79 58 46 10 33
55 85 42 88 74
73 58 18 22 42
65 97 36 31 33
86 10 2 9 71
25 79 44 43 32
39 93 89 91 48
76 2 6 26 42
24 87 3 3 99
38 17 1 75 7
5 18 43 99 54
91 10 81 63 8
29 50 57 83 73
22 8 76 70 30
27 26 59 84 75
# P_hat : m1 | m2 | m3 | m4 | m5
23.10 11.70 4.20 3.30 24.90
28.20 9.30 6.30 0.60 3.90
2.70 13.80 4.50 10.80 25.20
17.10 5.40 3.00 9.00 13.80
8.70 27.90 25.50 26.70 6.00
23.70 17.40 13.80 3.00 9.90
16.50 25.50 12.60 26.40 22.20
21.90 17.40 5.40 6.60 12.60
19.50 29.10 10.80 9.30 9.90
25.80 3.00 0.60 2.70 21.30
7.50 23.70 13.20 12.90 9.60
11.70 27.90 26.70 27.30 14.40
22.80 0.60 1.80 7.80 12.60
7.20 26.10 0.90 0.90 29.70
11.40 5.10 0.30 22.50 2.10
1.50 5.40 12.90 29.70 16.20
27.30 3.00 24.30 18.90 2.40
8.70 15.00 17.10 24.90 21.90
6.60 2.40 22.80 21.00 9.00
8.10 7.80 17.70 25.20 22.50
