# nJobs | nMachines
20 5
# Job Weights
35
14
80
27
99
14
21
19
44
78
53
44
78
77
73
4
81
77
16
66
# P_bar : m1 | m2 | m3 | m4 | m5
37 59 65 70 94
36 16 94 3 98
1 90 96 43 63
4 3 47 14 83
64 76 35 26 19
74 74 34 83 79
32 22 84 26 54
67 30 3 65 78
73 89 60 47 29
7 61 34 94 8
78 39 70 75 38
64 15 57 30 97
98 69 8 1 61
60 57 74 71 10
89 9 13 46 37
49 13 37 87 16
2 71 87 78 78
79 2 71 76 96
79 34 89 75 9
53 49 57 55 91
# P_hat : m1 | m2 | m3 | m4 | m5
11.10 17.70 19.50 21.00 28.20
10.80 4.80 28.20 0.90 29.40
0.30 27.00 28.80 12.90 18.90
1.20 0.90 14.10 4.20 24.90
19.20 22.80 10.50 7.80 5.70
22.20 22.20 10.20 24.90 23.70
9.60 6.60 25.20 7.80 16.20
20.10 9.00 0.90 19.50 23.40
21.90 26.70 18.00 14.10 8.70
2.10 18.30 10.20 28.20 2.40
23.40 11.70 21.00 22.50 11.40
19.20 4.50 17.10 9.00 29.10
29.40 20.70 2.40 0.30 18.30
18.00 17.10 22.20 21.30 3.00
26.70 2.70 3.90 13.80 11.10
14.70 3.90 11.10 26.10 4.80
0.60 21.30 26.10 23.40 23.40
23.70 0.60 21.30 22.80 28.80
23.70 10.20 26.70 22.50 2.70
15.90 14.70 17.10 16.50 27.30
