# nJobs | nMachines
20 5
# Job Weights
77
50
74
94
78
96
47
28
38
44
52
32
70
75
22
83
84
55
12
92
# P_bar : m1 | m2 | m3 | m4 | m5
54 79 16 66 58
83 3 89 58 56
15 11 49 31 20
71 99 15 68 85
77 56 89 78 53
36 70 45 91 35
53 99 60 13 53
38 60 23 59 41
27 5 57 49 69
87 56 64 85 13
76 3 7 85 86
91 61 1 9 72
14 73 63 39 8
29 75 41 41 49
12 47 63 56 47
77 14 47 40 87
32 21 26 54 58
87 86 75 77 18
68 5 77 51 68
94 77 40 31 28
# P_hat : m1 | m2 | m3 | m4 | m5
16.20 23.70 4.80 19.80 17.40
24.90 0.90 26.70 17.40 16.80
4.50 3.30 14.70 9.30 6.00
21.30 29.70 4.50 20.40 25.50
23.10 16.80 26.70 23.40 15.90
10.80 21.00 13.50 27.30 10.50
15.90 29.70 18.00 3.90 15.90
11.40 18.00 6.90 17.70 12.30
8.10 1.50 17.10 14.70 20.70
26.10 16.80 19.20 25.50 3.90
22.80 0.90 2.10 25.50 25.80
27.30 18.30 0.30 2.70 21.60
4.20 21.90 18.90 11.70 2.40
8.70 22.50 12.30 12.30 14.70
3.60 14.10 18.90 16.80 14.10
23.10 4.20 14.10 12.00 26.10
9.60 6.30 7.80 16.20 17.40
26.10 25.80 22.50 23.10 5.40
20.40 1.50 23.10 15.30 20.40
28.20 23.10 12.00 9.30 8.40
