# nJobs | nMachines
10 5
# Job Weights
26
35
72
1
2
6
64
5
89
51
# P_bar : m1 | m2 | m3 | m4 | m5
13 39 32 45 50
25 27 22 45 13
49 15 43 19 49
41 45 36 17 37
29 22 32 42 21
47 24 32 38 38
49 29 41 38 38
11 48 26 40 42
23 46 41 32 11
18 21 41 50 43
# P_hat : m1 | m2 | m3 | m4 | m5
3.90 11.70 9.60 13.50 15.00
7.50 8.10 6.60 13.50 3.90
14.70 4.50 12.90 5.70 14.70
12.30 13.50 10.80 5.10 11.10
8.70 6.60 9.60 12.60 6.30
14.10 7.20 9.60 11.40 11.40
14.70 8.70 12.30 11.40 11.40
3.30 14.40 7.80 12.00 12.60
6.90 13.80 12.30 9.60 3.30
5.40 6.30 12.30 15.00 12.90
