# nJobs | nMachines
10 5
# Job Weights
37
10
34
9
42
91
37
59
66
78
# P_bar : m1 | m2 | m3 | m4 | m5
20 44 17 37 29
30 47 20 23 50
11 47 46 26 13
41 20 27 30 15
21 12 18 12 25
27 34 48 42 48
42 14 14 30 12
35 35 10 26 20
12 10 30 36 41
37 12 40 46 20
# P_hat : m1 | m2 | m3 | m4 | m5
6.00 13.20 5.10 11.10 8.70
9.00 14.10 6.00 6.90 15.00
3.30 14.10 13.80 7.80 3.90
12.30 6.00 8.10 9.00 4.50
6.30 3.60 5.40 3.60 7.50
8.10 10.20 14.40 12.60 14.40
12.60 4.20 4.20 9.00 3.60
10.50 10.50 3.00 7.80 6.00
3.60 3.00 9.00 10.80 12.30
11.10 3.60 12.00 13.80 6.00
