# nJobs | nMachines
10 5
# Job Weights
18
43
21
60
73
32
2
15
78
87
# P_bar : m1 | m2 | m3 | m4 | m5
31 47 32 28 43
33 31 29 13 32
45 28 34 40 10
38 21 30 39 13
45 42 14 23 27
23 20 27 29 27
28 46 34 25 28
28 48 40 33 19
15 35 35 17 27
34 40 38 18 30
# P_hat : m1 | m2 | m3 | m4 | m5
9.30 14.10 9.60 8.40 12.90
9.90 9.30 8.70 3.90 9.60
13.50 8.40 10.20 12.00 3.00
11.40 6.30 9.00 11.70 3.90
13.50 12.60 4.20 6.90 8.10
6.90 6.00 8.10 8.70 8.10
8.40 13.80 10.20 7.50 8.40
8.40 14.40 12.00 9.90 5.70
4.50 10.50 10.50 5.10 8.10
10.20 12.00 11.40 5.40 9.00
