# nJobs | nMachines
10 5
# Job Weights
1
35
27
61
49
51
91
68
72
75
# P_bar : m1 | m2 | m3 | m4 | m5
44 47 30 26 49
40 15 40 44 47
13 26 42 44 19
12 36 21 47 36
16 13 20 30 11
42 33 44 42 21
11 34 31 14 27
38 43 32 21 14
15 10 10 15 42
45 30 26 20 25
# P_hat : m1 | m2 | m3 | m4 | m5
13.20 14.10 9.00 7.80 14.70
12.00 4.50 12.00 13.20 14.10
3.90 7.80 12.60 13.20 5.70
3.60 10.80 6.30 14.10 10.80
4.80 3.90 6.00 9.00 3.30
12.60 9.90 13.20 12.60 6.30
3.30 10.20 9.30 4.20 8.10
11.40 12.90 9.60 6.30 4.20
4.50 3.00 3.00 4.50 12.60
13.50 9.00 7.80 6.00 7.50
