# nJobs | nMachines
100 2
# Job Weights
96
8
62
35
17
27
47
17
68
89
48
40
62
15
36
32
81
68
13
97
50
47
98
80
51
73
36
4
13
60
49
68
92
20
56
73
9
67
48
77
84
15
13
41
19
6
37
68
91
34
57
96
45
62
62
10
82
86
15
8
25
16
75
11
75
83
90
68
1
32
36
90
49
3
10
94
73
62
49
98
74
38
77
79
9
74
96
95
61
19
63
87
96
35
53
1
79
89
74
18
# P_bar : m1 | m2
22 45
29 17
48 44
45 44
25 44
26 47
45 37
48 42
18 30
25 46
14 46
43 12
18 49
19 11
37 25
27 21
10 37
26 30
27 29
41 10
10 49
25 30
36 28
46 50
50 17
18 43
38 25
46 36
42 30
13 40
44 42
17 42
22 21
15 45
17 46
44 23
20 17
25 24
37 24
10 14
32 41
38 48
22 46
29 50
23 43
48 24
28 20
28 48
27 18
21 39
20 11
24 21
45 29
33 17
15 49
40 12
25 49
43 28
33 45
28 37
21 35
46 46
42 23
42 17
17 26
21 12
42 45
42 31
14 21
48 20
23 42
43 49
32 49
26 20
14 37
10 25
38 13
42 50
13 28
12 18
44 20
21 36
47 16
10 46
42 28
19 36
29 20
21 10
34 21
50 46
32 33
34 12
16 38
22 49
35 10
27 43
19 29
20 42
43 37
14 23
# P_hat : m1 | m2
11.00 22.50
14.50 8.50
24.00 22.00
22.50 22.00
12.50 22.00
13.00 23.50
22.50 18.50
24.00 21.00
9.00 15.00
12.50 23.00
7.00 23.00
21.50 6.00
9.00 24.50
9.50 5.50
18.50 12.50
13.50 10.50
5.00 18.50
13.00 15.00
13.50 14.50
20.50 5.00
5.00 24.50
12.50 15.00
18.00 14.00
23.00 25.00
25.00 8.50
9.00 21.50
19.00 12.50
23.00 18.00
21.00 15.00
6.50 20.00
22.00 21.00
8.50 21.00
11.00 10.50
7.50 22.50
8.50 23.00
22.00 11.50
10.00 8.50
12.50 12.00
18.50 12.00
5.00 7.00
16.00 20.50
19.00 24.00
11.00 23.00
14.50 25.00
11.50 21.50
24.00 12.00
14.00 10.00
14.00 24.00
13.50 9.00
10.50 19.50
10.00 5.50
12.00 10.50
22.50 14.50
16.50 8.50
7.50 24.50
20.00 6.00
12.50 24.50
21.50 14.00
16.50 22.50
14.00 18.50
10.50 17.50
23.00 23.00
21.00 11.50
21.00 8.50
8.50 13.00
10.50 6.00
21.00 22.50
21.00 15.50
7.00 10.50
24.00 10.00
11.50 21.00
21.50 24.50
16.00 24.50
13.00 10.00
7.00 18.50
5.00 12.50
19.00 6.50
21.00 25.00
6.50 14.00
6.00 9.00
22.00 10.00
10.50 18.00
23.50 8.00
5.00 23.00
21.00 14.00
9.50 18.00
14.50 10.00
10.50 5.00
17.00 10.50
25.00 23.00
16.00 16.50
17.00 6.00
8.00 19.00
11.00 24.50
17.50 5.00
13.50 21.50
9.50 14.50
10.00 21.00
21.50 18.50
7.00 11.50
