# nJobs | nMachines
100 2
# Job Weights
13
29
41
44
2
49
96
90
54
77
30
84
64
7
43
61
17
19
40
55
22
81
1
28
69
39
68
28
34
47
90
53
63
38
93
50
26
13
89
9
73
80
39
19
46
28
15
47
67
34
90
91
42
63
93
1
32
27
84
90
37
35
98
70
61
38
72
96
44
89
74
17
76
5
91
52
58
93
42
48
14
24
15
2
66
51
58
48
30
29
95
1
85
73
28
49
96
86
96
80
# P_bar : m1 | m2
28 24
49 27
12 46
25 29
37 16
42 16
22 36
28 11
22 30
14 49
50 42
17 34
12 40
41 49
19 19
23 43
22 35
24 27
32 41
27 14
45 32
46 25
40 26
13 34
10 39
39 46
10 16
34 41
34 41
33 12
13 29
25 39
21 10
37 36
33 28
39 10
44 24
12 14
23 27
37 18
43 47
48 32
12 29
46 50
46 12
16 15
47 17
44 46
46 21
50 12
26 29
46 40
26 33
39 26
19 35
40 33
48 29
39 23
26 20
43 22
50 39
24 11
24 39
47 12
17 32
15 25
21 22
41 47
44 32
11 50
33 41
14 28
19 20
44 17
22 47
25 49
26 24
39 22
12 24
10 14
40 24
42 45
30 22
31 23
49 10
49 17
30 34
44 44
10 30
43 40
14 41
45 23
20 47
34 15
39 20
47 13
36 35
24 31
25 40
32 49
# P_hat : m1 | m2
2.80 2.40
4.90 2.70
1.20 4.60
2.50 2.90
3.70 1.60
4.20 1.60
2.20 3.60
2.80 1.10
2.20 3.00
1.40 4.90
5.00 4.20
1.70 3.40
1.20 4.00
4.10 4.90
1.90 1.90
2.30 4.30
2.20 3.50
2.40 2.70
3.20 4.10
2.70 1.40
4.50 3.20
4.60 2.50
4.00 2.60
1.30 3.40
1.00 3.90
3.90 4.60
1.00 1.60
3.40 4.10
3.40 4.10
3.30 1.20
1.30 2.90
2.50 3.90
2.10 1.00
3.70 3.60
3.30 2.80
3.90 1.00
4.40 2.40
1.20 1.40
2.30 2.70
3.70 1.80
4.30 4.70
4.80 3.20
1.20 2.90
4.60 5.00
4.60 1.20
1.60 1.50
4.70 1.70
4.40 4.60
4.60 2.10
5.00 1.20
2.60 2.90
4.60 4.00
2.60 3.30
3.90 2.60
1.90 3.50
4.00 3.30
4.80 2.90
3.90 2.30
2.60 2.00
4.30 2.20
5.00 3.90
2.40 1.10
2.40 3.90
4.70 1.20
1.70 3.20
1.50 2.50
2.10 2.20
4.10 4.70
4.40 3.20
1.10 5.00
3.30 4.10
1.40 2.80
1.90 2.00
4.40 1.70
2.20 4.70
2.50 4.90
2.60 2.40
3.90 2.20
1.20 2.40
1.00 1.40
4.00 2.40
4.20 4.50
3.00 2.20
3.10 2.30
4.90 1.00
4.90 1.70
3.00 3.40
4.40 4.40
1.00 3.00
4.30 4.00
1.40 4.10
4.50 2.30
2.00 4.70
3.40 1.50
3.90 2.00
4.70 1.30
3.60 3.50
2.40 3.10
2.50 4.00
3.20 4.90
