# nJobs | nMachines
100 2
# Job Weights
4
21
92
80
22
11
53
66
55
94
34
25
93
10
89
60
12
64
58
57
27
76
91
84
34
73
73
28
26
23
89
44
65
18
30
8
58
48
27
88
93
100
7
28
93
84
10
9
26
33
16
45
55
15
42
63
96
70
37
89
55
9
54
98
4
19
21
78
59
84
14
90
63
24
32
31
37
84
38
37
31
4
60
92
67
47
80
43
86
89
60
58
7
8
8
87
63
34
85
80
# P_bar : m1 | m2
31 23
11 21
50 24
32 20
19 11
43 27
50 19
10 39
46 33
28 40
20 23
33 14
17 21
22 47
46 33
23 45
37 19
17 18
29 24
26 28
25 11
11 41
48 18
17 39
42 16
38 14
29 11
35 47
41 12
41 34
33 48
38 24
37 42
38 20
19 36
50 36
35 21
43 25
18 39
26 33
43 21
40 42
28 17
10 33
12 45
37 33
40 46
49 46
27 35
48 30
20 32
34 23
44 26
35 17
25 17
38 37
13 41
26 39
39 33
37 34
40 10
24 10
11 45
19 25
22 41
12 38
32 20
42 14
27 26
36 38
15 48
19 32
20 44
17 29
40 45
41 39
49 16
48 43
13 16
46 49
21 35
10 19
16 49
24 39
25 37
48 14
13 18
33 45
33 16
27 21
14 37
42 41
28 28
23 30
34 47
33 47
43 13
32 18
15 38
28 14
# P_hat : m1 | m2
12.40 9.20
4.40 8.40
20.00 9.60
12.80 8.00
7.60 4.40
17.20 10.80
20.00 7.60
4.00 15.60
18.40 13.20
11.20 16.00
8.00 9.20
13.20 5.60
6.80 8.40
8.80 18.80
18.40 13.20
9.20 18.00
14.80 7.60
6.80 7.20
11.60 9.60
10.40 11.20
10.00 4.40
4.40 16.40
19.20 7.20
6.80 15.60
16.80 6.40
15.20 5.60
11.60 4.40
14.00 18.80
16.40 4.80
16.40 13.60
13.20 19.20
15.20 9.60
14.80 16.80
15.20 8.00
7.60 14.40
20.00 14.40
14.00 8.40
17.20 10.00
7.20 15.60
10.40 13.20
17.20 8.40
16.00 16.80
11.20 6.80
4.00 13.20
4.80 18.00
14.80 13.20
16.00 18.40
19.60 18.40
10.80 14.00
19.20 12.00
8.00 12.80
13.60 9.20
17.60 10.40
14.00 6.80
10.00 6.80
15.20 14.80
5.20 16.40
10.40 15.60
15.60 13.20
14.80 13.60
16.00 4.00
9.60 4.00
4.40 18.00
7.60 10.00
8.80 16.40
4.80 15.20
12.80 8.00
16.80 5.60
10.80 10.40
14.40 15.20
6.00 19.20
7.60 12.80
8.00 17.60
6.80 11.60
16.00 18.00
16.40 15.60
19.60 6.40
19.20 17.20
5.20 6.40
18.40 19.60
8.40 14.00
4.00 7.60
6.40 19.60
9.60 15.60
10.00 14.80
19.20 5.60
5.20 7.20
13.20 18.00
13.20 6.40
10.80 8.40
5.60 14.80
16.80 16.40
11.20 11.20
9.20 12.00
13.60 18.80
13.20 18.80
17.20 5.20
12.80 7.20
6.00 15.20
11.20 5.60
