# nJobs | nMachines
100 2
# Job Weights
58
41
68
36
56
77
62
91
2
89
13
100
21
82
75
97
70
93
66
47
27
87
84
44
40
5
61
49
69
14
39
52
86
74
2
91
78
75
94
65
59
75
58
75
41
5
98
30
50
48
4
2
57
20
24
98
13
56
43
64
50
51
99
91
38
86
44
97
7
94
12
29
49
90
31
93
36
9
88
20
59
47
30
96
82
57
88
1
9
12
3
51
72
17
21
71
73
26
73
48
# P_bar : m1 | m2
48 46
20 39
19 34
39 25
37 37
32 17
42 20
21 15
30 23
40 12
44 37
17 49
11 34
14 19
45 26
25 40
32 24
50 26
20 32
48 11
36 29
28 22
12 22
22 33
18 19
12 23
46 19
32 17
24 20
41 46
13 48
46 31
32 24
44 22
40 42
20 16
44 34
17 25
15 45
49 35
20 25
29 36
13 35
33 43
19 45
34 13
30 28
45 17
20 19
16 39
13 26
46 26
35 25
15 29
14 10
17 44
21 23
36 13
24 23
14 32
42 26
46 18
18 48
22 44
31 38
10 33
38 20
22 32
42 28
29 23
50 42
15 49
23 10
15 27
36 40
21 21
35 20
38 22
20 27
33 42
39 44
23 28
13 18
20 33
41 48
17 22
48 15
21 44
12 38
16 13
49 14
30 12
47 18
47 14
42 41
19 31
40 18
41 35
41 50
44 33
# P_hat : m1 | m2
19.20 18.40
8.00 15.60
7.60 13.60
15.60 10.00
14.80 14.80
12.80 6.80
16.80 8.00
8.40 6.00
12.00 9.20
16.00 4.80
17.60 14.80
6.80 19.60
4.40 13.60
5.60 7.60
18.00 10.40
10.00 16.00
12.80 9.60
20.00 10.40
8.00 12.80
19.20 4.40
14.40 11.60
11.20 8.80
4.80 8.80
8.80 13.20
7.20 7.60
4.80 9.20
18.40 7.60
12.80 6.80
9.60 8.00
16.40 18.40
5.20 19.20
18.40 12.40
12.80 9.60
17.60 8.80
16.00 16.80
8.00 6.40
17.60 13.60
6.80 10.00
6.00 18.00
19.60 14.00
8.00 10.00
11.60 14.40
5.20 14.00
13.20 17.20
7.60 18.00
13.60 5.20
12.00 11.20
18.00 6.80
8.00 7.60
6.40 15.60
5.20 10.40
18.40 10.40
14.00 10.00
6.00 11.60
5.60 4.00
6.80 17.60
8.40 9.20
14.40 5.20
9.60 9.20
5.60 12.80
16.80 10.40
18.40 7.20
7.20 19.20
8.80 17.60
12.40 15.20
4.00 13.20
15.20 8.00
8.80 12.80
16.80 11.20
11.60 9.20
20.00 16.80
6.00 19.60
9.20 4.00
6.00 10.80
14.40 16.00
8.40 8.40
14.00 8.00
15.20 8.80
8.00 10.80
13.20 16.80
15.60 17.60
9.20 11.20
5.20 7.20
8.00 13.20
16.40 19.20
6.80 8.80
19.20 6.00
8.40 17.60
4.80 15.20
6.40 5.20
19.60 5.60
12.00 4.80
18.80 7.20
18.80 5.60
16.80 16.40
7.60 12.40
16.00 7.20
16.40 14.00
16.40 20.00
17.60 13.20
