# nJobs | nMachines
100 2
# Job Weights
95
9
36
92
70
12
64
29
80
4
7
71
4
30
32
60
14
78
80
68
15
80
54
2
79
10
95
57
49
13
24
18
26
32
75
37
27
70
95
5
49
16
3
63
14
73
92
41
70
43
30
40
64
62
81
47
53
98
53
1
86
53
89
99
42
26
88
77
51
49
29
75
76
2
53
74
16
84
43
46
96
92
5
76
42
46
52
74
13
74
100
70
97
43
17
41
75
10
86
26
# P_bar : m1 | m2
20 18
10 47
48 37
24 34
35 47
49 30
36 41
49 40
42 27
44 43
41 21
23 49
39 21
48 31
39 50
26 50
25 17
32 28
11 21
37 20
19 18
28 49
13 21
13 35
17 35
35 17
44 28
28 40
18 19
46 31
43 36
35 15
31 28
49 15
15 17
11 38
35 49
25 41
35 16
21 13
31 10
34 22
19 33
42 29
14 21
26 14
27 14
36 18
37 28
16 36
35 28
34 41
28 25
27 12
11 19
15 35
30 42
33 17
25 36
35 33
25 45
32 20
43 39
39 43
19 13
40 18
49 11
41 29
49 50
12 36
17 24
29 47
24 30
13 25
40 34
30 35
30 39
18 34
23 38
23 38
20 33
17 41
35 40
20 50
46 44
34 10
45 17
29 42
44 15
28 16
41 19
20 25
29 13
11 28
24 18
20 41
18 34
38 48
13 25
10 35
# P_hat : m1 | m2
6.00 5.40
3.00 14.10
14.40 11.10
7.20 10.20
10.50 14.10
14.70 9.00
10.80 12.30
14.70 12.00
12.60 8.10
13.20 12.90
12.30 6.30
6.90 14.70
11.70 6.30
14.40 9.30
11.70 15.00
7.80 15.00
7.50 5.10
9.60 8.40
3.30 6.30
11.10 6.00
5.70 5.40
8.40 14.70
3.90 6.30
3.90 10.50
5.10 10.50
10.50 5.10
13.20 8.40
8.40 12.00
5.40 5.70
13.80 9.30
12.90 10.80
10.50 4.50
9.30 8.40
14.70 4.50
4.50 5.10
3.30 11.40
10.50 14.70
7.50 12.30
10.50 4.80
6.30 3.90
9.30 3.00
10.20 6.60
5.70 9.90
12.60 8.70
4.20 6.30
7.80 4.20
8.10 4.20
10.80 5.40
11.10 8.40
4.80 10.80
10.50 8.40
10.20 12.30
8.40 7.50
8.10 3.60
3.30 5.70
4.50 10.50
9.00 12.60
9.90 5.10
7.50 10.80
10.50 9.90
7.50 13.50
9.60 6.00
12.90 11.70
11.70 12.90
5.70 3.90
12.00 5.40
14.70 3.30
12.30 8.70
14.70 15.00
3.60 10.80
5.10 7.20
8.70 14.10
7.20 9.00
3.90 7.50
12.00 10.20
9.00 10.50
9.00 11.70
5.40 10.20
6.90 11.40
6.90 11.40
6.00 9.90
5.10 12.30
10.50 12.00
6.00 15.00
13.80 13.20
10.20 3.00
13.50 5.10
8.70 12.60
13.20 4.50
8.40 4.80
12.30 5.70
6.00 7.50
8.70 3.90
3.30 8.40
7.20 5.40
6.00 12.30
5.40 10.20
11.40 14.40
3.90 7.50
3.00 10.50
