# nJobs | nMachines
100 2
# Job Weights
83
63
72
16
51
49
78
28
7
41
79
36
5
20
73
63
96
72
34
6
71
54
8
79
94
16
71
69
73
25
81
5
84
69
82
23
9
87
65
62
33
97
5
52
97
49
31
99
24
38
54
44
23
40
17
55
51
99
79
45
43
63
91
10
23
8
43
99
28
41
20
42
12
74
59
57
29
81
68
85
81
74
5
46
66
15
13
20
78
52
18
54
98
90
8
95
41
23
79
52
# P_bar : m1 | m2
25 32
16 12
37 28
34 17
36 29
14 37
40 17
38 37
49 20
49 15
15 16
41 42
31 15
43 14
17 42
39 17
44 44
15 36
10 34
10 44
45 42
40 34
37 15
24 49
23 15
18 47
38 44
36 36
24 13
14 27
33 23
43 41
47 21
38 22
27 23
49 47
39 29
27 12
46 26
31 38
48 49
40 22
49 50
36 42
23 32
13 13
11 27
38 28
18 24
39 40
16 24
37 49
43 49
12 31
20 39
12 22
35 26
44 43
35 38
36 44
42 37
31 45
27 44
27 23
43 46
44 22
25 17
37 37
23 12
26 16
34 43
19 26
42 32
31 35
27 50
42 35
37 11
12 19
35 17
24 32
27 18
28 49
25 25
41 47
45 13
46 39
42 19
31 42
23 46
33 31
15 44
32 11
25 32
11 22
30 10
14 30
19 49
41 27
28 21
10 39
# P_hat : m1 | m2
7.50 9.60
4.80 3.60
11.10 8.40
10.20 5.10
10.80 8.70
4.20 11.10
12.00 5.10
11.40 11.10
14.70 6.00
14.70 4.50
4.50 4.80
12.30 12.60
9.30 4.50
12.90 4.20
5.10 12.60
11.70 5.10
13.20 13.20
4.50 10.80
3.00 10.20
3.00 13.20
13.50 12.60
12.00 10.20
11.10 4.50
7.20 14.70
6.90 4.50
5.40 14.10
11.40 13.20
10.80 10.80
7.20 3.90
4.20 8.10
9.90 6.90
12.90 12.30
14.10 6.30
11.40 6.60
8.10 6.90
14.70 14.10
11.70 8.70
8.10 3.60
13.80 7.80
9.30 11.40
14.40 14.70
12.00 6.60
14.70 15.00
10.80 12.60
6.90 9.60
3.90 3.90
3.30 8.10
11.40 8.40
5.40 7.20
11.70 12.00
4.80 7.20
11.10 14.70
12.90 14.70
3.60 9.30
6.00 11.70
3.60 6.60
10.50 7.80
13.20 12.90
10.50 11.40
10.80 13.20
12.60 11.10
9.30 13.50
8.10 13.20
8.10 6.90
12.90 13.80
13.20 6.60
7.50 5.10
11.10 11.10
6.90 3.60
7.80 4.80
10.20 12.90
5.70 7.80
12.60 9.60
9.30 10.50
8.10 15.00
12.60 10.50
11.10 3.30
3.60 5.70
10.50 5.10
7.20 9.60
8.10 5.40
8.40 14.70
7.50 7.50
12.30 14.10
13.50 3.90
13.80 11.70
12.60 5.70
9.30 12.60
6.90 13.80
9.90 9.30
4.50 13.20
9.60 3.30
7.50 9.60
3.30 6.60
9.00 3.00
4.20 9.00
5.70 14.70
12.30 8.10
8.40 6.30
3.00 11.70
