# nJobs | nMachines
100 2
# Job Weights
95
9
36
92
70
12
64
29
80
4
7
71
4
30
32
60
14
78
80
68
15
80
54
2
79
10
95
57
49
13
24
18
26
32
75
37
27
70
95
5
49
16
3
63
14
73
92
41
70
43
30
40
64
62
81
47
53
98
53
1
86
53
89
99
42
26
88
77
51
49
29
75
76
2
53
74
16
84
43
46
96
92
5
76
42
46
52
74
13
74
100
70
97
43
17
41
75
10
86
26
# P_bar : m1 | m2
20 18
10 47
48 37
24 34
35 47
49 30
36 41
49 40
42 27
44 43
41 21
23 49
39 21
48 31
39 50
26 50
25 17
32 28
11 21
37 20
19 18
28 49
13 21
13 35
17 35
35 17
44 28
28 40
18 19
46 31
43 36
35 15
31 28
49 15
15 17
11 38
35 49
25 41
35 16
21 13
31 10
34 22
19 33
42 29
14 21
26 14
27 14
36 18
37 28
16 36
35 28
34 41
28 25
27 12
11 19
15 35
30 42
33 17
25 36
35 33
25 45
32 20
43 39
39 43
19 13
40 18
49 11
41 29
49 50
12 36
17 24
29 47
24 30
13 25
40 34
30 35
30 39
18 34
23 38
23 38
20 33
17 41
35 40
20 50
46 44
34 10
45 17
29 42
44 15
28 16
41 19
20 25
29 13
11 28
24 18
20 41
18 34
38 48
13 25
10 35
# P_hat : m1 | m2
10.00 9.00
5.00 23.50
24.00 18.50
12.00 17.00
17.50 23.50
24.50 15.00
18.00 20.50
24.50 20.00
21.00 13.50
22.00 21.50
20.50 10.50
11.50 24.50
19.50 10.50
24.00 15.50
19.50 25.00
13.00 25.00
12.50 8.50
16.00 14.00
5.50 10.50
18.50 10.00
9.50 9.00
14.00 24.50
6.50 10.50
6.50 17.50
8.50 17.50
17.50 8.50
22.00 14.00
14.00 20.00
9.00 9.50
23.00 15.50
21.50 18.00
17.50 7.50
15.50 14.00
24.50 7.50
7.50 8.50
5.50 19.00
17.50 24.50
12.50 20.50
17.50 8.00
10.50 6.50
15.50 5.00
17.00 11.00
9.50 16.50
21.00 14.50
7.00 10.50
13.00 7.00
13.50 7.00
18.00 9.00
18.50 14.00
8.00 18.00
17.50 14.00
17.00 20.50
14.00 12.50
13.50 6.00
5.50 9.50
7.50 17.50
15.00 21.00
16.50 8.50
12.50 18.00
17.50 16.50
12.50 22.50
16.00 10.00
21.50 19.50
19.50 21.50
9.50 6.50
20.00 9.00
24.50 5.50
20.50 14.50
24.50 25.00
6.00 18.00
8.50 12.00
14.50 23.50
12.00 15.00
6.50 12.50
20.00 17.00
15.00 17.50
15.00 19.50
9.00 17.00
11.50 19.00
11.50 19.00
10.00 16.50
8.50 20.50
17.50 20.00
10.00 25.00
23.00 22.00
17.00 5.00
22.50 8.50
14.50 21.00
22.00 7.50
14.00 8.00
20.50 9.50
10.00 12.50
14.50 6.50
5.50 14.00
12.00 9.00
10.00 20.50
9.00 17.00
19.00 24.00
6.50 12.50
5.00 17.50
