# nJobs | nMachines
100 2
# Job Weights
99
80
49
88
39
98
68
2
45
40
25
16
22
63
66
17
5
67
31
55
88
3
18
100
20
99
70
59
81
6
33
44
61
21
37
67
27
85
27
63
2
51
14
98
19
59
86
1
93
4
99
17
35
58
93
74
81
40
71
9
14
74
75
42
71
100
92
67
27
24
27
81
97
32
82
4
69
55
99
47
69
45
24
16
22
76
33
53
96
49
39
96
81
39
90
82
38
79
43
61
# P_bar : m1 | m2
16 17
21 11
20 41
23 46
16 44
50 24
14 11
43 49
17 41
16 24
12 29
34 17
32 39
12 50
21 43
34 48
21 34
29 17
12 41
19 44
12 23
27 48
39 45
14 31
23 38
21 28
44 11
26 42
35 26
46 32
35 35
35 31
42 20
46 50
18 11
30 17
36 28
10 15
22 22
46 47
25 45
37 35
44 43
45 27
31 44
34 16
41 14
47 16
36 31
34 26
49 48
23 28
25 10
26 18
23 21
32 15
33 46
44 35
46 35
45 40
31 32
40 25
18 18
11 27
22 19
28 12
39 40
18 28
20 23
12 13
20 36
41 23
36 40
10 50
44 14
31 33
24 33
36 29
27 39
43 12
42 32
15 22
41 32
48 12
42 12
18 24
32 16
33 44
45 44
19 41
33 49
21 47
23 19
28 26
47 24
25 50
36 13
12 11
32 29
34 24
# P_hat : m1 | m2
4.80 5.10
6.30 3.30
6.00 12.30
6.90 13.80
4.80 13.20
15.00 7.20
4.20 3.30
12.90 14.70
5.10 12.30
4.80 7.20
3.60 8.70
10.20 5.10
9.60 11.70
3.60 15.00
6.30 12.90
10.20 14.40
6.30 10.20
8.70 5.10
3.60 12.30
5.70 13.20
3.60 6.90
8.10 14.40
11.70 13.50
4.20 9.30
6.90 11.40
6.30 8.40
13.20 3.30
7.80 12.60
10.50 7.80
13.80 9.60
10.50 10.50
10.50 9.30
12.60 6.00
13.80 15.00
5.40 3.30
9.00 5.10
10.80 8.40
3.00 4.50
6.60 6.60
13.80 14.10
7.50 13.50
11.10 10.50
13.20 12.90
13.50 8.10
9.30 13.20
10.20 4.80
12.30 4.20
14.10 4.80
10.80 9.30
10.20 7.80
14.70 14.40
6.90 8.40
7.50 3.00
7.80 5.40
6.90 6.30
9.60 4.50
9.90 13.80
13.20 10.50
13.80 10.50
13.50 12.00
9.30 9.60
12.00 7.50
5.40 5.40
3.30 8.10
6.60 5.70
8.40 3.60
11.70 12.00
5.40 8.40
6.00 6.90
3.60 3.90
6.00 10.80
12.30 6.90
10.80 12.00
3.00 15.00
13.20 4.20
9.30 9.90
7.20 9.90
10.80 8.70
8.10 11.70
12.90 3.60
12.60 9.60
4.50 6.60
12.30 9.60
14.40 3.60
12.60 3.60
5.40 7.20
9.60 4.80
9.90 13.20
13.50 13.20
5.70 12.30
9.90 14.70
6.30 14.10
6.90 5.70
8.40 7.80
14.10 7.20
7.50 15.00
10.80 3.90
3.60 3.30
9.60 8.70
10.20 7.20
