# nJobs | nMachines
100 2
# Job Weights
83
63
72
16
51
49
78
28
7
41
79
36
5
20
73
63
96
72
34
6
71
54
8
79
94
16
71
69
73
25
81
5
84
69
82
23
9
87
65
62
33
97
5
52
97
49
31
99
24
38
54
44
23
40
17
55
51
99
79
45
43
63
91
10
23
8
43
99
28
41
20
42
12
74
59
57
29
81
68
85
81
74
5
46
66
15
13
20
78
52
18
54
98
90
8
95
41
23
79
52
# P_bar : m1 | m2
25 32
16 12
37 28
34 17
36 29
14 37
40 17
38 37
49 20
49 15
15 16
41 42
31 15
43 14
17 42
39 17
44 44
15 36
10 34
10 44
45 42
40 34
37 15
24 49
23 15
18 47
38 44
36 36
24 13
14 27
33 23
43 41
47 21
38 22
27 23
49 47
39 29
27 12
46 26
31 38
48 49
40 22
49 50
36 42
23 32
13 13
11 27
38 28
18 24
39 40
16 24
37 49
43 49
12 31
20 39
12 22
35 26
44 43
35 38
36 44
42 37
31 45
27 44
27 23
43 46
44 22
25 17
37 37
23 12
26 16
34 43
19 26
42 32
31 35
27 50
42 35
37 11
12 19
35 17
24 32
27 18
28 49
25 25
41 47
45 13
46 39
42 19
31 42
23 46
33 31
15 44
32 11
25 32
11 22
30 10
14 30
19 49
41 27
28 21
10 39
# P_hat : m1 | m2
12.50 16.00
8.00 6.00
18.50 14.00
17.00 8.50
18.00 14.50
7.00 18.50
20.00 8.50
19.00 18.50
24.50 10.00
24.50 7.50
7.50 8.00
20.50 21.00
15.50 7.50
21.50 7.00
8.50 21.00
19.50 8.50
22.00 22.00
7.50 18.00
5.00 17.00
5.00 22.00
22.50 21.00
20.00 17.00
18.50 7.50
12.00 24.50
11.50 7.50
9.00 23.50
19.00 22.00
18.00 18.00
12.00 6.50
7.00 13.50
16.50 11.50
21.50 20.50
23.50 10.50
19.00 11.00
13.50 11.50
24.50 23.50
19.50 14.50
13.50 6.00
23.00 13.00
15.50 19.00
24.00 24.50
20.00 11.00
24.50 25.00
18.00 21.00
11.50 16.00
6.50 6.50
5.50 13.50
19.00 14.00
9.00 12.00
19.50 20.00
8.00 12.00
18.50 24.50
21.50 24.50
6.00 15.50
10.00 19.50
6.00 11.00
17.50 13.00
22.00 21.50
17.50 19.00
18.00 22.00
21.00 18.50
15.50 22.50
13.50 22.00
13.50 11.50
21.50 23.00
22.00 11.00
12.50 8.50
18.50 18.50
11.50 6.00
13.00 8.00
17.00 21.50
9.50 13.00
21.00 16.00
15.50 17.50
13.50 25.00
21.00 17.50
18.50 5.50
6.00 9.50
17.50 8.50
12.00 16.00
13.50 9.00
14.00 24.50
12.50 12.50
20.50 23.50
22.50 6.50
23.00 19.50
21.00 9.50
15.50 21.00
11.50 23.00
16.50 15.50
7.50 22.00
16.00 5.50
12.50 16.00
5.50 11.00
15.00 5.00
7.00 15.00
9.50 24.50
20.50 13.50
14.00 10.50
5.00 19.50
