# nJobs | nMachines
100 2
# Job Weights
30
30
29
77
74
59
45
37
28
100
7
43
100
69
56
98
62
22
96
53
84
95
13
60
7
97
79
36
24
6
76
60
7
68
51
29
1
93
93
69
15
13
69
43
92
38
26
90
70
45
56
97
74
39
96
5
95
94
73
11
36
11
62
1
40
63
4
82
21
45
1
58
96
44
16
42
11
40
22
1
93
98
65
84
23
99
2
71
45
21
1
49
58
32
58
25
73
87
14
70
# P_bar : m1 | m2
25 22
37 48
50 15
15 23
48 35
12 28
15 12
38 12
37 22
49 22
46 47
21 10
23 29
41 45
31 47
24 23
27 50
27 45
39 49
49 35
10 30
11 46
27 36
42 36
19 21
26 26
26 39
27 37
21 37
46 27
27 31
36 32
24 13
19 47
16 36
44 18
41 35
34 37
23 29
38 14
21 27
39 43
15 24
41 47
21 35
19 16
34 17
28 14
28 38
47 47
13 44
45 16
22 43
25 14
14 16
46 17
46 34
35 38
48 30
29 22
39 24
41 20
39 48
48 44
38 25
13 22
27 19
23 37
22 27
44 18
50 16
17 38
42 10
33 42
38 38
13 37
30 26
24 30
34 39
31 35
29 15
13 17
11 23
48 12
48 13
15 36
20 46
38 39
15 24
46 34
23 30
23 47
14 36
32 25
11 25
48 33
41 21
15 24
45 34
32 45
# P_hat : m1 | m2
12.50 11.00
18.50 24.00
25.00 7.50
7.50 11.50
24.00 17.50
6.00 14.00
7.50 6.00
19.00 6.00
18.50 11.00
24.50 11.00
23.00 23.50
10.50 5.00
11.50 14.50
20.50 22.50
15.50 23.50
12.00 11.50
13.50 25.00
13.50 22.50
19.50 24.50
24.50 17.50
5.00 15.00
5.50 23.00
13.50 18.00
21.00 18.00
9.50 10.50
13.00 13.00
13.00 19.50
13.50 18.50
10.50 18.50
23.00 13.50
13.50 15.50
18.00 16.00
12.00 6.50
9.50 23.50
8.00 18.00
22.00 9.00
20.50 17.50
17.00 18.50
11.50 14.50
19.00 7.00
10.50 13.50
19.50 21.50
7.50 12.00
20.50 23.50
10.50 17.50
9.50 8.00
17.00 8.50
14.00 7.00
14.00 19.00
23.50 23.50
6.50 22.00
22.50 8.00
11.00 21.50
12.50 7.00
7.00 8.00
23.00 8.50
23.00 17.00
17.50 19.00
24.00 15.00
14.50 11.00
19.50 12.00
20.50 10.00
19.50 24.00
24.00 22.00
19.00 12.50
6.50 11.00
13.50 9.50
11.50 18.50
11.00 13.50
22.00 9.00
25.00 8.00
8.50 19.00
21.00 5.00
16.50 21.00
19.00 19.00
6.50 18.50
15.00 13.00
12.00 15.00
17.00 19.50
15.50 17.50
14.50 7.50
6.50 8.50
5.50 11.50
24.00 6.00
24.00 6.50
7.50 18.00
10.00 23.00
19.00 19.50
7.50 12.00
23.00 17.00
11.50 15.00
11.50 23.50
7.00 18.00
16.00 12.50
5.50 12.50
24.00 16.50
20.50 10.50
7.50 12.00
22.50 17.00
16.00 22.50
