# nJobs | nMachines
100 2
# Job Weights
96
8
62
35
17
27
47
17
68
89
48
40
62
15
36
32
81
68
13
97
50
47
98
80
51
73
36
4
13
60
49
68
92
20
56
73
9
67
48
77
84
15
13
41
19
6
37
68
91
34
57
96
45
62
62
10
82
86
15
8
25
16
75
11
75
83
90
68
1
32
36
90
49
3
10
94
73
62
49
98
74
38
77
79
9
74
96
95
61
19
63
87
96
35
53
1
79
89
74
18
# P_bar : m1 | m2
22 45
29 17
48 44
45 44
25 44
26 47
45 37
48 42
18 30
25 46
14 46
43 12
18 49
19 11
37 25
27 21
10 37
26 30
27 29
41 10
10 49
25 30
36 28
46 50
50 17
18 43
38 25
46 36
42 30
13 40
44 42
17 42
22 21
15 45
17 46
44 23
20 17
25 24
37 24
10 14
32 41
38 48
22 46
29 50
23 43
48 24
28 20
28 48
27 18
21 39
20 11
24 21
45 29
33 17
15 49
40 12
25 49
43 28
33 45
28 37
21 35
46 46
42 23
42 17
17 26
21 12
42 45
42 31
14 21
48 20
23 42
43 49
32 49
26 20
14 37
10 25
38 13
42 50
13 28
12 18
44 20
21 36
47 16
10 46
42 28
19 36
29 20
21 10
34 21
50 46
32 33
34 12
16 38
22 49
35 10
27 43
19 29
20 42
43 37
14 23
# P_hat : m1 | m2
8.80 18.00
11.60 6.80
19.20 17.60
18.00 17.60
10.00 17.60
10.40 18.80
18.00 14.80
19.20 16.80
7.20 12.00
10.00 18.40
5.60 18.40
17.20 4.80
7.20 19.60
7.60 4.40
14.80 10.00
10.80 8.40
4.00 14.80
10.40 12.00
10.80 11.60
16.40 4.00
4.00 19.60
10.00 12.00
14.40 11.20
18.40 20.00
20.00 6.80
7.20 17.20
15.20 10.00
18.40 14.40
16.80 12.00
5.20 16.00
17.60 16.80
6.80 16.80
8.80 8.40
6.00 18.00
6.80 18.40
17.60 9.20
8.00 6.80
10.00 9.60
14.80 9.60
4.00 5.60
12.80 16.40
15.20 19.20
8.80 18.40
11.60 20.00
9.20 17.20
19.20 9.60
11.20 8.00
11.20 19.20
10.80 7.20
8.40 15.60
8.00 4.40
9.60 8.40
18.00 11.60
13.20 6.80
6.00 19.60
16.00 4.80
10.00 19.60
17.20 11.20
13.20 18.00
11.20 14.80
8.40 14.00
18.40 18.40
16.80 9.20
16.80 6.80
6.80 10.40
8.40 4.80
16.80 18.00
16.80 12.40
5.60 8.40
19.20 8.00
9.20 16.80
17.20 19.60
12.80 19.60
10.40 8.00
5.60 14.80
4.00 10.00
15.20 5.20
16.80 20.00
5.20 11.20
4.80 7.20
17.60 8.00
8.40 14.40
18.80 6.40
4.00 18.40
16.80 11.20
7.60 14.40
11.60 8.00
8.40 4.00
13.60 8.40
20.00 18.40
12.80 13.20
13.60 4.80
6.40 15.20
8.80 19.60
14.00 4.00
10.80 17.20
7.60 11.60
8.00 16.80
17.20 14.80
5.60 9.20
