# nJobs | nMachines
100 2
# Job Weights
83
63
72
16
51
49
78
28
7
41
79
36
5
20
73
63
96
72
34
6
71
54
8
79
94
16
71
69
73
25
81
5
84
69
82
23
9
87
65
62
33
97
5
52
97
49
31
99
24
38
54
44
23
40
17
55
51
99
79
45
43
63
91
10
23
8
43
99
28
41
20
42
12
74
59
57
29
81
68
85
81
74
5
46
66
15
13
20
78
52
18
54
98
90
8
95
41
23
79
52
# P_bar : m1 | m2
25 32
16 12
37 28
34 17
36 29
14 37
40 17
38 37
49 20
49 15
15 16
41 42
31 15
43 14
17 42
39 17
44 44
15 36
10 34
10 44
45 42
40 34
37 15
24 49
23 15
18 47
38 44
36 36
24 13
14 27
33 23
43 41
47 21
38 22
27 23
49 47
39 29
27 12
46 26
31 38
48 49
40 22
49 50
36 42
23 32
13 13
11 27
38 28
18 24
39 40
16 24
37 49
43 49
12 31
20 39
12 22
35 26
44 43
35 38
36 44
42 37
31 45
27 44
27 23
43 46
44 22
25 17
37 37
23 12
26 16
34 43
19 26
42 32
31 35
27 50
42 35
37 11
12 19
35 17
24 32
27 18
28 49
25 25
41 47
45 13
46 39
42 19
31 42
23 46
33 31
15 44
32 11
25 32
11 22
30 10
14 30
19 49
41 27
28 21
10 39
# P_hat : m1 | m2
5.00 6.40
3.20 2.40
7.40 5.60
6.80 3.40
7.20 5.80
2.80 7.40
8.00 3.40
7.60 7.40
9.80 4.00
9.80 3.00
3.00 3.20
8.20 8.40
6.20 3.00
8.60 2.80
3.40 8.40
7.80 3.40
8.80 8.80
3.00 7.20
2.00 6.80
2.00 8.80
9.00 8.40
8.00 6.80
7.40 3.00
4.80 9.80
4.60 3.00
3.60 9.40
7.60 8.80
7.20 7.20
4.80 2.60
2.80 5.40
6.60 4.60
8.60 8.20
9.40 4.20
7.60 4.40
5.40 4.60
9.80 9.40
7.80 5.80
5.40 2.40
9.20 5.20
6.20 7.60
9.60 9.80
8.00 4.40
9.80 10.00
7.20 8.40
4.60 6.40
2.60 2.60
2.20 5.40
7.60 5.60
3.60 4.80
7.80 8.00
3.20 4.80
7.40 9.80
8.60 9.80
2.40 6.20
4.00 7.80
2.40 4.40
7.00 5.20
8.80 8.60
7.00 7.60
7.20 8.80
8.40 7.40
6.20 9.00
5.40 8.80
5.40 4.60
8.60 9.20
8.80 4.40
5.00 3.40
7.40 7.40
4.60 2.40
5.20 3.20
6.80 8.60
3.80 5.20
8.40 6.40
6.20 7.00
5.40 10.00
8.40 7.00
7.40 2.20
2.40 3.80
7.00 3.40
4.80 6.40
5.40 3.60
5.60 9.80
5.00 5.00
8.20 9.40
9.00 2.60
9.20 7.80
8.40 3.80
6.20 8.40
4.60 9.20
6.60 6.20
3.00 8.80
6.40 2.20
5.00 6.40
2.20 4.40
6.00 2.00
2.80 6.00
3.80 9.80
8.20 5.40
5.60 4.20
2.00 7.80
