# nJobs | nMachines
100 2
# Job Weights
83
63
72
16
51
49
78
28
7
41
79
36
5
20
73
63
96
72
34
6
71
54
8
79
94
16
71
69
73
25
81
5
84
69
82
23
9
87
65
62
33
97
5
52
97
49
31
99
24
38
54
44
23
40
17
55
51
99
79
45
43
63
91
10
23
8
43
99
28
41
20
42
12
74
59
57
29
81
68
85
81
74
5
46
66
15
13
20
78
52
18
54
98
90
8
95
41
23
79
52
# P_bar : m1 | m2
25 32
16 12
37 28
34 17
36 29
14 37
40 17
38 37
49 20
49 15
15 16
41 42
31 15
43 14
17 42
39 17
44 44
15 36
10 34
10 44
45 42
40 34
37 15
24 49
23 15
18 47
38 44
36 36
24 13
14 27
33 23
43 41
47 21
38 22
27 23
49 47
39 29
27 12
46 26
31 38
48 49
40 22
49 50
36 42
23 32
13 13
11 27
38 28
18 24
39 40
16 24
37 49
43 49
12 31
20 39
12 22
35 26
44 43
35 38
36 44
42 37
31 45
27 44
27 23
43 46
44 22
25 17
37 37
23 12
26 16
34 43
19 26
42 32
31 35
27 50
42 35
37 11
12 19
35 17
24 32
27 18
28 49
25 25
41 47
45 13
46 39
42 19
31 42
23 46
33 31
15 44
32 11
25 32
11 22
30 10
14 30
19 49
41 27
28 21
10 39
# P_hat : m1 | m2
10.00 12.80
6.40 4.80
14.80 11.20
13.60 6.80
14.40 11.60
5.60 14.80
16.00 6.80
15.20 14.80
19.60 8.00
19.60 6.00
6.00 6.40
16.40 16.80
12.40 6.00
17.20 5.60
6.80 16.80
15.60 6.80
17.60 17.60
6.00 14.40
4.00 13.60
4.00 17.60
18.00 16.80
16.00 13.60
14.80 6.00
9.60 19.60
9.20 6.00
7.20 18.80
15.20 17.60
14.40 14.40
9.60 5.20
5.60 10.80
13.20 9.20
17.20 16.40
18.80 8.40
15.20 8.80
10.80 9.20
19.60 18.80
15.60 11.60
10.80 4.80
18.40 10.40
12.40 15.20
19.20 19.60
16.00 8.80
19.60 20.00
14.40 16.80
9.20 12.80
5.20 5.20
4.40 10.80
15.20 11.20
7.20 9.60
15.60 16.00
6.40 9.60
14.80 19.60
17.20 19.60
4.80 12.40
8.00 15.60
4.80 8.80
14.00 10.40
17.60 17.20
14.00 15.20
14.40 17.60
16.80 14.80
12.40 18.00
10.80 17.60
10.80 9.20
17.20 18.40
17.60 8.80
10.00 6.80
14.80 14.80
9.20 4.80
10.40 6.40
13.60 17.20
7.60 10.40
16.80 12.80
12.40 14.00
10.80 20.00
16.80 14.00
14.80 4.40
4.80 7.60
14.00 6.80
9.60 12.80
10.80 7.20
11.20 19.60
10.00 10.00
16.40 18.80
18.00 5.20
18.40 15.60
16.80 7.60
12.40 16.80
9.20 18.40
13.20 12.40
6.00 17.60
12.80 4.40
10.00 12.80
4.40 8.80
12.00 4.00
5.60 12.00
7.60 19.60
16.40 10.80
11.20 8.40
4.00 15.60
