# nJobs | nMachines
100 2
# Job Weights
92
65
66
65
73
46
55
33
56
34
9
12
10
64
58
9
95
86
76
17
81
63
42
55
76
40
36
5
6
72
15
42
16
68
67
15
21
17
28
8
1
7
56
45
28
59
59
63
4
68
31
54
32
7
92
32
97
30
82
60
64
70
36
2
69
10
17
78
15
66
67
73
42
41
60
80
74
94
29
50
97
16
60
75
96
63
41
39
95
6
37
76
96
70
85
9
97
71
1
75
# P_bar : m1 | m2
12 21
43 20
42 30
16 14
13 10
24 42
49 35
44 47
19 23
10 37
18 39
13 19
50 44
28 46
30 28
29 32
36 30
38 37
30 18
14 43
35 27
49 29
50 33
16 44
28 13
10 32
47 24
36 11
25 21
22 14
11 25
20 11
37 35
25 16
22 42
19 40
24 40
28 47
35 14
31 17
45 12
48 47
36 37
11 40
50 17
26 36
37 10
42 23
41 47
20 48
41 35
35 44
38 49
49 45
44 29
30 32
45 21
50 21
50 10
28 47
29 41
21 12
48 12
23 15
14 13
28 46
34 50
36 17
33 32
29 39
39 42
45 38
27 15
18 44
36 36
29 18
12 40
21 33
25 15
21 21
28 20
44 30
29 13
10 12
29 23
38 32
21 15
42 31
11 28
26 29
23 37
44 28
28 13
32 12
33 38
27 42
50 50
15 49
13 11
35 45
# P_hat : m1 | m2
3.60 6.30
12.90 6.00
12.60 9.00
4.80 4.20
3.90 3.00
7.20 12.60
14.70 10.50
13.20 14.10
5.70 6.90
3.00 11.10
5.40 11.70
3.90 5.70
15.00 13.20
8.40 13.80
9.00 8.40
8.70 9.60
10.80 9.00
11.40 11.10
9.00 5.40
4.20 12.90
10.50 8.10
14.70 8.70
15.00 9.90
4.80 13.20
8.40 3.90
3.00 9.60
14.10 7.20
10.80 3.30
7.50 6.30
6.60 4.20
3.30 7.50
6.00 3.30
11.10 10.50
7.50 4.80
6.60 12.60
5.70 12.00
7.20 12.00
8.40 14.10
10.50 4.20
9.30 5.10
13.50 3.60
14.40 14.10
10.80 11.10
3.30 12.00
15.00 5.10
7.80 10.80
11.10 3.00
12.60 6.90
12.30 14.10
6.00 14.40
12.30 10.50
10.50 13.20
11.40 14.70
14.70 13.50
13.20 8.70
9.00 9.60
13.50 6.30
15.00 6.30
15.00 3.00
8.40 14.10
8.70 12.30
6.30 3.60
14.40 3.60
6.90 4.50
4.20 3.90
8.40 13.80
10.20 15.00
10.80 5.10
9.90 9.60
8.70 11.70
11.70 12.60
13.50 11.40
8.10 4.50
5.40 13.20
10.80 10.80
8.70 5.40
3.60 12.00
6.30 9.90
7.50 4.50
6.30 6.30
8.40 6.00
13.20 9.00
8.70 3.90
3.00 3.60
8.70 6.90
11.40 9.60
6.30 4.50
12.60 9.30
3.30 8.40
7.80 8.70
6.90 11.10
13.20 8.40
8.40 3.90
9.60 3.60
9.90 11.40
8.10 12.60
15.00 15.00
4.50 14.70
3.90 3.30
10.50 13.50
