# nJobs | nMachines
100 2
# Job Weights
30
30
29
77
74
59
45
37
28
100
7
43
100
69
56
98
62
22
96
53
84
95
13
60
7
97
79
36
24
6
76
60
7
68
51
29
1
93
93
69
15
13
69
43
92
38
26
90
70
45
56
97
74
39
96
5
95
94
73
11
36
11
62
1
40
63
4
82
21
45
1
58
96
44
16
42
11
40
22
1
93
98
65
84
23
99
2
71
45
21
1
49
58
32
58
25
73
87
14
70
# P_bar : m1 | m2
25 22
37 48
50 15
15 23
48 35
12 28
15 12
38 12
37 22
49 22
46 47
21 10
23 29
41 45
31 47
24 23
27 50
27 45
39 49
49 35
10 30
11 46
27 36
42 36
19 21
26 26
26 39
27 37
21 37
46 27
27 31
36 32
24 13
19 47
16 36
44 18
41 35
34 37
23 29
38 14
21 27
39 43
15 24
41 47
21 35
19 16
34 17
28 14
28 38
47 47
13 44
45 16
22 43
25 14
14 16
46 17
46 34
35 38
48 30
29 22
39 24
41 20
39 48
48 44
38 25
13 22
27 19
23 37
22 27
44 18
50 16
17 38
42 10
33 42
38 38
13 37
30 26
24 30
34 39
31 35
29 15
13 17
11 23
48 12
48 13
15 36
20 46
38 39
15 24
46 34
23 30
23 47
14 36
32 25
11 25
48 33
41 21
15 24
45 34
32 45
# P_hat : m1 | m2
7.50 6.60
11.10 14.40
15.00 4.50
4.50 6.90
14.40 10.50
3.60 8.40
4.50 3.60
11.40 3.60
11.10 6.60
14.70 6.60
13.80 14.10
6.30 3.00
6.90 8.70
12.30 13.50
9.30 14.10
7.20 6.90
8.10 15.00
8.10 13.50
11.70 14.70
14.70 10.50
3.00 9.00
3.30 13.80
8.10 10.80
12.60 10.80
5.70 6.30
7.80 7.80
7.80 11.70
8.10 11.10
6.30 11.10
13.80 8.10
8.10 9.30
10.80 9.60
7.20 3.90
5.70 14.10
4.80 10.80
13.20 5.40
12.30 10.50
10.20 11.10
6.90 8.70
11.40 4.20
6.30 8.10
11.70 12.90
4.50 7.20
12.30 14.10
6.30 10.50
5.70 4.80
10.20 5.10
8.40 4.20
8.40 11.40
14.10 14.10
3.90 13.20
13.50 4.80
6.60 12.90
7.50 4.20
4.20 4.80
13.80 5.10
13.80 10.20
10.50 11.40
14.40 9.00
8.70 6.60
11.70 7.20
12.30 6.00
11.70 14.40
14.40 13.20
11.40 7.50
3.90 6.60
8.10 5.70
6.90 11.10
6.60 8.10
13.20 5.40
15.00 4.80
5.10 11.40
12.60 3.00
9.90 12.60
11.40 11.40
3.90 11.10
9.00 7.80
7.20 9.00
10.20 11.70
9.30 10.50
8.70 4.50
3.90 5.10
3.30 6.90
14.40 3.60
14.40 3.90
4.50 10.80
6.00 13.80
11.40 11.70
4.50 7.20
13.80 10.20
6.90 9.00
6.90 14.10
4.20 10.80
9.60 7.50
3.30 7.50
14.40 9.90
12.30 6.30
4.50 7.20
13.50 10.20
9.60 13.50
