# nJobs | nMachines
100 2
# Job Weights
13
29
41
44
2
49
96
90
54
77
30
84
64
7
43
61
17
19
40
55
22
81
1
28
69
39
68
28
34
47
90
53
63
38
93
50
26
13
89
9
73
80
39
19
46
28
15
47
67
34
90
91
42
63
93
1
32
27
84
90
37
35
98
70
61
38
72
96
44
89
74
17
76
5
91
52
58
93
42
48
14
24
15
2
66
51
58
48
30
29
95
1
85
73
28
49
96
86
96
80
# P_bar : m1 | m2
28 24
49 27
12 46
25 29
37 16
42 16
22 36
28 11
22 30
14 49
50 42
17 34
12 40
41 49
19 19
23 43
22 35
24 27
32 41
27 14
45 32
46 25
40 26
13 34
10 39
39 46
10 16
34 41
34 41
33 12
13 29
25 39
21 10
37 36
33 28
39 10
44 24
12 14
23 27
37 18
43 47
48 32
12 29
46 50
46 12
16 15
47 17
44 46
46 21
50 12
26 29
46 40
26 33
39 26
19 35
40 33
48 29
39 23
26 20
43 22
50 39
24 11
24 39
47 12
17 32
15 25
21 22
41 47
44 32
11 50
33 41
14 28
19 20
44 17
22 47
25 49
26 24
39 22
12 24
10 14
40 24
42 45
30 22
31 23
49 10
49 17
30 34
44 44
10 30
43 40
14 41
45 23
20 47
34 15
39 20
47 13
36 35
24 31
25 40
32 49
# P_hat : m1 | m2
11.20 9.60
19.60 10.80
4.80 18.40
10.00 11.60
14.80 6.40
16.80 6.40
8.80 14.40
11.20 4.40
8.80 12.00
5.60 19.60
20.00 16.80
6.80 13.60
4.80 16.00
16.40 19.60
7.60 7.60
9.20 17.20
8.80 14.00
9.60 10.80
12.80 16.40
10.80 5.60
18.00 12.80
18.40 10.00
16.00 10.40
5.20 13.60
4.00 15.60
15.60 18.40
4.00 6.40
13.60 16.40
13.60 16.40
13.20 4.80
5.20 11.60
10.00 15.60
8.40 4.00
14.80 14.40
13.20 11.20
15.60 4.00
17.60 9.60
4.80 5.60
9.20 10.80
14.80 7.20
17.20 18.80
19.20 12.80
4.80 11.60
18.40 20.00
18.40 4.80
6.40 6.00
18.80 6.80
17.60 18.40
18.40 8.40
20.00 4.80
10.40 11.60
18.40 16.00
10.40 13.20
15.60 10.40
7.60 14.00
16.00 13.20
19.20 11.60
15.60 9.20
10.40 8.00
17.20 8.80
20.00 15.60
9.60 4.40
9.60 15.60
18.80 4.80
6.80 12.80
6.00 10.00
8.40 8.80
16.40 18.80
17.60 12.80
4.40 20.00
13.20 16.40
5.60 11.20
7.60 8.00
17.60 6.80
8.80 18.80
10.00 19.60
10.40 9.60
15.60 8.80
4.80 9.60
4.00 5.60
16.00 9.60
16.80 18.00
12.00 8.80
12.40 9.20
19.60 4.00
19.60 6.80
12.00 13.60
17.60 17.60
4.00 12.00
17.20 16.00
5.60 16.40
18.00 9.20
8.00 18.80
13.60 6.00
15.60 8.00
18.80 5.20
14.40 14.00
9.60 12.40
10.00 16.00
12.80 19.60
