# nJobs | nMachines
100 2
# Job Weights
99
80
49
88
39
98
68
2
45
40
25
16
22
63
66
17
5
67
31
55
88
3
18
100
20
99
70
59
81
6
33
44
61
21
37
67
27
85
27
63
2
51
14
98
19
59
86
1
93
4
99
17
35
58
93
74
81
40
71
9
14
74
75
42
71
100
92
67
27
24
27
81
97
32
82
4
69
55
99
47
69
45
24
16
22
76
33
53
96
49
39
96
81
39
90
82
38
79
43
61
# P_bar : m1 | m2
16 17
21 11
20 41
23 46
16 44
50 24
14 11
43 49
17 41
16 24
12 29
34 17
32 39
12 50
21 43
34 48
21 34
29 17
12 41
19 44
12 23
27 48
39 45
14 31
23 38
21 28
44 11
26 42
35 26
46 32
35 35
35 31
42 20
46 50
18 11
30 17
36 28
10 15
22 22
46 47
25 45
37 35
44 43
45 27
31 44
34 16
41 14
47 16
36 31
34 26
49 48
23 28
25 10
26 18
23 21
32 15
33 46
44 35
46 35
45 40
31 32
40 25
18 18
11 27
22 19
28 12
39 40
18 28
20 23
12 13
20 36
41 23
36 40
10 50
44 14
31 33
24 33
36 29
27 39
43 12
42 32
15 22
41 32
48 12
42 12
18 24
32 16
33 44
45 44
19 41
33 49
21 47
23 19
28 26
47 24
25 50
36 13
12 11
32 29
34 24
# P_hat : m1 | m2
6.40 6.80
8.40 4.40
8.00 16.40
9.20 18.40
6.40 17.60
20.00 9.60
5.60 4.40
17.20 19.60
6.80 16.40
6.40 9.60
4.80 11.60
13.60 6.80
12.80 15.60
4.80 20.00
8.40 17.20
13.60 19.20
8.40 13.60
11.60 6.80
4.80 16.40
7.60 17.60
4.80 9.20
10.80 19.20
15.60 18.00
5.60 12.40
9.20 15.20
8.40 11.20
17.60 4.40
10.40 16.80
14.00 10.40
18.40 12.80
14.00 14.00
14.00 12.40
16.80 8.00
18.40 20.00
7.20 4.40
12.00 6.80
14.40 11.20
4.00 6.00
8.80 8.80
18.40 18.80
10.00 18.00
14.80 14.00
17.60 17.20
18.00 10.80
12.40 17.60
13.60 6.40
16.40 5.60
18.80 6.40
14.40 12.40
13.60 10.40
19.60 19.20
9.20 11.20
10.00 4.00
10.40 7.20
9.20 8.40
12.80 6.00
13.20 18.40
17.60 14.00
18.40 14.00
18.00 16.00
12.40 12.80
16.00 10.00
7.20 7.20
4.40 10.80
8.80 7.60
11.20 4.80
15.60 16.00
7.20 11.20
8.00 9.20
4.80 5.20
8.00 14.40
16.40 9.20
14.40 16.00
4.00 20.00
17.60 5.60
12.40 13.20
9.60 13.20
14.40 11.60
10.80 15.60
17.20 4.80
16.80 12.80
6.00 8.80
16.40 12.80
19.20 4.80
16.80 4.80
7.20 9.60
12.80 6.40
13.20 17.60
18.00 17.60
7.60 16.40
13.20 19.60
8.40 18.80
9.20 7.60
11.20 10.40
18.80 9.60
10.00 20.00
14.40 5.20
4.80 4.40
12.80 11.60
13.60 9.60
