# nJobs | nMachines
100 2
# Job Weights
4
21
92
80
22
11
53
66
55
94
34
25
93
10
89
60
12
64
58
57
27
76
91
84
34
73
73
28
26
23
89
44
65
18
30
8
58
48
27
88
93
100
7
28
93
84
10
9
26
33
16
45
55
15
42
63
96
70
37
89
55
9
54
98
4
19
21
78
59
84
14
90
63
24
32
31
37
84
38
37
31
4
60
92
67
47
80
43
86
89
60
58
7
8
8
87
63
34
85
80
# P_bar : m1 | m2
31 23
11 21
50 24
32 20
19 11
43 27
50 19
10 39
46 33
28 40
20 23
33 14
17 21
22 47
46 33
23 45
37 19
17 18
29 24
26 28
25 11
11 41
48 18
17 39
42 16
38 14
29 11
35 47
41 12
41 34
33 48
38 24
37 42
38 20
19 36
50 36
35 21
43 25
18 39
26 33
43 21
40 42
28 17
10 33
12 45
37 33
40 46
49 46
27 35
48 30
20 32
34 23
44 26
35 17
25 17
38 37
13 41
26 39
39 33
37 34
40 10
24 10
11 45
19 25
22 41
12 38
32 20
42 14
27 26
36 38
15 48
19 32
20 44
17 29
40 45
41 39
49 16
48 43
13 16
46 49
21 35
10 19
16 49
24 39
25 37
48 14
13 18
33 45
33 16
27 21
14 37
42 41
28 28
23 30
34 47
33 47
43 13
32 18
15 38
28 14
# P_hat : m1 | m2
3.10 2.30
1.10 2.10
5.00 2.40
3.20 2.00
1.90 1.10
4.30 2.70
5.00 1.90
1.00 3.90
4.60 3.30
2.80 4.00
2.00 2.30
3.30 1.40
1.70 2.10
2.20 4.70
4.60 3.30
2.30 4.50
3.70 1.90
1.70 1.80
2.90 2.40
2.60 2.80
2.50 1.10
1.10 4.10
4.80 1.80
1.70 3.90
4.20 1.60
3.80 1.40
2.90 1.10
3.50 4.70
4.10 1.20
4.10 3.40
3.30 4.80
3.80 2.40
3.70 4.20
3.80 2.00
1.90 3.60
5.00 3.60
3.50 2.10
4.30 2.50
1.80 3.90
2.60 3.30
4.30 2.10
4.00 4.20
2.80 1.70
1.00 3.30
1.20 4.50
3.70 3.30
4.00 4.60
4.90 4.60
2.70 3.50
4.80 3.00
2.00 3.20
3.40 2.30
4.40 2.60
3.50 1.70
2.50 1.70
3.80 3.70
1.30 4.10
2.60 3.90
3.90 3.30
3.70 3.40
4.00 1.00
2.40 1.00
1.10 4.50
1.90 2.50
2.20 4.10
1.20 3.80
3.20 2.00
4.20 1.40
2.70 2.60
3.60 3.80
1.50 4.80
1.90 3.20
2.00 4.40
1.70 2.90
4.00 4.50
4.10 3.90
4.90 1.60
4.80 4.30
1.30 1.60
4.60 4.90
2.10 3.50
1.00 1.90
1.60 4.90
2.40 3.90
2.50 3.70
4.80 1.40
1.30 1.80
3.30 4.50
3.30 1.60
2.70 2.10
1.40 3.70
4.20 4.10
2.80 2.80
2.30 3.00
3.40 4.70
3.30 4.70
4.30 1.30
3.20 1.80
1.50 3.80
2.80 1.40
