# nJobs | nMachines
100 2
# Job Weights
53
94
66
84
100
11
58
13
91
76
42
56
90
73
27
95
16
98
85
77
97
32
38
78
59
31
35
59
6
9
75
100
15
24
22
42
83
36
41
10
71
76
80
57
34
51
51
89
4
51
97
16
42
97
100
96
50
59
44
53
45
77
23
95
37
63
78
83
49
28
47
31
55
95
73
35
39
1
6
73
40
21
34
47
1
61
80
75
43
47
35
38
81
7
58
17
27
59
40
67
# P_bar : m1 | m2
36 36
44 37
42 30
37 25
39 21
33 10
33 12
33 18
45 35
35 44
11 40
35 37
47 20
41 48
46 17
41 20
27 44
20 14
31 50
41 20
49 10
48 20
32 26
47 24
36 50
41 21
16 41
12 40
41 33
18 31
11 23
38 43
27 14
50 41
50 10
15 37
32 44
42 10
47 32
44 47
40 44
17 38
46 22
48 31
31 44
36 41
22 42
39 48
28 25
36 13
17 42
25 10
31 43
12 40
34 11
47 28
39 41
25 45
20 32
50 10
32 23
25 49
13 35
10 20
43 46
36 14
16 28
27 45
29 28
29 33
31 24
50 37
36 40
36 15
22 32
19 23
37 42
31 11
43 38
12 32
26 24
15 33
50 50
27 47
31 38
31 20
36 44
16 28
16 16
11 33
15 21
11 41
20 24
49 34
50 46
36 41
32 46
13 45
42 24
44 11
# P_hat : m1 | m2
14.40 14.40
17.60 14.80
16.80 12.00
14.80 10.00
15.60 8.40
13.20 4.00
13.20 4.80
13.20 7.20
18.00 14.00
14.00 17.60
4.40 16.00
14.00 14.80
18.80 8.00
16.40 19.20
18.40 6.80
16.40 8.00
10.80 17.60
8.00 5.60
12.40 20.00
16.40 8.00
19.60 4.00
19.20 8.00
12.80 10.40
18.80 9.60
14.40 20.00
16.40 8.40
6.40 16.40
4.80 16.00
16.40 13.20
7.20 12.40
4.40 9.20
15.20 17.20
10.80 5.60
20.00 16.40
20.00 4.00
6.00 14.80
12.80 17.60
16.80 4.00
18.80 12.80
17.60 18.80
16.00 17.60
6.80 15.20
18.40 8.80
19.20 12.40
12.40 17.60
14.40 16.40
8.80 16.80
15.60 19.20
11.20 10.00
14.40 5.20
6.80 16.80
10.00 4.00
12.40 17.20
4.80 16.00
13.60 4.40
18.80 11.20
15.60 16.40
10.00 18.00
8.00 12.80
20.00 4.00
12.80 9.20
10.00 19.60
5.20 14.00
4.00 8.00
17.20 18.40
14.40 5.60
6.40 11.20
10.80 18.00
11.60 11.20
11.60 13.20
12.40 9.60
20.00 14.80
14.40 16.00
14.40 6.00
8.80 12.80
7.60 9.20
14.80 16.80
12.40 4.40
17.20 15.20
4.80 12.80
10.40 9.60
6.00 13.20
20.00 20.00
10.80 18.80
12.40 15.20
12.40 8.00
14.40 17.60
6.40 11.20
6.40 6.40
4.40 13.20
6.00 8.40
4.40 16.40
8.00 9.60
19.60 13.60
20.00 18.40
14.40 16.40
12.80 18.40
5.20 18.00
16.80 9.60
17.60 4.40
