# nJobs | nMachines
100 2
# Job Weights
95
9
36
92
70
12
64
29
80
4
7
71
4
30
32
60
14
78
80
68
15
80
54
2
79
10
95
57
49
13
24
18
26
32
75
37
27
70
95
5
49
16
3
63
14
73
92
41
70
43
30
40
64
62
81
47
53
98
53
1
86
53
89
99
42
26
88
77
51
49
29
75
76
2
53
74
16
84
43
46
96
92
5
76
42
46
52
74
13
74
100
70
97
43
17
41
75
10
86
26
# P_bar : m1 | m2
20 18
10 47
48 37
24 34
35 47
49 30
36 41
49 40
42 27
44 43
41 21
23 49
39 21
48 31
39 50
26 50
25 17
32 28
11 21
37 20
19 18
28 49
13 21
13 35
17 35
35 17
44 28
28 40
18 19
46 31
43 36
35 15
31 28
49 15
15 17
11 38
35 49
25 41
35 16
21 13
31 10
34 22
19 33
42 29
14 21
26 14
27 14
36 18
37 28
16 36
35 28
34 41
28 25
27 12
11 19
15 35
30 42
33 17
25 36
35 33
25 45
32 20
43 39
39 43
19 13
40 18
49 11
41 29
49 50
12 36
17 24
29 47
24 30
13 25
40 34
30 35
30 39
18 34
23 38
23 38
20 33
17 41
35 40
20 50
46 44
34 10
45 17
29 42
44 15
28 16
41 19
20 25
29 13
11 28
24 18
20 41
18 34
38 48
13 25
10 35
# P_hat : m1 | m2
8.00 7.20
4.00 18.80
19.20 14.80
9.60 13.60
14.00 18.80
19.60 12.00
14.40 16.40
19.60 16.00
16.80 10.80
17.60 17.20
16.40 8.40
9.20 19.60
15.60 8.40
19.20 12.40
15.60 20.00
10.40 20.00
10.00 6.80
12.80 11.20
4.40 8.40
14.80 8.00
7.60 7.20
11.20 19.60
5.20 8.40
5.20 14.00
6.80 14.00
14.00 6.80
17.60 11.20
11.20 16.00
7.20 7.60
18.40 12.40
17.20 14.40
14.00 6.00
12.40 11.20
19.60 6.00
6.00 6.80
4.40 15.20
14.00 19.60
10.00 16.40
14.00 6.40
8.40 5.20
12.40 4.00
13.60 8.80
7.60 13.20
16.80 11.60
5.60 8.40
10.40 5.60
10.80 5.60
14.40 7.20
14.80 11.20
6.40 14.40
14.00 11.20
13.60 16.40
11.20 10.00
10.80 4.80
4.40 7.60
6.00 14.00
12.00 16.80
13.20 6.80
10.00 14.40
14.00 13.20
10.00 18.00
12.80 8.00
17.20 15.60
15.60 17.20
7.60 5.20
16.00 7.20
19.60 4.40
16.40 11.60
19.60 20.00
4.80 14.40
6.80 9.60
11.60 18.80
9.60 12.00
5.20 10.00
16.00 13.60
12.00 14.00
12.00 15.60
7.20 13.60
9.20 15.20
9.20 15.20
8.00 13.20
6.80 16.40
14.00 16.00
8.00 20.00
18.40 17.60
13.60 4.00
18.00 6.80
11.60 16.80
17.60 6.00
11.20 6.40
16.40 7.60
8.00 10.00
11.60 5.20
4.40 11.20
9.60 7.20
8.00 16.40
7.20 13.60
15.20 19.20
5.20 10.00
4.00 14.00
