# nJobs | nMachines
100 2
# Job Weights
92
65
66
65
73
46
55
33
56
34
9
12
10
64
58
9
95
86
76
17
81
63
42
55
76
40
36
5
6
72
15
42
16
68
67
15
21
17
28
8
1
7
56
45
28
59
59
63
4
68
31
54
32
7
92
32
97
30
82
60
64
70
36
2
69
10
17
78
15
66
67
73
42
41
60
80
74
94
29
50
97
16
60
75
96
63
41
39
95
6
37
76
96
70
85
9
97
71
1
75
# P_bar : m1 | m2
12 21
43 20
42 30
16 14
13 10
24 42
49 35
44 47
19 23
10 37
18 39
13 19
50 44
28 46
30 28
29 32
36 30
38 37
30 18
14 43
35 27
49 29
50 33
16 44
28 13
10 32
47 24
36 11
25 21
22 14
11 25
20 11
37 35
25 16
22 42
19 40
24 40
28 47
35 14
31 17
45 12
48 47
36 37
11 40
50 17
26 36
37 10
42 23
41 47
20 48
41 35
35 44
38 49
49 45
44 29
30 32
45 21
50 21
50 10
28 47
29 41
21 12
48 12
23 15
14 13
28 46
34 50
36 17
33 32
29 39
39 42
45 38
27 15
18 44
36 36
29 18
12 40
21 33
25 15
21 21
28 20
44 30
29 13
10 12
29 23
38 32
21 15
42 31
11 28
26 29
23 37
44 28
28 13
32 12
33 38
27 42
50 50
15 49
13 11
35 45
# P_hat : m1 | m2
4.80 8.40
17.20 8.00
16.80 12.00
6.40 5.60
5.20 4.00
9.60 16.80
19.60 14.00
17.60 18.80
7.60 9.20
4.00 14.80
7.20 15.60
5.20 7.60
20.00 17.60
11.20 18.40
12.00 11.20
11.60 12.80
14.40 12.00
15.20 14.80
12.00 7.20
5.60 17.20
14.00 10.80
19.60 11.60
20.00 13.20
6.40 17.60
11.20 5.20
4.00 12.80
18.80 9.60
14.40 4.40
10.00 8.40
8.80 5.60
4.40 10.00
8.00 4.40
14.80 14.00
10.00 6.40
8.80 16.80
7.60 16.00
9.60 16.00
11.20 18.80
14.00 5.60
12.40 6.80
18.00 4.80
19.20 18.80
14.40 14.80
4.40 16.00
20.00 6.80
10.40 14.40
14.80 4.00
16.80 9.20
16.40 18.80
8.00 19.20
16.40 14.00
14.00 17.60
15.20 19.60
19.60 18.00
17.60 11.60
12.00 12.80
18.00 8.40
20.00 8.40
20.00 4.00
11.20 18.80
11.60 16.40
8.40 4.80
19.20 4.80
9.20 6.00
5.60 5.20
11.20 18.40
13.60 20.00
14.40 6.80
13.20 12.80
11.60 15.60
15.60 16.80
18.00 15.20
10.80 6.00
7.20 17.60
14.40 14.40
11.60 7.20
4.80 16.00
8.40 13.20
10.00 6.00
8.40 8.40
11.20 8.00
17.60 12.00
11.60 5.20
4.00 4.80
11.60 9.20
15.20 12.80
8.40 6.00
16.80 12.40
4.40 11.20
10.40 11.60
9.20 14.80
17.60 11.20
11.20 5.20
12.80 4.80
13.20 15.20
10.80 16.80
20.00 20.00
6.00 19.60
5.20 4.40
14.00 18.00
