# nJobs | nMachines
100 2
# Job Weights
92
65
66
65
73
46
55
33
56
34
9
12
10
64
58
9
95
86
76
17
81
63
42
55
76
40
36
5
6
72
15
42
16
68
67
15
21
17
28
8
1
7
56
45
28
59
59
63
4
68
31
54
32
7
92
32
97
30
82
60
64
70
36
2
69
10
17
78
15
66
67
73
42
41
60
80
74
94
29
50
97
16
60
75
96
63
41
39
95
6
37
76
96
70
85
9
97
71
1
75
# P_bar : m1 | m2
12 21
43 20
42 30
16 14
13 10
24 42
49 35
44 47
19 23
10 37
18 39
13 19
50 44
28 46
30 28
29 32
36 30
38 37
30 18
14 43
35 27
49 29
50 33
16 44
28 13
10 32
47 24
36 11
25 21
22 14
11 25
20 11
37 35
25 16
22 42
19 40
24 40
28 47
35 14
31 17
45 12
48 47
36 37
11 40
50 17
26 36
37 10
42 23
41 47
20 48
41 35
35 44
38 49
49 45
44 29
30 32
45 21
50 21
50 10
28 47
29 41
21 12
48 12
23 15
14 13
28 46
34 50
36 17
33 32
29 39
39 42
45 38
27 15
18 44
36 36
29 18
12 40
21 33
25 15
21 21
28 20
44 30
29 13
10 12
29 23
38 32
21 15
42 31
11 28
26 29
23 37
44 28
28 13
32 12
33 38
27 42
50 50
15 49
13 11
35 45
# P_hat : m1 | m2
6.00 10.50
21.50 10.00
21.00 15.00
8.00 7.00
6.50 5.00
12.00 21.00
24.50 17.50
22.00 23.50
9.50 11.50
5.00 18.50
9.00 19.50
6.50 9.50
25.00 22.00
14.00 23.00
15.00 14.00
14.50 16.00
18.00 15.00
19.00 18.50
15.00 9.00
7.00 21.50
17.50 13.50
24.50 14.50
25.00 16.50
8.00 22.00
14.00 6.50
5.00 16.00
23.50 12.00
18.00 5.50
12.50 10.50
11.00 7.00
5.50 12.50
10.00 5.50
18.50 17.50
12.50 8.00
11.00 21.00
9.50 20.00
12.00 20.00
14.00 23.50
17.50 7.00
15.50 8.50
22.50 6.00
24.00 23.50
18.00 18.50
5.50 20.00
25.00 8.50
13.00 18.00
18.50 5.00
21.00 11.50
20.50 23.50
10.00 24.00
20.50 17.50
17.50 22.00
19.00 24.50
24.50 22.50
22.00 14.50
15.00 16.00
22.50 10.50
25.00 10.50
25.00 5.00
14.00 23.50
14.50 20.50
10.50 6.00
24.00 6.00
11.50 7.50
7.00 6.50
14.00 23.00
17.00 25.00
18.00 8.50
16.50 16.00
14.50 19.50
19.50 21.00
22.50 19.00
13.50 7.50
9.00 22.00
18.00 18.00
14.50 9.00
6.00 20.00
10.50 16.50
12.50 7.50
10.50 10.50
14.00 10.00
22.00 15.00
14.50 6.50
5.00 6.00
14.50 11.50
19.00 16.00
10.50 7.50
21.00 15.50
5.50 14.00
13.00 14.50
11.50 18.50
22.00 14.00
14.00 6.50
16.00 6.00
16.50 19.00
13.50 21.00
25.00 25.00
7.50 24.50
6.50 5.50
17.50 22.50
