# nJobs | nMachines
100 2
# Job Weights
4
21
92
80
22
11
53
66
55
94
34
25
93
10
89
60
12
64
58
57
27
76
91
84
34
73
73
28
26
23
89
44
65
18
30
8
58
48
27
88
93
100
7
28
93
84
10
9
26
33
16
45
55
15
42
63
96
70
37
89
55
9
54
98
4
19
21
78
59
84
14
90
63
24
32
31
37
84
38
37
31
4
60
92
67
47
80
43
86
89
60
58
7
8
8
87
63
34
85
80
# P_bar : m1 | m2
31 23
11 21
50 24
32 20
19 11
43 27
50 19
10 39
46 33
28 40
20 23
33 14
17 21
22 47
46 33
23 45
37 19
17 18
29 24
26 28
25 11
11 41
48 18
17 39
42 16
38 14
29 11
35 47
41 12
41 34
33 48
38 24
37 42
38 20
19 36
50 36
35 21
43 25
18 39
26 33
43 21
40 42
28 17
10 33
12 45
37 33
40 46
49 46
27 35
48 30
20 32
34 23
44 26
35 17
25 17
38 37
13 41
26 39
39 33
37 34
40 10
24 10
11 45
19 25
22 41
12 38
32 20
42 14
27 26
36 38
15 48
19 32
20 44
17 29
40 45
41 39
49 16
48 43
13 16
46 49
21 35
10 19
16 49
24 39
25 37
48 14
13 18
33 45
33 16
27 21
14 37
42 41
28 28
23 30
34 47
33 47
43 13
32 18
15 38
28 14
# P_hat : m1 | m2
9.30 6.90
3.30 6.30
15.00 7.20
9.60 6.00
5.70 3.30
12.90 8.10
15.00 5.70
3.00 11.70
13.80 9.90
8.40 12.00
6.00 6.90
9.90 4.20
5.10 6.30
6.60 14.10
13.80 9.90
6.90 13.50
11.10 5.70
5.10 5.40
8.70 7.20
7.80 8.40
7.50 3.30
3.30 12.30
14.40 5.40
5.10 11.70
12.60 4.80
11.40 4.20
8.70 3.30
10.50 14.10
12.30 3.60
12.30 10.20
9.90 14.40
11.40 7.20
11.10 12.60
11.40 6.00
5.70 10.80
15.00 10.80
10.50 6.30
12.90 7.50
5.40 11.70
7.80 9.90
12.90 6.30
12.00 12.60
8.40 5.10
3.00 9.90
3.60 13.50
11.10 9.90
12.00 13.80
14.70 13.80
8.10 10.50
14.40 9.00
6.00 9.60
10.20 6.90
13.20 7.80
10.50 5.10
7.50 5.10
11.40 11.10
3.90 12.30
7.80 11.70
11.70 9.90
11.10 10.20
12.00 3.00
7.20 3.00
3.30 13.50
5.70 7.50
6.60 12.30
3.60 11.40
9.60 6.00
12.60 4.20
8.10 7.80
10.80 11.40
4.50 14.40
5.70 9.60
6.00 13.20
5.10 8.70
12.00 13.50
12.30 11.70
14.70 4.80
14.40 12.90
3.90 4.80
13.80 14.70
6.30 10.50
3.00 5.70
4.80 14.70
7.20 11.70
7.50 11.10
14.40 4.20
3.90 5.40
9.90 13.50
9.90 4.80
8.10 6.30
4.20 11.10
12.60 12.30
8.40 8.40
6.90 9.00
10.20 14.10
9.90 14.10
12.90 3.90
9.60 5.40
4.50 11.40
8.40 4.20
