# nJobs | nMachines
100 2
# Job Weights
4
21
92
80
22
11
53
66
55
94
34
25
93
10
89
60
12
64
58
57
27
76
91
84
34
73
73
28
26
23
89
44
65
18
30
8
58
48
27
88
93
100
7
28
93
84
10
9
26
33
16
45
55
15
42
63
96
70
37
89
55
9
54
98
4
19
21
78
59
84
14
90
63
24
32
31
37
84
38
37
31
4
60
92
67
47
80
43
86
89
60
58
7
8
8
87
63
34
85
80
# P_bar : m1 | m2
31 23
11 21
50 24
32 20
19 11
43 27
50 19
10 39
46 33
28 40
20 23
33 14
17 21
22 47
46 33
23 45
37 19
17 18
29 24
26 28
25 11
11 41
48 18
17 39
42 16
38 14
29 11
35 47
41 12
41 34
33 48
38 24
37 42
38 20
19 36
50 36
35 21
43 25
18 39
26 33
43 21
40 42
28 17
10 33
12 45
37 33
40 46
49 46
27 35
48 30
20 32
34 23
44 26
35 17
25 17
38 37
13 41
26 39
39 33
37 34
40 10
24 10
11 45
19 25
22 41
12 38
32 20
42 14
27 26
36 38
15 48
19 32
20 44
17 29
40 45
41 39
49 16
48 43
13 16
46 49
21 35
10 19
16 49
24 39
25 37
48 14
13 18
33 45
33 16
27 21
14 37
42 41
28 28
23 30
34 47
33 47
43 13
32 18
15 38
28 14
# P_hat : m1 | m2
15.50 11.50
5.50 10.50
25.00 12.00
16.00 10.00
9.50 5.50
21.50 13.50
25.00 9.50
5.00 19.50
23.00 16.50
14.00 20.00
10.00 11.50
16.50 7.00
8.50 10.50
11.00 23.50
23.00 16.50
11.50 22.50
18.50 9.50
8.50 9.00
14.50 12.00
13.00 14.00
12.50 5.50
5.50 20.50
24.00 9.00
8.50 19.50
21.00 8.00
19.00 7.00
14.50 5.50
17.50 23.50
20.50 6.00
20.50 17.00
16.50 24.00
19.00 12.00
18.50 21.00
19.00 10.00
9.50 18.00
25.00 18.00
17.50 10.50
21.50 12.50
9.00 19.50
13.00 16.50
21.50 10.50
20.00 21.00
14.00 8.50
5.00 16.50
6.00 22.50
18.50 16.50
20.00 23.00
24.50 23.00
13.50 17.50
24.00 15.00
10.00 16.00
17.00 11.50
22.00 13.00
17.50 8.50
12.50 8.50
19.00 18.50
6.50 20.50
13.00 19.50
19.50 16.50
18.50 17.00
20.00 5.00
12.00 5.00
5.50 22.50
9.50 12.50
11.00 20.50
6.00 19.00
16.00 10.00
21.00 7.00
13.50 13.00
18.00 19.00
7.50 24.00
9.50 16.00
10.00 22.00
8.50 14.50
20.00 22.50
20.50 19.50
24.50 8.00
24.00 21.50
6.50 8.00
23.00 24.50
10.50 17.50
5.00 9.50
8.00 24.50
12.00 19.50
12.50 18.50
24.00 7.00
6.50 9.00
16.50 22.50
16.50 8.00
13.50 10.50
7.00 18.50
21.00 20.50
14.00 14.00
11.50 15.00
17.00 23.50
16.50 23.50
21.50 6.50
16.00 9.00
7.50 19.00
14.00 7.00
