# nJobs | nMachines
100 2
# Job Weights
95
9
36
92
70
12
64
29
80
4
7
71
4
30
32
60
14
78
80
68
15
80
54
2
79
10
95
57
49
13
24
18
26
32
75
37
27
70
95
5
49
16
3
63
14
73
92
41
70
43
30
40
64
62
81
47
53
98
53
1
86
53
89
99
42
26
88
77
51
49
29
75
76
2
53
74
16
84
43
46
96
92
5
76
42
46
52
74
13
74
100
70
97
43
17
41
75
10
86
26
# P_bar : m1 | m2
20 18
10 47
48 37
24 34
35 47
49 30
36 41
49 40
42 27
44 43
41 21
23 49
39 21
48 31
39 50
26 50
25 17
32 28
11 21
37 20
19 18
28 49
13 21
13 35
17 35
35 17
44 28
28 40
18 19
46 31
43 36
35 15
31 28
49 15
15 17
11 38
35 49
25 41
35 16
21 13
31 10
34 22
19 33
42 29
14 21
26 14
27 14
36 18
37 28
16 36
35 28
34 41
28 25
27 12
11 19
15 35
30 42
33 17
25 36
35 33
25 45
32 20
43 39
39 43
19 13
40 18
49 11
41 29
49 50
12 36
17 24
29 47
24 30
13 25
40 34
30 35
30 39
18 34
23 38
23 38
20 33
17 41
35 40
20 50
46 44
34 10
45 17
29 42
44 15
28 16
41 19
20 25
29 13
11 28
24 18
20 41
18 34
38 48
13 25
10 35
# P_hat : m1 | m2
2.00 1.80
1.00 4.70
4.80 3.70
2.40 3.40
3.50 4.70
4.90 3.00
3.60 4.10
4.90 4.00
4.20 2.70
4.40 4.30
4.10 2.10
2.30 4.90
3.90 2.10
4.80 3.10
3.90 5.00
2.60 5.00
2.50 1.70
3.20 2.80
1.10 2.10
3.70 2.00
1.90 1.80
2.80 4.90
1.30 2.10
1.30 3.50
1.70 3.50
3.50 1.70
4.40 2.80
2.80 4.00
1.80 1.90
4.60 3.10
4.30 3.60
3.50 1.50
3.10 2.80
4.90 1.50
1.50 1.70
1.10 3.80
3.50 4.90
2.50 4.10
3.50 1.60
2.10 1.30
3.10 1.00
3.40 2.20
1.90 3.30
4.20 2.90
1.40 2.10
2.60 1.40
2.70 1.40
3.60 1.80
3.70 2.80
1.60 3.60
3.50 2.80
3.40 4.10
2.80 2.50
2.70 1.20
1.10 1.90
1.50 3.50
3.00 4.20
3.30 1.70
2.50 3.60
3.50 3.30
2.50 4.50
3.20 2.00
4.30 3.90
3.90 4.30
1.90 1.30
4.00 1.80
4.90 1.10
4.10 2.90
4.90 5.00
1.20 3.60
1.70 2.40
2.90 4.70
2.40 3.00
1.30 2.50
4.00 3.40
3.00 3.50
3.00 3.90
1.80 3.40
2.30 3.80
2.30 3.80
2.00 3.30
1.70 4.10
3.50 4.00
2.00 5.00
4.60 4.40
3.40 1.00
4.50 1.70
2.90 4.20
4.40 1.50
2.80 1.60
4.10 1.90
2.00 2.50
2.90 1.30
1.10 2.80
2.40 1.80
2.00 4.10
1.80 3.40
3.80 4.80
1.30 2.50
1.00 3.50
