# nJobs | nMachines
100 2
# Job Weights
58
41
68
36
56
77
62
91
2
89
13
100
21
82
75
97
70
93
66
47
27
87
84
44
40
5
61
49
69
14
39
52
86
74
2
91
78
75
94
65
59
75
58
75
41
5
98
30
50
48
4
2
57
20
24
98
13
56
43
64
50
51
99
91
38
86
44
97
7
94
12
29
49
90
31
93
36
9
88
20
59
47
30
96
82
57
88
1
9
12
3
51
72
17
21
71
73
26
73
48
# P_bar : m1 | m2
48 46
20 39
19 34
39 25
37 37
32 17
42 20
21 15
30 23
40 12
44 37
17 49
11 34
14 19
45 26
25 40
32 24
50 26
20 32
48 11
36 29
28 22
12 22
22 33
18 19
12 23
46 19
32 17
24 20
41 46
13 48
46 31
32 24
44 22
40 42
20 16
44 34
17 25
15 45
49 35
20 25
29 36
13 35
33 43
19 45
34 13
30 28
45 17
20 19
16 39
13 26
46 26
35 25
15 29
14 10
17 44
21 23
36 13
24 23
14 32
42 26
46 18
18 48
22 44
31 38
10 33
38 20
22 32
42 28
29 23
50 42
15 49
23 10
15 27
36 40
21 21
35 20
38 22
20 27
33 42
39 44
23 28
13 18
20 33
41 48
17 22
48 15
21 44
12 38
16 13
49 14
30 12
47 18
47 14
42 41
19 31
40 18
41 35
41 50
44 33
# P_hat : m1 | m2
24.00 23.00
10.00 19.50
9.50 17.00
19.50 12.50
18.50 18.50
16.00 8.50
21.00 10.00
10.50 7.50
15.00 11.50
20.00 6.00
22.00 18.50
8.50 24.50
5.50 17.00
7.00 9.50
22.50 13.00
12.50 20.00
16.00 12.00
25.00 13.00
10.00 16.00
24.00 5.50
18.00 14.50
14.00 11.00
6.00 11.00
11.00 16.50
9.00 9.50
6.00 11.50
23.00 9.50
16.00 8.50
12.00 10.00
20.50 23.00
6.50 24.00
23.00 15.50
16.00 12.00
22.00 11.00
20.00 21.00
10.00 8.00
22.00 17.00
8.50 12.50
7.50 22.50
24.50 17.50
10.00 12.50
14.50 18.00
6.50 17.50
16.50 21.50
9.50 22.50
17.00 6.50
15.00 14.00
22.50 8.50
10.00 9.50
8.00 19.50
6.50 13.00
23.00 13.00
17.50 12.50
7.50 14.50
7.00 5.00
8.50 22.00
10.50 11.50
18.00 6.50
12.00 11.50
7.00 16.00
21.00 13.00
23.00 9.00
9.00 24.00
11.00 22.00
15.50 19.00
5.00 16.50
19.00 10.00
11.00 16.00
21.00 14.00
14.50 11.50
25.00 21.00
7.50 24.50
11.50 5.00
7.50 13.50
18.00 20.00
10.50 10.50
17.50 10.00
19.00 11.00
10.00 13.50
16.50 21.00
19.50 22.00
11.50 14.00
6.50 9.00
10.00 16.50
20.50 24.00
8.50 11.00
24.00 7.50
10.50 22.00
6.00 19.00
8.00 6.50
24.50 7.00
15.00 6.00
23.50 9.00
23.50 7.00
21.00 20.50
9.50 15.50
20.00 9.00
20.50 17.50
20.50 25.00
22.00 16.50
