# nJobs | nMachines
20 5
# Job Weights
93
97
33
32
58
72
89
19
68
69
9
80
4
88
88
68
94
37
41
12
# P_bar : m1 | m2 | m3 | m4 | m5
13 46 14 24 25
46 45 32 36 49
13 34 41 42 31
35 14 13 36 24
13 42 17 18 28
24 36 18 30 41
12 47 31 12 30
31 12 19 25 20
10 28 50 20 13
13 42 11 20 32
39 33 45 47 10
34 12 36 21 31
20 45 27 26 31
11 42 26 36 19
45 31 47 32 48
10 37 44 27 28
27 42 49 20 44
50 41 20 31 42
18 10 46 23 22
43 20 35 16 10
# P_hat : m1 | m2 | m3 | m4 | m5
3.90 13.80 4.20 7.20 7.50
13.80 13.50 9.60 10.80 14.70
3.90 10.20 12.30 12.60 9.30
10.50 4.20 3.90 10.80 7.20
3.90 12.60 5.10 5.40 8.40
7.20 10.80 5.40 9.00 12.30
3.60 14.10 9.30 3.60 9.00
9.30 3.60 5.70 7.50 6.00
3.00 8.40 15.00 6.00 3.90
3.90 12.60 3.30 6.00 9.60
11.70 9.90 13.50 14.10 3.00
10.20 3.60 10.80 6.30 9.30
6.00 13.50 8.10 7.80 9.30
3.30 12.60 7.80 10.80 5.70
13.50 9.30 14.10 9.60 14.40
3.00 11.10 13.20 8.10 8.40
8.10 12.60 14.70 6.00 13.20
15.00 12.30 6.00 9.30 12.60
5.40 3.00 13.80 6.90 6.60
12.90 6.00 10.50 4.80 3.00
