# nJobs | nMachines
20 5
# Job Weights
83
23
64
77
23
80
52
4
6
15
10
43
52
4
95
99
20
38
5
14
# P_bar : m1 | m2 | m3 | m4 | m5
19 20 25 40 39
27 18 13 45 41
21 40 45 34 38
42 21 32 47 29
15 46 24 34 18
29 42 18 11 10
50 24 23 17 22
40 45 31 48 16
29 42 50 13 47
17 44 46 49 39
47 27 38 23 12
19 38 48 48 29
30 40 21 19 30
30 39 17 23 23
12 43 34 47 15
23 34 16 49 45
47 34 49 13 46
44 43 25 14 11
15 23 40 44 33
50 24 26 39 23
# P_hat : m1 | m2 | m3 | m4 | m5
30.50 36.30 37.56 0.94 64.15
30.89 25.71 1.85 37.98 70.32
21.53 48.63 7.22 20.06 69.66
24.65 12.99 22.71 45.68 25.00
27.95 75.79 45.20 39.25 11.48
23.03 80.23 24.07 0.96 11.64
8.71 39.42 31.22 4.18 16.33
49.37 0.14 22.44 53.63 19.23
6.60 53.46 59.37 8.92 66.33
11.74 4.50 0.93 71.46 53.70
47.70 13.91 48.34 30.01 8.99
33.22 4.52 87.68 81.18 9.68
29.61 48.30 25.73 26.31 25.83
42.14 53.55 29.71 19.78 6.56
23.83 9.85 49.23 63.26 26.70
6.05 26.10 3.86 26.99 31.13
25.82 31.02 88.44 7.96 14.21
34.72 31.74 3.32 22.09 0.56
12.65 5.57 42.72 39.28 42.62
41.10 20.11 7.39 62.27 29.30
