# nJobs | nMachines
20 5
# Job Weights
4
87
12
92
55
42
16
26
3
69
32
71
52
45
76
15
33
82
3
48
# P_bar : m1 | m2 | m3 | m4 | m5
10 39 12 21 24
34 21 28 19 15
30 20 37 49 25
35 34 22 46 42
42 24 21 44 48
34 39 20 35 42
13 50 26 43 14
11 41 10 24 42
42 29 46 49 30
12 39 14 14 27
34 26 26 17 14
15 19 24 22 14
28 37 43 46 21
24 21 19 26 19
36 36 49 36 44
22 23 40 26 32
10 20 47 39 12
11 22 24 13 39
17 48 18 19 32
14 42 50 37 38
# P_hat : m1 | m2 | m3 | m4 | m5
8.32 135.48 13.15 6.96 32.09
3.61 40.94 62.07 45.84 46.25
21.77 71.56 96.41 48.09 10.66
81.63 108.78 73.02 71.63 12.62
70.80 40.82 17.34 50.81 139.81
121.40 3.51 0.88 49.79 83.24
42.51 53.74 14.24 123.68 38.55
15.04 88.83 36.00 28.52 73.05
43.58 73.48 160.80 111.02 29.57
18.23 40.23 33.46 26.66 88.46
80.28 14.49 62.45 45.13 44.77
16.08 63.45 63.84 82.44 38.90
69.90 145.69 30.16 134.79 22.86
39.30 44.16 69.50 22.35 44.86
79.49 24.72 82.08 4.49 63.53
38.38 25.05 61.30 27.28 11.72
11.78 1.47 97.56 92.83 44.03
41.73 80.46 4.51 2.67 21.34
51.93 22.61 11.97 37.72 121.63
7.85 96.85 147.61 88.33 67.79
