# nJobs | nMachines
20 5
# Job Weights
65
24
63
63
28
21
89
91
16
11
22
11
87
40
4
79
27
30
58
57
# P_bar : m1 | m2 | m3 | m4 | m5
16 25 21 16 43
47 15 14 17 35
22 11 37 40 42
50 48 44 27 24
49 44 20 48 13
46 15 20 41 18
14 23 10 14 17
37 14 47 12 41
25 39 35 21 16
29 38 23 28 21
48 43 12 23 12
30 23 31 13 30
48 11 17 18 46
33 31 50 42 35
24 48 37 32 31
14 34 10 50 47
32 17 10 27 16
20 10 13 45 33
30 23 33 46 43
48 23 36 34 30
# P_hat : m1 | m2 | m3 | m4 | m5
0.89 5.23 3.40 4.19 10.14
7.64 1.34 3.32 5.02 0.94
5.76 3.05 3.54 9.22 5.26
10.98 13.98 8.26 3.38 6.33
11.86 12.46 5.32 6.07 3.68
9.09 2.13 3.70 9.07 2.52
2.91 5.95 0.70 1.00 3.13
9.43 3.55 0.34 0.40 2.05
1.87 3.73 9.14 2.23 4.76
4.26 9.45 0.15 2.41 1.46
3.19 0.48 3.15 2.04 3.39
8.89 4.11 4.92 0.91 5.85
13.59 0.76 4.79 0.23 8.39
0.39 1.12 11.98 0.23 5.38
5.08 1.11 11.08 9.48 2.15
3.89 7.10 1.05 6.42 2.49
1.73 1.73 2.30 3.11 1.06
3.41 2.17 1.57 9.18 1.85
8.24 0.45 4.75 3.01 10.06
0.49 2.18 6.78 9.69 3.15
