# nJobs | nMachines
20 5
# Job Weights
65
24
63
63
28
21
89
91
16
11
22
11
87
40
4
79
27
30
58
57
# P_bar : m1 | m2 | m3 | m4 | m5
16 25 21 16 43
47 15 14 17 35
22 11 37 40 42
50 48 44 27 24
49 44 20 48 13
46 15 20 41 18
14 23 10 14 17
37 14 47 12 41
25 39 35 21 16
29 38 23 28 21
48 43 12 23 12
30 23 31 13 30
48 11 17 18 46
33 31 50 42 35
24 48 37 32 31
14 34 10 50 47
32 17 10 27 16
20 10 13 45 33
30 23 33 46 43
48 23 36 34 30
# P_hat : m1 | m2 | m3 | m4 | m5
12.13 23.77 18.24 4.30 26.58
1.16 2.27 10.87 13.56 24.59
0.49 4.76 28.52 12.41 23.51
16.18 45.29 37.17 12.29 0.23
23.94 18.47 15.22 0.56 4.24
35.44 9.58 12.52 2.97 9.32
9.57 9.14 1.31 5.49 1.49
16.50 3.84 1.53 5.76 14.38
6.84 38.38 32.23 12.60 0.53
28.92 15.55 14.18 8.17 1.65
20.46 38.45 9.56 15.98 4.76
13.54 5.29 14.93 11.18 3.98
7.85 2.34 1.99 14.04 26.11
26.23 0.97 6.26 1.66 24.13
16.65 31.28 25.37 15.38 24.82
3.09 12.53 4.30 5.25 9.41
2.64 14.69 2.01 6.54 2.68
13.61 4.73 6.39 44.40 3.45
19.64 22.27 2.12 6.55 27.37
13.12 4.27 20.95 16.96 21.19
