# nJobs | nMachines
20 5
# Job Weights
8
58
1
50
55
5
64
17
84
97
85
66
76
7
8
54
27
67
82
43
# P_bar : m1 | m2 | m3 | m4 | m5
13 47 32 10 35
11 12 38 41 27
25 42 15 34 20
28 45 22 46 18
27 23 24 39 37
19 27 50 21 21
19 34 40 28 22
27 49 33 16 49
22 26 40 45 47
16 19 46 44 18
44 20 43 44 24
22 11 20 43 14
47 35 45 21 48
12 32 42 21 47
45 33 20 22 37
27 28 13 30 43
12 14 29 23 19
14 18 15 48 33
11 23 31 14 19
39 20 44 50 23
# P_hat : m1 | m2 | m3 | m4 | m5
5.20 18.80 12.80 4.00 14.00
4.40 4.80 15.20 16.40 10.80
10.00 16.80 6.00 13.60 8.00
11.20 18.00 8.80 18.40 7.20
10.80 9.20 9.60 15.60 14.80
7.60 10.80 20.00 8.40 8.40
7.60 13.60 16.00 11.20 8.80
10.80 19.60 13.20 6.40 19.60
8.80 10.40 16.00 18.00 18.80
6.40 7.60 18.40 17.60 7.20
17.60 8.00 17.20 17.60 9.60
8.80 4.40 8.00 17.20 5.60
18.80 14.00 18.00 8.40 19.20
4.80 12.80 16.80 8.40 18.80
18.00 13.20 8.00 8.80 14.80
10.80 11.20 5.20 12.00 17.20
4.80 5.60 11.60 9.20 7.60
5.60 7.20 6.00 19.20 13.20
4.40 9.20 12.40 5.60 7.60
15.60 8.00 17.60 20.00 9.20
