# nJobs | nMachines
20 5
# Job Weights
8
58
1
50
55
5
64
17
84
97
85
66
76
7
8
54
27
67
82
43
# P_bar : m1 | m2 | m3 | m4 | m5
13 47 32 10 35
11 12 38 41 27
25 42 15 34 20
28 45 22 46 18
27 23 24 39 37
19 27 50 21 21
19 34 40 28 22
27 49 33 16 49
22 26 40 45 47
16 19 46 44 18
44 20 43 44 24
22 11 20 43 14
47 35 45 21 48
12 32 42 21 47
45 33 20 22 37
27 28 13 30 43
12 14 29 23 19
14 18 15 48 33
11 23 31 14 19
39 20 44 50 23
# P_hat : m1 | m2 | m3 | m4 | m5
3.23 9.76 6.32 2.38 1.29
2.52 0.48 8.73 8.70 7.20
4.30 3.77 3.81 0.51 3.02
8.03 4.84 4.05 1.01 2.43
1.62 5.55 0.64 4.71 6.50
0.62 2.26 7.31 1.86 3.94
4.87 2.15 0.93 1.95 0.47
3.56 14.07 4.03 1.35 10.03
5.59 0.07 4.89 10.85 3.41
4.29 5.69 0.91 12.27 3.86
0.82 4.06 4.50 5.35 5.92
5.83 2.73 0.67 11.69 3.38
6.32 3.09 10.91 2.03 7.96
1.84 0.14 11.94 3.00 7.33
8.46 7.30 0.43 1.49 1.59
7.50 7.01 3.72 5.76 10.00
0.07 3.11 4.55 6.75 1.55
2.00 0.77 1.35 8.69 4.92
2.27 5.20 0.71 1.50 1.62
8.46 4.61 6.61 9.72 0.92
