# nJobs | nMachines
20 5
# Job Weights
34
92
94
59
51
50
96
91
76
76
99
28
63
23
72
23
42
3
46
90
# P_bar : m1 | m2 | m3 | m4 | m5
40 27 16 43 34
22 19 32 25 41
32 32 13 42 23
24 45 16 23 40
26 12 28 17 38
10 30 44 17 35
36 22 42 28 21
25 42 22 20 42
49 12 49 11 43
32 27 36 23 39
48 42 16 27 15
48 20 30 41 30
35 18 26 29 20
40 39 33 23 35
39 15 15 29 22
40 23 45 39 50
16 47 11 13 42
24 42 44 19 17
36 35 35 32 29
13 23 33 49 11
# P_hat : m1 | m2 | m3 | m4 | m5
10.76 82.55 21.88 47.35 20.90
8.35 47.40 67.54 15.62 93.91
127.86 97.57 11.01 106.84 25.49
31.36 7.01 63.72 55.14 147.41
77.81 40.18 109.89 12.20 88.65
32.27 74.34 114.31 47.95 83.00
123.56 49.58 135.14 50.98 29.81
99.76 104.94 62.93 53.42 8.73
47.33 41.49 116.26 36.84 5.46
5.16 63.39 7.68 15.62 66.04
78.95 97.60 29.10 2.07 5.07
24.98 79.25 80.97 127.77 72.82
3.14 54.48 70.46 70.72 70.48
57.67 69.00 49.25 64.37 123.61
122.26 42.44 56.50 97.23 58.00
90.59 35.81 30.12 125.24 42.25
20.02 43.03 22.02 49.97 144.98
62.82 100.27 121.60 40.73 60.25
33.41 129.95 97.60 62.53 22.81
0.75 85.48 85.62 78.77 32.45
