# nJobs | nMachines
20 5
# Job Weights
34
92
94
59
51
50
96
91
76
76
99
28
63
23
72
23
42
3
46
90
# P_bar : m1 | m2 | m3 | m4 | m5
40 27 16 43 34
22 19 32 25 41
32 32 13 42 23
24 45 16 23 40
26 12 28 17 38
10 30 44 17 35
36 22 42 28 21
25 42 22 20 42
49 12 49 11 43
32 27 36 23 39
48 42 16 27 15
48 20 30 41 30
35 18 26 29 20
40 39 33 23 35
39 15 15 29 22
40 23 45 39 50
16 47 11 13 42
24 42 44 19 17
36 35 35 32 29
13 23 33 49 11
# P_hat : m1 | m2 | m3 | m4 | m5
8.07 2.31 0.86 3.84 7.51
5.26 2.47 9.32 0.69 10.86
2.40 6.58 0.44 7.55 1.40
4.50 4.49 1.94 4.30 7.05
4.46 0.20 6.20 3.31 7.99
2.50 3.37 9.30 1.36 7.14
9.79 6.23 5.33 0.13 2.57
0.09 8.09 2.29 5.79 0.19
9.91 2.42 5.84 0.83 7.52
0.50 5.12 2.85 4.66 2.96
7.90 2.51 0.99 5.72 2.03
4.14 2.51 4.35 7.50 8.62
3.22 4.06 2.09 2.72 2.39
4.24 1.19 2.85 1.87 8.82
7.27 1.25 2.96 5.20 1.24
4.01 1.91 13.08 10.13 10.09
3.52 6.09 1.99 3.69 12.31
2.91 12.35 1.02 0.60 0.52
0.74 0.71 0.79 1.49 0.07
3.06 3.58 9.42 13.89 1.43
