# nJobs | nMachines
20 5
# Job Weights
65
24
63
63
28
21
89
91
16
11
22
11
87
40
4
79
27
30
58
57
# P_bar : m1 | m2 | m3 | m4 | m5
16 25 21 16 43
47 15 14 17 35
22 11 37 40 42
50 48 44 27 24
49 44 20 48 13
46 15 20 41 18
14 23 10 14 17
37 14 47 12 41
25 39 35 21 16
29 38 23 28 21
48 43 12 23 12
30 23 31 13 30
48 11 17 18 46
33 31 50 42 35
24 48 37 32 31
14 34 10 50 47
32 17 10 27 16
20 10 13 45 33
30 23 33 46 43
48 23 36 34 30
# P_hat : m1 | m2 | m3 | m4 | m5
6.40 10.00 8.40 6.40 17.20
18.80 6.00 5.60 6.80 14.00
8.80 4.40 14.80 16.00 16.80
20.00 19.20 17.60 10.80 9.60
19.60 17.60 8.00 19.20 5.20
18.40 6.00 8.00 16.40 7.20
5.60 9.20 4.00 5.60 6.80
14.80 5.60 18.80 4.80 16.40
10.00 15.60 14.00 8.40 6.40
11.60 15.20 9.20 11.20 8.40
19.20 17.20 4.80 9.20 4.80
12.00 9.20 12.40 5.20 12.00
19.20 4.40 6.80 7.20 18.40
13.20 12.40 20.00 16.80 14.00
9.60 19.20 14.80 12.80 12.40
5.60 13.60 4.00 20.00 18.80
12.80 6.80 4.00 10.80 6.40
8.00 4.00 5.20 18.00 13.20
12.00 9.20 13.20 18.40 17.20
19.20 9.20 14.40 13.60 12.00
