# nJobs | nMachines
20 5
# Job Weights
35
25
91
82
40
86
22
44
13
10
29
51
31
44
98
20
10
59
69
43
# P_bar : m1 | m2 | m3 | m4 | m5
26 20 35 29 26
26 20 15 40 43
47 45 26 33 21
20 14 27 15 16
46 36 18 29 12
30 24 35 50 10
10 19 41 32 46
29 27 44 28 35
27 48 48 30 41
22 49 23 39 13
40 24 13 50 41
48 34 43 37 27
23 33 35 19 32
27 18 29 31 19
32 22 35 29 38
13 18 32 40 40
29 43 37 50 43
17 32 42 47 21
21 12 11 17 35
20 38 20 33 40
# P_hat : m1 | m2 | m3 | m4 | m5
4.46 2.47 9.09 2.56 5.40
6.28 1.44 1.30 2.52 3.01
10.72 9.08 3.65 7.58 3.94
0.92 3.47 5.02 1.14 3.59
2.06 7.27 2.22 7.53 0.79
2.41 5.94 4.49 1.54 0.18
1.08 2.26 4.06 1.21 1.81
3.55 1.27 7.45 8.22 6.36
5.51 10.63 12.25 6.06 10.45
0.37 5.30 1.39 9.91 0.18
0.42 4.83 3.64 4.86 9.03
5.64 2.76 8.89 7.51 2.76
4.81 0.80 8.64 3.39 4.59
1.57 5.36 4.84 5.61 5.29
6.16 1.03 8.18 5.94 3.78
1.01 5.34 0.16 6.90 5.58
7.71 12.61 9.08 6.44 0.18
4.57 7.62 0.51 3.89 0.51
1.87 2.37 2.94 3.92 2.72
1.38 6.59 5.95 2.24 0.33
