# nJobs | nMachines
20 5
# Job Weights
55
83
34
72
98
91
52
38
1
64
36
44
66
92
50
35
20
12
53
90
# P_bar : m1 | m2 | m3 | m4 | m5
34 29 14 32 48
26 46 32 16 28
44 39 16 48 13
46 47 32 41 40
27 46 12 36 20
24 44 27 23 41
17 27 23 29 31
41 40 30 43 17
41 38 23 38 49
35 14 24 15 31
21 10 50 39 35
17 12 47 45 37
36 11 44 11 15
46 23 28 34 31
36 39 47 36 11
40 45 11 38 23
11 29 18 26 15
26 29 23 40 25
32 12 42 46 38
39 23 43 39 27
# P_hat : m1 | m2 | m3 | m4 | m5
75.37 80.69 3.28 15.15 35.73
0.54 0.59 42.78 26.23 89.90
133.93 96.66 50.23 161.24 23.83
6.50 66.83 90.58 62.95 77.28
80.54 146.13 37.85 82.35 10.68
19.44 16.37 55.87 54.07 13.22
65.15 63.53 40.50 21.40 90.26
60.34 76.96 17.69 62.30 33.76
53.62 97.63 30.19 50.85 85.62
20.84 3.63 41.67 1.57 90.46
25.67 23.20 17.72 3.77 107.17
59.61 26.95 41.48 149.71 23.52
143.47 24.67 105.29 12.02 36.61
67.77 55.52 82.39 70.46 16.78
64.60 105.53 187.69 43.02 33.06
115.53 144.90 41.06 142.98 60.44
38.99 31.30 46.26 26.97 57.40
61.68 95.71 38.75 68.75 6.90
50.12 23.92 106.88 160.58 8.67
64.37 7.09 135.13 131.34 30.48
