# nJobs | nMachines
20 5
# Job Weights
4
87
12
92
55
42
16
26
3
69
32
71
52
45
76
15
33
82
3
48
# P_bar : m1 | m2 | m3 | m4 | m5
10 39 12 21 24
34 21 28 19 15
30 20 37 49 25
35 34 22 46 42
42 24 21 44 48
34 39 20 35 42
13 50 26 43 14
11 41 10 24 42
42 29 46 49 30
12 39 14 14 27
34 26 26 17 14
15 19 24 22 14
28 37 43 46 21
24 21 19 26 19
36 36 49 36 44
22 23 40 26 32
10 20 47 39 12
11 22 24 13 39
17 48 18 19 32
14 42 50 37 38
# P_hat : m1 | m2 | m3 | m4 | m5
5.00 19.50 6.00 10.50 12.00
17.00 10.50 14.00 9.50 7.50
15.00 10.00 18.50 24.50 12.50
17.50 17.00 11.00 23.00 21.00
21.00 12.00 10.50 22.00 24.00
17.00 19.50 10.00 17.50 21.00
6.50 25.00 13.00 21.50 7.00
5.50 20.50 5.00 12.00 21.00
21.00 14.50 23.00 24.50 15.00
6.00 19.50 7.00 7.00 13.50
17.00 13.00 13.00 8.50 7.00
7.50 9.50 12.00 11.00 7.00
14.00 18.50 21.50 23.00 10.50
12.00 10.50 9.50 13.00 9.50
18.00 18.00 24.50 18.00 22.00
11.00 11.50 20.00 13.00 16.00
5.00 10.00 23.50 19.50 6.00
5.50 11.00 12.00 6.50 19.50
8.50 24.00 9.00 9.50 16.00
7.00 21.00 25.00 18.50 19.00
