# nJobs | nMachines
20 5
# Job Weights
65
24
63
63
28
21
89
91
16
11
22
11
87
40
4
79
27
30
58
57
# P_bar : m1 | m2 | m3 | m4 | m5
16 25 21 16 43
47 15 14 17 35
22 11 37 40 42
50 48 44 27 24
49 44 20 48 13
46 15 20 41 18
14 23 10 14 17
37 14 47 12 41
25 39 35 21 16
29 38 23 28 21
48 43 12 23 12
30 23 31 13 30
48 11 17 18 46
33 31 50 42 35
24 48 37 32 31
14 34 10 50 47
32 17 10 27 16
20 10 13 45 33
30 23 33 46 43
48 23 36 34 30
# P_hat : m1 | m2 | m3 | m4 | m5
1.01 12.36 10.82 29.20 14.06
88.00 4.79 12.95 7.16 27.38
2.29 19.18 64.25 49.84 81.43
54.13 21.04 63.99 34.10 12.39
69.49 85.88 29.71 70.38 17.08
80.13 10.11 17.02 10.79 11.71
19.99 8.38 6.92 20.04 26.30
59.33 22.11 34.88 21.82 10.73
16.97 51.38 69.14 7.55 31.03
47.26 37.86 1.85 13.30 19.06
7.69 47.76 20.81 44.68 5.67
53.69 33.08 35.88 4.71 4.41
52.57 5.03 14.91 30.76 15.62
53.94 61.77 72.53 41.35 36.38
21.71 93.58 36.01 15.82 20.89
18.02 44.22 17.47 87.07 77.92
33.69 6.78 18.01 24.05 13.79
29.26 13.60 10.96 46.33 16.42
4.90 3.32 18.27 33.05 53.07
5.79 1.41 42.65 40.32 42.41
