# nJobs | nMachines
20 5
# Job Weights
55
83
34
72
98
91
52
38
1
64
36
44
66
92
50
35
20
12
53
90
# P_bar : m1 | m2 | m3 | m4 | m5
34 29 14 32 48
26 46 32 16 28
44 39 16 48 13
46 47 32 41 40
27 46 12 36 20
24 44 27 23 41
17 27 23 29 31
41 40 30 43 17
41 38 23 38 49
35 14 24 15 31
21 10 50 39 35
17 12 47 45 37
36 11 44 11 15
46 23 28 34 31
36 39 47 36 11
40 45 11 38 23
11 29 18 26 15
26 29 23 40 25
32 12 42 46 38
39 23 43 39 27
# P_hat : m1 | m2 | m3 | m4 | m5
6.80 5.80 2.80 6.40 9.60
5.20 9.20 6.40 3.20 5.60
8.80 7.80 3.20 9.60 2.60
9.20 9.40 6.40 8.20 8.00
5.40 9.20 2.40 7.20 4.00
4.80 8.80 5.40 4.60 8.20
3.40 5.40 4.60 5.80 6.20
8.20 8.00 6.00 8.60 3.40
8.20 7.60 4.60 7.60 9.80
7.00 2.80 4.80 3.00 6.20
4.20 2.00 10.00 7.80 7.00
3.40 2.40 9.40 9.00 7.40
7.20 2.20 8.80 2.20 3.00
9.20 4.60 5.60 6.80 6.20
7.20 7.80 9.40 7.20 2.20
8.00 9.00 2.20 7.60 4.60
2.20 5.80 3.60 5.20 3.00
5.20 5.80 4.60 8.00 5.00
6.40 2.40 8.40 9.20 7.60
7.80 4.60 8.60 7.80 5.40
