# nJobs | nMachines
20 5
# Job Weights
55
83
34
72
98
91
52
38
1
64
36
44
66
92
50
35
20
12
53
90
# P_bar : m1 | m2 | m3 | m4 | m5
34 29 14 32 48
26 46 32 16 28
44 39 16 48 13
46 47 32 41 40
27 46 12 36 20
24 44 27 23 41
17 27 23 29 31
41 40 30 43 17
41 38 23 38 49
35 14 24 15 31
21 10 50 39 35
17 12 47 45 37
36 11 44 11 15
46 23 28 34 31
36 39 47 36 11
40 45 11 38 23
11 29 18 26 15
26 29 23 40 25
32 12 42 46 38
39 23 43 39 27
# P_hat : m1 | m2 | m3 | m4 | m5
65.04 11.93 10.42 49.69 66.13
38.35 11.17 27.65 21.00 48.91
31.09 47.97 14.06 17.03 16.54
27.28 72.82 39.23 44.69 60.89
18.88 59.24 22.63 70.90 6.40
37.18 46.67 13.00 43.12 37.85
22.49 2.27 5.59 2.50 0.58
15.19 77.48 11.85 14.17 8.39
14.28 60.70 40.80 10.01 71.19
6.89 8.20 31.00 21.78 61.49
27.73 19.60 28.59 63.79 6.94
25.99 14.45 76.70 19.22 29.71
19.08 12.81 75.80 11.13 24.00
1.93 34.41 47.40 57.17 12.65
5.92 63.32 86.38 52.76 12.21
77.43 59.08 5.55 41.21 33.72
6.50 7.43 27.18 30.70 18.48
40.00 19.62 21.18 40.67 9.40
39.98 22.27 70.73 27.37 27.01
29.79 10.33 62.65 44.07 42.32
