# nJobs | nMachines
20 5
# Job Weights
8
58
1
50
55
5
64
17
84
97
85
66
76
7
8
54
27
67
82
43
# P_bar : m1 | m2 | m3 | m4 | m5
13 47 32 10 35
11 12 38 41 27
25 42 15 34 20
28 45 22 46 18
27 23 24 39 37
19 27 50 21 21
19 34 40 28 22
27 49 33 16 49
22 26 40 45 47
16 19 46 44 18
44 20 43 44 24
22 11 20 43 14
47 35 45 21 48
12 32 42 21 47
45 33 20 22 37
27 28 13 30 43
12 14 29 23 19
14 18 15 48 33
11 23 31 14 19
39 20 44 50 23
# P_hat : m1 | m2 | m3 | m4 | m5
6.78 42.23 11.70 1.47 1.75
10.74 9.40 8.56 0.32 22.78
3.14 32.78 2.94 21.45 19.62
0.47 20.61 3.10 20.59 14.28
20.79 9.15 14.94 5.24 31.59
15.34 8.18 39.07 20.12 5.08
2.28 2.23 23.13 14.83 21.13
7.17 11.18 4.85 3.87 9.65
0.39 6.41 32.44 22.53 44.72
4.69 9.20 29.25 29.90 17.91
34.02 14.95 16.69 3.35 17.08
11.40 5.21 13.48 11.81 13.74
16.36 2.02 11.70 16.95 27.34
4.46 30.65 14.50 9.65 12.20
0.06 31.11 18.35 12.02 16.17
8.09 21.99 3.78 12.98 25.52
7.76 13.88 13.63 1.01 1.39
13.64 9.80 13.35 7.96 20.54
9.32 22.14 21.94 6.24 18.64
0.92 1.51 2.74 10.46 4.37
