# nJobs | nMachines
20 5
# Job Weights
25
51
43
36
39
66
82
16
31
17
6
10
93
8
45
68
24
84
43
6
# P_bar : m1 | m2 | m3 | m4 | m5
50 16 24 37 24
12 34 36 33 38
12 20 40 31 28
16 41 43 34 21
15 19 10 38 37
42 11 27 48 35
28 23 38 23 38
20 13 37 17 11
48 17 16 34 26
22 13 12 40 32
50 16 15 45 23
19 43 39 11 12
44 30 30 21 27
38 26 12 47 34
37 26 37 19 11
23 50 27 23 39
42 31 36 21 50
19 41 30 26 43
16 29 48 43 18
36 17 21 41 15
# P_hat : m1 | m2 | m3 | m4 | m5
25.00 8.00 12.00 18.50 12.00
6.00 17.00 18.00 16.50 19.00
6.00 10.00 20.00 15.50 14.00
8.00 20.50 21.50 17.00 10.50
7.50 9.50 5.00 19.00 18.50
21.00 5.50 13.50 24.00 17.50
14.00 11.50 19.00 11.50 19.00
10.00 6.50 18.50 8.50 5.50
24.00 8.50 8.00 17.00 13.00
11.00 6.50 6.00 20.00 16.00
25.00 8.00 7.50 22.50 11.50
9.50 21.50 19.50 5.50 6.00
22.00 15.00 15.00 10.50 13.50
19.00 13.00 6.00 23.50 17.00
18.50 13.00 18.50 9.50 5.50
11.50 25.00 13.50 11.50 19.50
21.00 15.50 18.00 10.50 25.00
9.50 20.50 15.00 13.00 21.50
8.00 14.50 24.00 21.50 9.00
18.00 8.50 10.50 20.50 7.50
