# nJobs | nMachines
20 5
# Job Weights
83
23
64
77
23
80
52
4
6
15
10
43
52
4
95
99
20
38
5
14
# P_bar : m1 | m2 | m3 | m4 | m5
19 20 25 40 39
27 18 13 45 41
21 40 45 34 38
42 21 32 47 29
15 46 24 34 18
29 42 18 11 10
50 24 23 17 22
40 45 31 48 16
29 42 50 13 47
17 44 46 49 39
47 27 38 23 12
19 38 48 48 29
30 40 21 19 30
30 39 17 23 23
12 43 34 47 15
23 34 16 49 45
47 34 49 13 46
44 43 25 14 11
15 23 40 44 33
50 24 26 39 23
# P_hat : m1 | m2 | m3 | m4 | m5
25.89 12.80 55.37 159.02 43.02
7.74 1.68 28.17 158.46 143.84
34.41 120.99 137.14 84.78 143.49
52.28 38.52 106.71 107.04 17.26
40.63 53.22 42.28 84.41 33.31
70.27 151.21 21.77 8.86 39.24
72.92 11.15 23.86 26.87 42.54
34.86 172.07 24.13 7.58 55.27
114.61 52.75 11.53 24.73 110.68
30.87 156.36 63.01 106.43 58.55
129.40 65.12 41.08 20.95 13.72
10.68 125.66 185.55 185.09 23.57
58.27 157.44 46.85 69.12 91.42
3.30 44.99 23.61 66.44 35.56
24.26 165.32 78.94 100.28 30.68
88.69 52.97 8.91 170.51 88.62
72.23 52.43 87.03 6.79 106.22
6.86 58.55 62.62 44.27 38.09
1.86 49.81 78.22 21.97 129.46
77.60 14.80 41.78 123.90 37.50
