# nJobs | nMachines
20 5
# Job Weights
25
54
99
56
51
31
16
41
65
92
8
6
30
38
73
18
48
56
100
34
# P_bar : m1 | m2 | m3 | m4 | m5
21 23 45 10 13
19 29 11 30 36
42 16 30 10 19
35 29 21 46 25
30 36 21 27 20
31 27 40 37 35
41 12 28 15 32
47 26 27 45 41
21 47 35 12 12
30 35 28 13 23
15 38 34 16 41
19 48 31 30 27
16 44 19 12 21
39 47 19 37 12
25 35 25 29 15
50 17 50 27 20
42 12 45 50 11
19 27 39 14 12
29 23 16 10 28
19 42 32 23 10
# P_hat : m1 | m2 | m3 | m4 | m5
6.30 6.90 13.50 3.00 3.90
5.70 8.70 3.30 9.00 10.80
12.60 4.80 9.00 3.00 5.70
10.50 8.70 6.30 13.80 7.50
9.00 10.80 6.30 8.10 6.00
9.30 8.10 12.00 11.10 10.50
12.30 3.60 8.40 4.50 9.60
14.10 7.80 8.10 13.50 12.30
6.30 14.10 10.50 3.60 3.60
9.00 10.50 8.40 3.90 6.90
4.50 11.40 10.20 4.80 12.30
5.70 14.40 9.30 9.00 8.10
4.80 13.20 5.70 3.60 6.30
11.70 14.10 5.70 11.10 3.60
7.50 10.50 7.50 8.70 4.50
15.00 5.10 15.00 8.10 6.00
12.60 3.60 13.50 15.00 3.30
5.70 8.10 11.70 4.20 3.60
8.70 6.90 4.80 3.00 8.40
5.70 12.60 9.60 6.90 3.00
