# nJobs | nMachines
20 5
# Job Weights
25
51
43
36
39
66
82
16
31
17
6
10
93
8
45
68
24
84
43
6
# P_bar : m1 | m2 | m3 | m4 | m5
50 16 24 37 24
12 34 36 33 38
12 20 40 31 28
16 41 43 34 21
15 19 10 38 37
42 11 27 48 35
28 23 38 23 38
20 13 37 17 11
48 17 16 34 26
22 13 12 40 32
50 16 15 45 23
19 43 39 11 12
44 30 30 21 27
38 26 12 47 34
37 26 37 19 11
23 50 27 23 39
42 31 36 21 50
19 41 30 26 43
16 29 48 43 18
36 17 21 41 15
# P_hat : m1 | m2 | m3 | m4 | m5
15.00 4.80 7.20 11.10 7.20
3.60 10.20 10.80 9.90 11.40
3.60 6.00 12.00 9.30 8.40
4.80 12.30 12.90 10.20 6.30
4.50 5.70 3.00 11.40 11.10
12.60 3.30 8.10 14.40 10.50
8.40 6.90 11.40 6.90 11.40
6.00 3.90 11.10 5.10 3.30
14.40 5.10 4.80 10.20 7.80
6.60 3.90 3.60 12.00 9.60
15.00 4.80 4.50 13.50 6.90
5.70 12.90 11.70 3.30 3.60
13.20 9.00 9.00 6.30 8.10
11.40 7.80 3.60 14.10 10.20
11.10 7.80 11.10 5.70 3.30
6.90 15.00 8.10 6.90 11.70
12.60 9.30 10.80 6.30 15.00
5.70 12.30 9.00 7.80 12.90
4.80 8.70 14.40 12.90 5.40
10.80 5.10 6.30 12.30 4.50
