# nJobs | nMachines
20 5
# Job Weights
83
23
64
77
23
80
52
4
6
15
10
43
52
4
95
99
20
38
5
14
# P_bar : m1 | m2 | m3 | m4 | m5
19 20 25 40 39
27 18 13 45 41
21 40 45 34 38
42 21 32 47 29
15 46 24 34 18
29 42 18 11 10
50 24 23 17 22
40 45 31 48 16
29 42 50 13 47
17 44 46 49 39
47 27 38 23 12
19 38 48 48 29
30 40 21 19 30
30 39 17 23 23
12 43 34 47 15
23 34 16 49 45
47 34 49 13 46
44 43 25 14 11
15 23 40 44 33
50 24 26 39 23
# P_hat : m1 | m2 | m3 | m4 | m5
18.56 14.07 19.86 30.96 9.92
2.99 9.73 0.45 27.09 14.84
8.87 3.86 26.23 30.35 17.95
1.77 5.08 31.85 20.84 1.32
11.10 0.57 20.54 20.64 2.52
26.62 19.69 9.39 6.94 2.77
14.00 7.23 1.46 10.06 21.37
34.33 26.93 25.77 33.73 5.30
8.47 12.48 29.95 3.09 22.66
15.48 13.20 5.29 25.11 7.65
35.44 20.07 3.57 2.40 7.33
15.29 1.83 43.66 18.46 8.14
0.54 36.12 14.05 9.27 6.21
28.88 33.24 14.10 15.00 11.88
8.72 28.72 29.89 44.67 0.08
7.01 20.17 9.15 29.43 0.34
38.98 30.34 25.35 9.67 10.08
12.39 7.97 10.76 7.09 0.40
13.09 1.82 12.68 27.90 3.56
5.63 5.75 11.30 2.77 7.79
