# nJobs | nMachines
20 5
# Job Weights
8
58
1
50
55
5
64
17
84
97
85
66
76
7
8
54
27
67
82
43
# P_bar : m1 | m2 | m3 | m4 | m5
13 47 32 10 35
11 12 38 41 27
25 42 15 34 20
28 45 22 46 18
27 23 24 39 37
19 27 50 21 21
19 34 40 28 22
27 49 33 16 49
22 26 40 45 47
16 19 46 44 18
44 20 43 44 24
22 11 20 43 14
47 35 45 21 48
12 32 42 21 47
45 33 20 22 37
27 28 13 30 43
12 14 29 23 19
14 18 15 48 33
11 23 31 14 19
39 20 44 50 23
# P_hat : m1 | m2 | m3 | m4 | m5
4.09 18.54 4.77 2.36 4.68
0.30 5.35 2.00 18.04 11.28
9.36 9.11 5.86 3.67 0.15
4.45 20.47 7.09 15.59 3.41
0.00 4.34 0.58 11.85 6.24
4.86 13.02 9.00 3.10 0.20
0.45 1.52 19.14 1.91 1.37
3.73 16.83 8.26 5.21 10.13
7.78 6.42 8.65 16.62 11.58
0.50 3.68 10.53 6.94 3.64
18.47 6.33 4.49 14.19 6.37
0.04 3.87 3.69 8.50 4.17
5.80 0.08 8.32 7.49 0.24
4.45 2.67 1.10 2.09 10.91
7.12 11.77 7.68 9.79 17.82
1.38 9.33 2.71 4.31 11.16
2.16 6.76 11.92 4.23 6.44
1.89 6.85 6.38 1.39 5.15
4.63 10.93 3.29 0.78 7.35
6.11 7.03 14.46 12.90 8.89
