# nJobs | nMachines
20 5
# Job Weights
34
92
94
59
51
50
96
91
76
76
99
28
63
23
72
23
42
3
46
90
# P_bar : m1 | m2 | m3 | m4 | m5
40 27 16 43 34
22 19 32 25 41
32 32 13 42 23
24 45 16 23 40
26 12 28 17 38
10 30 44 17 35
36 22 42 28 21
25 42 22 20 42
49 12 49 11 43
32 27 36 23 39
48 42 16 27 15
48 20 30 41 30
35 18 26 29 20
40 39 33 23 35
39 15 15 29 22
40 23 45 39 50
16 47 11 13 42
24 42 44 19 17
36 35 35 32 29
13 23 33 49 11
# P_hat : m1 | m2 | m3 | m4 | m5
4.00 2.70 1.60 4.30 3.40
2.20 1.90 3.20 2.50 4.10
3.20 3.20 1.30 4.20 2.30
2.40 4.50 1.60 2.30 4.00
2.60 1.20 2.80 1.70 3.80
1.00 3.00 4.40 1.70 3.50
3.60 2.20 4.20 2.80 2.10
2.50 4.20 2.20 2.00 4.20
4.90 1.20 4.90 1.10 4.30
3.20 2.70 3.60 2.30 3.90
4.80 4.20 1.60 2.70 1.50
4.80 2.00 3.00 4.10 3.00
3.50 1.80 2.60 2.90 2.00
4.00 3.90 3.30 2.30 3.50
3.90 1.50 1.50 2.90 2.20
4.00 2.30 4.50 3.90 5.00
1.60 4.70 1.10 1.30 4.20
2.40 4.20 4.40 1.90 1.70
3.60 3.50 3.50 3.20 2.90
1.30 2.30 3.30 4.90 1.10
