# nJobs | nMachines
20 5
# Job Weights
4
87
12
92
55
42
16
26
3
69
32
71
52
45
76
15
33
82
3
48
# P_bar : m1 | m2 | m3 | m4 | m5
10 39 12 21 24
34 21 28 19 15
30 20 37 49 25
35 34 22 46 42
42 24 21 44 48
34 39 20 35 42
13 50 26 43 14
11 41 10 24 42
42 29 46 49 30
12 39 14 14 27
34 26 26 17 14
15 19 24 22 14
28 37 43 46 21
24 21 19 26 19
36 36 49 36 44
22 23 40 26 32
10 20 47 39 12
11 22 24 13 39
17 48 18 19 32
14 42 50 37 38
# P_hat : m1 | m2 | m3 | m4 | m5
14.14 62.62 0.31 32.57 11.09
10.37 0.19 37.16 17.22 20.16
34.58 13.34 13.17 51.39 0.99
42.47 27.08 42.29 40.55 8.75
35.63 25.79 6.24 35.27 76.79
50.08 71.75 16.58 39.17 15.00
24.29 34.63 4.44 13.35 18.28
20.36 28.45 19.94 8.73 20.01
37.87 42.78 46.20 84.45 5.97
2.72 35.27 16.67 26.49 13.13
66.97 11.68 3.49 12.69 20.22
25.17 17.19 36.00 11.91 23.96
6.98 10.42 18.05 59.25 34.87
44.20 7.41 34.13 21.25 15.09
62.63 35.88 20.10 1.83 58.79
22.83 19.27 15.26 8.12 13.12
11.83 36.59 3.44 55.85 7.04
8.78 15.95 22.66 17.13 69.91
1.86 55.74 20.33 1.03 0.83
9.39 53.11 6.57 16.43 6.50
