# nJobs | nMachines
20 5
# Job Weights
4
87
12
92
55
42
16
26
3
69
32
71
52
45
76
15
33
82
3
48
# P_bar : m1 | m2 | m3 | m4 | m5
10 39 12 21 24
34 21 28 19 15
30 20 37 49 25
35 34 22 46 42
42 24 21 44 48
34 39 20 35 42
13 50 26 43 14
11 41 10 24 42
42 29 46 49 30
12 39 14 14 27
34 26 26 17 14
15 19 24 22 14
28 37 43 46 21
24 21 19 26 19
36 36 49 36 44
22 23 40 26 32
10 20 47 39 12
11 22 24 13 39
17 48 18 19 32
14 42 50 37 38
# P_hat : m1 | m2 | m3 | m4 | m5
0.84 3.60 0.12 3.74 9.80
4.74 2.20 4.51 9.37 1.93
2.66 3.70 3.91 14.84 2.14
1.55 8.24 3.60 5.46 14.04
2.53 7.42 1.26 2.24 22.31
7.83 7.19 8.91 2.68 11.69
1.34 11.56 7.72 5.29 4.00
2.00 15.32 3.40 1.93 5.88
10.57 0.53 18.15 4.57 11.54
4.14 4.92 3.49 2.00 2.53
0.67 9.27 1.13 1.47 2.27
6.00 8.50 6.45 9.86 2.98
8.79 9.47 12.62 1.85 5.33
0.98 5.59 7.08 6.82 2.30
15.72 1.93 10.58 7.39 2.53
10.13 5.15 2.55 12.77 9.77
0.31 5.33 6.67 2.18 1.73
1.52 2.67 4.36 2.59 11.33
6.85 6.46 5.81 9.21 2.47
5.24 7.92 14.27 16.01 9.14
