# nJobs | nMachines
20 5
# Job Weights
35
25
91
82
40
86
22
44
13
10
29
51
31
44
98
20
10
59
69
43
# P_bar : m1 | m2 | m3 | m4 | m5
26 20 35 29 26
26 20 15 40 43
47 45 26 33 21
20 14 27 15 16
46 36 18 29 12
30 24 35 50 10
10 19 41 32 46
29 27 44 28 35
27 48 48 30 41
22 49 23 39 13
40 24 13 50 41
48 34 43 37 27
23 33 35 19 32
27 18 29 31 19
32 22 35 29 38
13 18 32 40 40
29 43 37 50 43
17 32 42 47 21
21 12 11 17 35
20 38 20 33 40
# P_hat : m1 | m2 | m3 | m4 | m5
22.10 6.16 23.65 3.34 4.23
5.10 12.27 5.94 35.33 31.58
5.90 40.41 19.66 13.69 4.39
19.27 11.34 12.26 5.81 0.94
4.97 20.99 7.42 19.13 6.63
14.35 17.53 32.72 22.10 5.95
5.86 6.93 10.29 20.74 40.11
15.70 17.31 5.30 1.72 20.19
2.32 22.38 28.06 24.41 14.16
1.25 9.31 22.29 36.68 10.44
4.22 16.84 4.91 32.44 22.15
28.11 18.92 2.67 35.32 2.14
12.52 11.83 11.88 2.88 18.11
6.31 16.40 14.67 14.80 17.25
20.41 0.46 5.67 17.45 15.06
10.66 5.68 21.06 23.27 11.85
1.21 2.45 36.92 20.07 6.17
8.47 24.53 18.97 15.89 3.18
14.48 8.43 3.90 2.16 15.15
5.05 12.59 8.01 12.93 23.83
