# nJobs | nMachines
20 5
# Job Weights
25
51
43
36
39
66
82
16
31
17
6
10
93
8
45
68
24
84
43
6
# P_bar : m1 | m2 | m3 | m4 | m5
50 16 24 37 24
12 34 36 33 38
12 20 40 31 28
16 41 43 34 21
15 19 10 38 37
42 11 27 48 35
28 23 38 23 38
20 13 37 17 11
48 17 16 34 26
22 13 12 40 32
50 16 15 45 23
19 43 39 11 12
44 30 30 21 27
38 26 12 47 34
37 26 37 19 11
23 50 27 23 39
42 31 36 21 50
19 41 30 26 43
16 29 48 43 18
36 17 21 41 15
# P_hat : m1 | m2 | m3 | m4 | m5
3.53 5.38 2.86 9.43 9.01
3.43 3.75 16.35 8.27 2.38
1.11 2.18 9.36 0.78 10.82
2.23 17.92 10.03 0.59 2.49
1.64 2.37 3.80 10.47 12.53
3.84 1.45 2.09 10.52 9.90
11.56 0.01 9.26 9.65 17.65
2.86 5.66 7.95 1.37 2.13
22.25 6.74 4.78 0.42 0.86
10.67 4.08 6.00 8.98 0.31
14.28 6.00 5.77 5.34 9.51
1.36 3.27 7.76 0.27 3.15
8.24 6.87 12.41 7.61 10.47
15.16 4.57 1.02 2.62 3.99
6.80 1.22 0.56 5.78 1.90
1.00 12.15 2.76 3.23 0.59
11.69 14.27 6.13 1.82 24.04
8.03 0.82 7.66 4.94 14.36
6.37 4.23 14.76 17.23 8.40
3.15 1.76 9.56 8.04 1.99
