# nJobs | nMachines
20 5
# Job Weights
55
83
34
72
98
91
52
38
1
64
36
44
66
92
50
35
20
12
53
90
# P_bar : m1 | m2 | m3 | m4 | m5
34 29 14 32 48
26 46 32 16 28
44 39 16 48 13
46 47 32 41 40
27 46 12 36 20
24 44 27 23 41
17 27 23 29 31
41 40 30 43 17
41 38 23 38 49
35 14 24 15 31
21 10 50 39 35
17 12 47 45 37
36 11 44 11 15
46 23 28 34 31
36 39 47 36 11
40 45 11 38 23
11 29 18 26 15
26 29 23 40 25
32 12 42 46 38
39 23 43 39 27
# P_hat : m1 | m2 | m3 | m4 | m5
5.29 0.52 2.98 3.39 3.34
3.74 12.90 1.03 1.14 3.28
0.34 4.11 2.72 11.24 2.32
4.71 1.43 2.46 3.38 5.96
3.08 6.71 3.47 8.88 5.93
2.87 3.39 3.92 2.92 1.68
2.96 2.31 5.56 5.81 6.46
6.56 3.69 4.95 1.23 2.06
7.48 9.15 0.30 7.11 6.29
8.03 2.26 4.56 2.03 6.67
5.12 0.93 14.27 6.86 7.27
3.66 2.20 8.48 2.27 11.00
10.32 2.36 10.81 2.43 0.58
0.25 1.88 7.43 8.80 0.97
2.11 4.84 3.22 2.34 2.39
0.09 1.65 0.70 1.09 3.99
2.14 1.58 3.30 0.18 1.23
7.00 5.93 2.84 7.70 0.60
2.34 0.65 10.58 8.38 0.98
10.85 3.62 11.61 6.40 7.24
