# nJobs | nMachines
20 5
# Job Weights
25
54
99
56
51
31
16
41
65
92
8
6
30
38
73
18
48
56
100
34
# P_bar : m1 | m2 | m3 | m4 | m5
21 23 45 10 13
19 29 11 30 36
42 16 30 10 19
35 29 21 46 25
30 36 21 27 20
31 27 40 37 35
41 12 28 15 32
47 26 27 45 41
21 47 35 12 12
30 35 28 13 23
15 38 34 16 41
19 48 31 30 27
16 44 19 12 21
39 47 19 37 12
25 35 25 29 15
50 17 50 27 20
42 12 45 50 11
19 27 39 14 12
29 23 16 10 28
19 42 32 23 10
# P_hat : m1 | m2 | m3 | m4 | m5
0.33 9.29 21.66 1.84 2.22
6.05 12.99 1.38 9.48 2.04
6.60 2.54 7.46 3.17 8.78
8.90 1.60 3.16 12.32 10.97
13.61 4.10 2.99 1.22 2.58
3.86 5.77 0.74 15.45 11.55
8.41 4.91 8.53 2.41 13.08
17.76 11.19 6.79 4.20 11.38
2.40 0.16 0.90 0.24 3.18
1.15 8.94 3.90 3.84 2.78
2.17 7.93 15.44 5.42 1.91
1.53 5.33 3.71 0.25 12.11
7.44 2.64 1.38 3.07 9.45
15.76 7.93 4.65 4.19 3.80
7.92 16.50 12.32 9.36 2.54
21.79 2.75 6.05 2.35 3.49
16.88 3.11 15.12 17.27 3.99
1.77 9.49 14.85 2.71 5.38
12.94 4.18 1.90 4.68 12.42
5.12 20.41 11.65 1.58 3.90
