# nJobs | nMachines
20 5
# Job Weights
65
24
63
63
28
21
89
91
16
11
22
11
87
40
4
79
27
30
58
57
# P_bar : m1 | m2 | m3 | m4 | m5
16 25 21 16 43
47 15 14 17 35
22 11 37 40 42
50 48 44 27 24
49 44 20 48 13
46 15 20 41 18
14 23 10 14 17
37 14 47 12 41
25 39 35 21 16
29 38 23 28 21
48 43 12 23 12
30 23 31 13 30
48 11 17 18 46
33 31 50 42 35
24 48 37 32 31
14 34 10 50 47
32 17 10 27 16
20 10 13 45 33
30 23 33 46 43
48 23 36 34 30
# P_hat : m1 | m2 | m3 | m4 | m5
8.00 12.50 10.50 8.00 21.50
23.50 7.50 7.00 8.50 17.50
11.00 5.50 18.50 20.00 21.00
25.00 24.00 22.00 13.50 12.00
24.50 22.00 10.00 24.00 6.50
23.00 7.50 10.00 20.50 9.00
7.00 11.50 5.00 7.00 8.50
18.50 7.00 23.50 6.00 20.50
12.50 19.50 17.50 10.50 8.00
14.50 19.00 11.50 14.00 10.50
24.00 21.50 6.00 11.50 6.00
15.00 11.50 15.50 6.50 15.00
24.00 5.50 8.50 9.00 23.00
16.50 15.50 25.00 21.00 17.50
12.00 24.00 18.50 16.00 15.50
7.00 17.00 5.00 25.00 23.50
16.00 8.50 5.00 13.50 8.00
10.00 5.00 6.50 22.50 16.50
15.00 11.50 16.50 23.00 21.50
24.00 11.50 18.00 17.00 15.00
