# nJobs | nMachines
20 5
# Job Weights
25
54
99
56
51
31
16
41
65
92
8
6
30
38
73
18
48
56
100
34
# P_bar : m1 | m2 | m3 | m4 | m5
21 23 45 10 13
19 29 11 30 36
42 16 30 10 19
35 29 21 46 25
30 36 21 27 20
31 27 40 37 35
41 12 28 15 32
47 26 27 45 41
21 47 35 12 12
30 35 28 13 23
15 38 34 16 41
19 48 31 30 27
16 44 19 12 21
39 47 19 37 12
25 35 25 29 15
50 17 50 27 20
42 12 45 50 11
19 27 39 14 12
29 23 16 10 28
19 42 32 23 10
# P_hat : m1 | m2 | m3 | m4 | m5
8.40 9.20 18.00 4.00 5.20
7.60 11.60 4.40 12.00 14.40
16.80 6.40 12.00 4.00 7.60
14.00 11.60 8.40 18.40 10.00
12.00 14.40 8.40 10.80 8.00
12.40 10.80 16.00 14.80 14.00
16.40 4.80 11.20 6.00 12.80
18.80 10.40 10.80 18.00 16.40
8.40 18.80 14.00 4.80 4.80
12.00 14.00 11.20 5.20 9.20
6.00 15.20 13.60 6.40 16.40
7.60 19.20 12.40 12.00 10.80
6.40 17.60 7.60 4.80 8.40
15.60 18.80 7.60 14.80 4.80
10.00 14.00 10.00 11.60 6.00
20.00 6.80 20.00 10.80 8.00
16.80 4.80 18.00 20.00 4.40
7.60 10.80 15.60 5.60 4.80
11.60 9.20 6.40 4.00 11.20
7.60 16.80 12.80 9.20 4.00
