# nJobs | nMachines
20 5
# Job Weights
25
54
99
56
51
31
16
41
65
92
8
6
30
38
73
18
48
56
100
34
# P_bar : m1 | m2 | m3 | m4 | m5
21 23 45 10 13
19 29 11 30 36
42 16 30 10 19
35 29 21 46 25
30 36 21 27 20
31 27 40 37 35
41 12 28 15 32
47 26 27 45 41
21 47 35 12 12
30 35 28 13 23
15 38 34 16 41
19 48 31 30 27
16 44 19 12 21
39 47 19 37 12
25 35 25 29 15
50 17 50 27 20
42 12 45 50 11
19 27 39 14 12
29 23 16 10 28
19 42 32 23 10
# P_hat : m1 | m2 | m3 | m4 | m5
2.36 4.22 1.65 1.17 3.37
5.42 1.21 1.63 2.44 6.73
9.22 1.40 0.31 2.49 1.89
6.29 3.19 5.73 4.92 0.48
1.40 4.93 1.63 2.28 1.87
1.45 6.36 7.95 6.02 3.41
0.71 0.72 2.62 0.63 7.00
12.21 4.01 4.21 10.83 7.84
3.79 8.35 5.74 0.27 3.19
6.37 0.49 1.55 3.85 3.26
0.09 6.93 9.89 3.71 1.47
5.53 2.46 7.21 1.79 5.78
4.00 0.86 5.36 0.02 4.79
2.48 13.38 5.10 9.05 2.02
1.36 10.14 4.48 6.15 3.47
2.75 4.12 13.83 5.90 2.96
3.83 1.10 1.19 11.57 1.73
2.99 0.79 2.29 0.31 1.54
3.76 4.72 0.22 1.08 0.21
1.66 5.55 3.12 0.80 0.32
