# nJobs | nMachines
20 5
# Job Weights
34
92
94
59
51
50
96
91
76
76
99
28
63
23
72
23
42
3
46
90
# P_bar : m1 | m2 | m3 | m4 | m5
40 27 16 43 34
22 19 32 25 41
32 32 13 42 23
24 45 16 23 40
26 12 28 17 38
10 30 44 17 35
36 22 42 28 21
25 42 22 20 42
49 12 49 11 43
32 27 36 23 39
48 42 16 27 15
48 20 30 41 30
35 18 26 29 20
40 39 33 23 35
39 15 15 29 22
40 23 45 39 50
16 47 11 13 42
24 42 44 19 17
36 35 35 32 29
13 23 33 49 11
# P_hat : m1 | m2 | m3 | m4 | m5
34.68 29.61 28.45 68.48 25.05
43.88 2.53 37.04 13.60 35.45
35.78 49.06 16.44 58.16 1.43
15.42 52.53 5.01 12.15 20.77
11.45 18.77 26.54 31.93 2.56
7.01 45.10 63.04 21.64 61.54
26.82 35.33 22.76 18.17 10.22
3.44 43.51 8.90 10.78 46.82
36.22 3.37 30.76 4.20 3.35
29.71 36.24 17.39 31.95 52.01
69.38 52.12 6.88 11.81 9.69
63.05 29.69 25.49 48.81 53.88
49.61 6.12 47.21 15.35 35.52
0.67 15.21 33.47 30.45 22.77
16.98 26.71 5.64 47.27 39.64
52.93 34.50 6.93 60.69 99.62
15.49 85.37 15.32 19.78 69.33
0.26 63.73 33.69 7.13 28.73
57.92 41.80 57.53 5.66 14.44
20.09 30.09 43.53 68.50 12.69
