# nJobs | nMachines
20 5
# Job Weights
34
92
94
59
51
50
96
91
76
76
99
28
63
23
72
23
42
3
46
90
# P_bar : m1 | m2 | m3 | m4 | m5
40 27 16 43 34
22 19 32 25 41
32 32 13 42 23
24 45 16 23 40
26 12 28 17 38
10 30 44 17 35
36 22 42 28 21
25 42 22 20 42
49 12 49 11 43
32 27 36 23 39
48 42 16 27 15
48 20 30 41 30
35 18 26 29 20
40 39 33 23 35
39 15 15 29 22
40 23 45 39 50
16 47 11 13 42
24 42 44 19 17
36 35 35 32 29
13 23 33 49 11
# P_hat : m1 | m2 | m3 | m4 | m5
16.00 10.80 6.40 17.20 13.60
8.80 7.60 12.80 10.00 16.40
12.80 12.80 5.20 16.80 9.20
9.60 18.00 6.40 9.20 16.00
10.40 4.80 11.20 6.80 15.20
4.00 12.00 17.60 6.80 14.00
14.40 8.80 16.80 11.20 8.40
10.00 16.80 8.80 8.00 16.80
19.60 4.80 19.60 4.40 17.20
12.80 10.80 14.40 9.20 15.60
19.20 16.80 6.40 10.80 6.00
19.20 8.00 12.00 16.40 12.00
14.00 7.20 10.40 11.60 8.00
16.00 15.60 13.20 9.20 14.00
15.60 6.00 6.00 11.60 8.80
16.00 9.20 18.00 15.60 20.00
6.40 18.80 4.40 5.20 16.80
9.60 16.80 17.60 7.60 6.80
14.40 14.00 14.00 12.80 11.60
5.20 9.20 13.20 19.60 4.40
