# nJobs | nMachines
20 5
# Job Weights
25
51
43
36
39
66
82
16
31
17
6
10
93
8
45
68
24
84
43
6
# P_bar : m1 | m2 | m3 | m4 | m5
50 16 24 37 24
12 34 36 33 38
12 20 40 31 28
16 41 43 34 21
15 19 10 38 37
42 11 27 48 35
28 23 38 23 38
20 13 37 17 11
48 17 16 34 26
22 13 12 40 32
50 16 15 45 23
19 43 39 11 12
44 30 30 21 27
38 26 12 47 34
37 26 37 19 11
23 50 27 23 39
42 31 36 21 50
19 41 30 26 43
16 29 48 43 18
36 17 21 41 15
# P_hat : m1 | m2 | m3 | m4 | m5
86.26 60.59 72.70 84.94 79.91
18.19 54.43 129.31 51.86 122.46
43.92 62.66 13.46 3.55 25.12
16.07 43.61 67.61 79.32 18.99
50.65 75.27 4.01 1.72 120.96
81.32 1.13 1.79 151.18 130.26
57.58 55.52 100.58 28.19 14.49
24.68 34.29 89.16 2.74 19.80
110.02 46.79 10.43 80.02 35.10
28.62 6.26 11.22 63.63 111.45
7.85 60.07 1.42 175.28 7.68
20.67 31.16 130.25 23.94 10.13
1.12 74.73 116.96 23.12 81.27
148.71 23.16 6.50 133.37 6.98
142.93 31.95 34.26 20.63 21.67
36.35 109.29 93.79 83.19 68.97
122.37 51.73 133.41 31.48 66.88
26.28 26.28 50.36 57.19 67.87
42.95 19.83 9.72 8.70 38.16
115.98 28.43 3.31 69.88 9.68
