# nJobs | nMachines
20 5
# Job Weights
65
24
63
63
28
21
89
91
16
11
22
11
87
40
4
79
27
30
58
57
# P_bar : m1 | m2 | m3 | m4 | m5
16 25 21 16 43
47 15 14 17 35
22 11 37 40 42
50 48 44 27 24
49 44 20 48 13
46 15 20 41 18
14 23 10 14 17
37 14 47 12 41
25 39 35 21 16
29 38 23 28 21
48 43 12 23 12
30 23 31 13 30
48 11 17 18 46
33 31 50 42 35
24 48 37 32 31
14 34 10 50 47
32 17 10 27 16
20 10 13 45 33
30 23 33 46 43
48 23 36 34 30
# P_hat : m1 | m2 | m3 | m4 | m5
0.46 11.11 8.66 6.61 20.70
22.77 7.17 2.43 1.10 5.98
9.72 4.74 12.54 6.70 13.29
23.19 19.43 12.45 10.04 11.18
24.38 14.42 2.67 3.86 0.67
4.00 4.13 8.79 16.77 8.44
2.77 1.00 3.99 5.82 5.85
14.03 2.86 15.47 3.04 1.39
8.70 7.27 14.89 0.07 2.41
2.23 4.94 9.97 4.02 7.44
19.58 15.55 4.25 7.09 0.40
3.37 5.70 12.97 6.38 8.73
5.37 0.45 5.93 5.69 7.96
8.86 3.41 17.00 5.46 10.87
7.12 16.40 11.44 10.14 0.71
4.06 1.29 3.76 13.50 20.48
1.46 7.24 0.79 10.53 7.79
8.77 2.48 5.73 2.41 15.99
3.98 5.53 14.39 17.50 16.12
3.11 6.81 0.53 9.20 1.95
