# nJobs | nMachines
20 5
# Job Weights
4
87
12
92
55
42
16
26
3
69
32
71
52
45
76
15
33
82
3
48
# P_bar : m1 | m2 | m3 | m4 | m5
10 39 12 21 24
34 21 28 19 15
30 20 37 49 25
35 34 22 46 42
42 24 21 44 48
34 39 20 35 42
13 50 26 43 14
11 41 10 24 42
42 29 46 49 30
12 39 14 14 27
34 26 26 17 14
15 19 24 22 14
28 37 43 46 21
24 21 19 26 19
36 36 49 36 44
22 23 40 26 32
10 20 47 39 12
11 22 24 13 39
17 48 18 19 32
14 42 50 37 38
# P_hat : m1 | m2 | m3 | m4 | m5
2.00 7.80 2.40 4.20 4.80
6.80 4.20 5.60 3.80 3.00
6.00 4.00 7.40 9.80 5.00
7.00 6.80 4.40 9.20 8.40
8.40 4.80 4.20 8.80 9.60
6.80 7.80 4.00 7.00 8.40
2.60 10.00 5.20 8.60 2.80
2.20 8.20 2.00 4.80 8.40
8.40 5.80 9.20 9.80 6.00
2.40 7.80 2.80 2.80 5.40
6.80 5.20 5.20 3.40 2.80
3.00 3.80 4.80 4.40 2.80
5.60 7.40 8.60 9.20 4.20
4.80 4.20 3.80 5.20 3.80
7.20 7.20 9.80 7.20 8.80
4.40 4.60 8.00 5.20 6.40
2.00 4.00 9.40 7.80 2.40
2.20 4.40 4.80 2.60 7.80
3.40 9.60 3.60 3.80 6.40
2.80 8.40 10.00 7.40 7.60
