# nJobs | nMachines
20 5
# Job Weights
25
51
43
36
39
66
82
16
31
17
6
10
93
8
45
68
24
84
43
6
# P_bar : m1 | m2 | m3 | m4 | m5
50 16 24 37 24
12 34 36 33 38
12 20 40 31 28
16 41 43 34 21
15 19 10 38 37
42 11 27 48 35
28 23 38 23 38
20 13 37 17 11
48 17 16 34 26
22 13 12 40 32
50 16 15 45 23
19 43 39 11 12
44 30 30 21 27
38 26 12 47 34
37 26 37 19 11
23 50 27 23 39
42 31 36 21 50
19 41 30 26 43
16 29 48 43 18
36 17 21 41 15
# P_hat : m1 | m2 | m3 | m4 | m5
29.64 11.23 25.52 60.29 24.12
22.52 24.65 2.35 40.38 55.59
19.65 32.23 38.05 23.15 53.65
31.47 26.91 35.07 17.36 9.26
7.79 7.94 3.22 8.05 65.58
81.46 1.86 35.45 34.07 65.40
24.15 21.47 73.81 19.01 69.65
13.90 12.54 41.60 22.98 13.98
4.83 28.59 22.87 44.75 32.75
2.32 5.75 1.64 5.61 25.81
69.20 12.19 12.53 35.57 34.61
17.40 69.52 9.08 4.00 12.75
19.93 49.42 36.77 6.59 36.58
46.66 20.00 22.52 77.77 29.14
18.71 23.87 48.97 1.59 16.09
26.57 30.33 4.15 19.28 64.31
30.17 57.82 25.54 7.06 14.64
31.29 9.73 33.04 45.73 71.63
26.26 54.16 38.71 47.91 19.45
34.37 23.25 35.01 18.97 25.34
