# nJobs | nMachines
20 5
# Job Weights
8
58
1
50
55
5
64
17
84
97
85
66
76
7
8
54
27
67
82
43
# P_bar : m1 | m2 | m3 | m4 | m5
13 47 32 10 35
11 12 38 41 27
25 42 15 34 20
28 45 22 46 18
27 23 24 39 37
19 27 50 21 21
19 34 40 28 22
27 49 33 16 49
22 26 40 45 47
16 19 46 44 18
44 20 43 44 24
22 11 20 43 14
47 35 45 21 48
12 32 42 21 47
45 33 20 22 37
27 28 13 30 43
12 14 29 23 19
14 18 15 48 33
11 23 31 14 19
39 20 44 50 23
# P_hat : m1 | m2 | m3 | m4 | m5
6.65 61.16 33.96 7.81 61.27
33.68 34.21 91.44 56.64 25.38
0.00 137.22 17.79 45.64 56.39
46.66 32.69 62.87 180.05 58.83
56.43 34.13 72.86 133.62 80.87
4.15 97.41 20.50 58.90 81.23
73.95 109.71 82.22 81.43 4.55
24.42 193.03 67.17 35.97 98.94
26.77 78.44 59.08 170.48 135.07
19.45 29.88 171.66 87.34 62.11
40.55 47.25 142.33 66.97 17.21
0.13 29.08 55.78 28.04 44.80
137.12 10.98 128.58 66.04 106.12
46.41 69.70 77.57 61.69 74.55
40.37 93.63 73.68 33.82 19.49
71.61 18.74 36.12 3.02 148.83
35.61 43.72 84.56 77.19 11.95
47.51 42.03 51.70 2.19 40.89
18.60 87.60 33.98 39.41 22.04
47.26 3.39 142.04 194.05 80.17
