# nJobs | nMachines
20 5
# Job Weights
25
54
99
56
51
31
16
41
65
92
8
6
30
38
73
18
48
56
100
34
# P_bar : m1 | m2 | m3 | m4 | m5
21 23 45 10 13
19 29 11 30 36
42 16 30 10 19
35 29 21 46 25
30 36 21 27 20
31 27 40 37 35
41 12 28 15 32
47 26 27 45 41
21 47 35 12 12
30 35 28 13 23
15 38 34 16 41
19 48 31 30 27
16 44 19 12 21
39 47 19 37 12
25 35 25 29 15
50 17 50 27 20
42 12 45 50 11
19 27 39 14 12
29 23 16 10 28
19 42 32 23 10
# P_hat : m1 | m2 | m3 | m4 | m5
2.10 2.30 4.50 1.00 1.30
1.90 2.90 1.10 3.00 3.60
4.20 1.60 3.00 1.00 1.90
3.50 2.90 2.10 4.60 2.50
3.00 3.60 2.10 2.70 2.00
3.10 2.70 4.00 3.70 3.50
4.10 1.20 2.80 1.50 3.20
4.70 2.60 2.70 4.50 4.10
2.10 4.70 3.50 1.20 1.20
3.00 3.50 2.80 1.30 2.30
1.50 3.80 3.40 1.60 4.10
1.90 4.80 3.10 3.00 2.70
1.60 4.40 1.90 1.20 2.10
3.90 4.70 1.90 3.70 1.20
2.50 3.50 2.50 2.90 1.50
5.00 1.70 5.00 2.70 2.00
4.20 1.20 4.50 5.00 1.10
1.90 2.70 3.90 1.40 1.20
2.90 2.30 1.60 1.00 2.80
1.90 4.20 3.20 2.30 1.00
