# nJobs | nMachines
20 5
# Job Weights
34
92
94
59
51
50
96
91
76
76
99
28
63
23
72
23
42
3
46
90
# P_bar : m1 | m2 | m3 | m4 | m5
40 27 16 43 34
22 19 32 25 41
32 32 13 42 23
24 45 16 23 40
26 12 28 17 38
10 30 44 17 35
36 22 42 28 21
25 42 22 20 42
49 12 49 11 43
32 27 36 23 39
48 42 16 27 15
48 20 30 41 30
35 18 26 29 20
40 39 33 23 35
39 15 15 29 22
40 23 45 39 50
16 47 11 13 42
24 42 44 19 17
36 35 35 32 29
13 23 33 49 11
# P_hat : m1 | m2 | m3 | m4 | m5
8.00 5.40 3.20 8.60 6.80
4.40 3.80 6.40 5.00 8.20
6.40 6.40 2.60 8.40 4.60
4.80 9.00 3.20 4.60 8.00
5.20 2.40 5.60 3.40 7.60
2.00 6.00 8.80 3.40 7.00
7.20 4.40 8.40 5.60 4.20
5.00 8.40 4.40 4.00 8.40
9.80 2.40 9.80 2.20 8.60
6.40 5.40 7.20 4.60 7.80
9.60 8.40 3.20 5.40 3.00
9.60 4.00 6.00 8.20 6.00
7.00 3.60 5.20 5.80 4.00
8.00 7.80 6.60 4.60 7.00
7.80 3.00 3.00 5.80 4.40
8.00 4.60 9.00 7.80 10.00
3.20 9.40 2.20 2.60 8.40
4.80 8.40 8.80 3.80 3.40
7.20 7.00 7.00 6.40 5.80
2.60 4.60 6.60 9.80 2.20
