# nJobs | nMachines
20 5
# Job Weights
65
24
63
63
28
21
89
91
16
11
22
11
87
40
4
79
27
30
58
57
# P_bar : m1 | m2 | m3 | m4 | m5
16 25 21 16 43
47 15 14 17 35
22 11 37 40 42
50 48 44 27 24
49 44 20 48 13
46 15 20 41 18
14 23 10 14 17
37 14 47 12 41
25 39 35 21 16
29 38 23 28 21
48 43 12 23 12
30 23 31 13 30
48 11 17 18 46
33 31 50 42 35
24 48 37 32 31
14 34 10 50 47
32 17 10 27 16
20 10 13 45 33
30 23 33 46 43
48 23 36 34 30
# P_hat : m1 | m2 | m3 | m4 | m5
4.80 7.50 6.30 4.80 12.90
14.10 4.50 4.20 5.10 10.50
6.60 3.30 11.10 12.00 12.60
15.00 14.40 13.20 8.10 7.20
14.70 13.20 6.00 14.40 3.90
13.80 4.50 6.00 12.30 5.40
4.20 6.90 3.00 4.20 5.10
11.10 4.20 14.10 3.60 12.30
7.50 11.70 10.50 6.30 4.80
8.70 11.40 6.90 8.40 6.30
14.40 12.90 3.60 6.90 3.60
9.00 6.90 9.30 3.90 9.00
14.40 3.30 5.10 5.40 13.80
9.90 9.30 15.00 12.60 10.50
7.20 14.40 11.10 9.60 9.30
4.20 10.20 3.00 15.00 14.10
9.60 5.10 3.00 8.10 4.80
6.00 3.00 3.90 13.50 9.90
9.00 6.90 9.90 13.80 12.90
14.40 6.90 10.80 10.20 9.00
