# nJobs | nMachines
20 5
# Job Weights
4
87
12
92
55
42
16
26
3
69
32
71
52
45
76
15
33
82
3
48
# P_bar : m1 | m2 | m3 | m4 | m5
10 39 12 21 24
34 21 28 19 15
30 20 37 49 25
35 34 22 46 42
42 24 21 44 48
34 39 20 35 42
13 50 26 43 14
11 41 10 24 42
42 29 46 49 30
12 39 14 14 27
34 26 26 17 14
15 19 24 22 14
28 37 43 46 21
24 21 19 26 19
36 36 49 36 44
22 23 40 26 32
10 20 47 39 12
11 22 24 13 39
17 48 18 19 32
14 42 50 37 38
# P_hat : m1 | m2 | m3 | m4 | m5
5.33 36.60 5.55 3.19 16.65
1.76 3.81 8.44 5.92 8.14
10.10 1.33 27.66 12.18 6.29
4.70 25.20 11.06 34.22 14.52
2.66 13.79 4.88 1.48 8.72
33.66 32.83 17.99 19.95 38.15
4.19 6.99 9.98 32.79 8.17
8.91 32.61 5.44 21.04 16.84
10.69 5.85 41.70 16.76 13.86
8.18 6.38 8.74 11.50 25.58
25.85 4.27 3.04 1.88 2.15
8.93 15.48 22.56 18.62 8.21
13.20 24.61 26.99 5.86 10.62
9.88 10.98 6.36 10.33 11.62
12.56 12.92 6.82 28.70 0.80
20.45 20.18 31.76 3.90 27.91
8.31 7.85 29.14 8.94 11.19
10.62 17.97 12.80 9.39 22.04
2.11 21.08 16.09 13.68 22.29
10.23 15.83 39.43 23.72 35.05
