# nJobs | nMachines
20 5
# Job Weights
8
58
1
50
55
5
64
17
84
97
85
66
76
7
8
54
27
67
82
43
# P_bar : m1 | m2 | m3 | m4 | m5
13 47 32 10 35
11 12 38 41 27
25 42 15 34 20
28 45 22 46 18
27 23 24 39 37
19 27 50 21 21
19 34 40 28 22
27 49 33 16 49
22 26 40 45 47
16 19 46 44 18
44 20 43 44 24
22 11 20 43 14
47 35 45 21 48
12 32 42 21 47
45 33 20 22 37
27 28 13 30 43
12 14 29 23 19
14 18 15 48 33
11 23 31 14 19
39 20 44 50 23
# P_hat : m1 | m2 | m3 | m4 | m5
2.60 9.40 6.40 2.00 7.00
2.20 2.40 7.60 8.20 5.40
5.00 8.40 3.00 6.80 4.00
5.60 9.00 4.40 9.20 3.60
5.40 4.60 4.80 7.80 7.40
3.80 5.40 10.00 4.20 4.20
3.80 6.80 8.00 5.60 4.40
5.40 9.80 6.60 3.20 9.80
4.40 5.20 8.00 9.00 9.40
3.20 3.80 9.20 8.80 3.60
8.80 4.00 8.60 8.80 4.80
4.40 2.20 4.00 8.60 2.80
9.40 7.00 9.00 4.20 9.60
2.40 6.40 8.40 4.20 9.40
9.00 6.60 4.00 4.40 7.40
5.40 5.60 2.60 6.00 8.60
2.40 2.80 5.80 4.60 3.80
2.80 3.60 3.00 9.60 6.60
2.20 4.60 6.20 2.80 3.80
7.80 4.00 8.80 10.00 4.60
