# nJobs | nMachines
20 5
# Job Weights
35
25
91
82
40
86
22
44
13
10
29
51
31
44
98
20
10
59
69
43
# P_bar : m1 | m2 | m3 | m4 | m5
26 20 35 29 26
26 20 15 40 43
47 45 26 33 21
20 14 27 15 16
46 36 18 29 12
30 24 35 50 10
10 19 41 32 46
29 27 44 28 35
27 48 48 30 41
22 49 23 39 13
40 24 13 50 41
48 34 43 37 27
23 33 35 19 32
27 18 29 31 19
32 22 35 29 38
13 18 32 40 40
29 43 37 50 43
17 32 42 47 21
21 12 11 17 35
20 38 20 33 40
# P_hat : m1 | m2 | m3 | m4 | m5
2.60 2.00 3.50 2.90 2.60
2.60 2.00 1.50 4.00 4.30
4.70 4.50 2.60 3.30 2.10
2.00 1.40 2.70 1.50 1.60
4.60 3.60 1.80 2.90 1.20
3.00 2.40 3.50 5.00 1.00
1.00 1.90 4.10 3.20 4.60
2.90 2.70 4.40 2.80 3.50
2.70 4.80 4.80 3.00 4.10
2.20 4.90 2.30 3.90 1.30
4.00 2.40 1.30 5.00 4.10
4.80 3.40 4.30 3.70 2.70
2.30 3.30 3.50 1.90 3.20
2.70 1.80 2.90 3.10 1.90
3.20 2.20 3.50 2.90 3.80
1.30 1.80 3.20 4.00 4.00
2.90 4.30 3.70 5.00 4.30
1.70 3.20 4.20 4.70 2.10
2.10 1.20 1.10 1.70 3.50
2.00 3.80 2.00 3.30 4.00
