# nJobs | nMachines
20 5
# Job Weights
35
25
91
82
40
86
22
44
13
10
29
51
31
44
98
20
10
59
69
43
# P_bar : m1 | m2 | m3 | m4 | m5
26 20 35 29 26
26 20 15 40 43
47 45 26 33 21
20 14 27 15 16
46 36 18 29 12
30 24 35 50 10
10 19 41 32 46
29 27 44 28 35
27 48 48 30 41
22 49 23 39 13
40 24 13 50 41
48 34 43 37 27
23 33 35 19 32
27 18 29 31 19
32 22 35 29 38
13 18 32 40 40
29 43 37 50 43
17 32 42 47 21
21 12 11 17 35
20 38 20 33 40
# P_hat : m1 | m2 | m3 | m4 | m5
12.82 7.87 122.40 46.72 16.79
53.93 76.54 49.84 83.14 81.14
46.22 107.88 23.36 131.54 46.49
28.65 40.80 43.13 8.11 36.50
182.07 45.41 29.50 78.35 10.09
82.12 37.74 136.95 79.20 29.69
37.96 18.01 29.67 17.03 4.64
16.54 10.47 140.65 17.78 49.68
41.27 34.37 64.17 113.91 127.95
48.82 156.31 67.24 137.22 29.32
12.28 65.04 21.84 181.41 42.83
0.80 74.38 99.48 146.75 75.05
61.68 62.71 116.57 15.83 72.63
69.32 66.42 93.28 44.07 60.51
52.58 6.40 121.30 77.63 111.72
25.46 20.20 7.63 77.41 97.62
48.19 60.19 102.42 83.68 83.97
1.63 100.15 23.52 67.27 11.19
28.17 47.64 18.30 40.38 36.59
14.17 36.58 43.89 75.98 67.06
