# nJobs | nMachines
20 5
# Job Weights
8
58
1
50
55
5
64
17
84
97
85
66
76
7
8
54
27
67
82
43
# P_bar : m1 | m2 | m3 | m4 | m5
13 47 32 10 35
11 12 38 41 27
25 42 15 34 20
28 45 22 46 18
27 23 24 39 37
19 27 50 21 21
19 34 40 28 22
27 49 33 16 49
22 26 40 45 47
16 19 46 44 18
44 20 43 44 24
22 11 20 43 14
47 35 45 21 48
12 32 42 21 47
45 33 20 22 37
27 28 13 30 43
12 14 29 23 19
14 18 15 48 33
11 23 31 14 19
39 20 44 50 23
# P_hat : m1 | m2 | m3 | m4 | m5
1.30 4.70 3.20 1.00 3.50
1.10 1.20 3.80 4.10 2.70
2.50 4.20 1.50 3.40 2.00
2.80 4.50 2.20 4.60 1.80
2.70 2.30 2.40 3.90 3.70
1.90 2.70 5.00 2.10 2.10
1.90 3.40 4.00 2.80 2.20
2.70 4.90 3.30 1.60 4.90
2.20 2.60 4.00 4.50 4.70
1.60 1.90 4.60 4.40 1.80
4.40 2.00 4.30 4.40 2.40
2.20 1.10 2.00 4.30 1.40
4.70 3.50 4.50 2.10 4.80
1.20 3.20 4.20 2.10 4.70
4.50 3.30 2.00 2.20 3.70
2.70 2.80 1.30 3.00 4.30
1.20 1.40 2.90 2.30 1.90
1.40 1.80 1.50 4.80 3.30
1.10 2.30 3.10 1.40 1.90
3.90 2.00 4.40 5.00 2.30
