# nJobs | nMachines
20 5
# Job Weights
25
51
43
36
39
66
82
16
31
17
6
10
93
8
45
68
24
84
43
6
# P_bar : m1 | m2 | m3 | m4 | m5
50 16 24 37 24
12 34 36 33 38
12 20 40 31 28
16 41 43 34 21
15 19 10 38 37
42 11 27 48 35
28 23 38 23 38
20 13 37 17 11
48 17 16 34 26
22 13 12 40 32
50 16 15 45 23
19 43 39 11 12
44 30 30 21 27
38 26 12 47 34
37 26 37 19 11
23 50 27 23 39
42 31 36 21 50
19 41 30 26 43
16 29 48 43 18
36 17 21 41 15
# P_hat : m1 | m2 | m3 | m4 | m5
4.30 1.10 1.52 3.40 3.48
2.89 4.78 8.74 8.14 9.56
3.59 1.61 1.76 0.53 3.04
0.14 1.24 4.42 4.27 5.42
4.04 0.95 2.59 5.23 4.52
7.85 0.49 1.25 10.44 3.45
8.18 6.71 0.94 3.96 5.18
2.79 2.96 5.38 3.40 2.52
12.20 4.94 1.45 7.93 0.98
0.41 1.71 2.03 10.35 1.89
5.03 1.34 3.62 4.24 6.56
0.38 10.30 1.60 1.78 0.63
12.87 2.94 5.23 5.29 4.60
9.31 2.34 1.82 13.95 5.91
9.46 1.81 1.60 5.07 1.62
6.47 1.95 5.05 2.56 7.54
1.07 2.39 2.96 1.23 3.45
2.20 4.37 4.39 3.82 7.13
0.34 5.86 1.18 9.57 2.01
2.28 0.32 2.90 6.06 2.98
