# nJobs | nMachines
20 5
# Job Weights
25
51
43
36
39
66
82
16
31
17
6
10
93
8
45
68
24
84
43
6
# P_bar : m1 | m2 | m3 | m4 | m5
50 16 24 37 24
12 34 36 33 38
12 20 40 31 28
16 41 43 34 21
15 19 10 38 37
42 11 27 48 35
28 23 38 23 38
20 13 37 17 11
48 17 16 34 26
22 13 12 40 32
50 16 15 45 23
19 43 39 11 12
44 30 30 21 27
38 26 12 47 34
37 26 37 19 11
23 50 27 23 39
42 31 36 21 50
19 41 30 26 43
16 29 48 43 18
36 17 21 41 15
# P_hat : m1 | m2 | m3 | m4 | m5
20.00 6.40 9.60 14.80 9.60
4.80 13.60 14.40 13.20 15.20
4.80 8.00 16.00 12.40 11.20
6.40 16.40 17.20 13.60 8.40
6.00 7.60 4.00 15.20 14.80
16.80 4.40 10.80 19.20 14.00
11.20 9.20 15.20 9.20 15.20
8.00 5.20 14.80 6.80 4.40
19.20 6.80 6.40 13.60 10.40
8.80 5.20 4.80 16.00 12.80
20.00 6.40 6.00 18.00 9.20
7.60 17.20 15.60 4.40 4.80
17.60 12.00 12.00 8.40 10.80
15.20 10.40 4.80 18.80 13.60
14.80 10.40 14.80 7.60 4.40
9.20 20.00 10.80 9.20 15.60
16.80 12.40 14.40 8.40 20.00
7.60 16.40 12.00 10.40 17.20
6.40 11.60 19.20 17.20 7.20
14.40 6.80 8.40 16.40 6.00
