# nJobs | nMachines
20 5
# Job Weights
93
97
33
32
58
72
89
19
68
69
9
80
4
88
88
68
94
37
41
12
# P_bar : m1 | m2 | m3 | m4 | m5
13 46 14 24 25
46 45 32 36 49
13 34 41 42 31
35 14 13 36 24
13 42 17 18 28
24 36 18 30 41
12 47 31 12 30
31 12 19 25 20
10 28 50 20 13
13 42 11 20 32
39 33 45 47 10
34 12 36 21 31
20 45 27 26 31
11 42 26 36 19
45 31 47 32 48
10 37 44 27 28
27 42 49 20 44
50 41 20 31 42
18 10 46 23 22
43 20 35 16 10
# P_hat : m1 | m2 | m3 | m4 | m5
3.25 15.87 10.06 11.60 1.70
3.37 2.46 3.54 35.53 9.17
8.62 6.94 1.46 31.69 17.22
20.84 5.86 12.93 8.95 6.99
5.40 9.22 3.96 9.69 11.69
10.13 0.01 0.97 29.76 15.45
9.42 43.01 5.89 10.29 26.28
6.07 10.13 0.74 2.43 18.11
8.20 20.78 19.59 14.13 6.41
8.43 7.05 8.83 6.91 10.56
16.34 3.97 15.36 0.33 1.07
15.57 0.81 15.99 8.47 29.56
5.13 32.58 18.24 6.10 1.87
8.27 39.01 13.23 29.48 5.66
23.08 13.35 40.49 10.79 14.31
3.21 4.41 38.11 22.34 8.97
16.09 21.52 0.49 0.01 7.23
49.79 14.30 15.56 9.54 32.89
7.83 3.75 21.19 5.55 2.69
39.59 12.43 34.61 3.74 6.35
