# nJobs | nMachines
20 5
# Job Weights
65
24
63
63
28
21
89
91
16
11
22
11
87
40
4
79
27
30
58
57
# P_bar : m1 | m2 | m3 | m4 | m5
16 25 21 16 43
47 15 14 17 35
22 11 37 40 42
50 48 44 27 24
49 44 20 48 13
46 15 20 41 18
14 23 10 14 17
37 14 47 12 41
25 39 35 21 16
29 38 23 28 21
48 43 12 23 12
30 23 31 13 30
48 11 17 18 46
33 31 50 42 35
24 48 37 32 31
14 34 10 50 47
32 17 10 27 16
20 10 13 45 33
30 23 33 46 43
48 23 36 34 30
# P_hat : m1 | m2 | m3 | m4 | m5
3.20 5.00 4.20 3.20 8.60
9.40 3.00 2.80 3.40 7.00
4.40 2.20 7.40 8.00 8.40
10.00 9.60 8.80 5.40 4.80
9.80 8.80 4.00 9.60 2.60
9.20 3.00 4.00 8.20 3.60
2.80 4.60 2.00 2.80 3.40
7.40 2.80 9.40 2.40 8.20
5.00 7.80 7.00 4.20 3.20
5.80 7.60 4.60 5.60 4.20
9.60 8.60 2.40 4.60 2.40
6.00 4.60 6.20 2.60 6.00
9.60 2.20 3.40 3.60 9.20
6.60 6.20 10.00 8.40 7.00
4.80 9.60 7.40 6.40 6.20
2.80 6.80 2.00 10.00 9.40
6.40 3.40 2.00 5.40 3.20
4.00 2.00 2.60 9.00 6.60
6.00 4.60 6.60 9.20 8.60
9.60 4.60 7.20 6.80 6.00
