# nJobs | nMachines
20 5
# Job Weights
93
97
33
32
58
72
89
19
68
69
9
80
4
88
88
68
94
37
41
12
# P_bar : m1 | m2 | m3 | m4 | m5
13 46 14 24 25
46 45 32 36 49
13 34 41 42 31
35 14 13 36 24
13 42 17 18 28
24 36 18 30 41
12 47 31 12 30
31 12 19 25 20
10 28 50 20 13
13 42 11 20 32
39 33 45 47 10
34 12 36 21 31
20 45 27 26 31
11 42 26 36 19
45 31 47 32 48
10 37 44 27 28
27 42 49 20 44
50 41 20 31 42
18 10 46 23 22
43 20 35 16 10
# P_hat : m1 | m2 | m3 | m4 | m5
0.31 175.18 19.14 52.39 97.73
89.03 132.83 55.51 29.39 47.50
6.41 81.25 139.15 49.04 82.25
43.08 49.33 18.89 107.80 80.55
48.16 8.33 53.99 34.75 61.67
15.52 37.02 67.75 25.92 25.12
46.36 87.43 77.28 46.43 87.37
25.52 10.89 56.36 71.51 48.02
29.66 83.32 161.02 76.57 38.03
28.43 154.43 37.18 34.17 98.53
137.98 55.94 71.11 89.32 39.02
75.34 16.42 7.38 75.43 71.12
42.76 173.08 43.40 54.61 42.36
8.60 74.74 70.07 101.85 49.28
29.92 60.64 84.67 32.28 13.14
36.66 52.04 131.82 48.25 100.51
35.41 152.80 69.97 9.88 21.01
74.42 93.31 50.78 25.54 55.08
54.71 30.49 34.30 0.09 71.79
58.28 64.94 104.91 2.51 23.89
