# nJobs | nMachines
20 5
# Job Weights
93
97
33
32
58
72
89
19
68
69
9
80
4
88
88
68
94
37
41
12
# P_bar : m1 | m2 | m3 | m4 | m5
13 46 14 24 25
46 45 32 36 49
13 34 41 42 31
35 14 13 36 24
13 42 17 18 28
24 36 18 30 41
12 47 31 12 30
31 12 19 25 20
10 28 50 20 13
13 42 11 20 32
39 33 45 47 10
34 12 36 21 31
20 45 27 26 31
11 42 26 36 19
45 31 47 32 48
10 37 44 27 28
27 42 49 20 44
50 41 20 31 42
18 10 46 23 22
43 20 35 16 10
# P_hat : m1 | m2 | m3 | m4 | m5
1.29 19.72 6.62 6.13 3.38
18.02 17.20 5.01 10.88 6.10
5.91 2.49 17.60 9.68 14.60
6.48 4.83 0.86 14.92 3.58
4.88 19.85 5.99 7.47 10.86
10.76 12.29 6.68 10.64 8.06
5.08 7.79 10.50 0.63 2.09
2.83 3.00 2.40 10.49 0.11
4.78 9.04 21.83 6.71 3.54
2.45 10.72 0.93 6.97 15.61
6.62 1.98 1.21 8.53 1.85
1.06 1.87 12.91 9.23 5.54
4.86 18.05 6.42 9.43 5.33
0.60 18.09 11.04 2.03 4.95
5.59 2.13 9.01 6.52 10.58
1.58 17.62 3.70 11.97 12.32
10.92 6.91 20.49 0.47 11.12
21.89 13.58 5.49 14.90 10.66
2.72 3.76 4.35 7.81 1.52
18.46 8.12 12.61 5.05 4.91
