# nJobs | nMachines
20 5
# Job Weights
35
25
91
82
40
86
22
44
13
10
29
51
31
44
98
20
10
59
69
43
# P_bar : m1 | m2 | m3 | m4 | m5
26 20 35 29 26
26 20 15 40 43
47 45 26 33 21
20 14 27 15 16
46 36 18 29 12
30 24 35 50 10
10 19 41 32 46
29 27 44 28 35
27 48 48 30 41
22 49 23 39 13
40 24 13 50 41
48 34 43 37 27
23 33 35 19 32
27 18 29 31 19
32 22 35 29 38
13 18 32 40 40
29 43 37 50 43
17 32 42 47 21
21 12 11 17 35
20 38 20 33 40
# P_hat : m1 | m2 | m3 | m4 | m5
7.80 6.00 10.50 8.70 7.80
7.80 6.00 4.50 12.00 12.90
14.10 13.50 7.80 9.90 6.30
6.00 4.20 8.10 4.50 4.80
13.80 10.80 5.40 8.70 3.60
9.00 7.20 10.50 15.00 3.00
3.00 5.70 12.30 9.60 13.80
8.70 8.10 13.20 8.40 10.50
8.10 14.40 14.40 9.00 12.30
6.60 14.70 6.90 11.70 3.90
12.00 7.20 3.90 15.00 12.30
14.40 10.20 12.90 11.10 8.10
6.90 9.90 10.50 5.70 9.60
8.10 5.40 8.70 9.30 5.70
9.60 6.60 10.50 8.70 11.40
3.90 5.40 9.60 12.00 12.00
8.70 12.90 11.10 15.00 12.90
5.10 9.60 12.60 14.10 6.30
6.30 3.60 3.30 5.10 10.50
6.00 11.40 6.00 9.90 12.00
