# nJobs | nMachines
20 5
# Job Weights
25
51
43
36
39
66
82
16
31
17
6
10
93
8
45
68
24
84
43
6
# P_bar : m1 | m2 | m3 | m4 | m5
50 16 24 37 24
12 34 36 33 38
12 20 40 31 28
16 41 43 34 21
15 19 10 38 37
42 11 27 48 35
28 23 38 23 38
20 13 37 17 11
48 17 16 34 26
22 13 12 40 32
50 16 15 45 23
19 43 39 11 12
44 30 30 21 27
38 26 12 47 34
37 26 37 19 11
23 50 27 23 39
42 31 36 21 50
19 41 30 26 43
16 29 48 43 18
36 17 21 41 15
# P_hat : m1 | m2 | m3 | m4 | m5
5.00 1.60 2.40 3.70 2.40
1.20 3.40 3.60 3.30 3.80
1.20 2.00 4.00 3.10 2.80
1.60 4.10 4.30 3.40 2.10
1.50 1.90 1.00 3.80 3.70
4.20 1.10 2.70 4.80 3.50
2.80 2.30 3.80 2.30 3.80
2.00 1.30 3.70 1.70 1.10
4.80 1.70 1.60 3.40 2.60
2.20 1.30 1.20 4.00 3.20
5.00 1.60 1.50 4.50 2.30
1.90 4.30 3.90 1.10 1.20
4.40 3.00 3.00 2.10 2.70
3.80 2.60 1.20 4.70 3.40
3.70 2.60 3.70 1.90 1.10
2.30 5.00 2.70 2.30 3.90
4.20 3.10 3.60 2.10 5.00
1.90 4.10 3.00 2.60 4.30
1.60 2.90 4.80 4.30 1.80
3.60 1.70 2.10 4.10 1.50
