# nJobs | nMachines
20 5
# Job Weights
35
25
91
82
40
86
22
44
13
10
29
51
31
44
98
20
10
59
69
43
# P_bar : m1 | m2 | m3 | m4 | m5
26 20 35 29 26
26 20 15 40 43
47 45 26 33 21
20 14 27 15 16
46 36 18 29 12
30 24 35 50 10
10 19 41 32 46
29 27 44 28 35
27 48 48 30 41
22 49 23 39 13
40 24 13 50 41
48 34 43 37 27
23 33 35 19 32
27 18 29 31 19
32 22 35 29 38
13 18 32 40 40
29 43 37 50 43
17 32 42 47 21
21 12 11 17 35
20 38 20 33 40
# P_hat : m1 | m2 | m3 | m4 | m5
13.00 10.00 17.50 14.50 13.00
13.00 10.00 7.50 20.00 21.50
23.50 22.50 13.00 16.50 10.50
10.00 7.00 13.50 7.50 8.00
23.00 18.00 9.00 14.50 6.00
15.00 12.00 17.50 25.00 5.00
5.00 9.50 20.50 16.00 23.00
14.50 13.50 22.00 14.00 17.50
13.50 24.00 24.00 15.00 20.50
11.00 24.50 11.50 19.50 6.50
20.00 12.00 6.50 25.00 20.50
24.00 17.00 21.50 18.50 13.50
11.50 16.50 17.50 9.50 16.00
13.50 9.00 14.50 15.50 9.50
16.00 11.00 17.50 14.50 19.00
6.50 9.00 16.00 20.00 20.00
14.50 21.50 18.50 25.00 21.50
8.50 16.00 21.00 23.50 10.50
10.50 6.00 5.50 8.50 17.50
10.00 19.00 10.00 16.50 20.00
