# nJobs | nMachines
20 5
# Job Weights
83
23
64
77
23
80
52
4
6
15
10
43
52
4
95
99
20
38
5
14
# P_bar : m1 | m2 | m3 | m4 | m5
19 20 25 40 39
27 18 13 45 41
21 40 45 34 38
42 21 32 47 29
15 46 24 34 18
29 42 18 11 10
50 24 23 17 22
40 45 31 48 16
29 42 50 13 47
17 44 46 49 39
47 27 38 23 12
19 38 48 48 29
30 40 21 19 30
30 39 17 23 23
12 43 34 47 15
23 34 16 49 45
47 34 49 13 46
44 43 25 14 11
15 23 40 44 33
50 24 26 39 23
# P_hat : m1 | m2 | m3 | m4 | m5
5.70 6.00 7.50 12.00 11.70
8.10 5.40 3.90 13.50 12.30
6.30 12.00 13.50 10.20 11.40
12.60 6.30 9.60 14.10 8.70
4.50 13.80 7.20 10.20 5.40
8.70 12.60 5.40 3.30 3.00
15.00 7.20 6.90 5.10 6.60
12.00 13.50 9.30 14.40 4.80
8.70 12.60 15.00 3.90 14.10
5.10 13.20 13.80 14.70 11.70
14.10 8.10 11.40 6.90 3.60
5.70 11.40 14.40 14.40 8.70
9.00 12.00 6.30 5.70 9.00
9.00 11.70 5.10 6.90 6.90
3.60 12.90 10.20 14.10 4.50
6.90 10.20 4.80 14.70 13.50
14.10 10.20 14.70 3.90 13.80
13.20 12.90 7.50 4.20 3.30
4.50 6.90 12.00 13.20 9.90
15.00 7.20 7.80 11.70 6.90
