# nJobs | nMachines
20 5
# Job Weights
55
83
34
72
98
91
52
38
1
64
36
44
66
92
50
35
20
12
53
90
# P_bar : m1 | m2 | m3 | m4 | m5
34 29 14 32 48
26 46 32 16 28
44 39 16 48 13
46 47 32 41 40
27 46 12 36 20
24 44 27 23 41
17 27 23 29 31
41 40 30 43 17
41 38 23 38 49
35 14 24 15 31
21 10 50 39 35
17 12 47 45 37
36 11 44 11 15
46 23 28 34 31
36 39 47 36 11
40 45 11 38 23
11 29 18 26 15
26 29 23 40 25
32 12 42 46 38
39 23 43 39 27
# P_hat : m1 | m2 | m3 | m4 | m5
32.84 4.13 11.59 14.54 1.84
11.24 5.58 23.48 13.51 25.25
13.72 11.83 12.31 4.71 6.00
23.28 4.75 0.35 20.02 25.49
11.87 31.84 4.99 5.40 13.19
2.54 2.74 13.00 7.47 36.70
10.89 13.75 0.44 21.38 19.74
8.86 39.87 7.79 20.47 10.44
25.40 30.93 17.49 14.28 3.27
22.76 8.61 3.29 5.92 16.07
3.19 3.06 26.77 17.92 5.26
1.04 7.49 10.11 35.33 27.29
28.11 5.80 0.53 9.81 7.68
21.15 9.80 6.75 32.48 21.09
2.09 5.10 45.87 28.33 0.46
39.79 39.90 8.82 11.99 1.95
0.64 13.04 17.27 17.89 10.74
18.07 5.64 11.22 17.50 1.80
31.48 4.41 4.61 11.71 2.71
9.33 9.52 23.56 32.79 0.33
