# nJobs | nMachines
20 5
# Job Weights
4
87
12
92
55
42
16
26
3
69
32
71
52
45
76
15
33
82
3
48
# P_bar : m1 | m2 | m3 | m4 | m5
10 39 12 21 24
34 21 28 19 15
30 20 37 49 25
35 34 22 46 42
42 24 21 44 48
34 39 20 35 42
13 50 26 43 14
11 41 10 24 42
42 29 46 49 30
12 39 14 14 27
34 26 26 17 14
15 19 24 22 14
28 37 43 46 21
24 21 19 26 19
36 36 49 36 44
22 23 40 26 32
10 20 47 39 12
11 22 24 13 39
17 48 18 19 32
14 42 50 37 38
# P_hat : m1 | m2 | m3 | m4 | m5
3.00 11.70 3.60 6.30 7.20
10.20 6.30 8.40 5.70 4.50
9.00 6.00 11.10 14.70 7.50
10.50 10.20 6.60 13.80 12.60
12.60 7.20 6.30 13.20 14.40
10.20 11.70 6.00 10.50 12.60
3.90 15.00 7.80 12.90 4.20
3.30 12.30 3.00 7.20 12.60
12.60 8.70 13.80 14.70 9.00
3.60 11.70 4.20 4.20 8.10
10.20 7.80 7.80 5.10 4.20
4.50 5.70 7.20 6.60 4.20
8.40 11.10 12.90 13.80 6.30
7.20 6.30 5.70 7.80 5.70
10.80 10.80 14.70 10.80 13.20
6.60 6.90 12.00 7.80 9.60
3.00 6.00 14.10 11.70 3.60
3.30 6.60 7.20 3.90 11.70
5.10 14.40 5.40 5.70 9.60
4.20 12.60 15.00 11.10 11.40
