# nJobs | nMachines
20 5
# Job Weights
4
87
12
92
55
42
16
26
3
69
32
71
52
45
76
15
33
82
3
48
# P_bar : m1 | m2 | m3 | m4 | m5
10 39 12 21 24
34 21 28 19 15
30 20 37 49 25
35 34 22 46 42
42 24 21 44 48
34 39 20 35 42
13 50 26 43 14
11 41 10 24 42
42 29 46 49 30
12 39 14 14 27
34 26 26 17 14
15 19 24 22 14
28 37 43 46 21
24 21 19 26 19
36 36 49 36 44
22 23 40 26 32
10 20 47 39 12
11 22 24 13 39
17 48 18 19 32
14 42 50 37 38
# P_hat : m1 | m2 | m3 | m4 | m5
4.00 15.60 4.80 8.40 9.60
13.60 8.40 11.20 7.60 6.00
12.00 8.00 14.80 19.60 10.00
14.00 13.60 8.80 18.40 16.80
16.80 9.60 8.40 17.60 19.20
13.60 15.60 8.00 14.00 16.80
5.20 20.00 10.40 17.20 5.60
4.40 16.40 4.00 9.60 16.80
16.80 11.60 18.40 19.60 12.00
4.80 15.60 5.60 5.60 10.80
13.60 10.40 10.40 6.80 5.60
6.00 7.60 9.60 8.80 5.60
11.20 14.80 17.20 18.40 8.40
9.60 8.40 7.60 10.40 7.60
14.40 14.40 19.60 14.40 17.60
8.80 9.20 16.00 10.40 12.80
4.00 8.00 18.80 15.60 4.80
4.40 8.80 9.60 5.20 15.60
6.80 19.20 7.20 7.60 12.80
5.60 16.80 20.00 14.80 15.20
