# nJobs | nMachines
20 5
# Job Weights
34
92
94
59
51
50
96
91
76
76
99
28
63
23
72
23
42
3
46
90
# P_bar : m1 | m2 | m3 | m4 | m5
40 27 16 43 34
22 19 32 25 41
32 32 13 42 23
24 45 16 23 40
26 12 28 17 38
10 30 44 17 35
36 22 42 28 21
25 42 22 20 42
49 12 49 11 43
32 27 36 23 39
48 42 16 27 15
48 20 30 41 30
35 18 26 29 20
40 39 33 23 35
39 15 15 29 22
40 23 45 39 50
16 47 11 13 42
24 42 44 19 17
36 35 35 32 29
13 23 33 49 11
# P_hat : m1 | m2 | m3 | m4 | m5
12.00 8.10 4.80 12.90 10.20
6.60 5.70 9.60 7.50 12.30
9.60 9.60 3.90 12.60 6.90
7.20 13.50 4.80 6.90 12.00
7.80 3.60 8.40 5.10 11.40
3.00 9.00 13.20 5.10 10.50
10.80 6.60 12.60 8.40 6.30
7.50 12.60 6.60 6.00 12.60
14.70 3.60 14.70 3.30 12.90
9.60 8.10 10.80 6.90 11.70
14.40 12.60 4.80 8.10 4.50
14.40 6.00 9.00 12.30 9.00
10.50 5.40 7.80 8.70 6.00
12.00 11.70 9.90 6.90 10.50
11.70 4.50 4.50 8.70 6.60
12.00 6.90 13.50 11.70 15.00
4.80 14.10 3.30 3.90 12.60
7.20 12.60 13.20 5.70 5.10
10.80 10.50 10.50 9.60 8.70
3.90 6.90 9.90 14.70 3.30
