# nJobs | nMachines
20 5
# Job Weights
55
83
34
72
98
91
52
38
1
64
36
44
66
92
50
35
20
12
53
90
# P_bar : m1 | m2 | m3 | m4 | m5
34 29 14 32 48
26 46 32 16 28
44 39 16 48 13
46 47 32 41 40
27 46 12 36 20
24 44 27 23 41
17 27 23 29 31
41 40 30 43 17
41 38 23 38 49
35 14 24 15 31
21 10 50 39 35
17 12 47 45 37
36 11 44 11 15
46 23 28 34 31
36 39 47 36 11
40 45 11 38 23
11 29 18 26 15
26 29 23 40 25
32 12 42 46 38
39 23 43 39 27
# P_hat : m1 | m2 | m3 | m4 | m5
3.40 2.90 1.40 3.20 4.80
2.60 4.60 3.20 1.60 2.80
4.40 3.90 1.60 4.80 1.30
4.60 4.70 3.20 4.10 4.00
2.70 4.60 1.20 3.60 2.00
2.40 4.40 2.70 2.30 4.10
1.70 2.70 2.30 2.90 3.10
4.10 4.00 3.00 4.30 1.70
4.10 3.80 2.30 3.80 4.90
3.50 1.40 2.40 1.50 3.10
2.10 1.00 5.00 3.90 3.50
1.70 1.20 4.70 4.50 3.70
3.60 1.10 4.40 1.10 1.50
4.60 2.30 2.80 3.40 3.10
3.60 3.90 4.70 3.60 1.10
4.00 4.50 1.10 3.80 2.30
1.10 2.90 1.80 2.60 1.50
2.60 2.90 2.30 4.00 2.50
3.20 1.20 4.20 4.60 3.80
3.90 2.30 4.30 3.90 2.70
