# nJobs | nMachines
20 5
# Job Weights
65
24
63
63
28
21
89
91
16
11
22
11
87
40
4
79
27
30
58
57
# P_bar : m1 | m2 | m3 | m4 | m5
16 25 21 16 43
47 15 14 17 35
22 11 37 40 42
50 48 44 27 24
49 44 20 48 13
46 15 20 41 18
14 23 10 14 17
37 14 47 12 41
25 39 35 21 16
29 38 23 28 21
48 43 12 23 12
30 23 31 13 30
48 11 17 18 46
33 31 50 42 35
24 48 37 32 31
14 34 10 50 47
32 17 10 27 16
20 10 13 45 33
30 23 33 46 43
48 23 36 34 30
# P_hat : m1 | m2 | m3 | m4 | m5
1.60 2.50 2.10 1.60 4.30
4.70 1.50 1.40 1.70 3.50
2.20 1.10 3.70 4.00 4.20
5.00 4.80 4.40 2.70 2.40
4.90 4.40 2.00 4.80 1.30
4.60 1.50 2.00 4.10 1.80
1.40 2.30 1.00 1.40 1.70
3.70 1.40 4.70 1.20 4.10
2.50 3.90 3.50 2.10 1.60
2.90 3.80 2.30 2.80 2.10
4.80 4.30 1.20 2.30 1.20
3.00 2.30 3.10 1.30 3.00
4.80 1.10 1.70 1.80 4.60
3.30 3.10 5.00 4.20 3.50
2.40 4.80 3.70 3.20 3.10
1.40 3.40 1.00 5.00 4.70
3.20 1.70 1.00 2.70 1.60
2.00 1.00 1.30 4.50 3.30
3.00 2.30 3.30 4.60 4.30
4.80 2.30 3.60 3.40 3.00
