# nJobs | nMachines
20 5
# Job Weights
83
23
64
77
23
80
52
4
6
15
10
43
52
4
95
99
20
38
5
14
# P_bar : m1 | m2 | m3 | m4 | m5
19 20 25 40 39
27 18 13 45 41
21 40 45 34 38
42 21 32 47 29
15 46 24 34 18
29 42 18 11 10
50 24 23 17 22
40 45 31 48 16
29 42 50 13 47
17 44 46 49 39
47 27 38 23 12
19 38 48 48 29
30 40 21 19 30
30 39 17 23 23
12 43 34 47 15
23 34 16 49 45
47 34 49 13 46
44 43 25 14 11
15 23 40 44 33
50 24 26 39 23
# P_hat : m1 | m2 | m3 | m4 | m5
3.80 4.00 5.00 8.00 7.80
5.40 3.60 2.60 9.00 8.20
4.20 8.00 9.00 6.80 7.60
8.40 4.20 6.40 9.40 5.80
3.00 9.20 4.80 6.80 3.60
5.80 8.40 3.60 2.20 2.00
10.00 4.80 4.60 3.40 4.40
8.00 9.00 6.20 9.60 3.20
5.80 8.40 10.00 2.60 9.40
3.40 8.80 9.20 9.80 7.80
9.40 5.40 7.60 4.60 2.40
3.80 7.60 9.60 9.60 5.80
6.00 8.00 4.20 3.80 6.00
6.00 7.80 3.40 4.60 4.60
2.40 8.60 6.80 9.40 3.00
4.60 6.80 3.20 9.80 9.00
9.40 6.80 9.80 2.60 9.20
8.80 8.60 5.00 2.80 2.20
3.00 4.60 8.00 8.80 6.60
10.00 4.80 5.20 7.80 4.60
