# nJobs | nMachines
20 5
# Job Weights
55
83
34
72
98
91
52
38
1
64
36
44
66
92
50
35
20
12
53
90
# P_bar : m1 | m2 | m3 | m4 | m5
34 29 14 32 48
26 46 32 16 28
44 39 16 48 13
46 47 32 41 40
27 46 12 36 20
24 44 27 23 41
17 27 23 29 31
41 40 30 43 17
41 38 23 38 49
35 14 24 15 31
21 10 50 39 35
17 12 47 45 37
36 11 44 11 15
46 23 28 34 31
36 39 47 36 11
40 45 11 38 23
11 29 18 26 15
26 29 23 40 25
32 12 42 46 38
39 23 43 39 27
# P_hat : m1 | m2 | m3 | m4 | m5
17.00 14.50 7.00 16.00 24.00
13.00 23.00 16.00 8.00 14.00
22.00 19.50 8.00 24.00 6.50
23.00 23.50 16.00 20.50 20.00
13.50 23.00 6.00 18.00 10.00
12.00 22.00 13.50 11.50 20.50
8.50 13.50 11.50 14.50 15.50
20.50 20.00 15.00 21.50 8.50
20.50 19.00 11.50 19.00 24.50
17.50 7.00 12.00 7.50 15.50
10.50 5.00 25.00 19.50 17.50
8.50 6.00 23.50 22.50 18.50
18.00 5.50 22.00 5.50 7.50
23.00 11.50 14.00 17.00 15.50
18.00 19.50 23.50 18.00 5.50
20.00 22.50 5.50 19.00 11.50
5.50 14.50 9.00 13.00 7.50
13.00 14.50 11.50 20.00 12.50
16.00 6.00 21.00 23.00 19.00
19.50 11.50 21.50 19.50 13.50
