# nJobs | nMachines
20 5
# Job Weights
4
87
12
92
55
42
16
26
3
69
32
71
52
45
76
15
33
82
3
48
# P_bar : m1 | m2 | m3 | m4 | m5
10 39 12 21 24
34 21 28 19 15
30 20 37 49 25
35 34 22 46 42
42 24 21 44 48
34 39 20 35 42
13 50 26 43 14
11 41 10 24 42
42 29 46 49 30
12 39 14 14 27
34 26 26 17 14
15 19 24 22 14
28 37 43 46 21
24 21 19 26 19
36 36 49 36 44
22 23 40 26 32
10 20 47 39 12
11 22 24 13 39
17 48 18 19 32
14 42 50 37 38
# P_hat : m1 | m2 | m3 | m4 | m5
2.09 6.95 3.43 4.44 3.31
5.47 2.40 5.09 1.21 4.41
2.79 5.82 2.54 2.00 3.69
8.54 8.59 4.43 0.20 4.14
8.63 6.04 3.89 4.63 9.12
1.66 5.48 2.15 6.19 3.03
3.55 6.22 0.89 5.06 0.32
2.71 3.36 2.01 3.15 1.62
11.97 0.49 7.18 13.29 1.15
2.61 10.12 3.24 1.46 1.23
6.26 6.34 4.06 2.62 0.58
1.88 5.70 6.14 5.17 2.69
7.83 11.06 7.12 5.47 1.15
6.24 3.50 3.20 4.85 1.97
0.49 8.31 12.89 9.31 11.84
0.17 6.52 4.84 7.41 4.55
1.13 5.10 1.89 1.72 2.40
2.67 1.63 0.21 3.61 2.02
5.04 6.49 4.08 2.81 1.85
0.63 1.63 9.30 2.87 0.47
