# nJobs | nMachines
20 5
# Job Weights
35
25
91
82
40
86
22
44
13
10
29
51
31
44
98
20
10
59
69
43
# P_bar : m1 | m2 | m3 | m4 | m5
26 20 35 29 26
26 20 15 40 43
47 45 26 33 21
20 14 27 15 16
46 36 18 29 12
30 24 35 50 10
10 19 41 32 46
29 27 44 28 35
27 48 48 30 41
22 49 23 39 13
40 24 13 50 41
48 34 43 37 27
23 33 35 19 32
27 18 29 31 19
32 22 35 29 38
13 18 32 40 40
29 43 37 50 43
17 32 42 47 21
21 12 11 17 35
20 38 20 33 40
# P_hat : m1 | m2 | m3 | m4 | m5
5.20 4.00 7.00 5.80 5.20
5.20 4.00 3.00 8.00 8.60
9.40 9.00 5.20 6.60 4.20
4.00 2.80 5.40 3.00 3.20
9.20 7.20 3.60 5.80 2.40
6.00 4.80 7.00 10.00 2.00
2.00 3.80 8.20 6.40 9.20
5.80 5.40 8.80 5.60 7.00
5.40 9.60 9.60 6.00 8.20
4.40 9.80 4.60 7.80 2.60
8.00 4.80 2.60 10.00 8.20
9.60 6.80 8.60 7.40 5.40
4.60 6.60 7.00 3.80 6.40
5.40 3.60 5.80 6.20 3.80
6.40 4.40 7.00 5.80 7.60
2.60 3.60 6.40 8.00 8.00
5.80 8.60 7.40 10.00 8.60
3.40 6.40 8.40 9.40 4.20
4.20 2.40 2.20 3.40 7.00
4.00 7.60 4.00 6.60 8.00
