# nJobs | nMachines
20 5
# Job Weights
25
54
99
56
51
31
16
41
65
92
8
6
30
38
73
18
48
56
100
34
# P_bar : m1 | m2 | m3 | m4 | m5
21 23 45 10 13
19 29 11 30 36
42 16 30 10 19
35 29 21 46 25
30 36 21 27 20
31 27 40 37 35
41 12 28 15 32
47 26 27 45 41
21 47 35 12 12
30 35 28 13 23
15 38 34 16 41
19 48 31 30 27
16 44 19 12 21
39 47 19 37 12
25 35 25 29 15
50 17 50 27 20
42 12 45 50 11
19 27 39 14 12
29 23 16 10 28
19 42 32 23 10
# P_hat : m1 | m2 | m3 | m4 | m5
8.66 72.83 15.27 4.70 32.73
68.59 91.60 43.41 77.91 100.19
84.88 5.84 44.91 29.84 34.55
115.70 57.35 31.13 107.34 62.76
38.41 8.29 68.28 103.91 46.75
111.04 59.35 151.56 55.48 126.16
63.83 21.19 110.43 17.14 5.82
2.04 92.32 81.36 156.35 46.08
76.05 65.97 52.68 10.73 45.62
10.95 16.39 9.35 50.09 81.90
19.16 21.73 105.69 0.78 74.73
72.20 146.21 69.24 116.39 66.97
60.84 108.81 32.24 2.07 23.30
89.46 19.01 68.88 131.89 9.03
63.18 11.77 11.12 61.21 27.82
89.69 47.67 98.53 107.24 28.27
49.26 3.49 2.04 14.76 25.68
24.98 88.76 73.11 31.02 3.73
78.01 64.97 3.60 38.77 109.13
57.18 13.67 15.21 48.13 39.45
