# nJobs | nMachines
20 5
# Job Weights
83
23
64
77
23
80
52
4
6
15
10
43
52
4
95
99
20
38
5
14
# P_bar : m1 | m2 | m3 | m4 | m5
19 20 25 40 39
27 18 13 45 41
21 40 45 34 38
42 21 32 47 29
15 46 24 34 18
29 42 18 11 10
50 24 23 17 22
40 45 31 48 16
29 42 50 13 47
17 44 46 49 39
47 27 38 23 12
19 38 48 48 29
30 40 21 19 30
30 39 17 23 23
12 43 34 47 15
23 34 16 49 45
47 34 49 13 46
44 43 25 14 11
15 23 40 44 33
50 24 26 39 23
# P_hat : m1 | m2 | m3 | m4 | m5
1.49 5.78 6.38 0.75 0.32
2.00 3.02 2.19 6.92 0.80
5.71 11.24 7.07 8.23 5.29
3.14 0.33 1.10 6.48 7.91
1.22 5.78 6.19 0.53 2.91
6.61 3.28 3.90 2.59 1.49
6.75 5.26 0.47 1.03 0.70
9.32 13.25 6.58 3.72 3.15
0.57 3.23 8.15 0.64 11.59
2.49 8.64 1.13 4.85 4.45
0.47 1.60 5.22 5.22 2.79
0.36 6.44 6.98 7.48 8.39
8.16 5.57 1.04 1.17 1.83
1.25 11.37 4.82 6.06 3.61
1.92 7.85 8.67 12.40 1.29
2.84 3.56 3.21 12.80 10.70
4.90 1.16 6.80 0.93 7.97
11.88 1.95 3.09 1.90 2.09
0.10 1.55 7.81 13.00 7.90
9.96 1.81 4.25 9.03 2.73
