# nJobs | nMachines
20 5
# Job Weights
25
54
99
56
51
31
16
41
65
92
8
6
30
38
73
18
48
56
100
34
# P_bar : m1 | m2 | m3 | m4 | m5
21 23 45 10 13
19 29 11 30 36
42 16 30 10 19
35 29 21 46 25
30 36 21 27 20
31 27 40 37 35
41 12 28 15 32
47 26 27 45 41
21 47 35 12 12
30 35 28 13 23
15 38 34 16 41
19 48 31 30 27
16 44 19 12 21
39 47 19 37 12
25 35 25 29 15
50 17 50 27 20
42 12 45 50 11
19 27 39 14 12
29 23 16 10 28
19 42 32 23 10
# P_hat : m1 | m2 | m3 | m4 | m5
4.20 4.60 9.00 2.00 2.60
3.80 5.80 2.20 6.00 7.20
8.40 3.20 6.00 2.00 3.80
7.00 5.80 4.20 9.20 5.00
6.00 7.20 4.20 5.40 4.00
6.20 5.40 8.00 7.40 7.00
8.20 2.40 5.60 3.00 6.40
9.40 5.20 5.40 9.00 8.20
4.20 9.40 7.00 2.40 2.40
6.00 7.00 5.60 2.60 4.60
3.00 7.60 6.80 3.20 8.20
3.80 9.60 6.20 6.00 5.40
3.20 8.80 3.80 2.40 4.20
7.80 9.40 3.80 7.40 2.40
5.00 7.00 5.00 5.80 3.00
10.00 3.40 10.00 5.40 4.00
8.40 2.40 9.00 10.00 2.20
3.80 5.40 7.80 2.80 2.40
5.80 4.60 3.20 2.00 5.60
3.80 8.40 6.40 4.60 2.00
