# nJobs | nMachines
20 5
# Job Weights
25
54
99
56
51
31
16
41
65
92
8
6
30
38
73
18
48
56
100
34
# P_bar : m1 | m2 | m3 | m4 | m5
21 23 45 10 13
19 29 11 30 36
42 16 30 10 19
35 29 21 46 25
30 36 21 27 20
31 27 40 37 35
41 12 28 15 32
47 26 27 45 41
21 47 35 12 12
30 35 28 13 23
15 38 34 16 41
19 48 31 30 27
16 44 19 12 21
39 47 19 37 12
25 35 25 29 15
50 17 50 27 20
42 12 45 50 11
19 27 39 14 12
29 23 16 10 28
19 42 32 23 10
# P_hat : m1 | m2 | m3 | m4 | m5
13.48 15.13 42.32 6.15 11.57
1.60 16.48 10.49 29.70 12.17
6.79 1.50 27.45 1.40 7.14
31.45 10.66 7.77 23.84 2.35
18.19 9.55 0.32 23.69 11.57
0.29 6.59 37.13 27.41 1.26
4.16 11.68 11.99 10.46 14.90
31.18 10.22 26.10 31.61 22.25
0.11 41.93 33.73 4.31 3.44
4.82 22.09 23.88 3.82 13.59
8.23 30.20 10.01 12.95 1.25
13.15 24.13 11.94 24.30 1.01
10.43 25.38 16.17 10.40 17.27
8.75 23.15 6.02 33.79 4.32
17.80 6.83 4.24 14.83 1.91
11.86 12.28 27.84 13.54 10.44
13.67 3.37 42.13 39.91 8.47
14.18 0.66 27.15 9.10 2.59
18.84 14.85 9.12 7.02 17.44
16.14 7.44 3.11 18.30 0.85
