# nJobs | nMachines
20 5
# Job Weights
93
97
33
32
58
72
89
19
68
69
9
80
4
88
88
68
94
37
41
12
# P_bar : m1 | m2 | m3 | m4 | m5
13 46 14 24 25
46 45 32 36 49
13 34 41 42 31
35 14 13 36 24
13 42 17 18 28
24 36 18 30 41
12 47 31 12 30
31 12 19 25 20
10 28 50 20 13
13 42 11 20 32
39 33 45 47 10
34 12 36 21 31
20 45 27 26 31
11 42 26 36 19
45 31 47 32 48
10 37 44 27 28
27 42 49 20 44
50 41 20 31 42
18 10 46 23 22
43 20 35 16 10
# P_hat : m1 | m2 | m3 | m4 | m5
3.22 26.14 26.76 30.02 10.20
6.49 26.01 61.03 58.20 45.97
23.65 25.64 28.89 5.80 49.66
13.31 11.01 1.12 24.10 8.65
21.35 45.74 6.09 11.29 6.15
26.14 11.51 14.12 38.14 72.46
1.87 64.98 58.76 8.54 20.58
59.24 4.02 5.37 7.43 27.35
4.94 17.38 76.35 23.86 0.66
22.35 42.28 2.39 32.58 44.16
13.17 52.57 88.31 35.92 6.32
58.07 17.75 27.48 5.56 3.46
0.53 58.10 41.86 10.23 37.81
11.26 13.08 17.81 17.10 9.15
69.25 33.92 59.00 19.19 37.13
18.70 6.47 16.90 34.71 4.51
49.10 31.70 14.31 24.04 12.95
81.96 33.91 37.52 43.16 25.03
31.97 0.80 84.42 16.68 3.95
17.13 10.96 62.12 26.37 18.22
