# nJobs | nMachines
20 5
# Job Weights
83
23
64
77
23
80
52
4
6
15
10
43
52
4
95
99
20
38
5
14
# P_bar : m1 | m2 | m3 | m4 | m5
19 20 25 40 39
27 18 13 45 41
21 40 45 34 38
42 21 32 47 29
15 46 24 34 18
29 42 18 11 10
50 24 23 17 22
40 45 31 48 16
29 42 50 13 47
17 44 46 49 39
47 27 38 23 12
19 38 48 48 29
30 40 21 19 30
30 39 17 23 23
12 43 34 47 15
23 34 16 49 45
47 34 49 13 46
44 43 25 14 11
15 23 40 44 33
50 24 26 39 23
# P_hat : m1 | m2 | m3 | m4 | m5
1.90 2.00 2.50 4.00 3.90
2.70 1.80 1.30 4.50 4.10
2.10 4.00 4.50 3.40 3.80
4.20 2.10 3.20 4.70 2.90
1.50 4.60 2.40 3.40 1.80
2.90 4.20 1.80 1.10 1.00
5.00 2.40 2.30 1.70 2.20
4.00 4.50 3.10 4.80 1.60
2.90 4.20 5.00 1.30 4.70
1.70 4.40 4.60 4.90 3.90
4.70 2.70 3.80 2.30 1.20
1.90 3.80 4.80 4.80 2.90
3.00 4.00 2.10 1.90 3.00
3.00 3.90 1.70 2.30 2.30
1.20 4.30 3.40 4.70 1.50
2.30 3.40 1.60 4.90 4.50
4.70 3.40 4.90 1.30 4.60
4.40 4.30 2.50 1.40 1.10
1.50 2.30 4.00 4.40 3.30
5.00 2.40 2.60 3.90 2.30
