# nJobs | nMachines
20 5
# Job Weights
83
23
64
77
23
80
52
4
6
15
10
43
52
4
95
99
20
38
5
14
# P_bar : m1 | m2 | m3 | m4 | m5
19 20 25 40 39
27 18 13 45 41
21 40 45 34 38
42 21 32 47 29
15 46 24 34 18
29 42 18 11 10
50 24 23 17 22
40 45 31 48 16
29 42 50 13 47
17 44 46 49 39
47 27 38 23 12
19 38 48 48 29
30 40 21 19 30
30 39 17 23 23
12 43 34 47 15
23 34 16 49 45
47 34 49 13 46
44 43 25 14 11
15 23 40 44 33
50 24 26 39 23
# P_hat : m1 | m2 | m3 | m4 | m5
9.50 10.00 12.50 20.00 19.50
13.50 9.00 6.50 22.50 20.50
10.50 20.00 22.50 17.00 19.00
21.00 10.50 16.00 23.50 14.50
7.50 23.00 12.00 17.00 9.00
14.50 21.00 9.00 5.50 5.00
25.00 12.00 11.50 8.50 11.00
20.00 22.50 15.50 24.00 8.00
14.50 21.00 25.00 6.50 23.50
8.50 22.00 23.00 24.50 19.50
23.50 13.50 19.00 11.50 6.00
9.50 19.00 24.00 24.00 14.50
15.00 20.00 10.50 9.50 15.00
15.00 19.50 8.50 11.50 11.50
6.00 21.50 17.00 23.50 7.50
11.50 17.00 8.00 24.50 22.50
23.50 17.00 24.50 6.50 23.00
22.00 21.50 12.50 7.00 5.50
7.50 11.50 20.00 22.00 16.50
25.00 12.00 13.00 19.50 11.50
