# nJobs | nMachines
20 5
# Job Weights
55
83
34
72
98
91
52
38
1
64
36
44
66
92
50
35
20
12
53
90
# P_bar : m1 | m2 | m3 | m4 | m5
34 29 14 32 48
26 46 32 16 28
44 39 16 48 13
46 47 32 41 40
27 46 12 36 20
24 44 27 23 41
17 27 23 29 31
41 40 30 43 17
41 38 23 38 49
35 14 24 15 31
21 10 50 39 35
17 12 47 45 37
36 11 44 11 15
46 23 28 34 31
36 39 47 36 11
40 45 11 38 23
11 29 18 26 15
26 29 23 40 25
32 12 42 46 38
39 23 43 39 27
# P_hat : m1 | m2 | m3 | m4 | m5
10.20 8.70 4.20 9.60 14.40
7.80 13.80 9.60 4.80 8.40
13.20 11.70 4.80 14.40 3.90
13.80 14.10 9.60 12.30 12.00
8.10 13.80 3.60 10.80 6.00
7.20 13.20 8.10 6.90 12.30
5.10 8.10 6.90 8.70 9.30
12.30 12.00 9.00 12.90 5.10
12.30 11.40 6.90 11.40 14.70
10.50 4.20 7.20 4.50 9.30
6.30 3.00 15.00 11.70 10.50
5.10 3.60 14.10 13.50 11.10
10.80 3.30 13.20 3.30 4.50
13.80 6.90 8.40 10.20 9.30
10.80 11.70 14.10 10.80 3.30
12.00 13.50 3.30 11.40 6.90
3.30 8.70 5.40 7.80 4.50
7.80 8.70 6.90 12.00 7.50
9.60 3.60 12.60 13.80 11.40
11.70 6.90 12.90 11.70 8.10
