# nJobs | nMachines
20 5
# Job Weights
93
97
33
32
58
72
89
19
68
69
9
80
4
88
88
68
94
37
41
12
# P_bar : m1 | m2 | m3 | m4 | m5
13 46 14 24 25
46 45 32 36 49
13 34 41 42 31
35 14 13 36 24
13 42 17 18 28
24 36 18 30 41
12 47 31 12 30
31 12 19 25 20
10 28 50 20 13
13 42 11 20 32
39 33 45 47 10
34 12 36 21 31
20 45 27 26 31
11 42 26 36 19
45 31 47 32 48
10 37 44 27 28
27 42 49 20 44
50 41 20 31 42
18 10 46 23 22
43 20 35 16 10
# P_hat : m1 | m2 | m3 | m4 | m5
2.34 11.89 0.72 5.19 7.01
7.09 7.79 4.97 3.10 4.46
1.12 9.08 2.63 11.08 7.27
0.07 2.51 1.10 0.53 5.51
1.94 10.21 2.04 1.25 5.81
2.06 4.64 4.38 8.08 11.88
2.64 10.57 0.13 0.92 3.54
0.22 3.29 3.70 1.65 0.78
1.75 4.81 10.03 0.83 2.62
3.67 2.28 2.64 5.15 7.00
2.04 2.66 12.59 7.05 1.73
4.81 0.72 0.22 4.25 1.92
0.55 3.33 1.25 1.86 4.69
2.06 3.86 6.91 8.19 1.78
7.43 5.16 6.47 7.30 6.16
1.22 6.53 7.45 2.53 5.42
4.22 5.37 9.75 2.46 9.84
13.45 7.57 4.07 1.95 2.93
1.06 0.24 12.86 6.74 2.68
0.29 0.53 10.47 3.10 0.81
