# nJobs | nMachines
20 5
# Job Weights
25
54
99
56
51
31
16
41
65
92
8
6
30
38
73
18
48
56
100
34
# P_bar : m1 | m2 | m3 | m4 | m5
21 23 45 10 13
19 29 11 30 36
42 16 30 10 19
35 29 21 46 25
30 36 21 27 20
31 27 40 37 35
41 12 28 15 32
47 26 27 45 41
21 47 35 12 12
30 35 28 13 23
15 38 34 16 41
19 48 31 30 27
16 44 19 12 21
39 47 19 37 12
25 35 25 29 15
50 17 50 27 20
42 12 45 50 11
19 27 39 14 12
29 23 16 10 28
19 42 32 23 10
# P_hat : m1 | m2 | m3 | m4 | m5
2.17 25.26 44.25 7.76 3.07
20.19 41.45 10.42 38.60 50.17
45.41 21.13 10.39 9.17 23.90
44.62 16.24 18.22 50.20 43.87
43.57 68.75 16.74 50.84 29.40
60.50 39.85 49.27 28.57 56.24
42.34 13.30 35.57 28.84 18.05
30.36 31.81 2.45 81.48 14.55
33.40 39.44 26.22 4.70 18.01
16.25 17.34 35.05 1.80 37.11
13.17 27.05 34.21 3.22 81.22
2.98 72.75 53.10 1.09 22.28
0.81 1.27 25.03 2.27 15.62
75.09 10.91 6.19 50.54 18.63
41.80 3.22 3.53 4.13 10.22
69.60 1.38 64.24 17.22 37.23
34.35 20.53 2.39 84.49 18.89
6.59 38.00 45.69 0.65 10.30
9.07 21.81 30.09 16.29 42.05
9.51 8.22 36.83 12.97 15.09
