# nJobs | nMachines
20 5
# Job Weights
25
51
43
36
39
66
82
16
31
17
6
10
93
8
45
68
24
84
43
6
# P_bar : m1 | m2 | m3 | m4 | m5
50 16 24 37 24
12 34 36 33 38
12 20 40 31 28
16 41 43 34 21
15 19 10 38 37
42 11 27 48 35
28 23 38 23 38
20 13 37 17 11
48 17 16 34 26
22 13 12 40 32
50 16 15 45 23
19 43 39 11 12
44 30 30 21 27
38 26 12 47 34
37 26 37 19 11
23 50 27 23 39
42 31 36 21 50
19 41 30 26 43
16 29 48 43 18
36 17 21 41 15
# P_hat : m1 | m2 | m3 | m4 | m5
10.00 3.20 4.80 7.40 4.80
2.40 6.80 7.20 6.60 7.60
2.40 4.00 8.00 6.20 5.60
3.20 8.20 8.60 6.80 4.20
3.00 3.80 2.00 7.60 7.40
8.40 2.20 5.40 9.60 7.00
5.60 4.60 7.60 4.60 7.60
4.00 2.60 7.40 3.40 2.20
9.60 3.40 3.20 6.80 5.20
4.40 2.60 2.40 8.00 6.40
10.00 3.20 3.00 9.00 4.60
3.80 8.60 7.80 2.20 2.40
8.80 6.00 6.00 4.20 5.40
7.60 5.20 2.40 9.40 6.80
7.40 5.20 7.40 3.80 2.20
4.60 10.00 5.40 4.60 7.80
8.40 6.20 7.20 4.20 10.00
3.80 8.20 6.00 5.20 8.60
3.20 5.80 9.60 8.60 3.60
7.20 3.40 4.20 8.20 3.00
