# nJobs | nMachines
20 5
# Job Weights
34
92
94
59
51
50
96
91
76
76
99
28
63
23
72
23
42
3
46
90
# P_bar : m1 | m2 | m3 | m4 | m5
40 27 16 43 34
22 19 32 25 41
32 32 13 42 23
24 45 16 23 40
26 12 28 17 38
10 30 44 17 35
36 22 42 28 21
25 42 22 20 42
49 12 49 11 43
32 27 36 23 39
48 42 16 27 15
48 20 30 41 30
35 18 26 29 20
40 39 33 23 35
39 15 15 29 22
40 23 45 39 50
16 47 11 13 42
24 42 44 19 17
36 35 35 32 29
13 23 33 49 11
# P_hat : m1 | m2 | m3 | m4 | m5
20.00 13.50 8.00 21.50 17.00
11.00 9.50 16.00 12.50 20.50
16.00 16.00 6.50 21.00 11.50
12.00 22.50 8.00 11.50 20.00
13.00 6.00 14.00 8.50 19.00
5.00 15.00 22.00 8.50 17.50
18.00 11.00 21.00 14.00 10.50
12.50 21.00 11.00 10.00 21.00
24.50 6.00 24.50 5.50 21.50
16.00 13.50 18.00 11.50 19.50
24.00 21.00 8.00 13.50 7.50
24.00 10.00 15.00 20.50 15.00
17.50 9.00 13.00 14.50 10.00
20.00 19.50 16.50 11.50 17.50
19.50 7.50 7.50 14.50 11.00
20.00 11.50 22.50 19.50 25.00
8.00 23.50 5.50 6.50 21.00
12.00 21.00 22.00 9.50 8.50
18.00 17.50 17.50 16.00 14.50
6.50 11.50 16.50 24.50 5.50
