# nJobs | nMachines
20 5
# Job Weights
55
83
34
72
98
91
52
38
1
64
36
44
66
92
50
35
20
12
53
90
# P_bar : m1 | m2 | m3 | m4 | m5
34 29 14 32 48
26 46 32 16 28
44 39 16 48 13
46 47 32 41 40
27 46 12 36 20
24 44 27 23 41
17 27 23 29 31
41 40 30 43 17
41 38 23 38 49
35 14 24 15 31
21 10 50 39 35
17 12 47 45 37
36 11 44 11 15
46 23 28 34 31
36 39 47 36 11
40 45 11 38 23
11 29 18 26 15
26 29 23 40 25
32 12 42 46 38
39 23 43 39 27
# P_hat : m1 | m2 | m3 | m4 | m5
13.60 11.60 5.60 12.80 19.20
10.40 18.40 12.80 6.40 11.20
17.60 15.60 6.40 19.20 5.20
18.40 18.80 12.80 16.40 16.00
10.80 18.40 4.80 14.40 8.00
9.60 17.60 10.80 9.20 16.40
6.80 10.80 9.20 11.60 12.40
16.40 16.00 12.00 17.20 6.80
16.40 15.20 9.20 15.20 19.60
14.00 5.60 9.60 6.00 12.40
8.40 4.00 20.00 15.60 14.00
6.80 4.80 18.80 18.00 14.80
14.40 4.40 17.60 4.40 6.00
18.40 9.20 11.20 13.60 12.40
14.40 15.60 18.80 14.40 4.40
16.00 18.00 4.40 15.20 9.20
4.40 11.60 7.20 10.40 6.00
10.40 11.60 9.20 16.00 10.00
12.80 4.80 16.80 18.40 15.20
15.60 9.20 17.20 15.60 10.80
