# nJobs | nMachines
20 5
# Job Weights
25
54
99
56
51
31
16
41
65
92
8
6
30
38
73
18
48
56
100
34
# P_bar : m1 | m2 | m3 | m4 | m5
21 23 45 10 13
19 29 11 30 36
42 16 30 10 19
35 29 21 46 25
30 36 21 27 20
31 27 40 37 35
41 12 28 15 32
47 26 27 45 41
21 47 35 12 12
30 35 28 13 23
15 38 34 16 41
19 48 31 30 27
16 44 19 12 21
39 47 19 37 12
25 35 25 29 15
50 17 50 27 20
42 12 45 50 11
19 27 39 14 12
29 23 16 10 28
19 42 32 23 10
# P_hat : m1 | m2 | m3 | m4 | m5
10.50 11.50 22.50 5.00 6.50
9.50 14.50 5.50 15.00 18.00
21.00 8.00 15.00 5.00 9.50
17.50 14.50 10.50 23.00 12.50
15.00 18.00 10.50 13.50 10.00
15.50 13.50 20.00 18.50 17.50
20.50 6.00 14.00 7.50 16.00
23.50 13.00 13.50 22.50 20.50
10.50 23.50 17.50 6.00 6.00
15.00 17.50 14.00 6.50 11.50
7.50 19.00 17.00 8.00 20.50
9.50 24.00 15.50 15.00 13.50
8.00 22.00 9.50 6.00 10.50
19.50 23.50 9.50 18.50 6.00
12.50 17.50 12.50 14.50 7.50
25.00 8.50 25.00 13.50 10.00
21.00 6.00 22.50 25.00 5.50
9.50 13.50 19.50 7.00 6.00
14.50 11.50 8.00 5.00 14.00
9.50 21.00 16.00 11.50 5.00
