# nJobs | nMachines
20 5
# Job Weights
93
97
33
32
58
72
89
19
68
69
9
80
4
88
88
68
94
37
41
12
# P_bar : m1 | m2 | m3 | m4 | m5
13 46 14 24 25
46 45 32 36 49
13 34 41 42 31
35 14 13 36 24
13 42 17 18 28
24 36 18 30 41
12 47 31 12 30
31 12 19 25 20
10 28 50 20 13
13 42 11 20 32
39 33 45 47 10
34 12 36 21 31
20 45 27 26 31
11 42 26 36 19
45 31 47 32 48
10 37 44 27 28
27 42 49 20 44
50 41 20 31 42
18 10 46 23 22
43 20 35 16 10
# P_hat : m1 | m2 | m3 | m4 | m5
5.20 18.40 5.60 9.60 10.00
18.40 18.00 12.80 14.40 19.60
5.20 13.60 16.40 16.80 12.40
14.00 5.60 5.20 14.40 9.60
5.20 16.80 6.80 7.20 11.20
9.60 14.40 7.20 12.00 16.40
4.80 18.80 12.40 4.80 12.00
12.40 4.80 7.60 10.00 8.00
4.00 11.20 20.00 8.00 5.20
5.20 16.80 4.40 8.00 12.80
15.60 13.20 18.00 18.80 4.00
13.60 4.80 14.40 8.40 12.40
8.00 18.00 10.80 10.40 12.40
4.40 16.80 10.40 14.40 7.60
18.00 12.40 18.80 12.80 19.20
4.00 14.80 17.60 10.80 11.20
10.80 16.80 19.60 8.00 17.60
20.00 16.40 8.00 12.40 16.80
7.20 4.00 18.40 9.20 8.80
17.20 8.00 14.00 6.40 4.00
