# nJobs | nMachines
20 5
# Job Weights
8
58
1
50
55
5
64
17
84
97
85
66
76
7
8
54
27
67
82
43
# P_bar : m1 | m2 | m3 | m4 | m5
13 47 32 10 35
11 12 38 41 27
25 42 15 34 20
28 45 22 46 18
27 23 24 39 37
19 27 50 21 21
19 34 40 28 22
27 49 33 16 49
22 26 40 45 47
16 19 46 44 18
44 20 43 44 24
22 11 20 43 14
47 35 45 21 48
12 32 42 21 47
45 33 20 22 37
27 28 13 30 43
12 14 29 23 19
14 18 15 48 33
11 23 31 14 19
39 20 44 50 23
# P_hat : m1 | m2 | m3 | m4 | m5
3.90 14.10 9.60 3.00 10.50
3.30 3.60 11.40 12.30 8.10
7.50 12.60 4.50 10.20 6.00
8.40 13.50 6.60 13.80 5.40
8.10 6.90 7.20 11.70 11.10
5.70 8.10 15.00 6.30 6.30
5.70 10.20 12.00 8.40 6.60
8.10 14.70 9.90 4.80 14.70
6.60 7.80 12.00 13.50 14.10
4.80 5.70 13.80 13.20 5.40
13.20 6.00 12.90 13.20 7.20
6.60 3.30 6.00 12.90 4.20
14.10 10.50 13.50 6.30 14.40
3.60 9.60 12.60 6.30 14.10
13.50 9.90 6.00 6.60 11.10
8.10 8.40 3.90 9.00 12.90
3.60 4.20 8.70 6.90 5.70
4.20 5.40 4.50 14.40 9.90
3.30 6.90 9.30 4.20 5.70
11.70 6.00 13.20 15.00 6.90
