# nJobs | nMachines
10 5
# Job Weights
18
43
21
60
73
32
2
15
78
87
# P_bar : m1 | m2 | m3 | m4 | m5
31 47 32 28 43
33 31 29 13 32
45 28 34 40 10
38 21 30 39 13
45 42 14 23 27
23 20 27 29 27
28 46 34 25 28
28 48 40 33 19
15 35 35 17 27
34 40 38 18 30
# P_hat : m1 | m2 | m3 | m4 | m5
15.50 23.50 16.00 14.00 21.50
16.50 15.50 14.50 6.50 16.00
22.50 14.00 17.00 20.00 5.00
19.00 10.50 15.00 19.50 6.50
22.50 21.00 7.00 11.50 13.50
11.50 10.00 13.50 14.50 13.50
14.00 23.00 17.00 12.50 14.00
14.00 24.00 20.00 16.50 9.50
7.50 17.50 17.50 8.50 13.50
17.00 20.00 19.00 9.00 15.00
