# nJobs | nMachines
10 5
# Job Weights
50
40
13
1
36
39
60
48
52
60
# P_bar : m1 | m2 | m3 | m4 | m5
46 10 21 28 17
37 21 32 34 18
19 37 45 14 31
16 14 16 27 36
25 46 11 37 17
24 33 41 28 34
34 25 38 17 37
43 13 25 48 25
35 34 13 41 12
11 23 45 40 42
# P_hat : m1 | m2 | m3 | m4 | m5
23.00 5.00 10.50 14.00 8.50
18.50 10.50 16.00 17.00 9.00
9.50 18.50 22.50 7.00 15.50
8.00 7.00 8.00 13.50 18.00
12.50 23.00 5.50 18.50 8.50
12.00 16.50 20.50 14.00 17.00
17.00 12.50 19.00 8.50 18.50
21.50 6.50 12.50 24.00 12.50
17.50 17.00 6.50 20.50 6.00
5.50 11.50 22.50 20.00 21.00
