# nJobs | nMachines
10 5
# Job Weights
37
10
34
9
42
91
37
59
66
78
# P_bar : m1 | m2 | m3 | m4 | m5
20 44 17 37 29
30 47 20 23 50
11 47 46 26 13
41 20 27 30 15
21 12 18 12 25
27 34 48 42 48
42 14 14 30 12
35 35 10 26 20
12 10 30 36 41
37 12 40 46 20
# P_hat : m1 | m2 | m3 | m4 | m5
10.00 22.00 8.50 18.50 14.50
15.00 23.50 10.00 11.50 25.00
5.50 23.50 23.00 13.00 6.50
20.50 10.00 13.50 15.00 7.50
10.50 6.00 9.00 6.00 12.50
13.50 17.00 24.00 21.00 24.00
21.00 7.00 7.00 15.00 6.00
17.50 17.50 5.00 13.00 10.00
6.00 5.00 15.00 18.00 20.50
18.50 6.00 20.00 23.00 10.00
