# nJobs | nMachines
10 5
# Job Weights
86
51
66
27
80
15
94
29
11
81
# P_bar : m1 | m2 | m3 | m4 | m5
23 13 49 20 30
18 40 25 16 44
41 27 23 48 39
10 49 20 22 48
16 39 19 41 36
26 34 28 50 45
11 25 29 40 33
50 16 38 19 19
21 22 17 18 26
39 44 28 21 28
# P_hat : m1 | m2 | m3 | m4 | m5
11.50 6.50 24.50 10.00 15.00
9.00 20.00 12.50 8.00 22.00
20.50 13.50 11.50 24.00 19.50
5.00 24.50 10.00 11.00 24.00
8.00 19.50 9.50 20.50 18.00
13.00 17.00 14.00 25.00 22.50
5.50 12.50 14.50 20.00 16.50
25.00 8.00 19.00 9.50 9.50
10.50 11.00 8.50 9.00 13.00
19.50 22.00 14.00 10.50 14.00
