# nJobs | nMachines
10 5
# Job Weights
26
35
72
1
2
6
64
5
89
51
# P_bar : m1 | m2 | m3 | m4 | m5
13 39 32 45 50
25 27 22 45 13
49 15 43 19 49
41 45 36 17 37
29 22 32 42 21
47 24 32 38 38
49 29 41 38 38
11 48 26 40 42
23 46 41 32 11
18 21 41 50 43
# P_hat : m1 | m2 | m3 | m4 | m5
6.50 19.50 16.00 22.50 25.00
12.50 13.50 11.00 22.50 6.50
24.50 7.50 21.50 9.50 24.50
20.50 22.50 18.00 8.50 18.50
14.50 11.00 16.00 21.00 10.50
23.50 12.00 16.00 19.00 19.00
24.50 14.50 20.50 19.00 19.00
5.50 24.00 13.00 20.00 21.00
11.50 23.00 20.50 16.00 5.50
9.00 10.50 20.50 25.00 21.50
