# nJobs | nMachines
20 10
# Job Weights
19
18
70
5
63
2
7
63
13
34
20
53
56
9
34
56
80
12
39
80
# P_bar : m1 | m2 | m3 | m4 | m5 | m6 | m7 | m8 | m9 | m10
64 43 9 38 2 79 16 85 89 69
44 97 87 85 74 18 95 77 6 88
58 49 3 29 16 99 26 74 41 24
7 2 15 26 21 75 25 17 22 41
69 54 55 23 10 47 71 38 68 53
12 12 5 28 98 96 50 42 83 8
5 31 8 19 74 6 38 20 79 58
69 52 94 10 84 22 15 68 69 19
46 29 60 72 55 3 85 93 44 50
23 98 18 33 19 29 20 15 64 21
95 46 20 21 20 12 25 28 77 43
24 83 65 79 37 53 67 91 46 18
58 78 50 55 90 42 7 32 76 74
88 52 76 69 76 61 12 56 64 50
46 63 75 38 10 49 50 70 25 20
65 66 7 15 81 56 8 51 55 81
31 45 82 58 27 9 82 9 30 98
84 49 49 36 52 6 5 94 89 92
4 21 3 11 21 54 9 63 96 21
73 13 56 98 1 57 41 33 71 83
# P_hat : m1 | m2 | m3 | m4 | m5 | m6 | m7 | m8 | m9 | m10
32.00 21.50 4.50 19.00 1.00 39.50 8.00 42.50 44.50 34.50
22.00 48.50 43.50 42.50 37.00 9.00 47.50 38.50 3.00 44.00
29.00 24.50 1.50 14.50 8.00 49.50 13.00 37.00 20.50 12.00
3.50 1.00 7.50 13.00 10.50 37.50 12.50 8.50 11.00 20.50
34.50 27.00 27.50 11.50 5.00 23.50 35.50 19.00 34.00 26.50
6.00 6.00 2.50 14.00 49.00 48.00 25.00 21.00 41.50 4.00
2.50 15.50 4.00 9.50 37.00 3.00 19.00 10.00 39.50 29.00
34.50 26.00 47.00 5.00 42.00 11.00 7.50 34.00 34.50 9.50
23.00 14.50 30.00 36.00 27.50 1.50 42.50 46.50 22.00 25.00
11.50 49.00 9.00 16.50 9.50 14.50 10.00 7.50 32.00 10.50
47.50 23.00 10.00 10.50 10.00 6.00 12.50 14.00 38.50 21.50
12.00 41.50 32.50 39.50 18.50 26.50 33.50 45.50 23.00 9.00
29.00 39.00 25.00 27.50 45.00 21.00 3.50 16.00 38.00 37.00
44.00 26.00 38.00 34.50 38.00 30.50 6.00 28.00 32.00 25.00
23.00 31.50 37.50 19.00 5.00 24.50 25.00 35.00 12.50 10.00
32.50 33.00 3.50 7.50 40.50 28.00 4.00 25.50 27.50 40.50
15.50 22.50 41.00 29.00 13.50 4.50 41.00 4.50 15.00 49.00
42.00 24.50 24.50 18.00 26.00 3.00 2.50 47.00 44.50 46.00
2.00 10.50 1.50 5.50 10.50 27.00 4.50 31.50 48.00 10.50
36.50 6.50 28.00 49.00 0.50 28.50 20.50 16.50 35.50 41.50
