# nJobs | nMachines
20 10
# Job Weights
91
4
55
48
74
82
6
13
63
83
96
46
55
93
83
80
92
53
11
67
# P_bar : m1 | m2 | m3 | m4 | m5 | m6 | m7 | m8 | m9 | m10
94 3 39 1 63 86 44 19 55 67
43 18 23 92 96 36 25 82 46 66
6 43 28 83 50 19 85 12 68 66
47 41 31 43 12 71 86 70 15 32
45 83 86 3 15 8 73 6 55 8
51 62 19 3 11 77 58 64 74 30
73 27 85 51 33 8 95 3 42 92
49 75 90 5 7 6 13 4 40 40
31 52 77 38 4 40 50 29 88 13
58 58 4 37 58 39 39 43 68 79
19 18 85 44 27 24 24 40 67 19
36 1 81 66 7 82 55 77 67 29
54 61 9 31 7 69 58 88 8 27
75 67 52 8 54 82 79 74 13 18
7 55 67 79 31 39 42 13 74 42
5 72 77 42 94 52 98 13 47 86
82 16 45 85 25 85 44 17 3 30
20 12 7 92 8 48 16 45 95 41
31 87 21 89 61 22 13 2 36 27
32 21 26 29 51 57 74 22 46 50
# P_hat : m1 | m2 | m3 | m4 | m5 | m6 | m7 | m8 | m9 | m10
28.20 0.90 11.70 0.30 18.90 25.80 13.20 5.70 16.50 20.10
12.90 5.40 6.90 27.60 28.80 10.80 7.50 24.60 13.80 19.80
1.80 12.90 8.40 24.90 15.00 5.70 25.50 3.60 20.40 19.80
14.10 12.30 9.30 12.90 3.60 21.30 25.80 21.00 4.50 9.60
13.50 24.90 25.80 0.90 4.50 2.40 21.90 1.80 16.50 2.40
15.30 18.60 5.70 0.90 3.30 23.10 17.40 19.20 22.20 9.00
21.90 8.10 25.50 15.30 9.90 2.40 28.50 0.90 12.60 27.60
14.70 22.50 27.00 1.50 2.10 1.80 3.90 1.20 12.00 12.00
9.30 15.60 23.10 11.40 1.20 12.00 15.00 8.70 26.40 3.90
17.40 17.40 1.20 11.10 17.40 11.70 11.70 12.90 20.40 23.70
5.70 5.40 25.50 13.20 8.10 7.20 7.20 12.00 20.10 5.70
10.80 0.30 24.30 19.80 2.10 24.60 16.50 23.10 20.10 8.70
16.20 18.30 2.70 9.30 2.10 20.70 17.40 26.40 2.40 8.10
22.50 20.10 15.60 2.40 16.20 24.60 23.70 22.20 3.90 5.40
2.10 16.50 20.10 23.70 9.30 11.70 12.60 3.90 22.20 12.60
1.50 21.60 23.10 12.60 28.20 15.60 29.40 3.90 14.10 25.80
24.60 4.80 13.50 25.50 7.50 25.50 13.20 5.10 0.90 9.00
6.00 3.60 2.10 27.60 2.40 14.40 4.80 13.50 28.50 12.30
9.30 26.10 6.30 26.70 18.30 6.60 3.90 0.60 10.80 8.10
9.60 6.30 7.80 8.70 15.30 17.10 22.20 6.60 13.80 15.00
