# nJobs | nMachines
20 10
# Job Weights
93
90
95
99
9
16
93
41
36
88
20
21
77
84
44
91
22
29
72
51
# P_bar : m1 | m2 | m3 | m4 | m5 | m6 | m7 | m8 | m9 | m10
9 91 96 73 37 28 32 27 4 83
19 54 78 88 94 58 18 63 67 4
86 71 7 17 51 52 3 59 77 50
38 36 72 24 1 11 60 76 24 74
71 13 80 53 9 21 34 97 68 14
82 44 38 86 16 97 69 85 37 8
12 27 17 10 89 49 47 57 28 67
20 23 98 30 2 55 95 49 65 18
37 95 88 71 80 16 92 60 93 60
22 15 78 5 38 4 70 30 68 3
97 25 80 11 94 82 71 70 18 43
85 88 54 97 93 60 73 1 6 31
93 46 73 10 89 5 58 23 49 59
33 5 83 84 95 52 17 18 67 69
69 38 15 58 95 42 26 42 93 13
70 74 5 47 63 61 39 96 3 46
29 21 27 69 17 87 60 2 10 53
48 36 20 80 98 89 72 52 80 27
28 21 75 49 2 76 93 49 44 28
76 4 24 74 19 46 27 82 26 63
# P_hat : m1 | m2 | m3 | m4 | m5 | m6 | m7 | m8 | m9 | m10
2.70 27.30 28.80 21.90 11.10 8.40 9.60 8.10 1.20 24.90
5.70 16.20 23.40 26.40 28.20 17.40 5.40 18.90 20.10 1.20
25.80 21.30 2.10 5.10 15.30 15.60 0.90 17.70 23.10 15.00
11.40 10.80 21.60 7.20 0.30 3.30 18.00 22.80 7.20 22.20
21.30 3.90 24.00 15.90 2.70 6.30 10.20 29.10 20.40 4.20
24.60 13.20 11.40 25.80 4.80 29.10 20.70 25.50 11.10 2.40
3.60 8.10 5.10 3.00 26.70 14.70 14.10 17.10 8.40 20.10
6.00 6.90 29.40 9.00 0.60 16.50 28.50 14.70 19.50 5.40
11.10 28.50 26.40 21.30 24.00 4.80 27.60 18.00 27.90 18.00
6.60 4.50 23.40 1.50 11.40 1.20 21.00 9.00 20.40 0.90
29.10 7.50 24.00 3.30 28.20 24.60 21.30 21.00 5.40 12.90
25.50 26.40 16.20 29.10 27.90 18.00 21.90 0.30 1.80 9.30
27.90 13.80 21.90 3.00 26.70 1.50 17.40 6.90 14.70 17.70
9.90 1.50 24.90 25.20 28.50 15.60 5.10 5.40 20.10 20.70
20.70 11.40 4.50 17.40 28.50 12.60 7.80 12.60 27.90 3.90
21.00 22.20 1.50 14.10 18.90 18.30 11.70 28.80 0.90 13.80
8.70 6.30 8.10 20.70 5.10 26.10 18.00 0.60 3.00 15.90
14.40 10.80 6.00 24.00 29.40 26.70 21.60 15.60 24.00 8.10
8.40 6.30 22.50 14.70 0.60 22.80 27.90 14.70 13.20 8.40
22.80 1.20 7.20 22.20 5.70 13.80 8.10 24.60 7.80 18.90
