# nJobs | nMachines
20 10
# Job Weights
81
27
43
76
66
7
59
82
14
53
40
30
28
55
34
54
29
82
100
72
# P_bar : m1 | m2 | m3 | m4 | m5 | m6 | m7 | m8 | m9 | m10
80 59 59 31 30 53 93 90 65 64
13 83 70 64 88 19 79 92 97 38
64 85 76 11 14 99 88 35 27 44
77 85 10 9 22 62 77 13 25 46
17 70 65 32 93 88 94 75 61 66
78 35 19 58 48 93 39 55 24 31
82 2 77 98 10 34 74 80 97 48
4 76 86 95 7 72 46 67 61 27
72 46 21 25 14 42 17 3 75 82
93 72 75 4 91 65 30 93 92 51
68 69 96 45 5 39 62 54 73 90
25 46 3 60 43 79 77 67 21 63
67 3 50 87 30 9 43 25 29 85
80 57 57 31 79 26 98 77 3 36
43 71 66 1 39 72 48 38 96 69
93 77 84 96 34 29 14 98 51 67
21 33 98 22 77 36 45 96 26 81
33 49 55 95 81 48 25 20 44 18
14 59 70 73 11 57 98 15 56 81
30 82 32 77 10 95 30 36 31 72
# P_hat : m1 | m2 | m3 | m4 | m5 | m6 | m7 | m8 | m9 | m10
24.00 17.70 17.70 9.30 9.00 15.90 27.90 27.00 19.50 19.20
3.90 24.90 21.00 19.20 26.40 5.70 23.70 27.60 29.10 11.40
19.20 25.50 22.80 3.30 4.20 29.70 26.40 10.50 8.10 13.20
23.10 25.50 3.00 2.70 6.60 18.60 23.10 3.90 7.50 13.80
5.10 21.00 19.50 9.60 27.90 26.40 28.20 22.50 18.30 19.80
23.40 10.50 5.70 17.40 14.40 27.90 11.70 16.50 7.20 9.30
24.60 0.60 23.10 29.40 3.00 10.20 22.20 24.00 29.10 14.40
1.20 22.80 25.80 28.50 2.10 21.60 13.80 20.10 18.30 8.10
21.60 13.80 6.30 7.50 4.20 12.60 5.10 0.90 22.50 24.60
27.90 21.60 22.50 1.20 27.30 19.50 9.00 27.90 27.60 15.30
20.40 20.70 28.80 13.50 1.50 11.70 18.60 16.20 21.90 27.00
7.50 13.80 0.90 18.00 12.90 23.70 23.10 20.10 6.30 18.90
20.10 0.90 15.00 26.10 9.00 2.70 12.90 7.50 8.70 25.50
24.00 17.10 17.10 9.30 23.70 7.80 29.40 23.10 0.90 10.80
12.90 21.30 19.80 0.30 11.70 21.60 14.40 11.40 28.80 20.70
27.90 23.10 25.20 28.80 10.20 8.70 4.20 29.40 15.30 20.10
6.30 9.90 29.40 6.60 23.10 10.80 13.50 28.80 7.80 24.30
9.90 14.70 16.50 28.50 24.30 14.40 7.50 6.00 13.20 5.40
4.20 17.70 21.00 21.90 3.30 17.10 29.40 4.50 16.80 24.30
9.00 24.60 9.60 23.10 3.00 28.50 9.00 10.80 9.30 21.60
