# nJobs | nMachines
20 10
# Job Weights
6
77
30
31
87
8
80
76
97
100
86
98
48
95
45
31
36
83
13
18
# P_bar : m1 | m2 | m3 | m4 | m5 | m6 | m7 | m8 | m9 | m10
74 28 89 60 54 92 9 4 25 15
21 3 52 88 66 11 8 18 15 84
58 27 56 26 12 54 88 25 91 8
4 61 13 58 57 97 72 28 49 30
21 34 7 76 70 57 27 95 56 95
28 76 32 98 82 53 22 51 10 79
58 64 32 29 99 65 50 84 62 9
83 87 98 47 84 77 2 18 70 91
31 54 46 79 16 51 49 6 76 76
61 98 60 26 41 36 82 90 99 26
94 76 23 19 23 53 93 69 58 42
44 41 87 48 11 19 96 61 83 66
97 70 7 95 68 54 43 57 84 70
94 43 36 78 58 86 13 5 64 91
66 42 26 77 30 40 60 75 74 67
6 79 85 90 5 56 11 4 14 3
37 88 7 24 5 79 37 38 18 98
22 15 34 10 39 74 91 28 48 4
99 49 36 85 58 24 84 4 96 71
83 72 48 55 31 3 67 80 86 62
# P_hat : m1 | m2 | m3 | m4 | m5 | m6 | m7 | m8 | m9 | m10
22.20 8.40 26.70 18.00 16.20 27.60 2.70 1.20 7.50 4.50
6.30 0.90 15.60 26.40 19.80 3.30 2.40 5.40 4.50 25.20
17.40 8.10 16.80 7.80 3.60 16.20 26.40 7.50 27.30 2.40
1.20 18.30 3.90 17.40 17.10 29.10 21.60 8.40 14.70 9.00
6.30 10.20 2.10 22.80 21.00 17.10 8.10 28.50 16.80 28.50
8.40 22.80 9.60 29.40 24.60 15.90 6.60 15.30 3.00 23.70
17.40 19.20 9.60 8.70 29.70 19.50 15.00 25.20 18.60 2.70
24.90 26.10 29.40 14.10 25.20 23.10 0.60 5.40 21.00 27.30
9.30 16.20 13.80 23.70 4.80 15.30 14.70 1.80 22.80 22.80
18.30 29.40 18.00 7.80 12.30 10.80 24.60 27.00 29.70 7.80
28.20 22.80 6.90 5.70 6.90 15.90 27.90 20.70 17.40 12.60
13.20 12.30 26.10 14.40 3.30 5.70 28.80 18.30 24.90 19.80
29.10 21.00 2.10 28.50 20.40 16.20 12.90 17.10 25.20 21.00
28.20 12.90 10.80 23.40 17.40 25.80 3.90 1.50 19.20 27.30
19.80 12.60 7.80 23.10 9.00 12.00 18.00 22.50 22.20 20.10
1.80 23.70 25.50 27.00 1.50 16.80 3.30 1.20 4.20 0.90
11.10 26.40 2.10 7.20 1.50 23.70 11.10 11.40 5.40 29.40
6.60 4.50 10.20 3.00 11.70 22.20 27.30 8.40 14.40 1.20
29.70 14.70 10.80 25.50 17.40 7.20 25.20 1.20 28.80 21.30
24.90 21.60 14.40 16.50 9.30 0.90 20.10 24.00 25.80 18.60
