# nJobs | nMachines
20 10
# Job Weights
47
63
74
17
44
7
25
87
24
30
46
84
73
48
47
77
43
78
84
84
# P_bar : m1 | m2 | m3 | m4 | m5 | m6 | m7 | m8 | m9 | m10
74 70 84 63 72 78 33 87 3 28
26 92 20 61 91 58 70 20 86 36
84 36 64 46 21 53 10 71 3 39
41 70 44 6 70 17 45 95 89 63
3 37 69 83 12 36 70 71 57 66
46 36 63 49 67 3 2 99 27 44
39 42 94 78 65 83 92 79 28 18
90 34 86 84 90 91 50 19 88 67
62 29 66 97 47 73 54 41 48 17
63 80 97 56 82 81 64 74 26 84
74 91 25 76 62 74 44 8 58 9
4 56 90 9 3 2 4 55 6 33
37 71 12 38 84 31 99 87 33 80
75 14 62 21 30 37 43 87 3 27
72 31 83 80 91 78 43 37 25 42
30 75 32 47 5 74 11 52 61 60
43 80 12 24 11 51 60 36 93 96
95 73 38 95 41 41 53 6 69 81
41 32 22 80 14 78 45 42 53 31
97 56 92 65 28 26 63 30 47 88
# P_hat : m1 | m2 | m3 | m4 | m5 | m6 | m7 | m8 | m9 | m10
22.20 21.00 25.20 18.90 21.60 23.40 9.90 26.10 0.90 8.40
7.80 27.60 6.00 18.30 27.30 17.40 21.00 6.00 25.80 10.80
25.20 10.80 19.20 13.80 6.30 15.90 3.00 21.30 0.90 11.70
12.30 21.00 13.20 1.80 21.00 5.10 13.50 28.50 26.70 18.90
0.90 11.10 20.70 24.90 3.60 10.80 21.00 21.30 17.10 19.80
13.80 10.80 18.90 14.70 20.10 0.90 0.60 29.70 8.10 13.20
11.70 12.60 28.20 23.40 19.50 24.90 27.60 23.70 8.40 5.40
27.00 10.20 25.80 25.20 27.00 27.30 15.00 5.70 26.40 20.10
18.60 8.70 19.80 29.10 14.10 21.90 16.20 12.30 14.40 5.10
18.90 24.00 29.10 16.80 24.60 24.30 19.20 22.20 7.80 25.20
22.20 27.30 7.50 22.80 18.60 22.20 13.20 2.40 17.40 2.70
1.20 16.80 27.00 2.70 0.90 0.60 1.20 16.50 1.80 9.90
11.10 21.30 3.60 11.40 25.20 9.30 29.70 26.10 9.90 24.00
22.50 4.20 18.60 6.30 9.00 11.10 12.90 26.10 0.90 8.10
21.60 9.30 24.90 24.00 27.30 23.40 12.90 11.10 7.50 12.60
9.00 22.50 9.60 14.10 1.50 22.20 3.30 15.60 18.30 18.00
12.90 24.00 3.60 7.20 3.30 15.30 18.00 10.80 27.90 28.80
28.50 21.90 11.40 28.50 12.30 12.30 15.90 1.80 20.70 24.30
12.30 9.60 6.60 24.00 4.20 23.40 13.50 12.60 15.90 9.30
29.10 16.80 27.60 19.50 8.40 7.80 18.90 9.00 14.10 26.40
