# nJobs | nMachines
20 10
# Job Weights
47
66
69
45
7
8
49
77
45
50
4
29
63
60
95
56
95
48
98
100
# P_bar : m1 | m2 | m3 | m4 | m5 | m6 | m7 | m8 | m9 | m10
64 48 30 84 9 93 71 72 33 85
96 6 94 24 1 44 34 65 95 47
13 34 52 84 66 2 40 20 7 54
9 22 49 16 57 87 57 67 34 31
17 12 32 87 90 93 29 61 6 31
19 78 61 22 61 23 78 69 34 83
52 87 30 51 90 92 99 19 62 28
1 24 6 27 60 51 88 63 97 70
54 87 33 87 40 5 40 50 7 49
86 10 33 87 38 32 40 68 18 27
90 46 42 34 25 69 35 7 8 40
26 16 87 99 15 92 57 93 39 37
16 11 55 37 89 21 56 58 86 55
39 73 13 14 5 77 65 31 58 59
51 24 39 59 81 95 63 97 35 46
4 16 20 13 16 17 48 89 12 25
18 68 9 17 28 47 24 5 50 34
35 14 57 33 58 1 40 98 44 84
65 92 83 31 98 13 20 41 81 72
5 93 2 18 90 73 21 81 89 32
# P_hat : m1 | m2 | m3 | m4 | m5 | m6 | m7 | m8 | m9 | m10
19.20 14.40 9.00 25.20 2.70 27.90 21.30 21.60 9.90 25.50
28.80 1.80 28.20 7.20 0.30 13.20 10.20 19.50 28.50 14.10
3.90 10.20 15.60 25.20 19.80 0.60 12.00 6.00 2.10 16.20
2.70 6.60 14.70 4.80 17.10 26.10 17.10 20.10 10.20 9.30
5.10 3.60 9.60 26.10 27.00 27.90 8.70 18.30 1.80 9.30
5.70 23.40 18.30 6.60 18.30 6.90 23.40 20.70 10.20 24.90
15.60 26.10 9.00 15.30 27.00 27.60 29.70 5.70 18.60 8.40
0.30 7.20 1.80 8.10 18.00 15.30 26.40 18.90 29.10 21.00
16.20 26.10 9.90 26.10 12.00 1.50 12.00 15.00 2.10 14.70
25.80 3.00 9.90 26.10 11.40 9.60 12.00 20.40 5.40 8.10
27.00 13.80 12.60 10.20 7.50 20.70 10.50 2.10 2.40 12.00
7.80 4.80 26.10 29.70 4.50 27.60 17.10 27.90 11.70 11.10
4.80 3.30 16.50 11.10 26.70 6.30 16.80 17.40 25.80 16.50
11.70 21.90 3.90 4.20 1.50 23.10 19.50 9.30 17.40 17.70
15.30 7.20 11.70 17.70 24.30 28.50 18.90 29.10 10.50 13.80
1.20 4.80 6.00 3.90 4.80 5.10 14.40 26.70 3.60 7.50
5.40 20.40 2.70 5.10 8.40 14.10 7.20 1.50 15.00 10.20
10.50 4.20 17.10 9.90 17.40 0.30 12.00 29.40 13.20 25.20
19.50 27.60 24.90 9.30 29.40 3.90 6.00 12.30 24.30 21.60
1.50 27.90 0.60 5.40 27.00 21.90 6.30 24.30 26.70 9.60
