# nJobs | nMachines
20 10
# Job Weights
100
25
97
76
68
74
73
8
59
10
12
4
5
100
62
98
53
94
52
36
# P_bar : m1 | m2 | m3 | m4 | m5 | m6 | m7 | m8 | m9 | m10
39 9 72 93 8 75 16 98 65 21
16 19 13 77 83 70 98 49 93 98
84 71 49 20 29 16 85 46 14 61
51 7 37 1 87 72 63 66 73 78
19 23 89 60 77 85 10 63 97 6
57 7 37 36 15 94 14 88 17 34
33 65 58 85 26 49 82 41 91 53
1 56 4 18 97 40 39 13 71 63
23 37 13 97 44 64 23 43 59 3
39 87 48 24 85 98 29 54 45 50
27 43 4 60 22 46 30 69 45 29
37 4 43 28 17 18 99 97 21 29
37 92 18 94 47 47 34 10 98 20
1 75 9 34 30 2 16 51 64 68
82 86 81 61 10 77 34 95 50 84
24 26 66 10 84 74 28 51 74 29
28 17 82 4 13 77 69 92 77 75
98 7 21 83 26 32 85 71 32 85
74 80 60 91 16 65 50 98 70 98
36 24 26 38 48 91 58 33 95 68
# P_hat : m1 | m2 | m3 | m4 | m5 | m6 | m7 | m8 | m9 | m10
11.70 2.70 21.60 27.90 2.40 22.50 4.80 29.40 19.50 6.30
4.80 5.70 3.90 23.10 24.90 21.00 29.40 14.70 27.90 29.40
25.20 21.30 14.70 6.00 8.70 4.80 25.50 13.80 4.20 18.30
15.30 2.10 11.10 0.30 26.10 21.60 18.90 19.80 21.90 23.40
5.70 6.90 26.70 18.00 23.10 25.50 3.00 18.90 29.10 1.80
17.10 2.10 11.10 10.80 4.50 28.20 4.20 26.40 5.10 10.20
9.90 19.50 17.40 25.50 7.80 14.70 24.60 12.30 27.30 15.90
0.30 16.80 1.20 5.40 29.10 12.00 11.70 3.90 21.30 18.90
6.90 11.10 3.90 29.10 13.20 19.20 6.90 12.90 17.70 0.90
11.70 26.10 14.40 7.20 25.50 29.40 8.70 16.20 13.50 15.00
8.10 12.90 1.20 18.00 6.60 13.80 9.00 20.70 13.50 8.70
11.10 1.20 12.90 8.40 5.10 5.40 29.70 29.10 6.30 8.70
11.10 27.60 5.40 28.20 14.10 14.10 10.20 3.00 29.40 6.00
0.30 22.50 2.70 10.20 9.00 0.60 4.80 15.30 19.20 20.40
24.60 25.80 24.30 18.30 3.00 23.10 10.20 28.50 15.00 25.20
7.20 7.80 19.80 3.00 25.20 22.20 8.40 15.30 22.20 8.70
8.40 5.10 24.60 1.20 3.90 23.10 20.70 27.60 23.10 22.50
29.40 2.10 6.30 24.90 7.80 9.60 25.50 21.30 9.60 25.50
22.20 24.00 18.00 27.30 4.80 19.50 15.00 29.40 21.00 29.40
10.80 7.20 7.80 11.40 14.40 27.30 17.40 9.90 28.50 20.40
