# nJobs | nMachines
200 2
# Job Weights
21
69
99
40
50
24
75
17
4
72
19
98
22
65
82
46
90
70
19
24
11
7
86
97
90
33
82
19
88
29
87
85
66
20
54
59
97
70
94
95
41
16
82
52
92
41
35
31
46
28
3
31
29
95
22
77
32
31
22
57
98
64
48
51
100
29
18
8
4
80
53
36
70
22
47
42
27
83
80
22
37
26
61
26
28
45
32
68
45
14
82
27
67
95
48
18
64
91
76
56
86
42
35
91
72
78
68
34
18
21
90
84
11
58
2
36
22
95
51
74
71
59
63
85
82
38
46
22
61
72
7
7
3
92
48
87
89
72
15
95
91
14
9
31
76
26
28
38
7
40
55
83
27
8
47
28
98
32
19
12
8
89
49
21
19
50
92
10
97
14
46
83
53
96
21
37
72
63
76
46
84
72
92
52
18
24
7
9
72
44
62
22
30
90
55
80
16
89
42
63
# P_bar : m1 | m2
49 50
22 39
27 10
14 37
29 42
42 12
12 29
32 20
40 33
28 19
28 34
20 47
21 38
49 13
19 44
46 38
11 17
28 20
24 42
19 23
26 44
27 28
15 14
36 47
24 49
39 28
28 46
37 18
36 28
38 32
50 43
42 25
19 45
30 46
41 46
13 34
40 48
28 17
33 41
27 17
10 36
33 17
40 38
23 23
49 15
19 42
45 18
23 27
22 10
44 36
42 18
20 16
39 28
46 32
35 48
36 14
41 42
45 23
49 26
26 50
20 46
27 29
13 29
27 29
33 50
36 19
32 32
31 43
17 20
28 32
32 12
22 48
17 49
15 26
40 21
23 13
15 20
47 47
50 49
17 24
44 31
46 11
19 36
50 33
27 33
38 45
37 28
39 11
23 14
39 34
43 28
44 37
37 15
16 13
44 49
11 50
30 43
22 10
11 15
10 31
24 12
47 40
22 22
26 49
45 35
42 40
45 11
50 50
30 47
24 35
11 37
39 32
26 27
28 46
19 31
20 48
24 41
19 17
45 42
20 26
48 20
20 24
37 10
10 23
43 23
28 43
50 15
18 21
50 23
34 48
11 20
37 22
23 15
31 42
39 48
25 18
19 19
43 32
11 21
32 21
22 32
21 34
12 25
41 34
19 48
44 18
43 37
29 16
42 11
27 44
22 38
18 26
50 13
47 17
40 34
26 28
17 16
23 33
39 21
50 15
34 10
13 21
45 10
15 22
39 40
27 20
14 46
27 15
47 45
45 39
36 39
41 39
18 13
49 10
29 37
36 34
14 41
48 28
32 29
29 36
34 48
37 35
35 22
10 40
23 48
38 20
36 18
11 12
37 39
22 42
43 19
46 47
22 42
45 39
20 13
31 18
32 37
19 17
25 34
19 38
# P_hat : m1 | m2
9.49 13.36
2.66 7.28
3.82 2.97
3.01 9.10
7.62 0.56
3.43 1.15
1.23 4.98
8.94 4.33
6.94 5.45
1.50 4.48
5.58 2.88
5.94 2.59
5.19 0.61
10.96 2.24
1.19 9.09
12.09 3.72
1.74 3.13
7.47 0.31
2.37 1.25
0.35 4.84
3.71 4.86
2.19 5.64
3.22 3.49
10.34 12.02
4.98 2.53
10.38 4.08
3.81 10.13
8.57 4.18
9.10 6.59
8.10 2.19
7.62 2.48
7.89 4.43
3.99 10.00
2.28 4.40
9.96 1.44
3.71 7.31
5.58 4.32
5.89 0.85
7.30 1.82
5.36 1.61
1.64 6.40
8.73 1.83
5.39 0.24
0.42 0.67
12.41 1.31
3.84 8.31
11.46 0.53
0.96 4.54
0.20 0.36
12.33 2.29
1.86 0.93
4.86 0.32
9.63 5.64
9.78 4.45
1.38 11.97
7.21 0.42
10.94 1.82
5.74 2.11
6.08 5.97
3.45 4.59
0.49 5.64
7.23 2.62
3.39 0.70
8.08 8.17
5.79 8.23
8.11 4.49
1.95 6.32
6.21 6.63
3.31 0.54
7.57 6.17
7.98 0.56
6.19 5.97
4.43 9.25
3.91 6.10
0.76 4.32
5.84 2.62
2.73 0.89
5.36 4.88
0.85 0.63
3.46 5.18
4.33 8.86
6.46 0.87
3.89 0.95
13.68 4.71
6.69 8.48
5.14 7.45
4.30 0.39
2.81 3.22
2.57 3.48
1.30 1.34
12.53 7.74
7.58 5.00
1.42 1.67
1.69 1.80
7.22 12.27
1.76 9.89
0.32 0.76
6.28 2.87
0.91 0.67
0.05 6.93
0.55 2.29
8.18 2.25
0.91 1.13
0.33 12.79
5.12 4.41
7.85 7.85
1.51 1.66
4.70 10.91
3.76 6.76
1.15 3.02
1.67 4.03
1.00 8.25
0.36 3.79
4.37 2.95
1.41 8.69
0.57 11.47
3.05 0.68
5.22 5.09
9.78 8.76
4.89 1.25
12.56 1.42
5.84 4.99
8.47 2.34
1.83 1.65
4.71 1.77
1.53 3.96
10.30 2.69
5.37 1.08
7.01 0.72
7.38 9.78
1.63 4.67
4.79 3.31
2.83 1.64
4.69 5.44
4.29 5.59
5.62 5.18
4.98 4.38
11.39 2.00
0.75 2.42
8.60 3.43
2.25 5.88
1.95 4.78
2.62 6.08
3.75 7.83
0.30 7.27
4.93 4.61
9.31 8.34
2.84 3.74
7.93 3.16
5.35 3.52
4.84 3.05
4.84 6.93
6.49 3.01
2.35 4.73
3.83 0.64
3.37 5.27
3.64 0.69
0.09 4.99
3.69 0.98
11.70 0.58
6.84 0.04
2.85 3.97
10.96 1.08
3.52 0.69
7.98 3.87
3.56 1.01
4.13 13.00
4.61 1.44
2.86 4.51
3.95 9.83
7.49 7.58
11.37 8.31
0.97 2.48
1.21 2.84
7.67 2.30
9.89 10.09
1.16 10.22
5.43 4.95
6.34 5.76
2.87 7.01
8.95 0.84
1.19 2.29
0.40 6.35
0.63 6.41
1.97 5.45
1.29 4.57
0.71 2.83
2.49 0.05
1.82 8.61
6.03 9.23
4.75 0.94
9.25 13.49
1.49 2.82
3.24 5.36
3.45 0.45
5.21 3.26
7.38 4.17
4.32 1.80
5.03 8.44
2.56 0.11
