# nJobs | nMachines
200 2
# Job Weights
67
5
54
21
82
45
17
92
20
4
96
12
90
15
14
6
11
28
50
6
31
75
3
80
75
51
7
64
92
44
35
18
70
17
94
86
79
5
43
40
21
8
39
31
34
25
62
89
70
67
89
15
96
79
35
14
52
73
93
48
67
38
92
6
31
90
34
38
20
90
83
52
43
94
21
43
30
8
69
47
78
49
16
90
79
8
74
17
16
28
17
62
47
48
21
10
27
62
20
36
31
78
95
8
5
94
15
42
83
12
75
60
90
23
62
37
73
70
16
17
4
2
74
49
84
28
85
11
48
45
48
36
50
27
20
83
45
9
26
50
33
11
49
53
35
70
69
35
58
60
55
35
76
30
36
73
6
73
10
21
80
72
53
57
35
39
38
18
11
65
54
1
90
20
23
27
15
20
7
28
78
62
15
41
77
65
17
79
3
6
16
13
51
28
18
83
76
89
10
15
# P_bar : m1 | m2
44 46
26 47
30 31
15 26
34 36
40 39
37 34
15 15
10 29
17 48
41 44
35 14
33 30
50 33
14 44
42 41
15 12
32 34
32 23
12 47
47 39
16 20
39 11
32 29
26 45
13 15
16 15
36 37
46 15
36 32
32 23
37 47
33 19
35 43
18 34
43 25
17 29
30 15
35 33
50 10
34 47
12 47
16 28
48 26
30 19
12 46
41 35
30 14
23 12
47 44
10 47
45 34
17 10
36 45
11 25
13 50
11 28
46 23
44 43
35 21
46 33
12 28
30 46
12 17
15 32
33 31
32 41
50 34
15 46
22 34
38 33
43 44
39 39
12 13
23 19
13 25
11 26
18 41
28 17
28 15
21 17
30 26
28 34
16 31
42 11
49 18
23 15
26 15
18 24
44 34
40 30
50 47
29 24
45 49
25 28
11 14
31 43
25 39
24 38
39 38
30 40
44 15
39 10
23 33
31 28
24 45
19 26
22 21
23 28
17 46
14 33
28 27
19 38
36 22
47 21
20 34
13 41
10 34
37 10
26 12
21 29
26 33
10 35
19 12
16 15
12 50
28 23
35 32
21 29
34 37
46 29
36 44
46 20
20 23
12 45
37 36
34 20
37 13
21 40
23 47
14 20
20 27
20 25
41 13
10 21
18 50
49 22
12 18
43 40
17 44
38 17
30 31
16 14
31 25
22 19
24 39
44 12
19 49
27 22
26 43
24 32
22 14
48 40
47 36
23 19
17 18
32 32
32 11
15 38
18 14
25 30
26 30
32 19
19 12
45 35
20 37
43 17
30 29
35 34
48 20
25 11
26 19
30 25
37 38
19 15
37 34
42 43
43 27
50 43
23 42
31 40
26 40
23 28
15 20
43 35
14 21
28 49
42 23
32 10
14 17
# P_hat : m1 | m2
8.80 9.20
5.20 9.40
6.00 6.20
3.00 5.20
6.80 7.20
8.00 7.80
7.40 6.80
3.00 3.00
2.00 5.80
3.40 9.60
8.20 8.80
7.00 2.80
6.60 6.00
10.00 6.60
2.80 8.80
8.40 8.20
3.00 2.40
6.40 6.80
6.40 4.60
2.40 9.40
9.40 7.80
3.20 4.00
7.80 2.20
6.40 5.80
5.20 9.00
2.60 3.00
3.20 3.00
7.20 7.40
9.20 3.00
7.20 6.40
6.40 4.60
7.40 9.40
6.60 3.80
7.00 8.60
3.60 6.80
8.60 5.00
3.40 5.80
6.00 3.00
7.00 6.60
10.00 2.00
6.80 9.40
2.40 9.40
3.20 5.60
9.60 5.20
6.00 3.80
2.40 9.20
8.20 7.00
6.00 2.80
4.60 2.40
9.40 8.80
2.00 9.40
9.00 6.80
3.40 2.00
7.20 9.00
2.20 5.00
2.60 10.00
2.20 5.60
9.20 4.60
8.80 8.60
7.00 4.20
9.20 6.60
2.40 5.60
6.00 9.20
2.40 3.40
3.00 6.40
6.60 6.20
6.40 8.20
10.00 6.80
3.00 9.20
4.40 6.80
7.60 6.60
8.60 8.80
7.80 7.80
2.40 2.60
4.60 3.80
2.60 5.00
2.20 5.20
3.60 8.20
5.60 3.40
5.60 3.00
4.20 3.40
6.00 5.20
5.60 6.80
3.20 6.20
8.40 2.20
9.80 3.60
4.60 3.00
5.20 3.00
3.60 4.80
8.80 6.80
8.00 6.00
10.00 9.40
5.80 4.80
9.00 9.80
5.00 5.60
2.20 2.80
6.20 8.60
5.00 7.80
4.80 7.60
7.80 7.60
6.00 8.00
8.80 3.00
7.80 2.00
4.60 6.60
6.20 5.60
4.80 9.00
3.80 5.20
4.40 4.20
4.60 5.60
3.40 9.20
2.80 6.60
5.60 5.40
3.80 7.60
7.20 4.40
9.40 4.20
4.00 6.80
2.60 8.20
2.00 6.80
7.40 2.00
5.20 2.40
4.20 5.80
5.20 6.60
2.00 7.00
3.80 2.40
3.20 3.00
2.40 10.00
5.60 4.60
7.00 6.40
4.20 5.80
6.80 7.40
9.20 5.80
7.20 8.80
9.20 4.00
4.00 4.60
2.40 9.00
7.40 7.20
6.80 4.00
7.40 2.60
4.20 8.00
4.60 9.40
2.80 4.00
4.00 5.40
4.00 5.00
8.20 2.60
2.00 4.20
3.60 10.00
9.80 4.40
2.40 3.60
8.60 8.00
3.40 8.80
7.60 3.40
6.00 6.20
3.20 2.80
6.20 5.00
4.40 3.80
4.80 7.80
8.80 2.40
3.80 9.80
5.40 4.40
5.20 8.60
4.80 6.40
4.40 2.80
9.60 8.00
9.40 7.20
4.60 3.80
3.40 3.60
6.40 6.40
6.40 2.20
3.00 7.60
3.60 2.80
5.00 6.00
5.20 6.00
6.40 3.80
3.80 2.40
9.00 7.00
4.00 7.40
8.60 3.40
6.00 5.80
7.00 6.80
9.60 4.00
5.00 2.20
5.20 3.80
6.00 5.00
7.40 7.60
3.80 3.00
7.40 6.80
8.40 8.60
8.60 5.40
10.00 8.60
4.60 8.40
6.20 8.00
5.20 8.00
4.60 5.60
3.00 4.00
8.60 7.00
2.80 4.20
5.60 9.80
8.40 4.60
6.40 2.00
2.80 3.40
