# nJobs | nMachines
200 2
# Job Weights
63
4
95
93
49
84
62
78
45
73
56
56
29
12
80
97
39
50
4
98
93
66
80
85
6
29
96
37
77
24
20
45
19
75
32
87
40
84
82
25
10
99
63
9
5
12
54
86
74
96
20
1
81
94
8
74
51
75
6
18
63
57
47
86
61
32
28
33
39
43
65
58
34
35
94
56
75
79
25
26
71
35
100
78
79
37
67
36
3
31
65
44
80
33
82
62
24
77
95
91
75
9
38
8
56
65
64
39
15
85
98
41
97
30
43
36
21
26
39
79
80
94
22
34
88
56
93
2
96
17
34
90
93
86
38
60
9
39
1
75
96
60
83
67
76
65
48
9
62
92
63
11
87
40
11
55
62
78
59
45
75
32
99
72
73
8
78
86
87
29
7
36
4
72
73
47
43
93
58
53
97
53
66
28
17
2
30
84
79
13
92
81
53
58
81
2
53
73
38
33
# P_bar : m1 | m2
39 46
38 42
48 26
20 44
25 21
25 49
25 47
17 21
27 13
24 19
27 30
40 15
32 16
12 33
37 39
23 22
25 45
43 24
16 25
36 18
31 31
48 48
29 26
18 37
16 18
15 45
22 41
24 24
21 18
39 39
47 38
13 11
31 26
24 31
46 40
16 17
41 44
28 42
43 22
25 29
13 21
15 20
26 46
44 39
37 14
12 17
23 49
26 31
50 17
26 20
32 26
23 33
48 46
12 21
31 35
46 26
24 19
46 16
38 20
22 12
26 21
15 49
10 31
35 12
16 24
45 15
35 19
45 22
27 42
40 40
36 23
16 24
34 26
37 10
15 16
15 27
33 29
42 43
13 20
23 14
47 26
26 27
35 48
44 31
15 11
19 20
25 19
49 22
49 32
31 46
41 40
10 50
46 48
37 13
38 49
26 19
40 23
29 10
13 16
33 29
32 32
11 29
44 13
22 29
17 40
22 31
36 16
48 15
32 21
16 42
10 22
11 18
34 26
22 29
33 28
38 34
34 36
28 42
21 31
30 17
29 33
35 22
43 25
16 23
22 29
29 36
21 48
35 49
49 27
46 10
38 20
13 29
43 11
33 17
46 15
14 48
34 50
45 20
28 22
17 19
27 10
33 48
40 22
48 33
46 30
11 30
12 48
46 43
20 44
20 22
48 23
12 25
46 23
19 13
36 40
44 37
40 38
18 37
37 45
49 19
47 19
22 28
23 41
34 32
28 35
16 30
40 31
27 23
15 25
38 17
35 28
18 35
33 41
47 30
24 48
10 25
17 32
12 14
18 47
47 38
32 23
38 40
35 49
38 39
39 21
49 31
32 10
37 18
41 44
10 40
17 39
34 30
20 45
28 20
27 28
45 28
15 20
12 36
47 43
32 39
# P_hat : m1 | m2
14.50 6.38
10.03 9.99
9.87 6.12
2.69 8.55
12.48 8.62
0.90 11.05
0.54 14.19
1.85 9.40
13.11 5.63
11.75 8.46
8.84 4.05
17.60 0.26
3.42 2.09
5.83 4.60
2.64 17.73
1.16 7.14
1.40 1.84
12.32 1.62
6.25 1.95
6.60 5.67
15.16 11.40
10.43 20.63
2.18 12.23
4.19 3.73
5.43 2.79
6.24 5.41
5.05 7.35
7.12 10.98
2.81 5.18
12.60 14.39
23.17 9.31
0.32 0.16
13.74 0.83
6.75 8.34
5.80 14.38
7.64 1.83
9.91 15.88
4.64 17.02
3.90 4.53
3.06 10.82
5.41 4.24
4.61 6.78
11.87 17.57
5.10 19.34
2.24 2.42
0.04 3.49
5.84 4.06
12.98 3.16
17.37 5.89
4.01 9.17
14.03 5.13
8.99 2.97
0.37 6.56
4.90 4.78
4.66 5.09
3.44 3.04
2.72 6.99
10.78 0.06
8.07 5.39
3.18 4.76
2.24 2.80
5.72 14.78
4.95 10.37
13.61 3.93
2.37 5.35
5.51 2.60
3.81 7.94
3.08 8.34
7.44 6.75
12.11 2.06
12.70 0.83
5.44 1.13
4.97 7.58
6.11 0.26
5.11 2.70
2.62 10.17
3.51 4.27
7.86 16.41
1.77 7.45
1.02 1.72
19.51 9.47
11.09 10.09
3.85 9.54
1.42 3.26
5.54 2.87
2.01 9.21
4.92 6.08
1.57 1.90
5.54 10.92
12.29 9.83
16.49 11.83
1.04 18.35
7.73 12.36
2.48 5.29
1.41 17.69
12.90 5.84
13.11 1.73
7.86 4.18
4.98 7.49
13.86 1.99
12.91 7.81
0.09 3.75
4.11 4.90
7.20 10.46
3.19 2.82
10.81 13.59
11.98 1.45
22.96 5.98
3.22 4.80
6.91 6.89
1.61 1.74
5.44 1.51
2.68 8.60
5.68 7.98
13.08 1.71
8.22 1.92
7.96 1.30
13.81 15.62
4.47 11.03
9.06 0.50
0.79 9.24
14.74 0.93
13.94 11.30
3.23 10.43
0.18 10.12
8.58 16.67
0.13 19.47
0.02 20.30
15.09 7.69
4.35 1.53
3.65 2.18
4.25 4.74
1.15 3.46
5.17 1.47
3.44 1.94
4.06 11.23
11.25 5.83
16.23 5.89
3.57 10.15
0.76 7.11
1.06 3.33
7.03 13.99
18.92 5.37
5.23 3.08
5.91 13.42
0.55 3.73
3.63 2.19
15.64 16.13
6.43 3.86
8.61 4.09
11.67 0.33
0.81 1.71
6.66 1.99
6.29 0.35
11.04 13.13
11.68 15.48
13.66 7.09
5.74 16.18
16.30 4.80
14.36 3.09
18.30 1.43
2.74 8.69
7.80 8.61
15.34 9.81
5.40 13.33
6.23 8.19
14.50 9.73
0.80 10.76
4.36 3.74
2.47 3.05
16.93 10.05
7.30 10.70
1.81 3.66
2.86 5.64
7.13 11.23
1.72 5.24
0.30 2.85
3.25 6.47
3.49 17.91
2.38 9.15
12.83 7.82
17.39 17.95
13.24 3.34
15.63 4.88
4.22 5.70
6.46 12.38
3.34 0.18
14.15 8.86
19.43 10.01
3.58 7.18
7.49 5.71
10.86 2.62
3.88 17.81
5.96 9.55
1.02 5.79
0.71 13.33
5.22 8.24
2.63 8.66
12.98 14.49
8.92 8.48
