# nJobs | nMachines
200 2
# Job Weights
79
43
100
88
26
75
7
74
57
86
64
30
90
22
8
12
7
22
50
24
47
100
60
52
18
63
55
68
14
4
98
59
26
87
44
48
24
7
91
83
5
72
19
39
53
2
79
46
30
72
70
50
3
9
45
80
11
76
22
63
69
46
10
38
92
34
2
41
84
57
23
36
52
37
28
65
71
77
17
61
64
91
52
97
9
85
34
5
77
69
94
16
24
56
32
52
81
18
70
21
31
66
59
60
28
88
67
96
67
85
3
59
64
36
85
3
60
14
19
28
52
1
50
52
33
12
5
10
77
12
35
30
91
4
27
27
64
43
77
86
81
80
19
4
21
25
5
52
57
88
59
60
40
73
84
3
68
35
31
27
4
58
51
32
75
97
22
9
34
70
63
75
93
58
20
84
82
55
66
78
16
100
40
58
87
44
20
65
88
1
100
92
79
16
41
92
72
89
85
3
# P_bar : m1 | m2
33 10
34 16
38 22
49 12
23 45
41 22
44 45
21 33
24 10
42 22
21 26
21 17
46 42
35 27
41 23
44 25
44 33
40 33
36 17
20 42
14 10
19 45
22 39
38 20
43 13
15 44
29 37
21 16
47 29
39 20
45 49
43 36
39 45
15 31
43 43
14 26
38 34
50 43
13 21
47 47
23 16
12 37
42 30
30 34
11 20
22 28
27 32
50 24
27 23
45 16
13 43
47 45
24 10
14 10
40 20
11 28
26 46
49 40
37 50
11 32
24 17
25 20
50 39
34 48
43 41
40 20
24 38
27 23
46 10
31 13
41 19
28 47
15 20
14 36
30 12
17 21
27 41
40 33
13 13
17 11
19 25
24 19
33 45
33 14
38 44
45 18
42 41
44 32
14 39
29 36
41 35
34 15
25 46
47 48
23 14
33 28
31 42
13 17
38 38
37 35
35 11
36 22
24 22
17 38
31 11
44 38
49 28
17 37
44 45
21 33
24 16
45 15
15 11
15 45
41 25
18 30
14 36
13 45
16 15
39 45
10 30
40 23
34 18
14 32
10 26
49 23
41 31
27 17
50 31
27 38
42 12
13 31
13 13
17 15
44 32
48 42
41 38
31 42
18 31
45 36
34 35
45 39
22 27
49 45
31 16
37 39
44 43
23 35
11 15
40 47
13 36
38 20
32 39
23 50
26 46
17 47
45 10
37 49
37 48
25 33
42 14
27 37
10 33
26 44
50 11
24 40
37 31
10 22
35 50
11 28
42 38
13 33
32 31
45 45
33 13
47 47
22 13
49 46
28 18
48 27
28 26
25 41
22 14
23 11
41 24
24 25
10 20
47 47
50 29
38 47
44 42
13 34
15 14
24 27
22 28
46 42
30 22
49 44
44 21
19 43
# P_hat : m1 | m2
3.30 1.00
3.40 1.60
3.80 2.20
4.90 1.20
2.30 4.50
4.10 2.20
4.40 4.50
2.10 3.30
2.40 1.00
4.20 2.20
2.10 2.60
2.10 1.70
4.60 4.20
3.50 2.70
4.10 2.30
4.40 2.50
4.40 3.30
4.00 3.30
3.60 1.70
2.00 4.20
1.40 1.00
1.90 4.50
2.20 3.90
3.80 2.00
4.30 1.30
1.50 4.40
2.90 3.70
2.10 1.60
4.70 2.90
3.90 2.00
4.50 4.90
4.30 3.60
3.90 4.50
1.50 3.10
4.30 4.30
1.40 2.60
3.80 3.40
5.00 4.30
1.30 2.10
4.70 4.70
2.30 1.60
1.20 3.70
4.20 3.00
3.00 3.40
1.10 2.00
2.20 2.80
2.70 3.20
5.00 2.40
2.70 2.30
4.50 1.60
1.30 4.30
4.70 4.50
2.40 1.00
1.40 1.00
4.00 2.00
1.10 2.80
2.60 4.60
4.90 4.00
3.70 5.00
1.10 3.20
2.40 1.70
2.50 2.00
5.00 3.90
3.40 4.80
4.30 4.10
4.00 2.00
2.40 3.80
2.70 2.30
4.60 1.00
3.10 1.30
4.10 1.90
2.80 4.70
1.50 2.00
1.40 3.60
3.00 1.20
1.70 2.10
2.70 4.10
4.00 3.30
1.30 1.30
1.70 1.10
1.90 2.50
2.40 1.90
3.30 4.50
3.30 1.40
3.80 4.40
4.50 1.80
4.20 4.10
4.40 3.20
1.40 3.90
2.90 3.60
4.10 3.50
3.40 1.50
2.50 4.60
4.70 4.80
2.30 1.40
3.30 2.80
3.10 4.20
1.30 1.70
3.80 3.80
3.70 3.50
3.50 1.10
3.60 2.20
2.40 2.20
1.70 3.80
3.10 1.10
4.40 3.80
4.90 2.80
1.70 3.70
4.40 4.50
2.10 3.30
2.40 1.60
4.50 1.50
1.50 1.10
1.50 4.50
4.10 2.50
1.80 3.00
1.40 3.60
1.30 4.50
1.60 1.50
3.90 4.50
1.00 3.00
4.00 2.30
3.40 1.80
1.40 3.20
1.00 2.60
4.90 2.30
4.10 3.10
2.70 1.70
5.00 3.10
2.70 3.80
4.20 1.20
1.30 3.10
1.30 1.30
1.70 1.50
4.40 3.20
4.80 4.20
4.10 3.80
3.10 4.20
1.80 3.10
4.50 3.60
3.40 3.50
4.50 3.90
2.20 2.70
4.90 4.50
3.10 1.60
3.70 3.90
4.40 4.30
2.30 3.50
1.10 1.50
4.00 4.70
1.30 3.60
3.80 2.00
3.20 3.90
2.30 5.00
2.60 4.60
1.70 4.70
4.50 1.00
3.70 4.90
3.70 4.80
2.50 3.30
4.20 1.40
2.70 3.70
1.00 3.30
2.60 4.40
5.00 1.10
2.40 4.00
3.70 3.10
1.00 2.20
3.50 5.00
1.10 2.80
4.20 3.80
1.30 3.30
3.20 3.10
4.50 4.50
3.30 1.30
4.70 4.70
2.20 1.30
4.90 4.60
2.80 1.80
4.80 2.70
2.80 2.60
2.50 4.10
2.20 1.40
2.30 1.10
4.10 2.40
2.40 2.50
1.00 2.00
4.70 4.70
5.00 2.90
3.80 4.70
4.40 4.20
1.30 3.40
1.50 1.40
2.40 2.70
2.20 2.80
4.60 4.20
3.00 2.20
4.90 4.40
4.40 2.10
1.90 4.30
