# nJobs | nMachines
200 2
# Job Weights
92
38
50
26
4
98
41
43
64
15
12
76
51
67
12
29
21
46
67
88
96
13
23
78
45
44
7
61
95
54
94
7
76
72
98
71
1
73
59
63
26
38
57
18
28
78
42
1
25
12
55
41
24
50
38
60
33
52
65
86
100
60
63
26
87
85
71
75
62
50
24
72
70
47
53
86
82
63
11
32
52
83
47
19
13
97
30
50
91
29
6
57
90
62
38
3
91
88
28
91
44
47
97
38
14
87
66
34
66
23
75
48
74
21
84
95
49
97
25
79
91
63
67
85
39
58
53
7
86
43
93
52
88
4
79
76
56
40
96
100
55
69
20
8
86
97
53
33
11
74
19
98
93
4
96
67
49
66
98
87
91
45
95
85
19
66
71
73
39
50
7
77
1
51
35
27
30
57
38
89
44
9
98
57
2
44
27
28
68
85
4
33
10
92
6
99
92
79
38
27
# P_bar : m1 | m2
26 36
38 26
42 33
38 30
17 24
14 43
30 37
17 44
19 26
50 20
12 11
41 39
22 18
26 15
21 18
36 24
29 12
32 36
16 25
34 15
12 46
27 44
38 50
24 49
24 36
27 27
39 47
42 21
37 24
29 48
10 26
28 38
31 41
44 41
29 31
14 19
39 36
26 41
26 16
30 18
42 39
45 22
48 46
14 41
34 14
19 18
34 18
17 48
37 36
16 15
49 32
40 29
21 30
41 39
30 47
45 18
10 37
24 13
28 11
48 48
47 10
21 28
45 20
18 22
34 49
48 40
45 49
22 41
27 36
10 28
45 43
47 38
45 49
37 35
10 20
38 41
14 11
50 40
40 12
17 14
29 26
25 19
29 16
45 13
23 42
27 28
27 24
27 36
45 30
27 24
27 27
13 23
14 30
31 46
15 14
49 46
10 12
29 48
14 27
41 35
40 50
10 42
14 48
29 15
49 33
50 27
32 21
14 45
27 19
43 22
12 39
41 23
30 27
49 42
14 50
37 39
47 38
36 19
47 44
24 25
38 47
30 36
19 29
12 42
13 24
34 12
28 17
13 18
37 26
26 27
45 47
30 44
35 43
46 17
45 23
39 43
13 33
46 29
24 33
29 38
35 29
25 47
25 36
37 31
45 23
14 15
42 19
27 35
18 35
18 39
50 29
28 10
40 13
46 50
45 12
19 21
16 33
27 21
47 16
31 27
48 45
18 45
23 46
49 47
31 43
39 33
24 22
40 35
41 25
49 50
39 21
28 27
21 12
43 16
14 40
11 17
19 17
32 16
48 38
46 35
48 30
25 14
13 41
11 33
41 41
27 45
46 31
30 16
16 40
26 22
14 20
40 20
38 41
43 23
15 25
18 45
25 15
49 26
23 38
13 45
# P_hat : m1 | m2
7.57 7.25
15.12 9.39
9.04 11.29
8.62 14.45
7.47 2.58
6.27 11.86
3.58 11.13
1.69 21.97
4.71 2.62
22.51 5.23
1.93 1.90
13.37 10.25
7.79 2.09
10.12 0.36
5.92 5.15
7.24 4.03
14.02 1.09
9.78 5.83
5.83 0.62
5.86 7.13
4.02 13.37
3.48 17.92
4.66 10.58
8.58 22.13
6.26 8.70
9.22 7.75
5.25 11.56
12.57 7.70
8.21 6.80
8.66 6.52
1.45 1.89
10.02 11.52
12.49 10.03
5.72 1.97
4.36 6.13
4.63 4.89
13.56 14.88
9.15 1.56
8.88 2.79
5.89 7.40
8.29 12.64
5.73 3.19
3.76 19.44
4.85 10.11
1.58 3.49
8.91 8.79
14.05 8.52
7.29 8.60
16.77 2.53
3.27 2.44
20.74 0.49
3.16 0.30
0.23 5.93
16.09 18.35
1.12 20.48
22.24 4.60
3.37 10.46
9.04 0.04
3.44 1.19
16.17 0.59
1.02 3.77
8.80 2.04
3.82 8.69
6.28 7.08
3.82 5.62
1.64 3.15
10.83 15.38
1.86 18.47
9.85 12.93
1.19 4.88
7.71 12.63
13.33 5.90
6.41 24.48
6.99 13.10
4.08 6.14
3.40 8.68
0.58 3.40
8.21 6.83
8.49 0.17
4.61 2.77
5.40 12.10
9.87 5.95
0.57 0.67
9.71 5.75
4.40 5.65
8.74 3.41
13.04 3.57
6.89 10.39
22.20 8.17
4.08 5.90
0.42 9.69
1.08 3.64
2.77 11.73
4.90 4.03
0.73 5.48
10.60 15.27
1.69 4.10
1.78 11.56
2.07 9.00
18.17 1.40
6.04 21.29
3.57 1.17
4.28 3.57
6.19 4.33
5.86 12.20
9.23 1.03
9.47 9.67
2.46 21.91
2.90 5.76
2.50 5.29
5.28 14.46
9.03 3.78
9.38 6.66
12.02 19.24
6.11 23.89
10.12 18.08
11.30 4.99
16.64 2.21
16.91 6.55
1.34 5.52
3.38 7.38
11.81 6.74
7.94 9.00
3.27 16.01
3.60 8.83
10.74 4.89
6.15 0.27
4.42 0.43
2.01 10.26
12.50 7.20
16.88 13.59
9.47 1.16
5.54 5.49
3.70 5.43
9.21 9.88
12.90 19.72
4.12 8.26
8.80 7.91
7.36 13.75
11.80 10.21
0.46 7.49
5.63 21.27
9.48 14.22
10.10 14.09
14.66 2.51
3.62 3.93
20.83 8.00
0.74 1.95
4.42 13.91
0.82 3.57
3.99 11.72
5.36 3.06
3.11 1.26
22.16 11.83
21.30 4.09
3.19 6.66
5.12 7.05
7.21 9.44
19.17 4.15
9.73 6.83
0.01 1.40
6.87 20.75
8.59 4.07
12.49 12.42
14.00 17.28
17.71 3.55
6.29 5.80
12.16 4.21
20.43 9.50
7.32 14.11
6.33 8.99
2.56 12.08
9.41 3.89
16.01 5.80
0.74 10.98
5.40 3.27
6.94 5.51
13.61 7.27
1.16 7.92
11.61 5.50
16.77 5.83
6.79 3.05
4.33 1.51
4.50 8.22
7.67 10.13
11.46 13.24
3.75 5.62
4.06 4.90
0.35 17.56
4.74 10.51
2.66 5.84
16.11 0.43
12.41 19.87
9.39 8.12
4.89 4.20
0.48 3.31
2.25 1.08
15.36 2.18
7.38 0.87
5.03 20.30
