# nJobs | nMachines
200 2
# Job Weights
35
33
10
40
43
56
38
40
42
85
4
96
3
22
37
62
55
66
28
49
96
7
36
71
94
89
90
15
18
63
40
60
1
1
21
7
19
59
22
7
92
90
12
20
46
56
99
58
29
49
43
17
92
12
5
48
59
29
75
69
89
28
1
90
98
31
78
58
23
82
91
76
6
97
91
39
30
38
33
73
38
36
21
45
81
29
77
4
56
18
97
92
14
82
96
45
91
13
84
94
85
54
73
24
27
43
66
79
13
77
28
30
35
52
61
34
11
51
23
86
77
62
76
47
54
60
70
23
21
33
34
80
74
27
70
67
23
65
41
72
81
28
8
5
92
43
73
95
12
78
56
73
41
52
11
30
89
23
59
90
28
5
22
38
27
77
100
69
91
6
54
46
79
100
95
57
65
43
38
59
26
1
47
3
34
66
100
11
76
8
75
67
37
34
48
25
82
95
100
9
# P_bar : m1 | m2
24 14
39 36
40 43
19 25
50 34
18 21
20 44
36 30
45 37
28 49
41 10
30 29
40 16
11 25
12 44
37 11
17 46
26 40
38 29
48 36
48 13
18 40
37 50
39 37
34 35
46 45
13 28
21 17
23 43
21 32
43 28
46 25
38 41
25 45
34 20
17 28
41 27
21 40
49 45
35 22
11 20
13 13
29 21
10 42
47 32
18 15
11 37
23 34
42 20
31 43
19 15
25 41
44 35
43 28
10 10
49 41
24 20
20 22
20 44
42 21
37 50
13 33
34 10
41 35
48 19
26 13
26 47
21 37
16 10
49 34
41 45
39 32
21 38
24 44
39 29
50 44
25 18
48 50
29 46
21 31
14 49
24 43
49 25
45 27
19 25
38 35
18 41
11 23
11 14
16 37
19 25
19 44
19 38
36 13
37 34
18 34
44 17
33 42
39 17
26 27
11 46
38 35
23 10
26 48
26 23
17 25
17 35
27 38
13 23
41 23
15 23
16 17
16 49
49 29
35 44
30 20
17 15
29 22
15 39
33 24
40 40
42 20
48 21
42 14
18 25
40 41
49 19
10 45
36 44
20 50
33 46
48 36
39 14
24 14
38 50
34 38
44 10
13 20
10 19
42 44
30 32
38 14
19 22
49 25
27 39
48 12
31 36
46 27
20 17
24 11
14 42
41 20
15 21
47 49
43 23
18 46
22 47
35 41
10 30
28 32
14 48
21 15
30 27
40 37
50 17
23 44
29 10
39 30
29 12
50 35
45 21
14 23
32 10
20 40
29 35
20 27
47 19
24 22
29 27
17 32
33 21
48 46
50 27
23 10
23 22
39 15
39 40
41 27
38 40
14 41
41 28
25 18
31 39
50 20
31 38
17 27
18 15
32 16
43 40
40 32
# P_hat : m1 | m2
64.13 2.12
27.56 17.72
92.84 169.65
68.71 31.52
64.04 15.68
48.26 8.99
15.03 126.62
89.97 102.55
60.56 38.03
23.66 4.10
51.36 8.92
21.46 6.56
144.31 6.62
17.48 43.15
11.77 40.47
66.36 22.70
21.80 46.64
77.42 150.49
147.63 105.09
84.10 81.62
165.32 18.43
40.74 60.98
23.27 82.37
107.74 107.68
69.83 63.23
119.71 154.21
46.26 105.74
37.00 22.84
82.91 96.44
63.06 12.17
84.04 22.45
110.99 41.35
49.49 33.82
98.36 157.78
90.76 12.66
2.98 51.03
53.57 65.42
52.36 110.70
11.04 68.95
3.34 76.48
19.80 45.47
17.30 22.85
50.84 5.65
10.51 78.07
30.97 105.05
49.62 36.87
22.64 123.16
18.41 67.19
53.69 9.48
73.38 2.35
5.49 18.19
14.75 114.47
12.89 110.64
139.72 33.12
30.10 19.83
147.65 69.06
68.77 32.84
53.55 20.36
38.16 24.00
107.90 16.52
5.68 11.07
32.32 26.15
105.79 0.37
82.06 87.82
68.64 24.04
28.85 50.60
66.85 36.42
58.20 51.18
55.74 14.31
67.10 1.15
126.24 151.06
87.57 4.10
74.16 142.91
50.67 157.01
80.75 62.12
115.58 95.67
74.93 47.07
185.22 77.41
8.53 119.09
4.49 5.55
52.50 10.59
50.87 78.64
120.52 54.96
86.84 95.88
7.12 10.47
116.75 115.17
53.80 34.45
13.71 36.26
13.47 17.73
53.62 59.22
5.50 15.05
66.96 88.63
19.51 121.85
85.39 22.96
138.53 66.72
48.82 115.43
72.94 48.01
91.02 82.40
53.66 17.52
28.83 95.57
43.85 106.17
114.12 30.96
59.31 10.76
36.95 154.20
5.11 4.06
2.11 99.21
37.68 18.25
82.30 121.00
27.94 36.32
137.89 45.28
2.01 81.02
23.47 28.08
15.17 105.35
87.67 5.72
10.13 0.41
114.50 19.58
15.18 40.83
106.99 10.67
25.55 17.75
130.09 39.45
88.65 103.65
156.38 56.97
1.03 14.99
125.70 4.46
65.02 94.04
22.36 42.75
18.84 64.85
16.98 155.43
134.45 135.96
43.39 33.77
69.62 151.21
27.10 110.77
0.12 33.42
77.77 18.88
13.31 52.50
86.20 18.53
160.97 20.39
10.85 46.82
26.61 27.31
13.22 83.66
72.45 46.53
24.92 35.90
55.93 79.31
59.04 16.39
50.05 59.50
115.09 6.76
21.24 89.99
136.46 78.72
24.21 63.37
63.59 12.27
8.86 159.64
112.85 5.06
7.69 50.65
79.97 11.20
42.52 82.23
53.88 97.48
23.06 125.84
123.44 136.38
35.67 18.04
22.00 4.94
34.38 168.75
7.37 18.90
46.98 13.93
114.13 69.33
131.88 40.68
57.47 5.45
32.77 11.00
58.97 3.94
11.94 20.18
143.80 125.31
90.70 82.54
39.69 58.61
31.86 6.47
25.96 144.94
38.77 72.27
2.06 16.60
64.12 70.05
77.12 66.66
104.09 79.02
35.24 90.78
60.13 16.83
5.92 38.83
175.84 74.34
1.20 8.79
86.92 38.60
76.32 46.92
53.34 125.43
151.57 48.95
3.71 126.75
32.56 137.53
90.02 73.33
21.93 16.45
53.18 42.75
130.45 25.19
90.16 17.75
0.05 29.50
67.45 12.57
21.06 29.14
40.18 145.35
42.16 13.37
