# nJobs | nMachines
200 2
# Job Weights
6
65
91
62
24
94
25
65
34
72
95
66
40
95
93
79
12
84
80
47
92
16
50
9
61
8
92
48
5
11
82
100
95
7
95
73
54
73
89
53
73
22
42
16
74
79
59
67
64
28
73
69
29
87
14
97
70
49
14
96
68
92
21
83
66
58
54
54
91
48
65
76
51
69
89
56
22
94
18
86
14
8
17
4
16
56
42
9
69
78
85
68
10
28
67
8
7
54
55
17
13
84
63
78
57
85
85
79
44
11
73
32
45
75
13
77
73
35
11
85
33
19
39
55
7
87
23
35
62
51
83
95
8
79
61
90
15
65
25
53
2
20
23
6
31
20
62
61
85
51
74
31
22
3
89
31
29
1
89
83
51
72
34
37
21
86
37
68
47
3
26
60
36
83
82
90
7
21
38
36
23
56
51
34
93
50
12
17
76
95
51
40
74
20
43
22
19
7
57
32
# P_bar : m1 | m2
32 34
35 42
38 49
45 38
40 10
34 23
29 25
36 23
23 47
24 27
40 25
40 19
27 18
21 30
10 18
49 32
10 24
47 23
22 41
41 32
28 39
31 46
37 48
19 39
14 46
31 41
48 33
15 30
13 23
12 20
24 14
20 37
12 47
50 14
38 40
33 24
22 44
30 37
18 23
41 37
41 26
25 12
42 44
46 48
24 18
10 31
25 26
48 37
18 12
37 40
18 16
41 44
24 35
48 36
31 27
50 23
13 27
19 43
18 45
16 27
49 41
27 32
32 48
45 21
29 10
36 33
17 16
15 49
12 41
12 25
15 50
45 12
24 25
14 15
12 21
24 46
20 27
28 19
26 25
16 26
25 24
22 31
11 43
41 40
32 23
46 14
33 37
35 22
25 13
44 42
18 34
17 30
10 48
48 16
30 25
18 14
10 15
47 17
17 13
50 28
24 42
16 39
25 11
43 39
29 39
50 19
36 19
35 31
34 31
34 31
25 27
38 35
10 39
27 45
13 44
26 26
35 13
30 41
16 33
20 13
32 47
50 32
24 31
48 29
46 42
45 20
36 49
33 21
29 50
35 28
20 46
48 16
50 30
18 30
32 37
12 24
10 39
50 30
21 37
38 48
22 39
50 45
49 24
13 35
13 15
13 31
17 46
42 27
36 39
27 39
16 34
34 36
42 32
48 28
31 45
38 36
42 39
50 32
50 43
41 24
13 42
16 23
27 28
26 11
21 46
13 10
39 32
32 17
25 20
33 30
14 15
11 33
44 34
37 16
28 30
26 20
17 10
47 40
33 13
31 50
17 30
44 30
47 37
44 26
39 12
26 24
16 26
16 42
28 34
33 17
10 29
13 25
35 21
22 23
19 17
19 28
13 30
18 12
30 47
38 46
# P_hat : m1 | m2
0.61 2.65
7.52 5.32
1.20 2.18
17.76 5.16
10.59 3.84
0.49 9.81
0.59 9.74
11.03 7.26
9.27 12.08
5.25 9.57
11.09 4.89
16.00 7.99
8.24 6.09
2.36 10.47
3.07 4.82
15.39 14.16
3.67 3.02
14.59 4.38
10.66 15.94
4.04 7.88
13.32 17.34
8.34 7.97
12.43 8.86
0.94 17.33
2.66 10.68
11.93 10.58
16.97 5.49
0.30 4.15
3.55 7.54
0.53 1.20
11.95 6.15
8.97 14.42
0.13 4.48
21.47 4.86
17.47 12.05
5.83 2.21
7.91 6.01
6.63 7.57
5.90 8.04
6.98 11.82
6.61 6.92
5.31 4.61
3.06 16.67
19.12 14.83
4.18 7.08
2.00 5.18
11.18 11.46
11.92 11.38
4.90 4.93
17.70 10.93
7.98 1.75
3.47 11.93
5.68 6.49
23.31 12.55
5.77 6.42
9.29 9.62
1.27 9.15
1.09 14.72
6.66 4.89
6.16 13.29
23.74 17.25
10.44 12.62
3.89 7.93
0.90 5.62
14.29 0.69
6.13 8.88
2.65 1.17
6.79 13.55
3.51 13.30
1.29 4.88
6.67 12.46
22.35 5.25
1.04 1.36
6.04 5.94
2.34 1.79
6.29 0.84
9.15 2.51
13.63 7.27
3.41 5.06
1.70 11.34
1.01 6.30
6.18 0.34
0.07 15.41
8.44 2.20
1.17 9.08
9.32 1.18
0.66 6.39
14.62 8.37
2.62 6.20
7.22 7.80
7.83 14.10
6.34 2.86
1.10 19.37
1.73 5.26
10.74 2.41
3.52 2.12
3.83 0.99
10.46 3.26
2.94 1.32
11.28 9.02
8.98 20.88
7.22 0.23
0.62 2.98
11.27 11.19
0.48 17.83
11.71 4.81
15.94 5.17
6.33 7.31
15.85 4.17
10.72 0.87
11.68 5.52
14.39 0.92
0.52 10.73
3.12 6.91
2.56 11.74
2.21 1.75
8.66 6.06
7.07 18.34
7.65 3.13
4.34 2.23
12.57 14.42
23.55 1.53
10.52 5.50
5.01 3.64
11.41 19.23
7.82 8.53
7.20 14.21
5.95 5.46
11.98 23.27
7.91 13.05
5.24 22.29
23.58 1.00
1.50 2.41
4.39 10.15
12.38 10.02
0.91 0.22
3.06 1.21
5.99 13.32
9.11 16.07
6.21 8.57
3.62 17.38
14.95 13.36
4.50 9.67
1.85 7.48
2.71 0.85
2.30 6.72
4.46 10.52
12.59 7.44
10.20 2.06
8.83 19.33
2.46 4.15
2.15 3.57
15.98 8.43
20.42 7.52
3.98 9.90
7.73 13.89
10.47 10.07
13.33 9.76
16.49 15.56
0.85 0.30
4.69 11.98
0.50 10.17
6.32 0.24
10.76 2.23
4.74 21.30
0.97 1.77
19.21 7.34
14.23 8.34
9.64 1.99
6.79 0.98
1.29 6.45
5.18 14.33
11.71 8.03
15.77 4.11
4.79 12.54
4.36 7.39
8.38 1.33
12.26 0.34
2.32 3.12
3.40 21.47
4.10 13.44
0.93 14.34
10.87 16.27
9.22 7.54
15.20 2.67
4.61 9.30
7.86 9.62
1.45 11.30
8.27 1.48
1.48 7.87
3.67 6.61
6.47 4.54
14.33 6.61
6.11 7.75
4.61 1.79
7.93 11.72
6.08 4.35
8.90 1.12
5.95 9.55
18.83 16.80
