# nJobs | nMachines
200 2
# Job Weights
35
33
10
40
43
56
38
40
42
85
4
96
3
22
37
62
55
66
28
49
96
7
36
71
94
89
90
15
18
63
40
60
1
1
21
7
19
59
22
7
92
90
12
20
46
56
99
58
29
49
43
17
92
12
5
48
59
29
75
69
89
28
1
90
98
31
78
58
23
82
91
76
6
97
91
39
30
38
33
73
38
36
21
45
81
29
77
4
56
18
97
92
14
82
96
45
91
13
84
94
85
54
73
24
27
43
66
79
13
77
28
30
35
52
61
34
11
51
23
86
77
62
76
47
54
60
70
23
21
33
34
80
74
27
70
67
23
65
41
72
81
28
8
5
92
43
73
95
12
78
56
73
41
52
11
30
89
23
59
90
28
5
22
38
27
77
100
69
91
6
54
46
79
100
95
57
65
43
38
59
26
1
47
3
34
66
100
11
76
8
75
67
37
34
48
25
82
95
100
9
# P_bar : m1 | m2
24 14
39 36
40 43
19 25
50 34
18 21
20 44
36 30
45 37
28 49
41 10
30 29
40 16
11 25
12 44
37 11
17 46
26 40
38 29
48 36
48 13
18 40
37 50
39 37
34 35
46 45
13 28
21 17
23 43
21 32
43 28
46 25
38 41
25 45
34 20
17 28
41 27
21 40
49 45
35 22
11 20
13 13
29 21
10 42
47 32
18 15
11 37
23 34
42 20
31 43
19 15
25 41
44 35
43 28
10 10
49 41
24 20
20 22
20 44
42 21
37 50
13 33
34 10
41 35
48 19
26 13
26 47
21 37
16 10
49 34
41 45
39 32
21 38
24 44
39 29
50 44
25 18
48 50
29 46
21 31
14 49
24 43
49 25
45 27
19 25
38 35
18 41
11 23
11 14
16 37
19 25
19 44
19 38
36 13
37 34
18 34
44 17
33 42
39 17
26 27
11 46
38 35
23 10
26 48
26 23
17 25
17 35
27 38
13 23
41 23
15 23
16 17
16 49
49 29
35 44
30 20
17 15
29 22
15 39
33 24
40 40
42 20
48 21
42 14
18 25
40 41
49 19
10 45
36 44
20 50
33 46
48 36
39 14
24 14
38 50
34 38
44 10
13 20
10 19
42 44
30 32
38 14
19 22
49 25
27 39
48 12
31 36
46 27
20 17
24 11
14 42
41 20
15 21
47 49
43 23
18 46
22 47
35 41
10 30
28 32
14 48
21 15
30 27
40 37
50 17
23 44
29 10
39 30
29 12
50 35
45 21
14 23
32 10
20 40
29 35
20 27
47 19
24 22
29 27
17 32
33 21
48 46
50 27
23 10
23 22
39 15
39 40
41 27
38 40
14 41
41 28
25 18
31 39
50 20
31 38
17 27
18 15
32 16
43 40
40 32
# P_hat : m1 | m2
12.00 7.00
19.50 18.00
20.00 21.50
9.50 12.50
25.00 17.00
9.00 10.50
10.00 22.00
18.00 15.00
22.50 18.50
14.00 24.50
20.50 5.00
15.00 14.50
20.00 8.00
5.50 12.50
6.00 22.00
18.50 5.50
8.50 23.00
13.00 20.00
19.00 14.50
24.00 18.00
24.00 6.50
9.00 20.00
18.50 25.00
19.50 18.50
17.00 17.50
23.00 22.50
6.50 14.00
10.50 8.50
11.50 21.50
10.50 16.00
21.50 14.00
23.00 12.50
19.00 20.50
12.50 22.50
17.00 10.00
8.50 14.00
20.50 13.50
10.50 20.00
24.50 22.50
17.50 11.00
5.50 10.00
6.50 6.50
14.50 10.50
5.00 21.00
23.50 16.00
9.00 7.50
5.50 18.50
11.50 17.00
21.00 10.00
15.50 21.50
9.50 7.50
12.50 20.50
22.00 17.50
21.50 14.00
5.00 5.00
24.50 20.50
12.00 10.00
10.00 11.00
10.00 22.00
21.00 10.50
18.50 25.00
6.50 16.50
17.00 5.00
20.50 17.50
24.00 9.50
13.00 6.50
13.00 23.50
10.50 18.50
8.00 5.00
24.50 17.00
20.50 22.50
19.50 16.00
10.50 19.00
12.00 22.00
19.50 14.50
25.00 22.00
12.50 9.00
24.00 25.00
14.50 23.00
10.50 15.50
7.00 24.50
12.00 21.50
24.50 12.50
22.50 13.50
9.50 12.50
19.00 17.50
9.00 20.50
5.50 11.50
5.50 7.00
8.00 18.50
9.50 12.50
9.50 22.00
9.50 19.00
18.00 6.50
18.50 17.00
9.00 17.00
22.00 8.50
16.50 21.00
19.50 8.50
13.00 13.50
5.50 23.00
19.00 17.50
11.50 5.00
13.00 24.00
13.00 11.50
8.50 12.50
8.50 17.50
13.50 19.00
6.50 11.50
20.50 11.50
7.50 11.50
8.00 8.50
8.00 24.50
24.50 14.50
17.50 22.00
15.00 10.00
8.50 7.50
14.50 11.00
7.50 19.50
16.50 12.00
20.00 20.00
21.00 10.00
24.00 10.50
21.00 7.00
9.00 12.50
20.00 20.50
24.50 9.50
5.00 22.50
18.00 22.00
10.00 25.00
16.50 23.00
24.00 18.00
19.50 7.00
12.00 7.00
19.00 25.00
17.00 19.00
22.00 5.00
6.50 10.00
5.00 9.50
21.00 22.00
15.00 16.00
19.00 7.00
9.50 11.00
24.50 12.50
13.50 19.50
24.00 6.00
15.50 18.00
23.00 13.50
10.00 8.50
12.00 5.50
7.00 21.00
20.50 10.00
7.50 10.50
23.50 24.50
21.50 11.50
9.00 23.00
11.00 23.50
17.50 20.50
5.00 15.00
14.00 16.00
7.00 24.00
10.50 7.50
15.00 13.50
20.00 18.50
25.00 8.50
11.50 22.00
14.50 5.00
19.50 15.00
14.50 6.00
25.00 17.50
22.50 10.50
7.00 11.50
16.00 5.00
10.00 20.00
14.50 17.50
10.00 13.50
23.50 9.50
12.00 11.00
14.50 13.50
8.50 16.00
16.50 10.50
24.00 23.00
25.00 13.50
11.50 5.00
11.50 11.00
19.50 7.50
19.50 20.00
20.50 13.50
19.00 20.00
7.00 20.50
20.50 14.00
12.50 9.00
15.50 19.50
25.00 10.00
15.50 19.00
8.50 13.50
9.00 7.50
16.00 8.00
21.50 20.00
20.00 16.00
