# nJobs | nMachines
200 2
# Job Weights
79
43
100
88
26
75
7
74
57
86
64
30
90
22
8
12
7
22
50
24
47
100
60
52
18
63
55
68
14
4
98
59
26
87
44
48
24
7
91
83
5
72
19
39
53
2
79
46
30
72
70
50
3
9
45
80
11
76
22
63
69
46
10
38
92
34
2
41
84
57
23
36
52
37
28
65
71
77
17
61
64
91
52
97
9
85
34
5
77
69
94
16
24
56
32
52
81
18
70
21
31
66
59
60
28
88
67
96
67
85
3
59
64
36
85
3
60
14
19
28
52
1
50
52
33
12
5
10
77
12
35
30
91
4
27
27
64
43
77
86
81
80
19
4
21
25
5
52
57
88
59
60
40
73
84
3
68
35
31
27
4
58
51
32
75
97
22
9
34
70
63
75
93
58
20
84
82
55
66
78
16
100
40
58
87
44
20
65
88
1
100
92
79
16
41
92
72
89
85
3
# P_bar : m1 | m2
33 10
34 16
38 22
49 12
23 45
41 22
44 45
21 33
24 10
42 22
21 26
21 17
46 42
35 27
41 23
44 25
44 33
40 33
36 17
20 42
14 10
19 45
22 39
38 20
43 13
15 44
29 37
21 16
47 29
39 20
45 49
43 36
39 45
15 31
43 43
14 26
38 34
50 43
13 21
47 47
23 16
12 37
42 30
30 34
11 20
22 28
27 32
50 24
27 23
45 16
13 43
47 45
24 10
14 10
40 20
11 28
26 46
49 40
37 50
11 32
24 17
25 20
50 39
34 48
43 41
40 20
24 38
27 23
46 10
31 13
41 19
28 47
15 20
14 36
30 12
17 21
27 41
40 33
13 13
17 11
19 25
24 19
33 45
33 14
38 44
45 18
42 41
44 32
14 39
29 36
41 35
34 15
25 46
47 48
23 14
33 28
31 42
13 17
38 38
37 35
35 11
36 22
24 22
17 38
31 11
44 38
49 28
17 37
44 45
21 33
24 16
45 15
15 11
15 45
41 25
18 30
14 36
13 45
16 15
39 45
10 30
40 23
34 18
14 32
10 26
49 23
41 31
27 17
50 31
27 38
42 12
13 31
13 13
17 15
44 32
48 42
41 38
31 42
18 31
45 36
34 35
45 39
22 27
49 45
31 16
37 39
44 43
23 35
11 15
40 47
13 36
38 20
32 39
23 50
26 46
17 47
45 10
37 49
37 48
25 33
42 14
27 37
10 33
26 44
50 11
24 40
37 31
10 22
35 50
11 28
42 38
13 33
32 31
45 45
33 13
47 47
22 13
49 46
28 18
48 27
28 26
25 41
22 14
23 11
41 24
24 25
10 20
47 47
50 29
38 47
44 42
13 34
15 14
24 27
22 28
46 42
30 22
49 44
44 21
19 43
# P_hat : m1 | m2
2.03 0.99
8.82 6.27
4.67 10.00
8.77 2.22
11.38 16.90
14.03 9.87
20.88 19.04
1.50 3.02
4.59 4.78
11.65 4.14
0.81 4.41
0.04 0.53
15.42 10.21
11.23 1.47
8.42 2.86
10.77 3.96
9.14 13.35
0.48 14.45
6.04 2.57
1.77 18.03
0.69 4.29
9.09 17.20
6.59 2.86
13.84 6.90
6.78 6.14
2.95 15.02
3.44 6.13
1.02 4.00
4.21 9.36
15.55 5.11
15.24 2.94
11.76 5.62
9.26 18.05
6.92 13.35
1.56 2.95
1.96 12.38
6.65 5.59
19.56 14.24
6.45 7.89
5.66 19.08
10.05 7.57
4.98 5.79
4.72 12.88
5.99 2.24
2.25 7.05
10.76 10.39
2.44 10.84
19.98 3.03
4.51 10.04
16.44 1.35
2.73 1.15
13.59 16.14
9.99 2.38
5.63 4.25
17.33 3.83
0.33 2.36
9.00 19.24
3.43 10.98
7.69 4.73
3.02 11.53
4.83 4.34
6.50 6.04
24.91 8.99
2.30 19.89
14.52 17.01
7.92 7.09
1.60 2.00
2.14 9.65
21.83 3.36
13.63 4.53
18.59 3.45
13.88 20.66
1.56 7.25
2.49 2.03
10.04 2.45
4.11 9.31
5.65 0.97
7.16 15.86
3.86 4.41
4.89 3.47
1.53 3.38
5.66 2.36
9.13 21.20
9.41 2.09
3.99 17.06
16.70 3.54
0.53 2.85
7.81 0.17
5.46 10.61
8.18 17.56
5.35 6.46
11.81 2.68
7.09 7.91
18.71 12.49
8.45 3.08
10.07 12.32
7.57 10.62
0.87 4.32
4.97 2.63
7.75 17.20
10.49 1.37
9.25 0.81
3.46 7.29
0.05 11.31
7.69 2.28
6.28 8.02
18.00 10.99
0.20 3.62
12.87 18.46
9.89 10.70
2.09 3.35
10.61 3.44
0.69 1.41
4.69 16.92
11.29 6.41
3.67 4.81
3.65 10.73
5.83 22.40
1.57 3.26
0.44 20.72
4.31 5.18
11.54 0.63
15.14 1.84
4.18 6.70
4.05 2.86
10.53 0.00
15.37 14.18
12.33 7.17
14.30 11.51
2.44 3.19
5.64 0.72
1.29 1.05
1.60 4.71
2.60 6.97
12.21 6.89
14.11 2.50
8.74 9.74
9.54 7.33
0.73 5.81
1.98 11.18
2.92 12.58
11.66 2.16
2.35 0.48
6.94 22.37
6.20 1.86
15.02 1.05
0.30 4.08
7.47 0.68
3.68 2.94
15.97 18.86
6.06 6.14
0.38 4.44
2.46 13.17
10.19 12.72
5.96 19.81
4.80 20.35
14.92 0.05
12.56 19.06
17.24 11.06
12.46 16.32
15.12 3.38
3.88 18.26
4.40 12.45
0.64 5.47
5.78 2.96
10.77 19.84
4.74 13.29
1.10 1.07
2.42 17.66
4.73 4.84
10.50 0.13
4.39 6.66
3.83 3.64
17.06 18.42
12.54 2.19
7.35 19.45
4.52 0.00
5.14 7.08
13.67 2.17
15.49 3.15
13.08 0.89
3.79 3.84
8.60 3.89
8.81 1.60
14.18 5.01
11.59 4.71
1.97 8.76
3.07 21.27
16.79 7.15
13.86 7.76
12.65 2.24
1.34 16.21
3.78 0.42
3.75 4.02
4.70 4.17
14.84 6.73
11.18 1.81
5.69 17.23
8.92 1.29
2.56 13.65
