# nJobs | nMachines
200 2
# Job Weights
67
5
54
21
82
45
17
92
20
4
96
12
90
15
14
6
11
28
50
6
31
75
3
80
75
51
7
64
92
44
35
18
70
17
94
86
79
5
43
40
21
8
39
31
34
25
62
89
70
67
89
15
96
79
35
14
52
73
93
48
67
38
92
6
31
90
34
38
20
90
83
52
43
94
21
43
30
8
69
47
78
49
16
90
79
8
74
17
16
28
17
62
47
48
21
10
27
62
20
36
31
78
95
8
5
94
15
42
83
12
75
60
90
23
62
37
73
70
16
17
4
2
74
49
84
28
85
11
48
45
48
36
50
27
20
83
45
9
26
50
33
11
49
53
35
70
69
35
58
60
55
35
76
30
36
73
6
73
10
21
80
72
53
57
35
39
38
18
11
65
54
1
90
20
23
27
15
20
7
28
78
62
15
41
77
65
17
79
3
6
16
13
51
28
18
83
76
89
10
15
# P_bar : m1 | m2
44 46
26 47
30 31
15 26
34 36
40 39
37 34
15 15
10 29
17 48
41 44
35 14
33 30
50 33
14 44
42 41
15 12
32 34
32 23
12 47
47 39
16 20
39 11
32 29
26 45
13 15
16 15
36 37
46 15
36 32
32 23
37 47
33 19
35 43
18 34
43 25
17 29
30 15
35 33
50 10
34 47
12 47
16 28
48 26
30 19
12 46
41 35
30 14
23 12
47 44
10 47
45 34
17 10
36 45
11 25
13 50
11 28
46 23
44 43
35 21
46 33
12 28
30 46
12 17
15 32
33 31
32 41
50 34
15 46
22 34
38 33
43 44
39 39
12 13
23 19
13 25
11 26
18 41
28 17
28 15
21 17
30 26
28 34
16 31
42 11
49 18
23 15
26 15
18 24
44 34
40 30
50 47
29 24
45 49
25 28
11 14
31 43
25 39
24 38
39 38
30 40
44 15
39 10
23 33
31 28
24 45
19 26
22 21
23 28
17 46
14 33
28 27
19 38
36 22
47 21
20 34
13 41
10 34
37 10
26 12
21 29
26 33
10 35
19 12
16 15
12 50
28 23
35 32
21 29
34 37
46 29
36 44
46 20
20 23
12 45
37 36
34 20
37 13
21 40
23 47
14 20
20 27
20 25
41 13
10 21
18 50
49 22
12 18
43 40
17 44
38 17
30 31
16 14
31 25
22 19
24 39
44 12
19 49
27 22
26 43
24 32
22 14
48 40
47 36
23 19
17 18
32 32
32 11
15 38
18 14
25 30
26 30
32 19
19 12
45 35
20 37
43 17
30 29
35 34
48 20
25 11
26 19
30 25
37 38
19 15
37 34
42 43
43 27
50 43
23 42
31 40
26 40
23 28
15 20
43 35
14 21
28 49
42 23
32 10
14 17
# P_hat : m1 | m2
4.93 7.19
2.60 2.43
1.59 2.84
2.73 2.51
4.86 1.72
10.39 2.40
0.36 8.04
2.90 0.75
2.29 0.25
3.87 9.06
10.90 12.88
7.65 1.39
9.19 1.07
4.99 5.65
2.11 11.96
0.18 9.64
0.03 2.24
2.31 3.21
0.97 3.74
0.94 1.29
2.50 7.94
0.14 4.35
10.64 3.18
0.08 2.27
5.74 0.25
0.59 2.46
4.38 3.18
9.64 8.77
9.02 0.87
7.26 2.51
0.05 3.54
10.93 4.66
8.69 4.90
9.40 6.11
3.56 8.16
4.45 4.35
4.56 6.73
2.62 1.50
5.91 8.23
1.50 0.82
9.40 7.70
0.51 3.02
1.08 3.99
8.04 2.48
6.88 1.52
2.23 13.34
2.86 1.68
0.01 3.31
5.22 3.54
13.89 0.26
2.43 9.86
6.21 2.58
4.61 0.12
4.43 5.44
1.73 7.01
1.86 0.18
1.48 4.94
10.70 3.46
6.95 11.27
3.33 0.53
3.56 6.75
0.14 5.71
5.25 9.23
0.83 4.81
0.67 7.90
6.47 0.39
6.54 5.79
11.28 4.06
2.27 4.28
5.90 4.60
10.67 3.80
10.42 5.71
7.44 11.46
1.09 0.35
6.78 5.26
1.07 3.60
0.67 4.87
2.39 10.21
0.48 1.84
8.22 1.94
3.71 2.09
5.01 2.92
5.51 9.44
2.39 7.71
0.40 0.36
9.00 0.58
4.94 1.93
3.25 0.44
4.09 4.46
3.00 1.47
2.66 4.70
2.42 0.10
3.24 2.28
11.43 9.95
6.21 4.07
1.26 4.11
5.48 11.28
5.41 4.20
1.74 0.52
1.97 9.64
8.75 10.93
8.15 3.69
11.48 0.38
2.33 9.88
6.54 2.17
1.60 9.78
1.49 7.08
3.38 1.48
2.21 7.63
0.85 4.27
1.10 9.67
0.30 2.28
4.02 10.87
5.31 0.35
1.33 4.47
1.03 5.43
0.40 5.88
1.84 2.28
1.05 2.12
5.88 0.69
0.13 4.81
1.95 2.51
2.67 10.03
4.10 0.10
0.35 0.90
2.96 3.63
4.14 2.86
8.89 2.23
3.78 4.27
6.95 9.68
13.71 6.19
2.51 7.66
8.61 0.53
2.76 4.79
0.14 2.25
0.16 8.49
1.22 1.50
7.20 1.63
3.57 4.21
3.82 12.11
0.13 0.76
2.82 4.58
5.55 1.07
4.89 2.75
1.87 5.70
4.21 6.52
11.52 3.22
1.87 5.01
11.07 6.25
2.00 6.44
10.13 2.95
2.16 6.41
1.35 0.45
0.49 6.16
5.25 2.48
3.00 0.85
3.02 2.83
1.32 5.54
7.30 0.66
6.50 8.18
3.99 8.45
4.07 3.73
6.83 11.49
5.52 9.37
6.32 0.01
0.64 2.05
4.02 7.86
3.31 1.21
2.24 6.86
2.47 2.55
3.89 3.29
1.09 8.14
4.93 2.87
1.38 1.67
2.49 10.47
0.39 5.48
9.84 0.91
3.85 4.46
6.58 8.30
10.48 4.66
5.09 2.60
3.67 4.04
3.49 1.91
4.17 9.83
3.65 4.02
5.49 1.98
10.70 1.68
11.28 7.90
2.56 11.20
0.94 11.25
5.86 10.64
2.35 6.50
0.13 5.43
4.00 3.27
2.93 0.54
3.90 4.70
6.03 7.43
9.61 4.47
1.93 1.51
0.98 2.51
