# nJobs | nMachines
200 2
# Job Weights
78
81
7
53
33
79
53
60
93
45
36
16
24
15
42
69
76
17
12
69
47
43
68
80
65
64
42
75
83
84
48
38
87
99
55
88
4
68
7
64
83
9
75
69
26
44
74
98
88
53
26
34
85
34
83
81
41
38
60
21
31
57
23
36
87
69
51
19
78
38
65
41
60
75
44
29
54
26
97
10
74
22
38
21
4
58
90
16
17
44
55
49
27
22
63
65
30
54
14
49
16
93
95
57
42
26
36
58
63
25
19
7
56
2
56
80
48
45
4
39
15
49
43
13
68
46
61
6
35
53
38
72
80
54
37
30
21
88
19
46
11
84
81
14
12
16
56
24
76
68
11
43
26
92
70
6
99
49
35
5
56
31
11
88
60
75
10
94
73
52
20
47
80
3
60
5
98
80
14
54
47
21
50
12
91
29
25
52
86
83
6
56
16
31
57
68
73
19
47
78
# P_bar : m1 | m2
17 18
16 38
14 26
27 29
50 19
22 44
43 43
17 31
25 46
28 11
23 41
36 50
13 32
44 21
34 29
49 17
48 27
50 43
26 40
13 11
33 19
23 21
18 32
12 26
26 40
50 19
10 23
23 17
31 36
40 35
30 38
15 42
45 24
48 39
12 14
17 33
24 20
38 31
19 40
19 32
27 31
17 17
14 27
14 10
24 42
49 35
42 42
30 35
49 21
31 12
17 29
13 16
23 29
11 15
38 28
41 47
37 37
48 28
19 28
10 35
22 48
48 12
20 41
20 20
41 43
12 20
46 38
30 13
11 32
38 19
21 34
12 37
50 11
48 20
10 40
24 24
39 26
49 29
36 32
46 26
23 11
33 23
24 32
24 38
32 30
42 37
44 14
39 15
36 47
36 28
16 31
39 37
27 46
12 50
41 47
19 49
20 25
49 48
41 38
45 32
29 42
21 47
17 39
37 40
33 47
21 31
24 46
50 17
42 34
12 26
29 34
23 50
38 41
44 29
25 39
34 24
48 19
44 12
17 14
17 15
14 16
47 37
23 46
22 38
38 12
31 18
36 21
31 36
20 27
35 46
25 14
22 49
35 14
50 49
38 45
37 13
18 14
24 39
46 28
14 15
35 18
44 29
16 28
29 21
17 13
30 45
14 20
13 27
38 13
49 50
36 30
49 30
22 37
15 15
43 27
15 34
29 28
17 50
50 33
12 28
15 42
30 38
46 28
22 46
46 18
44 22
50 26
14 31
25 14
37 12
48 32
25 23
41 30
29 18
12 10
30 42
26 13
23 24
11 46
33 38
30 48
28 35
39 45
27 23
49 15
14 22
15 31
14 40
32 34
29 17
25 10
21 16
41 43
32 29
48 38
43 22
21 17
25 25
44 14
31 25
# P_hat : m1 | m2
1.91 3.47
4.56 0.96
3.07 1.26
4.85 7.82
2.34 3.46
1.03 0.12
0.75 1.31
4.42 6.17
4.51 0.07
5.95 0.53
0.14 6.75
10.48 10.38
3.25 6.26
2.80 1.41
1.85 6.20
2.70 1.21
4.38 2.64
7.87 9.63
3.37 7.80
1.14 2.80
6.06 3.75
0.96 3.58
1.58 0.90
1.32 2.87
3.56 3.18
11.78 1.39
0.60 6.71
3.55 2.00
5.51 9.63
0.56 6.63
5.47 9.06
0.77 6.33
0.88 4.15
13.66 5.76
3.48 0.82
4.12 7.15
2.19 1.68
1.11 0.23
3.90 7.75
2.51 1.70
0.99 8.75
2.53 4.87
0.14 7.41
3.82 1.11
1.86 0.19
9.74 9.75
3.93 5.40
4.68 10.15
8.04 6.07
1.72 3.07
4.94 2.56
3.02 1.85
6.48 7.40
2.95 1.43
6.82 1.42
11.34 7.85
0.98 10.39
2.82 5.85
0.26 4.79
0.98 1.02
2.57 8.86
3.91 3.56
4.97 1.72
2.14 3.11
3.46 11.32
1.95 4.44
1.94 7.95
7.22 2.74
0.25 3.45
11.25 1.67
4.87 8.26
0.72 8.99
0.08 2.86
11.74 5.48
2.12 6.14
5.25 3.61
9.02 6.23
1.09 5.65
3.87 6.74
1.60 6.21
5.96 2.94
6.17 2.33
2.38 3.61
0.46 1.07
2.99 5.20
4.10 0.40
9.63 1.96
7.46 2.44
9.58 4.04
5.10 4.96
0.57 0.28
8.34 0.41
6.16 11.35
2.02 5.40
9.48 1.79
2.81 7.68
3.14 5.77
6.28 3.11
0.31 7.10
1.46 0.82
0.27 0.65
4.01 7.49
1.60 6.33
5.65 7.65
8.98 10.24
1.57 9.08
2.95 7.12
11.33 1.65
2.88 8.11
0.28 2.11
2.52 4.48
1.11 1.18
10.60 0.31
10.67 8.38
4.75 9.78
8.89 5.01
11.57 2.33
2.46 0.62
4.55 0.66
2.75 1.13
3.39 2.64
12.63 7.93
2.19 9.11
0.73 3.19
2.60 3.44
3.97 3.98
8.83 3.49
8.00 6.61
0.04 3.40
5.36 3.42
3.13 1.50
1.47 11.14
1.26 0.06
5.06 1.71
10.75 0.62
3.59 0.16
2.80 3.59
5.06 8.23
5.02 3.98
4.08 0.44
10.11 2.65
3.32 4.12
2.39 1.45
2.62 2.73
1.45 1.55
0.33 8.31
2.56 3.81
1.96 0.37
0.59 1.46
4.10 9.39
9.81 4.53
3.52 7.71
0.96 7.31
2.20 0.73
12.71 0.57
1.09 6.55
5.85 0.22
3.88 8.79
3.56 9.31
2.62 4.83
1.66 4.89
5.69 7.33
8.74 3.85
3.54 7.53
1.25 5.08
11.03 2.55
4.81 7.50
0.78 8.42
0.31 0.82
6.56 0.25
9.76 0.97
0.12 0.13
6.30 0.85
1.97 3.69
2.32 0.21
1.57 4.02
5.39 3.30
2.67 0.17
3.09 11.24
1.36 3.21
3.07 1.70
0.95 7.32
10.82 8.49
7.11 6.05
3.79 3.31
2.77 5.30
3.68 2.62
2.33 2.13
5.08 7.66
2.10 4.11
0.70 2.97
5.65 1.98
11.08 4.80
6.08 6.75
4.88 3.89
4.50 6.14
4.57 4.38
6.73 3.22
11.71 3.15
7.25 5.66
