# nJobs | nMachines
200 2
# Job Weights
59
28
8
8
81
75
20
16
5
33
6
49
29
5
39
93
79
12
18
31
72
67
77
14
78
47
64
4
34
27
59
58
40
12
56
15
81
16
89
54
4
44
11
67
8
29
70
55
97
73
52
39
42
83
10
52
38
8
5
8
51
79
64
95
99
73
87
56
96
92
98
47
65
8
68
74
85
71
44
82
82
21
17
31
73
60
97
68
100
13
4
9
66
34
82
21
7
16
94
64
66
64
72
52
14
38
88
85
58
22
70
33
77
4
99
65
1
4
45
90
10
58
6
34
24
44
94
9
70
15
80
85
4
30
30
2
81
30
71
42
14
34
9
4
7
82
38
19
40
73
38
12
45
65
37
20
23
23
59
99
92
91
75
56
99
20
54
70
52
89
19
49
25
9
17
98
37
49
39
70
35
98
85
83
27
90
73
71
66
59
86
63
1
67
88
54
72
72
94
14
# P_bar : m1 | m2
37 24
24 13
48 21
44 35
38 26
30 16
14 34
15 18
16 48
43 26
40 21
50 42
36 40
25 25
16 33
26 12
10 48
47 36
14 23
18 30
13 40
28 49
38 36
13 47
34 44
19 43
19 12
14 22
17 31
26 44
21 26
12 33
23 19
16 39
46 19
10 42
46 45
46 42
44 12
15 50
16 43
26 16
15 45
26 41
33 23
24 33
28 36
38 24
20 40
38 45
46 22
40 25
37 23
28 50
43 17
25 20
36 34
23 42
35 26
48 17
18 25
41 17
50 36
35 41
44 30
45 18
45 36
14 22
32 13
31 32
48 21
21 36
27 24
39 40
47 22
13 36
48 23
50 50
18 35
25 25
39 44
43 35
30 26
15 43
16 27
23 12
33 33
32 22
25 37
15 37
20 13
30 28
16 19
13 50
31 38
44 44
12 32
27 34
32 31
14 19
37 17
45 44
13 15
17 30
49 30
44 48
47 18
14 11
43 31
48 40
23 47
15 11
32 43
28 22
43 47
35 13
40 28
47 44
48 48
27 36
14 21
49 29
17 50
16 10
23 13
19 32
11 18
36 50
26 19
23 31
14 24
31 12
36 43
50 35
32 46
45 24
21 40
24 48
26 38
15 15
40 18
25 23
14 28
15 44
24 41
23 40
21 33
48 49
15 20
28 29
27 43
22 25
32 16
37 36
48 30
43 21
32 31
35 36
12 26
31 47
39 45
30 14
18 16
23 43
29 17
25 22
12 25
45 34
26 12
24 31
16 27
21 31
43 16
48 42
27 39
12 39
22 21
37 24
42 35
24 39
30 23
39 37
50 20
50 12
49 30
34 17
32 30
44 14
15 32
15 35
41 48
23 44
27 21
27 48
50 26
11 10
33 46
14 42
42 47
22 50
# P_hat : m1 | m2
3.70 2.40
2.40 1.30
4.80 2.10
4.40 3.50
3.80 2.60
3.00 1.60
1.40 3.40
1.50 1.80
1.60 4.80
4.30 2.60
4.00 2.10
5.00 4.20
3.60 4.00
2.50 2.50
1.60 3.30
2.60 1.20
1.00 4.80
4.70 3.60
1.40 2.30
1.80 3.00
1.30 4.00
2.80 4.90
3.80 3.60
1.30 4.70
3.40 4.40
1.90 4.30
1.90 1.20
1.40 2.20
1.70 3.10
2.60 4.40
2.10 2.60
1.20 3.30
2.30 1.90
1.60 3.90
4.60 1.90
1.00 4.20
4.60 4.50
4.60 4.20
4.40 1.20
1.50 5.00
1.60 4.30
2.60 1.60
1.50 4.50
2.60 4.10
3.30 2.30
2.40 3.30
2.80 3.60
3.80 2.40
2.00 4.00
3.80 4.50
4.60 2.20
4.00 2.50
3.70 2.30
2.80 5.00
4.30 1.70
2.50 2.00
3.60 3.40
2.30 4.20
3.50 2.60
4.80 1.70
1.80 2.50
4.10 1.70
5.00 3.60
3.50 4.10
4.40 3.00
4.50 1.80
4.50 3.60
1.40 2.20
3.20 1.30
3.10 3.20
4.80 2.10
2.10 3.60
2.70 2.40
3.90 4.00
4.70 2.20
1.30 3.60
4.80 2.30
5.00 5.00
1.80 3.50
2.50 2.50
3.90 4.40
4.30 3.50
3.00 2.60
1.50 4.30
1.60 2.70
2.30 1.20
3.30 3.30
3.20 2.20
2.50 3.70
1.50 3.70
2.00 1.30
3.00 2.80
1.60 1.90
1.30 5.00
3.10 3.80
4.40 4.40
1.20 3.20
2.70 3.40
3.20 3.10
1.40 1.90
3.70 1.70
4.50 4.40
1.30 1.50
1.70 3.00
4.90 3.00
4.40 4.80
4.70 1.80
1.40 1.10
4.30 3.10
4.80 4.00
2.30 4.70
1.50 1.10
3.20 4.30
2.80 2.20
4.30 4.70
3.50 1.30
4.00 2.80
4.70 4.40
4.80 4.80
2.70 3.60
1.40 2.10
4.90 2.90
1.70 5.00
1.60 1.00
2.30 1.30
1.90 3.20
1.10 1.80
3.60 5.00
2.60 1.90
2.30 3.10
1.40 2.40
3.10 1.20
3.60 4.30
5.00 3.50
3.20 4.60
4.50 2.40
2.10 4.00
2.40 4.80
2.60 3.80
1.50 1.50
4.00 1.80
2.50 2.30
1.40 2.80
1.50 4.40
2.40 4.10
2.30 4.00
2.10 3.30
4.80 4.90
1.50 2.00
2.80 2.90
2.70 4.30
2.20 2.50
3.20 1.60
3.70 3.60
4.80 3.00
4.30 2.10
3.20 3.10
3.50 3.60
1.20 2.60
3.10 4.70
3.90 4.50
3.00 1.40
1.80 1.60
2.30 4.30
2.90 1.70
2.50 2.20
1.20 2.50
4.50 3.40
2.60 1.20
2.40 3.10
1.60 2.70
2.10 3.10
4.30 1.60
4.80 4.20
2.70 3.90
1.20 3.90
2.20 2.10
3.70 2.40
4.20 3.50
2.40 3.90
3.00 2.30
3.90 3.70
5.00 2.00
5.00 1.20
4.90 3.00
3.40 1.70
3.20 3.00
4.40 1.40
1.50 3.20
1.50 3.50
4.10 4.80
2.30 4.40
2.70 2.10
2.70 4.80
5.00 2.60
1.10 1.00
3.30 4.60
1.40 4.20
4.20 4.70
2.20 5.00
