# nJobs | nMachines
200 2
# Job Weights
78
81
7
53
33
79
53
60
93
45
36
16
24
15
42
69
76
17
12
69
47
43
68
80
65
64
42
75
83
84
48
38
87
99
55
88
4
68
7
64
83
9
75
69
26
44
74
98
88
53
26
34
85
34
83
81
41
38
60
21
31
57
23
36
87
69
51
19
78
38
65
41
60
75
44
29
54
26
97
10
74
22
38
21
4
58
90
16
17
44
55
49
27
22
63
65
30
54
14
49
16
93
95
57
42
26
36
58
63
25
19
7
56
2
56
80
48
45
4
39
15
49
43
13
68
46
61
6
35
53
38
72
80
54
37
30
21
88
19
46
11
84
81
14
12
16
56
24
76
68
11
43
26
92
70
6
99
49
35
5
56
31
11
88
60
75
10
94
73
52
20
47
80
3
60
5
98
80
14
54
47
21
50
12
91
29
25
52
86
83
6
56
16
31
57
68
73
19
47
78
# P_bar : m1 | m2
17 18
16 38
14 26
27 29
50 19
22 44
43 43
17 31
25 46
28 11
23 41
36 50
13 32
44 21
34 29
49 17
48 27
50 43
26 40
13 11
33 19
23 21
18 32
12 26
26 40
50 19
10 23
23 17
31 36
40 35
30 38
15 42
45 24
48 39
12 14
17 33
24 20
38 31
19 40
19 32
27 31
17 17
14 27
14 10
24 42
49 35
42 42
30 35
49 21
31 12
17 29
13 16
23 29
11 15
38 28
41 47
37 37
48 28
19 28
10 35
22 48
48 12
20 41
20 20
41 43
12 20
46 38
30 13
11 32
38 19
21 34
12 37
50 11
48 20
10 40
24 24
39 26
49 29
36 32
46 26
23 11
33 23
24 32
24 38
32 30
42 37
44 14
39 15
36 47
36 28
16 31
39 37
27 46
12 50
41 47
19 49
20 25
49 48
41 38
45 32
29 42
21 47
17 39
37 40
33 47
21 31
24 46
50 17
42 34
12 26
29 34
23 50
38 41
44 29
25 39
34 24
48 19
44 12
17 14
17 15
14 16
47 37
23 46
22 38
38 12
31 18
36 21
31 36
20 27
35 46
25 14
22 49
35 14
50 49
38 45
37 13
18 14
24 39
46 28
14 15
35 18
44 29
16 28
29 21
17 13
30 45
14 20
13 27
38 13
49 50
36 30
49 30
22 37
15 15
43 27
15 34
29 28
17 50
50 33
12 28
15 42
30 38
46 28
22 46
46 18
44 22
50 26
14 31
25 14
37 12
48 32
25 23
41 30
29 18
12 10
30 42
26 13
23 24
11 46
33 38
30 48
28 35
39 45
27 23
49 15
14 22
15 31
14 40
32 34
29 17
25 10
21 16
41 43
32 29
48 38
43 22
21 17
25 25
44 14
31 25
# P_hat : m1 | m2
12.02 3.33
2.44 20.59
8.07 22.70
16.38 21.23
21.21 15.32
16.20 28.99
40.18 29.77
15.73 26.33
11.27 11.48
3.17 5.38
22.65 9.07
30.20 49.38
1.62 30.21
40.52 0.83
29.58 20.46
25.42 15.73
28.38 4.88
19.95 24.42
1.42 36.62
4.36 0.37
26.49 13.25
0.11 6.24
6.00 29.58
4.78 25.25
13.97 37.77
45.99 9.01
3.46 19.83
7.98 14.36
22.86 11.49
18.09 29.01
6.74 1.41
6.79 25.04
6.34 5.52
8.47 4.70
5.98 1.08
7.12 22.98
21.96 6.80
13.77 22.47
11.03 2.61
12.01 10.09
0.35 16.72
11.28 13.44
2.49 8.61
13.45 6.26
3.57 37.21
20.32 21.56
3.58 9.78
29.91 0.85
24.61 18.27
18.46 0.26
1.14 25.37
9.75 8.46
4.83 27.23
9.88 11.98
7.80 27.94
7.82 16.48
1.35 28.39
22.66 11.25
10.73 13.44
0.66 21.96
17.06 41.94
21.76 11.81
10.49 31.50
8.82 8.36
16.43 18.12
6.72 14.75
7.14 9.07
5.46 1.44
9.48 11.35
35.95 5.46
7.84 10.07
3.25 8.64
32.20 0.46
19.62 0.36
0.25 39.51
3.75 10.27
27.92 9.99
32.29 19.71
0.98 6.98
10.21 24.70
5.31 8.65
22.17 2.06
0.47 13.36
2.50 33.41
25.60 28.34
7.50 17.29
28.72 8.59
9.29 2.51
3.58 46.58
8.75 6.49
11.56 29.22
33.37 24.04
22.42 27.96
4.77 25.63
27.39 10.84
3.89 8.65
5.86 5.51
43.92 8.95
0.53 29.62
3.85 11.20
6.03 2.43
0.56 45.55
3.08 34.47
21.57 37.11
13.91 46.76
18.75 5.39
19.62 18.23
17.09 12.89
10.90 23.66
4.56 4.00
17.12 27.74
6.17 11.22
23.72 9.18
18.01 15.57
13.80 23.12
14.83 13.92
14.13 1.74
41.73 10.53
12.98 3.72
2.38 1.94
12.16 14.22
22.91 35.36
20.57 39.66
17.60 30.76
16.16 7.86
0.70 9.92
9.67 1.83
16.79 14.70
12.67 10.06
9.03 11.95
3.48 10.13
18.37 24.30
34.45 1.13
26.28 10.79
6.52 30.75
10.08 0.99
0.33 11.92
21.94 19.31
5.42 13.46
8.07 8.89
9.59 14.84
24.38 10.09
10.42 18.98
24.06 11.88
3.51 3.47
0.33 39.54
1.92 15.95
11.70 17.78
33.21 11.06
29.27 43.36
21.62 21.25
32.59 25.11
3.86 25.81
13.72 10.20
18.01 16.70
5.75 25.59
15.05 4.44
0.80 44.04
8.31 28.77
8.86 0.82
1.24 34.68
18.09 4.90
11.29 9.38
8.56 34.20
13.28 2.89
15.65 18.00
35.95 21.64
4.16 15.73
14.16 0.09
17.61 3.44
31.86 19.74
23.42 22.57
30.04 18.95
6.23 4.68
0.37 6.34
7.87 22.68
15.47 10.14
1.18 2.57
5.46 35.01
19.70 20.57
10.03 46.22
21.59 11.97
4.16 28.47
2.03 21.44
35.68 1.54
6.94 20.62
10.33 21.32
6.09 2.71
7.88 10.23
23.75 12.04
19.99 0.67
14.59 9.31
11.16 14.87
18.89 18.01
17.33 1.74
3.94 19.17
19.26 16.55
3.42 24.22
41.81 10.50
13.83 3.25
