# nJobs | nMachines
200 2
# Job Weights
59
28
8
8
81
75
20
16
5
33
6
49
29
5
39
93
79
12
18
31
72
67
77
14
78
47
64
4
34
27
59
58
40
12
56
15
81
16
89
54
4
44
11
67
8
29
70
55
97
73
52
39
42
83
10
52
38
8
5
8
51
79
64
95
99
73
87
56
96
92
98
47
65
8
68
74
85
71
44
82
82
21
17
31
73
60
97
68
100
13
4
9
66
34
82
21
7
16
94
64
66
64
72
52
14
38
88
85
58
22
70
33
77
4
99
65
1
4
45
90
10
58
6
34
24
44
94
9
70
15
80
85
4
30
30
2
81
30
71
42
14
34
9
4
7
82
38
19
40
73
38
12
45
65
37
20
23
23
59
99
92
91
75
56
99
20
54
70
52
89
19
49
25
9
17
98
37
49
39
70
35
98
85
83
27
90
73
71
66
59
86
63
1
67
88
54
72
72
94
14
# P_bar : m1 | m2
37 24
24 13
48 21
44 35
38 26
30 16
14 34
15 18
16 48
43 26
40 21
50 42
36 40
25 25
16 33
26 12
10 48
47 36
14 23
18 30
13 40
28 49
38 36
13 47
34 44
19 43
19 12
14 22
17 31
26 44
21 26
12 33
23 19
16 39
46 19
10 42
46 45
46 42
44 12
15 50
16 43
26 16
15 45
26 41
33 23
24 33
28 36
38 24
20 40
38 45
46 22
40 25
37 23
28 50
43 17
25 20
36 34
23 42
35 26
48 17
18 25
41 17
50 36
35 41
44 30
45 18
45 36
14 22
32 13
31 32
48 21
21 36
27 24
39 40
47 22
13 36
48 23
50 50
18 35
25 25
39 44
43 35
30 26
15 43
16 27
23 12
33 33
32 22
25 37
15 37
20 13
30 28
16 19
13 50
31 38
44 44
12 32
27 34
32 31
14 19
37 17
45 44
13 15
17 30
49 30
44 48
47 18
14 11
43 31
48 40
23 47
15 11
32 43
28 22
43 47
35 13
40 28
47 44
48 48
27 36
14 21
49 29
17 50
16 10
23 13
19 32
11 18
36 50
26 19
23 31
14 24
31 12
36 43
50 35
32 46
45 24
21 40
24 48
26 38
15 15
40 18
25 23
14 28
15 44
24 41
23 40
21 33
48 49
15 20
28 29
27 43
22 25
32 16
37 36
48 30
43 21
32 31
35 36
12 26
31 47
39 45
30 14
18 16
23 43
29 17
25 22
12 25
45 34
26 12
24 31
16 27
21 31
43 16
48 42
27 39
12 39
22 21
37 24
42 35
24 39
30 23
39 37
50 20
50 12
49 30
34 17
32 30
44 14
15 32
15 35
41 48
23 44
27 21
27 48
50 26
11 10
33 46
14 42
42 47
22 50
# P_hat : m1 | m2
28.25 21.93
6.20 6.83
23.08 15.22
43.65 15.26
26.09 16.38
25.24 5.45
5.81 10.24
11.52 10.41
0.65 23.91
5.29 15.07
8.12 6.02
20.10 15.41
30.45 3.36
8.66 1.31
10.47 8.36
18.44 0.89
5.86 4.98
16.79 29.27
8.08 0.89
6.16 19.77
1.09 10.90
27.80 42.71
4.83 17.46
0.94 14.36
29.87 22.78
5.73 16.42
12.36 6.77
4.61 2.52
6.65 30.91
6.81 18.72
7.20 9.05
4.93 23.44
16.57 6.91
8.18 32.50
43.40 8.63
0.42 30.22
23.14 4.84
26.87 35.54
40.49 8.83
0.74 10.59
9.18 6.25
22.19 5.06
3.63 43.92
22.78 10.53
0.63 10.49
17.58 0.99
26.13 14.30
24.97 13.71
8.78 38.12
1.71 23.25
42.33 18.02
18.81 13.68
1.07 0.94
19.31 15.75
20.72 9.78
3.11 19.01
7.71 29.21
1.48 9.59
20.10 5.72
29.86 3.42
9.10 23.06
33.50 14.50
43.05 27.90
21.55 16.10
0.56 15.13
31.29 8.36
18.81 9.12
7.92 11.11
20.77 0.40
10.86 4.22
44.02 18.62
2.81 27.06
18.13 10.15
0.17 20.69
43.46 8.14
1.46 26.67
4.55 18.04
16.65 38.16
6.72 25.29
5.36 5.11
22.82 14.87
19.05 16.44
1.03 8.60
4.79 32.46
12.97 8.89
15.86 1.66
23.92 13.17
22.34 21.56
7.77 8.36
1.49 22.65
5.45 5.63
24.95 1.99
15.69 9.27
6.42 35.11
0.30 19.50
6.16 38.37
3.86 9.25
15.62 2.93
2.40 29.03
13.21 7.19
13.51 9.80
41.07 34.85
10.15 4.86
12.84 21.48
29.73 4.06
27.58 13.98
29.99 2.60
8.80 8.92
23.81 6.90
47.35 28.70
16.84 44.34
11.65 5.81
27.92 23.22
6.04 10.14
3.60 15.32
16.90 6.18
20.56 16.88
38.97 43.38
21.30 45.01
15.41 31.04
7.38 18.67
1.87 13.57
10.46 32.87
13.25 8.95
3.62 5.11
11.29 30.78
6.53 7.48
5.91 30.05
3.21 13.49
22.54 29.47
5.51 5.87
7.05 8.95
6.17 22.40
33.38 9.40
19.50 35.72
28.96 13.25
1.85 26.44
21.44 15.50
10.12 18.29
4.70 9.26
18.49 7.29
9.75 4.56
12.09 26.93
13.94 22.50
7.28 30.09
19.87 16.44
16.41 11.72
44.68 19.95
3.69 8.18
16.15 15.78
7.41 23.37
18.13 12.43
0.17 2.16
20.90 17.86
16.28 5.07
13.88 2.65
20.64 28.91
29.80 21.78
7.31 17.15
26.45 18.88
10.32 40.90
15.59 8.93
8.11 12.31
0.27 15.85
16.15 16.32
16.54 18.05
7.10 21.35
33.13 5.85
14.85 3.25
1.60 8.85
1.86 7.31
12.53 26.52
11.82 0.51
3.82 3.20
11.60 10.68
6.65 7.80
7.23 4.87
26.66 19.15
27.04 19.71
7.99 0.23
22.65 9.87
25.30 15.09
31.87 2.28
27.67 8.11
0.56 21.06
23.68 12.26
12.03 21.85
41.47 0.00
12.27 30.53
8.82 28.50
10.34 43.39
4.69 0.69
9.19 19.61
12.87 38.87
14.80 21.77
5.66 0.93
5.46 33.98
13.69 40.32
4.53 31.89
20.50 28.53
