# nJobs | nMachines
200 2
# Job Weights
79
43
100
88
26
75
7
74
57
86
64
30
90
22
8
12
7
22
50
24
47
100
60
52
18
63
55
68
14
4
98
59
26
87
44
48
24
7
91
83
5
72
19
39
53
2
79
46
30
72
70
50
3
9
45
80
11
76
22
63
69
46
10
38
92
34
2
41
84
57
23
36
52
37
28
65
71
77
17
61
64
91
52
97
9
85
34
5
77
69
94
16
24
56
32
52
81
18
70
21
31
66
59
60
28
88
67
96
67
85
3
59
64
36
85
3
60
14
19
28
52
1
50
52
33
12
5
10
77
12
35
30
91
4
27
27
64
43
77
86
81
80
19
4
21
25
5
52
57
88
59
60
40
73
84
3
68
35
31
27
4
58
51
32
75
97
22
9
34
70
63
75
93
58
20
84
82
55
66
78
16
100
40
58
87
44
20
65
88
1
100
92
79
16
41
92
72
89
85
3
# P_bar : m1 | m2
33 10
34 16
38 22
49 12
23 45
41 22
44 45
21 33
24 10
42 22
21 26
21 17
46 42
35 27
41 23
44 25
44 33
40 33
36 17
20 42
14 10
19 45
22 39
38 20
43 13
15 44
29 37
21 16
47 29
39 20
45 49
43 36
39 45
15 31
43 43
14 26
38 34
50 43
13 21
47 47
23 16
12 37
42 30
30 34
11 20
22 28
27 32
50 24
27 23
45 16
13 43
47 45
24 10
14 10
40 20
11 28
26 46
49 40
37 50
11 32
24 17
25 20
50 39
34 48
43 41
40 20
24 38
27 23
46 10
31 13
41 19
28 47
15 20
14 36
30 12
17 21
27 41
40 33
13 13
17 11
19 25
24 19
33 45
33 14
38 44
45 18
42 41
44 32
14 39
29 36
41 35
34 15
25 46
47 48
23 14
33 28
31 42
13 17
38 38
37 35
35 11
36 22
24 22
17 38
31 11
44 38
49 28
17 37
44 45
21 33
24 16
45 15
15 11
15 45
41 25
18 30
14 36
13 45
16 15
39 45
10 30
40 23
34 18
14 32
10 26
49 23
41 31
27 17
50 31
27 38
42 12
13 31
13 13
17 15
44 32
48 42
41 38
31 42
18 31
45 36
34 35
45 39
22 27
49 45
31 16
37 39
44 43
23 35
11 15
40 47
13 36
38 20
32 39
23 50
26 46
17 47
45 10
37 49
37 48
25 33
42 14
27 37
10 33
26 44
50 11
24 40
37 31
10 22
35 50
11 28
42 38
13 33
32 31
45 45
33 13
47 47
22 13
49 46
28 18
48 27
28 26
25 41
22 14
23 11
41 24
24 25
10 20
47 47
50 29
38 47
44 42
13 34
15 14
24 27
22 28
46 42
30 22
49 44
44 21
19 43
# P_hat : m1 | m2
5.66 2.55
8.22 0.94
8.67 0.83
2.26 3.47
1.03 1.46
3.30 3.16
4.77 7.91
2.57 5.36
4.89 0.26
0.71 0.38
0.22 0.82
2.47 2.99
9.62 6.86
2.03 1.89
7.89 4.40
3.43 6.15
11.70 0.41
10.75 4.93
3.21 3.52
1.38 3.18
1.73 0.92
1.37 8.28
4.44 10.51
9.42 4.86
8.68 2.27
3.71 9.64
3.45 4.05
0.98 3.08
10.41 4.06
4.22 1.14
9.06 10.32
3.49 6.01
0.95 4.84
4.47 8.48
2.01 0.27
4.15 2.46
11.14 0.58
11.91 9.89
2.57 4.42
8.15 4.67
5.98 3.24
1.04 4.39
5.89 6.81
5.57 4.63
1.36 2.47
2.82 7.85
2.68 2.41
8.46 0.87
6.89 4.03
2.72 4.65
3.64 4.87
9.72 0.84
5.93 1.02
2.34 1.52
9.35 0.97
0.05 5.53
6.38 13.77
0.59 5.42
9.88 5.32
3.27 3.85
2.12 0.59
1.58 5.30
11.48 4.85
2.58 5.58
11.17 8.11
1.23 2.65
0.91 7.39
7.93 0.42
9.30 2.44
7.88 3.67
3.99 3.70
5.68 13.46
2.67 0.91
2.53 5.16
6.14 2.17
2.93 3.66
3.48 4.94
3.31 3.35
3.00 0.49
1.15 1.29
3.95 1.22
1.68 4.19
6.19 2.82
7.40 0.25
2.49 7.29
0.81 3.21
1.65 10.72
8.00 5.54
3.57 4.04
0.39 8.67
9.03 5.67
3.48 0.36
3.59 7.81
13.10 13.08
2.29 1.66
4.61 2.49
0.13 1.81
0.32 0.77
2.95 4.93
0.31 6.25
6.63 0.27
4.61 6.20
3.95 4.98
0.89 6.69
2.75 2.73
8.76 0.91
14.19 4.01
0.26 6.99
11.75 11.19
3.63 7.76
4.06 1.33
6.75 4.23
0.31 0.41
0.40 11.81
7.39 7.28
1.84 1.59
3.85 7.80
1.59 0.54
0.69 1.82
8.36 6.97
0.88 5.23
6.31 6.46
7.12 3.63
3.78 4.62
2.38 6.32
9.94 6.56
8.36 0.21
7.66 5.01
4.44 0.80
0.01 9.28
3.43 1.01
0.85 1.23
2.58 1.72
3.23 2.90
7.83 3.66
0.23 0.69
8.96 6.83
3.01 11.37
3.59 3.56
7.51 2.34
3.50 4.65
1.82 0.57
0.62 6.65
12.22 11.16
8.54 2.82
7.21 4.13
1.37 10.32
2.77 5.82
2.41 3.72
9.36 8.90
0.46 8.47
0.00 3.59
6.84 4.85
2.46 14.37
1.98 7.47
0.07 8.53
7.29 0.66
9.45 9.20
10.63 8.23
4.24 1.83
6.48 0.25
0.69 6.71
1.65 7.56
2.96 6.91
9.11 0.75
2.80 8.00
2.67 0.74
0.28 2.92
3.31 2.45
0.32 1.55
2.23 2.31
3.85 3.83
4.26 0.48
7.18 5.37
8.65 2.00
14.04 6.81
3.85 1.49
11.94 11.58
2.75 0.78
4.40 4.10
3.38 0.48
5.04 0.88
4.50 2.41
2.18 1.87
1.64 6.32
4.55 4.18
0.38 5.76
8.16 0.69
10.40 0.85
7.99 0.62
9.95 2.33
3.40 5.52
2.25 2.71
5.26 0.37
4.09 7.95
2.58 10.61
0.23 1.96
4.18 1.02
5.85 1.07
3.52 1.64
