# nJobs | nMachines
200 2
# Job Weights
63
4
95
93
49
84
62
78
45
73
56
56
29
12
80
97
39
50
4
98
93
66
80
85
6
29
96
37
77
24
20
45
19
75
32
87
40
84
82
25
10
99
63
9
5
12
54
86
74
96
20
1
81
94
8
74
51
75
6
18
63
57
47
86
61
32
28
33
39
43
65
58
34
35
94
56
75
79
25
26
71
35
100
78
79
37
67
36
3
31
65
44
80
33
82
62
24
77
95
91
75
9
38
8
56
65
64
39
15
85
98
41
97
30
43
36
21
26
39
79
80
94
22
34
88
56
93
2
96
17
34
90
93
86
38
60
9
39
1
75
96
60
83
67
76
65
48
9
62
92
63
11
87
40
11
55
62
78
59
45
75
32
99
72
73
8
78
86
87
29
7
36
4
72
73
47
43
93
58
53
97
53
66
28
17
2
30
84
79
13
92
81
53
58
81
2
53
73
38
33
# P_bar : m1 | m2
39 46
38 42
48 26
20 44
25 21
25 49
25 47
17 21
27 13
24 19
27 30
40 15
32 16
12 33
37 39
23 22
25 45
43 24
16 25
36 18
31 31
48 48
29 26
18 37
16 18
15 45
22 41
24 24
21 18
39 39
47 38
13 11
31 26
24 31
46 40
16 17
41 44
28 42
43 22
25 29
13 21
15 20
26 46
44 39
37 14
12 17
23 49
26 31
50 17
26 20
32 26
23 33
48 46
12 21
31 35
46 26
24 19
46 16
38 20
22 12
26 21
15 49
10 31
35 12
16 24
45 15
35 19
45 22
27 42
40 40
36 23
16 24
34 26
37 10
15 16
15 27
33 29
42 43
13 20
23 14
47 26
26 27
35 48
44 31
15 11
19 20
25 19
49 22
49 32
31 46
41 40
10 50
46 48
37 13
38 49
26 19
40 23
29 10
13 16
33 29
32 32
11 29
44 13
22 29
17 40
22 31
36 16
48 15
32 21
16 42
10 22
11 18
34 26
22 29
33 28
38 34
34 36
28 42
21 31
30 17
29 33
35 22
43 25
16 23
22 29
29 36
21 48
35 49
49 27
46 10
38 20
13 29
43 11
33 17
46 15
14 48
34 50
45 20
28 22
17 19
27 10
33 48
40 22
48 33
46 30
11 30
12 48
46 43
20 44
20 22
48 23
12 25
46 23
19 13
36 40
44 37
40 38
18 37
37 45
49 19
47 19
22 28
23 41
34 32
28 35
16 30
40 31
27 23
15 25
38 17
35 28
18 35
33 41
47 30
24 48
10 25
17 32
12 14
18 47
47 38
32 23
38 40
35 49
38 39
39 21
49 31
32 10
37 18
41 44
10 40
17 39
34 30
20 45
28 20
27 28
45 28
15 20
12 36
47 43
32 39
# P_hat : m1 | m2
0.37 90.90
38.69 55.34
53.33 19.00
33.00 41.40
25.23 11.20
45.82 33.80
31.40 61.01
28.57 37.08
8.01 4.79
41.06 31.93
36.46 7.29
13.62 6.45
12.14 1.19
22.24 9.29
2.38 71.55
21.28 20.22
15.67 6.99
57.20 46.07
26.87 43.95
25.95 27.17
26.47 57.88
94.26 21.13
45.47 43.49
32.30 51.06
14.04 31.31
7.02 71.72
18.12 28.41
34.37 37.17
4.60 9.45
21.10 25.63
4.38 8.20
11.24 20.57
51.30 15.13
1.18 32.28
62.13 31.31
29.84 32.64
19.43 29.48
38.84 65.40
83.86 37.64
48.11 25.27
6.11 15.88
3.01 29.91
7.71 83.99
61.78 58.88
53.71 6.36
16.18 30.20
15.46 37.98
8.83 35.73
58.08 28.27
25.15 7.54
46.65 40.79
20.30 39.35
32.51 82.19
7.04 7.22
13.11 29.45
24.45 43.31
4.55 0.73
31.91 3.59
2.78 39.62
8.20 6.73
38.83 40.97
9.76 17.89
13.36 22.39
50.18 18.07
18.60 31.57
86.28 17.43
1.50 20.14
66.48 37.11
51.77 19.74
68.98 35.40
12.09 7.15
10.46 28.61
11.73 13.03
44.50 6.68
21.37 15.08
9.51 1.45
35.61 5.33
58.04 58.99
10.95 17.16
39.28 24.21
72.53 36.12
3.36 0.44
43.48 59.20
20.71 5.81
16.73 17.18
36.36 39.66
43.95 20.19
39.64 30.04
28.57 15.19
14.53 40.26
43.67 68.49
2.28 16.74
50.53 25.49
0.10 11.58
24.61 69.80
11.44 14.28
77.70 42.68
42.18 1.89
9.09 11.87
6.13 41.12
33.08 14.46
4.70 38.07
47.21 4.27
36.76 3.25
20.94 9.68
27.89 57.66
38.95 17.66
89.02 23.89
59.64 13.97
16.41 49.78
6.12 21.78
10.11 34.05
12.69 38.87
28.00 42.37
33.01 2.60
7.85 37.38
13.44 33.62
26.86 77.94
37.28 15.96
33.98 9.17
39.53 27.15
23.73 10.71
49.14 6.46
14.32 39.44
29.00 32.38
2.93 62.02
20.72 79.79
20.72 27.64
31.97 29.58
88.40 1.66
13.88 36.61
8.09 23.45
43.85 8.66
56.96 10.29
38.33 13.82
20.83 24.17
58.23 37.49
27.90 32.00
21.99 36.71
12.12 11.56
44.97 9.38
2.93 83.89
24.67 2.32
65.22 58.68
52.02 13.15
9.60 40.71
12.96 55.92
18.18 47.55
17.23 75.62
20.07 4.47
86.51 15.96
6.26 26.91
79.84 37.32
24.48 5.63
1.46 64.23
63.77 29.57
2.84 14.36
35.91 56.16
64.58 8.18
29.14 19.56
24.20 2.43
16.78 19.96
16.38 49.29
25.32 35.59
17.82 28.33
19.88 25.74
13.14 14.06
45.68 20.97
24.37 47.66
36.21 28.92
59.69 8.13
8.90 2.08
1.16 76.55
58.21 31.60
21.98 51.63
11.34 39.04
30.58 20.14
23.28 13.49
22.84 91.05
71.82 51.08
5.36 7.07
12.21 10.66
51.32 20.02
32.78 59.80
34.79 12.41
30.24 1.33
38.87 18.88
13.70 6.11
51.41 0.84
3.48 18.97
2.17 18.33
22.46 25.32
9.25 82.84
49.78 35.17
2.97 25.59
15.90 23.01
16.46 22.20
11.55 17.53
4.31 4.49
0.46 73.26
