# nJobs | nMachines
200 2
# Job Weights
59
28
8
8
81
75
20
16
5
33
6
49
29
5
39
93
79
12
18
31
72
67
77
14
78
47
64
4
34
27
59
58
40
12
56
15
81
16
89
54
4
44
11
67
8
29
70
55
97
73
52
39
42
83
10
52
38
8
5
8
51
79
64
95
99
73
87
56
96
92
98
47
65
8
68
74
85
71
44
82
82
21
17
31
73
60
97
68
100
13
4
9
66
34
82
21
7
16
94
64
66
64
72
52
14
38
88
85
58
22
70
33
77
4
99
65
1
4
45
90
10
58
6
34
24
44
94
9
70
15
80
85
4
30
30
2
81
30
71
42
14
34
9
4
7
82
38
19
40
73
38
12
45
65
37
20
23
23
59
99
92
91
75
56
99
20
54
70
52
89
19
49
25
9
17
98
37
49
39
70
35
98
85
83
27
90
73
71
66
59
86
63
1
67
88
54
72
72
94
14
# P_bar : m1 | m2
37 24
24 13
48 21
44 35
38 26
30 16
14 34
15 18
16 48
43 26
40 21
50 42
36 40
25 25
16 33
26 12
10 48
47 36
14 23
18 30
13 40
28 49
38 36
13 47
34 44
19 43
19 12
14 22
17 31
26 44
21 26
12 33
23 19
16 39
46 19
10 42
46 45
46 42
44 12
15 50
16 43
26 16
15 45
26 41
33 23
24 33
28 36
38 24
20 40
38 45
46 22
40 25
37 23
28 50
43 17
25 20
36 34
23 42
35 26
48 17
18 25
41 17
50 36
35 41
44 30
45 18
45 36
14 22
32 13
31 32
48 21
21 36
27 24
39 40
47 22
13 36
48 23
50 50
18 35
25 25
39 44
43 35
30 26
15 43
16 27
23 12
33 33
32 22
25 37
15 37
20 13
30 28
16 19
13 50
31 38
44 44
12 32
27 34
32 31
14 19
37 17
45 44
13 15
17 30
49 30
44 48
47 18
14 11
43 31
48 40
23 47
15 11
32 43
28 22
43 47
35 13
40 28
47 44
48 48
27 36
14 21
49 29
17 50
16 10
23 13
19 32
11 18
36 50
26 19
23 31
14 24
31 12
36 43
50 35
32 46
45 24
21 40
24 48
26 38
15 15
40 18
25 23
14 28
15 44
24 41
23 40
21 33
48 49
15 20
28 29
27 43
22 25
32 16
37 36
48 30
43 21
32 31
35 36
12 26
31 47
39 45
30 14
18 16
23 43
29 17
25 22
12 25
45 34
26 12
24 31
16 27
21 31
43 16
48 42
27 39
12 39
22 21
37 24
42 35
24 39
30 23
39 37
50 20
50 12
49 30
34 17
32 30
44 14
15 32
15 35
41 48
23 44
27 21
27 48
50 26
11 10
33 46
14 42
42 47
22 50
# P_hat : m1 | m2
7.99 1.38
4.95 1.59
1.38 5.90
12.18 3.96
6.48 5.18
3.27 1.22
3.18 1.30
1.16 0.32
3.33 4.40
0.51 1.23
10.07 1.10
6.72 9.59
6.88 0.19
1.66 4.18
3.25 3.76
6.02 1.82
1.42 8.10
8.71 3.38
1.92 2.04
4.83 6.60
1.94 10.46
7.07 2.83
9.14 1.05
1.60 12.66
2.35 4.62
2.31 7.11
4.71 1.29
0.96 0.83
2.67 5.48
6.29 6.93
2.23 1.58
2.31 4.47
1.69 4.54
0.52 6.91
10.96 0.55
0.30 6.91
3.75 9.49
11.80 9.99
4.57 2.26
4.38 2.29
4.70 9.16
2.09 3.25
0.18 0.33
5.50 5.06
4.46 2.30
0.73 6.63
5.94 2.33
0.36 4.25
5.22 10.96
1.58 10.77
1.76 6.08
2.11 7.34
10.66 0.07
5.82 9.34
10.34 2.11
2.98 5.16
3.63 2.57
1.62 12.36
5.05 4.79
7.95 4.05
3.41 0.64
3.16 0.94
14.23 8.19
1.78 0.27
12.75 7.35
0.20 0.08
6.50 7.10
1.40 2.41
4.31 2.38
5.31 6.68
6.27 2.16
2.61 1.17
5.94 0.50
8.02 7.07
11.75 3.44
0.97 8.02
8.78 3.52
8.78 6.34
2.00 4.18
3.65 0.20
3.67 4.43
1.83 10.25
1.92 6.81
0.47 4.25
3.28 4.76
4.56 3.05
9.41 4.37
7.00 0.12
0.39 0.83
3.98 5.67
5.18 3.78
3.99 5.82
2.81 0.40
3.81 2.84
4.95 8.79
11.95 11.11
0.30 5.93
1.55 6.57
4.23 0.26
2.46 4.72
9.06 4.02
13.34 3.42
1.52 3.19
0.24 1.93
11.78 0.36
7.98 2.90
2.80 0.96
2.08 1.11
9.58 3.89
11.09 6.10
3.45 6.72
1.37 0.89
9.35 0.38
5.57 3.99
5.27 5.58
2.94 1.16
8.77 7.28
3.41 9.86
2.47 12.35
4.29 5.35
1.22 0.82
9.24 6.06
0.60 3.09
3.14 1.32
1.95 0.25
0.00 7.92
0.42 0.68
10.08 13.55
6.77 4.93
1.61 4.32
3.27 5.36
5.66 2.23
10.49 10.36
5.60 4.53
6.54 10.84
0.86 3.33
2.50 11.29
6.94 7.00
4.20 5.27
1.30 3.53
1.44 4.44
5.28 3.83
2.71 1.51
1.68 6.17
6.85 11.91
0.15 9.04
1.91 8.03
13.26 0.48
1.44 2.81
2.12 5.63
4.33 10.71
5.44 0.37
0.99 4.09
10.47 5.92
11.45 1.78
2.34 2.00
6.84 2.62
4.04 5.73
1.45 0.40
7.28 2.24
11.26 10.97
1.14 0.56
2.27 1.12
3.32 5.85
3.27 2.64
2.72 5.04
0.19 3.35
9.25 8.06
3.40 2.23
1.40 1.05
3.92 1.27
5.06 4.06
6.27 1.91
4.30 9.37
5.17 6.79
1.04 4.54
1.56 1.08
8.11 1.63
0.51 6.04
0.68 4.95
0.06 3.55
1.79 1.89
1.03 3.98
14.94 3.07
4.25 2.32
1.52 2.51
2.31 8.78
12.36 1.40
2.34 5.71
1.64 0.95
10.74 8.73
2.73 1.18
2.71 6.04
1.68 10.31
5.67 6.15
1.05 2.11
6.71 8.14
1.22 5.67
7.27 12.10
0.43 14.35
