# nJobs | nMachines
200 2
# Job Weights
92
76
14
63
80
26
78
99
52
12
45
34
42
81
41
11
63
37
92
38
15
84
64
3
15
71
46
52
65
12
89
27
10
12
76
14
96
71
40
94
31
34
31
40
95
97
89
55
99
56
18
49
26
88
2
31
5
18
39
97
85
88
84
34
73
55
12
77
16
81
81
30
1
77
65
51
71
63
64
6
54
42
60
56
85
71
28
61
25
68
41
88
61
36
76
40
47
38
2
88
43
16
78
9
7
22
41
84
80
93
87
3
87
6
84
43
64
55
97
34
15
20
80
30
11
2
10
86
66
48
29
67
76
56
87
87
44
44
61
65
70
96
17
38
99
57
37
32
33
45
54
39
57
21
29
18
17
38
68
41
78
37
43
97
30
17
4
72
80
22
74
11
31
41
10
64
60
8
7
3
32
60
8
68
12
10
2
28
18
40
10
35
38
74
58
66
74
81
10
51
# P_bar : m1 | m2
14 45
25 22
22 45
45 27
24 21
36 37
10 39
15 29
32 23
29 23
10 45
21 26
32 19
12 35
26 20
22 18
26 42
18 17
23 11
32 12
20 31
21 12
49 20
13 47
32 24
19 44
38 24
26 40
17 41
35 14
29 23
49 31
48 44
12 37
19 28
20 32
47 42
29 26
24 31
30 40
17 49
38 35
29 49
48 23
33 45
12 17
16 20
49 17
24 24
19 19
49 25
24 47
27 43
11 26
22 29
48 27
25 40
31 46
44 27
50 19
34 12
13 47
35 45
10 19
43 11
41 47
32 50
34 24
31 43
34 28
49 45
22 33
30 33
17 34
24 26
44 40
39 20
19 49
50 47
16 45
12 12
31 28
11 26
47 19
25 28
34 32
31 26
41 48
34 43
46 21
32 27
14 20
48 40
43 38
29 11
39 25
22 47
14 20
31 34
32 50
40 38
18 25
18 38
40 28
14 19
36 15
11 49
38 26
40 21
46 15
23 41
20 22
22 34
48 23
14 30
12 24
47 50
25 21
19 18
50 15
14 48
20 12
28 24
41 45
16 49
22 48
42 35
35 21
25 27
17 27
49 46
19 14
38 16
47 19
47 27
29 21
16 32
22 33
28 45
40 33
42 25
40 25
17 48
10 14
24 18
43 45
20 31
16 18
26 28
22 46
31 34
31 19
23 49
16 46
40 38
27 33
39 26
35 30
42 50
43 40
33 12
33 37
16 50
19 43
46 30
46 32
27 50
38 31
20 34
46 43
11 46
41 11
33 27
14 46
10 48
40 23
48 34
50 31
49 45
14 18
34 25
40 16
10 40
44 46
14 19
29 44
13 29
13 24
32 18
20 44
19 47
43 15
46 42
24 40
46 32
39 42
28 31
41 24
35 45
13 17
# P_hat : m1 | m2
11.10 30.27
22.70 17.53
20.76 11.27
43.21 16.87
12.52 12.01
35.18 30.81
7.57 35.34
2.43 0.35
15.26 15.50
20.83 1.19
2.47 24.70
13.45 7.48
21.33 5.83
1.95 12.35
14.69 12.43
16.98 6.01
12.97 30.77
0.22 6.88
0.21 0.75
11.42 9.41
18.52 8.86
4.80 5.19
31.08 13.71
2.89 15.63
10.29 1.36
16.11 16.45
27.70 22.67
2.48 25.67
7.29 27.53
1.02 8.85
13.95 4.58
32.46 12.97
5.69 33.04
3.47 3.75
7.56 7.78
18.39 8.84
46.68 18.14
1.30 25.49
18.26 2.09
11.15 20.75
6.67 8.79
28.66 33.97
26.63 5.55
45.64 9.28
19.05 33.20
4.29 11.98
12.60 8.45
12.30 5.89
13.54 9.54
6.81 5.02
32.17 5.13
5.77 22.70
5.17 11.55
10.10 7.47
2.24 19.05
24.29 26.15
5.52 24.15
1.21 3.54
1.58 2.04
8.76 18.08
29.47 3.57
3.67 4.33
33.27 26.96
5.82 11.85
18.77 7.13
23.78 12.57
16.53 0.76
25.80 23.16
8.76 10.79
12.00 18.93
43.81 31.80
20.82 20.13
26.78 10.33
7.13 9.22
18.73 15.54
20.96 34.64
19.40 18.93
3.89 5.19
29.56 7.28
2.98 42.51
3.98 8.84
26.51 24.72
2.28 5.27
3.34 11.16
1.73 19.63
31.99 21.76
15.71 10.61
16.79 0.74
27.57 25.07
38.45 5.32
10.63 12.16
9.71 19.15
37.01 15.96
28.15 31.91
4.40 2.07
34.16 16.81
11.86 45.92
3.95 2.04
13.18 0.28
1.20 21.68
5.11 3.52
13.78 18.71
0.00 34.75
16.66 12.15
7.32 4.92
1.97 6.52
10.70 35.45
8.59 0.24
12.17 12.38
13.98 9.20
5.30 26.15
0.03 5.32
16.05 24.28
46.41 2.10
3.14 5.98
7.96 21.06
34.87 36.94
21.21 0.29
8.03 4.47
15.15 3.22
4.55 13.00
14.25 2.97
22.87 1.50
7.45 20.65
5.94 35.90
19.84 29.12
33.88 23.55
34.47 1.70
18.86 25.69
6.68 22.64
28.94 37.03
12.56 11.52
2.98 14.92
25.59 10.34
33.34 5.41
4.85 12.95
12.49 23.77
12.84 24.35
26.66 23.47
1.70 2.26
11.14 9.28
24.06 23.02
5.04 28.05
7.14 7.54
18.22 4.84
4.41 16.58
10.28 27.76
8.14 12.00
9.60 22.05
20.52 20.90
25.65 21.43
21.61 4.72
16.43 34.57
7.39 19.67
36.84 16.82
18.75 21.43
28.43 24.34
30.16 1.92
11.51 41.24
34.70 11.70
6.44 5.33
11.40 0.81
5.37 15.05
18.59 21.61
39.40 1.69
32.25 15.72
19.63 46.36
21.36 3.27
18.94 25.99
22.83 17.62
4.19 30.14
6.68 2.86
25.94 4.31
10.28 7.38
3.84 3.38
1.01 4.27
40.27 22.58
0.57 27.33
34.48 36.64
13.58 12.33
14.88 2.76
9.40 4.63
7.05 12.39
35.95 11.50
7.65 9.79
28.04 23.56
0.67 10.35
6.56 8.49
22.99 14.91
17.25 34.73
3.41 14.47
34.40 13.71
25.42 40.02
9.52 13.07
6.06 11.34
33.75 21.24
4.40 29.17
12.70 21.03
10.15 4.62
11.33 6.68
