# nJobs | nMachines
200 2
# Job Weights
21
69
99
40
50
24
75
17
4
72
19
98
22
65
82
46
90
70
19
24
11
7
86
97
90
33
82
19
88
29
87
85
66
20
54
59
97
70
94
95
41
16
82
52
92
41
35
31
46
28
3
31
29
95
22
77
32
31
22
57
98
64
48
51
100
29
18
8
4
80
53
36
70
22
47
42
27
83
80
22
37
26
61
26
28
45
32
68
45
14
82
27
67
95
48
18
64
91
76
56
86
42
35
91
72
78
68
34
18
21
90
84
11
58
2
36
22
95
51
74
71
59
63
85
82
38
46
22
61
72
7
7
3
92
48
87
89
72
15
95
91
14
9
31
76
26
28
38
7
40
55
83
27
8
47
28
98
32
19
12
8
89
49
21
19
50
92
10
97
14
46
83
53
96
21
37
72
63
76
46
84
72
92
52
18
24
7
9
72
44
62
22
30
90
55
80
16
89
42
63
# P_bar : m1 | m2
49 50
22 39
27 10
14 37
29 42
42 12
12 29
32 20
40 33
28 19
28 34
20 47
21 38
49 13
19 44
46 38
11 17
28 20
24 42
19 23
26 44
27 28
15 14
36 47
24 49
39 28
28 46
37 18
36 28
38 32
50 43
42 25
19 45
30 46
41 46
13 34
40 48
28 17
33 41
27 17
10 36
33 17
40 38
23 23
49 15
19 42
45 18
23 27
22 10
44 36
42 18
20 16
39 28
46 32
35 48
36 14
41 42
45 23
49 26
26 50
20 46
27 29
13 29
27 29
33 50
36 19
32 32
31 43
17 20
28 32
32 12
22 48
17 49
15 26
40 21
23 13
15 20
47 47
50 49
17 24
44 31
46 11
19 36
50 33
27 33
38 45
37 28
39 11
23 14
39 34
43 28
44 37
37 15
16 13
44 49
11 50
30 43
22 10
11 15
10 31
24 12
47 40
22 22
26 49
45 35
42 40
45 11
50 50
30 47
24 35
11 37
39 32
26 27
28 46
19 31
20 48
24 41
19 17
45 42
20 26
48 20
20 24
37 10
10 23
43 23
28 43
50 15
18 21
50 23
34 48
11 20
37 22
23 15
31 42
39 48
25 18
19 19
43 32
11 21
32 21
22 32
21 34
12 25
41 34
19 48
44 18
43 37
29 16
42 11
27 44
22 38
18 26
50 13
47 17
40 34
26 28
17 16
23 33
39 21
50 15
34 10
13 21
45 10
15 22
39 40
27 20
14 46
27 15
47 45
45 39
36 39
41 39
18 13
49 10
29 37
36 34
14 41
48 28
32 29
29 36
34 48
37 35
35 22
10 40
23 48
38 20
36 18
11 12
37 39
22 42
43 19
46 47
22 42
45 39
20 13
31 18
32 37
19 17
25 34
19 38
# P_hat : m1 | m2
40.08 189.30
5.15 11.19
58.97 19.45
39.22 88.37
115.80 41.61
60.25 37.03
43.03 72.72
48.89 1.45
110.31 80.30
67.00 37.35
5.93 26.66
6.27 187.20
1.74 136.37
72.68 15.21
56.68 95.23
31.79 48.11
26.66 52.73
32.35 74.43
76.51 60.28
60.68 74.11
80.64 87.72
56.68 44.42
17.07 52.55
116.56 95.96
17.87 91.61
45.20 75.31
20.60 48.07
99.78 23.39
98.82 104.39
99.18 86.85
83.12 142.18
16.83 27.11
69.25 97.88
60.93 178.74
66.74 58.64
30.62 21.82
30.85 98.09
14.85 26.37
53.53 26.17
24.54 60.42
9.77 142.66
117.81 38.66
84.92 117.75
44.48 79.03
135.14 42.06
72.32 7.42
20.20 11.35
76.69 7.67
51.39 0.40
25.73 44.06
49.92 28.25
38.59 15.43
107.82 7.24
44.64 67.82
74.88 52.48
98.59 44.58
73.59 1.35
155.34 77.51
170.41 99.29
48.95 143.23
77.83 134.99
8.16 108.29
0.17 24.25
41.11 115.37
79.34 154.70
90.60 55.22
60.99 46.22
15.49 93.87
11.59 52.31
95.44 79.40
111.09 33.84
59.30 15.82
45.17 69.71
35.86 45.14
32.47 21.89
39.40 8.98
41.75 11.11
101.00 68.88
3.72 96.71
64.84 6.05
148.69 117.36
47.94 33.67
46.85 105.24
184.65 22.82
10.37 79.70
76.46 95.35
67.52 110.04
63.99 32.90
76.87 32.24
59.38 115.71
10.95 17.37
11.59 2.25
6.33 41.41
26.19 5.11
126.44 22.62
8.96 148.94
77.58 46.53
60.46 25.15
11.23 55.04
24.02 39.24
65.75 10.42
87.72 17.05
29.63 11.48
64.39 12.20
176.01 12.27
71.71 69.12
70.51 14.12
92.85 141.31
9.15 163.61
53.10 109.87
14.46 78.53
18.94 13.11
48.49 76.65
0.38 66.76
30.54 10.62
8.46 161.75
2.33 55.47
62.66 14.84
164.92 146.40
16.61 93.82
103.55 27.12
22.24 34.06
73.05 23.19
17.47 67.48
46.28 5.81
78.44 102.06
25.30 57.17
3.82 22.02
153.54 83.61
90.57 182.43
21.94 21.53
69.23 66.37
45.76 14.33
54.19 123.92
61.29 153.10
49.97 17.80
40.17 54.41
119.01 103.95
31.29 30.12
48.34 14.09
36.39 11.77
31.39 78.25
25.75 97.81
74.35 111.92
67.61 83.68
122.56 38.64
154.57 41.37
82.26 10.44
163.13 21.21
68.66 81.58
84.79 79.33
11.39 99.09
10.50 31.40
108.88 41.19
157.36 17.41
43.43 111.61
14.42 49.46
47.98 115.79
101.21 34.80
63.04 30.13
97.21 20.88
50.71 16.30
161.45 27.58
17.50 79.46
50.97 26.19
40.13 6.91
22.09 135.83
10.83 16.39
143.25 112.30
65.76 108.54
126.69 50.22
152.02 127.16
1.76 28.60
193.75 34.76
82.36 112.97
74.94 118.13
21.81 3.31
99.56 27.27
41.55 10.44
72.23 63.66
12.65 170.87
91.93 65.46
38.55 74.77
0.71 52.35
50.85 65.20
87.92 71.64
61.43 30.66
3.18 37.91
132.21 36.92
53.81 159.40
19.90 43.67
94.01 142.75
43.76 15.04
10.87 76.86
48.55 46.85
100.23 63.15
95.87 6.93
15.43 20.65
86.23 60.29
26.03 26.18
