# nJobs | nMachines
200 2
# Job Weights
79
43
100
88
26
75
7
74
57
86
64
30
90
22
8
12
7
22
50
24
47
100
60
52
18
63
55
68
14
4
98
59
26
87
44
48
24
7
91
83
5
72
19
39
53
2
79
46
30
72
70
50
3
9
45
80
11
76
22
63
69
46
10
38
92
34
2
41
84
57
23
36
52
37
28
65
71
77
17
61
64
91
52
97
9
85
34
5
77
69
94
16
24
56
32
52
81
18
70
21
31
66
59
60
28
88
67
96
67
85
3
59
64
36
85
3
60
14
19
28
52
1
50
52
33
12
5
10
77
12
35
30
91
4
27
27
64
43
77
86
81
80
19
4
21
25
5
52
57
88
59
60
40
73
84
3
68
35
31
27
4
58
51
32
75
97
22
9
34
70
63
75
93
58
20
84
82
55
66
78
16
100
40
58
87
44
20
65
88
1
100
92
79
16
41
92
72
89
85
3
# P_bar : m1 | m2
33 10
34 16
38 22
49 12
23 45
41 22
44 45
21 33
24 10
42 22
21 26
21 17
46 42
35 27
41 23
44 25
44 33
40 33
36 17
20 42
14 10
19 45
22 39
38 20
43 13
15 44
29 37
21 16
47 29
39 20
45 49
43 36
39 45
15 31
43 43
14 26
38 34
50 43
13 21
47 47
23 16
12 37
42 30
30 34
11 20
22 28
27 32
50 24
27 23
45 16
13 43
47 45
24 10
14 10
40 20
11 28
26 46
49 40
37 50
11 32
24 17
25 20
50 39
34 48
43 41
40 20
24 38
27 23
46 10
31 13
41 19
28 47
15 20
14 36
30 12
17 21
27 41
40 33
13 13
17 11
19 25
24 19
33 45
33 14
38 44
45 18
42 41
44 32
14 39
29 36
41 35
34 15
25 46
47 48
23 14
33 28
31 42
13 17
38 38
37 35
35 11
36 22
24 22
17 38
31 11
44 38
49 28
17 37
44 45
21 33
24 16
45 15
15 11
15 45
41 25
18 30
14 36
13 45
16 15
39 45
10 30
40 23
34 18
14 32
10 26
49 23
41 31
27 17
50 31
27 38
42 12
13 31
13 13
17 15
44 32
48 42
41 38
31 42
18 31
45 36
34 35
45 39
22 27
49 45
31 16
37 39
44 43
23 35
11 15
40 47
13 36
38 20
32 39
23 50
26 46
17 47
45 10
37 49
37 48
25 33
42 14
27 37
10 33
26 44
50 11
24 40
37 31
10 22
35 50
11 28
42 38
13 33
32 31
45 45
33 13
47 47
22 13
49 46
28 18
48 27
28 26
25 41
22 14
23 11
41 24
24 25
10 20
47 47
50 29
38 47
44 42
13 34
15 14
24 27
22 28
46 42
30 22
49 44
44 21
19 43
# P_hat : m1 | m2
35.39 11.98
42.93 6.41
19.04 23.91
128.48 39.17
3.66 68.10
98.02 7.78
153.07 61.60
74.83 129.54
43.11 25.19
77.16 36.62
6.47 17.32
56.34 67.06
151.11 137.90
34.25 30.40
69.09 6.45
147.64 5.66
154.37 15.89
38.91 76.66
79.28 63.16
15.40 83.45
5.71 33.72
69.25 80.26
72.20 110.54
115.53 58.55
8.39 9.05
50.62 63.57
50.81 94.32
28.76 4.52
102.74 41.94
14.25 42.78
136.20 195.26
100.18 68.33
29.11 146.89
11.29 53.58
31.69 136.98
3.19 61.92
89.35 120.58
168.07 70.68
0.91 50.76
9.21 118.44
52.69 26.71
39.34 21.36
54.89 11.23
41.95 2.27
26.24 69.88
24.13 26.49
2.87 27.07
147.05 70.66
67.57 29.44
104.54 32.39
38.57 27.95
126.94 172.75
19.76 34.06
19.74 34.55
20.18 32.54
5.71 85.38
70.32 26.47
168.29 1.38
142.48 3.99
27.65 75.09
17.67 30.97
10.57 41.44
162.57 1.16
78.71 81.16
106.35 117.76
125.03 35.42
67.51 111.30
90.12 21.44
10.34 32.53
92.69 30.60
139.54 16.02
32.05 44.50
38.43 50.24
17.59 119.51
114.96 19.95
2.27 21.70
62.62 142.19
26.64 88.34
37.04 23.30
11.96 21.47
17.89 20.43
47.46 47.64
120.76 64.57
27.95 55.76
21.92 84.51
136.62 34.98
84.10 92.80
160.47 117.34
8.21 124.93
74.93 64.96
38.19 100.62
21.32 35.17
68.34 90.60
111.61 36.92
69.44 25.98
40.85 27.53
55.55 153.69
21.08 22.81
149.58 144.74
43.25 74.63
41.27 27.79
51.05 47.78
54.20 11.39
17.16 57.12
113.50 4.36
46.76 94.69
175.58 50.05
7.04 115.14
115.56 39.68
76.19 21.72
16.20 26.01
174.30 55.60
27.17 31.26
56.74 75.41
111.00 51.73
21.71 10.11
10.54 141.78
15.79 119.95
5.95 17.12
22.44 105.45
4.19 13.14
67.67 88.86
108.20 12.58
7.92 82.95
5.21 25.53
126.11 66.02
32.34 96.33
10.54 45.79
33.37 76.20
99.76 135.66
138.01 3.77
18.41 41.03
34.10 12.91
36.53 59.28
119.17 49.84
131.07 123.08
103.11 104.08
33.00 35.63
2.81 29.64
82.00 40.50
121.17 57.56
102.51 36.55
73.25 2.12
194.36 158.29
20.29 61.80
102.38 53.28
118.68 58.22
90.16 0.99
43.37 40.82
109.87 155.18
12.67 21.11
121.38 12.77
13.70 123.25
71.82 123.26
94.66 8.25
26.03 117.04
113.51 12.36
63.66 72.27
64.79 147.79
31.04 107.04
128.04 22.42
101.11 140.18
37.63 53.65
18.18 135.84
174.95 21.29
70.79 143.61
37.42 112.56
2.69 7.69
37.52 187.30
40.14 92.46
106.37 120.28
37.49 26.52
32.92 99.83
129.49 153.02
3.71 15.04
70.56 179.02
55.15 2.59
28.63 27.58
92.18 38.71
45.13 62.19
73.06 67.10
40.52 2.78
52.45 53.78
9.89 1.96
2.77 13.73
87.32 1.40
10.79 45.35
154.10 175.27
199.87 77.25
32.14 154.66
46.67 2.23
34.47 73.71
57.93 25.74
87.92 53.89
44.25 8.09
146.30 114.99
16.29 44.28
191.58 134.67
169.73 40.76
12.44 25.69
