# nJobs | nMachines
200 2
# Job Weights
35
33
10
40
43
56
38
40
42
85
4
96
3
22
37
62
55
66
28
49
96
7
36
71
94
89
90
15
18
63
40
60
1
1
21
7
19
59
22
7
92
90
12
20
46
56
99
58
29
49
43
17
92
12
5
48
59
29
75
69
89
28
1
90
98
31
78
58
23
82
91
76
6
97
91
39
30
38
33
73
38
36
21
45
81
29
77
4
56
18
97
92
14
82
96
45
91
13
84
94
85
54
73
24
27
43
66
79
13
77
28
30
35
52
61
34
11
51
23
86
77
62
76
47
54
60
70
23
21
33
34
80
74
27
70
67
23
65
41
72
81
28
8
5
92
43
73
95
12
78
56
73
41
52
11
30
89
23
59
90
28
5
22
38
27
77
100
69
91
6
54
46
79
100
95
57
65
43
38
59
26
1
47
3
34
66
100
11
76
8
75
67
37
34
48
25
82
95
100
9
# P_bar : m1 | m2
24 14
39 36
40 43
19 25
50 34
18 21
20 44
36 30
45 37
28 49
41 10
30 29
40 16
11 25
12 44
37 11
17 46
26 40
38 29
48 36
48 13
18 40
37 50
39 37
34 35
46 45
13 28
21 17
23 43
21 32
43 28
46 25
38 41
25 45
34 20
17 28
41 27
21 40
49 45
35 22
11 20
13 13
29 21
10 42
47 32
18 15
11 37
23 34
42 20
31 43
19 15
25 41
44 35
43 28
10 10
49 41
24 20
20 22
20 44
42 21
37 50
13 33
34 10
41 35
48 19
26 13
26 47
21 37
16 10
49 34
41 45
39 32
21 38
24 44
39 29
50 44
25 18
48 50
29 46
21 31
14 49
24 43
49 25
45 27
19 25
38 35
18 41
11 23
11 14
16 37
19 25
19 44
19 38
36 13
37 34
18 34
44 17
33 42
39 17
26 27
11 46
38 35
23 10
26 48
26 23
17 25
17 35
27 38
13 23
41 23
15 23
16 17
16 49
49 29
35 44
30 20
17 15
29 22
15 39
33 24
40 40
42 20
48 21
42 14
18 25
40 41
49 19
10 45
36 44
20 50
33 46
48 36
39 14
24 14
38 50
34 38
44 10
13 20
10 19
42 44
30 32
38 14
19 22
49 25
27 39
48 12
31 36
46 27
20 17
24 11
14 42
41 20
15 21
47 49
43 23
18 46
22 47
35 41
10 30
28 32
14 48
21 15
30 27
40 37
50 17
23 44
29 10
39 30
29 12
50 35
45 21
14 23
32 10
20 40
29 35
20 27
47 19
24 22
29 27
17 32
33 21
48 46
50 27
23 10
23 22
39 15
39 40
41 27
38 40
14 41
41 28
25 18
31 39
50 20
31 38
17 27
18 15
32 16
43 40
40 32
# P_hat : m1 | m2
7.20 4.20
11.70 10.80
12.00 12.90
5.70 7.50
15.00 10.20
5.40 6.30
6.00 13.20
10.80 9.00
13.50 11.10
8.40 14.70
12.30 3.00
9.00 8.70
12.00 4.80
3.30 7.50
3.60 13.20
11.10 3.30
5.10 13.80
7.80 12.00
11.40 8.70
14.40 10.80
14.40 3.90
5.40 12.00
11.10 15.00
11.70 11.10
10.20 10.50
13.80 13.50
3.90 8.40
6.30 5.10
6.90 12.90
6.30 9.60
12.90 8.40
13.80 7.50
11.40 12.30
7.50 13.50
10.20 6.00
5.10 8.40
12.30 8.10
6.30 12.00
14.70 13.50
10.50 6.60
3.30 6.00
3.90 3.90
8.70 6.30
3.00 12.60
14.10 9.60
5.40 4.50
3.30 11.10
6.90 10.20
12.60 6.00
9.30 12.90
5.70 4.50
7.50 12.30
13.20 10.50
12.90 8.40
3.00 3.00
14.70 12.30
7.20 6.00
6.00 6.60
6.00 13.20
12.60 6.30
11.10 15.00
3.90 9.90
10.20 3.00
12.30 10.50
14.40 5.70
7.80 3.90
7.80 14.10
6.30 11.10
4.80 3.00
14.70 10.20
12.30 13.50
11.70 9.60
6.30 11.40
7.20 13.20
11.70 8.70
15.00 13.20
7.50 5.40
14.40 15.00
8.70 13.80
6.30 9.30
4.20 14.70
7.20 12.90
14.70 7.50
13.50 8.10
5.70 7.50
11.40 10.50
5.40 12.30
3.30 6.90
3.30 4.20
4.80 11.10
5.70 7.50
5.70 13.20
5.70 11.40
10.80 3.90
11.10 10.20
5.40 10.20
13.20 5.10
9.90 12.60
11.70 5.10
7.80 8.10
3.30 13.80
11.40 10.50
6.90 3.00
7.80 14.40
7.80 6.90
5.10 7.50
5.10 10.50
8.10 11.40
3.90 6.90
12.30 6.90
4.50 6.90
4.80 5.10
4.80 14.70
14.70 8.70
10.50 13.20
9.00 6.00
5.10 4.50
8.70 6.60
4.50 11.70
9.90 7.20
12.00 12.00
12.60 6.00
14.40 6.30
12.60 4.20
5.40 7.50
12.00 12.30
14.70 5.70
3.00 13.50
10.80 13.20
6.00 15.00
9.90 13.80
14.40 10.80
11.70 4.20
7.20 4.20
11.40 15.00
10.20 11.40
13.20 3.00
3.90 6.00
3.00 5.70
12.60 13.20
9.00 9.60
11.40 4.20
5.70 6.60
14.70 7.50
8.10 11.70
14.40 3.60
9.30 10.80
13.80 8.10
6.00 5.10
7.20 3.30
4.20 12.60
12.30 6.00
4.50 6.30
14.10 14.70
12.90 6.90
5.40 13.80
6.60 14.10
10.50 12.30
3.00 9.00
8.40 9.60
4.20 14.40
6.30 4.50
9.00 8.10
12.00 11.10
15.00 5.10
6.90 13.20
8.70 3.00
11.70 9.00
8.70 3.60
15.00 10.50
13.50 6.30
4.20 6.90
9.60 3.00
6.00 12.00
8.70 10.50
6.00 8.10
14.10 5.70
7.20 6.60
8.70 8.10
5.10 9.60
9.90 6.30
14.40 13.80
15.00 8.10
6.90 3.00
6.90 6.60
11.70 4.50
11.70 12.00
12.30 8.10
11.40 12.00
4.20 12.30
12.30 8.40
7.50 5.40
9.30 11.70
15.00 6.00
9.30 11.40
5.10 8.10
5.40 4.50
9.60 4.80
12.90 12.00
12.00 9.60
