# nJobs | nMachines
200 2
# Job Weights
92
38
50
26
4
98
41
43
64
15
12
76
51
67
12
29
21
46
67
88
96
13
23
78
45
44
7
61
95
54
94
7
76
72
98
71
1
73
59
63
26
38
57
18
28
78
42
1
25
12
55
41
24
50
38
60
33
52
65
86
100
60
63
26
87
85
71
75
62
50
24
72
70
47
53
86
82
63
11
32
52
83
47
19
13
97
30
50
91
29
6
57
90
62
38
3
91
88
28
91
44
47
97
38
14
87
66
34
66
23
75
48
74
21
84
95
49
97
25
79
91
63
67
85
39
58
53
7
86
43
93
52
88
4
79
76
56
40
96
100
55
69
20
8
86
97
53
33
11
74
19
98
93
4
96
67
49
66
98
87
91
45
95
85
19
66
71
73
39
50
7
77
1
51
35
27
30
57
38
89
44
9
98
57
2
44
27
28
68
85
4
33
10
92
6
99
92
79
38
27
# P_bar : m1 | m2
26 36
38 26
42 33
38 30
17 24
14 43
30 37
17 44
19 26
50 20
12 11
41 39
22 18
26 15
21 18
36 24
29 12
32 36
16 25
34 15
12 46
27 44
38 50
24 49
24 36
27 27
39 47
42 21
37 24
29 48
10 26
28 38
31 41
44 41
29 31
14 19
39 36
26 41
26 16
30 18
42 39
45 22
48 46
14 41
34 14
19 18
34 18
17 48
37 36
16 15
49 32
40 29
21 30
41 39
30 47
45 18
10 37
24 13
28 11
48 48
47 10
21 28
45 20
18 22
34 49
48 40
45 49
22 41
27 36
10 28
45 43
47 38
45 49
37 35
10 20
38 41
14 11
50 40
40 12
17 14
29 26
25 19
29 16
45 13
23 42
27 28
27 24
27 36
45 30
27 24
27 27
13 23
14 30
31 46
15 14
49 46
10 12
29 48
14 27
41 35
40 50
10 42
14 48
29 15
49 33
50 27
32 21
14 45
27 19
43 22
12 39
41 23
30 27
49 42
14 50
37 39
47 38
36 19
47 44
24 25
38 47
30 36
19 29
12 42
13 24
34 12
28 17
13 18
37 26
26 27
45 47
30 44
35 43
46 17
45 23
39 43
13 33
46 29
24 33
29 38
35 29
25 47
25 36
37 31
45 23
14 15
42 19
27 35
18 35
18 39
50 29
28 10
40 13
46 50
45 12
19 21
16 33
27 21
47 16
31 27
48 45
18 45
23 46
49 47
31 43
39 33
24 22
40 35
41 25
49 50
39 21
28 27
21 12
43 16
14 40
11 17
19 17
32 16
48 38
46 35
48 30
25 14
13 41
11 33
41 41
27 45
46 31
30 16
16 40
26 22
14 20
40 20
38 41
43 23
15 25
18 45
25 15
49 26
23 38
13 45
# P_hat : m1 | m2
10.40 14.40
15.20 10.40
16.80 13.20
15.20 12.00
6.80 9.60
5.60 17.20
12.00 14.80
6.80 17.60
7.60 10.40
20.00 8.00
4.80 4.40
16.40 15.60
8.80 7.20
10.40 6.00
8.40 7.20
14.40 9.60
11.60 4.80
12.80 14.40
6.40 10.00
13.60 6.00
4.80 18.40
10.80 17.60
15.20 20.00
9.60 19.60
9.60 14.40
10.80 10.80
15.60 18.80
16.80 8.40
14.80 9.60
11.60 19.20
4.00 10.40
11.20 15.20
12.40 16.40
17.60 16.40
11.60 12.40
5.60 7.60
15.60 14.40
10.40 16.40
10.40 6.40
12.00 7.20
16.80 15.60
18.00 8.80
19.20 18.40
5.60 16.40
13.60 5.60
7.60 7.20
13.60 7.20
6.80 19.20
14.80 14.40
6.40 6.00
19.60 12.80
16.00 11.60
8.40 12.00
16.40 15.60
12.00 18.80
18.00 7.20
4.00 14.80
9.60 5.20
11.20 4.40
19.20 19.20
18.80 4.00
8.40 11.20
18.00 8.00
7.20 8.80
13.60 19.60
19.20 16.00
18.00 19.60
8.80 16.40
10.80 14.40
4.00 11.20
18.00 17.20
18.80 15.20
18.00 19.60
14.80 14.00
4.00 8.00
15.20 16.40
5.60 4.40
20.00 16.00
16.00 4.80
6.80 5.60
11.60 10.40
10.00 7.60
11.60 6.40
18.00 5.20
9.20 16.80
10.80 11.20
10.80 9.60
10.80 14.40
18.00 12.00
10.80 9.60
10.80 10.80
5.20 9.20
5.60 12.00
12.40 18.40
6.00 5.60
19.60 18.40
4.00 4.80
11.60 19.20
5.60 10.80
16.40 14.00
16.00 20.00
4.00 16.80
5.60 19.20
11.60 6.00
19.60 13.20
20.00 10.80
12.80 8.40
5.60 18.00
10.80 7.60
17.20 8.80
4.80 15.60
16.40 9.20
12.00 10.80
19.60 16.80
5.60 20.00
14.80 15.60
18.80 15.20
14.40 7.60
18.80 17.60
9.60 10.00
15.20 18.80
12.00 14.40
7.60 11.60
4.80 16.80
5.20 9.60
13.60 4.80
11.20 6.80
5.20 7.20
14.80 10.40
10.40 10.80
18.00 18.80
12.00 17.60
14.00 17.20
18.40 6.80
18.00 9.20
15.60 17.20
5.20 13.20
18.40 11.60
9.60 13.20
11.60 15.20
14.00 11.60
10.00 18.80
10.00 14.40
14.80 12.40
18.00 9.20
5.60 6.00
16.80 7.60
10.80 14.00
7.20 14.00
7.20 15.60
20.00 11.60
11.20 4.00
16.00 5.20
18.40 20.00
18.00 4.80
7.60 8.40
6.40 13.20
10.80 8.40
18.80 6.40
12.40 10.80
19.20 18.00
7.20 18.00
9.20 18.40
19.60 18.80
12.40 17.20
15.60 13.20
9.60 8.80
16.00 14.00
16.40 10.00
19.60 20.00
15.60 8.40
11.20 10.80
8.40 4.80
17.20 6.40
5.60 16.00
4.40 6.80
7.60 6.80
12.80 6.40
19.20 15.20
18.40 14.00
19.20 12.00
10.00 5.60
5.20 16.40
4.40 13.20
16.40 16.40
10.80 18.00
18.40 12.40
12.00 6.40
6.40 16.00
10.40 8.80
5.60 8.00
16.00 8.00
15.20 16.40
17.20 9.20
6.00 10.00
7.20 18.00
10.00 6.00
19.60 10.40
9.20 15.20
5.20 18.00
