# nJobs | nMachines
200 2
# Job Weights
63
4
95
93
49
84
62
78
45
73
56
56
29
12
80
97
39
50
4
98
93
66
80
85
6
29
96
37
77
24
20
45
19
75
32
87
40
84
82
25
10
99
63
9
5
12
54
86
74
96
20
1
81
94
8
74
51
75
6
18
63
57
47
86
61
32
28
33
39
43
65
58
34
35
94
56
75
79
25
26
71
35
100
78
79
37
67
36
3
31
65
44
80
33
82
62
24
77
95
91
75
9
38
8
56
65
64
39
15
85
98
41
97
30
43
36
21
26
39
79
80
94
22
34
88
56
93
2
96
17
34
90
93
86
38
60
9
39
1
75
96
60
83
67
76
65
48
9
62
92
63
11
87
40
11
55
62
78
59
45
75
32
99
72
73
8
78
86
87
29
7
36
4
72
73
47
43
93
58
53
97
53
66
28
17
2
30
84
79
13
92
81
53
58
81
2
53
73
38
33
# P_bar : m1 | m2
39 46
38 42
48 26
20 44
25 21
25 49
25 47
17 21
27 13
24 19
27 30
40 15
32 16
12 33
37 39
23 22
25 45
43 24
16 25
36 18
31 31
48 48
29 26
18 37
16 18
15 45
22 41
24 24
21 18
39 39
47 38
13 11
31 26
24 31
46 40
16 17
41 44
28 42
43 22
25 29
13 21
15 20
26 46
44 39
37 14
12 17
23 49
26 31
50 17
26 20
32 26
23 33
48 46
12 21
31 35
46 26
24 19
46 16
38 20
22 12
26 21
15 49
10 31
35 12
16 24
45 15
35 19
45 22
27 42
40 40
36 23
16 24
34 26
37 10
15 16
15 27
33 29
42 43
13 20
23 14
47 26
26 27
35 48
44 31
15 11
19 20
25 19
49 22
49 32
31 46
41 40
10 50
46 48
37 13
38 49
26 19
40 23
29 10
13 16
33 29
32 32
11 29
44 13
22 29
17 40
22 31
36 16
48 15
32 21
16 42
10 22
11 18
34 26
22 29
33 28
38 34
34 36
28 42
21 31
30 17
29 33
35 22
43 25
16 23
22 29
29 36
21 48
35 49
49 27
46 10
38 20
13 29
43 11
33 17
46 15
14 48
34 50
45 20
28 22
17 19
27 10
33 48
40 22
48 33
46 30
11 30
12 48
46 43
20 44
20 22
48 23
12 25
46 23
19 13
36 40
44 37
40 38
18 37
37 45
49 19
47 19
22 28
23 41
34 32
28 35
16 30
40 31
27 23
15 25
38 17
35 28
18 35
33 41
47 30
24 48
10 25
17 32
12 14
18 47
47 38
32 23
38 40
35 49
38 39
39 21
49 31
32 10
37 18
41 44
10 40
17 39
34 30
20 45
28 20
27 28
45 28
15 20
12 36
47 43
32 39
# P_hat : m1 | m2
15.60 18.40
15.20 16.80
19.20 10.40
8.00 17.60
10.00 8.40
10.00 19.60
10.00 18.80
6.80 8.40
10.80 5.20
9.60 7.60
10.80 12.00
16.00 6.00
12.80 6.40
4.80 13.20
14.80 15.60
9.20 8.80
10.00 18.00
17.20 9.60
6.40 10.00
14.40 7.20
12.40 12.40
19.20 19.20
11.60 10.40
7.20 14.80
6.40 7.20
6.00 18.00
8.80 16.40
9.60 9.60
8.40 7.20
15.60 15.60
18.80 15.20
5.20 4.40
12.40 10.40
9.60 12.40
18.40 16.00
6.40 6.80
16.40 17.60
11.20 16.80
17.20 8.80
10.00 11.60
5.20 8.40
6.00 8.00
10.40 18.40
17.60 15.60
14.80 5.60
4.80 6.80
9.20 19.60
10.40 12.40
20.00 6.80
10.40 8.00
12.80 10.40
9.20 13.20
19.20 18.40
4.80 8.40
12.40 14.00
18.40 10.40
9.60 7.60
18.40 6.40
15.20 8.00
8.80 4.80
10.40 8.40
6.00 19.60
4.00 12.40
14.00 4.80
6.40 9.60
18.00 6.00
14.00 7.60
18.00 8.80
10.80 16.80
16.00 16.00
14.40 9.20
6.40 9.60
13.60 10.40
14.80 4.00
6.00 6.40
6.00 10.80
13.20 11.60
16.80 17.20
5.20 8.00
9.20 5.60
18.80 10.40
10.40 10.80
14.00 19.20
17.60 12.40
6.00 4.40
7.60 8.00
10.00 7.60
19.60 8.80
19.60 12.80
12.40 18.40
16.40 16.00
4.00 20.00
18.40 19.20
14.80 5.20
15.20 19.60
10.40 7.60
16.00 9.20
11.60 4.00
5.20 6.40
13.20 11.60
12.80 12.80
4.40 11.60
17.60 5.20
8.80 11.60
6.80 16.00
8.80 12.40
14.40 6.40
19.20 6.00
12.80 8.40
6.40 16.80
4.00 8.80
4.40 7.20
13.60 10.40
8.80 11.60
13.20 11.20
15.20 13.60
13.60 14.40
11.20 16.80
8.40 12.40
12.00 6.80
11.60 13.20
14.00 8.80
17.20 10.00
6.40 9.20
8.80 11.60
11.60 14.40
8.40 19.20
14.00 19.60
19.60 10.80
18.40 4.00
15.20 8.00
5.20 11.60
17.20 4.40
13.20 6.80
18.40 6.00
5.60 19.20
13.60 20.00
18.00 8.00
11.20 8.80
6.80 7.60
10.80 4.00
13.20 19.20
16.00 8.80
19.20 13.20
18.40 12.00
4.40 12.00
4.80 19.20
18.40 17.20
8.00 17.60
8.00 8.80
19.20 9.20
4.80 10.00
18.40 9.20
7.60 5.20
14.40 16.00
17.60 14.80
16.00 15.20
7.20 14.80
14.80 18.00
19.60 7.60
18.80 7.60
8.80 11.20
9.20 16.40
13.60 12.80
11.20 14.00
6.40 12.00
16.00 12.40
10.80 9.20
6.00 10.00
15.20 6.80
14.00 11.20
7.20 14.00
13.20 16.40
18.80 12.00
9.60 19.20
4.00 10.00
6.80 12.80
4.80 5.60
7.20 18.80
18.80 15.20
12.80 9.20
15.20 16.00
14.00 19.60
15.20 15.60
15.60 8.40
19.60 12.40
12.80 4.00
14.80 7.20
16.40 17.60
4.00 16.00
6.80 15.60
13.60 12.00
8.00 18.00
11.20 8.00
10.80 11.20
18.00 11.20
6.00 8.00
4.80 14.40
18.80 17.20
12.80 15.60
