# nJobs | nMachines
200 2
# Job Weights
6
65
91
62
24
94
25
65
34
72
95
66
40
95
93
79
12
84
80
47
92
16
50
9
61
8
92
48
5
11
82
100
95
7
95
73
54
73
89
53
73
22
42
16
74
79
59
67
64
28
73
69
29
87
14
97
70
49
14
96
68
92
21
83
66
58
54
54
91
48
65
76
51
69
89
56
22
94
18
86
14
8
17
4
16
56
42
9
69
78
85
68
10
28
67
8
7
54
55
17
13
84
63
78
57
85
85
79
44
11
73
32
45
75
13
77
73
35
11
85
33
19
39
55
7
87
23
35
62
51
83
95
8
79
61
90
15
65
25
53
2
20
23
6
31
20
62
61
85
51
74
31
22
3
89
31
29
1
89
83
51
72
34
37
21
86
37
68
47
3
26
60
36
83
82
90
7
21
38
36
23
56
51
34
93
50
12
17
76
95
51
40
74
20
43
22
19
7
57
32
# P_bar : m1 | m2
32 34
35 42
38 49
45 38
40 10
34 23
29 25
36 23
23 47
24 27
40 25
40 19
27 18
21 30
10 18
49 32
10 24
47 23
22 41
41 32
28 39
31 46
37 48
19 39
14 46
31 41
48 33
15 30
13 23
12 20
24 14
20 37
12 47
50 14
38 40
33 24
22 44
30 37
18 23
41 37
41 26
25 12
42 44
46 48
24 18
10 31
25 26
48 37
18 12
37 40
18 16
41 44
24 35
48 36
31 27
50 23
13 27
19 43
18 45
16 27
49 41
27 32
32 48
45 21
29 10
36 33
17 16
15 49
12 41
12 25
15 50
45 12
24 25
14 15
12 21
24 46
20 27
28 19
26 25
16 26
25 24
22 31
11 43
41 40
32 23
46 14
33 37
35 22
25 13
44 42
18 34
17 30
10 48
48 16
30 25
18 14
10 15
47 17
17 13
50 28
24 42
16 39
25 11
43 39
29 39
50 19
36 19
35 31
34 31
34 31
25 27
38 35
10 39
27 45
13 44
26 26
35 13
30 41
16 33
20 13
32 47
50 32
24 31
48 29
46 42
45 20
36 49
33 21
29 50
35 28
20 46
48 16
50 30
18 30
32 37
12 24
10 39
50 30
21 37
38 48
22 39
50 45
49 24
13 35
13 15
13 31
17 46
42 27
36 39
27 39
16 34
34 36
42 32
48 28
31 45
38 36
42 39
50 32
50 43
41 24
13 42
16 23
27 28
26 11
21 46
13 10
39 32
32 17
25 20
33 30
14 15
11 33
44 34
37 16
28 30
26 20
17 10
47 40
33 13
31 50
17 30
44 30
47 37
44 26
39 12
26 24
16 26
16 42
28 34
33 17
10 29
13 25
35 21
22 23
19 17
19 28
13 30
18 12
30 47
38 46
# P_hat : m1 | m2
3.20 3.40
3.50 4.20
3.80 4.90
4.50 3.80
4.00 1.00
3.40 2.30
2.90 2.50
3.60 2.30
2.30 4.70
2.40 2.70
4.00 2.50
4.00 1.90
2.70 1.80
2.10 3.00
1.00 1.80
4.90 3.20
1.00 2.40
4.70 2.30
2.20 4.10
4.10 3.20
2.80 3.90
3.10 4.60
3.70 4.80
1.90 3.90
1.40 4.60
3.10 4.10
4.80 3.30
1.50 3.00
1.30 2.30
1.20 2.00
2.40 1.40
2.00 3.70
1.20 4.70
5.00 1.40
3.80 4.00
3.30 2.40
2.20 4.40
3.00 3.70
1.80 2.30
4.10 3.70
4.10 2.60
2.50 1.20
4.20 4.40
4.60 4.80
2.40 1.80
1.00 3.10
2.50 2.60
4.80 3.70
1.80 1.20
3.70 4.00
1.80 1.60
4.10 4.40
2.40 3.50
4.80 3.60
3.10 2.70
5.00 2.30
1.30 2.70
1.90 4.30
1.80 4.50
1.60 2.70
4.90 4.10
2.70 3.20
3.20 4.80
4.50 2.10
2.90 1.00
3.60 3.30
1.70 1.60
1.50 4.90
1.20 4.10
1.20 2.50
1.50 5.00
4.50 1.20
2.40 2.50
1.40 1.50
1.20 2.10
2.40 4.60
2.00 2.70
2.80 1.90
2.60 2.50
1.60 2.60
2.50 2.40
2.20 3.10
1.10 4.30
4.10 4.00
3.20 2.30
4.60 1.40
3.30 3.70
3.50 2.20
2.50 1.30
4.40 4.20
1.80 3.40
1.70 3.00
1.00 4.80
4.80 1.60
3.00 2.50
1.80 1.40
1.00 1.50
4.70 1.70
1.70 1.30
5.00 2.80
2.40 4.20
1.60 3.90
2.50 1.10
4.30 3.90
2.90 3.90
5.00 1.90
3.60 1.90
3.50 3.10
3.40 3.10
3.40 3.10
2.50 2.70
3.80 3.50
1.00 3.90
2.70 4.50
1.30 4.40
2.60 2.60
3.50 1.30
3.00 4.10
1.60 3.30
2.00 1.30
3.20 4.70
5.00 3.20
2.40 3.10
4.80 2.90
4.60 4.20
4.50 2.00
3.60 4.90
3.30 2.10
2.90 5.00
3.50 2.80
2.00 4.60
4.80 1.60
5.00 3.00
1.80 3.00
3.20 3.70
1.20 2.40
1.00 3.90
5.00 3.00
2.10 3.70
3.80 4.80
2.20 3.90
5.00 4.50
4.90 2.40
1.30 3.50
1.30 1.50
1.30 3.10
1.70 4.60
4.20 2.70
3.60 3.90
2.70 3.90
1.60 3.40
3.40 3.60
4.20 3.20
4.80 2.80
3.10 4.50
3.80 3.60
4.20 3.90
5.00 3.20
5.00 4.30
4.10 2.40
1.30 4.20
1.60 2.30
2.70 2.80
2.60 1.10
2.10 4.60
1.30 1.00
3.90 3.20
3.20 1.70
2.50 2.00
3.30 3.00
1.40 1.50
1.10 3.30
4.40 3.40
3.70 1.60
2.80 3.00
2.60 2.00
1.70 1.00
4.70 4.00
3.30 1.30
3.10 5.00
1.70 3.00
4.40 3.00
4.70 3.70
4.40 2.60
3.90 1.20
2.60 2.40
1.60 2.60
1.60 4.20
2.80 3.40
3.30 1.70
1.00 2.90
1.30 2.50
3.50 2.10
2.20 2.30
1.90 1.70
1.90 2.80
1.30 3.00
1.80 1.20
3.00 4.70
3.80 4.60
