# nJobs | nMachines
200 2
# Job Weights
21
69
99
40
50
24
75
17
4
72
19
98
22
65
82
46
90
70
19
24
11
7
86
97
90
33
82
19
88
29
87
85
66
20
54
59
97
70
94
95
41
16
82
52
92
41
35
31
46
28
3
31
29
95
22
77
32
31
22
57
98
64
48
51
100
29
18
8
4
80
53
36
70
22
47
42
27
83
80
22
37
26
61
26
28
45
32
68
45
14
82
27
67
95
48
18
64
91
76
56
86
42
35
91
72
78
68
34
18
21
90
84
11
58
2
36
22
95
51
74
71
59
63
85
82
38
46
22
61
72
7
7
3
92
48
87
89
72
15
95
91
14
9
31
76
26
28
38
7
40
55
83
27
8
47
28
98
32
19
12
8
89
49
21
19
50
92
10
97
14
46
83
53
96
21
37
72
63
76
46
84
72
92
52
18
24
7
9
72
44
62
22
30
90
55
80
16
89
42
63
# P_bar : m1 | m2
49 50
22 39
27 10
14 37
29 42
42 12
12 29
32 20
40 33
28 19
28 34
20 47
21 38
49 13
19 44
46 38
11 17
28 20
24 42
19 23
26 44
27 28
15 14
36 47
24 49
39 28
28 46
37 18
36 28
38 32
50 43
42 25
19 45
30 46
41 46
13 34
40 48
28 17
33 41
27 17
10 36
33 17
40 38
23 23
49 15
19 42
45 18
23 27
22 10
44 36
42 18
20 16
39 28
46 32
35 48
36 14
41 42
45 23
49 26
26 50
20 46
27 29
13 29
27 29
33 50
36 19
32 32
31 43
17 20
28 32
32 12
22 48
17 49
15 26
40 21
23 13
15 20
47 47
50 49
17 24
44 31
46 11
19 36
50 33
27 33
38 45
37 28
39 11
23 14
39 34
43 28
44 37
37 15
16 13
44 49
11 50
30 43
22 10
11 15
10 31
24 12
47 40
22 22
26 49
45 35
42 40
45 11
50 50
30 47
24 35
11 37
39 32
26 27
28 46
19 31
20 48
24 41
19 17
45 42
20 26
48 20
20 24
37 10
10 23
43 23
28 43
50 15
18 21
50 23
34 48
11 20
37 22
23 15
31 42
39 48
25 18
19 19
43 32
11 21
32 21
22 32
21 34
12 25
41 34
19 48
44 18
43 37
29 16
42 11
27 44
22 38
18 26
50 13
47 17
40 34
26 28
17 16
23 33
39 21
50 15
34 10
13 21
45 10
15 22
39 40
27 20
14 46
27 15
47 45
45 39
36 39
41 39
18 13
49 10
29 37
36 34
14 41
48 28
32 29
29 36
34 48
37 35
35 22
10 40
23 48
38 20
36 18
11 12
37 39
22 42
43 19
46 47
22 42
45 39
20 13
31 18
32 37
19 17
25 34
19 38
# P_hat : m1 | m2
14.70 15.00
6.60 11.70
8.10 3.00
4.20 11.10
8.70 12.60
12.60 3.60
3.60 8.70
9.60 6.00
12.00 9.90
8.40 5.70
8.40 10.20
6.00 14.10
6.30 11.40
14.70 3.90
5.70 13.20
13.80 11.40
3.30 5.10
8.40 6.00
7.20 12.60
5.70 6.90
7.80 13.20
8.10 8.40
4.50 4.20
10.80 14.10
7.20 14.70
11.70 8.40
8.40 13.80
11.10 5.40
10.80 8.40
11.40 9.60
15.00 12.90
12.60 7.50
5.70 13.50
9.00 13.80
12.30 13.80
3.90 10.20
12.00 14.40
8.40 5.10
9.90 12.30
8.10 5.10
3.00 10.80
9.90 5.10
12.00 11.40
6.90 6.90
14.70 4.50
5.70 12.60
13.50 5.40
6.90 8.10
6.60 3.00
13.20 10.80
12.60 5.40
6.00 4.80
11.70 8.40
13.80 9.60
10.50 14.40
10.80 4.20
12.30 12.60
13.50 6.90
14.70 7.80
7.80 15.00
6.00 13.80
8.10 8.70
3.90 8.70
8.10 8.70
9.90 15.00
10.80 5.70
9.60 9.60
9.30 12.90
5.10 6.00
8.40 9.60
9.60 3.60
6.60 14.40
5.10 14.70
4.50 7.80
12.00 6.30
6.90 3.90
4.50 6.00
14.10 14.10
15.00 14.70
5.10 7.20
13.20 9.30
13.80 3.30
5.70 10.80
15.00 9.90
8.10 9.90
11.40 13.50
11.10 8.40
11.70 3.30
6.90 4.20
11.70 10.20
12.90 8.40
13.20 11.10
11.10 4.50
4.80 3.90
13.20 14.70
3.30 15.00
9.00 12.90
6.60 3.00
3.30 4.50
3.00 9.30
7.20 3.60
14.10 12.00
6.60 6.60
7.80 14.70
13.50 10.50
12.60 12.00
13.50 3.30
15.00 15.00
9.00 14.10
7.20 10.50
3.30 11.10
11.70 9.60
7.80 8.10
8.40 13.80
5.70 9.30
6.00 14.40
7.20 12.30
5.70 5.10
13.50 12.60
6.00 7.80
14.40 6.00
6.00 7.20
11.10 3.00
3.00 6.90
12.90 6.90
8.40 12.90
15.00 4.50
5.40 6.30
15.00 6.90
10.20 14.40
3.30 6.00
11.10 6.60
6.90 4.50
9.30 12.60
11.70 14.40
7.50 5.40
5.70 5.70
12.90 9.60
3.30 6.30
9.60 6.30
6.60 9.60
6.30 10.20
3.60 7.50
12.30 10.20
5.70 14.40
13.20 5.40
12.90 11.10
8.70 4.80
12.60 3.30
8.10 13.20
6.60 11.40
5.40 7.80
15.00 3.90
14.10 5.10
12.00 10.20
7.80 8.40
5.10 4.80
6.90 9.90
11.70 6.30
15.00 4.50
10.20 3.00
3.90 6.30
13.50 3.00
4.50 6.60
11.70 12.00
8.10 6.00
4.20 13.80
8.10 4.50
14.10 13.50
13.50 11.70
10.80 11.70
12.30 11.70
5.40 3.90
14.70 3.00
8.70 11.10
10.80 10.20
4.20 12.30
14.40 8.40
9.60 8.70
8.70 10.80
10.20 14.40
11.10 10.50
10.50 6.60
3.00 12.00
6.90 14.40
11.40 6.00
10.80 5.40
3.30 3.60
11.10 11.70
6.60 12.60
12.90 5.70
13.80 14.10
6.60 12.60
13.50 11.70
6.00 3.90
9.30 5.40
9.60 11.10
5.70 5.10
7.50 10.20
5.70 11.40
