# nJobs | nMachines
200 2
# Job Weights
78
81
7
53
33
79
53
60
93
45
36
16
24
15
42
69
76
17
12
69
47
43
68
80
65
64
42
75
83
84
48
38
87
99
55
88
4
68
7
64
83
9
75
69
26
44
74
98
88
53
26
34
85
34
83
81
41
38
60
21
31
57
23
36
87
69
51
19
78
38
65
41
60
75
44
29
54
26
97
10
74
22
38
21
4
58
90
16
17
44
55
49
27
22
63
65
30
54
14
49
16
93
95
57
42
26
36
58
63
25
19
7
56
2
56
80
48
45
4
39
15
49
43
13
68
46
61
6
35
53
38
72
80
54
37
30
21
88
19
46
11
84
81
14
12
16
56
24
76
68
11
43
26
92
70
6
99
49
35
5
56
31
11
88
60
75
10
94
73
52
20
47
80
3
60
5
98
80
14
54
47
21
50
12
91
29
25
52
86
83
6
56
16
31
57
68
73
19
47
78
# P_bar : m1 | m2
17 18
16 38
14 26
27 29
50 19
22 44
43 43
17 31
25 46
28 11
23 41
36 50
13 32
44 21
34 29
49 17
48 27
50 43
26 40
13 11
33 19
23 21
18 32
12 26
26 40
50 19
10 23
23 17
31 36
40 35
30 38
15 42
45 24
48 39
12 14
17 33
24 20
38 31
19 40
19 32
27 31
17 17
14 27
14 10
24 42
49 35
42 42
30 35
49 21
31 12
17 29
13 16
23 29
11 15
38 28
41 47
37 37
48 28
19 28
10 35
22 48
48 12
20 41
20 20
41 43
12 20
46 38
30 13
11 32
38 19
21 34
12 37
50 11
48 20
10 40
24 24
39 26
49 29
36 32
46 26
23 11
33 23
24 32
24 38
32 30
42 37
44 14
39 15
36 47
36 28
16 31
39 37
27 46
12 50
41 47
19 49
20 25
49 48
41 38
45 32
29 42
21 47
17 39
37 40
33 47
21 31
24 46
50 17
42 34
12 26
29 34
23 50
38 41
44 29
25 39
34 24
48 19
44 12
17 14
17 15
14 16
47 37
23 46
22 38
38 12
31 18
36 21
31 36
20 27
35 46
25 14
22 49
35 14
50 49
38 45
37 13
18 14
24 39
46 28
14 15
35 18
44 29
16 28
29 21
17 13
30 45
14 20
13 27
38 13
49 50
36 30
49 30
22 37
15 15
43 27
15 34
29 28
17 50
50 33
12 28
15 42
30 38
46 28
22 46
46 18
44 22
50 26
14 31
25 14
37 12
48 32
25 23
41 30
29 18
12 10
30 42
26 13
23 24
11 46
33 38
30 48
28 35
39 45
27 23
49 15
14 22
15 31
14 40
32 34
29 17
25 10
21 16
41 43
32 29
48 38
43 22
21 17
25 25
44 14
31 25
# P_hat : m1 | m2
25.78 6.01
0.79 12.74
0.62 1.91
17.47 42.71
48.86 25.22
33.90 41.77
58.76 72.60
15.16 49.95
13.68 53.85
55.84 19.10
19.60 16.88
32.50 11.19
4.25 17.26
69.94 2.40
47.17 30.81
21.64 31.84
7.91 2.12
68.05 10.50
34.03 36.18
7.10 20.55
62.76 12.01
6.95 21.30
15.56 2.66
22.65 7.71
21.83 78.93
63.85 36.67
7.95 0.23
12.61 32.36
61.01 46.02
32.75 60.75
53.65 34.56
6.90 43.31
19.18 23.46
2.99 52.02
15.64 3.91
12.53 1.98
41.49 12.32
35.96 43.69
36.79 16.15
7.05 43.10
46.91 60.13
26.40 3.19
21.59 36.32
23.65 8.88
36.53 72.92
61.37 12.40
11.02 58.18
1.95 58.67
90.24 39.67
38.23 16.40
27.08 28.84
12.52 19.77
5.40 50.40
2.75 17.12
52.10 1.70
35.29 87.51
14.84 51.02
47.19 37.88
2.44 12.08
11.64 46.12
11.84 37.81
76.57 15.63
12.41 8.74
18.21 26.31
0.95 85.95
1.74 1.93
36.11 74.27
28.80 10.58
13.20 55.73
22.17 29.73
29.19 38.56
20.64 54.65
77.99 19.33
3.80 16.17
9.61 26.16
5.04 32.04
18.88 42.01
96.69 44.21
10.26 51.06
45.90 22.65
28.44 17.99
46.36 5.53
26.86 34.85
0.47 0.44
20.89 19.48
43.49 27.12
7.73 11.09
27.35 20.86
2.39 36.52
5.66 25.13
12.70 14.73
10.35 27.62
30.65 20.91
16.55 7.32
65.65 56.72
7.61 65.48
6.70 30.97
10.25 44.50
52.19 28.86
63.58 55.25
1.83 43.60
39.32 45.04
1.77 2.00
40.06 27.30
46.80 35.74
36.58 24.73
34.28 53.38
80.17 18.14
28.51 41.34
19.56 39.77
4.65 55.28
41.16 71.81
41.62 78.35
71.92 1.06
22.62 15.27
43.76 0.36
50.53 24.60
64.38 21.55
2.78 6.82
2.05 27.81
6.92 1.93
15.00 69.15
40.10 32.35
9.65 7.71
74.17 11.66
20.89 9.24
13.11 11.96
48.96 22.12
26.35 43.36
34.87 49.60
27.77 8.72
31.64 59.81
15.99 20.05
99.63 26.72
74.08 37.22
48.12 3.17
7.18 5.07
32.65 53.13
6.64 10.16
0.86 15.75
18.04 25.53
40.71 6.20
27.78 31.77
42.18 10.78
25.25 25.04
25.53 43.52
9.69 32.24
9.65 29.71
75.06 1.13
3.93 63.32
62.43 57.08
56.71 36.10
19.30 60.62
21.76 26.53
41.85 12.32
26.20 14.42
52.24 34.21
14.34 41.10
27.68 55.43
14.22 50.40
27.37 29.69
12.64 18.00
57.31 43.71
27.79 25.28
67.45 29.61
11.58 18.64
71.58 34.71
25.45 5.92
8.98 17.47
17.58 10.84
93.25 37.54
9.05 7.73
70.06 44.21
28.55 31.06
5.93 4.33
52.24 8.04
23.16 0.61
23.68 30.81
7.90 55.85
39.13 41.55
9.81 22.27
21.90 27.36
75.61 53.50
13.94 22.85
64.36 29.63
9.11 6.00
23.20 43.10
3.66 32.35
62.07 29.12
26.32 24.40
11.80 13.85
3.09 31.72
13.92 11.04
33.27 6.04
32.35 55.05
71.28 25.45
18.10 9.32
12.44 3.97
54.31 2.40
43.82 44.71
