# nJobs | nMachines
200 2
# Job Weights
78
81
7
53
33
79
53
60
93
45
36
16
24
15
42
69
76
17
12
69
47
43
68
80
65
64
42
75
83
84
48
38
87
99
55
88
4
68
7
64
83
9
75
69
26
44
74
98
88
53
26
34
85
34
83
81
41
38
60
21
31
57
23
36
87
69
51
19
78
38
65
41
60
75
44
29
54
26
97
10
74
22
38
21
4
58
90
16
17
44
55
49
27
22
63
65
30
54
14
49
16
93
95
57
42
26
36
58
63
25
19
7
56
2
56
80
48
45
4
39
15
49
43
13
68
46
61
6
35
53
38
72
80
54
37
30
21
88
19
46
11
84
81
14
12
16
56
24
76
68
11
43
26
92
70
6
99
49
35
5
56
31
11
88
60
75
10
94
73
52
20
47
80
3
60
5
98
80
14
54
47
21
50
12
91
29
25
52
86
83
6
56
16
31
57
68
73
19
47
78
# P_bar : m1 | m2
17 18
16 38
14 26
27 29
50 19
22 44
43 43
17 31
25 46
28 11
23 41
36 50
13 32
44 21
34 29
49 17
48 27
50 43
26 40
13 11
33 19
23 21
18 32
12 26
26 40
50 19
10 23
23 17
31 36
40 35
30 38
15 42
45 24
48 39
12 14
17 33
24 20
38 31
19 40
19 32
27 31
17 17
14 27
14 10
24 42
49 35
42 42
30 35
49 21
31 12
17 29
13 16
23 29
11 15
38 28
41 47
37 37
48 28
19 28
10 35
22 48
48 12
20 41
20 20
41 43
12 20
46 38
30 13
11 32
38 19
21 34
12 37
50 11
48 20
10 40
24 24
39 26
49 29
36 32
46 26
23 11
33 23
24 32
24 38
32 30
42 37
44 14
39 15
36 47
36 28
16 31
39 37
27 46
12 50
41 47
19 49
20 25
49 48
41 38
45 32
29 42
21 47
17 39
37 40
33 47
21 31
24 46
50 17
42 34
12 26
29 34
23 50
38 41
44 29
25 39
34 24
48 19
44 12
17 14
17 15
14 16
47 37
23 46
22 38
38 12
31 18
36 21
31 36
20 27
35 46
25 14
22 49
35 14
50 49
38 45
37 13
18 14
24 39
46 28
14 15
35 18
44 29
16 28
29 21
17 13
30 45
14 20
13 27
38 13
49 50
36 30
49 30
22 37
15 15
43 27
15 34
29 28
17 50
50 33
12 28
15 42
30 38
46 28
22 46
46 18
44 22
50 26
14 31
25 14
37 12
48 32
25 23
41 30
29 18
12 10
30 42
26 13
23 24
11 46
33 38
30 48
28 35
39 45
27 23
49 15
14 22
15 31
14 40
32 34
29 17
25 10
21 16
41 43
32 29
48 38
43 22
21 17
25 25
44 14
31 25
# P_hat : m1 | m2
0.88 1.52
7.22 5.29
3.54 2.30
11.16 1.29
8.00 1.15
9.85 10.14
8.37 4.44
0.09 5.65
11.32 11.58
1.28 3.80
3.67 0.81
17.10 19.99
6.18 10.05
12.62 0.86
10.74 12.67
10.99 7.83
7.04 0.82
8.22 5.95
8.74 16.12
4.89 4.12
13.06 1.75
9.08 2.20
0.82 5.93
2.97 6.30
0.75 12.37
13.74 3.50
2.21 5.32
10.21 6.35
5.44 0.66
2.34 4.42
2.14 13.55
5.71 18.80
13.91 6.14
2.43 10.38
0.50 0.75
5.96 7.38
0.87 5.33
15.62 3.76
6.71 5.38
0.77 6.04
1.15 0.31
8.39 2.74
2.62 2.85
2.59 1.64
9.75 2.52
23.21 15.58
20.71 12.47
11.30 11.88
9.22 8.29
1.29 2.99
6.61 1.26
3.63 4.30
4.88 8.51
4.98 5.59
2.11 6.04
10.10 3.00
0.21 5.25
11.25 5.08
0.53 9.04
0.59 9.99
1.29 8.55
15.58 5.92
7.46 12.42
5.83 2.37
19.72 2.19
2.25 1.53
6.57 4.67
13.03 1.04
1.23 2.99
18.30 2.71
0.13 2.95
5.82 16.59
1.08 0.44
21.39 5.25
2.64 8.21
11.92 11.79
1.44 1.46
13.57 5.77
17.45 15.51
12.03 11.25
7.24 4.49
11.48 2.97
5.45 2.73
7.53 12.70
9.35 13.94
18.92 10.30
1.00 4.00
5.48 2.10
17.11 18.08
16.02 2.62
3.65 5.02
12.09 7.87
3.74 11.68
1.13 6.06
9.51 2.70
3.36 14.96
5.84 3.61
1.90 13.95
19.98 2.93
22.19 7.70
10.12 11.18
5.63 1.22
2.63 6.56
15.06 2.69
11.30 1.49
1.71 15.34
10.93 7.41
20.56 6.88
19.95 4.33
4.35 8.86
8.89 12.92
4.81 14.89
17.72 9.67
19.05 5.97
0.57 6.80
0.45 11.15
9.04 7.89
17.83 5.79
8.39 0.87
1.28 5.48
4.16 7.51
8.95 3.35
11.15 1.53
9.26 14.08
15.93 3.45
7.26 7.58
7.47 1.47
4.24 14.31
0.56 2.72
15.13 3.76
10.16 1.15
11.00 19.96
17.44 4.66
13.89 12.82
14.61 8.07
17.48 5.70
7.65 2.75
2.97 15.92
10.36 6.15
0.90 2.83
16.70 4.16
13.34 4.37
1.83 10.47
9.74 5.28
5.25 1.51
5.37 20.24
0.79 3.84
4.37 7.34
9.89 5.89
18.92 15.61
9.36 1.75
20.88 14.10
6.07 11.61
4.21 2.51
18.85 1.88
3.03 13.50
1.94 8.68
0.24 13.34
18.88 14.75
3.72 11.04
5.28 3.19
3.19 5.92
3.14 3.48
0.16 17.11
8.06 0.30
12.98 6.27
9.81 9.91
3.06 13.59
11.30 2.39
6.44 4.93
12.34 1.77
9.80 9.73
8.13 1.91
9.02 3.58
5.17 3.99
14.24 3.15
1.91 1.49
10.66 8.67
2.71 16.56
4.26 12.18
6.89 16.65
13.72 9.50
9.61 5.67
4.44 3.98
15.52 1.36
1.68 9.99
0.57 9.04
0.90 8.02
2.05 7.85
2.20 8.05
1.74 0.77
6.73 4.69
3.73 10.88
5.53 8.87
21.52 0.34
10.19 9.59
7.01 7.92
2.15 7.06
4.23 4.88
0.63 11.53
