# nJobs | nMachines
200 2
# Job Weights
35
33
10
40
43
56
38
40
42
85
4
96
3
22
37
62
55
66
28
49
96
7
36
71
94
89
90
15
18
63
40
60
1
1
21
7
19
59
22
7
92
90
12
20
46
56
99
58
29
49
43
17
92
12
5
48
59
29
75
69
89
28
1
90
98
31
78
58
23
82
91
76
6
97
91
39
30
38
33
73
38
36
21
45
81
29
77
4
56
18
97
92
14
82
96
45
91
13
84
94
85
54
73
24
27
43
66
79
13
77
28
30
35
52
61
34
11
51
23
86
77
62
76
47
54
60
70
23
21
33
34
80
74
27
70
67
23
65
41
72
81
28
8
5
92
43
73
95
12
78
56
73
41
52
11
30
89
23
59
90
28
5
22
38
27
77
100
69
91
6
54
46
79
100
95
57
65
43
38
59
26
1
47
3
34
66
100
11
76
8
75
67
37
34
48
25
82
95
100
9
# P_bar : m1 | m2
24 14
39 36
40 43
19 25
50 34
18 21
20 44
36 30
45 37
28 49
41 10
30 29
40 16
11 25
12 44
37 11
17 46
26 40
38 29
48 36
48 13
18 40
37 50
39 37
34 35
46 45
13 28
21 17
23 43
21 32
43 28
46 25
38 41
25 45
34 20
17 28
41 27
21 40
49 45
35 22
11 20
13 13
29 21
10 42
47 32
18 15
11 37
23 34
42 20
31 43
19 15
25 41
44 35
43 28
10 10
49 41
24 20
20 22
20 44
42 21
37 50
13 33
34 10
41 35
48 19
26 13
26 47
21 37
16 10
49 34
41 45
39 32
21 38
24 44
39 29
50 44
25 18
48 50
29 46
21 31
14 49
24 43
49 25
45 27
19 25
38 35
18 41
11 23
11 14
16 37
19 25
19 44
19 38
36 13
37 34
18 34
44 17
33 42
39 17
26 27
11 46
38 35
23 10
26 48
26 23
17 25
17 35
27 38
13 23
41 23
15 23
16 17
16 49
49 29
35 44
30 20
17 15
29 22
15 39
33 24
40 40
42 20
48 21
42 14
18 25
40 41
49 19
10 45
36 44
20 50
33 46
48 36
39 14
24 14
38 50
34 38
44 10
13 20
10 19
42 44
30 32
38 14
19 22
49 25
27 39
48 12
31 36
46 27
20 17
24 11
14 42
41 20
15 21
47 49
43 23
18 46
22 47
35 41
10 30
28 32
14 48
21 15
30 27
40 37
50 17
23 44
29 10
39 30
29 12
50 35
45 21
14 23
32 10
20 40
29 35
20 27
47 19
24 22
29 27
17 32
33 21
48 46
50 27
23 10
23 22
39 15
39 40
41 27
38 40
14 41
41 28
25 18
31 39
50 20
31 38
17 27
18 15
32 16
43 40
40 32
# P_hat : m1 | m2
8.21 3.73
17.21 10.74
4.07 7.87
8.30 10.09
1.49 8.90
8.00 1.23
3.29 2.84
5.66 8.05
11.52 17.33
13.17 7.55
0.98 4.35
5.28 11.08
17.13 1.98
2.18 0.45
1.19 2.24
7.86 4.01
3.28 4.59
11.90 7.43
14.48 7.27
12.12 13.06
23.72 0.74
4.19 8.13
1.08 12.13
5.11 10.01
7.41 14.32
3.61 3.86
6.16 11.31
8.05 5.89
3.09 11.95
6.20 11.19
15.51 5.77
21.65 1.73
16.75 13.65
6.44 11.81
13.17 6.39
4.78 4.73
11.33 12.24
1.20 11.75
3.09 1.92
9.27 4.95
1.48 7.56
0.14 5.16
10.48 5.19
0.16 18.79
13.99 4.28
4.85 3.08
5.33 16.62
5.57 15.24
1.34 6.86
8.55 18.47
7.99 0.67
12.46 17.73
9.47 5.61
6.89 2.50
4.53 1.20
4.69 8.57
7.39 2.51
4.06 3.53
0.41 2.97
7.29 3.11
4.91 14.31
4.46 7.29
16.13 1.73
5.49 13.06
19.48 8.49
0.72 4.92
7.00 7.80
0.74 13.77
7.47 0.76
18.78 2.22
13.49 7.78
16.07 12.92
6.80 4.68
11.63 1.39
13.92 1.91
23.12 18.89
6.46 5.70
2.81 6.33
7.66 12.77
1.33 8.18
4.15 16.06
5.79 5.01
15.25 10.81
0.23 4.18
1.85 8.68
9.34 0.28
8.55 7.64
2.11 4.04
2.33 3.80
5.72 1.35
5.74 9.88
2.84 4.79
3.90 12.86
3.92 5.22
17.87 9.55
1.18 12.60
8.18 5.63
0.43 7.47
4.32 6.88
10.15 3.98
1.11 13.14
1.52 13.04
5.46 1.89
0.13 7.27
1.10 5.28
6.86 10.22
6.56 16.27
12.35 10.36
5.55 7.61
14.01 10.39
0.39 1.13
6.26 1.97
6.76 17.37
19.58 11.94
8.90 18.85
3.49 4.15
7.19 0.67
10.54 4.82
7.36 4.50
2.57 3.49
4.51 15.45
4.45 0.76
19.02 8.69
3.93 2.99
0.60 7.45
19.97 1.84
0.61 3.20
4.18 2.02
6.58 21.15
8.42 20.18
9.15 10.57
21.64 4.02
18.06 6.53
0.11 2.41
1.43 4.02
4.26 10.70
14.72 4.72
5.77 0.04
2.30 2.26
12.75 20.65
2.83 2.74
15.29 0.79
9.19 6.27
6.58 10.77
6.68 9.30
2.07 5.97
8.67 12.23
11.56 1.00
1.44 8.44
5.30 2.24
2.34 6.04
10.70 5.58
4.39 3.20
0.20 2.12
16.36 0.02
6.42 10.34
4.03 19.67
0.93 11.73
3.77 14.99
13.37 4.59
1.68 6.73
3.40 1.20
2.76 2.21
11.54 5.28
3.87 6.74
4.10 19.93
10.11 4.88
10.92 3.48
5.60 5.29
10.51 5.74
12.65 1.18
0.04 10.01
1.26 3.18
8.81 3.29
1.13 7.52
7.07 3.88
21.62 7.00
3.25 4.99
5.37 13.36
4.84 0.88
14.55 3.73
22.61 11.08
18.49 6.79
1.00 1.58
7.70 8.02
8.00 6.56
9.18 18.77
1.01 10.87
3.63 17.01
5.53 11.29
9.31 11.56
3.77 2.73
5.95 7.77
21.36 3.17
11.61 8.88
2.31 3.86
1.06 7.21
4.03 2.50
19.80 1.96
11.63 8.43
