# nJobs | nMachines
200 2
# Job Weights
92
38
50
26
4
98
41
43
64
15
12
76
51
67
12
29
21
46
67
88
96
13
23
78
45
44
7
61
95
54
94
7
76
72
98
71
1
73
59
63
26
38
57
18
28
78
42
1
25
12
55
41
24
50
38
60
33
52
65
86
100
60
63
26
87
85
71
75
62
50
24
72
70
47
53
86
82
63
11
32
52
83
47
19
13
97
30
50
91
29
6
57
90
62
38
3
91
88
28
91
44
47
97
38
14
87
66
34
66
23
75
48
74
21
84
95
49
97
25
79
91
63
67
85
39
58
53
7
86
43
93
52
88
4
79
76
56
40
96
100
55
69
20
8
86
97
53
33
11
74
19
98
93
4
96
67
49
66
98
87
91
45
95
85
19
66
71
73
39
50
7
77
1
51
35
27
30
57
38
89
44
9
98
57
2
44
27
28
68
85
4
33
10
92
6
99
92
79
38
27
# P_bar : m1 | m2
26 36
38 26
42 33
38 30
17 24
14 43
30 37
17 44
19 26
50 20
12 11
41 39
22 18
26 15
21 18
36 24
29 12
32 36
16 25
34 15
12 46
27 44
38 50
24 49
24 36
27 27
39 47
42 21
37 24
29 48
10 26
28 38
31 41
44 41
29 31
14 19
39 36
26 41
26 16
30 18
42 39
45 22
48 46
14 41
34 14
19 18
34 18
17 48
37 36
16 15
49 32
40 29
21 30
41 39
30 47
45 18
10 37
24 13
28 11
48 48
47 10
21 28
45 20
18 22
34 49
48 40
45 49
22 41
27 36
10 28
45 43
47 38
45 49
37 35
10 20
38 41
14 11
50 40
40 12
17 14
29 26
25 19
29 16
45 13
23 42
27 28
27 24
27 36
45 30
27 24
27 27
13 23
14 30
31 46
15 14
49 46
10 12
29 48
14 27
41 35
40 50
10 42
14 48
29 15
49 33
50 27
32 21
14 45
27 19
43 22
12 39
41 23
30 27
49 42
14 50
37 39
47 38
36 19
47 44
24 25
38 47
30 36
19 29
12 42
13 24
34 12
28 17
13 18
37 26
26 27
45 47
30 44
35 43
46 17
45 23
39 43
13 33
46 29
24 33
29 38
35 29
25 47
25 36
37 31
45 23
14 15
42 19
27 35
18 35
18 39
50 29
28 10
40 13
46 50
45 12
19 21
16 33
27 21
47 16
31 27
48 45
18 45
23 46
49 47
31 43
39 33
24 22
40 35
41 25
49 50
39 21
28 27
21 12
43 16
14 40
11 17
19 17
32 16
48 38
46 35
48 30
25 14
13 41
11 33
41 41
27 45
46 31
30 16
16 40
26 22
14 20
40 20
38 41
43 23
15 25
18 45
25 15
49 26
23 38
13 45
# P_hat : m1 | m2
34.03 139.89
100.05 98.12
20.86 35.11
77.07 27.16
1.27 91.92
21.93 78.88
8.98 30.83
32.31 124.43
32.05 29.58
88.88 21.38
2.18 38.69
59.31 25.35
66.57 4.64
38.37 16.15
60.07 43.70
53.20 11.82
49.10 22.64
72.18 90.34
60.84 84.87
14.81 13.79
1.58 150.39
65.66 41.34
144.26 135.35
95.01 84.41
46.48 16.51
50.55 77.14
100.61 40.94
93.35 14.84
93.85 34.40
101.38 125.43
29.85 24.34
55.65 27.92
57.27 1.63
112.57 77.35
52.86 53.15
25.64 17.77
2.54 7.73
18.10 70.40
50.81 50.45
98.72 51.50
46.83 134.28
94.08 0.84
66.23 177.82
5.87 55.99
130.33 55.46
64.96 18.19
10.67 33.95
48.95 67.95
51.44 51.23
63.67 50.54
59.27 95.54
38.20 115.09
47.70 73.62
136.96 72.27
23.10 16.93
127.69 71.75
2.46 81.63
88.22 36.42
9.08 17.90
175.53 105.16
92.27 37.70
37.64 18.64
175.20 23.39
71.31 13.38
88.42 155.27
24.41 9.93
91.11 16.00
46.57 48.95
55.56 74.04
22.78 45.50
3.37 7.71
133.71 145.54
128.23 186.76
17.09 39.11
22.81 58.52
86.39 94.89
38.22 10.45
17.08 41.95
100.24 23.58
19.09 23.48
58.81 30.29
77.33 61.37
81.85 30.81
21.40 34.05
54.39 31.80
104.66 59.75
16.93 30.53
92.11 75.80
126.46 93.70
83.59 73.82
30.45 38.26
14.97 63.87
50.74 112.95
44.62 115.12
3.78 8.31
117.72 125.07
4.99 5.04
92.41 167.45
35.94 55.80
143.46 53.92
125.57 11.40
4.48 63.97
21.34 173.42
89.85 1.26
81.80 62.65
194.47 100.57
94.17 33.17
0.87 77.07
95.04 43.97
17.34 40.74
6.75 26.30
120.46 1.71
103.80 65.86
105.12 154.70
16.19 21.27
51.99 32.91
64.46 56.27
47.04 61.46
45.67 47.39
58.45 88.21
136.86 10.33
36.85 135.50
14.19 65.05
40.25 110.67
38.57 35.30
126.59 37.54
18.54 11.33
7.50 3.52
80.13 41.13
63.90 92.20
86.43 141.93
71.88 91.02
25.25 98.41
88.25 8.83
118.46 77.34
67.50 135.36
35.33 86.65
83.02 54.08
32.03 127.31
35.22 133.61
57.53 74.75
2.31 69.90
66.85 89.00
125.08 71.35
63.83 36.27
2.58 18.40
165.78 30.93
28.48 80.35
9.12 59.94
26.62 41.12
147.71 88.27
32.92 21.26
91.95 3.52
76.46 73.66
21.20 42.48
25.10 63.44
46.39 42.67
66.10 78.81
22.52 4.90
20.25 103.81
123.02 44.23
58.57 1.64
32.15 79.82
116.68 67.49
21.16 92.72
48.57 105.17
1.95 74.13
122.92 56.17
65.77 42.98
159.96 29.64
110.51 3.99
92.82 69.25
24.00 3.09
31.84 46.97
54.43 86.25
31.56 13.50
63.39 36.69
1.68 11.71
68.06 66.69
136.68 111.94
14.97 55.43
56.73 8.33
22.31 118.71
0.78 24.65
38.70 121.12
30.76 86.28
20.58 56.26
75.78 54.49
15.51 113.38
28.87 2.90
50.30 23.69
74.74 69.67
59.60 3.01
124.51 50.16
54.58 72.78
1.80 111.93
44.82 45.63
119.71 75.47
29.31 105.19
40.17 147.88
