# nJobs | nMachines
200 2
# Job Weights
79
43
100
88
26
75
7
74
57
86
64
30
90
22
8
12
7
22
50
24
47
100
60
52
18
63
55
68
14
4
98
59
26
87
44
48
24
7
91
83
5
72
19
39
53
2
79
46
30
72
70
50
3
9
45
80
11
76
22
63
69
46
10
38
92
34
2
41
84
57
23
36
52
37
28
65
71
77
17
61
64
91
52
97
9
85
34
5
77
69
94
16
24
56
32
52
81
18
70
21
31
66
59
60
28
88
67
96
67
85
3
59
64
36
85
3
60
14
19
28
52
1
50
52
33
12
5
10
77
12
35
30
91
4
27
27
64
43
77
86
81
80
19
4
21
25
5
52
57
88
59
60
40
73
84
3
68
35
31
27
4
58
51
32
75
97
22
9
34
70
63
75
93
58
20
84
82
55
66
78
16
100
40
58
87
44
20
65
88
1
100
92
79
16
41
92
72
89
85
3
# P_bar : m1 | m2
33 10
34 16
38 22
49 12
23 45
41 22
44 45
21 33
24 10
42 22
21 26
21 17
46 42
35 27
41 23
44 25
44 33
40 33
36 17
20 42
14 10
19 45
22 39
38 20
43 13
15 44
29 37
21 16
47 29
39 20
45 49
43 36
39 45
15 31
43 43
14 26
38 34
50 43
13 21
47 47
23 16
12 37
42 30
30 34
11 20
22 28
27 32
50 24
27 23
45 16
13 43
47 45
24 10
14 10
40 20
11 28
26 46
49 40
37 50
11 32
24 17
25 20
50 39
34 48
43 41
40 20
24 38
27 23
46 10
31 13
41 19
28 47
15 20
14 36
30 12
17 21
27 41
40 33
13 13
17 11
19 25
24 19
33 45
33 14
38 44
45 18
42 41
44 32
14 39
29 36
41 35
34 15
25 46
47 48
23 14
33 28
31 42
13 17
38 38
37 35
35 11
36 22
24 22
17 38
31 11
44 38
49 28
17 37
44 45
21 33
24 16
45 15
15 11
15 45
41 25
18 30
14 36
13 45
16 15
39 45
10 30
40 23
34 18
14 32
10 26
49 23
41 31
27 17
50 31
27 38
42 12
13 31
13 13
17 15
44 32
48 42
41 38
31 42
18 31
45 36
34 35
45 39
22 27
49 45
31 16
37 39
44 43
23 35
11 15
40 47
13 36
38 20
32 39
23 50
26 46
17 47
45 10
37 49
37 48
25 33
42 14
27 37
10 33
26 44
50 11
24 40
37 31
10 22
35 50
11 28
42 38
13 33
32 31
45 45
33 13
47 47
22 13
49 46
28 18
48 27
28 26
25 41
22 14
23 11
41 24
24 25
10 20
47 47
50 29
38 47
44 42
13 34
15 14
24 27
22 28
46 42
30 22
49 44
44 21
19 43
# P_hat : m1 | m2
20.10 4.88
66.84 30.94
48.85 42.16
70.33 5.94
44.92 31.32
30.93 39.40
70.56 87.00
18.25 29.27
41.74 6.42
15.18 23.15
39.80 35.76
9.19 9.30
30.01 61.86
52.93 2.79
32.29 2.27
53.52 19.31
39.12 23.33
59.39 20.83
16.44 16.69
2.34 26.94
8.40 3.85
18.02 27.85
7.39 76.04
26.96 16.44
34.40 11.56
1.72 50.74
33.83 72.77
37.14 7.73
14.26 39.51
46.63 28.64
59.83 59.52
36.06 6.38
54.69 60.92
12.32 3.97
43.40 51.27
0.21 38.46
52.57 14.35
66.13 72.38
1.00 1.27
34.62 79.32
45.04 14.73
10.10 16.10
42.16 8.03
54.60 64.82
15.78 2.91
25.61 11.15
43.08 22.26
86.44 29.77
24.67 25.06
42.76 4.02
10.04 24.92
90.87 21.49
33.46 4.27
2.33 8.22
69.04 28.16
10.57 12.18
3.58 33.73
53.87 31.27
30.87 97.65
19.31 61.10
9.79 27.20
41.32 9.67
55.77 5.31
3.71 30.42
83.58 21.88
41.01 20.24
13.96 59.11
25.35 39.48
78.92 16.90
18.90 9.35
15.80 26.11
7.23 29.41
8.94 2.44
21.84 50.51
28.30 0.24
7.73 17.19
8.97 27.01
26.62 45.76
24.44 19.92
11.66 6.69
37.55 40.58
23.29 11.17
11.82 40.17
58.82 20.36
34.99 60.98
63.87 35.55
82.63 18.46
4.42 42.39
2.71 47.56
41.79 65.89
23.11 10.95
12.53 22.55
1.97 52.28
2.05 26.37
35.63 13.28
8.87 18.69
29.00 48.66
15.75 30.23
32.55 43.27
2.01 44.22
54.85 11.41
0.76 2.25
36.57 10.25
30.37 37.39
26.84 6.83
47.13 13.81
46.74 28.23
13.23 23.89
78.09 23.23
37.55 30.62
16.12 4.27
55.36 27.83
27.81 19.09
28.86 63.69
41.73 5.31
16.30 46.55
7.80 58.17
24.93 69.10
4.57 3.42
45.23 57.95
5.65 50.06
22.32 26.56
27.54 23.27
27.97 29.34
1.10 27.49
56.70 1.58
6.77 39.62
8.34 2.77
43.96 26.97
27.56 22.24
21.74 13.09
8.23 8.27
2.26 17.98
10.31 23.85
85.06 10.45
90.69 8.76
27.46 11.06
35.39 73.68
32.75 32.75
0.56 33.64
55.13 7.47
85.35 50.67
4.02 46.87
15.82 74.54
59.57 20.03
39.78 5.87
1.25 9.67
11.85 3.45
9.90 7.72
55.43 12.75
19.06 18.72
75.65 15.40
18.40 73.55
24.76 61.04
27.73 76.82
13.79 66.77
15.22 2.25
72.33 72.12
63.15 26.41
24.92 42.18
50.67 9.55
12.27 73.83
10.88 17.39
36.14 24.56
51.52 20.47
47.53 1.97
45.24 43.19
7.42 31.91
54.05 83.64
3.75 54.57
32.30 74.15
9.02 4.31
27.64 50.95
70.36 58.17
31.96 16.83
74.64 12.06
25.37 16.90
33.52 90.39
45.36 32.83
22.88 23.71
12.57 2.08
25.23 29.71
11.48 23.14
0.42 15.43
53.16 22.05
24.53 2.76
8.91 17.08
90.90 44.09
57.12 53.86
65.62 60.26
12.27 26.18
14.80 35.72
26.04 1.85
27.99 52.52
31.59 20.16
34.23 40.14
5.55 15.63
44.87 60.06
34.71 27.81
32.95 61.52
