# nJobs | nMachines
200 2
# Job Weights
6
65
91
62
24
94
25
65
34
72
95
66
40
95
93
79
12
84
80
47
92
16
50
9
61
8
92
48
5
11
82
100
95
7
95
73
54
73
89
53
73
22
42
16
74
79
59
67
64
28
73
69
29
87
14
97
70
49
14
96
68
92
21
83
66
58
54
54
91
48
65
76
51
69
89
56
22
94
18
86
14
8
17
4
16
56
42
9
69
78
85
68
10
28
67
8
7
54
55
17
13
84
63
78
57
85
85
79
44
11
73
32
45
75
13
77
73
35
11
85
33
19
39
55
7
87
23
35
62
51
83
95
8
79
61
90
15
65
25
53
2
20
23
6
31
20
62
61
85
51
74
31
22
3
89
31
29
1
89
83
51
72
34
37
21
86
37
68
47
3
26
60
36
83
82
90
7
21
38
36
23
56
51
34
93
50
12
17
76
95
51
40
74
20
43
22
19
7
57
32
# P_bar : m1 | m2
32 34
35 42
38 49
45 38
40 10
34 23
29 25
36 23
23 47
24 27
40 25
40 19
27 18
21 30
10 18
49 32
10 24
47 23
22 41
41 32
28 39
31 46
37 48
19 39
14 46
31 41
48 33
15 30
13 23
12 20
24 14
20 37
12 47
50 14
38 40
33 24
22 44
30 37
18 23
41 37
41 26
25 12
42 44
46 48
24 18
10 31
25 26
48 37
18 12
37 40
18 16
41 44
24 35
48 36
31 27
50 23
13 27
19 43
18 45
16 27
49 41
27 32
32 48
45 21
29 10
36 33
17 16
15 49
12 41
12 25
15 50
45 12
24 25
14 15
12 21
24 46
20 27
28 19
26 25
16 26
25 24
22 31
11 43
41 40
32 23
46 14
33 37
35 22
25 13
44 42
18 34
17 30
10 48
48 16
30 25
18 14
10 15
47 17
17 13
50 28
24 42
16 39
25 11
43 39
29 39
50 19
36 19
35 31
34 31
34 31
25 27
38 35
10 39
27 45
13 44
26 26
35 13
30 41
16 33
20 13
32 47
50 32
24 31
48 29
46 42
45 20
36 49
33 21
29 50
35 28
20 46
48 16
50 30
18 30
32 37
12 24
10 39
50 30
21 37
38 48
22 39
50 45
49 24
13 35
13 15
13 31
17 46
42 27
36 39
27 39
16 34
34 36
42 32
48 28
31 45
38 36
42 39
50 32
50 43
41 24
13 42
16 23
27 28
26 11
21 46
13 10
39 32
32 17
25 20
33 30
14 15
11 33
44 34
37 16
28 30
26 20
17 10
47 40
33 13
31 50
17 30
44 30
47 37
44 26
39 12
26 24
16 26
16 42
28 34
33 17
10 29
13 25
35 21
22 23
19 17
19 28
13 30
18 12
30 47
38 46
# P_hat : m1 | m2
40.76 42.35
36.53 12.84
32.99 82.79
17.28 14.88
39.06 18.65
27.28 11.53
46.14 36.69
54.98 13.09
6.16 29.87
4.25 16.74
72.65 37.39
42.84 21.16
46.32 31.79
2.44 18.44
10.53 24.91
52.86 48.19
17.21 7.27
9.18 18.43
10.58 39.59
33.34 22.76
48.49 25.12
58.21 63.15
73.46 20.72
36.45 55.33
0.17 86.02
2.96 46.35
14.17 40.35
10.47 4.14
21.58 39.77
21.42 11.42
8.97 17.22
24.79 72.45
22.02 55.98
46.37 20.29
7.87 35.63
30.22 2.90
16.53 70.19
34.66 2.59
15.79 32.23
1.42 1.70
81.51 44.84
27.18 3.78
39.78 45.26
87.82 57.33
7.48 16.47
3.78 21.13
40.40 24.33
25.04 23.04
28.77 10.51
20.09 28.71
1.19 18.12
42.40 20.94
9.44 69.21
72.75 36.06
39.75 10.48
92.36 21.95
20.36 46.79
6.87 1.88
28.81 61.16
20.54 29.59
65.56 13.90
44.94 52.32
36.72 35.41
41.94 12.34
36.93 16.56
21.45 42.14
6.21 28.74
18.50 61.73
5.61 60.75
1.92 41.82
0.02 5.47
54.75 18.63
17.38 30.69
21.06 2.09
9.00 21.36
23.33 7.59
16.28 39.74
36.43 20.77
18.52 47.68
30.84 9.52
46.81 29.09
37.31 13.12
20.25 52.81
36.83 57.81
34.33 33.23
68.27 22.82
45.95 63.16
62.35 3.40
35.82 8.92
87.81 57.72
12.55 33.90
28.32 11.44
13.95 53.06
66.37 13.04
19.55 19.50
28.28 22.67
18.01 12.23
20.54 0.90
21.27 1.51
39.21 47.95
47.50 80.69
15.32 53.70
11.42 8.02
32.84 73.21
37.92 51.70
7.61 32.08
43.46 29.10
65.19 23.51
57.82 29.68
4.60 11.54
49.67 15.77
53.10 54.47
3.25 69.73
0.67 65.20
4.45 40.94
43.59 4.50
1.51 1.48
13.99 30.69
24.23 30.61
23.44 15.84
50.10 0.61
74.62 63.34
2.43 22.56
85.68 49.19
20.89 44.94
49.81 5.22
46.39 78.16
11.13 29.81
56.62 52.74
34.17 28.81
2.31 8.05
89.98 20.99
58.63 54.67
25.17 5.59
33.61 19.50
20.03 43.31
0.66 22.18
26.84 39.24
19.73 39.58
5.82 57.25
31.06 32.43
39.37 27.00
26.72 2.33
0.09 52.10
18.72 22.38
21.68 41.58
13.43 59.21
47.39 13.16
16.39 1.74
33.60 63.08
0.39 33.40
33.23 22.09
54.11 6.52
88.15 3.51
23.64 31.40
58.15 57.94
50.21 71.66
92.70 57.39
39.84 79.12
26.17 43.57
23.07 44.29
1.58 10.09
7.36 44.69
4.29 4.70
35.41 24.58
0.28 4.67
67.21 32.96
28.88 10.94
0.20 6.17
26.51 27.19
5.23 26.22
13.74 37.66
59.78 59.73
36.08 6.27
2.27 10.02
34.12 23.02
28.63 9.27
67.71 52.81
54.78 20.66
12.43 75.13
30.22 56.54
28.35 23.90
1.26 15.27
74.22 28.65
73.46 2.66
34.09 13.86
7.41 10.81
8.06 33.31
26.13 7.56
59.26 1.08
2.99 38.09
21.48 30.51
20.39 29.75
35.58 30.38
34.97 3.89
16.24 16.30
9.49 7.77
28.88 20.23
31.77 70.21
52.02 18.54
