# nJobs | nMachines
200 2
# Job Weights
35
33
10
40
43
56
38
40
42
85
4
96
3
22
37
62
55
66
28
49
96
7
36
71
94
89
90
15
18
63
40
60
1
1
21
7
19
59
22
7
92
90
12
20
46
56
99
58
29
49
43
17
92
12
5
48
59
29
75
69
89
28
1
90
98
31
78
58
23
82
91
76
6
97
91
39
30
38
33
73
38
36
21
45
81
29
77
4
56
18
97
92
14
82
96
45
91
13
84
94
85
54
73
24
27
43
66
79
13
77
28
30
35
52
61
34
11
51
23
86
77
62
76
47
54
60
70
23
21
33
34
80
74
27
70
67
23
65
41
72
81
28
8
5
92
43
73
95
12
78
56
73
41
52
11
30
89
23
59
90
28
5
22
38
27
77
100
69
91
6
54
46
79
100
95
57
65
43
38
59
26
1
47
3
34
66
100
11
76
8
75
67
37
34
48
25
82
95
100
9
# P_bar : m1 | m2
24 14
39 36
40 43
19 25
50 34
18 21
20 44
36 30
45 37
28 49
41 10
30 29
40 16
11 25
12 44
37 11
17 46
26 40
38 29
48 36
48 13
18 40
37 50
39 37
34 35
46 45
13 28
21 17
23 43
21 32
43 28
46 25
38 41
25 45
34 20
17 28
41 27
21 40
49 45
35 22
11 20
13 13
29 21
10 42
47 32
18 15
11 37
23 34
42 20
31 43
19 15
25 41
44 35
43 28
10 10
49 41
24 20
20 22
20 44
42 21
37 50
13 33
34 10
41 35
48 19
26 13
26 47
21 37
16 10
49 34
41 45
39 32
21 38
24 44
39 29
50 44
25 18
48 50
29 46
21 31
14 49
24 43
49 25
45 27
19 25
38 35
18 41
11 23
11 14
16 37
19 25
19 44
19 38
36 13
37 34
18 34
44 17
33 42
39 17
26 27
11 46
38 35
23 10
26 48
26 23
17 25
17 35
27 38
13 23
41 23
15 23
16 17
16 49
49 29
35 44
30 20
17 15
29 22
15 39
33 24
40 40
42 20
48 21
42 14
18 25
40 41
49 19
10 45
36 44
20 50
33 46
48 36
39 14
24 14
38 50
34 38
44 10
13 20
10 19
42 44
30 32
38 14
19 22
49 25
27 39
48 12
31 36
46 27
20 17
24 11
14 42
41 20
15 21
47 49
43 23
18 46
22 47
35 41
10 30
28 32
14 48
21 15
30 27
40 37
50 17
23 44
29 10
39 30
29 12
50 35
45 21
14 23
32 10
20 40
29 35
20 27
47 19
24 22
29 27
17 32
33 21
48 46
50 27
23 10
23 22
39 15
39 40
41 27
38 40
14 41
41 28
25 18
31 39
50 20
31 38
17 27
18 15
32 16
43 40
40 32
# P_hat : m1 | m2
1.37 0.54
4.31 6.72
8.78 35.74
8.82 19.17
21.66 11.92
14.39 7.91
14.79 23.48
15.35 0.01
15.02 8.93
8.86 10.20
31.73 2.50
1.56 23.37
0.51 4.47
8.75 4.79
5.73 22.19
4.84 9.52
4.00 11.10
24.25 3.14
32.66 10.34
34.07 26.92
23.15 7.16
9.37 32.67
36.08 47.98
37.67 29.33
7.32 21.13
37.31 22.20
2.56 1.12
4.48 16.73
15.55 16.49
8.51 4.87
40.06 18.67
4.09 7.11
19.44 24.02
22.96 26.40
30.74 8.91
2.66 23.41
15.03 7.15
13.00 17.95
7.81 24.20
33.88 14.60
10.06 15.68
2.17 5.13
3.51 13.57
0.85 6.33
42.74 29.84
3.49 5.75
4.58 26.99
10.32 0.69
25.16 4.10
2.22 20.94
4.31 13.17
23.29 21.62
39.97 32.55
33.60 13.55
0.19 4.90
16.02 4.91
15.07 16.05
5.50 5.43
18.19 39.58
26.62 19.13
2.66 47.17
11.82 17.17
32.56 6.77
3.19 27.25
25.55 2.49
7.89 7.81
10.21 1.61
3.77 18.41
9.25 1.55
46.94 6.22
20.63 16.43
3.23 13.84
13.02 23.68
8.17 3.27
33.38 14.61
21.73 8.04
4.82 10.33
9.17 31.87
22.29 25.61
5.58 22.89
10.74 16.44
4.94 32.90
15.76 10.82
20.95 13.07
17.92 16.20
35.41 0.64
3.72 26.81
3.94 14.23
1.64 4.34
8.16 3.17
8.75 2.27
17.11 40.62
17.67 26.19
13.81 1.65
18.19 12.13
16.13 20.14
35.50 14.20
0.12 1.83
12.48 4.02
10.97 24.02
2.53 0.42
7.58 7.05
0.87 9.59
16.73 29.44
6.83 6.02
0.89 1.67
3.93 0.99
21.65 9.30
11.07 20.27
19.81 9.57
6.24 16.57
15.65 15.61
3.21 19.99
10.55 5.55
10.22 22.75
5.18 18.16
6.45 12.07
26.41 1.45
9.23 27.01
13.59 13.73
37.38 36.30
2.04 2.45
10.09 11.21
23.77 12.31
11.08 10.25
1.58 19.76
19.75 1.34
6.49 12.52
25.13 14.28
12.76 47.26
10.58 13.00
4.49 16.59
16.66 9.40
3.09 2.27
36.01 24.32
16.16 28.06
13.96 8.67
9.96 12.53
4.98 12.71
13.02 5.56
24.36 30.26
32.95 1.86
12.79 17.04
2.30 6.62
15.29 36.41
36.64 8.64
4.23 27.14
10.52 5.91
17.65 7.53
0.48 6.80
10.54 32.34
19.42 2.08
6.70 20.21
0.33 43.62
35.23 6.22
6.48 37.85
11.90 24.36
23.71 18.93
7.03 9.43
26.77 18.59
7.44 35.03
8.39 6.16
28.61 16.99
25.68 25.87
14.91 12.09
2.91 2.29
24.43 8.60
14.13 13.75
19.15 3.15
23.54 8.46
8.95 10.14
8.42 20.40
1.94 3.78
8.27 29.99
15.85 3.39
8.72 12.85
35.19 18.84
19.87 16.95
22.37 5.68
0.66 16.05
6.41 4.91
25.76 18.84
46.74 21.06
19.20 7.71
19.38 5.02
11.83 13.83
16.75 23.70
19.30 10.26
5.98 20.08
0.43 24.81
38.82 15.68
6.02 8.76
7.44 19.69
4.17 3.53
28.78 30.88
9.86 14.63
12.01 1.97
29.17 12.26
14.86 37.30
24.86 30.31
