# nJobs | nMachines
200 2
# Job Weights
63
4
95
93
49
84
62
78
45
73
56
56
29
12
80
97
39
50
4
98
93
66
80
85
6
29
96
37
77
24
20
45
19
75
32
87
40
84
82
25
10
99
63
9
5
12
54
86
74
96
20
1
81
94
8
74
51
75
6
18
63
57
47
86
61
32
28
33
39
43
65
58
34
35
94
56
75
79
25
26
71
35
100
78
79
37
67
36
3
31
65
44
80
33
82
62
24
77
95
91
75
9
38
8
56
65
64
39
15
85
98
41
97
30
43
36
21
26
39
79
80
94
22
34
88
56
93
2
96
17
34
90
93
86
38
60
9
39
1
75
96
60
83
67
76
65
48
9
62
92
63
11
87
40
11
55
62
78
59
45
75
32
99
72
73
8
78
86
87
29
7
36
4
72
73
47
43
93
58
53
97
53
66
28
17
2
30
84
79
13
92
81
53
58
81
2
53
73
38
33
# P_bar : m1 | m2
39 46
38 42
48 26
20 44
25 21
25 49
25 47
17 21
27 13
24 19
27 30
40 15
32 16
12 33
37 39
23 22
25 45
43 24
16 25
36 18
31 31
48 48
29 26
18 37
16 18
15 45
22 41
24 24
21 18
39 39
47 38
13 11
31 26
24 31
46 40
16 17
41 44
28 42
43 22
25 29
13 21
15 20
26 46
44 39
37 14
12 17
23 49
26 31
50 17
26 20
32 26
23 33
48 46
12 21
31 35
46 26
24 19
46 16
38 20
22 12
26 21
15 49
10 31
35 12
16 24
45 15
35 19
45 22
27 42
40 40
36 23
16 24
34 26
37 10
15 16
15 27
33 29
42 43
13 20
23 14
47 26
26 27
35 48
44 31
15 11
19 20
25 19
49 22
49 32
31 46
41 40
10 50
46 48
37 13
38 49
26 19
40 23
29 10
13 16
33 29
32 32
11 29
44 13
22 29
17 40
22 31
36 16
48 15
32 21
16 42
10 22
11 18
34 26
22 29
33 28
38 34
34 36
28 42
21 31
30 17
29 33
35 22
43 25
16 23
22 29
29 36
21 48
35 49
49 27
46 10
38 20
13 29
43 11
33 17
46 15
14 48
34 50
45 20
28 22
17 19
27 10
33 48
40 22
48 33
46 30
11 30
12 48
46 43
20 44
20 22
48 23
12 25
46 23
19 13
36 40
44 37
40 38
18 37
37 45
49 19
47 19
22 28
23 41
34 32
28 35
16 30
40 31
27 23
15 25
38 17
35 28
18 35
33 41
47 30
24 48
10 25
17 32
12 14
18 47
47 38
32 23
38 40
35 49
38 39
39 21
49 31
32 10
37 18
41 44
10 40
17 39
34 30
20 45
28 20
27 28
45 28
15 20
12 36
47 43
32 39
# P_hat : m1 | m2
29.13 164.62
30.16 1.95
90.71 100.45
39.33 83.34
1.84 67.05
14.80 24.93
37.82 74.44
46.49 22.80
24.67 15.17
40.61 9.37
60.19 96.69
142.17 0.55
41.74 20.00
6.41 23.02
72.41 91.89
68.70 22.37
10.99 46.62
73.05 46.88
1.14 65.27
4.83 8.73
59.89 21.76
57.25 47.46
98.03 101.27
43.36 58.78
29.05 43.13
24.48 43.48
43.76 80.44
3.88 7.12
74.99 2.50
155.74 73.12
34.12 60.60
6.26 6.02
17.80 71.51
63.46 123.12
121.71 63.30
54.27 42.47
123.30 169.48
50.37 139.70
105.41 40.79
68.83 85.55
26.66 10.76
28.54 40.97
67.09 51.35
98.12 25.14
95.30 23.87
29.42 8.91
66.17 137.00
66.85 56.57
103.95 36.12
70.91 11.71
57.53 14.54
22.23 77.01
0.27 181.24
26.88 8.09
73.24 40.00
178.86 90.42
34.70 5.49
72.52 56.06
30.67 41.94
6.21 19.60
80.37 26.01
14.98 58.23
24.36 37.92
96.29 42.47
30.16 69.48
157.74 40.18
62.13 60.70
51.28 22.63
96.77 103.83
137.85 73.61
23.62 71.98
1.66 29.69
12.24 66.89
42.41 35.29
58.34 25.74
33.51 7.20
49.27 59.86
149.30 59.51
23.56 53.78
29.00 53.26
176.95 50.50
88.35 50.35
118.11 125.68
90.16 12.83
47.37 11.15
13.63 73.52
57.32 50.92
192.83 1.18
57.03 26.19
98.50 125.64
80.44 122.30
1.59 167.97
140.40 56.10
24.95 48.41
95.98 108.38
8.91 52.94
151.50 54.90
33.84 4.91
11.78 61.64
17.05 14.25
121.09 32.62
31.32 94.38
130.53 32.17
43.95 97.23
32.28 82.52
9.68 46.75
80.62 59.00
47.41 2.18
125.07 71.91
50.98 38.78
16.52 74.69
6.66 10.02
106.81 60.34
10.74 103.02
24.99 53.04
32.15 101.53
75.74 115.87
88.15 123.73
26.40 114.74
10.16 30.38
53.89 22.85
104.74 4.21
38.13 24.65
14.08 13.17
83.36 64.72
110.68 26.63
83.20 7.48
113.07 7.05
36.88 89.81
39.00 23.66
51.71 28.65
16.54 103.73
164.52 3.09
104.16 66.66
133.22 36.98
10.41 35.23
123.70 135.81
149.02 61.07
18.33 37.78
59.24 65.48
29.40 6.03
10.67 53.54
105.09 8.23
125.53 27.84
17.47 28.65
14.03 110.12
47.66 15.00
124.83 73.52
58.41 93.70
17.03 79.08
15.13 91.79
13.29 75.34
45.80 89.31
17.83 40.93
27.76 154.11
101.16 104.68
52.50 12.12
59.06 59.48
27.22 116.39
91.07 26.65
2.57 20.78
42.39 64.67
5.14 153.09
132.97 4.48
88.55 107.69
31.37 86.73
13.85 119.53
63.98 85.63
45.53 76.22
28.99 35.39
79.55 22.88
58.62 76.33
101.41 125.52
150.96 107.48
84.42 151.62
37.51 19.53
27.58 76.76
27.30 18.60
56.93 1.73
131.06 30.43
127.43 10.42
2.08 134.84
49.72 50.67
42.72 44.41
40.92 80.63
43.62 47.01
90.77 0.38
12.54 20.44
121.62 21.00
27.74 16.45
17.05 12.09
34.39 71.19
50.31 34.08
85.36 28.90
94.66 96.55
153.39 47.53
57.89 73.26
27.91 71.70
170.83 68.60
103.49 117.06
