# nJobs | nMachines
200 2
# Job Weights
92
76
14
63
80
26
78
99
52
12
45
34
42
81
41
11
63
37
92
38
15
84
64
3
15
71
46
52
65
12
89
27
10
12
76
14
96
71
40
94
31
34
31
40
95
97
89
55
99
56
18
49
26
88
2
31
5
18
39
97
85
88
84
34
73
55
12
77
16
81
81
30
1
77
65
51
71
63
64
6
54
42
60
56
85
71
28
61
25
68
41
88
61
36
76
40
47
38
2
88
43
16
78
9
7
22
41
84
80
93
87
3
87
6
84
43
64
55
97
34
15
20
80
30
11
2
10
86
66
48
29
67
76
56
87
87
44
44
61
65
70
96
17
38
99
57
37
32
33
45
54
39
57
21
29
18
17
38
68
41
78
37
43
97
30
17
4
72
80
22
74
11
31
41
10
64
60
8
7
3
32
60
8
68
12
10
2
28
18
40
10
35
38
74
58
66
74
81
10
51
# P_bar : m1 | m2
14 45
25 22
22 45
45 27
24 21
36 37
10 39
15 29
32 23
29 23
10 45
21 26
32 19
12 35
26 20
22 18
26 42
18 17
23 11
32 12
20 31
21 12
49 20
13 47
32 24
19 44
38 24
26 40
17 41
35 14
29 23
49 31
48 44
12 37
19 28
20 32
47 42
29 26
24 31
30 40
17 49
38 35
29 49
48 23
33 45
12 17
16 20
49 17
24 24
19 19
49 25
24 47
27 43
11 26
22 29
48 27
25 40
31 46
44 27
50 19
34 12
13 47
35 45
10 19
43 11
41 47
32 50
34 24
31 43
34 28
49 45
22 33
30 33
17 34
24 26
44 40
39 20
19 49
50 47
16 45
12 12
31 28
11 26
47 19
25 28
34 32
31 26
41 48
34 43
46 21
32 27
14 20
48 40
43 38
29 11
39 25
22 47
14 20
31 34
32 50
40 38
18 25
18 38
40 28
14 19
36 15
11 49
38 26
40 21
46 15
23 41
20 22
22 34
48 23
14 30
12 24
47 50
25 21
19 18
50 15
14 48
20 12
28 24
41 45
16 49
22 48
42 35
35 21
25 27
17 27
49 46
19 14
38 16
47 19
47 27
29 21
16 32
22 33
28 45
40 33
42 25
40 25
17 48
10 14
24 18
43 45
20 31
16 18
26 28
22 46
31 34
31 19
23 49
16 46
40 38
27 33
39 26
35 30
42 50
43 40
33 12
33 37
16 50
19 43
46 30
46 32
27 50
38 31
20 34
46 43
11 46
41 11
33 27
14 46
10 48
40 23
48 34
50 31
49 45
14 18
34 25
40 16
10 40
44 46
14 19
29 44
13 29
13 24
32 18
20 44
19 47
43 15
46 42
24 40
46 32
39 42
28 31
41 24
35 45
13 17
# P_hat : m1 | m2
15.49 6.05
25.16 4.18
8.53 89.90
77.29 17.64
32.49 31.42
60.33 59.69
17.18 66.93
22.45 57.86
28.11 11.11
35.41 1.86
3.21 37.01
28.29 6.76
11.47 0.85
16.65 25.23
11.94 31.35
5.17 20.38
8.59 26.27
0.07 22.25
33.06 5.10
46.87 0.35
20.60 47.39
6.78 14.97
8.19 30.49
0.50 3.66
10.61 40.18
33.85 54.52
18.36 27.04
18.42 49.97
3.58 70.88
15.57 16.43
30.12 26.72
59.56 61.42
23.55 66.59
1.39 32.73
14.86 39.61
9.37 24.91
20.64 19.23
55.67 31.04
29.58 57.55
33.41 74.33
14.14 33.51
32.60 36.94
31.37 20.74
66.86 45.80
46.34 88.30
4.12 22.08
16.00 32.18
40.37 24.31
41.79 28.47
23.99 2.03
52.19 22.74
5.54 63.43
32.70 58.27
2.58 19.40
14.84 54.62
13.71 9.04
34.60 40.03
12.79 63.56
34.48 37.65
89.57 24.65
13.89 6.61
13.20 14.68
29.35 57.23
0.36 22.77
68.18 3.95
5.66 66.28
30.35 45.52
38.13 32.05
38.96 72.01
46.83 9.50
24.82 1.72
0.44 51.42
43.41 40.24
18.21 47.58
40.13 43.58
72.28 64.22
65.78 38.44
18.43 52.52
33.36 45.92
25.33 36.17
10.83 3.69
11.37 32.07
18.81 14.40
82.96 35.01
23.32 32.66
5.15 37.94
24.05 18.46
65.89 4.99
61.32 2.73
18.72 17.78
4.29 4.57
24.57 24.27
37.38 70.48
46.59 67.10
56.15 14.50
5.19 10.56
28.53 81.12
2.07 35.44
23.28 13.37
51.44 73.74
34.68 21.78
35.90 40.13
20.13 75.79
25.69 1.68
6.16 34.10
25.24 18.68
8.20 95.39
5.22 24.18
29.57 35.59
42.71 1.87
33.25 27.49
26.27 2.95
31.19 66.32
0.80 37.58
6.09 51.15
15.88 45.02
45.50 8.51
0.27 16.20
30.57 2.56
77.28 6.32
15.36 22.02
2.66 11.26
42.92 12.89
47.86 9.09
25.02 16.41
33.08 14.14
67.45 68.12
36.26 31.89
7.02 52.26
22.82 23.75
60.81 25.61
28.21 22.35
12.91 10.44
18.33 11.38
83.70 12.56
43.50 5.45
29.06 16.41
33.38 23.45
33.44 60.66
52.33 4.13
74.69 10.53
46.30 40.45
21.50 14.10
3.13 9.59
22.75 31.13
61.61 13.94
10.84 5.13
6.47 17.44
16.32 16.94
10.63 51.83
13.32 54.66
26.34 5.21
41.76 56.91
16.23 46.51
15.03 10.95
4.16 41.18
54.30 14.23
26.80 29.27
69.03 8.23
56.72 36.77
52.55 7.36
17.95 60.86
22.16 5.70
10.03 36.00
86.39 27.51
58.55 46.40
17.52 57.43
20.48 41.37
7.64 52.84
63.91 74.15
4.81 28.88
48.81 11.84
17.47 45.37
18.54 91.03
16.30 85.39
62.24 17.09
73.04 13.27
18.77 30.34
8.66 66.75
19.57 17.73
25.05 24.16
34.59 26.82
0.62 28.91
22.84 79.10
0.94 15.46
50.99 28.88
6.33 26.33
14.49 36.60
2.49 4.54
26.67 17.28
12.28 89.44
77.22 5.26
81.71 47.69
15.61 46.35
82.89 31.34
77.70 54.16
46.22 14.25
69.28 26.53
17.43 33.50
14.99 22.50
