# nJobs | nMachines
200 2
# Job Weights
67
5
54
21
82
45
17
92
20
4
96
12
90
15
14
6
11
28
50
6
31
75
3
80
75
51
7
64
92
44
35
18
70
17
94
86
79
5
43
40
21
8
39
31
34
25
62
89
70
67
89
15
96
79
35
14
52
73
93
48
67
38
92
6
31
90
34
38
20
90
83
52
43
94
21
43
30
8
69
47
78
49
16
90
79
8
74
17
16
28
17
62
47
48
21
10
27
62
20
36
31
78
95
8
5
94
15
42
83
12
75
60
90
23
62
37
73
70
16
17
4
2
74
49
84
28
85
11
48
45
48
36
50
27
20
83
45
9
26
50
33
11
49
53
35
70
69
35
58
60
55
35
76
30
36
73
6
73
10
21
80
72
53
57
35
39
38
18
11
65
54
1
90
20
23
27
15
20
7
28
78
62
15
41
77
65
17
79
3
6
16
13
51
28
18
83
76
89
10
15
# P_bar : m1 | m2
44 46
26 47
30 31
15 26
34 36
40 39
37 34
15 15
10 29
17 48
41 44
35 14
33 30
50 33
14 44
42 41
15 12
32 34
32 23
12 47
47 39
16 20
39 11
32 29
26 45
13 15
16 15
36 37
46 15
36 32
32 23
37 47
33 19
35 43
18 34
43 25
17 29
30 15
35 33
50 10
34 47
12 47
16 28
48 26
30 19
12 46
41 35
30 14
23 12
47 44
10 47
45 34
17 10
36 45
11 25
13 50
11 28
46 23
44 43
35 21
46 33
12 28
30 46
12 17
15 32
33 31
32 41
50 34
15 46
22 34
38 33
43 44
39 39
12 13
23 19
13 25
11 26
18 41
28 17
28 15
21 17
30 26
28 34
16 31
42 11
49 18
23 15
26 15
18 24
44 34
40 30
50 47
29 24
45 49
25 28
11 14
31 43
25 39
24 38
39 38
30 40
44 15
39 10
23 33
31 28
24 45
19 26
22 21
23 28
17 46
14 33
28 27
19 38
36 22
47 21
20 34
13 41
10 34
37 10
26 12
21 29
26 33
10 35
19 12
16 15
12 50
28 23
35 32
21 29
34 37
46 29
36 44
46 20
20 23
12 45
37 36
34 20
37 13
21 40
23 47
14 20
20 27
20 25
41 13
10 21
18 50
49 22
12 18
43 40
17 44
38 17
30 31
16 14
31 25
22 19
24 39
44 12
19 49
27 22
26 43
24 32
22 14
48 40
47 36
23 19
17 18
32 32
32 11
15 38
18 14
25 30
26 30
32 19
19 12
45 35
20 37
43 17
30 29
35 34
48 20
25 11
26 19
30 25
37 38
19 15
37 34
42 43
43 27
50 43
23 42
31 40
26 40
23 28
15 20
43 35
14 21
28 49
42 23
32 10
14 17
# P_hat : m1 | m2
67.77 32.59
86.99 68.36
113.99 46.31
48.34 103.29
51.35 143.25
126.19 17.91
52.01 98.73
10.03 3.10
1.34 3.50
26.23 20.22
148.18 169.93
33.46 52.69
27.26 23.27
193.96 21.34
1.40 42.33
132.01 84.55
19.28 27.35
4.80 30.14
117.48 69.61
6.70 58.20
103.73 143.85
17.54 52.54
10.17 19.20
6.39 91.63
12.02 147.22
3.71 17.43
48.68 20.38
69.92 138.52
63.09 9.88
60.25 5.40
118.91 41.77
134.79 150.63
94.47 58.65
123.86 158.16
23.01 72.52
65.55 10.01
41.73 68.29
74.84 46.70
67.44 12.32
80.13 6.91
134.12 2.31
39.41 111.61
27.84 99.31
139.64 69.75
32.35 74.64
4.81 11.60
57.80 126.42
48.36 45.59
1.52 15.08
153.18 171.34
14.37 54.13
104.48 120.95
5.03 35.23
25.20 136.38
39.15 56.35
31.65 24.00
41.81 59.58
183.77 32.83
65.45 136.26
41.83 63.68
157.94 120.20
47.93 1.66
75.56 148.87
38.17 63.82
46.90 101.03
46.90 16.14
73.51 13.33
166.61 2.83
41.29 115.69
1.86 85.64
51.18 130.27
24.85 70.06
36.34 51.78
43.46 32.47
3.39 62.75
11.43 93.68
13.62 83.52
44.42 69.97
59.82 43.17
24.45 51.38
13.80 33.36
28.42 22.54
56.28 23.08
17.36 0.02
159.20 31.60
90.92 8.00
5.41 14.63
75.84 17.87
23.68 53.80
115.01 54.12
44.74 80.96
114.15 10.46
89.57 11.90
167.04 97.85
26.11 37.74
14.73 16.57
57.57 11.53
92.72 139.73
86.53 105.16
14.02 18.49
15.83 10.41
87.21 58.49
16.63 27.25
31.79 55.10
18.40 78.59
61.06 136.14
72.16 81.12
87.71 40.14
34.52 48.15
40.73 2.03
47.95 122.31
13.16 65.16
52.41 30.88
58.87 80.93
38.76 76.85
32.22 134.53
3.95 143.35
27.82 135.70
37.41 9.79
32.39 40.43
10.17 95.47
89.92 30.48
19.74 13.78
43.48 47.01
36.44 17.76
19.70 174.18
21.56 0.38
104.32 2.69
10.67 54.04
14.13 35.33
130.67 80.02
30.07 99.54
56.45 6.20
38.02 14.96
21.57 69.85
104.87 26.73
84.79 63.38
95.37 21.64
59.98 14.95
26.92 91.06
18.05 7.27
35.04 13.93
24.60 23.96
161.53 44.70
32.56 77.67
11.86 165.25
1.10 29.40
2.05 19.62
41.98 87.86
7.77 127.05
81.07 67.55
102.96 16.31
47.15 2.76
26.74 69.44
35.14 63.25
48.76 132.03
142.60 32.57
63.77 186.99
98.25 44.97
52.96 157.18
66.65 123.88
9.84 47.44
108.54 49.56
46.75 28.26
39.72 41.66
43.12 32.62
32.89 112.35
6.68 4.40
0.61 39.18
1.60 42.10
0.83 11.40
11.48 38.49
30.65 29.42
16.81 29.88
177.62 22.14
24.48 127.37
21.92 30.43
65.47 106.37
120.11 63.63
130.19 22.00
29.61 6.24
58.41 0.28
85.78 53.22
107.76 16.29
50.66 23.50
128.88 80.14
146.18 47.42
99.58 18.92
85.97 133.25
59.02 159.06
101.46 16.07
0.59 24.89
91.26 107.52
10.97 3.02
80.88 136.87
48.83 0.39
25.20 171.24
80.10 28.27
16.97 37.54
22.12 21.55
