# nJobs | nMachines
200 2
# Job Weights
59
28
8
8
81
75
20
16
5
33
6
49
29
5
39
93
79
12
18
31
72
67
77
14
78
47
64
4
34
27
59
58
40
12
56
15
81
16
89
54
4
44
11
67
8
29
70
55
97
73
52
39
42
83
10
52
38
8
5
8
51
79
64
95
99
73
87
56
96
92
98
47
65
8
68
74
85
71
44
82
82
21
17
31
73
60
97
68
100
13
4
9
66
34
82
21
7
16
94
64
66
64
72
52
14
38
88
85
58
22
70
33
77
4
99
65
1
4
45
90
10
58
6
34
24
44
94
9
70
15
80
85
4
30
30
2
81
30
71
42
14
34
9
4
7
82
38
19
40
73
38
12
45
65
37
20
23
23
59
99
92
91
75
56
99
20
54
70
52
89
19
49
25
9
17
98
37
49
39
70
35
98
85
83
27
90
73
71
66
59
86
63
1
67
88
54
72
72
94
14
# P_bar : m1 | m2
37 24
24 13
48 21
44 35
38 26
30 16
14 34
15 18
16 48
43 26
40 21
50 42
36 40
25 25
16 33
26 12
10 48
47 36
14 23
18 30
13 40
28 49
38 36
13 47
34 44
19 43
19 12
14 22
17 31
26 44
21 26
12 33
23 19
16 39
46 19
10 42
46 45
46 42
44 12
15 50
16 43
26 16
15 45
26 41
33 23
24 33
28 36
38 24
20 40
38 45
46 22
40 25
37 23
28 50
43 17
25 20
36 34
23 42
35 26
48 17
18 25
41 17
50 36
35 41
44 30
45 18
45 36
14 22
32 13
31 32
48 21
21 36
27 24
39 40
47 22
13 36
48 23
50 50
18 35
25 25
39 44
43 35
30 26
15 43
16 27
23 12
33 33
32 22
25 37
15 37
20 13
30 28
16 19
13 50
31 38
44 44
12 32
27 34
32 31
14 19
37 17
45 44
13 15
17 30
49 30
44 48
47 18
14 11
43 31
48 40
23 47
15 11
32 43
28 22
43 47
35 13
40 28
47 44
48 48
27 36
14 21
49 29
17 50
16 10
23 13
19 32
11 18
36 50
26 19
23 31
14 24
31 12
36 43
50 35
32 46
45 24
21 40
24 48
26 38
15 15
40 18
25 23
14 28
15 44
24 41
23 40
21 33
48 49
15 20
28 29
27 43
22 25
32 16
37 36
48 30
43 21
32 31
35 36
12 26
31 47
39 45
30 14
18 16
23 43
29 17
25 22
12 25
45 34
26 12
24 31
16 27
21 31
43 16
48 42
27 39
12 39
22 21
37 24
42 35
24 39
30 23
39 37
50 20
50 12
49 30
34 17
32 30
44 14
15 32
15 35
41 48
23 44
27 21
27 48
50 26
11 10
33 46
14 42
42 47
22 50
# P_hat : m1 | m2
7.40 4.80
4.80 2.60
9.60 4.20
8.80 7.00
7.60 5.20
6.00 3.20
2.80 6.80
3.00 3.60
3.20 9.60
8.60 5.20
8.00 4.20
10.00 8.40
7.20 8.00
5.00 5.00
3.20 6.60
5.20 2.40
2.00 9.60
9.40 7.20
2.80 4.60
3.60 6.00
2.60 8.00
5.60 9.80
7.60 7.20
2.60 9.40
6.80 8.80
3.80 8.60
3.80 2.40
2.80 4.40
3.40 6.20
5.20 8.80
4.20 5.20
2.40 6.60
4.60 3.80
3.20 7.80
9.20 3.80
2.00 8.40
9.20 9.00
9.20 8.40
8.80 2.40
3.00 10.00
3.20 8.60
5.20 3.20
3.00 9.00
5.20 8.20
6.60 4.60
4.80 6.60
5.60 7.20
7.60 4.80
4.00 8.00
7.60 9.00
9.20 4.40
8.00 5.00
7.40 4.60
5.60 10.00
8.60 3.40
5.00 4.00
7.20 6.80
4.60 8.40
7.00 5.20
9.60 3.40
3.60 5.00
8.20 3.40
10.00 7.20
7.00 8.20
8.80 6.00
9.00 3.60
9.00 7.20
2.80 4.40
6.40 2.60
6.20 6.40
9.60 4.20
4.20 7.20
5.40 4.80
7.80 8.00
9.40 4.40
2.60 7.20
9.60 4.60
10.00 10.00
3.60 7.00
5.00 5.00
7.80 8.80
8.60 7.00
6.00 5.20
3.00 8.60
3.20 5.40
4.60 2.40
6.60 6.60
6.40 4.40
5.00 7.40
3.00 7.40
4.00 2.60
6.00 5.60
3.20 3.80
2.60 10.00
6.20 7.60
8.80 8.80
2.40 6.40
5.40 6.80
6.40 6.20
2.80 3.80
7.40 3.40
9.00 8.80
2.60 3.00
3.40 6.00
9.80 6.00
8.80 9.60
9.40 3.60
2.80 2.20
8.60 6.20
9.60 8.00
4.60 9.40
3.00 2.20
6.40 8.60
5.60 4.40
8.60 9.40
7.00 2.60
8.00 5.60
9.40 8.80
9.60 9.60
5.40 7.20
2.80 4.20
9.80 5.80
3.40 10.00
3.20 2.00
4.60 2.60
3.80 6.40
2.20 3.60
7.20 10.00
5.20 3.80
4.60 6.20
2.80 4.80
6.20 2.40
7.20 8.60
10.00 7.00
6.40 9.20
9.00 4.80
4.20 8.00
4.80 9.60
5.20 7.60
3.00 3.00
8.00 3.60
5.00 4.60
2.80 5.60
3.00 8.80
4.80 8.20
4.60 8.00
4.20 6.60
9.60 9.80
3.00 4.00
5.60 5.80
5.40 8.60
4.40 5.00
6.40 3.20
7.40 7.20
9.60 6.00
8.60 4.20
6.40 6.20
7.00 7.20
2.40 5.20
6.20 9.40
7.80 9.00
6.00 2.80
3.60 3.20
4.60 8.60
5.80 3.40
5.00 4.40
2.40 5.00
9.00 6.80
5.20 2.40
4.80 6.20
3.20 5.40
4.20 6.20
8.60 3.20
9.60 8.40
5.40 7.80
2.40 7.80
4.40 4.20
7.40 4.80
8.40 7.00
4.80 7.80
6.00 4.60
7.80 7.40
10.00 4.00
10.00 2.40
9.80 6.00
6.80 3.40
6.40 6.00
8.80 2.80
3.00 6.40
3.00 7.00
8.20 9.60
4.60 8.80
5.40 4.20
5.40 9.60
10.00 5.20
2.20 2.00
6.60 9.20
2.80 8.40
8.40 9.40
4.40 10.00
