# nJobs | nMachines
200 2
# Job Weights
21
69
99
40
50
24
75
17
4
72
19
98
22
65
82
46
90
70
19
24
11
7
86
97
90
33
82
19
88
29
87
85
66
20
54
59
97
70
94
95
41
16
82
52
92
41
35
31
46
28
3
31
29
95
22
77
32
31
22
57
98
64
48
51
100
29
18
8
4
80
53
36
70
22
47
42
27
83
80
22
37
26
61
26
28
45
32
68
45
14
82
27
67
95
48
18
64
91
76
56
86
42
35
91
72
78
68
34
18
21
90
84
11
58
2
36
22
95
51
74
71
59
63
85
82
38
46
22
61
72
7
7
3
92
48
87
89
72
15
95
91
14
9
31
76
26
28
38
7
40
55
83
27
8
47
28
98
32
19
12
8
89
49
21
19
50
92
10
97
14
46
83
53
96
21
37
72
63
76
46
84
72
92
52
18
24
7
9
72
44
62
22
30
90
55
80
16
89
42
63
# P_bar : m1 | m2
49 50
22 39
27 10
14 37
29 42
42 12
12 29
32 20
40 33
28 19
28 34
20 47
21 38
49 13
19 44
46 38
11 17
28 20
24 42
19 23
26 44
27 28
15 14
36 47
24 49
39 28
28 46
37 18
36 28
38 32
50 43
42 25
19 45
30 46
41 46
13 34
40 48
28 17
33 41
27 17
10 36
33 17
40 38
23 23
49 15
19 42
45 18
23 27
22 10
44 36
42 18
20 16
39 28
46 32
35 48
36 14
41 42
45 23
49 26
26 50
20 46
27 29
13 29
27 29
33 50
36 19
32 32
31 43
17 20
28 32
32 12
22 48
17 49
15 26
40 21
23 13
15 20
47 47
50 49
17 24
44 31
46 11
19 36
50 33
27 33
38 45
37 28
39 11
23 14
39 34
43 28
44 37
37 15
16 13
44 49
11 50
30 43
22 10
11 15
10 31
24 12
47 40
22 22
26 49
45 35
42 40
45 11
50 50
30 47
24 35
11 37
39 32
26 27
28 46
19 31
20 48
24 41
19 17
45 42
20 26
48 20
20 24
37 10
10 23
43 23
28 43
50 15
18 21
50 23
34 48
11 20
37 22
23 15
31 42
39 48
25 18
19 19
43 32
11 21
32 21
22 32
21 34
12 25
41 34
19 48
44 18
43 37
29 16
42 11
27 44
22 38
18 26
50 13
47 17
40 34
26 28
17 16
23 33
39 21
50 15
34 10
13 21
45 10
15 22
39 40
27 20
14 46
27 15
47 45
45 39
36 39
41 39
18 13
49 10
29 37
36 34
14 41
48 28
32 29
29 36
34 48
37 35
35 22
10 40
23 48
38 20
36 18
11 12
37 39
22 42
43 19
46 47
22 42
45 39
20 13
31 18
32 37
19 17
25 34
19 38
# P_hat : m1 | m2
2.18 72.41
14.83 39.00
46.73 11.41
1.22 52.76
24.88 65.32
64.02 6.52
22.88 8.51
63.07 11.67
33.76 33.50
53.22 13.00
1.98 38.65
29.84 5.03
27.00 38.74
24.45 9.57
19.28 47.05
11.92 32.11
19.18 9.66
20.04 36.16
30.05 15.52
6.03 31.34
10.72 81.37
53.57 30.17
22.59 24.54
69.26 11.74
14.20 48.39
12.84 25.59
28.17 0.75
36.61 15.96
12.60 20.67
55.72 42.87
36.18 80.70
15.65 4.29
12.62 29.47
33.82 40.85
59.57 41.88
12.53 52.69
42.05 42.57
7.78 0.92
60.37 58.23
50.15 30.08
13.67 37.00
1.16 19.76
42.97 12.38
28.94 10.15
97.48 7.06
37.85 36.18
77.19 33.41
2.94 28.18
41.94 3.84
53.91 19.16
67.27 13.82
16.29 19.94
24.93 24.64
42.62 25.12
10.28 54.21
25.71 6.77
70.32 6.63
3.42 1.12
14.79 13.07
6.51 9.16
16.12 30.94
53.84 44.83
4.51 41.55
7.86 35.43
60.39 85.25
63.51 10.72
2.06 56.64
46.61 34.33
22.29 16.04
42.99 25.94
31.65 2.35
43.62 93.65
1.49 13.57
7.03 17.73
31.72 13.41
20.69 1.94
27.64 6.09
52.64 4.22
4.51 28.66
13.87 41.60
36.65 21.05
88.83 2.72
22.77 46.49
63.57 65.78
38.52 15.33
58.52 25.16
46.99 54.42
18.50 3.93
40.21 14.31
57.11 16.30
63.80 52.21
87.70 72.63
59.39 24.44
26.53 8.18
83.72 39.54
3.32 24.23
29.86 76.61
25.54 18.29
7.24 12.57
16.79 40.71
36.60 3.97
67.76 34.79
43.87 27.79
13.49 37.77
66.19 25.03
46.32 0.08
28.17 17.69
16.06 88.93
53.75 91.13
28.58 50.35
18.15 40.61
42.54 17.23
11.44 53.96
18.90 54.26
14.50 42.23
38.92 65.51
0.27 69.31
37.46 0.33
88.24 18.50
39.85 34.61
45.75 35.81
38.55 32.90
29.27 8.27
0.53 16.63
19.29 33.95
52.94 63.75
1.38 18.21
19.66 12.24
7.56 42.56
19.47 52.98
1.94 31.62
63.61 9.43
27.19 10.32
55.93 73.46
53.69 4.81
48.55 18.44
19.38 18.30
54.93 48.08
12.68 11.84
30.99 9.20
37.22 59.27
27.07 38.88
19.23 5.23
64.48 13.13
7.26 95.89
57.21 7.04
17.17 45.18
33.83 13.44
56.90 19.48
53.85 66.45
1.34 45.37
3.28 0.56
7.70 22.87
37.45 15.12
65.73 63.35
43.89 27.75
25.06 22.22
41.26 4.57
25.18 31.30
8.82 10.14
3.95 7.03
22.16 4.98
65.74 2.94
20.96 8.17
26.49 26.26
20.51 35.68
26.83 33.88
3.45 21.73
72.73 7.45
27.87 46.11
2.81 37.59
60.89 76.28
11.91 22.00
70.77 9.10
41.04 57.36
38.50 13.13
21.77 46.11
55.78 4.18
18.34 20.19
42.58 16.26
40.06 69.02
0.94 34.31
63.12 33.05
10.91 41.22
39.96 8.30
67.09 29.41
32.04 30.00
11.17 21.68
30.77 44.62
19.78 63.30
76.98 28.58
72.51 14.64
5.57 13.79
54.93 5.53
39.84 8.32
36.92 17.05
50.30 73.84
29.22 14.65
17.52 49.38
14.13 52.70
