# nJobs | nMachines
200 2
# Job Weights
6
65
91
62
24
94
25
65
34
72
95
66
40
95
93
79
12
84
80
47
92
16
50
9
61
8
92
48
5
11
82
100
95
7
95
73
54
73
89
53
73
22
42
16
74
79
59
67
64
28
73
69
29
87
14
97
70
49
14
96
68
92
21
83
66
58
54
54
91
48
65
76
51
69
89
56
22
94
18
86
14
8
17
4
16
56
42
9
69
78
85
68
10
28
67
8
7
54
55
17
13
84
63
78
57
85
85
79
44
11
73
32
45
75
13
77
73
35
11
85
33
19
39
55
7
87
23
35
62
51
83
95
8
79
61
90
15
65
25
53
2
20
23
6
31
20
62
61
85
51
74
31
22
3
89
31
29
1
89
83
51
72
34
37
21
86
37
68
47
3
26
60
36
83
82
90
7
21
38
36
23
56
51
34
93
50
12
17
76
95
51
40
74
20
43
22
19
7
57
32
# P_bar : m1 | m2
32 34
35 42
38 49
45 38
40 10
34 23
29 25
36 23
23 47
24 27
40 25
40 19
27 18
21 30
10 18
49 32
10 24
47 23
22 41
41 32
28 39
31 46
37 48
19 39
14 46
31 41
48 33
15 30
13 23
12 20
24 14
20 37
12 47
50 14
38 40
33 24
22 44
30 37
18 23
41 37
41 26
25 12
42 44
46 48
24 18
10 31
25 26
48 37
18 12
37 40
18 16
41 44
24 35
48 36
31 27
50 23
13 27
19 43
18 45
16 27
49 41
27 32
32 48
45 21
29 10
36 33
17 16
15 49
12 41
12 25
15 50
45 12
24 25
14 15
12 21
24 46
20 27
28 19
26 25
16 26
25 24
22 31
11 43
41 40
32 23
46 14
33 37
35 22
25 13
44 42
18 34
17 30
10 48
48 16
30 25
18 14
10 15
47 17
17 13
50 28
24 42
16 39
25 11
43 39
29 39
50 19
36 19
35 31
34 31
34 31
25 27
38 35
10 39
27 45
13 44
26 26
35 13
30 41
16 33
20 13
32 47
50 32
24 31
48 29
46 42
45 20
36 49
33 21
29 50
35 28
20 46
48 16
50 30
18 30
32 37
12 24
10 39
50 30
21 37
38 48
22 39
50 45
49 24
13 35
13 15
13 31
17 46
42 27
36 39
27 39
16 34
34 36
42 32
48 28
31 45
38 36
42 39
50 32
50 43
41 24
13 42
16 23
27 28
26 11
21 46
13 10
39 32
32 17
25 20
33 30
14 15
11 33
44 34
37 16
28 30
26 20
17 10
47 40
33 13
31 50
17 30
44 30
47 37
44 26
39 12
26 24
16 26
16 42
28 34
33 17
10 29
13 25
35 21
22 23
19 17
19 28
13 30
18 12
30 47
38 46
# P_hat : m1 | m2
0.70 4.78
0.94 11.19
7.43 11.27
6.57 9.26
9.48 2.44
9.35 4.43
3.38 3.44
6.44 5.97
3.45 13.06
7.07 0.19
9.97 0.39
10.94 5.46
2.06 1.50
4.87 7.86
0.80 2.10
3.07 1.14
2.83 0.58
0.27 1.08
6.37 3.07
1.84 4.69
6.88 8.21
2.57 13.61
3.89 6.36
1.24 6.06
2.46 7.20
3.24 6.64
9.47 5.13
0.07 0.08
0.25 0.01
0.36 0.59
3.02 0.43
4.89 7.82
3.20 2.89
3.67 3.76
6.55 11.14
7.61 7.03
1.91 12.40
3.68 3.02
2.83 3.52
1.66 1.95
0.32 6.29
1.15 3.20
7.90 11.24
1.02 6.24
1.37 4.10
1.01 0.91
0.58 0.31
2.76 8.36
4.92 1.53
0.21 11.95
3.53 0.47
4.73 11.29
4.84 5.04
8.48 8.93
2.08 6.62
12.71 6.32
1.92 2.41
4.69 12.25
2.19 2.05
4.73 0.66
11.33 5.31
7.82 7.95
4.94 6.82
6.39 5.22
6.57 2.19
9.51 2.07
4.92 4.55
1.46 0.89
2.88 11.05
0.76 2.28
2.46 7.50
2.43 1.52
2.50 1.29
3.91 1.61
0.53 1.22
4.55 2.81
3.56 1.52
1.01 2.79
2.54 5.98
2.70 4.44
1.40 6.43
5.28 5.92
3.21 8.89
2.64 8.01
1.79 3.10
6.28 2.90
7.40 0.77
2.96 5.68
0.15 3.03
7.14 3.09
5.17 7.83
2.00 0.11
1.26 3.13
13.95 0.31
6.25 5.85
3.88 3.17
1.69 3.66
13.74 0.02
3.51 1.95
13.43 5.92
5.04 1.96
3.53 7.60
2.18 0.28
3.91 2.12
6.81 5.57
4.45 3.73
6.08 0.83
2.62 1.72
8.33 1.90
1.13 2.22
6.22 1.84
6.87 4.15
0.56 7.65
4.39 5.91
1.10 10.24
2.52 5.61
3.69 0.49
0.57 0.60
4.73 8.69
0.19 0.31
6.36 2.09
5.57 0.21
4.65 5.84
5.13 5.07
9.30 12.43
9.84 5.32
7.46 6.04
1.13 2.34
5.71 4.45
2.94 1.28
0.17 1.91
5.97 0.63
6.50 1.03
2.52 2.16
6.77 3.40
1.11 6.92
0.95 6.77
0.91 8.89
4.33 4.13
6.47 6.59
2.31 3.80
10.58 2.47
7.90 1.03
1.83 9.92
1.99 4.44
2.48 0.42
3.37 2.07
3.64 3.43
1.52 2.18
1.27 4.26
3.07 1.32
8.90 4.93
5.16 2.61
2.44 2.96
7.04 1.27
9.49 4.62
11.10 11.50
9.10 3.16
12.91 11.31
0.19 6.07
0.42 12.00
0.44 5.45
5.77 5.54
0.54 2.83
3.13 1.04
1.84 1.39
3.64 9.50
8.36 3.92
1.28 5.77
3.49 7.02
3.25 3.94
0.10 6.99
8.88 7.76
9.06 2.51
7.83 8.32
6.84 4.95
1.63 2.53
8.27 8.08
0.77 1.19
2.40 0.53
0.48 8.42
4.16 5.28
12.34 3.31
4.58 1.16
6.57 2.99
3.38 6.02
2.20 6.35
4.65 8.13
2.49 3.73
6.21 1.55
1.26 0.07
0.24 6.25
5.14 0.55
5.37 4.35
0.56 2.57
0.40 4.42
0.60 8.34
4.13 0.11
6.52 10.90
6.44 0.72
