# nJobs | nMachines
200 2
# Job Weights
92
76
14
63
80
26
78
99
52
12
45
34
42
81
41
11
63
37
92
38
15
84
64
3
15
71
46
52
65
12
89
27
10
12
76
14
96
71
40
94
31
34
31
40
95
97
89
55
99
56
18
49
26
88
2
31
5
18
39
97
85
88
84
34
73
55
12
77
16
81
81
30
1
77
65
51
71
63
64
6
54
42
60
56
85
71
28
61
25
68
41
88
61
36
76
40
47
38
2
88
43
16
78
9
7
22
41
84
80
93
87
3
87
6
84
43
64
55
97
34
15
20
80
30
11
2
10
86
66
48
29
67
76
56
87
87
44
44
61
65
70
96
17
38
99
57
37
32
33
45
54
39
57
21
29
18
17
38
68
41
78
37
43
97
30
17
4
72
80
22
74
11
31
41
10
64
60
8
7
3
32
60
8
68
12
10
2
28
18
40
10
35
38
74
58
66
74
81
10
51
# P_bar : m1 | m2
14 45
25 22
22 45
45 27
24 21
36 37
10 39
15 29
32 23
29 23
10 45
21 26
32 19
12 35
26 20
22 18
26 42
18 17
23 11
32 12
20 31
21 12
49 20
13 47
32 24
19 44
38 24
26 40
17 41
35 14
29 23
49 31
48 44
12 37
19 28
20 32
47 42
29 26
24 31
30 40
17 49
38 35
29 49
48 23
33 45
12 17
16 20
49 17
24 24
19 19
49 25
24 47
27 43
11 26
22 29
48 27
25 40
31 46
44 27
50 19
34 12
13 47
35 45
10 19
43 11
41 47
32 50
34 24
31 43
34 28
49 45
22 33
30 33
17 34
24 26
44 40
39 20
19 49
50 47
16 45
12 12
31 28
11 26
47 19
25 28
34 32
31 26
41 48
34 43
46 21
32 27
14 20
48 40
43 38
29 11
39 25
22 47
14 20
31 34
32 50
40 38
18 25
18 38
40 28
14 19
36 15
11 49
38 26
40 21
46 15
23 41
20 22
22 34
48 23
14 30
12 24
47 50
25 21
19 18
50 15
14 48
20 12
28 24
41 45
16 49
22 48
42 35
35 21
25 27
17 27
49 46
19 14
38 16
47 19
47 27
29 21
16 32
22 33
28 45
40 33
42 25
40 25
17 48
10 14
24 18
43 45
20 31
16 18
26 28
22 46
31 34
31 19
23 49
16 46
40 38
27 33
39 26
35 30
42 50
43 40
33 12
33 37
16 50
19 43
46 30
46 32
27 50
38 31
20 34
46 43
11 46
41 11
33 27
14 46
10 48
40 23
48 34
50 31
49 45
14 18
34 25
40 16
10 40
44 46
14 19
29 44
13 29
13 24
32 18
20 44
19 47
43 15
46 42
24 40
46 32
39 42
28 31
41 24
35 45
13 17
# P_hat : m1 | m2
2.38 14.17
0.90 0.60
4.51 16.84
7.00 4.29
8.13 0.00
10.90 9.46
1.82 0.91
1.63 4.00
15.81 8.13
6.58 0.72
3.44 18.89
1.48 0.05
7.77 2.34
0.17 12.97
6.57 3.16
10.60 0.92
4.99 7.56
0.35 2.30
0.36 4.63
6.21 1.88
1.60 12.23
0.25 5.35
18.53 4.34
2.98 21.38
4.63 4.53
8.55 21.21
2.21 1.07
12.43 13.74
2.67 10.12
15.55 2.71
8.74 7.28
20.25 10.91
23.62 0.10
1.73 3.09
9.13 9.98
3.89 10.66
9.06 20.29
4.94 9.89
6.50 14.74
2.31 14.05
4.71 7.30
10.29 1.84
11.05 19.15
20.01 7.41
7.27 1.08
1.81 3.06
2.07 9.57
4.77 4.25
0.69 5.19
3.25 4.35
6.62 2.61
11.60 8.66
7.53 7.95
1.91 0.68
6.39 11.13
3.34 5.62
5.55 16.44
9.71 19.56
10.76 2.86
10.04 6.24
16.90 2.83
5.72 20.68
10.91 4.85
2.85 6.44
13.34 3.34
4.13 6.94
6.32 3.42
0.67 7.82
7.37 15.88
9.23 4.42
5.58 14.51
10.60 6.52
13.64 11.77
6.14 3.39
6.40 11.57
19.14 5.75
2.55 3.68
7.51 1.42
3.12 2.62
6.35 11.61
1.65 1.61
13.59 11.70
5.19 0.19
3.50 3.60
5.78 4.72
16.68 0.31
7.49 1.62
17.70 9.93
10.01 10.60
8.63 4.25
4.57 7.17
1.42 5.95
18.28 0.20
8.31 8.82
7.41 5.30
9.60 6.49
6.35 15.92
6.06 3.12
15.20 13.16
6.52 19.32
16.55 9.90
6.88 12.20
5.16 2.39
19.12 0.24
1.40 7.32
1.97 6.05
4.70 2.95
8.34 3.45
16.94 0.18
20.54 2.20
0.72 15.85
8.83 5.70
4.93 5.92
12.25 4.28
4.39 0.02
5.56 3.60
0.45 16.16
5.96 10.23
6.53 7.62
18.07 0.18
4.85 21.57
1.34 4.70
4.19 9.36
7.35 10.30
6.44 9.75
3.07 7.27
4.42 1.15
16.76 2.40
0.11 3.33
8.48 6.54
16.58 17.19
7.87 3.32
5.60 0.46
0.34 9.10
17.34 12.73
12.10 8.24
5.92 15.86
1.57 8.98
10.55 21.66
15.38 1.25
13.83 4.57
15.32 2.82
7.19 4.70
3.07 0.99
1.06 5.60
10.48 17.58
0.78 8.96
3.26 1.32
5.29 11.36
0.73 14.63
5.41 6.60
1.72 6.40
9.29 6.37
7.58 7.94
1.45 17.43
12.89 4.79
10.19 6.11
5.24 13.35
1.61 17.69
10.76 1.24
13.11 0.88
11.67 0.15
0.40 15.77
0.69 9.62
9.27 2.01
6.79 15.33
3.14 13.24
5.34 3.75
8.03 8.51
21.37 14.61
2.23 1.75
18.58 1.51
5.30 10.89
3.34 10.57
1.13 13.12
12.81 4.98
23.50 0.75
15.09 2.57
8.77 10.02
4.53 1.88
2.09 0.62
17.77 6.75
2.52 19.62
9.89 18.24
4.10 8.11
9.06 5.32
0.47 13.93
4.44 2.36
3.87 8.56
7.14 21.89
7.81 16.73
17.29 7.36
12.71 11.96
6.24 5.19
3.29 6.99
15.12 12.46
3.80 1.13
10.18 7.47
4.97 22.08
0.87 1.62
