# nJobs | nMachines
200 2
# Job Weights
67
5
54
21
82
45
17
92
20
4
96
12
90
15
14
6
11
28
50
6
31
75
3
80
75
51
7
64
92
44
35
18
70
17
94
86
79
5
43
40
21
8
39
31
34
25
62
89
70
67
89
15
96
79
35
14
52
73
93
48
67
38
92
6
31
90
34
38
20
90
83
52
43
94
21
43
30
8
69
47
78
49
16
90
79
8
74
17
16
28
17
62
47
48
21
10
27
62
20
36
31
78
95
8
5
94
15
42
83
12
75
60
90
23
62
37
73
70
16
17
4
2
74
49
84
28
85
11
48
45
48
36
50
27
20
83
45
9
26
50
33
11
49
53
35
70
69
35
58
60
55
35
76
30
36
73
6
73
10
21
80
72
53
57
35
39
38
18
11
65
54
1
90
20
23
27
15
20
7
28
78
62
15
41
77
65
17
79
3
6
16
13
51
28
18
83
76
89
10
15
# P_bar : m1 | m2
44 46
26 47
30 31
15 26
34 36
40 39
37 34
15 15
10 29
17 48
41 44
35 14
33 30
50 33
14 44
42 41
15 12
32 34
32 23
12 47
47 39
16 20
39 11
32 29
26 45
13 15
16 15
36 37
46 15
36 32
32 23
37 47
33 19
35 43
18 34
43 25
17 29
30 15
35 33
50 10
34 47
12 47
16 28
48 26
30 19
12 46
41 35
30 14
23 12
47 44
10 47
45 34
17 10
36 45
11 25
13 50
11 28
46 23
44 43
35 21
46 33
12 28
30 46
12 17
15 32
33 31
32 41
50 34
15 46
22 34
38 33
43 44
39 39
12 13
23 19
13 25
11 26
18 41
28 17
28 15
21 17
30 26
28 34
16 31
42 11
49 18
23 15
26 15
18 24
44 34
40 30
50 47
29 24
45 49
25 28
11 14
31 43
25 39
24 38
39 38
30 40
44 15
39 10
23 33
31 28
24 45
19 26
22 21
23 28
17 46
14 33
28 27
19 38
36 22
47 21
20 34
13 41
10 34
37 10
26 12
21 29
26 33
10 35
19 12
16 15
12 50
28 23
35 32
21 29
34 37
46 29
36 44
46 20
20 23
12 45
37 36
34 20
37 13
21 40
23 47
14 20
20 27
20 25
41 13
10 21
18 50
49 22
12 18
43 40
17 44
38 17
30 31
16 14
31 25
22 19
24 39
44 12
19 49
27 22
26 43
24 32
22 14
48 40
47 36
23 19
17 18
32 32
32 11
15 38
18 14
25 30
26 30
32 19
19 12
45 35
20 37
43 17
30 29
35 34
48 20
25 11
26 19
30 25
37 38
19 15
37 34
42 43
43 27
50 43
23 42
31 40
26 40
23 28
15 20
43 35
14 21
28 49
42 23
32 10
14 17
# P_hat : m1 | m2
22.00 23.00
13.00 23.50
15.00 15.50
7.50 13.00
17.00 18.00
20.00 19.50
18.50 17.00
7.50 7.50
5.00 14.50
8.50 24.00
20.50 22.00
17.50 7.00
16.50 15.00
25.00 16.50
7.00 22.00
21.00 20.50
7.50 6.00
16.00 17.00
16.00 11.50
6.00 23.50
23.50 19.50
8.00 10.00
19.50 5.50
16.00 14.50
13.00 22.50
6.50 7.50
8.00 7.50
18.00 18.50
23.00 7.50
18.00 16.00
16.00 11.50
18.50 23.50
16.50 9.50
17.50 21.50
9.00 17.00
21.50 12.50
8.50 14.50
15.00 7.50
17.50 16.50
25.00 5.00
17.00 23.50
6.00 23.50
8.00 14.00
24.00 13.00
15.00 9.50
6.00 23.00
20.50 17.50
15.00 7.00
11.50 6.00
23.50 22.00
5.00 23.50
22.50 17.00
8.50 5.00
18.00 22.50
5.50 12.50
6.50 25.00
5.50 14.00
23.00 11.50
22.00 21.50
17.50 10.50
23.00 16.50
6.00 14.00
15.00 23.00
6.00 8.50
7.50 16.00
16.50 15.50
16.00 20.50
25.00 17.00
7.50 23.00
11.00 17.00
19.00 16.50
21.50 22.00
19.50 19.50
6.00 6.50
11.50 9.50
6.50 12.50
5.50 13.00
9.00 20.50
14.00 8.50
14.00 7.50
10.50 8.50
15.00 13.00
14.00 17.00
8.00 15.50
21.00 5.50
24.50 9.00
11.50 7.50
13.00 7.50
9.00 12.00
22.00 17.00
20.00 15.00
25.00 23.50
14.50 12.00
22.50 24.50
12.50 14.00
5.50 7.00
15.50 21.50
12.50 19.50
12.00 19.00
19.50 19.00
15.00 20.00
22.00 7.50
19.50 5.00
11.50 16.50
15.50 14.00
12.00 22.50
9.50 13.00
11.00 10.50
11.50 14.00
8.50 23.00
7.00 16.50
14.00 13.50
9.50 19.00
18.00 11.00
23.50 10.50
10.00 17.00
6.50 20.50
5.00 17.00
18.50 5.00
13.00 6.00
10.50 14.50
13.00 16.50
5.00 17.50
9.50 6.00
8.00 7.50
6.00 25.00
14.00 11.50
17.50 16.00
10.50 14.50
17.00 18.50
23.00 14.50
18.00 22.00
23.00 10.00
10.00 11.50
6.00 22.50
18.50 18.00
17.00 10.00
18.50 6.50
10.50 20.00
11.50 23.50
7.00 10.00
10.00 13.50
10.00 12.50
20.50 6.50
5.00 10.50
9.00 25.00
24.50 11.00
6.00 9.00
21.50 20.00
8.50 22.00
19.00 8.50
15.00 15.50
8.00 7.00
15.50 12.50
11.00 9.50
12.00 19.50
22.00 6.00
9.50 24.50
13.50 11.00
13.00 21.50
12.00 16.00
11.00 7.00
24.00 20.00
23.50 18.00
11.50 9.50
8.50 9.00
16.00 16.00
16.00 5.50
7.50 19.00
9.00 7.00
12.50 15.00
13.00 15.00
16.00 9.50
9.50 6.00
22.50 17.50
10.00 18.50
21.50 8.50
15.00 14.50
17.50 17.00
24.00 10.00
12.50 5.50
13.00 9.50
15.00 12.50
18.50 19.00
9.50 7.50
18.50 17.00
21.00 21.50
21.50 13.50
25.00 21.50
11.50 21.00
15.50 20.00
13.00 20.00
11.50 14.00
7.50 10.00
21.50 17.50
7.00 10.50
14.00 24.50
21.00 11.50
16.00 5.00
7.00 8.50
