# nJobs | nMachines
200 2
# Job Weights
92
76
14
63
80
26
78
99
52
12
45
34
42
81
41
11
63
37
92
38
15
84
64
3
15
71
46
52
65
12
89
27
10
12
76
14
96
71
40
94
31
34
31
40
95
97
89
55
99
56
18
49
26
88
2
31
5
18
39
97
85
88
84
34
73
55
12
77
16
81
81
30
1
77
65
51
71
63
64
6
54
42
60
56
85
71
28
61
25
68
41
88
61
36
76
40
47
38
2
88
43
16
78
9
7
22
41
84
80
93
87
3
87
6
84
43
64
55
97
34
15
20
80
30
11
2
10
86
66
48
29
67
76
56
87
87
44
44
61
65
70
96
17
38
99
57
37
32
33
45
54
39
57
21
29
18
17
38
68
41
78
37
43
97
30
17
4
72
80
22
74
11
31
41
10
64
60
8
7
3
32
60
8
68
12
10
2
28
18
40
10
35
38
74
58
66
74
81
10
51
# P_bar : m1 | m2
14 45
25 22
22 45
45 27
24 21
36 37
10 39
15 29
32 23
29 23
10 45
21 26
32 19
12 35
26 20
22 18
26 42
18 17
23 11
32 12
20 31
21 12
49 20
13 47
32 24
19 44
38 24
26 40
17 41
35 14
29 23
49 31
48 44
12 37
19 28
20 32
47 42
29 26
24 31
30 40
17 49
38 35
29 49
48 23
33 45
12 17
16 20
49 17
24 24
19 19
49 25
24 47
27 43
11 26
22 29
48 27
25 40
31 46
44 27
50 19
34 12
13 47
35 45
10 19
43 11
41 47
32 50
34 24
31 43
34 28
49 45
22 33
30 33
17 34
24 26
44 40
39 20
19 49
50 47
16 45
12 12
31 28
11 26
47 19
25 28
34 32
31 26
41 48
34 43
46 21
32 27
14 20
48 40
43 38
29 11
39 25
22 47
14 20
31 34
32 50
40 38
18 25
18 38
40 28
14 19
36 15
11 49
38 26
40 21
46 15
23 41
20 22
22 34
48 23
14 30
12 24
47 50
25 21
19 18
50 15
14 48
20 12
28 24
41 45
16 49
22 48
42 35
35 21
25 27
17 27
49 46
19 14
38 16
47 19
47 27
29 21
16 32
22 33
28 45
40 33
42 25
40 25
17 48
10 14
24 18
43 45
20 31
16 18
26 28
22 46
31 34
31 19
23 49
16 46
40 38
27 33
39 26
35 30
42 50
43 40
33 12
33 37
16 50
19 43
46 30
46 32
27 50
38 31
20 34
46 43
11 46
41 11
33 27
14 46
10 48
40 23
48 34
50 31
49 45
14 18
34 25
40 16
10 40
44 46
14 19
29 44
13 29
13 24
32 18
20 44
19 47
43 15
46 42
24 40
46 32
39 42
28 31
41 24
35 45
13 17
# P_hat : m1 | m2
1.10 13.19
1.85 0.73
5.98 5.70
3.37 0.34
1.96 4.66
8.20 10.19
1.35 3.28
3.50 7.47
0.63 2.02
4.24 6.28
0.10 10.18
0.39 6.28
8.70 0.10
0.50 10.11
4.15 4.36
2.71 1.65
2.71 10.45
4.86 1.44
0.15 2.88
6.37 0.41
5.78 6.54
3.53 1.95
13.77 0.58
0.20 3.41
4.02 0.09
1.48 6.19
8.33 2.17
7.65 7.18
1.31 3.66
6.87 1.26
1.72 5.13
8.31 0.45
6.68 11.92
3.50 9.46
3.47 5.61
2.10 5.69
1.61 11.24
1.32 1.45
1.62 0.73
2.26 2.87
4.34 11.68
6.40 0.36
4.55 8.57
1.65 6.87
8.52 11.55
2.60 2.66
0.32 0.38
10.41 4.24
3.91 4.31
0.47 0.66
6.74 0.70
3.49 12.83
1.34 8.63
3.12 6.47
5.61 7.65
9.63 4.63
3.47 6.21
3.83 5.94
8.59 2.57
8.18 2.48
0.64 2.79
2.00 8.49
8.47 12.05
1.38 2.53
0.67 2.00
9.67 8.90
1.93 8.88
2.64 5.06
1.53 3.06
3.37 4.30
11.12 1.41
3.43 3.81
1.84 4.83
4.48 6.65
6.33 7.41
11.49 7.21
2.79 4.46
2.57 7.44
14.77 8.94
3.71 0.96
0.10 0.92
0.61 3.04
1.53 3.69
12.82 0.26
4.04 1.18
5.08 2.66
0.98 7.58
8.08 4.77
8.39 6.22
5.25 1.24
7.45 4.95
4.05 1.68
2.93 2.48
6.75 5.89
2.50 0.02
9.28 0.06
3.81 3.09
2.67 0.22
7.42 1.10
3.80 5.08
10.98 9.15
2.88 4.29
0.85 5.84
8.35 2.47
3.33 5.31
3.42 1.79
2.83 1.28
10.33 4.81
3.32 0.72
13.57 1.55
0.97 6.24
1.21 5.77
1.22 5.03
12.87 4.85
2.75 8.94
0.55 0.95
6.21 4.12
4.61 2.49
0.48 2.28
13.24 1.85
3.38 13.07
3.03 2.57
8.12 4.38
5.14 4.18
4.72 12.11
4.41 13.75
8.00 8.62
1.74 0.01
6.61 5.15
2.18 0.41
2.38 3.55
0.07 0.25
6.38 2.90
7.44 3.91
10.14 0.93
7.75 2.42
0.38 4.38
4.83 3.65
1.57 1.63
10.30 4.15
10.32 5.63
6.49 0.53
3.62 1.15
0.94 1.49
3.39 5.09
10.60 9.03
2.76 6.31
1.72 1.95
3.85 4.99
5.47 0.14
3.12 6.49
1.62 5.21
4.91 9.00
3.96 12.06
1.21 8.25
1.94 1.19
1.66 7.04
3.65 0.60
5.67 8.01
9.66 1.71
6.45 0.04
6.15 4.68
1.69 4.43
4.80 6.27
6.50 5.19
13.51 0.42
5.14 1.85
1.44 5.20
4.06 3.50
4.49 9.41
2.26 9.00
0.86 2.79
1.73 5.61
3.59 5.93
0.68 9.69
10.04 1.90
4.02 3.12
9.64 7.34
10.20 6.03
2.15 4.31
3.11 6.17
2.55 4.12
0.10 11.00
4.01 5.95
2.74 1.82
8.16 7.69
3.40 3.23
2.99 4.33
7.57 3.81
3.99 9.09
1.48 5.28
11.70 0.75
9.26 5.42
4.04 1.71
1.53 8.54
5.23 4.36
3.87 1.44
10.63 0.18
5.74 8.72
1.48 3.25
