# nJobs | nMachines
200 2
# Job Weights
6
65
91
62
24
94
25
65
34
72
95
66
40
95
93
79
12
84
80
47
92
16
50
9
61
8
92
48
5
11
82
100
95
7
95
73
54
73
89
53
73
22
42
16
74
79
59
67
64
28
73
69
29
87
14
97
70
49
14
96
68
92
21
83
66
58
54
54
91
48
65
76
51
69
89
56
22
94
18
86
14
8
17
4
16
56
42
9
69
78
85
68
10
28
67
8
7
54
55
17
13
84
63
78
57
85
85
79
44
11
73
32
45
75
13
77
73
35
11
85
33
19
39
55
7
87
23
35
62
51
83
95
8
79
61
90
15
65
25
53
2
20
23
6
31
20
62
61
85
51
74
31
22
3
89
31
29
1
89
83
51
72
34
37
21
86
37
68
47
3
26
60
36
83
82
90
7
21
38
36
23
56
51
34
93
50
12
17
76
95
51
40
74
20
43
22
19
7
57
32
# P_bar : m1 | m2
32 34
35 42
38 49
45 38
40 10
34 23
29 25
36 23
23 47
24 27
40 25
40 19
27 18
21 30
10 18
49 32
10 24
47 23
22 41
41 32
28 39
31 46
37 48
19 39
14 46
31 41
48 33
15 30
13 23
12 20
24 14
20 37
12 47
50 14
38 40
33 24
22 44
30 37
18 23
41 37
41 26
25 12
42 44
46 48
24 18
10 31
25 26
48 37
18 12
37 40
18 16
41 44
24 35
48 36
31 27
50 23
13 27
19 43
18 45
16 27
49 41
27 32
32 48
45 21
29 10
36 33
17 16
15 49
12 41
12 25
15 50
45 12
24 25
14 15
12 21
24 46
20 27
28 19
26 25
16 26
25 24
22 31
11 43
41 40
32 23
46 14
33 37
35 22
25 13
44 42
18 34
17 30
10 48
48 16
30 25
18 14
10 15
47 17
17 13
50 28
24 42
16 39
25 11
43 39
29 39
50 19
36 19
35 31
34 31
34 31
25 27
38 35
10 39
27 45
13 44
26 26
35 13
30 41
16 33
20 13
32 47
50 32
24 31
48 29
46 42
45 20
36 49
33 21
29 50
35 28
20 46
48 16
50 30
18 30
32 37
12 24
10 39
50 30
21 37
38 48
22 39
50 45
49 24
13 35
13 15
13 31
17 46
42 27
36 39
27 39
16 34
34 36
42 32
48 28
31 45
38 36
42 39
50 32
50 43
41 24
13 42
16 23
27 28
26 11
21 46
13 10
39 32
32 17
25 20
33 30
14 15
11 33
44 34
37 16
28 30
26 20
17 10
47 40
33 13
31 50
17 30
44 30
47 37
44 26
39 12
26 24
16 26
16 42
28 34
33 17
10 29
13 25
35 21
22 23
19 17
19 28
13 30
18 12
30 47
38 46
# P_hat : m1 | m2
43.69 67.18
135.33 46.44
90.31 111.47
144.21 68.65
42.33 17.40
28.57 10.30
90.93 14.10
98.77 75.54
62.65 166.55
53.05 25.35
90.17 11.35
117.71 4.06
29.16 43.80
29.63 85.84
34.87 26.84
60.54 87.00
21.85 68.44
132.10 86.05
87.99 10.64
71.39 24.61
47.95 10.69
104.48 159.71
119.21 152.18
55.56 89.64
25.94 15.39
40.17 44.82
116.88 39.30
52.57 67.29
45.96 23.74
5.21 5.84
41.12 40.92
37.18 44.26
46.93 85.05
135.60 7.15
61.90 128.41
3.44 54.29
49.75 158.68
11.53 73.33
60.08 86.61
123.41 132.00
75.52 59.95
42.92 44.83
150.75 56.86
53.08 70.20
23.91 3.27
37.57 73.06
80.92 75.08
157.56 114.48
14.05 7.19
21.21 71.07
1.87 11.32
38.87 116.53
74.32 22.11
46.09 130.20
90.41 24.91
50.38 26.81
20.56 91.90
74.72 78.86
17.63 4.32
24.09 53.42
59.01 13.87
11.84 126.12
62.71 112.92
68.16 21.55
80.61 22.55
117.73 10.15
37.01 51.19
1.93 181.36
29.71 143.41
2.66 34.18
36.98 65.15
123.31 1.68
18.99 65.14
45.88 32.09
43.73 38.59
78.06 167.00
24.41 18.13
65.70 0.73
95.14 7.33
20.52 23.23
82.00 3.20
0.83 62.35
0.16 54.02
124.59 28.88
97.47 69.01
145.17 11.45
122.76 101.77
16.51 30.74
23.20 26.62
159.06 156.89
12.76 5.08
46.39 60.03
21.22 164.05
15.97 37.63
34.23 27.69
37.47 22.27
34.09 40.82
133.02 60.58
42.29 2.14
99.21 8.01
28.67 54.61
7.63 36.31
40.91 11.66
4.91 34.52
24.48 30.55
86.50 9.93
60.28 70.98
6.20 17.88
80.11 25.35
74.76 30.54
7.81 100.77
143.36 105.80
3.98 123.19
92.32 18.86
0.02 147.19
91.76 42.45
2.76 13.67
90.94 94.42
23.15 108.53
59.06 40.49
51.42 167.32
14.18 118.80
73.68 29.53
13.68 49.17
169.67 2.46
9.18 70.35
69.02 30.30
95.44 72.36
45.62 65.88
30.41 41.23
60.73 7.20
150.58 20.92
184.54 106.60
27.08 3.07
64.80 60.14
17.43 3.01
10.28 57.86
150.21 20.72
28.53 37.33
65.08 168.50
35.52 68.02
142.53 49.28
179.89 56.58
34.67 19.89
24.52 15.56
40.52 67.73
43.59 43.70
10.18 73.35
13.78 76.67
4.10 120.43
29.24 128.96
112.32 16.68
52.60 42.84
73.76 35.79
112.78 27.21
127.21 116.68
111.73 118.54
53.36 62.01
23.41 92.50
2.63 5.72
5.56 93.33
18.73 72.80
59.59 64.27
6.66 11.67
11.44 122.83
9.42 14.46
98.59 69.74
78.82 33.15
55.08 30.49
33.07 86.27
20.78 53.03
4.25 0.69
39.86 126.97
132.86 32.74
109.73 84.09
67.36 68.45
62.34 18.68
120.84 133.60
4.38 9.24
123.60 31.83
6.73 78.90
120.14 104.42
47.53 132.08
68.99 66.95
100.77 25.22
45.39 31.81
16.03 101.92
21.40 53.71
38.25 101.21
126.63 36.17
31.94 70.59
23.84 39.35
27.97 81.05
71.37 52.59
11.95 63.77
16.00 0.85
19.03 68.72
63.39 34.42
15.81 140.08
18.58 166.52
