# nJobs | nMachines
200 2
# Job Weights
35
33
10
40
43
56
38
40
42
85
4
96
3
22
37
62
55
66
28
49
96
7
36
71
94
89
90
15
18
63
40
60
1
1
21
7
19
59
22
7
92
90
12
20
46
56
99
58
29
49
43
17
92
12
5
48
59
29
75
69
89
28
1
90
98
31
78
58
23
82
91
76
6
97
91
39
30
38
33
73
38
36
21
45
81
29
77
4
56
18
97
92
14
82
96
45
91
13
84
94
85
54
73
24
27
43
66
79
13
77
28
30
35
52
61
34
11
51
23
86
77
62
76
47
54
60
70
23
21
33
34
80
74
27
70
67
23
65
41
72
81
28
8
5
92
43
73
95
12
78
56
73
41
52
11
30
89
23
59
90
28
5
22
38
27
77
100
69
91
6
54
46
79
100
95
57
65
43
38
59
26
1
47
3
34
66
100
11
76
8
75
67
37
34
48
25
82
95
100
9
# P_bar : m1 | m2
24 14
39 36
40 43
19 25
50 34
18 21
20 44
36 30
45 37
28 49
41 10
30 29
40 16
11 25
12 44
37 11
17 46
26 40
38 29
48 36
48 13
18 40
37 50
39 37
34 35
46 45
13 28
21 17
23 43
21 32
43 28
46 25
38 41
25 45
34 20
17 28
41 27
21 40
49 45
35 22
11 20
13 13
29 21
10 42
47 32
18 15
11 37
23 34
42 20
31 43
19 15
25 41
44 35
43 28
10 10
49 41
24 20
20 22
20 44
42 21
37 50
13 33
34 10
41 35
48 19
26 13
26 47
21 37
16 10
49 34
41 45
39 32
21 38
24 44
39 29
50 44
25 18
48 50
29 46
21 31
14 49
24 43
49 25
45 27
19 25
38 35
18 41
11 23
11 14
16 37
19 25
19 44
19 38
36 13
37 34
18 34
44 17
33 42
39 17
26 27
11 46
38 35
23 10
26 48
26 23
17 25
17 35
27 38
13 23
41 23
15 23
16 17
16 49
49 29
35 44
30 20
17 15
29 22
15 39
33 24
40 40
42 20
48 21
42 14
18 25
40 41
49 19
10 45
36 44
20 50
33 46
48 36
39 14
24 14
38 50
34 38
44 10
13 20
10 19
42 44
30 32
38 14
19 22
49 25
27 39
48 12
31 36
46 27
20 17
24 11
14 42
41 20
15 21
47 49
43 23
18 46
22 47
35 41
10 30
28 32
14 48
21 15
30 27
40 37
50 17
23 44
29 10
39 30
29 12
50 35
45 21
14 23
32 10
20 40
29 35
20 27
47 19
24 22
29 27
17 32
33 21
48 46
50 27
23 10
23 22
39 15
39 40
41 27
38 40
14 41
41 28
25 18
31 39
50 20
31 38
17 27
18 15
32 16
43 40
40 32
# P_hat : m1 | m2
17.71 1.84
10.57 49.72
41.47 49.23
4.28 20.23
93.40 24.73
6.61 9.11
10.11 58.93
29.28 58.24
34.48 13.00
44.50 58.52
37.42 8.48
10.25 25.91
21.38 8.13
11.20 41.26
3.54 42.70
45.26 11.95
19.24 28.04
37.16 14.54
71.27 4.98
87.58 51.42
90.82 5.10
8.81 55.21
9.74 39.04
23.58 30.77
60.87 32.84
89.43 33.09
22.34 5.63
4.62 10.53
43.58 57.08
17.78 42.61
0.80 16.03
40.70 23.01
3.50 15.86
27.19 18.93
23.02 0.92
16.10 50.22
50.28 11.38
36.49 18.20
64.87 25.16
30.38 5.61
18.03 25.57
23.55 1.95
6.95 5.64
10.64 54.16
26.74 21.74
1.69 21.24
14.71 41.25
39.69 17.41
13.68 26.03
50.37 10.00
32.43 16.09
45.72 35.85
23.35 18.75
77.74 33.82
6.41 17.43
54.13 81.91
2.42 24.31
1.76 17.81
28.81 19.82
37.34 10.80
18.97 47.95
4.95 24.24
45.56 18.28
0.03 25.78
77.37 14.19
4.12 9.97
9.96 78.64
16.22 48.16
15.52 12.28
34.79 22.72
26.30 73.61
75.19 2.46
26.95 66.18
1.12 45.12
33.55 23.10
87.50 43.75
15.07 24.03
9.08 1.28
43.99 80.18
25.45 27.70
15.97 33.61
2.57 11.89
13.77 21.97
56.03 26.80
7.90 20.18
38.31 47.51
19.62 34.51
6.24 44.23
20.87 16.78
26.96 59.75
27.45 5.47
2.96 34.96
4.03 25.60
35.48 14.81
11.89 58.56
35.22 5.33
13.95 2.47
32.17 71.43
28.40 7.24
33.25 36.11
2.84 49.94
32.70 58.30
12.64 2.50
46.16 12.46
2.11 25.61
31.07 47.32
28.32 29.05
16.07 24.85
20.52 27.91
2.56 42.80
29.01 38.50
16.85 33.85
9.70 2.21
35.53 6.55
4.65 53.63
59.36 32.82
1.34 8.56
37.98 10.53
13.28 61.38
62.63 2.71
19.68 29.55
44.70 20.23
46.31 23.53
59.04 20.40
2.45 17.74
15.50 50.24
21.03 22.24
14.76 49.29
13.62 56.36
22.94 25.94
14.21 7.79
82.72 8.59
73.49 6.29
24.89 14.01
26.78 84.04
15.92 53.30
4.38 15.78
6.98 14.04
13.08 15.38
44.82 34.64
56.64 12.28
30.12 1.71
26.37 26.00
47.95 49.46
27.68 13.01
25.71 1.12
28.21 56.13
43.31 13.64
28.27 28.21
45.15 15.49
9.22 79.44
3.46 16.36
14.89 27.80
51.18 45.56
14.49 29.01
27.38 41.36
43.34 17.73
66.20 41.65
3.94 31.72
49.02 51.88
19.73 70.61
19.06 19.91
32.44 6.12
67.97 53.33
48.01 17.01
17.17 78.68
28.61 18.40
45.17 3.31
10.97 19.70
90.09 2.64
60.68 15.42
17.73 24.95
6.37 2.96
24.17 59.71
7.02 0.58
3.15 9.10
49.57 22.07
19.33 31.43
34.15 49.50
3.03 45.15
28.44 28.21
16.78 36.28
98.71 0.07
25.81 2.40
31.62 23.52
25.38 20.25
7.39 33.40
80.02 39.46
21.76 41.75
11.87 6.08
53.29 10.75
1.23 30.24
50.24 56.54
53.66 35.79
17.25 8.93
2.09 53.47
5.85 6.28
57.28 0.38
59.00 79.79
19.99 17.99
