# nJobs | nMachines
200 2
# Job Weights
67
5
54
21
82
45
17
92
20
4
96
12
90
15
14
6
11
28
50
6
31
75
3
80
75
51
7
64
92
44
35
18
70
17
94
86
79
5
43
40
21
8
39
31
34
25
62
89
70
67
89
15
96
79
35
14
52
73
93
48
67
38
92
6
31
90
34
38
20
90
83
52
43
94
21
43
30
8
69
47
78
49
16
90
79
8
74
17
16
28
17
62
47
48
21
10
27
62
20
36
31
78
95
8
5
94
15
42
83
12
75
60
90
23
62
37
73
70
16
17
4
2
74
49
84
28
85
11
48
45
48
36
50
27
20
83
45
9
26
50
33
11
49
53
35
70
69
35
58
60
55
35
76
30
36
73
6
73
10
21
80
72
53
57
35
39
38
18
11
65
54
1
90
20
23
27
15
20
7
28
78
62
15
41
77
65
17
79
3
6
16
13
51
28
18
83
76
89
10
15
# P_bar : m1 | m2
44 46
26 47
30 31
15 26
34 36
40 39
37 34
15 15
10 29
17 48
41 44
35 14
33 30
50 33
14 44
42 41
15 12
32 34
32 23
12 47
47 39
16 20
39 11
32 29
26 45
13 15
16 15
36 37
46 15
36 32
32 23
37 47
33 19
35 43
18 34
43 25
17 29
30 15
35 33
50 10
34 47
12 47
16 28
48 26
30 19
12 46
41 35
30 14
23 12
47 44
10 47
45 34
17 10
36 45
11 25
13 50
11 28
46 23
44 43
35 21
46 33
12 28
30 46
12 17
15 32
33 31
32 41
50 34
15 46
22 34
38 33
43 44
39 39
12 13
23 19
13 25
11 26
18 41
28 17
28 15
21 17
30 26
28 34
16 31
42 11
49 18
23 15
26 15
18 24
44 34
40 30
50 47
29 24
45 49
25 28
11 14
31 43
25 39
24 38
39 38
30 40
44 15
39 10
23 33
31 28
24 45
19 26
22 21
23 28
17 46
14 33
28 27
19 38
36 22
47 21
20 34
13 41
10 34
37 10
26 12
21 29
26 33
10 35
19 12
16 15
12 50
28 23
35 32
21 29
34 37
46 29
36 44
46 20
20 23
12 45
37 36
34 20
37 13
21 40
23 47
14 20
20 27
20 25
41 13
10 21
18 50
49 22
12 18
43 40
17 44
38 17
30 31
16 14
31 25
22 19
24 39
44 12
19 49
27 22
26 43
24 32
22 14
48 40
47 36
23 19
17 18
32 32
32 11
15 38
18 14
25 30
26 30
32 19
19 12
45 35
20 37
43 17
30 29
35 34
48 20
25 11
26 19
30 25
37 38
19 15
37 34
42 43
43 27
50 43
23 42
31 40
26 40
23 28
15 20
43 35
14 21
28 49
42 23
32 10
14 17
# P_hat : m1 | m2
15.45 24.52
21.77 6.48
2.00 18.33
14.14 8.18
33.53 1.88
3.54 37.00
10.78 21.81
5.59 13.15
7.76 19.61
10.13 17.14
26.42 22.56
26.51 9.46
3.89 28.81
41.66 8.37
9.88 38.50
24.25 37.89
13.35 8.04
22.41 31.66
6.45 9.15
5.16 44.79
23.22 27.41
0.88 0.84
37.23 9.98
4.11 14.05
18.13 20.71
6.58 8.50
0.41 2.24
33.29 17.36
39.18 12.47
18.87 0.50
7.33 6.28
4.50 0.12
11.99 7.90
8.94 31.32
9.12 27.16
41.56 23.63
9.77 17.65
26.70 3.82
22.78 30.50
23.76 7.75
29.06 27.00
5.66 32.70
13.90 25.88
14.00 18.52
3.86 7.00
10.26 32.80
24.08 1.41
26.67 5.41
21.57 4.88
2.52 7.34
5.01 1.09
16.87 4.53
10.64 6.55
28.57 36.10
3.09 24.71
7.24 17.32
7.80 16.78
6.18 21.55
35.82 7.18
21.21 15.07
43.68 24.91
4.07 2.49
3.24 39.62
6.08 13.82
1.29 1.07
31.99 2.82
1.24 2.01
37.68 11.38
7.88 23.43
8.11 18.10
2.50 8.83
26.75 40.11
22.82 14.36
3.37 0.59
20.94 5.70
3.95 13.28
4.95 10.61
9.79 11.23
2.81 2.23
26.10 12.29
7.87 16.93
2.42 8.57
10.84 12.98
9.60 19.16
21.57 7.90
34.03 7.06
1.28 13.57
7.40 8.40
14.75 10.81
3.52 21.99
34.22 28.58
4.59 37.34
24.20 0.96
16.24 16.28
15.31 13.18
1.68 4.40
2.05 30.11
5.40 32.22
3.07 27.79
12.18 37.59
15.43 10.90
25.91 13.12
30.80 7.67
15.09 11.95
18.87 20.56
9.88 4.68
9.00 20.52
9.12 11.18
19.37 8.18
3.91 30.17
0.08 21.17
18.24 5.66
3.85 1.16
32.04 9.54
40.38 11.96
1.53 29.80
1.38 38.06
4.95 17.98
22.54 7.54
7.15 5.27
15.05 21.64
15.47 6.76
3.25 12.99
0.48 7.61
12.00 0.27
2.58 36.12
23.37 19.22
14.71 12.77
12.12 12.99
29.68 31.50
39.73 22.49
13.37 12.68
9.61 6.48
15.50 15.61
5.20 25.34
7.11 5.84
30.75 6.20
7.33 11.70
0.54 27.53
0.47 46.34
8.71 15.34
13.23 25.43
6.22 5.40
13.12 10.03
3.39 0.42
12.24 33.54
2.85 10.32
11.15 6.24
9.57 34.50
16.99 37.59
6.52 0.38
23.15 18.89
3.57 5.15
2.51 10.39
19.25 15.81
20.61 12.08
17.76 11.32
13.35 8.80
15.04 14.58
22.18 28.90
7.56 8.07
11.52 4.55
23.30 33.39
16.63 27.42
20.50 6.25
2.82 9.61
4.78 1.97
18.46 2.30
9.86 18.46
3.50 1.20
9.77 25.30
24.61 21.54
7.89 17.93
12.70 8.32
33.31 32.91
8.96 20.52
40.31 10.20
22.10 28.33
16.03 21.83
27.33 0.62
17.32 7.96
15.40 17.20
26.36 19.89
13.20 22.19
5.70 10.07
7.91 33.67
1.59 3.90
1.85 18.02
43.50 12.19
15.60 26.88
20.48 24.30
15.98 6.14
19.53 5.79
7.20 12.43
37.43 4.49
5.03 5.57
25.95 40.93
29.34 7.52
8.23 4.88
7.90 16.00
