# nJobs | nMachines
200 2
# Job Weights
63
4
95
93
49
84
62
78
45
73
56
56
29
12
80
97
39
50
4
98
93
66
80
85
6
29
96
37
77
24
20
45
19
75
32
87
40
84
82
25
10
99
63
9
5
12
54
86
74
96
20
1
81
94
8
74
51
75
6
18
63
57
47
86
61
32
28
33
39
43
65
58
34
35
94
56
75
79
25
26
71
35
100
78
79
37
67
36
3
31
65
44
80
33
82
62
24
77
95
91
75
9
38
8
56
65
64
39
15
85
98
41
97
30
43
36
21
26
39
79
80
94
22
34
88
56
93
2
96
17
34
90
93
86
38
60
9
39
1
75
96
60
83
67
76
65
48
9
62
92
63
11
87
40
11
55
62
78
59
45
75
32
99
72
73
8
78
86
87
29
7
36
4
72
73
47
43
93
58
53
97
53
66
28
17
2
30
84
79
13
92
81
53
58
81
2
53
73
38
33
# P_bar : m1 | m2
39 46
38 42
48 26
20 44
25 21
25 49
25 47
17 21
27 13
24 19
27 30
40 15
32 16
12 33
37 39
23 22
25 45
43 24
16 25
36 18
31 31
48 48
29 26
18 37
16 18
15 45
22 41
24 24
21 18
39 39
47 38
13 11
31 26
24 31
46 40
16 17
41 44
28 42
43 22
25 29
13 21
15 20
26 46
44 39
37 14
12 17
23 49
26 31
50 17
26 20
32 26
23 33
48 46
12 21
31 35
46 26
24 19
46 16
38 20
22 12
26 21
15 49
10 31
35 12
16 24
45 15
35 19
45 22
27 42
40 40
36 23
16 24
34 26
37 10
15 16
15 27
33 29
42 43
13 20
23 14
47 26
26 27
35 48
44 31
15 11
19 20
25 19
49 22
49 32
31 46
41 40
10 50
46 48
37 13
38 49
26 19
40 23
29 10
13 16
33 29
32 32
11 29
44 13
22 29
17 40
22 31
36 16
48 15
32 21
16 42
10 22
11 18
34 26
22 29
33 28
38 34
34 36
28 42
21 31
30 17
29 33
35 22
43 25
16 23
22 29
29 36
21 48
35 49
49 27
46 10
38 20
13 29
43 11
33 17
46 15
14 48
34 50
45 20
28 22
17 19
27 10
33 48
40 22
48 33
46 30
11 30
12 48
46 43
20 44
20 22
48 23
12 25
46 23
19 13
36 40
44 37
40 38
18 37
37 45
49 19
47 19
22 28
23 41
34 32
28 35
16 30
40 31
27 23
15 25
38 17
35 28
18 35
33 41
47 30
24 48
10 25
17 32
12 14
18 47
47 38
32 23
38 40
35 49
38 39
39 21
49 31
32 10
37 18
41 44
10 40
17 39
34 30
20 45
28 20
27 28
45 28
15 20
12 36
47 43
32 39
# P_hat : m1 | m2
7.66 4.35
0.91 9.99
3.49 1.02
4.64 10.07
3.97 0.43
6.96 0.19
3.22 12.66
4.44 3.66
3.64 1.37
7.05 1.33
7.77 5.55
3.95 2.29
8.50 4.76
3.05 9.73
2.34 7.43
4.31 2.92
0.55 6.63
10.79 4.91
0.84 0.76
0.76 1.77
3.72 0.70
8.31 1.06
7.44 1.53
5.26 5.39
2.11 4.24
0.27 6.55
4.94 4.13
4.07 0.59
2.82 2.97
3.62 3.17
7.08 7.01
1.32 3.22
7.04 0.87
3.92 1.97
12.10 5.68
2.61 4.94
2.93 10.19
7.15 11.32
7.19 2.20
1.55 8.63
2.43 0.65
1.61 0.32
6.59 11.81
5.98 10.85
8.06 0.38
0.34 0.58
2.73 0.49
7.67 0.97
12.13 1.07
1.25 5.82
2.67 5.21
2.28 7.71
9.37 10.71
2.73 3.37
6.97 8.37
7.04 4.65
5.84 1.79
6.03 2.69
1.41 3.20
3.73 2.96
7.43 6.18
3.57 6.04
1.74 7.10
6.79 0.36
4.47 5.59
5.78 1.67
3.48 0.22
13.19 2.40
6.99 7.69
3.88 1.43
5.01 6.38
1.99 0.56
1.52 7.25
10.63 2.12
1.82 1.58
3.94 3.17
1.87 6.45
6.90 7.76
0.09 4.03
5.27 1.63
8.19 3.80
4.88 8.02
0.54 3.08
2.79 3.89
0.33 0.96
1.65 4.59
4.71 4.35
8.32 1.93
9.00 0.78
5.11 0.16
3.36 5.13
0.73 6.16
1.89 14.23
9.42 1.83
7.03 3.77
1.45 5.08
2.13 3.39
7.60 1.80
2.90 0.46
6.53 3.33
3.91 9.06
0.86 5.13
12.93 1.34
5.26 5.44
1.54 10.92
5.59 2.55
8.20 2.42
4.28 4.31
4.09 1.09
0.89 9.07
0.33 4.06
2.39 3.67
2.73 2.74
5.41 2.73
9.86 5.75
0.87 2.20
4.82 4.53
6.74 2.37
4.97 0.08
6.84 4.95
3.04 4.27
4.77 6.40
7.68 1.05
4.67 4.05
2.16 1.75
8.03 8.53
1.70 11.29
10.39 1.66
9.85 7.39
6.40 0.58
6.99 3.68
1.06 8.58
3.54 2.91
1.12 4.88
1.57 1.54
1.46 1.52
7.78 2.83
8.21 3.00
0.86 5.24
4.35 0.86
4.87 1.98
9.51 4.66
8.04 2.25
2.52 6.55
6.54 4.20
2.14 7.31
0.10 2.25
0.21 10.19
0.78 0.85
1.51 1.28
6.19 4.53
1.75 6.41
1.90 1.74
3.84 1.28
6.44 6.45
3.89 2.35
0.16 9.25
0.42 8.59
4.35 1.96
2.26 2.64
5.31 4.42
4.15 2.83
3.78 7.79
2.36 0.48
2.89 6.39
2.95 1.37
10.33 7.72
6.10 2.45
2.49 2.11
4.13 4.29
3.83 0.42
4.75 4.16
0.39 4.55
13.93 2.56
4.78 13.13
2.04 5.63
0.19 0.61
2.18 3.00
2.62 7.43
1.49 10.27
2.67 2.16
10.15 6.89
5.77 7.36
4.71 5.73
0.85 2.87
10.50 1.91
6.75 2.27
6.82 2.44
6.28 12.65
1.30 3.13
3.03 7.99
2.38 8.47
5.65 8.96
4.95 5.23
2.52 6.95
6.07 3.02
3.63 3.60
0.58 1.69
4.13 6.91
6.52 2.70
