# nJobs | nMachines
200 2
# Job Weights
67
5
54
21
82
45
17
92
20
4
96
12
90
15
14
6
11
28
50
6
31
75
3
80
75
51
7
64
92
44
35
18
70
17
94
86
79
5
43
40
21
8
39
31
34
25
62
89
70
67
89
15
96
79
35
14
52
73
93
48
67
38
92
6
31
90
34
38
20
90
83
52
43
94
21
43
30
8
69
47
78
49
16
90
79
8
74
17
16
28
17
62
47
48
21
10
27
62
20
36
31
78
95
8
5
94
15
42
83
12
75
60
90
23
62
37
73
70
16
17
4
2
74
49
84
28
85
11
48
45
48
36
50
27
20
83
45
9
26
50
33
11
49
53
35
70
69
35
58
60
55
35
76
30
36
73
6
73
10
21
80
72
53
57
35
39
38
18
11
65
54
1
90
20
23
27
15
20
7
28
78
62
15
41
77
65
17
79
3
6
16
13
51
28
18
83
76
89
10
15
# P_bar : m1 | m2
44 46
26 47
30 31
15 26
34 36
40 39
37 34
15 15
10 29
17 48
41 44
35 14
33 30
50 33
14 44
42 41
15 12
32 34
32 23
12 47
47 39
16 20
39 11
32 29
26 45
13 15
16 15
36 37
46 15
36 32
32 23
37 47
33 19
35 43
18 34
43 25
17 29
30 15
35 33
50 10
34 47
12 47
16 28
48 26
30 19
12 46
41 35
30 14
23 12
47 44
10 47
45 34
17 10
36 45
11 25
13 50
11 28
46 23
44 43
35 21
46 33
12 28
30 46
12 17
15 32
33 31
32 41
50 34
15 46
22 34
38 33
43 44
39 39
12 13
23 19
13 25
11 26
18 41
28 17
28 15
21 17
30 26
28 34
16 31
42 11
49 18
23 15
26 15
18 24
44 34
40 30
50 47
29 24
45 49
25 28
11 14
31 43
25 39
24 38
39 38
30 40
44 15
39 10
23 33
31 28
24 45
19 26
22 21
23 28
17 46
14 33
28 27
19 38
36 22
47 21
20 34
13 41
10 34
37 10
26 12
21 29
26 33
10 35
19 12
16 15
12 50
28 23
35 32
21 29
34 37
46 29
36 44
46 20
20 23
12 45
37 36
34 20
37 13
21 40
23 47
14 20
20 27
20 25
41 13
10 21
18 50
49 22
12 18
43 40
17 44
38 17
30 31
16 14
31 25
22 19
24 39
44 12
19 49
27 22
26 43
24 32
22 14
48 40
47 36
23 19
17 18
32 32
32 11
15 38
18 14
25 30
26 30
32 19
19 12
45 35
20 37
43 17
30 29
35 34
48 20
25 11
26 19
30 25
37 38
19 15
37 34
42 43
43 27
50 43
23 42
31 40
26 40
23 28
15 20
43 35
14 21
28 49
42 23
32 10
14 17
# P_hat : m1 | m2
3.78 4.46
3.62 4.90
2.38 10.25
1.47 11.85
16.54 7.27
3.06 4.05
4.98 11.03
4.43 6.53
3.05 10.85
1.31 20.85
16.27 11.80
13.74 5.26
3.92 2.10
7.22 5.75
6.57 8.57
17.34 10.48
5.23 5.57
1.32 14.86
6.69 1.55
3.36 4.06
4.40 6.97
3.59 2.91
11.72 3.38
5.24 13.09
10.15 21.65
5.46 4.90
2.59 6.29
15.10 9.72
2.38 1.56
15.08 8.40
2.44 6.38
1.53 17.45
10.59 2.09
8.26 7.92
8.17 6.19
7.81 11.99
2.44 6.44
7.51 5.66
7.98 12.39
8.61 1.33
11.79 13.44
4.56 21.02
6.82 6.65
23.35 12.29
4.00 2.04
4.30 1.71
8.08 15.60
10.16 5.93
5.47 5.96
23.35 14.95
3.64 22.01
21.43 14.06
7.10 4.22
16.25 12.81
4.48 4.78
2.98 23.36
1.38 6.05
8.52 6.20
0.45 9.59
9.17 5.93
11.62 7.76
3.15 0.67
14.61 20.29
5.47 3.78
1.21 9.42
6.09 2.16
6.78 0.07
9.01 4.17
5.99 16.21
5.76 1.69
10.87 15.00
18.34 4.73
15.72 3.99
0.79 1.18
8.21 0.13
2.83 9.65
1.62 11.38
0.45 12.59
6.82 1.60
4.98 2.14
2.64 4.05
10.42 12.41
10.77 4.20
1.96 11.34
1.04 2.42
20.79 2.68
0.11 3.42
12.18 0.53
5.65 9.58
7.08 4.14
4.93 10.88
0.23 1.61
3.41 11.46
3.10 4.73
7.65 12.36
0.92 5.67
8.19 20.81
7.38 9.32
3.58 13.82
0.68 7.04
0.56 3.69
0.58 3.32
14.41 0.83
3.66 16.20
12.34 1.35
5.18 13.26
4.30 8.14
5.64 5.65
8.20 9.27
2.32 2.67
0.85 9.16
7.78 3.88
3.11 17.86
7.96 8.38
15.20 10.21
4.94 0.64
4.03 5.85
2.72 3.32
13.69 0.06
9.18 1.45
5.61 9.84
8.83 3.81
4.37 8.91
4.11 5.33
3.30 5.20
4.59 9.87
8.16 4.28
1.24 7.29
9.37 2.57
0.52 11.73
17.21 5.28
13.66 18.75
21.92 7.57
0.54 7.02
3.58 8.19
7.92 3.78
5.62 7.76
1.67 3.16
5.91 4.50
5.51 4.59
0.73 1.65
6.12 10.49
7.38 2.86
15.73 3.42
4.53 4.74
3.69 14.49
23.35 9.65
5.19 7.81
6.37 9.02
1.35 0.34
8.27 3.62
6.03 9.40
4.61 3.90
9.04 8.14
8.25 1.46
6.12 12.61
2.31 1.10
8.15 18.39
4.18 3.73
12.63 15.26
1.41 0.77
10.54 2.86
2.18 14.10
5.43 4.08
0.54 7.56
5.99 5.68
13.60 9.40
6.95 1.94
6.96 9.17
5.31 4.18
7.88 7.09
10.99 10.47
4.75 4.12
3.37 1.21
20.38 3.74
9.01 0.11
20.99 2.56
13.53 10.86
2.23 13.50
19.77 2.02
5.12 5.27
12.88 4.77
7.08 11.46
10.25 13.43
5.03 5.42
5.95 1.45
1.58 4.73
19.26 0.12
20.07 15.40
1.60 7.23
12.04 15.73
8.14 6.78
4.71 11.47
1.91 1.31
18.48 3.03
4.90 3.58
7.67 10.01
12.80 4.01
1.46 3.82
3.32 0.82
