# nJobs | nMachines
200 2
# Job Weights
92
38
50
26
4
98
41
43
64
15
12
76
51
67
12
29
21
46
67
88
96
13
23
78
45
44
7
61
95
54
94
7
76
72
98
71
1
73
59
63
26
38
57
18
28
78
42
1
25
12
55
41
24
50
38
60
33
52
65
86
100
60
63
26
87
85
71
75
62
50
24
72
70
47
53
86
82
63
11
32
52
83
47
19
13
97
30
50
91
29
6
57
90
62
38
3
91
88
28
91
44
47
97
38
14
87
66
34
66
23
75
48
74
21
84
95
49
97
25
79
91
63
67
85
39
58
53
7
86
43
93
52
88
4
79
76
56
40
96
100
55
69
20
8
86
97
53
33
11
74
19
98
93
4
96
67
49
66
98
87
91
45
95
85
19
66
71
73
39
50
7
77
1
51
35
27
30
57
38
89
44
9
98
57
2
44
27
28
68
85
4
33
10
92
6
99
92
79
38
27
# P_bar : m1 | m2
26 36
38 26
42 33
38 30
17 24
14 43
30 37
17 44
19 26
50 20
12 11
41 39
22 18
26 15
21 18
36 24
29 12
32 36
16 25
34 15
12 46
27 44
38 50
24 49
24 36
27 27
39 47
42 21
37 24
29 48
10 26
28 38
31 41
44 41
29 31
14 19
39 36
26 41
26 16
30 18
42 39
45 22
48 46
14 41
34 14
19 18
34 18
17 48
37 36
16 15
49 32
40 29
21 30
41 39
30 47
45 18
10 37
24 13
28 11
48 48
47 10
21 28
45 20
18 22
34 49
48 40
45 49
22 41
27 36
10 28
45 43
47 38
45 49
37 35
10 20
38 41
14 11
50 40
40 12
17 14
29 26
25 19
29 16
45 13
23 42
27 28
27 24
27 36
45 30
27 24
27 27
13 23
14 30
31 46
15 14
49 46
10 12
29 48
14 27
41 35
40 50
10 42
14 48
29 15
49 33
50 27
32 21
14 45
27 19
43 22
12 39
41 23
30 27
49 42
14 50
37 39
47 38
36 19
47 44
24 25
38 47
30 36
19 29
12 42
13 24
34 12
28 17
13 18
37 26
26 27
45 47
30 44
35 43
46 17
45 23
39 43
13 33
46 29
24 33
29 38
35 29
25 47
25 36
37 31
45 23
14 15
42 19
27 35
18 35
18 39
50 29
28 10
40 13
46 50
45 12
19 21
16 33
27 21
47 16
31 27
48 45
18 45
23 46
49 47
31 43
39 33
24 22
40 35
41 25
49 50
39 21
28 27
21 12
43 16
14 40
11 17
19 17
32 16
48 38
46 35
48 30
25 14
13 41
11 33
41 41
27 45
46 31
30 16
16 40
26 22
14 20
40 20
38 41
43 23
15 25
18 45
25 15
49 26
23 38
13 45
# P_hat : m1 | m2
29.46 50.69
55.02 39.18
35.16 4.34
28.99 45.81
3.34 37.19
14.67 57.77
30.87 21.60
15.92 43.09
28.14 5.74
83.25 18.86
18.02 5.36
11.80 27.23
27.37 5.85
4.18 6.90
29.17 2.76
27.49 44.16
7.68 12.73
55.17 28.57
19.65 26.75
24.12 18.85
0.74 84.81
29.01 15.72
70.17 29.56
28.63 95.63
46.64 26.73
7.37 1.22
44.33 13.88
67.04 1.11
38.89 47.52
5.28 26.77
11.66 48.02
34.26 75.69
45.18 49.19
66.99 2.72
44.70 5.06
18.58 18.30
16.83 29.24
21.02 49.71
40.36 14.04
57.21 33.63
6.63 41.71
48.20 30.52
30.00 82.48
6.31 12.04
34.40 6.43
23.03 3.86
0.66 5.03
26.53 49.21
60.67 23.12
30.90 12.70
17.70 62.88
47.56 9.09
17.92 32.45
27.46 7.71
33.94 29.94
70.41 18.99
0.46 70.05
46.53 10.17
45.35 1.43
72.11 37.26
71.48 2.91
16.34 12.88
67.65 24.72
13.92 2.97
61.11 45.54
17.01 48.76
26.31 41.34
24.26 1.57
17.24 70.96
8.48 20.56
44.32 66.96
80.50 24.75
47.09 46.55
26.82 27.19
4.95 13.70
31.06 1.79
14.44 7.92
74.61 71.16
9.68 16.57
7.53 4.07
22.02 30.74
18.02 33.90
22.72 22.40
71.42 3.87
14.91 72.90
27.10 16.89
33.69 21.80
12.54 37.88
64.68 51.03
29.54 44.72
24.13 50.20
21.05 0.37
6.82 55.31
54.76 5.00
16.83 7.44
59.70 47.38
17.50 11.52
47.42 58.05
16.84 25.89
61.76 65.41
34.67 24.05
10.95 23.02
1.74 88.39
5.21 2.30
81.28 40.23
5.97 36.81
10.84 21.23
22.28 62.48
0.06 6.56
24.29 37.52
14.02 10.92
48.83 18.44
46.63 4.06
49.58 45.80
14.26 66.97
53.67 73.42
46.87 56.19
43.81 20.56
84.39 82.07
19.27 23.92
29.27 52.75
0.21 42.92
23.31 23.78
0.71 70.43
13.11 8.89
54.69 13.32
30.80 24.56
7.01 32.54
58.18 45.96
14.03 27.47
65.97 60.46
36.62 34.69
11.90 40.26
83.27 30.81
18.06 42.81
77.19 77.01
0.19 9.13
24.24 49.30
9.59 62.59
0.81 27.45
51.27 30.08
34.67 73.23
39.62 40.47
19.00 61.60
39.99 20.96
18.46 21.42
36.94 30.12
37.66 34.59
22.82 59.99
4.13 42.60
78.10 23.88
40.36 2.16
52.47 10.23
14.27 73.39
24.12 22.11
14.94 10.57
8.96 23.45
12.30 6.47
75.70 22.10
39.57 51.85
54.29 57.69
8.13 55.54
42.23 50.92
18.74 8.31
49.29 62.74
75.40 39.74
34.90 29.10
79.43 62.92
53.39 39.20
21.31 78.09
15.90 38.94
18.18 53.46
0.30 13.95
58.63 3.48
7.52 36.73
17.93 26.78
13.65 0.94
30.72 1.82
92.71 5.10
22.28 51.17
69.24 30.07
37.76 10.33
5.75 8.66
11.02 48.33
28.72 26.32
41.68 23.88
57.27 40.44
28.56 17.89
24.94 28.99
12.23 28.23
21.10 10.85
69.23 31.79
66.78 18.80
67.40 7.31
12.24 39.12
35.35 63.71
18.98 5.48
62.59 6.04
7.41 63.72
25.49 69.89
