# nJobs | nMachines
200 2
# Job Weights
63
4
95
93
49
84
62
78
45
73
56
56
29
12
80
97
39
50
4
98
93
66
80
85
6
29
96
37
77
24
20
45
19
75
32
87
40
84
82
25
10
99
63
9
5
12
54
86
74
96
20
1
81
94
8
74
51
75
6
18
63
57
47
86
61
32
28
33
39
43
65
58
34
35
94
56
75
79
25
26
71
35
100
78
79
37
67
36
3
31
65
44
80
33
82
62
24
77
95
91
75
9
38
8
56
65
64
39
15
85
98
41
97
30
43
36
21
26
39
79
80
94
22
34
88
56
93
2
96
17
34
90
93
86
38
60
9
39
1
75
96
60
83
67
76
65
48
9
62
92
63
11
87
40
11
55
62
78
59
45
75
32
99
72
73
8
78
86
87
29
7
36
4
72
73
47
43
93
58
53
97
53
66
28
17
2
30
84
79
13
92
81
53
58
81
2
53
73
38
33
# P_bar : m1 | m2
39 46
38 42
48 26
20 44
25 21
25 49
25 47
17 21
27 13
24 19
27 30
40 15
32 16
12 33
37 39
23 22
25 45
43 24
16 25
36 18
31 31
48 48
29 26
18 37
16 18
15 45
22 41
24 24
21 18
39 39
47 38
13 11
31 26
24 31
46 40
16 17
41 44
28 42
43 22
25 29
13 21
15 20
26 46
44 39
37 14
12 17
23 49
26 31
50 17
26 20
32 26
23 33
48 46
12 21
31 35
46 26
24 19
46 16
38 20
22 12
26 21
15 49
10 31
35 12
16 24
45 15
35 19
45 22
27 42
40 40
36 23
16 24
34 26
37 10
15 16
15 27
33 29
42 43
13 20
23 14
47 26
26 27
35 48
44 31
15 11
19 20
25 19
49 22
49 32
31 46
41 40
10 50
46 48
37 13
38 49
26 19
40 23
29 10
13 16
33 29
32 32
11 29
44 13
22 29
17 40
22 31
36 16
48 15
32 21
16 42
10 22
11 18
34 26
22 29
33 28
38 34
34 36
28 42
21 31
30 17
29 33
35 22
43 25
16 23
22 29
29 36
21 48
35 49
49 27
46 10
38 20
13 29
43 11
33 17
46 15
14 48
34 50
45 20
28 22
17 19
27 10
33 48
40 22
48 33
46 30
11 30
12 48
46 43
20 44
20 22
48 23
12 25
46 23
19 13
36 40
44 37
40 38
18 37
37 45
49 19
47 19
22 28
23 41
34 32
28 35
16 30
40 31
27 23
15 25
38 17
35 28
18 35
33 41
47 30
24 48
10 25
17 32
12 14
18 47
47 38
32 23
38 40
35 49
38 39
39 21
49 31
32 10
37 18
41 44
10 40
17 39
34 30
20 45
28 20
27 28
45 28
15 20
12 36
47 43
32 39
# P_hat : m1 | m2
21.79 44.82
2.21 0.72
33.42 24.64
1.06 16.22
20.43 0.21
20.62 33.77
5.93 46.09
5.50 20.28
13.00 2.09
14.32 3.44
7.76 16.97
23.70 9.56
9.53 11.83
0.67 5.97
0.09 37.40
2.33 14.05
19.81 38.12
41.34 12.96
6.83 10.36
18.46 17.59
4.55 18.05
26.45 41.61
4.19 24.79
11.00 24.99
14.93 9.88
2.94 0.16
16.82 1.64
0.56 4.82
7.89 3.35
4.32 9.94
16.57 11.59
2.26 3.96
11.57 10.93
10.02 3.06
13.83 1.69
10.51 11.46
37.67 23.64
11.22 18.65
8.27 13.96
6.77 24.00
11.10 8.98
8.57 12.82
11.83 43.86
6.58 32.75
16.64 5.96
3.34 10.96
21.69 8.68
22.99 17.38
4.20 16.68
13.43 10.37
7.20 24.12
9.45 13.44
42.09 45.95
6.33 12.16
10.36 1.48
9.56 15.26
19.21 5.22
28.73 0.52
17.79 16.42
4.78 3.31
8.69 16.73
14.40 14.12
5.20 6.02
14.02 11.69
8.34 8.68
35.05 9.02
11.90 11.59
8.04 12.33
15.79 38.42
26.61 26.98
25.66 9.29
14.11 20.70
12.62 4.71
2.79 5.44
14.38 15.21
6.53 16.89
20.57 23.69
27.98 28.10
7.10 16.79
4.72 13.22
35.49 7.10
20.90 4.58
19.35 23.23
21.50 21.76
1.71 2.50
1.60 0.08
8.49 6.52
15.23 21.31
46.73 22.24
24.29 18.46
27.06 7.70
5.18 17.80
7.70 8.15
36.20 1.38
14.25 44.43
2.78 18.96
19.75 3.77
25.35 0.55
11.53 5.28
0.36 13.39
28.36 6.55
2.99 8.74
1.71 2.61
18.65 22.45
14.69 28.50
13.12 19.68
20.68 6.20
39.03 13.64
25.16 20.36
14.24 7.29
5.53 4.91
10.64 9.46
33.87 2.37
2.56 12.66
28.03 16.29
18.99 17.75
13.18 11.91
17.17 22.78
1.18 29.72
15.19 3.50
25.26 21.61
7.47 0.95
18.33 1.66
15.03 12.69
9.43 3.04
10.39 0.80
9.25 8.23
18.18 27.68
30.97 18.99
36.83 2.02
17.18 13.37
10.63 5.29
22.95 6.75
11.17 7.00
30.27 9.81
10.05 47.76
18.97 46.89
2.55 0.09
4.76 19.48
4.85 1.26
7.63 9.53
22.22 13.53
0.73 8.40
36.27 3.02
12.21 3.37
3.41 21.80
6.33 45.33
9.93 26.26
17.69 31.50
1.71 16.76
21.33 6.04
10.19 1.13
28.33 0.04
5.55 4.56
15.15 9.66
31.09 2.31
38.93 6.82
16.08 4.61
12.67 41.17
48.91 2.67
0.16 10.22
0.61 16.61
18.95 22.28
6.78 3.17
1.70 11.16
3.79 1.54
17.04 12.27
19.73 4.34
9.37 14.04
9.03 11.78
17.61 14.90
16.67 15.20
26.90 15.88
15.19 25.25
23.57 10.53
7.09 18.36
1.06 24.24
0.42 5.87
3.03 13.97
34.21 17.88
5.88 2.14
19.44 1.84
3.26 5.47
34.99 7.30
13.41 10.59
44.50 26.32
30.24 2.36
0.23 16.83
19.03 42.02
0.25 38.36
15.45 32.66
17.63 10.91
1.50 3.27
3.09 11.38
10.35 15.64
42.31 23.80
10.39 19.92
10.41 18.29
17.22 14.84
1.38 7.25
