# nJobs | nMachines
200 2
# Job Weights
78
81
7
53
33
79
53
60
93
45
36
16
24
15
42
69
76
17
12
69
47
43
68
80
65
64
42
75
83
84
48
38
87
99
55
88
4
68
7
64
83
9
75
69
26
44
74
98
88
53
26
34
85
34
83
81
41
38
60
21
31
57
23
36
87
69
51
19
78
38
65
41
60
75
44
29
54
26
97
10
74
22
38
21
4
58
90
16
17
44
55
49
27
22
63
65
30
54
14
49
16
93
95
57
42
26
36
58
63
25
19
7
56
2
56
80
48
45
4
39
15
49
43
13
68
46
61
6
35
53
38
72
80
54
37
30
21
88
19
46
11
84
81
14
12
16
56
24
76
68
11
43
26
92
70
6
99
49
35
5
56
31
11
88
60
75
10
94
73
52
20
47
80
3
60
5
98
80
14
54
47
21
50
12
91
29
25
52
86
83
6
56
16
31
57
68
73
19
47
78
# P_bar : m1 | m2
17 18
16 38
14 26
27 29
50 19
22 44
43 43
17 31
25 46
28 11
23 41
36 50
13 32
44 21
34 29
49 17
48 27
50 43
26 40
13 11
33 19
23 21
18 32
12 26
26 40
50 19
10 23
23 17
31 36
40 35
30 38
15 42
45 24
48 39
12 14
17 33
24 20
38 31
19 40
19 32
27 31
17 17
14 27
14 10
24 42
49 35
42 42
30 35
49 21
31 12
17 29
13 16
23 29
11 15
38 28
41 47
37 37
48 28
19 28
10 35
22 48
48 12
20 41
20 20
41 43
12 20
46 38
30 13
11 32
38 19
21 34
12 37
50 11
48 20
10 40
24 24
39 26
49 29
36 32
46 26
23 11
33 23
24 32
24 38
32 30
42 37
44 14
39 15
36 47
36 28
16 31
39 37
27 46
12 50
41 47
19 49
20 25
49 48
41 38
45 32
29 42
21 47
17 39
37 40
33 47
21 31
24 46
50 17
42 34
12 26
29 34
23 50
38 41
44 29
25 39
34 24
48 19
44 12
17 14
17 15
14 16
47 37
23 46
22 38
38 12
31 18
36 21
31 36
20 27
35 46
25 14
22 49
35 14
50 49
38 45
37 13
18 14
24 39
46 28
14 15
35 18
44 29
16 28
29 21
17 13
30 45
14 20
13 27
38 13
49 50
36 30
49 30
22 37
15 15
43 27
15 34
29 28
17 50
50 33
12 28
15 42
30 38
46 28
22 46
46 18
44 22
50 26
14 31
25 14
37 12
48 32
25 23
41 30
29 18
12 10
30 42
26 13
23 24
11 46
33 38
30 48
28 35
39 45
27 23
49 15
14 22
15 31
14 40
32 34
29 17
25 10
21 16
41 43
32 29
48 38
43 22
21 17
25 25
44 14
31 25
# P_hat : m1 | m2
8.50 9.00
8.00 19.00
7.00 13.00
13.50 14.50
25.00 9.50
11.00 22.00
21.50 21.50
8.50 15.50
12.50 23.00
14.00 5.50
11.50 20.50
18.00 25.00
6.50 16.00
22.00 10.50
17.00 14.50
24.50 8.50
24.00 13.50
25.00 21.50
13.00 20.00
6.50 5.50
16.50 9.50
11.50 10.50
9.00 16.00
6.00 13.00
13.00 20.00
25.00 9.50
5.00 11.50
11.50 8.50
15.50 18.00
20.00 17.50
15.00 19.00
7.50 21.00
22.50 12.00
24.00 19.50
6.00 7.00
8.50 16.50
12.00 10.00
19.00 15.50
9.50 20.00
9.50 16.00
13.50 15.50
8.50 8.50
7.00 13.50
7.00 5.00
12.00 21.00
24.50 17.50
21.00 21.00
15.00 17.50
24.50 10.50
15.50 6.00
8.50 14.50
6.50 8.00
11.50 14.50
5.50 7.50
19.00 14.00
20.50 23.50
18.50 18.50
24.00 14.00
9.50 14.00
5.00 17.50
11.00 24.00
24.00 6.00
10.00 20.50
10.00 10.00
20.50 21.50
6.00 10.00
23.00 19.00
15.00 6.50
5.50 16.00
19.00 9.50
10.50 17.00
6.00 18.50
25.00 5.50
24.00 10.00
5.00 20.00
12.00 12.00
19.50 13.00
24.50 14.50
18.00 16.00
23.00 13.00
11.50 5.50
16.50 11.50
12.00 16.00
12.00 19.00
16.00 15.00
21.00 18.50
22.00 7.00
19.50 7.50
18.00 23.50
18.00 14.00
8.00 15.50
19.50 18.50
13.50 23.00
6.00 25.00
20.50 23.50
9.50 24.50
10.00 12.50
24.50 24.00
20.50 19.00
22.50 16.00
14.50 21.00
10.50 23.50
8.50 19.50
18.50 20.00
16.50 23.50
10.50 15.50
12.00 23.00
25.00 8.50
21.00 17.00
6.00 13.00
14.50 17.00
11.50 25.00
19.00 20.50
22.00 14.50
12.50 19.50
17.00 12.00
24.00 9.50
22.00 6.00
8.50 7.00
8.50 7.50
7.00 8.00
23.50 18.50
11.50 23.00
11.00 19.00
19.00 6.00
15.50 9.00
18.00 10.50
15.50 18.00
10.00 13.50
17.50 23.00
12.50 7.00
11.00 24.50
17.50 7.00
25.00 24.50
19.00 22.50
18.50 6.50
9.00 7.00
12.00 19.50
23.00 14.00
7.00 7.50
17.50 9.00
22.00 14.50
8.00 14.00
14.50 10.50
8.50 6.50
15.00 22.50
7.00 10.00
6.50 13.50
19.00 6.50
24.50 25.00
18.00 15.00
24.50 15.00
11.00 18.50
7.50 7.50
21.50 13.50
7.50 17.00
14.50 14.00
8.50 25.00
25.00 16.50
6.00 14.00
7.50 21.00
15.00 19.00
23.00 14.00
11.00 23.00
23.00 9.00
22.00 11.00
25.00 13.00
7.00 15.50
12.50 7.00
18.50 6.00
24.00 16.00
12.50 11.50
20.50 15.00
14.50 9.00
6.00 5.00
15.00 21.00
13.00 6.50
11.50 12.00
5.50 23.00
16.50 19.00
15.00 24.00
14.00 17.50
19.50 22.50
13.50 11.50
24.50 7.50
7.00 11.00
7.50 15.50
7.00 20.00
16.00 17.00
14.50 8.50
12.50 5.00
10.50 8.00
20.50 21.50
16.00 14.50
24.00 19.00
21.50 11.00
10.50 8.50
12.50 12.50
22.00 7.00
15.50 12.50
