# nJobs | nMachines
200 2
# Job Weights
92
76
14
63
80
26
78
99
52
12
45
34
42
81
41
11
63
37
92
38
15
84
64
3
15
71
46
52
65
12
89
27
10
12
76
14
96
71
40
94
31
34
31
40
95
97
89
55
99
56
18
49
26
88
2
31
5
18
39
97
85
88
84
34
73
55
12
77
16
81
81
30
1
77
65
51
71
63
64
6
54
42
60
56
85
71
28
61
25
68
41
88
61
36
76
40
47
38
2
88
43
16
78
9
7
22
41
84
80
93
87
3
87
6
84
43
64
55
97
34
15
20
80
30
11
2
10
86
66
48
29
67
76
56
87
87
44
44
61
65
70
96
17
38
99
57
37
32
33
45
54
39
57
21
29
18
17
38
68
41
78
37
43
97
30
17
4
72
80
22
74
11
31
41
10
64
60
8
7
3
32
60
8
68
12
10
2
28
18
40
10
35
38
74
58
66
74
81
10
51
# P_bar : m1 | m2
14 45
25 22
22 45
45 27
24 21
36 37
10 39
15 29
32 23
29 23
10 45
21 26
32 19
12 35
26 20
22 18
26 42
18 17
23 11
32 12
20 31
21 12
49 20
13 47
32 24
19 44
38 24
26 40
17 41
35 14
29 23
49 31
48 44
12 37
19 28
20 32
47 42
29 26
24 31
30 40
17 49
38 35
29 49
48 23
33 45
12 17
16 20
49 17
24 24
19 19
49 25
24 47
27 43
11 26
22 29
48 27
25 40
31 46
44 27
50 19
34 12
13 47
35 45
10 19
43 11
41 47
32 50
34 24
31 43
34 28
49 45
22 33
30 33
17 34
24 26
44 40
39 20
19 49
50 47
16 45
12 12
31 28
11 26
47 19
25 28
34 32
31 26
41 48
34 43
46 21
32 27
14 20
48 40
43 38
29 11
39 25
22 47
14 20
31 34
32 50
40 38
18 25
18 38
40 28
14 19
36 15
11 49
38 26
40 21
46 15
23 41
20 22
22 34
48 23
14 30
12 24
47 50
25 21
19 18
50 15
14 48
20 12
28 24
41 45
16 49
22 48
42 35
35 21
25 27
17 27
49 46
19 14
38 16
47 19
47 27
29 21
16 32
22 33
28 45
40 33
42 25
40 25
17 48
10 14
24 18
43 45
20 31
16 18
26 28
22 46
31 34
31 19
23 49
16 46
40 38
27 33
39 26
35 30
42 50
43 40
33 12
33 37
16 50
19 43
46 30
46 32
27 50
38 31
20 34
46 43
11 46
41 11
33 27
14 46
10 48
40 23
48 34
50 31
49 45
14 18
34 25
40 16
10 40
44 46
14 19
29 44
13 29
13 24
32 18
20 44
19 47
43 15
46 42
24 40
46 32
39 42
28 31
41 24
35 45
13 17
# P_hat : m1 | m2
7.91 53.34
57.09 82.57
16.30 147.37
50.16 106.23
21.00 21.81
26.33 143.52
33.03 67.27
17.14 40.31
118.67 4.63
112.51 4.85
22.85 124.56
12.01 47.62
47.94 17.22
38.29 85.96
38.21 20.23
7.66 41.59
57.91 60.35
60.85 56.00
73.23 36.11
22.42 22.91
53.82 43.50
18.52 17.40
42.77 64.46
45.45 61.70
31.96 20.07
20.01 14.91
0.10 44.80
90.55 77.14
53.90 137.91
87.83 12.39
87.03 35.05
29.80 100.24
88.00 144.96
16.86 56.92
7.13 51.42
38.89 38.82
173.10 156.67
4.65 12.34
27.98 115.78
24.90 109.42
16.19 104.19
138.08 4.57
54.30 93.22
89.53 37.51
100.40 29.02
7.42 44.64
31.18 77.69
84.28 38.23
57.30 68.62
75.97 5.20
150.81 41.77
38.20 21.88
89.38 105.40
7.51 97.60
2.68 76.77
39.25 8.29
34.04 56.75
63.31 101.32
108.26 43.55
182.12 63.36
69.34 39.10
26.07 115.02
7.03 67.22
1.40 19.41
94.80 4.66
71.86 66.72
107.42 82.63
21.85 64.88
3.10 113.20
61.07 7.85
46.55 71.15
4.37 23.99
86.95 20.70
7.59 112.51
58.40 4.36
49.46 67.07
27.07 13.46
28.86 172.35
160.29 104.72
25.09 41.65
36.04 24.12
15.56 81.93
34.00 99.64
44.54 16.75
67.74 99.25
76.95 119.59
115.21 95.31
63.52 122.00
9.00 108.33
3.52 33.87
105.84 81.26
29.39 42.50
148.85 108.39
40.32 65.13
40.03 32.19
4.70 82.45
84.61 27.53
37.40 66.63
115.72 73.48
33.98 168.93
97.83 65.56
48.85 37.90
22.86 139.09
135.70 28.13
53.04 64.16
127.42 29.04
32.52 100.76
42.17 32.08
45.06 48.14
177.26 19.51
0.95 6.44
57.28 23.94
62.15 0.87
119.56 90.01
55.45 115.89
14.97 37.93
63.91 145.67
7.89 29.05
33.65 48.32
52.21 48.33
19.23 181.78
66.77 19.21
104.77 75.20
30.46 47.87
23.84 194.11
81.72 4.95
10.38 84.49
12.93 55.40
16.28 74.31
40.47 13.00
29.49 172.69
73.57 10.15
67.90 39.86
94.29 16.92
46.37 33.18
54.63 45.90
42.36 53.40
66.10 21.15
84.43 30.77
92.46 55.20
151.93 75.73
130.79 89.80
51.48 16.15
2.22 22.01
0.66 7.22
36.54 2.99
53.08 82.05
26.32 43.38
41.85 18.26
77.84 43.02
111.05 3.22
112.74 63.46
28.88 191.04
44.23 24.92
43.46 35.18
20.59 114.63
28.80 96.35
47.90 50.36
72.23 10.12
142.92 6.30
15.83 27.55
97.01 58.15
34.01 5.73
21.88 100.32
90.68 1.36
55.19 100.78
64.38 61.29
65.94 4.99
13.15 80.02
21.45 68.40
24.05 179.18
148.00 23.94
45.40 29.73
41.05 130.54
26.35 52.13
149.05 83.19
157.63 50.96
113.32 68.18
128.78 9.10
50.31 30.68
54.33 83.24
52.29 51.56
0.43 35.89
145.47 41.60
44.85 62.12
12.12 163.75
30.00 11.06
24.13 43.21
15.19 24.30
78.45 153.24
16.32 15.70
11.56 12.67
109.45 126.41
70.93 8.21
5.97 63.04
102.76 74.27
59.62 41.47
16.94 37.88
24.15 95.39
29.53 10.97
