# nJobs | nMachines
200 2
# Job Weights
79
43
100
88
26
75
7
74
57
86
64
30
90
22
8
12
7
22
50
24
47
100
60
52
18
63
55
68
14
4
98
59
26
87
44
48
24
7
91
83
5
72
19
39
53
2
79
46
30
72
70
50
3
9
45
80
11
76
22
63
69
46
10
38
92
34
2
41
84
57
23
36
52
37
28
65
71
77
17
61
64
91
52
97
9
85
34
5
77
69
94
16
24
56
32
52
81
18
70
21
31
66
59
60
28
88
67
96
67
85
3
59
64
36
85
3
60
14
19
28
52
1
50
52
33
12
5
10
77
12
35
30
91
4
27
27
64
43
77
86
81
80
19
4
21
25
5
52
57
88
59
60
40
73
84
3
68
35
31
27
4
58
51
32
75
97
22
9
34
70
63
75
93
58
20
84
82
55
66
78
16
100
40
58
87
44
20
65
88
1
100
92
79
16
41
92
72
89
85
3
# P_bar : m1 | m2
33 10
34 16
38 22
49 12
23 45
41 22
44 45
21 33
24 10
42 22
21 26
21 17
46 42
35 27
41 23
44 25
44 33
40 33
36 17
20 42
14 10
19 45
22 39
38 20
43 13
15 44
29 37
21 16
47 29
39 20
45 49
43 36
39 45
15 31
43 43
14 26
38 34
50 43
13 21
47 47
23 16
12 37
42 30
30 34
11 20
22 28
27 32
50 24
27 23
45 16
13 43
47 45
24 10
14 10
40 20
11 28
26 46
49 40
37 50
11 32
24 17
25 20
50 39
34 48
43 41
40 20
24 38
27 23
46 10
31 13
41 19
28 47
15 20
14 36
30 12
17 21
27 41
40 33
13 13
17 11
19 25
24 19
33 45
33 14
38 44
45 18
42 41
44 32
14 39
29 36
41 35
34 15
25 46
47 48
23 14
33 28
31 42
13 17
38 38
37 35
35 11
36 22
24 22
17 38
31 11
44 38
49 28
17 37
44 45
21 33
24 16
45 15
15 11
15 45
41 25
18 30
14 36
13 45
16 15
39 45
10 30
40 23
34 18
14 32
10 26
49 23
41 31
27 17
50 31
27 38
42 12
13 31
13 13
17 15
44 32
48 42
41 38
31 42
18 31
45 36
34 35
45 39
22 27
49 45
31 16
37 39
44 43
23 35
11 15
40 47
13 36
38 20
32 39
23 50
26 46
17 47
45 10
37 49
37 48
25 33
42 14
27 37
10 33
26 44
50 11
24 40
37 31
10 22
35 50
11 28
42 38
13 33
32 31
45 45
33 13
47 47
22 13
49 46
28 18
48 27
28 26
25 41
22 14
23 11
41 24
24 25
10 20
47 47
50 29
38 47
44 42
13 34
15 14
24 27
22 28
46 42
30 22
49 44
44 21
19 43
# P_hat : m1 | m2
4.09 3.94
2.40 7.57
34.56 18.80
9.32 4.08
18.89 39.13
22.33 1.94
3.43 34.96
20.06 27.97
5.93 1.82
36.11 9.47
3.55 4.30
17.93 12.01
0.61 22.48
17.91 17.15
31.55 4.52
41.13 5.29
40.00 1.37
32.78 10.63
31.97 9.52
3.98 36.03
3.98 6.67
5.49 19.59
8.30 37.17
14.95 14.38
23.42 12.09
2.40 23.21
20.05 9.58
3.52 0.85
14.58 21.06
19.63 2.43
35.84 14.84
31.80 19.17
25.18 25.40
2.34 18.62
23.52 7.15
1.22 9.87
14.34 20.98
20.68 41.70
0.52 15.28
12.88 43.36
21.98 12.20
11.44 21.89
14.80 5.76
1.29 22.67
1.97 12.47
8.63 16.87
25.59 15.67
7.06 12.69
20.61 7.69
4.89 8.31
12.76 8.49
17.94 36.23
18.61 1.86
4.80 0.85
25.11 8.72
2.11 18.43
3.80 20.13
45.97 11.07
33.95 27.91
9.76 11.10
15.01 15.86
20.21 18.45
3.45 19.59
11.38 15.74
13.49 30.22
25.43 0.73
8.54 18.04
4.01 7.74
27.44 9.21
25.25 0.16
15.67 10.50
3.70 34.81
2.95 9.70
3.32 3.07
9.00 11.67
10.93 10.88
16.23 25.18
27.84 7.81
4.71 6.29
14.01 4.72
3.88 1.87
11.26 2.02
26.43 37.69
5.95 3.36
4.17 8.58
39.77 9.09
14.40 31.52
30.09 1.98
0.35 22.50
20.01 4.29
12.96 1.28
1.90 0.79
15.25 38.37
11.32 5.66
8.90 0.63
2.66 12.26
4.56 35.45
3.87 4.46
3.41 16.03
33.70 1.40
0.21 4.94
17.42 12.71
2.96 12.56
5.23 12.63
28.71 3.47
7.11 4.05
47.33 10.27
3.50 3.68
32.63 34.50
11.48 31.89
21.23 15.52
24.93 12.98
8.02 6.61
2.93 31.54
6.82 7.13
16.50 18.92
4.59 16.40
4.84 21.69
12.16 11.37
13.21 12.69
9.52 9.54
29.52 21.27
20.31 1.01
12.33 15.54
0.50 23.73
12.60 14.04
19.07 16.94
6.13 4.25
37.20 10.64
24.82 32.38
17.80 6.71
4.45 15.96
12.50 1.29
7.56 0.24
21.52 30.84
16.88 15.83
37.29 22.92
17.64 3.35
13.72 21.18
36.53 33.57
11.62 20.15
19.52 4.92
18.67 15.71
17.80 34.49
24.61 6.50
34.82 34.31
27.42 27.89
17.06 31.47
8.86 9.35
33.80 6.17
5.14 11.15
1.95 4.04
12.86 35.44
15.50 38.02
11.71 31.11
12.73 14.15
16.06 1.84
23.49 37.07
6.90 22.76
18.73 7.45
22.92 8.63
5.51 1.49
2.92 10.76
19.46 20.62
24.13 1.63
5.18 39.39
35.79 6.48
7.15 2.87
33.50 10.18
4.70 21.53
19.95 16.17
11.67 18.66
16.80 0.65
31.83 1.55
8.32 5.80
21.00 38.38
2.72 11.51
10.09 3.99
0.03 9.69
1.88 24.66
27.36 10.09
6.06 34.01
14.59 1.87
19.30 10.29
22.58 18.03
3.68 23.53
7.28 13.53
28.21 17.08
36.56 27.21
29.25 12.95
42.92 13.95
7.46 23.83
5.12 10.71
15.56 25.09
1.51 5.73
41.28 33.52
3.58 16.25
16.06 2.81
35.89 8.13
11.35 12.16
