# nJobs | nMachines
20 5
# Job Weights
66
54
18
2
38
59
57
25
93
64
28
45
64
98
10
44
92
22
45
25
# P_bar : m1 | m2 | m3 | m4 | m5
26 59 78 88 69
38 62 90 54 30
27 44 64 47 61
88 10 49 83 35
95 23 47 84 53
55 64 20 9 98
54 47 61 30 94
63 68 93 11 33
23 54 36 92 77
45 9 47 63 31
86 30 70 62 54
43 31 54 75 71
43 92 87 48 78
40 7 13 23 9
37 14 40 85 79
54 95 34 23 51
35 76 55 4 76
59 82 13 31 56
43 91 11 13 80
50 37 5 98 72
# P_hat : m1 | m2 | m3 | m4 | m5
13.00 29.50 39.00 44.00 34.50
19.00 31.00 45.00 27.00 15.00
13.50 22.00 32.00 23.50 30.50
44.00 5.00 24.50 41.50 17.50
47.50 11.50 23.50 42.00 26.50
27.50 32.00 10.00 4.50 49.00
27.00 23.50 30.50 15.00 47.00
31.50 34.00 46.50 5.50 16.50
11.50 27.00 18.00 46.00 38.50
22.50 4.50 23.50 31.50 15.50
43.00 15.00 35.00 31.00 27.00
21.50 15.50 27.00 37.50 35.50
21.50 46.00 43.50 24.00 39.00
20.00 3.50 6.50 11.50 4.50
18.50 7.00 20.00 42.50 39.50
27.00 47.50 17.00 11.50 25.50
17.50 38.00 27.50 2.00 38.00
29.50 41.00 6.50 15.50 28.00
21.50 45.50 5.50 6.50 40.00
25.00 18.50 2.50 49.00 36.00
