# nJobs | nMachines
20 5
# Job Weights
20
45
55
36
48
48
36
90
90
48
6
65
91
26
37
28
4
84
14
23
# P_bar : m1 | m2 | m3 | m4 | m5
77 39 14 11 83
94 31 21 2 13
9 46 15 36 84
57 18 10 30 46
29 93 85 89 20
79 58 46 10 33
55 85 42 88 74
73 58 18 22 42
65 97 36 31 33
86 10 2 9 71
25 79 44 43 32
39 93 89 91 48
76 2 6 26 42
24 87 3 3 99
38 17 1 75 7
5 18 43 99 54
91 10 81 63 8
29 50 57 83 73
22 8 76 70 30
27 26 59 84 75
# P_hat : m1 | m2 | m3 | m4 | m5
7.70 3.90 1.40 1.10 8.30
9.40 3.10 2.10 0.20 1.30
0.90 4.60 1.50 3.60 8.40
5.70 1.80 1.00 3.00 4.60
2.90 9.30 8.50 8.90 2.00
7.90 5.80 4.60 1.00 3.30
5.50 8.50 4.20 8.80 7.40
7.30 5.80 1.80 2.20 4.20
6.50 9.70 3.60 3.10 3.30
8.60 1.00 0.20 0.90 7.10
2.50 7.90 4.40 4.30 3.20
3.90 9.30 8.90 9.10 4.80
7.60 0.20 0.60 2.60 4.20
2.40 8.70 0.30 0.30 9.90
3.80 1.70 0.10 7.50 0.70
0.50 1.80 4.30 9.90 5.40
9.10 1.00 8.10 6.30 0.80
2.90 5.00 5.70 8.30 7.30
2.20 0.80 7.60 7.00 3.00
2.70 2.60 5.90 8.40 7.50
