# nJobs | nMachines
20 5
# Job Weights
4
26
11
2
71
31
53
6
20
100
88
67
70
83
3
20
87
48
50
70
# P_bar : m1 | m2 | m3 | m4 | m5
61 27 42 13 55
86 92 93 47 48
16 8 32 6 56
42 65 30 70 84
14 34 16 19 22
92 6 95 97 51
67 42 58 41 43
77 39 12 1 50
46 2 95 57 62
41 7 21 60 61
78 85 74 62 10
3 32 38 14 87
72 14 4 90 99
95 74 31 76 40
53 59 62 12 91
59 95 39 89 64
34 48 97 37 62
66 37 57 35 53
42 59 9 91 33
63 4 54 69 16
# P_hat : m1 | m2 | m3 | m4 | m5
6.10 2.70 4.20 1.30 5.50
8.60 9.20 9.30 4.70 4.80
1.60 0.80 3.20 0.60 5.60
4.20 6.50 3.00 7.00 8.40
1.40 3.40 1.60 1.90 2.20
9.20 0.60 9.50 9.70 5.10
6.70 4.20 5.80 4.10 4.30
7.70 3.90 1.20 0.10 5.00
4.60 0.20 9.50 5.70 6.20
4.10 0.70 2.10 6.00 6.10
7.80 8.50 7.40 6.20 1.00
0.30 3.20 3.80 1.40 8.70
7.20 1.40 0.40 9.00 9.90
9.50 7.40 3.10 7.60 4.00
5.30 5.90 6.20 1.20 9.10
5.90 9.50 3.90 8.90 6.40
3.40 4.80 9.70 3.70 6.20
6.60 3.70 5.70 3.50 5.30
4.20 5.90 0.90 9.10 3.30
6.30 0.40 5.40 6.90 1.60
