# nJobs | nMachines
20 5
# Job Weights
31
9
25
50
98
23
30
70
38
22
49
17
65
72
36
1
36
32
72
18
# P_bar : m1 | m2 | m3 | m4 | m5
15 28 77 1 45
64 4 36 59 73
64 43 57 95 59
48 93 15 49 63
9 1 81 90 54
91 81 82 78 98
27 77 98 3 39
34 69 97 69 75
42 52 12 99 33
3 28 35 41 8
11 28 84 73 86
54 77 70 28 41
27 42 27 99 41
30 53 37 13 22
9 46 59 59 43
15 49 42 47 34
88 15 57 8 80
55 43 16 92 16
50 65 11 87 37
57 41 34 62 94
# P_hat : m1 | m2 | m3 | m4 | m5
3.00 5.60 15.40 0.20 9.00
12.80 0.80 7.20 11.80 14.60
12.80 8.60 11.40 19.00 11.80
9.60 18.60 3.00 9.80 12.60
1.80 0.20 16.20 18.00 10.80
18.20 16.20 16.40 15.60 19.60
5.40 15.40 19.60 0.60 7.80
6.80 13.80 19.40 13.80 15.00
8.40 10.40 2.40 19.80 6.60
0.60 5.60 7.00 8.20 1.60
2.20 5.60 16.80 14.60 17.20
10.80 15.40 14.00 5.60 8.20
5.40 8.40 5.40 19.80 8.20
6.00 10.60 7.40 2.60 4.40
1.80 9.20 11.80 11.80 8.60
3.00 9.80 8.40 9.40 6.80
17.60 3.00 11.40 1.60 16.00
11.00 8.60 3.20 18.40 3.20
10.00 13.00 2.20 17.40 7.40
11.40 8.20 6.80 12.40 18.80
