# nJobs | nMachines
20 5
# Job Weights
20
45
55
36
48
48
36
90
90
48
6
65
91
26
37
28
4
84
14
23
# P_bar : m1 | m2 | m3 | m4 | m5
77 39 14 11 83
94 31 21 2 13
9 46 15 36 84
57 18 10 30 46
29 93 85 89 20
79 58 46 10 33
55 85 42 88 74
73 58 18 22 42
65 97 36 31 33
86 10 2 9 71
25 79 44 43 32
39 93 89 91 48
76 2 6 26 42
24 87 3 3 99
38 17 1 75 7
5 18 43 99 54
91 10 81 63 8
29 50 57 83 73
22 8 76 70 30
27 26 59 84 75
# P_hat : m1 | m2 | m3 | m4 | m5
38.50 19.50 7.00 5.50 41.50
47.00 15.50 10.50 1.00 6.50
4.50 23.00 7.50 18.00 42.00
28.50 9.00 5.00 15.00 23.00
14.50 46.50 42.50 44.50 10.00
39.50 29.00 23.00 5.00 16.50
27.50 42.50 21.00 44.00 37.00
36.50 29.00 9.00 11.00 21.00
32.50 48.50 18.00 15.50 16.50
43.00 5.00 1.00 4.50 35.50
12.50 39.50 22.00 21.50 16.00
19.50 46.50 44.50 45.50 24.00
38.00 1.00 3.00 13.00 21.00
12.00 43.50 1.50 1.50 49.50
19.00 8.50 0.50 37.50 3.50
2.50 9.00 21.50 49.50 27.00
45.50 5.00 40.50 31.50 4.00
14.50 25.00 28.50 41.50 36.50
11.00 4.00 38.00 35.00 15.00
13.50 13.00 29.50 42.00 37.50
