# nJobs | nMachines
20 5
# Job Weights
66
54
18
2
38
59
57
25
93
64
28
45
64
98
10
44
92
22
45
25
# P_bar : m1 | m2 | m3 | m4 | m5
26 59 78 88 69
38 62 90 54 30
27 44 64 47 61
88 10 49 83 35
95 23 47 84 53
55 64 20 9 98
54 47 61 30 94
63 68 93 11 33
23 54 36 92 77
45 9 47 63 31
86 30 70 62 54
43 31 54 75 71
43 92 87 48 78
40 7 13 23 9
37 14 40 85 79
54 95 34 23 51
35 76 55 4 76
59 82 13 31 56
43 91 11 13 80
50 37 5 98 72
# P_hat : m1 | m2 | m3 | m4 | m5
10.40 23.60 31.20 35.20 27.60
15.20 24.80 36.00 21.60 12.00
10.80 17.60 25.60 18.80 24.40
35.20 4.00 19.60 33.20 14.00
38.00 9.20 18.80 33.60 21.20
22.00 25.60 8.00 3.60 39.20
21.60 18.80 24.40 12.00 37.60
25.20 27.20 37.20 4.40 13.20
9.20 21.60 14.40 36.80 30.80
18.00 3.60 18.80 25.20 12.40
34.40 12.00 28.00 24.80 21.60
17.20 12.40 21.60 30.00 28.40
17.20 36.80 34.80 19.20 31.20
16.00 2.80 5.20 9.20 3.60
14.80 5.60 16.00 34.00 31.60
21.60 38.00 13.60 9.20 20.40
14.00 30.40 22.00 1.60 30.40
23.60 32.80 5.20 12.40 22.40
17.20 36.40 4.40 5.20 32.00
20.00 14.80 2.00 39.20 28.80
