# nJobs | nMachines
20 5
# Job Weights
31
9
25
50
98
23
30
70
38
22
49
17
65
72
36
1
36
32
72
18
# P_bar : m1 | m2 | m3 | m4 | m5
15 28 77 1 45
64 4 36 59 73
64 43 57 95 59
48 93 15 49 63
9 1 81 90 54
91 81 82 78 98
27 77 98 3 39
34 69 97 69 75
42 52 12 99 33
3 28 35 41 8
11 28 84 73 86
54 77 70 28 41
27 42 27 99 41
30 53 37 13 22
9 46 59 59 43
15 49 42 47 34
88 15 57 8 80
55 43 16 92 16
50 65 11 87 37
57 41 34 62 94
# P_hat : m1 | m2 | m3 | m4 | m5
6.00 11.20 30.80 0.40 18.00
25.60 1.60 14.40 23.60 29.20
25.60 17.20 22.80 38.00 23.60
19.20 37.20 6.00 19.60 25.20
3.60 0.40 32.40 36.00 21.60
36.40 32.40 32.80 31.20 39.20
10.80 30.80 39.20 1.20 15.60
13.60 27.60 38.80 27.60 30.00
16.80 20.80 4.80 39.60 13.20
1.20 11.20 14.00 16.40 3.20
4.40 11.20 33.60 29.20 34.40
21.60 30.80 28.00 11.20 16.40
10.80 16.80 10.80 39.60 16.40
12.00 21.20 14.80 5.20 8.80
3.60 18.40 23.60 23.60 17.20
6.00 19.60 16.80 18.80 13.60
35.20 6.00 22.80 3.20 32.00
22.00 17.20 6.40 36.80 6.40
20.00 26.00 4.40 34.80 14.80
22.80 16.40 13.60 24.80 37.60
