# nJobs | nMachines
20 5
# Job Weights
4
26
11
2
71
31
53
6
20
100
88
67
70
83
3
20
87
48
50
70
# P_bar : m1 | m2 | m3 | m4 | m5
61 27 42 13 55
86 92 93 47 48
16 8 32 6 56
42 65 30 70 84
14 34 16 19 22
92 6 95 97 51
67 42 58 41 43
77 39 12 1 50
46 2 95 57 62
41 7 21 60 61
78 85 74 62 10
3 32 38 14 87
72 14 4 90 99
95 74 31 76 40
53 59 62 12 91
59 95 39 89 64
34 48 97 37 62
66 37 57 35 53
42 59 9 91 33
63 4 54 69 16
# P_hat : m1 | m2 | m3 | m4 | m5
18.30 8.10 12.60 3.90 16.50
25.80 27.60 27.90 14.10 14.40
4.80 2.40 9.60 1.80 16.80
12.60 19.50 9.00 21.00 25.20
4.20 10.20 4.80 5.70 6.60
27.60 1.80 28.50 29.10 15.30
20.10 12.60 17.40 12.30 12.90
23.10 11.70 3.60 0.30 15.00
13.80 0.60 28.50 17.10 18.60
12.30 2.10 6.30 18.00 18.30
23.40 25.50 22.20 18.60 3.00
0.90 9.60 11.40 4.20 26.10
21.60 4.20 1.20 27.00 29.70
28.50 22.20 9.30 22.80 12.00
15.90 17.70 18.60 3.60 27.30
17.70 28.50 11.70 26.70 19.20
10.20 14.40 29.10 11.10 18.60
19.80 11.10 17.10 10.50 15.90
12.60 17.70 2.70 27.30 9.90
18.90 1.20 16.20 20.70 4.80
