# nJobs | nMachines
20 5
# Job Weights
6
41
31
53
90
66
58
73
14
97
90
38
14
54
62
70
42
88
24
11
# P_bar : m1 | m2 | m3 | m4 | m5
71 13 61 21 91
27 11 25 8 13
55 73 52 5 7
90 43 72 8 95
11 27 89 58 20
18 33 75 59 69
42 57 60 85 45
64 42 28 35 44
73 71 94 84 29
95 3 95 97 32
22 11 18 93 94
53 49 73 60 84
32 8 40 99 60
5 3 61 29 49
94 47 68 94 49
12 58 75 41 65
41 23 37 51 85
85 79 13 87 52
75 99 65 97 8
38 23 7 11 58
# P_hat : m1 | m2 | m3 | m4 | m5
21.30 3.90 18.30 6.30 27.30
8.10 3.30 7.50 2.40 3.90
16.50 21.90 15.60 1.50 2.10
27.00 12.90 21.60 2.40 28.50
3.30 8.10 26.70 17.40 6.00
5.40 9.90 22.50 17.70 20.70
12.60 17.10 18.00 25.50 13.50
19.20 12.60 8.40 10.50 13.20
21.90 21.30 28.20 25.20 8.70
28.50 0.90 28.50 29.10 9.60
6.60 3.30 5.40 27.90 28.20
15.90 14.70 21.90 18.00 25.20
9.60 2.40 12.00 29.70 18.00
1.50 0.90 18.30 8.70 14.70
28.20 14.10 20.40 28.20 14.70
3.60 17.40 22.50 12.30 19.50
12.30 6.90 11.10 15.30 25.50
25.50 23.70 3.90 26.10 15.60
22.50 29.70 19.50 29.10 2.40
11.40 6.90 2.10 3.30 17.40
