# nJobs | nMachines
20 5
# Job Weights
40
61
100
42
70
23
72
54
94
86
52
42
8
93
10
1
72
97
64
24
# P_bar : m1 | m2 | m3 | m4 | m5
27 79 22 93 38
92 23 93 22 84
75 66 62 64 62
94 5 53 81 10
18 15 30 94 11
41 51 34 97 93
37 2 27 54 57
58 81 30 82 81
56 12 54 11 10
20 40 77 91 40
2 59 24 23 62
39 32 47 32 49
91 16 39 26 90
81 87 66 22 34
33 78 41 12 11
14 41 46 23 81
88 43 24 34 51
22 94 23 87 21
36 1 68 59 39
65 93 50 2 27
# P_hat : m1 | m2 | m3 | m4 | m5
13.50 39.50 11.00 46.50 19.00
46.00 11.50 46.50 11.00 42.00
37.50 33.00 31.00 32.00 31.00
47.00 2.50 26.50 40.50 5.00
9.00 7.50 15.00 47.00 5.50
20.50 25.50 17.00 48.50 46.50
18.50 1.00 13.50 27.00 28.50
29.00 40.50 15.00 41.00 40.50
28.00 6.00 27.00 5.50 5.00
10.00 20.00 38.50 45.50 20.00
1.00 29.50 12.00 11.50 31.00
19.50 16.00 23.50 16.00 24.50
45.50 8.00 19.50 13.00 45.00
40.50 43.50 33.00 11.00 17.00
16.50 39.00 20.50 6.00 5.50
7.00 20.50 23.00 11.50 40.50
44.00 21.50 12.00 17.00 25.50
11.00 47.00 11.50 43.50 10.50
18.00 0.50 34.00 29.50 19.50
32.50 46.50 25.00 1.00 13.50
