# nJobs | nMachines
20 10
# Job Weights
93
90
95
99
9
16
93
41
36
88
20
21
77
84
44
91
22
29
72
51
# P_bar : m1 | m2 | m3 | m4 | m5 | m6 | m7 | m8 | m9 | m10
9 91 96 73 37 28 32 27 4 83
19 54 78 88 94 58 18 63 67 4
86 71 7 17 51 52 3 59 77 50
38 36 72 24 1 11 60 76 24 74
71 13 80 53 9 21 34 97 68 14
82 44 38 86 16 97 69 85 37 8
12 27 17 10 89 49 47 57 28 67
20 23 98 30 2 55 95 49 65 18
37 95 88 71 80 16 92 60 93 60
22 15 78 5 38 4 70 30 68 3
97 25 80 11 94 82 71 70 18 43
85 88 54 97 93 60 73 1 6 31
93 46 73 10 89 5 58 23 49 59
33 5 83 84 95 52 17 18 67 69
69 38 15 58 95 42 26 42 93 13
70 74 5 47 63 61 39 96 3 46
29 21 27 69 17 87 60 2 10 53
48 36 20 80 98 89 72 52 80 27
28 21 75 49 2 76 93 49 44 28
76 4 24 74 19 46 27 82 26 63
# P_hat : m1 | m2 | m3 | m4 | m5 | m6 | m7 | m8 | m9 | m10
3.60 36.40 38.40 29.20 14.80 11.20 12.80 10.80 1.60 33.20
7.60 21.60 31.20 35.20 37.60 23.20 7.20 25.20 26.80 1.60
34.40 28.40 2.80 6.80 20.40 20.80 1.20 23.60 30.80 20.00
15.20 14.40 28.80 9.60 0.40 4.40 24.00 30.40 9.60 29.60
28.40 5.20 32.00 21.20 3.60 8.40 13.60 38.80 27.20 5.60
32.80 17.60 15.20 34.40 6.40 38.80 27.60 34.00 14.80 3.20
4.80 10.80 6.80 4.00 35.60 19.60 18.80 22.80 11.20 26.80
8.00 9.20 39.20 12.00 0.80 22.00 38.00 19.60 26.00 7.20
14.80 38.00 35.20 28.40 32.00 6.40 36.80 24.00 37.20 24.00
8.80 6.00 31.20 2.00 15.20 1.60 28.00 12.00 27.20 1.20
38.80 10.00 32.00 4.40 37.60 32.80 28.40 28.00 7.20 17.20
34.00 35.20 21.60 38.80 37.20 24.00 29.20 0.40 2.40 12.40
37.20 18.40 29.20 4.00 35.60 2.00 23.20 9.20 19.60 23.60
13.20 2.00 33.20 33.60 38.00 20.80 6.80 7.20 26.80 27.60
27.60 15.20 6.00 23.20 38.00 16.80 10.40 16.80 37.20 5.20
28.00 29.60 2.00 18.80 25.20 24.40 15.60 38.40 1.20 18.40
11.60 8.40 10.80 27.60 6.80 34.80 24.00 0.80 4.00 21.20
19.20 14.40 8.00 32.00 39.20 35.60 28.80 20.80 32.00 10.80
11.20 8.40 30.00 19.60 0.80 30.40 37.20 19.60 17.60 11.20
30.40 1.60 9.60 29.60 7.60 18.40 10.80 32.80 10.40 25.20
