# nJobs | nMachines
20 10
# Job Weights
91
4
55
48
74
82
6
13
63
83
96
46
55
93
83
80
92
53
11
67
# P_bar : m1 | m2 | m3 | m4 | m5 | m6 | m7 | m8 | m9 | m10
94 3 39 1 63 86 44 19 55 67
43 18 23 92 96 36 25 82 46 66
6 43 28 83 50 19 85 12 68 66
47 41 31 43 12 71 86 70 15 32
45 83 86 3 15 8 73 6 55 8
51 62 19 3 11 77 58 64 74 30
73 27 85 51 33 8 95 3 42 92
49 75 90 5 7 6 13 4 40 40
31 52 77 38 4 40 50 29 88 13
58 58 4 37 58 39 39 43 68 79
19 18 85 44 27 24 24 40 67 19
36 1 81 66 7 82 55 77 67 29
54 61 9 31 7 69 58 88 8 27
75 67 52 8 54 82 79 74 13 18
7 55 67 79 31 39 42 13 74 42
5 72 77 42 94 52 98 13 47 86
82 16 45 85 25 85 44 17 3 30
20 12 7 92 8 48 16 45 95 41
31 87 21 89 61 22 13 2 36 27
32 21 26 29 51 57 74 22 46 50
# P_hat : m1 | m2 | m3 | m4 | m5 | m6 | m7 | m8 | m9 | m10
37.60 1.20 15.60 0.40 25.20 34.40 17.60 7.60 22.00 26.80
17.20 7.20 9.20 36.80 38.40 14.40 10.00 32.80 18.40 26.40
2.40 17.20 11.20 33.20 20.00 7.60 34.00 4.80 27.20 26.40
18.80 16.40 12.40 17.20 4.80 28.40 34.40 28.00 6.00 12.80
18.00 33.20 34.40 1.20 6.00 3.20 29.20 2.40 22.00 3.20
20.40 24.80 7.60 1.20 4.40 30.80 23.20 25.60 29.60 12.00
29.20 10.80 34.00 20.40 13.20 3.20 38.00 1.20 16.80 36.80
19.60 30.00 36.00 2.00 2.80 2.40 5.20 1.60 16.00 16.00
12.40 20.80 30.80 15.20 1.60 16.00 20.00 11.60 35.20 5.20
23.20 23.20 1.60 14.80 23.20 15.60 15.60 17.20 27.20 31.60
7.60 7.20 34.00 17.60 10.80 9.60 9.60 16.00 26.80 7.60
14.40 0.40 32.40 26.40 2.80 32.80 22.00 30.80 26.80 11.60
21.60 24.40 3.60 12.40 2.80 27.60 23.20 35.20 3.20 10.80
30.00 26.80 20.80 3.20 21.60 32.80 31.60 29.60 5.20 7.20
2.80 22.00 26.80 31.60 12.40 15.60 16.80 5.20 29.60 16.80
2.00 28.80 30.80 16.80 37.60 20.80 39.20 5.20 18.80 34.40
32.80 6.40 18.00 34.00 10.00 34.00 17.60 6.80 1.20 12.00
8.00 4.80 2.80 36.80 3.20 19.20 6.40 18.00 38.00 16.40
12.40 34.80 8.40 35.60 24.40 8.80 5.20 0.80 14.40 10.80
12.80 8.40 10.40 11.60 20.40 22.80 29.60 8.80 18.40 20.00
