# nJobs | nMachines
20 10
# Job Weights
47
63
74
17
44
7
25
87
24
30
46
84
73
48
47
77
43
78
84
84
# P_bar : m1 | m2 | m3 | m4 | m5 | m6 | m7 | m8 | m9 | m10
74 70 84 63 72 78 33 87 3 28
26 92 20 61 91 58 70 20 86 36
84 36 64 46 21 53 10 71 3 39
41 70 44 6 70 17 45 95 89 63
3 37 69 83 12 36 70 71 57 66
46 36 63 49 67 3 2 99 27 44
39 42 94 78 65 83 92 79 28 18
90 34 86 84 90 91 50 19 88 67
62 29 66 97 47 73 54 41 48 17
63 80 97 56 82 81 64 74 26 84
74 91 25 76 62 74 44 8 58 9
4 56 90 9 3 2 4 55 6 33
37 71 12 38 84 31 99 87 33 80
75 14 62 21 30 37 43 87 3 27
72 31 83 80 91 78 43 37 25 42
30 75 32 47 5 74 11 52 61 60
43 80 12 24 11 51 60 36 93 96
95 73 38 95 41 41 53 6 69 81
41 32 22 80 14 78 45 42 53 31
97 56 92 65 28 26 63 30 47 88
# P_hat : m1 | m2 | m3 | m4 | m5 | m6 | m7 | m8 | m9 | m10
29.60 28.00 33.60 25.20 28.80 31.20 13.20 34.80 1.20 11.20
10.40 36.80 8.00 24.40 36.40 23.20 28.00 8.00 34.40 14.40
33.60 14.40 25.60 18.40 8.40 21.20 4.00 28.40 1.20 15.60
16.40 28.00 17.60 2.40 28.00 6.80 18.00 38.00 35.60 25.20
1.20 14.80 27.60 33.20 4.80 14.40 28.00 28.40 22.80 26.40
18.40 14.40 25.20 19.60 26.80 1.20 0.80 39.60 10.80 17.60
15.60 16.80 37.60 31.20 26.00 33.20 36.80 31.60 11.20 7.20
36.00 13.60 34.40 33.60 36.00 36.40 20.00 7.60 35.20 26.80
24.80 11.60 26.40 38.80 18.80 29.20 21.60 16.40 19.20 6.80
25.20 32.00 38.80 22.40 32.80 32.40 25.60 29.60 10.40 33.60
29.60 36.40 10.00 30.40 24.80 29.60 17.60 3.20 23.20 3.60
1.60 22.40 36.00 3.60 1.20 0.80 1.60 22.00 2.40 13.20
14.80 28.40 4.80 15.20 33.60 12.40 39.60 34.80 13.20 32.00
30.00 5.60 24.80 8.40 12.00 14.80 17.20 34.80 1.20 10.80
28.80 12.40 33.20 32.00 36.40 31.20 17.20 14.80 10.00 16.80
12.00 30.00 12.80 18.80 2.00 29.60 4.40 20.80 24.40 24.00
17.20 32.00 4.80 9.60 4.40 20.40 24.00 14.40 37.20 38.40
38.00 29.20 15.20 38.00 16.40 16.40 21.20 2.40 27.60 32.40
16.40 12.80 8.80 32.00 5.60 31.20 18.00 16.80 21.20 12.40
38.80 22.40 36.80 26.00 11.20 10.40 25.20 12.00 18.80 35.20
