# nJobs | nMachines
20 10
# Job Weights
7
27
50
89
52
56
70
3
47
90
1
75
69
89
26
50
18
100
67
43
# P_bar : m1 | m2 | m3 | m4 | m5 | m6 | m7 | m8 | m9 | m10
47 80 51 63 60 70 39 33 5 9
77 46 79 22 20 96 75 1 37 14
66 37 35 47 13 56 66 59 72 37
13 86 63 46 64 22 89 85 6 54
77 85 18 72 67 44 56 1 90 14
20 67 67 16 25 83 42 85 71 53
29 22 73 35 39 66 90 65 47 27
11 67 2 2 40 56 77 47 60 64
85 20 23 22 72 27 76 13 93 25
98 1 59 50 28 52 43 12 17 79
36 39 46 58 36 46 14 23 65 30
92 25 12 46 60 83 3 21 12 33
99 1 17 19 2 76 57 89 97 5
65 41 87 82 8 25 98 51 29 96
34 74 35 69 33 28 47 34 41 1
35 39 27 14 85 26 35 62 3 51
42 2 71 94 51 98 58 6 46 42
28 20 11 39 6 64 6 22 33 78
28 3 97 62 5 66 95 75 55 70
5 29 83 27 72 15 9 22 10 91
# P_hat : m1 | m2 | m3 | m4 | m5 | m6 | m7 | m8 | m9 | m10
18.80 32.00 20.40 25.20 24.00 28.00 15.60 13.20 2.00 3.60
30.80 18.40 31.60 8.80 8.00 38.40 30.00 0.40 14.80 5.60
26.40 14.80 14.00 18.80 5.20 22.40 26.40 23.60 28.80 14.80
5.20 34.40 25.20 18.40 25.60 8.80 35.60 34.00 2.40 21.60
30.80 34.00 7.20 28.80 26.80 17.60 22.40 0.40 36.00 5.60
8.00 26.80 26.80 6.40 10.00 33.20 16.80 34.00 28.40 21.20
11.60 8.80 29.20 14.00 15.60 26.40 36.00 26.00 18.80 10.80
4.40 26.80 0.80 0.80 16.00 22.40 30.80 18.80 24.00 25.60
34.00 8.00 9.20 8.80 28.80 10.80 30.40 5.20 37.20 10.00
39.20 0.40 23.60 20.00 11.20 20.80 17.20 4.80 6.80 31.60
14.40 15.60 18.40 23.20 14.40 18.40 5.60 9.20 26.00 12.00
36.80 10.00 4.80 18.40 24.00 33.20 1.20 8.40 4.80 13.20
39.60 0.40 6.80 7.60 0.80 30.40 22.80 35.60 38.80 2.00
26.00 16.40 34.80 32.80 3.20 10.00 39.20 20.40 11.60 38.40
13.60 29.60 14.00 27.60 13.20 11.20 18.80 13.60 16.40 0.40
14.00 15.60 10.80 5.60 34.00 10.40 14.00 24.80 1.20 20.40
16.80 0.80 28.40 37.60 20.40 39.20 23.20 2.40 18.40 16.80
11.20 8.00 4.40 15.60 2.40 25.60 2.40 8.80 13.20 31.20
11.20 1.20 38.80 24.80 2.00 26.40 38.00 30.00 22.00 28.00
2.00 11.60 33.20 10.80 28.80 6.00 3.60 8.80 4.00 36.40
