# nJobs | nMachines
20 10
# Job Weights
81
27
43
76
66
7
59
82
14
53
40
30
28
55
34
54
29
82
100
72
# P_bar : m1 | m2 | m3 | m4 | m5 | m6 | m7 | m8 | m9 | m10
80 59 59 31 30 53 93 90 65 64
13 83 70 64 88 19 79 92 97 38
64 85 76 11 14 99 88 35 27 44
77 85 10 9 22 62 77 13 25 46
17 70 65 32 93 88 94 75 61 66
78 35 19 58 48 93 39 55 24 31
82 2 77 98 10 34 74 80 97 48
4 76 86 95 7 72 46 67 61 27
72 46 21 25 14 42 17 3 75 82
93 72 75 4 91 65 30 93 92 51
68 69 96 45 5 39 62 54 73 90
25 46 3 60 43 79 77 67 21 63
67 3 50 87 30 9 43 25 29 85
80 57 57 31 79 26 98 77 3 36
43 71 66 1 39 72 48 38 96 69
93 77 84 96 34 29 14 98 51 67
21 33 98 22 77 36 45 96 26 81
33 49 55 95 81 48 25 20 44 18
14 59 70 73 11 57 98 15 56 81
30 82 32 77 10 95 30 36 31 72
# P_hat : m1 | m2 | m3 | m4 | m5 | m6 | m7 | m8 | m9 | m10
40.00 29.50 29.50 15.50 15.00 26.50 46.50 45.00 32.50 32.00
6.50 41.50 35.00 32.00 44.00 9.50 39.50 46.00 48.50 19.00
32.00 42.50 38.00 5.50 7.00 49.50 44.00 17.50 13.50 22.00
38.50 42.50 5.00 4.50 11.00 31.00 38.50 6.50 12.50 23.00
8.50 35.00 32.50 16.00 46.50 44.00 47.00 37.50 30.50 33.00
39.00 17.50 9.50 29.00 24.00 46.50 19.50 27.50 12.00 15.50
41.00 1.00 38.50 49.00 5.00 17.00 37.00 40.00 48.50 24.00
2.00 38.00 43.00 47.50 3.50 36.00 23.00 33.50 30.50 13.50
36.00 23.00 10.50 12.50 7.00 21.00 8.50 1.50 37.50 41.00
46.50 36.00 37.50 2.00 45.50 32.50 15.00 46.50 46.00 25.50
34.00 34.50 48.00 22.50 2.50 19.50 31.00 27.00 36.50 45.00
12.50 23.00 1.50 30.00 21.50 39.50 38.50 33.50 10.50 31.50
33.50 1.50 25.00 43.50 15.00 4.50 21.50 12.50 14.50 42.50
40.00 28.50 28.50 15.50 39.50 13.00 49.00 38.50 1.50 18.00
21.50 35.50 33.00 0.50 19.50 36.00 24.00 19.00 48.00 34.50
46.50 38.50 42.00 48.00 17.00 14.50 7.00 49.00 25.50 33.50
10.50 16.50 49.00 11.00 38.50 18.00 22.50 48.00 13.00 40.50
16.50 24.50 27.50 47.50 40.50 24.00 12.50 10.00 22.00 9.00
7.00 29.50 35.00 36.50 5.50 28.50 49.00 7.50 28.00 40.50
15.00 41.00 16.00 38.50 5.00 47.50 15.00 18.00 15.50 36.00
