# nJobs | nMachines
20 10
# Job Weights
77
8
84
70
51
1
39
81
21
4
3
57
24
54
79
35
20
67
70
23
# P_bar : m1 | m2 | m3 | m4 | m5 | m6 | m7 | m8 | m9 | m10
49 3 60 12 75 31 70 20 88 9
49 53 88 47 19 61 78 78 30 41
15 59 15 46 60 47 41 38 34 22
18 7 26 17 87 32 9 26 33 34
65 65 11 43 27 34 47 64 21 83
55 58 16 16 48 69 94 62 7 55
1 24 55 91 72 32 26 11 94 3
79 55 59 94 88 1 65 38 10 8
10 26 81 73 48 1 17 68 73 75
37 40 53 89 59 80 42 37 85 30
77 89 92 12 74 19 59 74 82 57
80 94 23 58 86 57 80 9 62 65
79 51 55 25 49 98 7 65 99 89
84 74 79 24 94 37 75 16 67 60
93 54 13 55 15 31 63 38 61 90
21 86 89 1 95 51 96 85 10 84
85 22 2 67 41 66 7 50 4 74
64 83 17 3 94 38 10 62 70 17
46 19 97 1 15 62 47 39 31 2
35 44 41 71 71 72 38 97 49 19
# P_hat : m1 | m2 | m3 | m4 | m5 | m6 | m7 | m8 | m9 | m10
4.90 0.30 6.00 1.20 7.50 3.10 7.00 2.00 8.80 0.90
4.90 5.30 8.80 4.70 1.90 6.10 7.80 7.80 3.00 4.10
1.50 5.90 1.50 4.60 6.00 4.70 4.10 3.80 3.40 2.20
1.80 0.70 2.60 1.70 8.70 3.20 0.90 2.60 3.30 3.40
6.50 6.50 1.10 4.30 2.70 3.40 4.70 6.40 2.10 8.30
5.50 5.80 1.60 1.60 4.80 6.90 9.40 6.20 0.70 5.50
0.10 2.40 5.50 9.10 7.20 3.20 2.60 1.10 9.40 0.30
7.90 5.50 5.90 9.40 8.80 0.10 6.50 3.80 1.00 0.80
1.00 2.60 8.10 7.30 4.80 0.10 1.70 6.80 7.30 7.50
3.70 4.00 5.30 8.90 5.90 8.00 4.20 3.70 8.50 3.00
7.70 8.90 9.20 1.20 7.40 1.90 5.90 7.40 8.20 5.70
8.00 9.40 2.30 5.80 8.60 5.70 8.00 0.90 6.20 6.50
7.90 5.10 5.50 2.50 4.90 9.80 0.70 6.50 9.90 8.90
8.40 7.40 7.90 2.40 9.40 3.70 7.50 1.60 6.70 6.00
9.30 5.40 1.30 5.50 1.50 3.10 6.30 3.80 6.10 9.00
2.10 8.60 8.90 0.10 9.50 5.10 9.60 8.50 1.00 8.40
8.50 2.20 0.20 6.70 4.10 6.60 0.70 5.00 0.40 7.40
6.40 8.30 1.70 0.30 9.40 3.80 1.00 6.20 7.00 1.70
4.60 1.90 9.70 0.10 1.50 6.20 4.70 3.90 3.10 0.20
3.50 4.40 4.10 7.10 7.10 7.20 3.80 9.70 4.90 1.90
