# nJobs | nMachines
20 10
# Job Weights
77
8
84
70
51
1
39
81
21
4
3
57
24
54
79
35
20
67
70
23
# P_bar : m1 | m2 | m3 | m4 | m5 | m6 | m7 | m8 | m9 | m10
49 3 60 12 75 31 70 20 88 9
49 53 88 47 19 61 78 78 30 41
15 59 15 46 60 47 41 38 34 22
18 7 26 17 87 32 9 26 33 34
65 65 11 43 27 34 47 64 21 83
55 58 16 16 48 69 94 62 7 55
1 24 55 91 72 32 26 11 94 3
79 55 59 94 88 1 65 38 10 8
10 26 81 73 48 1 17 68 73 75
37 40 53 89 59 80 42 37 85 30
77 89 92 12 74 19 59 74 82 57
80 94 23 58 86 57 80 9 62 65
79 51 55 25 49 98 7 65 99 89
84 74 79 24 94 37 75 16 67 60
93 54 13 55 15 31 63 38 61 90
21 86 89 1 95 51 96 85 10 84
85 22 2 67 41 66 7 50 4 74
64 83 17 3 94 38 10 62 70 17
46 19 97 1 15 62 47 39 31 2
35 44 41 71 71 72 38 97 49 19
# P_hat : m1 | m2 | m3 | m4 | m5 | m6 | m7 | m8 | m9 | m10
14.70 0.90 18.00 3.60 22.50 9.30 21.00 6.00 26.40 2.70
14.70 15.90 26.40 14.10 5.70 18.30 23.40 23.40 9.00 12.30
4.50 17.70 4.50 13.80 18.00 14.10 12.30 11.40 10.20 6.60
5.40 2.10 7.80 5.10 26.10 9.60 2.70 7.80 9.90 10.20
19.50 19.50 3.30 12.90 8.10 10.20 14.10 19.20 6.30 24.90
16.50 17.40 4.80 4.80 14.40 20.70 28.20 18.60 2.10 16.50
0.30 7.20 16.50 27.30 21.60 9.60 7.80 3.30 28.20 0.90
23.70 16.50 17.70 28.20 26.40 0.30 19.50 11.40 3.00 2.40
3.00 7.80 24.30 21.90 14.40 0.30 5.10 20.40 21.90 22.50
11.10 12.00 15.90 26.70 17.70 24.00 12.60 11.10 25.50 9.00
23.10 26.70 27.60 3.60 22.20 5.70 17.70 22.20 24.60 17.10
24.00 28.20 6.90 17.40 25.80 17.10 24.00 2.70 18.60 19.50
23.70 15.30 16.50 7.50 14.70 29.40 2.10 19.50 29.70 26.70
25.20 22.20 23.70 7.20 28.20 11.10 22.50 4.80 20.10 18.00
27.90 16.20 3.90 16.50 4.50 9.30 18.90 11.40 18.30 27.00
6.30 25.80 26.70 0.30 28.50 15.30 28.80 25.50 3.00 25.20
25.50 6.60 0.60 20.10 12.30 19.80 2.10 15.00 1.20 22.20
19.20 24.90 5.10 0.90 28.20 11.40 3.00 18.60 21.00 5.10
13.80 5.70 29.10 0.30 4.50 18.60 14.10 11.70 9.30 0.60
10.50 13.20 12.30 21.30 21.30 21.60 11.40 29.10 14.70 5.70
