# nJobs | nMachines
20 10
# Job Weights
6
77
30
31
87
8
80
76
97
100
86
98
48
95
45
31
36
83
13
18
# P_bar : m1 | m2 | m3 | m4 | m5 | m6 | m7 | m8 | m9 | m10
74 28 89 60 54 92 9 4 25 15
21 3 52 88 66 11 8 18 15 84
58 27 56 26 12 54 88 25 91 8
4 61 13 58 57 97 72 28 49 30
21 34 7 76 70 57 27 95 56 95
28 76 32 98 82 53 22 51 10 79
58 64 32 29 99 65 50 84 62 9
83 87 98 47 84 77 2 18 70 91
31 54 46 79 16 51 49 6 76 76
61 98 60 26 41 36 82 90 99 26
94 76 23 19 23 53 93 69 58 42
44 41 87 48 11 19 96 61 83 66
97 70 7 95 68 54 43 57 84 70
94 43 36 78 58 86 13 5 64 91
66 42 26 77 30 40 60 75 74 67
6 79 85 90 5 56 11 4 14 3
37 88 7 24 5 79 37 38 18 98
22 15 34 10 39 74 91 28 48 4
99 49 36 85 58 24 84 4 96 71
83 72 48 55 31 3 67 80 86 62
# P_hat : m1 | m2 | m3 | m4 | m5 | m6 | m7 | m8 | m9 | m10
14.80 5.60 17.80 12.00 10.80 18.40 1.80 0.80 5.00 3.00
4.20 0.60 10.40 17.60 13.20 2.20 1.60 3.60 3.00 16.80
11.60 5.40 11.20 5.20 2.40 10.80 17.60 5.00 18.20 1.60
0.80 12.20 2.60 11.60 11.40 19.40 14.40 5.60 9.80 6.00
4.20 6.80 1.40 15.20 14.00 11.40 5.40 19.00 11.20 19.00
5.60 15.20 6.40 19.60 16.40 10.60 4.40 10.20 2.00 15.80
11.60 12.80 6.40 5.80 19.80 13.00 10.00 16.80 12.40 1.80
16.60 17.40 19.60 9.40 16.80 15.40 0.40 3.60 14.00 18.20
6.20 10.80 9.20 15.80 3.20 10.20 9.80 1.20 15.20 15.20
12.20 19.60 12.00 5.20 8.20 7.20 16.40 18.00 19.80 5.20
18.80 15.20 4.60 3.80 4.60 10.60 18.60 13.80 11.60 8.40
8.80 8.20 17.40 9.60 2.20 3.80 19.20 12.20 16.60 13.20
19.40 14.00 1.40 19.00 13.60 10.80 8.60 11.40 16.80 14.00
18.80 8.60 7.20 15.60 11.60 17.20 2.60 1.00 12.80 18.20
13.20 8.40 5.20 15.40 6.00 8.00 12.00 15.00 14.80 13.40
1.20 15.80 17.00 18.00 1.00 11.20 2.20 0.80 2.80 0.60
7.40 17.60 1.40 4.80 1.00 15.80 7.40 7.60 3.60 19.60
4.40 3.00 6.80 2.00 7.80 14.80 18.20 5.60 9.60 0.80
19.80 9.80 7.20 17.00 11.60 4.80 16.80 0.80 19.20 14.20
16.60 14.40 9.60 11.00 6.20 0.60 13.40 16.00 17.20 12.40
