# nJobs | nMachines
20 10
# Job Weights
93
90
95
99
9
16
93
41
36
88
20
21
77
84
44
91
22
29
72
51
# P_bar : m1 | m2 | m3 | m4 | m5 | m6 | m7 | m8 | m9 | m10
9 91 96 73 37 28 32 27 4 83
19 54 78 88 94 58 18 63 67 4
86 71 7 17 51 52 3 59 77 50
38 36 72 24 1 11 60 76 24 74
71 13 80 53 9 21 34 97 68 14
82 44 38 86 16 97 69 85 37 8
12 27 17 10 89 49 47 57 28 67
20 23 98 30 2 55 95 49 65 18
37 95 88 71 80 16 92 60 93 60
22 15 78 5 38 4 70 30 68 3
97 25 80 11 94 82 71 70 18 43
85 88 54 97 93 60 73 1 6 31
93 46 73 10 89 5 58 23 49 59
33 5 83 84 95 52 17 18 67 69
69 38 15 58 95 42 26 42 93 13
70 74 5 47 63 61 39 96 3 46
29 21 27 69 17 87 60 2 10 53
48 36 20 80 98 89 72 52 80 27
28 21 75 49 2 76 93 49 44 28
76 4 24 74 19 46 27 82 26 63
# P_hat : m1 | m2 | m3 | m4 | m5 | m6 | m7 | m8 | m9 | m10
0.90 9.10 9.60 7.30 3.70 2.80 3.20 2.70 0.40 8.30
1.90 5.40 7.80 8.80 9.40 5.80 1.80 6.30 6.70 0.40
8.60 7.10 0.70 1.70 5.10 5.20 0.30 5.90 7.70 5.00
3.80 3.60 7.20 2.40 0.10 1.10 6.00 7.60 2.40 7.40
7.10 1.30 8.00 5.30 0.90 2.10 3.40 9.70 6.80 1.40
8.20 4.40 3.80 8.60 1.60 9.70 6.90 8.50 3.70 0.80
1.20 2.70 1.70 1.00 8.90 4.90 4.70 5.70 2.80 6.70
2.00 2.30 9.80 3.00 0.20 5.50 9.50 4.90 6.50 1.80
3.70 9.50 8.80 7.10 8.00 1.60 9.20 6.00 9.30 6.00
2.20 1.50 7.80 0.50 3.80 0.40 7.00 3.00 6.80 0.30
9.70 2.50 8.00 1.10 9.40 8.20 7.10 7.00 1.80 4.30
8.50 8.80 5.40 9.70 9.30 6.00 7.30 0.10 0.60 3.10
9.30 4.60 7.30 1.00 8.90 0.50 5.80 2.30 4.90 5.90
3.30 0.50 8.30 8.40 9.50 5.20 1.70 1.80 6.70 6.90
6.90 3.80 1.50 5.80 9.50 4.20 2.60 4.20 9.30 1.30
7.00 7.40 0.50 4.70 6.30 6.10 3.90 9.60 0.30 4.60
2.90 2.10 2.70 6.90 1.70 8.70 6.00 0.20 1.00 5.30
4.80 3.60 2.00 8.00 9.80 8.90 7.20 5.20 8.00 2.70
2.80 2.10 7.50 4.90 0.20 7.60 9.30 4.90 4.40 2.80
7.60 0.40 2.40 7.40 1.90 4.60 2.70 8.20 2.60 6.30
