# nJobs | nMachines
20 10
# Job Weights
91
4
55
48
74
82
6
13
63
83
96
46
55
93
83
80
92
53
11
67
# P_bar : m1 | m2 | m3 | m4 | m5 | m6 | m7 | m8 | m9 | m10
94 3 39 1 63 86 44 19 55 67
43 18 23 92 96 36 25 82 46 66
6 43 28 83 50 19 85 12 68 66
47 41 31 43 12 71 86 70 15 32
45 83 86 3 15 8 73 6 55 8
51 62 19 3 11 77 58 64 74 30
73 27 85 51 33 8 95 3 42 92
49 75 90 5 7 6 13 4 40 40
31 52 77 38 4 40 50 29 88 13
58 58 4 37 58 39 39 43 68 79
19 18 85 44 27 24 24 40 67 19
36 1 81 66 7 82 55 77 67 29
54 61 9 31 7 69 58 88 8 27
75 67 52 8 54 82 79 74 13 18
7 55 67 79 31 39 42 13 74 42
5 72 77 42 94 52 98 13 47 86
82 16 45 85 25 85 44 17 3 30
20 12 7 92 8 48 16 45 95 41
31 87 21 89 61 22 13 2 36 27
32 21 26 29 51 57 74 22 46 50
# P_hat : m1 | m2 | m3 | m4 | m5 | m6 | m7 | m8 | m9 | m10
9.40 0.30 3.90 0.10 6.30 8.60 4.40 1.90 5.50 6.70
4.30 1.80 2.30 9.20 9.60 3.60 2.50 8.20 4.60 6.60
0.60 4.30 2.80 8.30 5.00 1.90 8.50 1.20 6.80 6.60
4.70 4.10 3.10 4.30 1.20 7.10 8.60 7.00 1.50 3.20
4.50 8.30 8.60 0.30 1.50 0.80 7.30 0.60 5.50 0.80
5.10 6.20 1.90 0.30 1.10 7.70 5.80 6.40 7.40 3.00
7.30 2.70 8.50 5.10 3.30 0.80 9.50 0.30 4.20 9.20
4.90 7.50 9.00 0.50 0.70 0.60 1.30 0.40 4.00 4.00
3.10 5.20 7.70 3.80 0.40 4.00 5.00 2.90 8.80 1.30
5.80 5.80 0.40 3.70 5.80 3.90 3.90 4.30 6.80 7.90
1.90 1.80 8.50 4.40 2.70 2.40 2.40 4.00 6.70 1.90
3.60 0.10 8.10 6.60 0.70 8.20 5.50 7.70 6.70 2.90
5.40 6.10 0.90 3.10 0.70 6.90 5.80 8.80 0.80 2.70
7.50 6.70 5.20 0.80 5.40 8.20 7.90 7.40 1.30 1.80
0.70 5.50 6.70 7.90 3.10 3.90 4.20 1.30 7.40 4.20
0.50 7.20 7.70 4.20 9.40 5.20 9.80 1.30 4.70 8.60
8.20 1.60 4.50 8.50 2.50 8.50 4.40 1.70 0.30 3.00
2.00 1.20 0.70 9.20 0.80 4.80 1.60 4.50 9.50 4.10
3.10 8.70 2.10 8.90 6.10 2.20 1.30 0.20 3.60 2.70
3.20 2.10 2.60 2.90 5.10 5.70 7.40 2.20 4.60 5.00
