# nJobs | nMachines
20 10
# Job Weights
6
77
30
31
87
8
80
76
97
100
86
98
48
95
45
31
36
83
13
18
# P_bar : m1 | m2 | m3 | m4 | m5 | m6 | m7 | m8 | m9 | m10
74 28 89 60 54 92 9 4 25 15
21 3 52 88 66 11 8 18 15 84
58 27 56 26 12 54 88 25 91 8
4 61 13 58 57 97 72 28 49 30
21 34 7 76 70 57 27 95 56 95
28 76 32 98 82 53 22 51 10 79
58 64 32 29 99 65 50 84 62 9
83 87 98 47 84 77 2 18 70 91
31 54 46 79 16 51 49 6 76 76
61 98 60 26 41 36 82 90 99 26
94 76 23 19 23 53 93 69 58 42
44 41 87 48 11 19 96 61 83 66
97 70 7 95 68 54 43 57 84 70
94 43 36 78 58 86 13 5 64 91
66 42 26 77 30 40 60 75 74 67
6 79 85 90 5 56 11 4 14 3
37 88 7 24 5 79 37 38 18 98
22 15 34 10 39 74 91 28 48 4
99 49 36 85 58 24 84 4 96 71
83 72 48 55 31 3 67 80 86 62
# P_hat : m1 | m2 | m3 | m4 | m5 | m6 | m7 | m8 | m9 | m10
29.60 11.20 35.60 24.00 21.60 36.80 3.60 1.60 10.00 6.00
8.40 1.20 20.80 35.20 26.40 4.40 3.20 7.20 6.00 33.60
23.20 10.80 22.40 10.40 4.80 21.60 35.20 10.00 36.40 3.20
1.60 24.40 5.20 23.20 22.80 38.80 28.80 11.20 19.60 12.00
8.40 13.60 2.80 30.40 28.00 22.80 10.80 38.00 22.40 38.00
11.20 30.40 12.80 39.20 32.80 21.20 8.80 20.40 4.00 31.60
23.20 25.60 12.80 11.60 39.60 26.00 20.00 33.60 24.80 3.60
33.20 34.80 39.20 18.80 33.60 30.80 0.80 7.20 28.00 36.40
12.40 21.60 18.40 31.60 6.40 20.40 19.60 2.40 30.40 30.40
24.40 39.20 24.00 10.40 16.40 14.40 32.80 36.00 39.60 10.40
37.60 30.40 9.20 7.60 9.20 21.20 37.20 27.60 23.20 16.80
17.60 16.40 34.80 19.20 4.40 7.60 38.40 24.40 33.20 26.40
38.80 28.00 2.80 38.00 27.20 21.60 17.20 22.80 33.60 28.00
37.60 17.20 14.40 31.20 23.20 34.40 5.20 2.00 25.60 36.40
26.40 16.80 10.40 30.80 12.00 16.00 24.00 30.00 29.60 26.80
2.40 31.60 34.00 36.00 2.00 22.40 4.40 1.60 5.60 1.20
14.80 35.20 2.80 9.60 2.00 31.60 14.80 15.20 7.20 39.20
8.80 6.00 13.60 4.00 15.60 29.60 36.40 11.20 19.20 1.60
39.60 19.60 14.40 34.00 23.20 9.60 33.60 1.60 38.40 28.40
33.20 28.80 19.20 22.00 12.40 1.20 26.80 32.00 34.40 24.80
