# nJobs | nMachines
20 10
# Job Weights
91
4
55
48
74
82
6
13
63
83
96
46
55
93
83
80
92
53
11
67
# P_bar : m1 | m2 | m3 | m4 | m5 | m6 | m7 | m8 | m9 | m10
94 3 39 1 63 86 44 19 55 67
43 18 23 92 96 36 25 82 46 66
6 43 28 83 50 19 85 12 68 66
47 41 31 43 12 71 86 70 15 32
45 83 86 3 15 8 73 6 55 8
51 62 19 3 11 77 58 64 74 30
73 27 85 51 33 8 95 3 42 92
49 75 90 5 7 6 13 4 40 40
31 52 77 38 4 40 50 29 88 13
58 58 4 37 58 39 39 43 68 79
19 18 85 44 27 24 24 40 67 19
36 1 81 66 7 82 55 77 67 29
54 61 9 31 7 69 58 88 8 27
75 67 52 8 54 82 79 74 13 18
7 55 67 79 31 39 42 13 74 42
5 72 77 42 94 52 98 13 47 86
82 16 45 85 25 85 44 17 3 30
20 12 7 92 8 48 16 45 95 41
31 87 21 89 61 22 13 2 36 27
32 21 26 29 51 57 74 22 46 50
# P_hat : m1 | m2 | m3 | m4 | m5 | m6 | m7 | m8 | m9 | m10
18.80 0.60 7.80 0.20 12.60 17.20 8.80 3.80 11.00 13.40
8.60 3.60 4.60 18.40 19.20 7.20 5.00 16.40 9.20 13.20
1.20 8.60 5.60 16.60 10.00 3.80 17.00 2.40 13.60 13.20
9.40 8.20 6.20 8.60 2.40 14.20 17.20 14.00 3.00 6.40
9.00 16.60 17.20 0.60 3.00 1.60 14.60 1.20 11.00 1.60
10.20 12.40 3.80 0.60 2.20 15.40 11.60 12.80 14.80 6.00
14.60 5.40 17.00 10.20 6.60 1.60 19.00 0.60 8.40 18.40
9.80 15.00 18.00 1.00 1.40 1.20 2.60 0.80 8.00 8.00
6.20 10.40 15.40 7.60 0.80 8.00 10.00 5.80 17.60 2.60
11.60 11.60 0.80 7.40 11.60 7.80 7.80 8.60 13.60 15.80
3.80 3.60 17.00 8.80 5.40 4.80 4.80 8.00 13.40 3.80
7.20 0.20 16.20 13.20 1.40 16.40 11.00 15.40 13.40 5.80
10.80 12.20 1.80 6.20 1.40 13.80 11.60 17.60 1.60 5.40
15.00 13.40 10.40 1.60 10.80 16.40 15.80 14.80 2.60 3.60
1.40 11.00 13.40 15.80 6.20 7.80 8.40 2.60 14.80 8.40
1.00 14.40 15.40 8.40 18.80 10.40 19.60 2.60 9.40 17.20
16.40 3.20 9.00 17.00 5.00 17.00 8.80 3.40 0.60 6.00
4.00 2.40 1.40 18.40 1.60 9.60 3.20 9.00 19.00 8.20
6.20 17.40 4.20 17.80 12.20 4.40 2.60 0.40 7.20 5.40
6.40 4.20 5.20 5.80 10.20 11.40 14.80 4.40 9.20 10.00
