# nJobs | nMachines
20 10
# Job Weights
93
90
95
99
9
16
93
41
36
88
20
21
77
84
44
91
22
29
72
51
# P_bar : m1 | m2 | m3 | m4 | m5 | m6 | m7 | m8 | m9 | m10
9 91 96 73 37 28 32 27 4 83
19 54 78 88 94 58 18 63 67 4
86 71 7 17 51 52 3 59 77 50
38 36 72 24 1 11 60 76 24 74
71 13 80 53 9 21 34 97 68 14
82 44 38 86 16 97 69 85 37 8
12 27 17 10 89 49 47 57 28 67
20 23 98 30 2 55 95 49 65 18
37 95 88 71 80 16 92 60 93 60
22 15 78 5 38 4 70 30 68 3
97 25 80 11 94 82 71 70 18 43
85 88 54 97 93 60 73 1 6 31
93 46 73 10 89 5 58 23 49 59
33 5 83 84 95 52 17 18 67 69
69 38 15 58 95 42 26 42 93 13
70 74 5 47 63 61 39 96 3 46
29 21 27 69 17 87 60 2 10 53
48 36 20 80 98 89 72 52 80 27
28 21 75 49 2 76 93 49 44 28
76 4 24 74 19 46 27 82 26 63
# P_hat : m1 | m2 | m3 | m4 | m5 | m6 | m7 | m8 | m9 | m10
4.50 45.50 48.00 36.50 18.50 14.00 16.00 13.50 2.00 41.50
9.50 27.00 39.00 44.00 47.00 29.00 9.00 31.50 33.50 2.00
43.00 35.50 3.50 8.50 25.50 26.00 1.50 29.50 38.50 25.00
19.00 18.00 36.00 12.00 0.50 5.50 30.00 38.00 12.00 37.00
35.50 6.50 40.00 26.50 4.50 10.50 17.00 48.50 34.00 7.00
41.00 22.00 19.00 43.00 8.00 48.50 34.50 42.50 18.50 4.00
6.00 13.50 8.50 5.00 44.50 24.50 23.50 28.50 14.00 33.50
10.00 11.50 49.00 15.00 1.00 27.50 47.50 24.50 32.50 9.00
18.50 47.50 44.00 35.50 40.00 8.00 46.00 30.00 46.50 30.00
11.00 7.50 39.00 2.50 19.00 2.00 35.00 15.00 34.00 1.50
48.50 12.50 40.00 5.50 47.00 41.00 35.50 35.00 9.00 21.50
42.50 44.00 27.00 48.50 46.50 30.00 36.50 0.50 3.00 15.50
46.50 23.00 36.50 5.00 44.50 2.50 29.00 11.50 24.50 29.50
16.50 2.50 41.50 42.00 47.50 26.00 8.50 9.00 33.50 34.50
34.50 19.00 7.50 29.00 47.50 21.00 13.00 21.00 46.50 6.50
35.00 37.00 2.50 23.50 31.50 30.50 19.50 48.00 1.50 23.00
14.50 10.50 13.50 34.50 8.50 43.50 30.00 1.00 5.00 26.50
24.00 18.00 10.00 40.00 49.00 44.50 36.00 26.00 40.00 13.50
14.00 10.50 37.50 24.50 1.00 38.00 46.50 24.50 22.00 14.00
38.00 2.00 12.00 37.00 9.50 23.00 13.50 41.00 13.00 31.50
