# nJobs | nMachines
20 10
# Job Weights
6
77
30
31
87
8
80
76
97
100
86
98
48
95
45
31
36
83
13
18
# P_bar : m1 | m2 | m3 | m4 | m5 | m6 | m7 | m8 | m9 | m10
74 28 89 60 54 92 9 4 25 15
21 3 52 88 66 11 8 18 15 84
58 27 56 26 12 54 88 25 91 8
4 61 13 58 57 97 72 28 49 30
21 34 7 76 70 57 27 95 56 95
28 76 32 98 82 53 22 51 10 79
58 64 32 29 99 65 50 84 62 9
83 87 98 47 84 77 2 18 70 91
31 54 46 79 16 51 49 6 76 76
61 98 60 26 41 36 82 90 99 26
94 76 23 19 23 53 93 69 58 42
44 41 87 48 11 19 96 61 83 66
97 70 7 95 68 54 43 57 84 70
94 43 36 78 58 86 13 5 64 91
66 42 26 77 30 40 60 75 74 67
6 79 85 90 5 56 11 4 14 3
37 88 7 24 5 79 37 38 18 98
22 15 34 10 39 74 91 28 48 4
99 49 36 85 58 24 84 4 96 71
83 72 48 55 31 3 67 80 86 62
# P_hat : m1 | m2 | m3 | m4 | m5 | m6 | m7 | m8 | m9 | m10
37.00 14.00 44.50 30.00 27.00 46.00 4.50 2.00 12.50 7.50
10.50 1.50 26.00 44.00 33.00 5.50 4.00 9.00 7.50 42.00
29.00 13.50 28.00 13.00 6.00 27.00 44.00 12.50 45.50 4.00
2.00 30.50 6.50 29.00 28.50 48.50 36.00 14.00 24.50 15.00
10.50 17.00 3.50 38.00 35.00 28.50 13.50 47.50 28.00 47.50
14.00 38.00 16.00 49.00 41.00 26.50 11.00 25.50 5.00 39.50
29.00 32.00 16.00 14.50 49.50 32.50 25.00 42.00 31.00 4.50
41.50 43.50 49.00 23.50 42.00 38.50 1.00 9.00 35.00 45.50
15.50 27.00 23.00 39.50 8.00 25.50 24.50 3.00 38.00 38.00
30.50 49.00 30.00 13.00 20.50 18.00 41.00 45.00 49.50 13.00
47.00 38.00 11.50 9.50 11.50 26.50 46.50 34.50 29.00 21.00
22.00 20.50 43.50 24.00 5.50 9.50 48.00 30.50 41.50 33.00
48.50 35.00 3.50 47.50 34.00 27.00 21.50 28.50 42.00 35.00
47.00 21.50 18.00 39.00 29.00 43.00 6.50 2.50 32.00 45.50
33.00 21.00 13.00 38.50 15.00 20.00 30.00 37.50 37.00 33.50
3.00 39.50 42.50 45.00 2.50 28.00 5.50 2.00 7.00 1.50
18.50 44.00 3.50 12.00 2.50 39.50 18.50 19.00 9.00 49.00
11.00 7.50 17.00 5.00 19.50 37.00 45.50 14.00 24.00 2.00
49.50 24.50 18.00 42.50 29.00 12.00 42.00 2.00 48.00 35.50
41.50 36.00 24.00 27.50 15.50 1.50 33.50 40.00 43.00 31.00
