# nJobs | nMachines
20 10
# Job Weights
93
90
95
99
9
16
93
41
36
88
20
21
77
84
44
91
22
29
72
51
# P_bar : m1 | m2 | m3 | m4 | m5 | m6 | m7 | m8 | m9 | m10
9 91 96 73 37 28 32 27 4 83
19 54 78 88 94 58 18 63 67 4
86 71 7 17 51 52 3 59 77 50
38 36 72 24 1 11 60 76 24 74
71 13 80 53 9 21 34 97 68 14
82 44 38 86 16 97 69 85 37 8
12 27 17 10 89 49 47 57 28 67
20 23 98 30 2 55 95 49 65 18
37 95 88 71 80 16 92 60 93 60
22 15 78 5 38 4 70 30 68 3
97 25 80 11 94 82 71 70 18 43
85 88 54 97 93 60 73 1 6 31
93 46 73 10 89 5 58 23 49 59
33 5 83 84 95 52 17 18 67 69
69 38 15 58 95 42 26 42 93 13
70 74 5 47 63 61 39 96 3 46
29 21 27 69 17 87 60 2 10 53
48 36 20 80 98 89 72 52 80 27
28 21 75 49 2 76 93 49 44 28
76 4 24 74 19 46 27 82 26 63
# P_hat : m1 | m2 | m3 | m4 | m5 | m6 | m7 | m8 | m9 | m10
1.80 18.20 19.20 14.60 7.40 5.60 6.40 5.40 0.80 16.60
3.80 10.80 15.60 17.60 18.80 11.60 3.60 12.60 13.40 0.80
17.20 14.20 1.40 3.40 10.20 10.40 0.60 11.80 15.40 10.00
7.60 7.20 14.40 4.80 0.20 2.20 12.00 15.20 4.80 14.80
14.20 2.60 16.00 10.60 1.80 4.20 6.80 19.40 13.60 2.80
16.40 8.80 7.60 17.20 3.20 19.40 13.80 17.00 7.40 1.60
2.40 5.40 3.40 2.00 17.80 9.80 9.40 11.40 5.60 13.40
4.00 4.60 19.60 6.00 0.40 11.00 19.00 9.80 13.00 3.60
7.40 19.00 17.60 14.20 16.00 3.20 18.40 12.00 18.60 12.00
4.40 3.00 15.60 1.00 7.60 0.80 14.00 6.00 13.60 0.60
19.40 5.00 16.00 2.20 18.80 16.40 14.20 14.00 3.60 8.60
17.00 17.60 10.80 19.40 18.60 12.00 14.60 0.20 1.20 6.20
18.60 9.20 14.60 2.00 17.80 1.00 11.60 4.60 9.80 11.80
6.60 1.00 16.60 16.80 19.00 10.40 3.40 3.60 13.40 13.80
13.80 7.60 3.00 11.60 19.00 8.40 5.20 8.40 18.60 2.60
14.00 14.80 1.00 9.40 12.60 12.20 7.80 19.20 0.60 9.20
5.80 4.20 5.40 13.80 3.40 17.40 12.00 0.40 2.00 10.60
9.60 7.20 4.00 16.00 19.60 17.80 14.40 10.40 16.00 5.40
5.60 4.20 15.00 9.80 0.40 15.20 18.60 9.80 8.80 5.60
15.20 0.80 4.80 14.80 3.80 9.20 5.40 16.40 5.20 12.60
