# nJobs | nMachines
20 10
# Job Weights
47
66
69
45
7
8
49
77
45
50
4
29
63
60
95
56
95
48
98
100
# P_bar : m1 | m2 | m3 | m4 | m5 | m6 | m7 | m8 | m9 | m10
64 48 30 84 9 93 71 72 33 85
96 6 94 24 1 44 34 65 95 47
13 34 52 84 66 2 40 20 7 54
9 22 49 16 57 87 57 67 34 31
17 12 32 87 90 93 29 61 6 31
19 78 61 22 61 23 78 69 34 83
52 87 30 51 90 92 99 19 62 28
1 24 6 27 60 51 88 63 97 70
54 87 33 87 40 5 40 50 7 49
86 10 33 87 38 32 40 68 18 27
90 46 42 34 25 69 35 7 8 40
26 16 87 99 15 92 57 93 39 37
16 11 55 37 89 21 56 58 86 55
39 73 13 14 5 77 65 31 58 59
51 24 39 59 81 95 63 97 35 46
4 16 20 13 16 17 48 89 12 25
18 68 9 17 28 47 24 5 50 34
35 14 57 33 58 1 40 98 44 84
65 92 83 31 98 13 20 41 81 72
5 93 2 18 90 73 21 81 89 32
# P_hat : m1 | m2 | m3 | m4 | m5 | m6 | m7 | m8 | m9 | m10
12.80 9.60 6.00 16.80 1.80 18.60 14.20 14.40 6.60 17.00
19.20 1.20 18.80 4.80 0.20 8.80 6.80 13.00 19.00 9.40
2.60 6.80 10.40 16.80 13.20 0.40 8.00 4.00 1.40 10.80
1.80 4.40 9.80 3.20 11.40 17.40 11.40 13.40 6.80 6.20
3.40 2.40 6.40 17.40 18.00 18.60 5.80 12.20 1.20 6.20
3.80 15.60 12.20 4.40 12.20 4.60 15.60 13.80 6.80 16.60
10.40 17.40 6.00 10.20 18.00 18.40 19.80 3.80 12.40 5.60
0.20 4.80 1.20 5.40 12.00 10.20 17.60 12.60 19.40 14.00
10.80 17.40 6.60 17.40 8.00 1.00 8.00 10.00 1.40 9.80
17.20 2.00 6.60 17.40 7.60 6.40 8.00 13.60 3.60 5.40
18.00 9.20 8.40 6.80 5.00 13.80 7.00 1.40 1.60 8.00
5.20 3.20 17.40 19.80 3.00 18.40 11.40 18.60 7.80 7.40
3.20 2.20 11.00 7.40 17.80 4.20 11.20 11.60 17.20 11.00
7.80 14.60 2.60 2.80 1.00 15.40 13.00 6.20 11.60 11.80
10.20 4.80 7.80 11.80 16.20 19.00 12.60 19.40 7.00 9.20
0.80 3.20 4.00 2.60 3.20 3.40 9.60 17.80 2.40 5.00
3.60 13.60 1.80 3.40 5.60 9.40 4.80 1.00 10.00 6.80
7.00 2.80 11.40 6.60 11.60 0.20 8.00 19.60 8.80 16.80
13.00 18.40 16.60 6.20 19.60 2.60 4.00 8.20 16.20 14.40
1.00 18.60 0.40 3.60 18.00 14.60 4.20 16.20 17.80 6.40
