# nJobs | nMachines
20 5
# Job Weights
6
41
31
53
90
66
58
73
14
97
90
38
14
54
62
70
42
88
24
11
# P_bar : m1 | m2 | m3 | m4 | m5
71 13 61 21 91
27 11 25 8 13
55 73 52 5 7
90 43 72 8 95
11 27 89 58 20
18 33 75 59 69
42 57 60 85 45
64 42 28 35 44
73 71 94 84 29
95 3 95 97 32
22 11 18 93 94
53 49 73 60 84
32 8 40 99 60
5 3 61 29 49
94 47 68 94 49
12 58 75 41 65
41 23 37 51 85
85 79 13 87 52
75 99 65 97 8
38 23 7 11 58
# P_hat : m1 | m2 | m3 | m4 | m5
35.50 6.50 30.50 10.50 45.50
13.50 5.50 12.50 4.00 6.50
27.50 36.50 26.00 2.50 3.50
45.00 21.50 36.00 4.00 47.50
5.50 13.50 44.50 29.00 10.00
9.00 16.50 37.50 29.50 34.50
21.00 28.50 30.00 42.50 22.50
32.00 21.00 14.00 17.50 22.00
36.50 35.50 47.00 42.00 14.50
47.50 1.50 47.50 48.50 16.00
11.00 5.50 9.00 46.50 47.00
26.50 24.50 36.50 30.00 42.00
16.00 4.00 20.00 49.50 30.00
2.50 1.50 30.50 14.50 24.50
47.00 23.50 34.00 47.00 24.50
6.00 29.00 37.50 20.50 32.50
20.50 11.50 18.50 25.50 42.50
42.50 39.50 6.50 43.50 26.00
37.50 49.50 32.50 48.50 4.00
19.00 11.50 3.50 5.50 29.00
