# nJobs | nMachines
20 5
# Job Weights
31
9
25
50
98
23
30
70
38
22
49
17
65
72
36
1
36
32
72
18
# P_bar : m1 | m2 | m3 | m4 | m5
15 28 77 1 45
64 4 36 59 73
64 43 57 95 59
48 93 15 49 63
9 1 81 90 54
91 81 82 78 98
27 77 98 3 39
34 69 97 69 75
42 52 12 99 33
3 28 35 41 8
11 28 84 73 86
54 77 70 28 41
27 42 27 99 41
30 53 37 13 22
9 46 59 59 43
15 49 42 47 34
88 15 57 8 80
55 43 16 92 16
50 65 11 87 37
57 41 34 62 94
# P_hat : m1 | m2 | m3 | m4 | m5
7.50 14.00 38.50 0.50 22.50
32.00 2.00 18.00 29.50 36.50
32.00 21.50 28.50 47.50 29.50
24.00 46.50 7.50 24.50 31.50
4.50 0.50 40.50 45.00 27.00
45.50 40.50 41.00 39.00 49.00
13.50 38.50 49.00 1.50 19.50
17.00 34.50 48.50 34.50 37.50
21.00 26.00 6.00 49.50 16.50
1.50 14.00 17.50 20.50 4.00
5.50 14.00 42.00 36.50 43.00
27.00 38.50 35.00 14.00 20.50
13.50 21.00 13.50 49.50 20.50
15.00 26.50 18.50 6.50 11.00
4.50 23.00 29.50 29.50 21.50
7.50 24.50 21.00 23.50 17.00
44.00 7.50 28.50 4.00 40.00
27.50 21.50 8.00 46.00 8.00
25.00 32.50 5.50 43.50 18.50
28.50 20.50 17.00 31.00 47.00
