# nJobs | nMachines
20 5
# Job Weights
93
77
90
63
63
2
29
15
94
35
69
15
93
34
30
69
6
14
56
8
# P_bar : m1 | m2 | m3 | m4 | m5
53 93 90 65 64
19 79 92 97 38
99 88 35 27 44
62 77 13 25 46
88 94 75 61 66
93 39 55 24 31
34 74 80 97 48
72 46 67 61 27
42 17 3 75 82
65 30 93 92 51
39 62 54 73 90
79 77 67 21 63
9 43 25 29 85
26 98 77 3 36
72 48 38 96 69
29 14 98 51 67
36 45 96 26 81
48 25 20 44 18
57 98 15 56 81
95 30 36 31 72
# P_hat : m1 | m2 | m3 | m4 | m5
26.50 46.50 45.00 32.50 32.00
9.50 39.50 46.00 48.50 19.00
49.50 44.00 17.50 13.50 22.00
31.00 38.50 6.50 12.50 23.00
44.00 47.00 37.50 30.50 33.00
46.50 19.50 27.50 12.00 15.50
17.00 37.00 40.00 48.50 24.00
36.00 23.00 33.50 30.50 13.50
21.00 8.50 1.50 37.50 41.00
32.50 15.00 46.50 46.00 25.50
19.50 31.00 27.00 36.50 45.00
39.50 38.50 33.50 10.50 31.50
4.50 21.50 12.50 14.50 42.50
13.00 49.00 38.50 1.50 18.00
36.00 24.00 19.00 48.00 34.50
14.50 7.00 49.00 25.50 33.50
18.00 22.50 48.00 13.00 40.50
24.00 12.50 10.00 22.00 9.00
28.50 49.00 7.50 28.00 40.50
47.50 15.00 18.00 15.50 36.00
