# nJobs | nMachines
200 2
# Job Weights
92
38
50
26
4
98
41
43
64
15
12
76
51
67
12
29
21
46
67
88
96
13
23
78
45
44
7
61
95
54
94
7
76
72
98
71
1
73
59
63
26
38
57
18
28
78
42
1
25
12
55
41
24
50
38
60
33
52
65
86
100
60
63
26
87
85
71
75
62
50
24
72
70
47
53
86
82
63
11
32
52
83
47
19
13
97
30
50
91
29
6
57
90
62
38
3
91
88
28
91
44
47
97
38
14
87
66
34
66
23
75
48
74
21
84
95
49
97
25
79
91
63
67
85
39
58
53
7
86
43
93
52
88
4
79
76
56
40
96
100
55
69
20
8
86
97
53
33
11
74
19
98
93
4
96
67
49
66
98
87
91
45
95
85
19
66
71
73
39
50
7
77
1
51
35
27
30
57
38
89
44
9
98
57
2
44
27
28
68
85
4
33
10
92
6
99
92
79
38
27
# P_bar : m1 | m2
26 36
38 26
42 33
38 30
17 24
14 43
30 37
17 44
19 26
50 20
12 11
41 39
22 18
26 15
21 18
36 24
29 12
32 36
16 25
34 15
12 46
27 44
38 50
24 49
24 36
27 27
39 47
42 21
37 24
29 48
10 26
28 38
31 41
44 41
29 31
14 19
39 36
26 41
26 16
30 18
42 39
45 22
48 46
14 41
34 14
19 18
34 18
17 48
37 36
16 15
49 32
40 29
21 30
41 39
30 47
45 18
10 37
24 13
28 11
48 48
47 10
21 28
45 20
18 22
34 49
48 40
45 49
22 41
27 36
10 28
45 43
47 38
45 49
37 35
10 20
38 41
14 11
50 40
40 12
17 14
29 26
25 19
29 16
45 13
23 42
27 28
27 24
27 36
45 30
27 24
27 27
13 23
14 30
31 46
15 14
49 46
10 12
29 48
14 27
41 35
40 50
10 42
14 48
29 15
49 33
50 27
32 21
14 45
27 19
43 22
12 39
41 23
30 27
49 42
14 50
37 39
47 38
36 19
47 44
24 25
38 47
30 36
19 29
12 42
13 24
34 12
28 17
13 18
37 26
26 27
45 47
30 44
35 43
46 17
45 23
39 43
13 33
46 29
24 33
29 38
35 29
25 47
25 36
37 31
45 23
14 15
42 19
27 35
18 35
18 39
50 29
28 10
40 13
46 50
45 12
19 21
16 33
27 21
47 16
31 27
48 45
18 45
23 46
49 47
31 43
39 33
24 22
40 35
41 25
49 50
39 21
28 27
21 12
43 16
14 40
11 17
19 17
32 16
48 38
46 35
48 30
25 14
13 41
11 33
41 41
27 45
46 31
30 16
16 40
26 22
14 20
40 20
38 41
43 23
15 25
18 45
25 15
49 26
23 38
13 45
# P_hat : m1 | m2
13.00 18.00
19.00 13.00
21.00 16.50
19.00 15.00
8.50 12.00
7.00 21.50
15.00 18.50
8.50 22.00
9.50 13.00
25.00 10.00
6.00 5.50
20.50 19.50
11.00 9.00
13.00 7.50
10.50 9.00
18.00 12.00
14.50 6.00
16.00 18.00
8.00 12.50
17.00 7.50
6.00 23.00
13.50 22.00
19.00 25.00
12.00 24.50
12.00 18.00
13.50 13.50
19.50 23.50
21.00 10.50
18.50 12.00
14.50 24.00
5.00 13.00
14.00 19.00
15.50 20.50
22.00 20.50
14.50 15.50
7.00 9.50
19.50 18.00
13.00 20.50
13.00 8.00
15.00 9.00
21.00 19.50
22.50 11.00
24.00 23.00
7.00 20.50
17.00 7.00
9.50 9.00
17.00 9.00
8.50 24.00
18.50 18.00
8.00 7.50
24.50 16.00
20.00 14.50
10.50 15.00
20.50 19.50
15.00 23.50
22.50 9.00
5.00 18.50
12.00 6.50
14.00 5.50
24.00 24.00
23.50 5.00
10.50 14.00
22.50 10.00
9.00 11.00
17.00 24.50
24.00 20.00
22.50 24.50
11.00 20.50
13.50 18.00
5.00 14.00
22.50 21.50
23.50 19.00
22.50 24.50
18.50 17.50
5.00 10.00
19.00 20.50
7.00 5.50
25.00 20.00
20.00 6.00
8.50 7.00
14.50 13.00
12.50 9.50
14.50 8.00
22.50 6.50
11.50 21.00
13.50 14.00
13.50 12.00
13.50 18.00
22.50 15.00
13.50 12.00
13.50 13.50
6.50 11.50
7.00 15.00
15.50 23.00
7.50 7.00
24.50 23.00
5.00 6.00
14.50 24.00
7.00 13.50
20.50 17.50
20.00 25.00
5.00 21.00
7.00 24.00
14.50 7.50
24.50 16.50
25.00 13.50
16.00 10.50
7.00 22.50
13.50 9.50
21.50 11.00
6.00 19.50
20.50 11.50
15.00 13.50
24.50 21.00
7.00 25.00
18.50 19.50
23.50 19.00
18.00 9.50
23.50 22.00
12.00 12.50
19.00 23.50
15.00 18.00
9.50 14.50
6.00 21.00
6.50 12.00
17.00 6.00
14.00 8.50
6.50 9.00
18.50 13.00
13.00 13.50
22.50 23.50
15.00 22.00
17.50 21.50
23.00 8.50
22.50 11.50
19.50 21.50
6.50 16.50
23.00 14.50
12.00 16.50
14.50 19.00
17.50 14.50
12.50 23.50
12.50 18.00
18.50 15.50
22.50 11.50
7.00 7.50
21.00 9.50
13.50 17.50
9.00 17.50
9.00 19.50
25.00 14.50
14.00 5.00
20.00 6.50
23.00 25.00
22.50 6.00
9.50 10.50
8.00 16.50
13.50 10.50
23.50 8.00
15.50 13.50
24.00 22.50
9.00 22.50
11.50 23.00
24.50 23.50
15.50 21.50
19.50 16.50
12.00 11.00
20.00 17.50
20.50 12.50
24.50 25.00
19.50 10.50
14.00 13.50
10.50 6.00
21.50 8.00
7.00 20.00
5.50 8.50
9.50 8.50
16.00 8.00
24.00 19.00
23.00 17.50
24.00 15.00
12.50 7.00
6.50 20.50
5.50 16.50
20.50 20.50
13.50 22.50
23.00 15.50
15.00 8.00
8.00 20.00
13.00 11.00
7.00 10.00
20.00 10.00
19.00 20.50
21.50 11.50
7.50 12.50
9.00 22.50
12.50 7.50
24.50 13.00
11.50 19.00
6.50 22.50
