# nJobs | nMachines
200 2
# Job Weights
92
76
14
63
80
26
78
99
52
12
45
34
42
81
41
11
63
37
92
38
15
84
64
3
15
71
46
52
65
12
89
27
10
12
76
14
96
71
40
94
31
34
31
40
95
97
89
55
99
56
18
49
26
88
2
31
5
18
39
97
85
88
84
34
73
55
12
77
16
81
81
30
1
77
65
51
71
63
64
6
54
42
60
56
85
71
28
61
25
68
41
88
61
36
76
40
47
38
2
88
43
16
78
9
7
22
41
84
80
93
87
3
87
6
84
43
64
55
97
34
15
20
80
30
11
2
10
86
66
48
29
67
76
56
87
87
44
44
61
65
70
96
17
38
99
57
37
32
33
45
54
39
57
21
29
18
17
38
68
41
78
37
43
97
30
17
4
72
80
22
74
11
31
41
10
64
60
8
7
3
32
60
8
68
12
10
2
28
18
40
10
35
38
74
58
66
74
81
10
51
# P_bar : m1 | m2
14 45
25 22
22 45
45 27
24 21
36 37
10 39
15 29
32 23
29 23
10 45
21 26
32 19
12 35
26 20
22 18
26 42
18 17
23 11
32 12
20 31
21 12
49 20
13 47
32 24
19 44
38 24
26 40
17 41
35 14
29 23
49 31
48 44
12 37
19 28
20 32
47 42
29 26
24 31
30 40
17 49
38 35
29 49
48 23
33 45
12 17
16 20
49 17
24 24
19 19
49 25
24 47
27 43
11 26
22 29
48 27
25 40
31 46
44 27
50 19
34 12
13 47
35 45
10 19
43 11
41 47
32 50
34 24
31 43
34 28
49 45
22 33
30 33
17 34
24 26
44 40
39 20
19 49
50 47
16 45
12 12
31 28
11 26
47 19
25 28
34 32
31 26
41 48
34 43
46 21
32 27
14 20
48 40
43 38
29 11
39 25
22 47
14 20
31 34
32 50
40 38
18 25
18 38
40 28
14 19
36 15
11 49
38 26
40 21
46 15
23 41
20 22
22 34
48 23
14 30
12 24
47 50
25 21
19 18
50 15
14 48
20 12
28 24
41 45
16 49
22 48
42 35
35 21
25 27
17 27
49 46
19 14
38 16
47 19
47 27
29 21
16 32
22 33
28 45
40 33
42 25
40 25
17 48
10 14
24 18
43 45
20 31
16 18
26 28
22 46
31 34
31 19
23 49
16 46
40 38
27 33
39 26
35 30
42 50
43 40
33 12
33 37
16 50
19 43
46 30
46 32
27 50
38 31
20 34
46 43
11 46
41 11
33 27
14 46
10 48
40 23
48 34
50 31
49 45
14 18
34 25
40 16
10 40
44 46
14 19
29 44
13 29
13 24
32 18
20 44
19 47
43 15
46 42
24 40
46 32
39 42
28 31
41 24
35 45
13 17
# P_hat : m1 | m2
7.00 22.50
12.50 11.00
11.00 22.50
22.50 13.50
12.00 10.50
18.00 18.50
5.00 19.50
7.50 14.50
16.00 11.50
14.50 11.50
5.00 22.50
10.50 13.00
16.00 9.50
6.00 17.50
13.00 10.00
11.00 9.00
13.00 21.00
9.00 8.50
11.50 5.50
16.00 6.00
10.00 15.50
10.50 6.00
24.50 10.00
6.50 23.50
16.00 12.00
9.50 22.00
19.00 12.00
13.00 20.00
8.50 20.50
17.50 7.00
14.50 11.50
24.50 15.50
24.00 22.00
6.00 18.50
9.50 14.00
10.00 16.00
23.50 21.00
14.50 13.00
12.00 15.50
15.00 20.00
8.50 24.50
19.00 17.50
14.50 24.50
24.00 11.50
16.50 22.50
6.00 8.50
8.00 10.00
24.50 8.50
12.00 12.00
9.50 9.50
24.50 12.50
12.00 23.50
13.50 21.50
5.50 13.00
11.00 14.50
24.00 13.50
12.50 20.00
15.50 23.00
22.00 13.50
25.00 9.50
17.00 6.00
6.50 23.50
17.50 22.50
5.00 9.50
21.50 5.50
20.50 23.50
16.00 25.00
17.00 12.00
15.50 21.50
17.00 14.00
24.50 22.50
11.00 16.50
15.00 16.50
8.50 17.00
12.00 13.00
22.00 20.00
19.50 10.00
9.50 24.50
25.00 23.50
8.00 22.50
6.00 6.00
15.50 14.00
5.50 13.00
23.50 9.50
12.50 14.00
17.00 16.00
15.50 13.00
20.50 24.00
17.00 21.50
23.00 10.50
16.00 13.50
7.00 10.00
24.00 20.00
21.50 19.00
14.50 5.50
19.50 12.50
11.00 23.50
7.00 10.00
15.50 17.00
16.00 25.00
20.00 19.00
9.00 12.50
9.00 19.00
20.00 14.00
7.00 9.50
18.00 7.50
5.50 24.50
19.00 13.00
20.00 10.50
23.00 7.50
11.50 20.50
10.00 11.00
11.00 17.00
24.00 11.50
7.00 15.00
6.00 12.00
23.50 25.00
12.50 10.50
9.50 9.00
25.00 7.50
7.00 24.00
10.00 6.00
14.00 12.00
20.50 22.50
8.00 24.50
11.00 24.00
21.00 17.50
17.50 10.50
12.50 13.50
8.50 13.50
24.50 23.00
9.50 7.00
19.00 8.00
23.50 9.50
23.50 13.50
14.50 10.50
8.00 16.00
11.00 16.50
14.00 22.50
20.00 16.50
21.00 12.50
20.00 12.50
8.50 24.00
5.00 7.00
12.00 9.00
21.50 22.50
10.00 15.50
8.00 9.00
13.00 14.00
11.00 23.00
15.50 17.00
15.50 9.50
11.50 24.50
8.00 23.00
20.00 19.00
13.50 16.50
19.50 13.00
17.50 15.00
21.00 25.00
21.50 20.00
16.50 6.00
16.50 18.50
8.00 25.00
9.50 21.50
23.00 15.00
23.00 16.00
13.50 25.00
19.00 15.50
10.00 17.00
23.00 21.50
5.50 23.00
20.50 5.50
16.50 13.50
7.00 23.00
5.00 24.00
20.00 11.50
24.00 17.00
25.00 15.50
24.50 22.50
7.00 9.00
17.00 12.50
20.00 8.00
5.00 20.00
22.00 23.00
7.00 9.50
14.50 22.00
6.50 14.50
6.50 12.00
16.00 9.00
10.00 22.00
9.50 23.50
21.50 7.50
23.00 21.00
12.00 20.00
23.00 16.00
19.50 21.00
14.00 15.50
20.50 12.00
17.50 22.50
6.50 8.50
