# nJobs | nMachines
200 2
# Job Weights
92
76
14
63
80
26
78
99
52
12
45
34
42
81
41
11
63
37
92
38
15
84
64
3
15
71
46
52
65
12
89
27
10
12
76
14
96
71
40
94
31
34
31
40
95
97
89
55
99
56
18
49
26
88
2
31
5
18
39
97
85
88
84
34
73
55
12
77
16
81
81
30
1
77
65
51
71
63
64
6
54
42
60
56
85
71
28
61
25
68
41
88
61
36
76
40
47
38
2
88
43
16
78
9
7
22
41
84
80
93
87
3
87
6
84
43
64
55
97
34
15
20
80
30
11
2
10
86
66
48
29
67
76
56
87
87
44
44
61
65
70
96
17
38
99
57
37
32
33
45
54
39
57
21
29
18
17
38
68
41
78
37
43
97
30
17
4
72
80
22
74
11
31
41
10
64
60
8
7
3
32
60
8
68
12
10
2
28
18
40
10
35
38
74
58
66
74
81
10
51
# P_bar : m1 | m2
14 45
25 22
22 45
45 27
24 21
36 37
10 39
15 29
32 23
29 23
10 45
21 26
32 19
12 35
26 20
22 18
26 42
18 17
23 11
32 12
20 31
21 12
49 20
13 47
32 24
19 44
38 24
26 40
17 41
35 14
29 23
49 31
48 44
12 37
19 28
20 32
47 42
29 26
24 31
30 40
17 49
38 35
29 49
48 23
33 45
12 17
16 20
49 17
24 24
19 19
49 25
24 47
27 43
11 26
22 29
48 27
25 40
31 46
44 27
50 19
34 12
13 47
35 45
10 19
43 11
41 47
32 50
34 24
31 43
34 28
49 45
22 33
30 33
17 34
24 26
44 40
39 20
19 49
50 47
16 45
12 12
31 28
11 26
47 19
25 28
34 32
31 26
41 48
34 43
46 21
32 27
14 20
48 40
43 38
29 11
39 25
22 47
14 20
31 34
32 50
40 38
18 25
18 38
40 28
14 19
36 15
11 49
38 26
40 21
46 15
23 41
20 22
22 34
48 23
14 30
12 24
47 50
25 21
19 18
50 15
14 48
20 12
28 24
41 45
16 49
22 48
42 35
35 21
25 27
17 27
49 46
19 14
38 16
47 19
47 27
29 21
16 32
22 33
28 45
40 33
42 25
40 25
17 48
10 14
24 18
43 45
20 31
16 18
26 28
22 46
31 34
31 19
23 49
16 46
40 38
27 33
39 26
35 30
42 50
43 40
33 12
33 37
16 50
19 43
46 30
46 32
27 50
38 31
20 34
46 43
11 46
41 11
33 27
14 46
10 48
40 23
48 34
50 31
49 45
14 18
34 25
40 16
10 40
44 46
14 19
29 44
13 29
13 24
32 18
20 44
19 47
43 15
46 42
24 40
46 32
39 42
28 31
41 24
35 45
13 17
# P_hat : m1 | m2
4.20 13.50
7.50 6.60
6.60 13.50
13.50 8.10
7.20 6.30
10.80 11.10
3.00 11.70
4.50 8.70
9.60 6.90
8.70 6.90
3.00 13.50
6.30 7.80
9.60 5.70
3.60 10.50
7.80 6.00
6.60 5.40
7.80 12.60
5.40 5.10
6.90 3.30
9.60 3.60
6.00 9.30
6.30 3.60
14.70 6.00
3.90 14.10
9.60 7.20
5.70 13.20
11.40 7.20
7.80 12.00
5.10 12.30
10.50 4.20
8.70 6.90
14.70 9.30
14.40 13.20
3.60 11.10
5.70 8.40
6.00 9.60
14.10 12.60
8.70 7.80
7.20 9.30
9.00 12.00
5.10 14.70
11.40 10.50
8.70 14.70
14.40 6.90
9.90 13.50
3.60 5.10
4.80 6.00
14.70 5.10
7.20 7.20
5.70 5.70
14.70 7.50
7.20 14.10
8.10 12.90
3.30 7.80
6.60 8.70
14.40 8.10
7.50 12.00
9.30 13.80
13.20 8.10
15.00 5.70
10.20 3.60
3.90 14.10
10.50 13.50
3.00 5.70
12.90 3.30
12.30 14.10
9.60 15.00
10.20 7.20
9.30 12.90
10.20 8.40
14.70 13.50
6.60 9.90
9.00 9.90
5.10 10.20
7.20 7.80
13.20 12.00
11.70 6.00
5.70 14.70
15.00 14.10
4.80 13.50
3.60 3.60
9.30 8.40
3.30 7.80
14.10 5.70
7.50 8.40
10.20 9.60
9.30 7.80
12.30 14.40
10.20 12.90
13.80 6.30
9.60 8.10
4.20 6.00
14.40 12.00
12.90 11.40
8.70 3.30
11.70 7.50
6.60 14.10
4.20 6.00
9.30 10.20
9.60 15.00
12.00 11.40
5.40 7.50
5.40 11.40
12.00 8.40
4.20 5.70
10.80 4.50
3.30 14.70
11.40 7.80
12.00 6.30
13.80 4.50
6.90 12.30
6.00 6.60
6.60 10.20
14.40 6.90
4.20 9.00
3.60 7.20
14.10 15.00
7.50 6.30
5.70 5.40
15.00 4.50
4.20 14.40
6.00 3.60
8.40 7.20
12.30 13.50
4.80 14.70
6.60 14.40
12.60 10.50
10.50 6.30
7.50 8.10
5.10 8.10
14.70 13.80
5.70 4.20
11.40 4.80
14.10 5.70
14.10 8.10
8.70 6.30
4.80 9.60
6.60 9.90
8.40 13.50
12.00 9.90
12.60 7.50
12.00 7.50
5.10 14.40
3.00 4.20
7.20 5.40
12.90 13.50
6.00 9.30
4.80 5.40
7.80 8.40
6.60 13.80
9.30 10.20
9.30 5.70
6.90 14.70
4.80 13.80
12.00 11.40
8.10 9.90
11.70 7.80
10.50 9.00
12.60 15.00
12.90 12.00
9.90 3.60
9.90 11.10
4.80 15.00
5.70 12.90
13.80 9.00
13.80 9.60
8.10 15.00
11.40 9.30
6.00 10.20
13.80 12.90
3.30 13.80
12.30 3.30
9.90 8.10
4.20 13.80
3.00 14.40
12.00 6.90
14.40 10.20
15.00 9.30
14.70 13.50
4.20 5.40
10.20 7.50
12.00 4.80
3.00 12.00
13.20 13.80
4.20 5.70
8.70 13.20
3.90 8.70
3.90 7.20
9.60 5.40
6.00 13.20
5.70 14.10
12.90 4.50
13.80 12.60
7.20 12.00
13.80 9.60
11.70 12.60
8.40 9.30
12.30 7.20
10.50 13.50
3.90 5.10
