# nJobs | nMachines
200 2
# Job Weights
21
69
99
40
50
24
75
17
4
72
19
98
22
65
82
46
90
70
19
24
11
7
86
97
90
33
82
19
88
29
87
85
66
20
54
59
97
70
94
95
41
16
82
52
92
41
35
31
46
28
3
31
29
95
22
77
32
31
22
57
98
64
48
51
100
29
18
8
4
80
53
36
70
22
47
42
27
83
80
22
37
26
61
26
28
45
32
68
45
14
82
27
67
95
48
18
64
91
76
56
86
42
35
91
72
78
68
34
18
21
90
84
11
58
2
36
22
95
51
74
71
59
63
85
82
38
46
22
61
72
7
7
3
92
48
87
89
72
15
95
91
14
9
31
76
26
28
38
7
40
55
83
27
8
47
28
98
32
19
12
8
89
49
21
19
50
92
10
97
14
46
83
53
96
21
37
72
63
76
46
84
72
92
52
18
24
7
9
72
44
62
22
30
90
55
80
16
89
42
63
# P_bar : m1 | m2
49 50
22 39
27 10
14 37
29 42
42 12
12 29
32 20
40 33
28 19
28 34
20 47
21 38
49 13
19 44
46 38
11 17
28 20
24 42
19 23
26 44
27 28
15 14
36 47
24 49
39 28
28 46
37 18
36 28
38 32
50 43
42 25
19 45
30 46
41 46
13 34
40 48
28 17
33 41
27 17
10 36
33 17
40 38
23 23
49 15
19 42
45 18
23 27
22 10
44 36
42 18
20 16
39 28
46 32
35 48
36 14
41 42
45 23
49 26
26 50
20 46
27 29
13 29
27 29
33 50
36 19
32 32
31 43
17 20
28 32
32 12
22 48
17 49
15 26
40 21
23 13
15 20
47 47
50 49
17 24
44 31
46 11
19 36
50 33
27 33
38 45
37 28
39 11
23 14
39 34
43 28
44 37
37 15
16 13
44 49
11 50
30 43
22 10
11 15
10 31
24 12
47 40
22 22
26 49
45 35
42 40
45 11
50 50
30 47
24 35
11 37
39 32
26 27
28 46
19 31
20 48
24 41
19 17
45 42
20 26
48 20
20 24
37 10
10 23
43 23
28 43
50 15
18 21
50 23
34 48
11 20
37 22
23 15
31 42
39 48
25 18
19 19
43 32
11 21
32 21
22 32
21 34
12 25
41 34
19 48
44 18
43 37
29 16
42 11
27 44
22 38
18 26
50 13
47 17
40 34
26 28
17 16
23 33
39 21
50 15
34 10
13 21
45 10
15 22
39 40
27 20
14 46
27 15
47 45
45 39
36 39
41 39
18 13
49 10
29 37
36 34
14 41
48 28
32 29
29 36
34 48
37 35
35 22
10 40
23 48
38 20
36 18
11 12
37 39
22 42
43 19
46 47
22 42
45 39
20 13
31 18
32 37
19 17
25 34
19 38
# P_hat : m1 | m2
4.90 5.00
2.20 3.90
2.70 1.00
1.40 3.70
2.90 4.20
4.20 1.20
1.20 2.90
3.20 2.00
4.00 3.30
2.80 1.90
2.80 3.40
2.00 4.70
2.10 3.80
4.90 1.30
1.90 4.40
4.60 3.80
1.10 1.70
2.80 2.00
2.40 4.20
1.90 2.30
2.60 4.40
2.70 2.80
1.50 1.40
3.60 4.70
2.40 4.90
3.90 2.80
2.80 4.60
3.70 1.80
3.60 2.80
3.80 3.20
5.00 4.30
4.20 2.50
1.90 4.50
3.00 4.60
4.10 4.60
1.30 3.40
4.00 4.80
2.80 1.70
3.30 4.10
2.70 1.70
1.00 3.60
3.30 1.70
4.00 3.80
2.30 2.30
4.90 1.50
1.90 4.20
4.50 1.80
2.30 2.70
2.20 1.00
4.40 3.60
4.20 1.80
2.00 1.60
3.90 2.80
4.60 3.20
3.50 4.80
3.60 1.40
4.10 4.20
4.50 2.30
4.90 2.60
2.60 5.00
2.00 4.60
2.70 2.90
1.30 2.90
2.70 2.90
3.30 5.00
3.60 1.90
3.20 3.20
3.10 4.30
1.70 2.00
2.80 3.20
3.20 1.20
2.20 4.80
1.70 4.90
1.50 2.60
4.00 2.10
2.30 1.30
1.50 2.00
4.70 4.70
5.00 4.90
1.70 2.40
4.40 3.10
4.60 1.10
1.90 3.60
5.00 3.30
2.70 3.30
3.80 4.50
3.70 2.80
3.90 1.10
2.30 1.40
3.90 3.40
4.30 2.80
4.40 3.70
3.70 1.50
1.60 1.30
4.40 4.90
1.10 5.00
3.00 4.30
2.20 1.00
1.10 1.50
1.00 3.10
2.40 1.20
4.70 4.00
2.20 2.20
2.60 4.90
4.50 3.50
4.20 4.00
4.50 1.10
5.00 5.00
3.00 4.70
2.40 3.50
1.10 3.70
3.90 3.20
2.60 2.70
2.80 4.60
1.90 3.10
2.00 4.80
2.40 4.10
1.90 1.70
4.50 4.20
2.00 2.60
4.80 2.00
2.00 2.40
3.70 1.00
1.00 2.30
4.30 2.30
2.80 4.30
5.00 1.50
1.80 2.10
5.00 2.30
3.40 4.80
1.10 2.00
3.70 2.20
2.30 1.50
3.10 4.20
3.90 4.80
2.50 1.80
1.90 1.90
4.30 3.20
1.10 2.10
3.20 2.10
2.20 3.20
2.10 3.40
1.20 2.50
4.10 3.40
1.90 4.80
4.40 1.80
4.30 3.70
2.90 1.60
4.20 1.10
2.70 4.40
2.20 3.80
1.80 2.60
5.00 1.30
4.70 1.70
4.00 3.40
2.60 2.80
1.70 1.60
2.30 3.30
3.90 2.10
5.00 1.50
3.40 1.00
1.30 2.10
4.50 1.00
1.50 2.20
3.90 4.00
2.70 2.00
1.40 4.60
2.70 1.50
4.70 4.50
4.50 3.90
3.60 3.90
4.10 3.90
1.80 1.30
4.90 1.00
2.90 3.70
3.60 3.40
1.40 4.10
4.80 2.80
3.20 2.90
2.90 3.60
3.40 4.80
3.70 3.50
3.50 2.20
1.00 4.00
2.30 4.80
3.80 2.00
3.60 1.80
1.10 1.20
3.70 3.90
2.20 4.20
4.30 1.90
4.60 4.70
2.20 4.20
4.50 3.90
2.00 1.30
3.10 1.80
3.20 3.70
1.90 1.70
2.50 3.40
1.90 3.80
