# nJobs | nMachines
200 2
# Job Weights
6
65
91
62
24
94
25
65
34
72
95
66
40
95
93
79
12
84
80
47
92
16
50
9
61
8
92
48
5
11
82
100
95
7
95
73
54
73
89
53
73
22
42
16
74
79
59
67
64
28
73
69
29
87
14
97
70
49
14
96
68
92
21
83
66
58
54
54
91
48
65
76
51
69
89
56
22
94
18
86
14
8
17
4
16
56
42
9
69
78
85
68
10
28
67
8
7
54
55
17
13
84
63
78
57
85
85
79
44
11
73
32
45
75
13
77
73
35
11
85
33
19
39
55
7
87
23
35
62
51
83
95
8
79
61
90
15
65
25
53
2
20
23
6
31
20
62
61
85
51
74
31
22
3
89
31
29
1
89
83
51
72
34
37
21
86
37
68
47
3
26
60
36
83
82
90
7
21
38
36
23
56
51
34
93
50
12
17
76
95
51
40
74
20
43
22
19
7
57
32
# P_bar : m1 | m2
32 34
35 42
38 49
45 38
40 10
34 23
29 25
36 23
23 47
24 27
40 25
40 19
27 18
21 30
10 18
49 32
10 24
47 23
22 41
41 32
28 39
31 46
37 48
19 39
14 46
31 41
48 33
15 30
13 23
12 20
24 14
20 37
12 47
50 14
38 40
33 24
22 44
30 37
18 23
41 37
41 26
25 12
42 44
46 48
24 18
10 31
25 26
48 37
18 12
37 40
18 16
41 44
24 35
48 36
31 27
50 23
13 27
19 43
18 45
16 27
49 41
27 32
32 48
45 21
29 10
36 33
17 16
15 49
12 41
12 25
15 50
45 12
24 25
14 15
12 21
24 46
20 27
28 19
26 25
16 26
25 24
22 31
11 43
41 40
32 23
46 14
33 37
35 22
25 13
44 42
18 34
17 30
10 48
48 16
30 25
18 14
10 15
47 17
17 13
50 28
24 42
16 39
25 11
43 39
29 39
50 19
36 19
35 31
34 31
34 31
25 27
38 35
10 39
27 45
13 44
26 26
35 13
30 41
16 33
20 13
32 47
50 32
24 31
48 29
46 42
45 20
36 49
33 21
29 50
35 28
20 46
48 16
50 30
18 30
32 37
12 24
10 39
50 30
21 37
38 48
22 39
50 45
49 24
13 35
13 15
13 31
17 46
42 27
36 39
27 39
16 34
34 36
42 32
48 28
31 45
38 36
42 39
50 32
50 43
41 24
13 42
16 23
27 28
26 11
21 46
13 10
39 32
32 17
25 20
33 30
14 15
11 33
44 34
37 16
28 30
26 20
17 10
47 40
33 13
31 50
17 30
44 30
47 37
44 26
39 12
26 24
16 26
16 42
28 34
33 17
10 29
13 25
35 21
22 23
19 17
19 28
13 30
18 12
30 47
38 46
# P_hat : m1 | m2
9.60 10.20
10.50 12.60
11.40 14.70
13.50 11.40
12.00 3.00
10.20 6.90
8.70 7.50
10.80 6.90
6.90 14.10
7.20 8.10
12.00 7.50
12.00 5.70
8.10 5.40
6.30 9.00
3.00 5.40
14.70 9.60
3.00 7.20
14.10 6.90
6.60 12.30
12.30 9.60
8.40 11.70
9.30 13.80
11.10 14.40
5.70 11.70
4.20 13.80
9.30 12.30
14.40 9.90
4.50 9.00
3.90 6.90
3.60 6.00
7.20 4.20
6.00 11.10
3.60 14.10
15.00 4.20
11.40 12.00
9.90 7.20
6.60 13.20
9.00 11.10
5.40 6.90
12.30 11.10
12.30 7.80
7.50 3.60
12.60 13.20
13.80 14.40
7.20 5.40
3.00 9.30
7.50 7.80
14.40 11.10
5.40 3.60
11.10 12.00
5.40 4.80
12.30 13.20
7.20 10.50
14.40 10.80
9.30 8.10
15.00 6.90
3.90 8.10
5.70 12.90
5.40 13.50
4.80 8.10
14.70 12.30
8.10 9.60
9.60 14.40
13.50 6.30
8.70 3.00
10.80 9.90
5.10 4.80
4.50 14.70
3.60 12.30
3.60 7.50
4.50 15.00
13.50 3.60
7.20 7.50
4.20 4.50
3.60 6.30
7.20 13.80
6.00 8.10
8.40 5.70
7.80 7.50
4.80 7.80
7.50 7.20
6.60 9.30
3.30 12.90
12.30 12.00
9.60 6.90
13.80 4.20
9.90 11.10
10.50 6.60
7.50 3.90
13.20 12.60
5.40 10.20
5.10 9.00
3.00 14.40
14.40 4.80
9.00 7.50
5.40 4.20
3.00 4.50
14.10 5.10
5.10 3.90
15.00 8.40
7.20 12.60
4.80 11.70
7.50 3.30
12.90 11.70
8.70 11.70
15.00 5.70
10.80 5.70
10.50 9.30
10.20 9.30
10.20 9.30
7.50 8.10
11.40 10.50
3.00 11.70
8.10 13.50
3.90 13.20
7.80 7.80
10.50 3.90
9.00 12.30
4.80 9.90
6.00 3.90
9.60 14.10
15.00 9.60
7.20 9.30
14.40 8.70
13.80 12.60
13.50 6.00
10.80 14.70
9.90 6.30
8.70 15.00
10.50 8.40
6.00 13.80
14.40 4.80
15.00 9.00
5.40 9.00
9.60 11.10
3.60 7.20
3.00 11.70
15.00 9.00
6.30 11.10
11.40 14.40
6.60 11.70
15.00 13.50
14.70 7.20
3.90 10.50
3.90 4.50
3.90 9.30
5.10 13.80
12.60 8.10
10.80 11.70
8.10 11.70
4.80 10.20
10.20 10.80
12.60 9.60
14.40 8.40
9.30 13.50
11.40 10.80
12.60 11.70
15.00 9.60
15.00 12.90
12.30 7.20
3.90 12.60
4.80 6.90
8.10 8.40
7.80 3.30
6.30 13.80
3.90 3.00
11.70 9.60
9.60 5.10
7.50 6.00
9.90 9.00
4.20 4.50
3.30 9.90
13.20 10.20
11.10 4.80
8.40 9.00
7.80 6.00
5.10 3.00
14.10 12.00
9.90 3.90
9.30 15.00
5.10 9.00
13.20 9.00
14.10 11.10
13.20 7.80
11.70 3.60
7.80 7.20
4.80 7.80
4.80 12.60
8.40 10.20
9.90 5.10
3.00 8.70
3.90 7.50
10.50 6.30
6.60 6.90
5.70 5.10
5.70 8.40
3.90 9.00
5.40 3.60
9.00 14.10
11.40 13.80
