# nJobs | nMachines
200 2
# Job Weights
59
28
8
8
81
75
20
16
5
33
6
49
29
5
39
93
79
12
18
31
72
67
77
14
78
47
64
4
34
27
59
58
40
12
56
15
81
16
89
54
4
44
11
67
8
29
70
55
97
73
52
39
42
83
10
52
38
8
5
8
51
79
64
95
99
73
87
56
96
92
98
47
65
8
68
74
85
71
44
82
82
21
17
31
73
60
97
68
100
13
4
9
66
34
82
21
7
16
94
64
66
64
72
52
14
38
88
85
58
22
70
33
77
4
99
65
1
4
45
90
10
58
6
34
24
44
94
9
70
15
80
85
4
30
30
2
81
30
71
42
14
34
9
4
7
82
38
19
40
73
38
12
45
65
37
20
23
23
59
99
92
91
75
56
99
20
54
70
52
89
19
49
25
9
17
98
37
49
39
70
35
98
85
83
27
90
73
71
66
59
86
63
1
67
88
54
72
72
94
14
# P_bar : m1 | m2
37 24
24 13
48 21
44 35
38 26
30 16
14 34
15 18
16 48
43 26
40 21
50 42
36 40
25 25
16 33
26 12
10 48
47 36
14 23
18 30
13 40
28 49
38 36
13 47
34 44
19 43
19 12
14 22
17 31
26 44
21 26
12 33
23 19
16 39
46 19
10 42
46 45
46 42
44 12
15 50
16 43
26 16
15 45
26 41
33 23
24 33
28 36
38 24
20 40
38 45
46 22
40 25
37 23
28 50
43 17
25 20
36 34
23 42
35 26
48 17
18 25
41 17
50 36
35 41
44 30
45 18
45 36
14 22
32 13
31 32
48 21
21 36
27 24
39 40
47 22
13 36
48 23
50 50
18 35
25 25
39 44
43 35
30 26
15 43
16 27
23 12
33 33
32 22
25 37
15 37
20 13
30 28
16 19
13 50
31 38
44 44
12 32
27 34
32 31
14 19
37 17
45 44
13 15
17 30
49 30
44 48
47 18
14 11
43 31
48 40
23 47
15 11
32 43
28 22
43 47
35 13
40 28
47 44
48 48
27 36
14 21
49 29
17 50
16 10
23 13
19 32
11 18
36 50
26 19
23 31
14 24
31 12
36 43
50 35
32 46
45 24
21 40
24 48
26 38
15 15
40 18
25 23
14 28
15 44
24 41
23 40
21 33
48 49
15 20
28 29
27 43
22 25
32 16
37 36
48 30
43 21
32 31
35 36
12 26
31 47
39 45
30 14
18 16
23 43
29 17
25 22
12 25
45 34
26 12
24 31
16 27
21 31
43 16
48 42
27 39
12 39
22 21
37 24
42 35
24 39
30 23
39 37
50 20
50 12
49 30
34 17
32 30
44 14
15 32
15 35
41 48
23 44
27 21
27 48
50 26
11 10
33 46
14 42
42 47
22 50
# P_hat : m1 | m2
11.10 7.20
7.20 3.90
14.40 6.30
13.20 10.50
11.40 7.80
9.00 4.80
4.20 10.20
4.50 5.40
4.80 14.40
12.90 7.80
12.00 6.30
15.00 12.60
10.80 12.00
7.50 7.50
4.80 9.90
7.80 3.60
3.00 14.40
14.10 10.80
4.20 6.90
5.40 9.00
3.90 12.00
8.40 14.70
11.40 10.80
3.90 14.10
10.20 13.20
5.70 12.90
5.70 3.60
4.20 6.60
5.10 9.30
7.80 13.20
6.30 7.80
3.60 9.90
6.90 5.70
4.80 11.70
13.80 5.70
3.00 12.60
13.80 13.50
13.80 12.60
13.20 3.60
4.50 15.00
4.80 12.90
7.80 4.80
4.50 13.50
7.80 12.30
9.90 6.90
7.20 9.90
8.40 10.80
11.40 7.20
6.00 12.00
11.40 13.50
13.80 6.60
12.00 7.50
11.10 6.90
8.40 15.00
12.90 5.10
7.50 6.00
10.80 10.20
6.90 12.60
10.50 7.80
14.40 5.10
5.40 7.50
12.30 5.10
15.00 10.80
10.50 12.30
13.20 9.00
13.50 5.40
13.50 10.80
4.20 6.60
9.60 3.90
9.30 9.60
14.40 6.30
6.30 10.80
8.10 7.20
11.70 12.00
14.10 6.60
3.90 10.80
14.40 6.90
15.00 15.00
5.40 10.50
7.50 7.50
11.70 13.20
12.90 10.50
9.00 7.80
4.50 12.90
4.80 8.10
6.90 3.60
9.90 9.90
9.60 6.60
7.50 11.10
4.50 11.10
6.00 3.90
9.00 8.40
4.80 5.70
3.90 15.00
9.30 11.40
13.20 13.20
3.60 9.60
8.10 10.20
9.60 9.30
4.20 5.70
11.10 5.10
13.50 13.20
3.90 4.50
5.10 9.00
14.70 9.00
13.20 14.40
14.10 5.40
4.20 3.30
12.90 9.30
14.40 12.00
6.90 14.10
4.50 3.30
9.60 12.90
8.40 6.60
12.90 14.10
10.50 3.90
12.00 8.40
14.10 13.20
14.40 14.40
8.10 10.80
4.20 6.30
14.70 8.70
5.10 15.00
4.80 3.00
6.90 3.90
5.70 9.60
3.30 5.40
10.80 15.00
7.80 5.70
6.90 9.30
4.20 7.20
9.30 3.60
10.80 12.90
15.00 10.50
9.60 13.80
13.50 7.20
6.30 12.00
7.20 14.40
7.80 11.40
4.50 4.50
12.00 5.40
7.50 6.90
4.20 8.40
4.50 13.20
7.20 12.30
6.90 12.00
6.30 9.90
14.40 14.70
4.50 6.00
8.40 8.70
8.10 12.90
6.60 7.50
9.60 4.80
11.10 10.80
14.40 9.00
12.90 6.30
9.60 9.30
10.50 10.80
3.60 7.80
9.30 14.10
11.70 13.50
9.00 4.20
5.40 4.80
6.90 12.90
8.70 5.10
7.50 6.60
3.60 7.50
13.50 10.20
7.80 3.60
7.20 9.30
4.80 8.10
6.30 9.30
12.90 4.80
14.40 12.60
8.10 11.70
3.60 11.70
6.60 6.30
11.10 7.20
12.60 10.50
7.20 11.70
9.00 6.90
11.70 11.10
15.00 6.00
15.00 3.60
14.70 9.00
10.20 5.10
9.60 9.00
13.20 4.20
4.50 9.60
4.50 10.50
12.30 14.40
6.90 13.20
8.10 6.30
8.10 14.40
15.00 7.80
3.30 3.00
9.90 13.80
4.20 12.60
12.60 14.10
6.60 15.00
