# nJobs | nMachines
200 2
# Job Weights
63
4
95
93
49
84
62
78
45
73
56
56
29
12
80
97
39
50
4
98
93
66
80
85
6
29
96
37
77
24
20
45
19
75
32
87
40
84
82
25
10
99
63
9
5
12
54
86
74
96
20
1
81
94
8
74
51
75
6
18
63
57
47
86
61
32
28
33
39
43
65
58
34
35
94
56
75
79
25
26
71
35
100
78
79
37
67
36
3
31
65
44
80
33
82
62
24
77
95
91
75
9
38
8
56
65
64
39
15
85
98
41
97
30
43
36
21
26
39
79
80
94
22
34
88
56
93
2
96
17
34
90
93
86
38
60
9
39
1
75
96
60
83
67
76
65
48
9
62
92
63
11
87
40
11
55
62
78
59
45
75
32
99
72
73
8
78
86
87
29
7
36
4
72
73
47
43
93
58
53
97
53
66
28
17
2
30
84
79
13
92
81
53
58
81
2
53
73
38
33
# P_bar : m1 | m2
39 46
38 42
48 26
20 44
25 21
25 49
25 47
17 21
27 13
24 19
27 30
40 15
32 16
12 33
37 39
23 22
25 45
43 24
16 25
36 18
31 31
48 48
29 26
18 37
16 18
15 45
22 41
24 24
21 18
39 39
47 38
13 11
31 26
24 31
46 40
16 17
41 44
28 42
43 22
25 29
13 21
15 20
26 46
44 39
37 14
12 17
23 49
26 31
50 17
26 20
32 26
23 33
48 46
12 21
31 35
46 26
24 19
46 16
38 20
22 12
26 21
15 49
10 31
35 12
16 24
45 15
35 19
45 22
27 42
40 40
36 23
16 24
34 26
37 10
15 16
15 27
33 29
42 43
13 20
23 14
47 26
26 27
35 48
44 31
15 11
19 20
25 19
49 22
49 32
31 46
41 40
10 50
46 48
37 13
38 49
26 19
40 23
29 10
13 16
33 29
32 32
11 29
44 13
22 29
17 40
22 31
36 16
48 15
32 21
16 42
10 22
11 18
34 26
22 29
33 28
38 34
34 36
28 42
21 31
30 17
29 33
35 22
43 25
16 23
22 29
29 36
21 48
35 49
49 27
46 10
38 20
13 29
43 11
33 17
46 15
14 48
34 50
45 20
28 22
17 19
27 10
33 48
40 22
48 33
46 30
11 30
12 48
46 43
20 44
20 22
48 23
12 25
46 23
19 13
36 40
44 37
40 38
18 37
37 45
49 19
47 19
22 28
23 41
34 32
28 35
16 30
40 31
27 23
15 25
38 17
35 28
18 35
33 41
47 30
24 48
10 25
17 32
12 14
18 47
47 38
32 23
38 40
35 49
38 39
39 21
49 31
32 10
37 18
41 44
10 40
17 39
34 30
20 45
28 20
27 28
45 28
15 20
12 36
47 43
32 39
# P_hat : m1 | m2
7.80 9.20
7.60 8.40
9.60 5.20
4.00 8.80
5.00 4.20
5.00 9.80
5.00 9.40
3.40 4.20
5.40 2.60
4.80 3.80
5.40 6.00
8.00 3.00
6.40 3.20
2.40 6.60
7.40 7.80
4.60 4.40
5.00 9.00
8.60 4.80
3.20 5.00
7.20 3.60
6.20 6.20
9.60 9.60
5.80 5.20
3.60 7.40
3.20 3.60
3.00 9.00
4.40 8.20
4.80 4.80
4.20 3.60
7.80 7.80
9.40 7.60
2.60 2.20
6.20 5.20
4.80 6.20
9.20 8.00
3.20 3.40
8.20 8.80
5.60 8.40
8.60 4.40
5.00 5.80
2.60 4.20
3.00 4.00
5.20 9.20
8.80 7.80
7.40 2.80
2.40 3.40
4.60 9.80
5.20 6.20
10.00 3.40
5.20 4.00
6.40 5.20
4.60 6.60
9.60 9.20
2.40 4.20
6.20 7.00
9.20 5.20
4.80 3.80
9.20 3.20
7.60 4.00
4.40 2.40
5.20 4.20
3.00 9.80
2.00 6.20
7.00 2.40
3.20 4.80
9.00 3.00
7.00 3.80
9.00 4.40
5.40 8.40
8.00 8.00
7.20 4.60
3.20 4.80
6.80 5.20
7.40 2.00
3.00 3.20
3.00 5.40
6.60 5.80
8.40 8.60
2.60 4.00
4.60 2.80
9.40 5.20
5.20 5.40
7.00 9.60
8.80 6.20
3.00 2.20
3.80 4.00
5.00 3.80
9.80 4.40
9.80 6.40
6.20 9.20
8.20 8.00
2.00 10.00
9.20 9.60
7.40 2.60
7.60 9.80
5.20 3.80
8.00 4.60
5.80 2.00
2.60 3.20
6.60 5.80
6.40 6.40
2.20 5.80
8.80 2.60
4.40 5.80
3.40 8.00
4.40 6.20
7.20 3.20
9.60 3.00
6.40 4.20
3.20 8.40
2.00 4.40
2.20 3.60
6.80 5.20
4.40 5.80
6.60 5.60
7.60 6.80
6.80 7.20
5.60 8.40
4.20 6.20
6.00 3.40
5.80 6.60
7.00 4.40
8.60 5.00
3.20 4.60
4.40 5.80
5.80 7.20
4.20 9.60
7.00 9.80
9.80 5.40
9.20 2.00
7.60 4.00
2.60 5.80
8.60 2.20
6.60 3.40
9.20 3.00
2.80 9.60
6.80 10.00
9.00 4.00
5.60 4.40
3.40 3.80
5.40 2.00
6.60 9.60
8.00 4.40
9.60 6.60
9.20 6.00
2.20 6.00
2.40 9.60
9.20 8.60
4.00 8.80
4.00 4.40
9.60 4.60
2.40 5.00
9.20 4.60
3.80 2.60
7.20 8.00
8.80 7.40
8.00 7.60
3.60 7.40
7.40 9.00
9.80 3.80
9.40 3.80
4.40 5.60
4.60 8.20
6.80 6.40
5.60 7.00
3.20 6.00
8.00 6.20
5.40 4.60
3.00 5.00
7.60 3.40
7.00 5.60
3.60 7.00
6.60 8.20
9.40 6.00
4.80 9.60
2.00 5.00
3.40 6.40
2.40 2.80
3.60 9.40
9.40 7.60
6.40 4.60
7.60 8.00
7.00 9.80
7.60 7.80
7.80 4.20
9.80 6.20
6.40 2.00
7.40 3.60
8.20 8.80
2.00 8.00
3.40 7.80
6.80 6.00
4.00 9.00
5.60 4.00
5.40 5.60
9.00 5.60
3.00 4.00
2.40 7.20
9.40 8.60
6.40 7.80
