# nJobs | nMachines
200 2
# Job Weights
79
43
100
88
26
75
7
74
57
86
64
30
90
22
8
12
7
22
50
24
47
100
60
52
18
63
55
68
14
4
98
59
26
87
44
48
24
7
91
83
5
72
19
39
53
2
79
46
30
72
70
50
3
9
45
80
11
76
22
63
69
46
10
38
92
34
2
41
84
57
23
36
52
37
28
65
71
77
17
61
64
91
52
97
9
85
34
5
77
69
94
16
24
56
32
52
81
18
70
21
31
66
59
60
28
88
67
96
67
85
3
59
64
36
85
3
60
14
19
28
52
1
50
52
33
12
5
10
77
12
35
30
91
4
27
27
64
43
77
86
81
80
19
4
21
25
5
52
57
88
59
60
40
73
84
3
68
35
31
27
4
58
51
32
75
97
22
9
34
70
63
75
93
58
20
84
82
55
66
78
16
100
40
58
87
44
20
65
88
1
100
92
79
16
41
92
72
89
85
3
# P_bar : m1 | m2
33 10
34 16
38 22
49 12
23 45
41 22
44 45
21 33
24 10
42 22
21 26
21 17
46 42
35 27
41 23
44 25
44 33
40 33
36 17
20 42
14 10
19 45
22 39
38 20
43 13
15 44
29 37
21 16
47 29
39 20
45 49
43 36
39 45
15 31
43 43
14 26
38 34
50 43
13 21
47 47
23 16
12 37
42 30
30 34
11 20
22 28
27 32
50 24
27 23
45 16
13 43
47 45
24 10
14 10
40 20
11 28
26 46
49 40
37 50
11 32
24 17
25 20
50 39
34 48
43 41
40 20
24 38
27 23
46 10
31 13
41 19
28 47
15 20
14 36
30 12
17 21
27 41
40 33
13 13
17 11
19 25
24 19
33 45
33 14
38 44
45 18
42 41
44 32
14 39
29 36
41 35
34 15
25 46
47 48
23 14
33 28
31 42
13 17
38 38
37 35
35 11
36 22
24 22
17 38
31 11
44 38
49 28
17 37
44 45
21 33
24 16
45 15
15 11
15 45
41 25
18 30
14 36
13 45
16 15
39 45
10 30
40 23
34 18
14 32
10 26
49 23
41 31
27 17
50 31
27 38
42 12
13 31
13 13
17 15
44 32
48 42
41 38
31 42
18 31
45 36
34 35
45 39
22 27
49 45
31 16
37 39
44 43
23 35
11 15
40 47
13 36
38 20
32 39
23 50
26 46
17 47
45 10
37 49
37 48
25 33
42 14
27 37
10 33
26 44
50 11
24 40
37 31
10 22
35 50
11 28
42 38
13 33
32 31
45 45
33 13
47 47
22 13
49 46
28 18
48 27
28 26
25 41
22 14
23 11
41 24
24 25
10 20
47 47
50 29
38 47
44 42
13 34
15 14
24 27
22 28
46 42
30 22
49 44
44 21
19 43
# P_hat : m1 | m2
13.20 4.00
13.60 6.40
15.20 8.80
19.60 4.80
9.20 18.00
16.40 8.80
17.60 18.00
8.40 13.20
9.60 4.00
16.80 8.80
8.40 10.40
8.40 6.80
18.40 16.80
14.00 10.80
16.40 9.20
17.60 10.00
17.60 13.20
16.00 13.20
14.40 6.80
8.00 16.80
5.60 4.00
7.60 18.00
8.80 15.60
15.20 8.00
17.20 5.20
6.00 17.60
11.60 14.80
8.40 6.40
18.80 11.60
15.60 8.00
18.00 19.60
17.20 14.40
15.60 18.00
6.00 12.40
17.20 17.20
5.60 10.40
15.20 13.60
20.00 17.20
5.20 8.40
18.80 18.80
9.20 6.40
4.80 14.80
16.80 12.00
12.00 13.60
4.40 8.00
8.80 11.20
10.80 12.80
20.00 9.60
10.80 9.20
18.00 6.40
5.20 17.20
18.80 18.00
9.60 4.00
5.60 4.00
16.00 8.00
4.40 11.20
10.40 18.40
19.60 16.00
14.80 20.00
4.40 12.80
9.60 6.80
10.00 8.00
20.00 15.60
13.60 19.20
17.20 16.40
16.00 8.00
9.60 15.20
10.80 9.20
18.40 4.00
12.40 5.20
16.40 7.60
11.20 18.80
6.00 8.00
5.60 14.40
12.00 4.80
6.80 8.40
10.80 16.40
16.00 13.20
5.20 5.20
6.80 4.40
7.60 10.00
9.60 7.60
13.20 18.00
13.20 5.60
15.20 17.60
18.00 7.20
16.80 16.40
17.60 12.80
5.60 15.60
11.60 14.40
16.40 14.00
13.60 6.00
10.00 18.40
18.80 19.20
9.20 5.60
13.20 11.20
12.40 16.80
5.20 6.80
15.20 15.20
14.80 14.00
14.00 4.40
14.40 8.80
9.60 8.80
6.80 15.20
12.40 4.40
17.60 15.20
19.60 11.20
6.80 14.80
17.60 18.00
8.40 13.20
9.60 6.40
18.00 6.00
6.00 4.40
6.00 18.00
16.40 10.00
7.20 12.00
5.60 14.40
5.20 18.00
6.40 6.00
15.60 18.00
4.00 12.00
16.00 9.20
13.60 7.20
5.60 12.80
4.00 10.40
19.60 9.20
16.40 12.40
10.80 6.80
20.00 12.40
10.80 15.20
16.80 4.80
5.20 12.40
5.20 5.20
6.80 6.00
17.60 12.80
19.20 16.80
16.40 15.20
12.40 16.80
7.20 12.40
18.00 14.40
13.60 14.00
18.00 15.60
8.80 10.80
19.60 18.00
12.40 6.40
14.80 15.60
17.60 17.20
9.20 14.00
4.40 6.00
16.00 18.80
5.20 14.40
15.20 8.00
12.80 15.60
9.20 20.00
10.40 18.40
6.80 18.80
18.00 4.00
14.80 19.60
14.80 19.20
10.00 13.20
16.80 5.60
10.80 14.80
4.00 13.20
10.40 17.60
20.00 4.40
9.60 16.00
14.80 12.40
4.00 8.80
14.00 20.00
4.40 11.20
16.80 15.20
5.20 13.20
12.80 12.40
18.00 18.00
13.20 5.20
18.80 18.80
8.80 5.20
19.60 18.40
11.20 7.20
19.20 10.80
11.20 10.40
10.00 16.40
8.80 5.60
9.20 4.40
16.40 9.60
9.60 10.00
4.00 8.00
18.80 18.80
20.00 11.60
15.20 18.80
17.60 16.80
5.20 13.60
6.00 5.60
9.60 10.80
8.80 11.20
18.40 16.80
12.00 8.80
19.60 17.60
17.60 8.40
7.60 17.20
