# nJobs | nMachines
10 5
# Job Weights
86
51
66
27
80
15
94
29
11
81
# P_bar : m1 | m2 | m3 | m4 | m5
23 13 49 20 30
18 40 25 16 44
41 27 23 48 39
10 49 20 22 48
16 39 19 41 36
26 34 28 50 45
11 25 29 40 33
50 16 38 19 19
21 22 17 18 26
39 44 28 21 28
# P_hat : m1 | m2 | m3 | m4 | m5
4.60 2.60 9.80 4.00 6.00
3.60 8.00 5.00 3.20 8.80
8.20 5.40 4.60 9.60 7.80
2.00 9.80 4.00 4.40 9.60
3.20 7.80 3.80 8.20 7.20
5.20 6.80 5.60 10.00 9.00
2.20 5.00 5.80 8.00 6.60
10.00 3.20 7.60 3.80 3.80
4.20 4.40 3.40 3.60 5.20
7.80 8.80 5.60 4.20 5.60
