# nJobs | nMachines
10 5
# Job Weights
18
43
21
60
73
32
2
15
78
87
# P_bar : m1 | m2 | m3 | m4 | m5
31 47 32 28 43
33 31 29 13 32
45 28 34 40 10
38 21 30 39 13
45 42 14 23 27
23 20 27 29 27
28 46 34 25 28
28 48 40 33 19
15 35 35 17 27
34 40 38 18 30
# P_hat : m1 | m2 | m3 | m4 | m5
6.20 9.40 6.40 5.60 8.60
6.60 6.20 5.80 2.60 6.40
9.00 5.60 6.80 8.00 2.00
7.60 4.20 6.00 7.80 2.60
9.00 8.40 2.80 4.60 5.40
4.60 4.00 5.40 5.80 5.40
5.60 9.20 6.80 5.00 5.60
5.60 9.60 8.00 6.60 3.80
3.00 7.00 7.00 3.40 5.40
6.80 8.00 7.60 3.60 6.00
