# nJobs | nMachines
10 5
# Job Weights
96
52
5
16
42
43
54
22
87
68
# P_bar : m1 | m2 | m3 | m4 | m5
42 32 49 36 33
46 32 47 43 23
12 23 16 25 39
47 15 29 41 19
40 32 22 28 36
32 26 16 19 44
33 17 35 28 23
11 35 42 38 43
46 44 42 50 15
41 37 31 36 10
# P_hat : m1 | m2 | m3 | m4 | m5
8.40 6.40 9.80 7.20 6.60
9.20 6.40 9.40 8.60 4.60
2.40 4.60 3.20 5.00 7.80
9.40 3.00 5.80 8.20 3.80
8.00 6.40 4.40 5.60 7.20
6.40 5.20 3.20 3.80 8.80
6.60 3.40 7.00 5.60 4.60
2.20 7.00 8.40 7.60 8.60
9.20 8.80 8.40 10.00 3.00
8.20 7.40 6.20 7.20 2.00
