# nJobs | nMachines
10 5
# Job Weights
37
10
34
9
42
91
37
59
66
78
# P_bar : m1 | m2 | m3 | m4 | m5
20 44 17 37 29
30 47 20 23 50
11 47 46 26 13
41 20 27 30 15
21 12 18 12 25
27 34 48 42 48
42 14 14 30 12
35 35 10 26 20
12 10 30 36 41
37 12 40 46 20
# P_hat : m1 | m2 | m3 | m4 | m5
4.00 8.80 3.40 7.40 5.80
6.00 9.40 4.00 4.60 10.00
2.20 9.40 9.20 5.20 2.60
8.20 4.00 5.40 6.00 3.00
4.20 2.40 3.60 2.40 5.00
5.40 6.80 9.60 8.40 9.60
8.40 2.80 2.80 6.00 2.40
7.00 7.00 2.00 5.20 4.00
2.40 2.00 6.00 7.20 8.20
7.40 2.40 8.00 9.20 4.00
