# nJobs | nMachines
10 5
# Job Weights
50
40
13
1
36
39
60
48
52
60
# P_bar : m1 | m2 | m3 | m4 | m5
46 10 21 28 17
37 21 32 34 18
19 37 45 14 31
16 14 16 27 36
25 46 11 37 17
24 33 41 28 34
34 25 38 17 37
43 13 25 48 25
35 34 13 41 12
11 23 45 40 42
# P_hat : m1 | m2 | m3 | m4 | m5
9.20 2.00 4.20 5.60 3.40
7.40 4.20 6.40 6.80 3.60
3.80 7.40 9.00 2.80 6.20
3.20 2.80 3.20 5.40 7.20
5.00 9.20 2.20 7.40 3.40
4.80 6.60 8.20 5.60 6.80
6.80 5.00 7.60 3.40 7.40
8.60 2.60 5.00 9.60 5.00
7.00 6.80 2.60 8.20 2.40
2.20 4.60 9.00 8.00 8.40
