# nJobs | nMachines
10 5
# Job Weights
26
35
72
1
2
6
64
5
89
51
# P_bar : m1 | m2 | m3 | m4 | m5
13 39 32 45 50
25 27 22 45 13
49 15 43 19 49
41 45 36 17 37
29 22 32 42 21
47 24 32 38 38
49 29 41 38 38
11 48 26 40 42
23 46 41 32 11
18 21 41 50 43
# P_hat : m1 | m2 | m3 | m4 | m5
2.60 7.80 6.40 9.00 10.00
5.00 5.40 4.40 9.00 2.60
9.80 3.00 8.60 3.80 9.80
8.20 9.00 7.20 3.40 7.40
5.80 4.40 6.40 8.40 4.20
9.40 4.80 6.40 7.60 7.60
9.80 5.80 8.20 7.60 7.60
2.20 9.60 5.20 8.00 8.40
4.60 9.20 8.20 6.40 2.20
3.60 4.20 8.20 10.00 8.60
