# nJobs | nMachines
20 5
# Job Weights
20
45
55
36
48
48
36
90
90
48
6
65
91
26
37
28
4
84
14
23
# P_bar : m1 | m2 | m3 | m4 | m5
77 39 14 11 83
94 31 21 2 13
9 46 15 36 84
57 18 10 30 46
29 93 85 89 20
79 58 46 10 33
55 85 42 88 74
73 58 18 22 42
65 97 36 31 33
86 10 2 9 71
25 79 44 43 32
39 93 89 91 48
76 2 6 26 42
24 87 3 3 99
38 17 1 75 7
5 18 43 99 54
91 10 81 63 8
29 50 57 83 73
22 8 76 70 30
27 26 59 84 75
# P_hat : m1 | m2 | m3 | m4 | m5
15.40 7.80 2.80 2.20 16.60
18.80 6.20 4.20 0.40 2.60
1.80 9.20 3.00 7.20 16.80
11.40 3.60 2.00 6.00 9.20
5.80 18.60 17.00 17.80 4.00
15.80 11.60 9.20 2.00 6.60
11.00 17.00 8.40 17.60 14.80
14.60 11.60 3.60 4.40 8.40
13.00 19.40 7.20 6.20 6.60
17.20 2.00 0.40 1.80 14.20
5.00 15.80 8.80 8.60 6.40
7.80 18.60 17.80 18.20 9.60
15.20 0.40 1.20 5.20 8.40
4.80 17.40 0.60 0.60 19.80
7.60 3.40 0.20 15.00 1.40
1.00 3.60 8.60 19.80 10.80
18.20 2.00 16.20 12.60 1.60
5.80 10.00 11.40 16.60 14.60
4.40 1.60 15.20 14.00 6.00
5.40 5.20 11.80 16.80 15.00
