# nJobs | nMachines
10 5
# Job Weights
1
35
27
61
49
51
91
68
72
75
# P_bar : m1 | m2 | m3 | m4 | m5
44 47 30 26 49
40 15 40 44 47
13 26 42 44 19
12 36 21 47 36
16 13 20 30 11
42 33 44 42 21
11 34 31 14 27
38 43 32 21 14
15 10 10 15 42
45 30 26 20 25
# P_hat : m1 | m2 | m3 | m4 | m5
4.40 4.70 3.00 2.60 4.90
4.00 1.50 4.00 4.40 4.70
1.30 2.60 4.20 4.40 1.90
1.20 3.60 2.10 4.70 3.60
1.60 1.30 2.00 3.00 1.10
4.20 3.30 4.40 4.20 2.10
1.10 3.40 3.10 1.40 2.70
3.80 4.30 3.20 2.10 1.40
1.50 1.00 1.00 1.50 4.20
4.50 3.00 2.60 2.00 2.50
