# nJobs | nMachines
10 5
# Job Weights
37
10
34
9
42
91
37
59
66
78
# P_bar : m1 | m2 | m3 | m4 | m5
20 44 17 37 29
30 47 20 23 50
11 47 46 26 13
41 20 27 30 15
21 12 18 12 25
27 34 48 42 48
42 14 14 30 12
35 35 10 26 20
12 10 30 36 41
37 12 40 46 20
# P_hat : m1 | m2 | m3 | m4 | m5
2.00 4.40 1.70 3.70 2.90
3.00 4.70 2.00 2.30 5.00
1.10 4.70 4.60 2.60 1.30
4.10 2.00 2.70 3.00 1.50
2.10 1.20 1.80 1.20 2.50
2.70 3.40 4.80 4.20 4.80
4.20 1.40 1.40 3.00 1.20
3.50 3.50 1.00 2.60 2.00
1.20 1.00 3.00 3.60 4.10
3.70 1.20 4.00 4.60 2.00
