# nJobs | nMachines
10 5
# Job Weights
50
40
13
1
36
39
60
48
52
60
# P_bar : m1 | m2 | m3 | m4 | m5
46 10 21 28 17
37 21 32 34 18
19 37 45 14 31
16 14 16 27 36
25 46 11 37 17
24 33 41 28 34
34 25 38 17 37
43 13 25 48 25
35 34 13 41 12
11 23 45 40 42
# P_hat : m1 | m2 | m3 | m4 | m5
4.60 1.00 2.10 2.80 1.70
3.70 2.10 3.20 3.40 1.80
1.90 3.70 4.50 1.40 3.10
1.60 1.40 1.60 2.70 3.60
2.50 4.60 1.10 3.70 1.70
2.40 3.30 4.10 2.80 3.40
3.40 2.50 3.80 1.70 3.70
4.30 1.30 2.50 4.80 2.50
3.50 3.40 1.30 4.10 1.20
1.10 2.30 4.50 4.00 4.20
